country;variable;percentile;year;value;age;pop
RS;acainc992j;p65p66;1990;568165.69;992;j
RS;acainc992j;p65p66;1991;492486.31;992;j
RS;acainc992j;p65p66;1992;336586.31;992;j
RS;acainc992j;p65p66;1993;217630.7;992;j
RS;acainc992j;p65p66;1994;223516.3;992;j
RS;acainc992j;p65p66;1995;235291.41;992;j
RS;acainc992j;p65p66;1996;236973.7;992;j
RS;acainc992j;p65p66;1997;249874.7;992;j
RS;acainc992j;p65p66;1998;272675.41;992;j
RS;acainc992j;p65p66;1999;308260.09;992;j
RS;acainc992j;p65p66;2000;329151.91;992;j
RS;acainc992j;p65p66;2001;319378.41;992;j
RS;acainc992j;p65p66;2002;336619.19;992;j
RS;acainc992j;p65p66;2003;354262.19;992;j
RS;acainc992j;p65p66;2004;424684.5;992;j
RS;acainc992j;p65p66;2005;477576.81;992;j
RS;acainc992j;p65p66;2006;504761.5;992;j
RS;acainc992j;p65p66;2007;507433.19;992;j
RS;acainc992j;p65p66;2008;545120.88;992;j
RS;acainc992j;p65p66;2009;534778.38;992;j
RS;acainc992j;p65p66;2010;533643.63;992;j
RS;acainc992j;p65p66;2011;537101.63;992;j
RS;acainc992j;p65p66;2012;533366.88;992;j
RS;acainc992j;p65p66;2013;555419.31;992;j
RS;acainc992j;p65p66;2014;526944.19;992;j
RS;acainc992j;p65p66;2015;514506.81;992;j
RS;acainc992j;p65p66;2016;533518.19;992;j
RS;acainc992j;p65p66;2017;533890.88;992;j
RS;acainc992j;p81p100;1990;1171304.9;992;j
RS;acainc992j;p81p100;1991;1011899.2;992;j
RS;acainc992j;p81p100;1992;690024.13;992;j
RS;acainc992j;p81p100;1993;446130.81;992;j
RS;acainc992j;p81p100;1994;457961.19;992;j
RS;acainc992j;p81p100;1995;481851.69;992;j
RS;acainc992j;p81p100;1996;483133.09;992;j
RS;acainc992j;p81p100;1997;507012.81;992;j
RS;acainc992j;p81p100;1998;558940.5;992;j
RS;acainc992j;p81p100;1999;644667.19;992;j
RS;acainc992j;p81p100;2000;710238.0;992;j
RS;acainc992j;p81p100;2001;698709.63;992;j
RS;acainc992j;p81p100;2002;744311.13;992;j
RS;acainc992j;p81p100;2003;789794.88;992;j
RS;acainc992j;p81p100;2004;962971.31;992;j
RS;acainc992j;p81p100;2005;1115861.6;992;j
RS;acainc992j;p81p100;2006;1198606.9;992;j
RS;acainc992j;p81p100;2007;1198552.1;992;j
RS;acainc992j;p81p100;2008;1292691.8;992;j
RS;acainc992j;p81p100;2009;1297917.9;992;j
RS;acainc992j;p81p100;2010;1335352.5;992;j
RS;acainc992j;p81p100;2011;1377059.5;992;j
RS;acainc992j;p81p100;2012;1388833.0;992;j
RS;acainc992j;p81p100;2013;1414540.5;992;j
RS;acainc992j;p81p100;2014;1371652.3;992;j
RS;acainc992j;p81p100;2015;1453765.0;992;j
RS;acainc992j;p81p100;2016;1507656.0;992;j
RS;acainc992j;p81p100;2017;1509480.8;992;j
RS;acainc992j;p89p100;1990;1430896.1;992;j
RS;acainc992j;p89p100;1991;1235842.0;992;j
RS;acainc992j;p89p100;1992;842721.63;992;j
RS;acainc992j;p89p100;1993;545359.0;992;j
RS;acainc992j;p89p100;1994;560307.0;992;j
RS;acainc992j;p89p100;1995;590098.13;992;j
RS;acainc992j;p89p100;1996;591423.31;992;j
RS;acainc992j;p89p100;1997;620400.5;992;j
RS;acainc992j;p89p100;1998;687905.5;992;j
RS;acainc992j;p89p100;1999;799938.69;992;j
RS;acainc992j;p89p100;2000;890426.63;992;j
RS;acainc992j;p89p100;2001;882149.5;992;j
RS;acainc992j;p89p100;2002;941421.69;992;j
RS;acainc992j;p89p100;2003;996046.63;992;j
RS;acainc992j;p89p100;2004;1214677.3;992;j
RS;acainc992j;p89p100;2005;1413226.4;992;j
RS;acainc992j;p89p100;2006;1521565.5;992;j
RS;acainc992j;p89p100;2007;1513060.0;992;j
RS;acainc992j;p89p100;2008;1631186.3;992;j
RS;acainc992j;p89p100;2009;1643812.0;992;j
RS;acainc992j;p89p100;2010;1698842.1;992;j
RS;acainc992j;p89p100;2011;1756887.3;992;j
RS;acainc992j;p89p100;2012;1782293.0;992;j
RS;acainc992j;p89p100;2013;1798434.8;992;j
RS;acainc992j;p89p100;2014;1777523.9;992;j
RS;acainc992j;p89p100;2015;1926001.5;992;j
RS;acainc992j;p89p100;2016;1997476.3;992;j
RS;acainc992j;p89p100;2017;2000137.3;992;j
RS;acainc992j;p99.6p99.7;1990;3405232.5;992;j
RS;acainc992j;p99.6p99.7;1991;2931299.8;992;j
RS;acainc992j;p99.6p99.7;1992;1995278.9;992;j
RS;acainc992j;p99.6p99.7;1993;1294206.3;992;j
RS;acainc992j;p99.6p99.7;1994;1330711.8;992;j
RS;acainc992j;p99.6p99.7;1995;1403158.3;992;j
RS;acainc992j;p99.6p99.7;1996;1400620.0;992;j
RS;acainc992j;p99.6p99.7;1997;1463049.6;992;j
RS;acainc992j;p99.6p99.7;1998;1639608.0;992;j
RS;acainc992j;p99.6p99.7;1999;1960139.0;992;j
RS;acainc992j;p99.6p99.7;2000;2253095.0;992;j
RS;acainc992j;p99.6p99.7;2001;2271867.0;992;j
RS;acainc992j;p99.6p99.7;2002;2442741.3;992;j
RS;acainc992j;p99.6p99.7;2003;2550586.0;992;j
RS;acainc992j;p99.6p99.7;2004;3089112.0;992;j
RS;acainc992j;p99.6p99.7;2005;3618324.5;992;j
RS;acainc992j;p99.6p99.7;2006;3924089.5;992;j
RS;acainc992j;p99.6p99.7;2007;3836566.5;992;j
RS;acainc992j;p99.6p99.7;2008;4115998.5;992;j
RS;acainc992j;p99.6p99.7;2009;4233186.5;992;j
RS;acainc992j;p99.6p99.7;2010;4376927.5;992;j
RS;acainc992j;p99.6p99.7;2011;4532516.0;992;j
RS;acainc992j;p99.6p99.7;2012;4811608.5;992;j
RS;acainc992j;p99.6p99.7;2013;4723260.5;992;j
RS;acainc992j;p99.6p99.7;2014;4866381.0;992;j
RS;acainc992j;p99.6p99.7;2015;5440993.0;992;j
RS;acainc992j;p99.6p99.7;2016;5642477.0;992;j
RS;acainc992j;p99.6p99.7;2017;5649563.5;992;j
RS;adiinc992j;p32p33;1990;451156.91;992;j
RS;adiinc992j;p32p33;1991;393587.59;992;j
RS;adiinc992j;p32p33;1992;270930.19;992;j
RS;adiinc992j;p32p33;1993;176517.91;992;j
RS;adiinc992j;p32p33;1994;182758.09;992;j
RS;adiinc992j;p32p33;1995;193825.2;992;j
RS;adiinc992j;p32p33;1996;196738.0;992;j
RS;adiinc992j;p32p33;1997;210272.7;992;j
RS;adiinc992j;p32p33;1998;216490.2;992;j
RS;adiinc992j;p32p33;1999;235049.8;992;j
RS;adiinc992j;p32p33;2000;258082.8;992;j
RS;adiinc992j;p32p33;2001;256781.41;992;j
RS;adiinc992j;p32p33;2002;274688.0;992;j
RS;adiinc992j;p32p33;2003;286105.09;992;j
RS;adiinc992j;p32p33;2004;315796.09;992;j
RS;adiinc992j;p32p33;2005;345983.19;992;j
RS;adiinc992j;p32p33;2006;355818.31;992;j
RS;adiinc992j;p32p33;2007;367241.81;992;j
RS;adiinc992j;p32p33;2008;384663.81;992;j
RS;adiinc992j;p32p33;2009;369433.41;992;j
RS;adiinc992j;p32p33;2010;357616.69;992;j
RS;adiinc992j;p32p33;2011;342730.19;992;j
RS;adiinc992j;p32p33;2012;338241.5;992;j
RS;adiinc992j;p32p33;2013;330247.81;992;j
RS;adiinc992j;p32p33;2014;330788.31;992;j
RS;adiinc992j;p32p33;2015;321481.5;992;j
RS;adiinc992j;p32p33;2016;326707.91;992;j
RS;adiinc992j;p32p33;2017;327990.19;992;j
RS;adiinc992j;p54p55;1990;665376.19;992;j
RS;adiinc992j;p54p55;1991;578833.81;992;j
RS;adiinc992j;p54p55;1992;397062.5;992;j
RS;adiinc992j;p54p55;1993;257642.5;992;j
RS;adiinc992j;p54p55;1994;265452.5;992;j
RS;adiinc992j;p54p55;1995;280059.81;992;j
RS;adiinc992j;p54p55;1996;282729.81;992;j
RS;adiinc992j;p54p55;1997;300236.31;992;j
RS;adiinc992j;p54p55;1998;312655.41;992;j
RS;adiinc992j;p54p55;1999;338245.91;992;j
RS;adiinc992j;p54p55;2000;369693.81;992;j
RS;adiinc992j;p54p55;2001;367807.5;992;j
RS;adiinc992j;p54p55;2002;394401.09;992;j
RS;adiinc992j;p54p55;2003;411752.81;992;j
RS;adiinc992j;p54p55;2004;461148.91;992;j
RS;adiinc992j;p54p55;2005;509133.81;992;j
RS;adiinc992j;p54p55;2006;534061.19;992;j
RS;adiinc992j;p54p55;2007;554700.5;992;j
RS;adiinc992j;p54p55;2008;586636.31;992;j
RS;adiinc992j;p54p55;2009;570711.88;992;j
RS;adiinc992j;p54p55;2010;565713.19;992;j
RS;adiinc992j;p54p55;2011;562851.38;992;j
RS;adiinc992j;p54p55;2012;558992.31;992;j
RS;adiinc992j;p54p55;2013;569720.88;992;j
RS;adiinc992j;p54p55;2014;549212.0;992;j
RS;adiinc992j;p54p55;2015;543040.31;992;j
RS;adiinc992j;p54p55;2016;557997.88;992;j
RS;adiinc992j;p54p55;2017;560959.63;992;j
RS;adiinc992j;p58p59;1990;715374.19;992;j
RS;adiinc992j;p58p59;1991;620924.31;992;j
RS;adiinc992j;p58p59;1992;424670.59;992;j
RS;adiinc992j;p58p59;1993;274784.5;992;j
RS;adiinc992j;p58p59;1994;282470.69;992;j
RS;adiinc992j;p58p59;1995;297670.91;992;j
RS;adiinc992j;p58p59;1996;300030.5;992;j
RS;adiinc992j;p58p59;1997;318007.31;992;j
RS;adiinc992j;p58p59;1998;331832.0;992;j
RS;adiinc992j;p58p59;1999;360181.69;992;j
RS;adiinc992j;p58p59;2000;391593.31;992;j
RS;adiinc992j;p58p59;2001;387742.19;992;j
RS;adiinc992j;p58p59;2002;418579.19;992;j
RS;adiinc992j;p58p59;2003;440205.0;992;j
RS;adiinc992j;p58p59;2004;493660.09;992;j
RS;adiinc992j;p58p59;2005;544461.69;992;j
RS;adiinc992j;p58p59;2006;573378.63;992;j
RS;adiinc992j;p58p59;2007;597596.38;992;j
RS;adiinc992j;p58p59;2008;636568.19;992;j
RS;adiinc992j;p58p59;2009;618042.13;992;j
RS;adiinc992j;p58p59;2010;613282.0;992;j
RS;adiinc992j;p58p59;2011;610649.19;992;j
RS;adiinc992j;p58p59;2012;603637.88;992;j
RS;adiinc992j;p58p59;2013;620504.5;992;j
RS;adiinc992j;p58p59;2014;596375.69;992;j
RS;adiinc992j;p58p59;2015;586027.63;992;j
RS;adiinc992j;p58p59;2016;602848.38;992;j
RS;adiinc992j;p58p59;2017;606206.0;992;j
RS;adiinc992j;p6p7;1990;160698.41;992;j
RS;adiinc992j;p6p7;1991;138823.3;992;j
RS;adiinc992j;p6p7;1992;94909.703;992;j
RS;adiinc992j;p6p7;1993;62107.102;992;j
RS;adiinc992j;p6p7;1994;64960.0;992;j
RS;adiinc992j;p6p7;1995;69551.398;992;j
RS;adiinc992j;p6p7;1996;71470.703;992;j
RS;adiinc992j;p6p7;1997;77012.797;992;j
RS;adiinc992j;p6p7;1998;82680.398;992;j
RS;adiinc992j;p6p7;1999;89536.203;992;j
RS;adiinc992j;p6p7;2000;96380.5;992;j
RS;adiinc992j;p6p7;2001;95407.203;992;j
RS;adiinc992j;p6p7;2002;87328.297;992;j
RS;adiinc992j;p6p7;2003;92956.297;992;j
RS;adiinc992j;p6p7;2004;93392.0;992;j
RS;adiinc992j;p6p7;2005;97486.398;992;j
RS;adiinc992j;p6p7;2006;90582.398;992;j
RS;adiinc992j;p6p7;2007;85967.797;992;j
RS;adiinc992j;p6p7;2008;93957.0;992;j
RS;adiinc992j;p6p7;2009;94544.398;992;j
RS;adiinc992j;p6p7;2010;89635.898;992;j
RS;adiinc992j;p6p7;2011;81036.0;992;j
RS;adiinc992j;p6p7;2012;77465.297;992;j
RS;adiinc992j;p6p7;2013;103815.5;992;j
RS;adiinc992j;p6p7;2014;147462.0;992;j
RS;adiinc992j;p6p7;2015;119700.8;992;j
RS;adiinc992j;p6p7;2016;116055.7;992;j
RS;adiinc992j;p6p7;2017;115877.6;992;j
RS;adiinc992j;p80p100;1990;1567932.1;992;j
RS;adiinc992j;p80p100;1991;1355213.9;992;j
RS;adiinc992j;p80p100;1992;924549.88;992;j
RS;adiinc992j;p80p100;1993;597926.81;992;j
RS;adiinc992j;p80p100;1994;613949.13;992;j
RS;adiinc992j;p80p100;1995;646131.63;992;j
RS;adiinc992j;p80p100;1996;648091.0;992;j
RS;adiinc992j;p80p100;1997;682969.5;992;j
RS;adiinc992j;p80p100;1998;726083.13;992;j
RS;adiinc992j;p80p100;1999;807057.13;992;j
RS;adiinc992j;p80p100;2000;895948.63;992;j
RS;adiinc992j;p80p100;2001;900899.38;992;j
RS;adiinc992j;p80p100;2002;982436.19;992;j
RS;adiinc992j;p80p100;2003;1038545.1;992;j
RS;adiinc992j;p80p100;2004;1192276.3;992;j
RS;adiinc992j;p80p100;2005;1352513.9;992;j
RS;adiinc992j;p80p100;2006;1452206.3;992;j
RS;adiinc992j;p80p100;2007;1494784.3;992;j
RS;adiinc992j;p80p100;2008;1601273.8;992;j
RS;adiinc992j;p80p100;2009;1596479.8;992;j
RS;adiinc992j;p80p100;2010;1636407.3;992;j
RS;adiinc992j;p80p100;2011;1678150.1;992;j
RS;adiinc992j;p80p100;2012;1688178.8;992;j
RS;adiinc992j;p80p100;2013;1722104.4;992;j
RS;adiinc992j;p80p100;2014;1664991.3;992;j
RS;adiinc992j;p80p100;2015;1752962.8;992;j
RS;adiinc992j;p80p100;2016;1821327.8;992;j
RS;adiinc992j;p80p100;2017;1834072.1;992;j
RS;ansrnf992i;p0p100;1997;-50384.301;992;i
RS;ansrnf992i;p0p100;1998;-3527.0;992;i
RS;ansrnf992i;p0p100;1999;7188.3999;992;i
RS;ansrnf992i;p0p100;2000;29506.9;992;i
RS;ansrnf992i;p0p100;2001;-12467.0;992;i
RS;ansrnf992i;p0p100;2002;-24940.199;992;i
RS;ansrnf992i;p0p100;2003;-30771.4;992;i
RS;ansrnf992i;p0p100;2004;14688.1;992;i
RS;ansrnf992i;p0p100;2005;41169.0;992;i
RS;ansrnf992i;p0p100;2006;40874.5;992;i
RS;ansrnf992i;p0p100;2007;34689.398;992;i
RS;ansrnf992i;p0p100;2008;42691.5;992;i
RS;ansrnf992i;p0p100;2009;33751.801;992;i
RS;ansrnf992i;p0p100;2010;45107.102;992;i
RS;ansrnf992i;p0p100;2011;69522.102;992;i
RS;apinnx992i;p0p100;1997;-2176.8999;992;i
RS;apinnx992i;p0p100;1998;-2195.3;992;i
RS;apinnx992i;p0p100;1999;-1282.9;992;i
RS;apinnx992i;p0p100;2000;-1469.0;992;i
RS;apinnx992i;p0p100;2001;-1563.7;992;i
RS;apinnx992i;p0p100;2002;-4645.2002;992;i
RS;apinnx992i;p0p100;2003;-6417.7998;992;i
RS;apinnx992i;p0p100;2004;-8411.0;992;i
RS;apinnx992i;p0p100;2005;-11842.1;992;i
RS;apinnx992i;p0p100;2006;-13278.1;992;i
RS;apinnx992i;p0p100;2007;-27131.5;992;i
RS;apinnx992i;p0p100;2008;-26802.6;992;i
RS;apinnx992i;p0p100;2009;-16552.199;992;i
RS;apinnx992i;p0p100;2010;-21273.301;992;i
RS;apinnx992i;p0p100;2011;-36603.102;992;i
RS;apinnx992i;p0p100;2012;-31860.801;992;i
RS;apinnx992i;p0p100;2013;-38529.398;992;i
RS;apinnx992i;p0p100;2014;-36945.398;992;i
RS;apinnx992i;p0p100;2015;-45384.398;992;i
RS;apinnx992i;p0p100;2016;-52297.699;992;i
RS;apinnx992i;p0p100;2017;-62482.199;992;i
RS;apinnx992i;p0p100;2018;-52849.898;992;i
RS;aprggo999i;p0p100;1997;35328.4;999;i
RS;aprggo999i;p0p100;1998;38888.6;999;i
RS;aprggo999i;p0p100;1999;40003.3;999;i
RS;aprggo999i;p0p100;2000;42778.1;999;i
RS;aprggo999i;p0p100;2001;60125.0;999;i
RS;aprggo999i;p0p100;2002;79049.7;999;i
RS;aprggo999i;p0p100;2003;87655.8;999;i
RS;aprggo999i;p0p100;2004;87546.1;999;i
RS;aprggo999i;p0p100;2005;97462.3;999;i
RS;aprggo999i;p0p100;2006;97361.2;999;i
RS;aprggo999i;p0p100;2007;107706.2;999;i
RS;aprggo999i;p0p100;2008;117536.1;999;i
RS;aprggo999i;p0p100;2009;119676.5;999;i
RS;aprggo999i;p0p100;2010;121408.9;999;i
RS;aprggo999i;p0p100;2011;104810.3;999;i
RS;aprpgo992i;p0p100;1997;925.70001;992;i
RS;aprpgo992i;p0p100;1998;528.29999;992;i
RS;aprpgo992i;p0p100;1999;-692.70001;992;i
RS;aprpgo992i;p0p100;2000;-732.40002;992;i
RS;aprpgo992i;p0p100;2001;-545.90002;992;i
RS;aprpgo992i;p0p100;2002;446.0;992;i
RS;aprpgo992i;p0p100;2003;-914.70001;992;i
RS;aprpgo992i;p0p100;2004;-2020.4;992;i
RS;aprpgo992i;p0p100;2005;-1625.6;992;i
RS;aprpgo992i;p0p100;2006;-2517.5;992;i
RS;aprpgo992i;p0p100;2007;-469.0;992;i
RS;aprpgo992i;p0p100;2008;506.20001;992;i
RS;aprpgo992i;p0p100;2009;-8.6000004;992;i
RS;aprpgo992i;p0p100;2010;-237.10001;992;i
RS;aprpgo992i;p0p100;2011;-2023.0;992;i
RS;aptinc992j;p19p100;1990;874464.69;992;j
RS;aptinc992j;p19p100;1991;759007.63;992;j
RS;aptinc992j;p19p100;1992;519584.09;992;j
RS;aptinc992j;p19p100;1993;336815.31;992;j
RS;aptinc992j;p19p100;1994;346752.41;992;j
RS;aptinc992j;p19p100;1995;365828.0;992;j
RS;aptinc992j;p19p100;1996;368625.0;992;j
RS;aptinc992j;p19p100;1997;390639.91;992;j
RS;aptinc992j;p19p100;1998;409556.0;992;j
RS;aptinc992j;p19p100;1999;448277.31;992;j
RS;aptinc992j;p19p100;2000;493299.09;992;j
RS;aptinc992j;p19p100;2001;492312.09;992;j
RS;aptinc992j;p19p100;2002;532522.38;992;j
RS;aptinc992j;p19p100;2003;560339.13;992;j
RS;aptinc992j;p19p100;2004;632597.38;992;j
RS;aptinc992j;p19p100;2005;707374.38;992;j
RS;aptinc992j;p19p100;2006;749320.5;992;j
RS;aptinc992j;p19p100;2007;775325.0;992;j
RS;aptinc992j;p19p100;2008;828169.13;992;j
RS;aptinc992j;p19p100;2009;815217.81;992;j
RS;aptinc992j;p19p100;2010;818741.63;992;j
RS;aptinc992j;p19p100;2011;823523.19;992;j
RS;aptinc992j;p19p100;2012;823124.31;992;j
RS;aptinc992j;p19p100;2013;844205.19;992;j
RS;aptinc992j;p19p100;2014;827750.13;992;j
RS;aptinc992j;p19p100;2015;833326.19;992;j
RS;aptinc992j;p19p100;2016;859102.0;992;j
RS;aptinc992j;p19p100;2017;864253.0;992;j
RS;aptinc992j;p40p100;1990;1051372.8;992;j
RS;aptinc992j;p40p100;1991;912944.19;992;j
RS;aptinc992j;p40p100;1992;625187.69;992;j
RS;aptinc992j;p40p100;1993;405415.81;992;j
RS;aptinc992j;p40p100;1994;417521.31;992;j
RS;aptinc992j;p40p100;1995;440663.31;992;j
RS;aptinc992j;p40p100;1996;444119.09;992;j
RS;aptinc992j;p40p100;1997;470750.5;992;j
RS;aptinc992j;p40p100;1998;493255.09;992;j
RS;aptinc992j;p40p100;1999;540154.31;992;j
RS;aptinc992j;p40p100;2000;595533.19;992;j
RS;aptinc992j;p40p100;2001;594680.5;992;j
RS;aptinc992j;p40p100;2002;645787.81;992;j
RS;aptinc992j;p40p100;2003;681068.81;992;j
RS;aptinc992j;p40p100;2004;772109.81;992;j
RS;aptinc992j;p40p100;2005;866707.69;992;j
RS;aptinc992j;p40p100;2006;921597.0;992;j
RS;aptinc992j;p40p100;2007;953957.88;992;j
RS;aptinc992j;p40p100;2008;1022758.6;992;j
RS;aptinc992j;p40p100;2009;1009623.9;992;j
RS;aptinc992j;p40p100;2010;1018276.1;992;j
RS;aptinc992j;p40p100;2011;1030345.6;992;j
RS;aptinc992j;p40p100;2012;1031719.3;992;j
RS;aptinc992j;p40p100;2013;1058107.8;992;j
RS;aptinc992j;p40p100;2014;1040947.4;992;j
RS;aptinc992j;p40p100;2015;1043521.3;992;j
RS;aptinc992j;p40p100;2016;1075789.6;992;j
RS;aptinc992j;p40p100;2017;1082367.1;992;j
RS;aptinc992j;p41p100;1990;1060744.9;992;j
RS;aptinc992j;p41p100;1991;921136.38;992;j
RS;aptinc992j;p41p100;1992;630834.63;992;j
RS;aptinc992j;p41p100;1993;409102.91;992;j
RS;aptinc992j;p41p100;1994;421342.41;992;j
RS;aptinc992j;p41p100;1995;444722.81;992;j
RS;aptinc992j;p41p100;1996;448228.91;992;j
RS;aptinc992j;p41p100;1997;475127.31;992;j
RS;aptinc992j;p41p100;1998;497916.69;992;j
RS;aptinc992j;p41p100;1999;545264.13;992;j
RS;aptinc992j;p41p100;2000;601227.5;992;j
RS;aptinc992j;p41p100;2001;600383.81;992;j
RS;aptinc992j;p41p100;2002;652060.31;992;j
RS;aptinc992j;p41p100;2003;687748.31;992;j
RS;aptinc992j;p41p100;2004;779805.38;992;j
RS;aptinc992j;p41p100;2005;875521.69;992;j
RS;aptinc992j;p41p100;2006;931077.69;992;j
RS;aptinc992j;p41p100;2007;963742.31;992;j
RS;aptinc992j;p41p100;2008;1033362.4;992;j
RS;aptinc992j;p41p100;2009;1020175.4;992;j
RS;aptinc992j;p41p100;2010;1029100.4;992;j
RS;aptinc992j;p41p100;2011;1041535.0;992;j
RS;aptinc992j;p41p100;2012;1043006.1;992;j
RS;aptinc992j;p41p100;2013;1069601.3;992;j
RS;aptinc992j;p41p100;2014;1052477.8;992;j
RS;aptinc992j;p41p100;2015;1054864.9;992;j
RS;aptinc992j;p41p100;2016;1087485.3;992;j
RS;aptinc992j;p41p100;2017;1094139.9;992;j
RS;aptinc992j;p52p100;1990;1175325.1;992;j
RS;aptinc992j;p52p100;1991;1021290.3;992;j
RS;aptinc992j;p52p100;1992;699846.38;992;j
RS;aptinc992j;p52p100;1993;454136.5;992;j
RS;aptinc992j;p52p100;1994;468018.0;992;j
RS;aptinc992j;p52p100;1995;494290.91;992;j
RS;aptinc992j;p52p100;1996;498412.31;992;j
RS;aptinc992j;p52p100;1997;528569.0;992;j
RS;aptinc992j;p52p100;1998;554864.5;992;j
RS;aptinc992j;p52p100;1999;607768.81;992;j
RS;aptinc992j;p52p100;2000;671170.31;992;j
RS;aptinc992j;p52p100;2001;670538.0;992;j
RS;aptinc992j;p52p100;2002;729353.38;992;j
RS;aptinc992j;p52p100;2003;770050.38;992;j
RS;aptinc992j;p52p100;2004;874929.63;992;j
RS;aptinc992j;p52p100;2005;984665.63;992;j
RS;aptinc992j;p52p100;2006;1048292.9;992;j
RS;aptinc992j;p52p100;2007;1084554.9;992;j
RS;aptinc992j;p52p100;2008;1164325.8;992;j
RS;aptinc992j;p52p100;2009;1150383.3;992;j
RS;aptinc992j;p52p100;2010;1163559.6;992;j
RS;aptinc992j;p52p100;2011;1180305.9;992;j
RS;aptinc992j;p52p100;2012;1182751.8;992;j
RS;aptinc992j;p52p100;2013;1211143.3;992;j
RS;aptinc992j;p52p100;2014;1195590.3;992;j
RS;aptinc992j;p52p100;2015;1195192.9;992;j
RS;aptinc992j;p52p100;2016;1232179.6;992;j
RS;aptinc992j;p52p100;2017;1239799.9;992;j
RS;asegnf999i;p0p100;1997;-15224.3;999;i
RS;asegnf999i;p0p100;1998;10717.7;999;i
RS;asegnf999i;p0p100;1999;31970.199;999;i
RS;asegnf999i;p0p100;2000;42896.0;999;i
RS;asegnf999i;p0p100;2001;31187.6;999;i
RS;asegnf999i;p0p100;2002;20844.6;999;i
RS;asegnf999i;p0p100;2003;15714.6;999;i
RS;asegnf999i;p0p100;2004;42488.898;999;i
RS;asegnf999i;p0p100;2005;48650.301;999;i
RS;asegnf999i;p0p100;2006;53260.102;999;i
RS;asegnf999i;p0p100;2007;51840.199;999;i
RS;asegnf999i;p0p100;2008;45064.301;999;i
RS;asegnf999i;p0p100;2009;53160.801;999;i
RS;asegnf999i;p0p100;2010;52603.0;999;i
RS;asegnf999i;p0p100;2011;59322.801;999;i
RS;atiwgo992i;p0p100;1997;17354.699;992;i
RS;atiwgo992i;p0p100;1998;14548.3;992;i
RS;atiwgo992i;p0p100;1999;11592.1;992;i
RS;atiwgo992i;p0p100;2000;12100.7;992;i
RS;atiwgo992i;p0p100;2001;27421.4;992;i
RS;atiwgo992i;p0p100;2002;36830.699;992;i
RS;atiwgo992i;p0p100;2003;31875.301;992;i
RS;atiwgo992i;p0p100;2004;38250.102;992;i
RS;atiwgo992i;p0p100;2005;40432.102;992;i
RS;atiwgo992i;p0p100;2006;46630.602;992;i
RS;atiwgo992i;p0p100;2007;44044.5;992;i
RS;atiwgo992i;p0p100;2008;46514.699;992;i
RS;atiwgo992i;p0p100;2009;37700.301;992;i
RS;atiwgo992i;p0p100;2010;36345.602;992;i
RS;atiwgo992i;p0p100;2011;48388.602;992;i
RS;bcainc992j;p18p100;1990;3.5556059;992;j
RS;bcainc992j;p18p100;1991;3.5217986;992;j
RS;bcainc992j;p18p100;1992;3.4821723;992;j
RS;bcainc992j;p18p100;1993;3.4337971;992;j
RS;bcainc992j;p18p100;1994;3.3703151;992;j
RS;bcainc992j;p18p100;1995;3.3011799;992;j
RS;bcainc992j;p18p100;1996;3.2497952;992;j
RS;bcainc992j;p18p100;1997;3.2030017;992;j
RS;bcainc992j;p18p100;1998;2.9637618;992;j
RS;bcainc992j;p18p100;1999;2.9773445;992;j
RS;bcainc992j;p18p100;2000;3.0652149;992;j
RS;bcainc992j;p18p100;2001;3.113131;992;j
RS;bcainc992j;p18p100;2002;3.4668572;992;j
RS;bcainc992j;p18p100;2003;3.4590518;992;j
RS;bcainc992j;p18p100;2004;3.9608688;992;j
RS;bcainc992j;p18p100;2005;4.0374241;992;j
RS;bcainc992j;p18p100;2006;4.5576272;992;j
RS;bcainc992j;p18p100;2007;4.746387;992;j
RS;bcainc992j;p18p100;2008;5.0867167;992;j
RS;bcainc992j;p18p100;2009;5.0483313;992;j
RS;bcainc992j;p18p100;2010;5.9895759;992;j
RS;bcainc992j;p18p100;2011;6.835011;992;j
RS;bcainc992j;p18p100;2012;6.9264379;992;j
RS;bcainc992j;p18p100;2013;8.0326004;992;j
RS;bcainc992j;p18p100;2014;5.4557576;992;j
RS;bcainc992j;p18p100;2015;6.9797959;992;j
RS;bcainc992j;p18p100;2016;6.9660244;992;j
RS;bcainc992j;p18p100;2017;6.9815621;992;j
RS;bcainc992j;p91p100;1990;1.6431016;992;j
RS;bcainc992j;p91p100;1991;1.6360366;992;j
RS;bcainc992j;p91p100;1992;1.6320462;992;j
RS;bcainc992j;p91p100;1993;1.6359223;992;j
RS;bcainc992j;p91p100;1994;1.6375862;992;j
RS;bcainc992j;p91p100;1995;1.6401657;992;j
RS;bcainc992j;p91p100;1996;1.6340601;992;j
RS;bcainc992j;p91p100;1997;1.6280756;992;j
RS;bcainc992j;p91p100;1998;1.6445622;992;j
RS;bcainc992j;p91p100;1999;1.6906724;992;j
RS;bcainc992j;p91p100;2000;1.7523292;992;j
RS;bcainc992j;p91p100;2001;1.789387;992;j
RS;bcainc992j;p91p100;2002;1.8048757;992;j
RS;bcainc992j;p91p100;2003;1.7769424;992;j
RS;bcainc992j;p91p100;2004;1.7625984;992;j
RS;bcainc992j;p91p100;2005;1.7765795;992;j
RS;bcainc992j;p91p100;2006;1.7917929;992;j
RS;bcainc992j;p91p100;2007;1.7602158;992;j
RS;bcainc992j;p91p100;2008;1.7576233;992;j
RS;bcainc992j;p91p100;2009;1.7911961;992;j
RS;bcainc992j;p91p100;2010;1.7955045;992;j
RS;bcainc992j;p91p100;2011;1.8011451;992;j
RS;bcainc992j;p91p100;2012;1.8981011;992;j
RS;bcainc992j;p91p100;2013;1.83472;992;j
RS;bcainc992j;p91p100;2014;1.9700738;992;j
RS;bcainc992j;p91p100;2015;2.1809995;992;j
RS;bcainc992j;p91p100;2016;2.1808546;992;j
RS;bcainc992j;p91p100;2017;2.1815631;992;j
RS;bcainc992j;p99.2p100;1990;1.9658762;992;j
RS;bcainc992j;p99.2p100;1991;1.9307983;992;j
RS;bcainc992j;p99.2p100;1992;1.8858037;992;j
RS;bcainc992j;p99.2p100;1993;1.8579125;992;j
RS;bcainc992j;p99.2p100;1994;1.8396134;992;j
RS;bcainc992j;p99.2p100;1995;1.8244114;992;j
RS;bcainc992j;p99.2p100;1996;1.8047659;992;j
RS;bcainc992j;p99.2p100;1997;1.7840739;992;j
RS;bcainc992j;p99.2p100;1998;1.8098849;992;j
RS;bcainc992j;p99.2p100;1999;1.9049361;992;j
RS;bcainc992j;p99.2p100;2000;1.9265121;992;j
RS;bcainc992j;p99.2p100;2001;2.005408;992;j
RS;bcainc992j;p99.2p100;2002;1.9565037;992;j
RS;bcainc992j;p99.2p100;2003;1.9511797;992;j
RS;bcainc992j;p99.2p100;2004;1.9491656;992;j
RS;bcainc992j;p99.2p100;2005;1.9838864;992;j
RS;bcainc992j;p99.2p100;2006;1.923206;992;j
RS;bcainc992j;p99.2p100;2007;1.8482913;992;j
RS;bcainc992j;p99.2p100;2008;1.782312;992;j
RS;bcainc992j;p99.2p100;2009;1.8783298;992;j
RS;bcainc992j;p99.2p100;2010;1.8381301;992;j
RS;bcainc992j;p99.2p100;2011;1.8152603;992;j
RS;bcainc992j;p99.2p100;2012;2.058207;992;j
RS;bcainc992j;p99.2p100;2013;1.8959953;992;j
RS;bcainc992j;p99.2p100;2014;2.3508425;992;j
RS;bcainc992j;p99.2p100;2015;2.8047447;992;j
RS;bcainc992j;p99.2p100;2016;2.8054109;992;j
RS;bcainc992j;p99.2p100;2017;2.8077817;992;j
RS;bdiinc992j;p13p100;1990;3.5547335;992;j
RS;bdiinc992j;p13p100;1991;3.4978681;992;j
RS;bdiinc992j;p13p100;1992;3.4406543;992;j
RS;bdiinc992j;p13p100;1993;3.3892753;992;j
RS;bdiinc992j;p13p100;1994;3.3316293;992;j
RS;bdiinc992j;p13p100;1995;3.2817204;992;j
RS;bdiinc992j;p13p100;1996;3.2306271;992;j
RS;bdiinc992j;p13p100;1997;3.1729147;992;j
RS;bdiinc992j;p13p100;1998;3.0047739;992;j
RS;bdiinc992j;p13p100;1999;3.0931571;992;j
RS;bdiinc992j;p13p100;2000;3.137351;992;j
RS;bdiinc992j;p13p100;2001;3.1439061;992;j
RS;bdiinc992j;p13p100;2002;3.4453118;992;j
RS;bdiinc992j;p13p100;2003;3.5919828;992;j
RS;bdiinc992j;p13p100;2004;4.1124277;992;j
RS;bdiinc992j;p13p100;2005;4.3988791;992;j
RS;bdiinc992j;p13p100;2006;4.7566361;992;j
RS;bdiinc992j;p13p100;2007;5.0264091;992;j
RS;bdiinc992j;p13p100;2008;5.1687913;992;j
RS;bdiinc992j;p13p100;2009;5.2964816;992;j
RS;bdiinc992j;p13p100;2010;5.8167915;992;j
RS;bdiinc992j;p13p100;2011;6.7312388;992;j
RS;bdiinc992j;p13p100;2012;7.2188969;992;j
RS;bdiinc992j;p13p100;2013;6.4173651;992;j
RS;bdiinc992j;p13p100;2014;4.6128616;992;j
RS;bdiinc992j;p13p100;2015;5.640717;992;j
RS;bdiinc992j;p13p100;2016;5.9475245;992;j
RS;bdiinc992j;p13p100;2017;5.9903269;992;j
RS;bdiinc992j;p3p100;1990;5.9490647;992;j
RS;bdiinc992j;p3p100;1991;5.9121389;992;j
RS;bdiinc992j;p3p100;1992;5.9710021;992;j
RS;bdiinc992j;p3p100;1993;6.014358;992;j
RS;bdiinc992j;p3p100;1994;6.085422;992;j
RS;bdiinc992j;p3p100;1995;6.2130361;992;j
RS;bdiinc992j;p3p100;1996;6.3392568;992;j
RS;bdiinc992j;p3p100;1997;6.5362124;992;j
RS;bdiinc992j;p3p100;1998;6.726953;992;j
RS;bdiinc992j;p3p100;1999;6.9469514;992;j
RS;bdiinc992j;p3p100;2000;6.8848863;992;j
RS;bdiinc992j;p3p100;2001;6.9190698;992;j
RS;bdiinc992j;p3p100;2002;8.6127911;992;j
RS;bdiinc992j;p3p100;2003;8.500782;992;j
RS;bdiinc992j;p3p100;2004;8.6711235;992;j
RS;bdiinc992j;p3p100;2005;9.0263176;992;j
RS;bdiinc992j;p3p100;2006;9.6294355;992;j
RS;bdiinc992j;p3p100;2007;9.497221;992;j
RS;bdiinc992j;p3p100;2008;8.899312;992;j
RS;bdiinc992j;p3p100;2009;8.5684433;992;j
RS;bdiinc992j;p3p100;2010;8.8140774;992;j
RS;bdiinc992j;p3p100;2011;9.5411835;992;j
RS;bdiinc992j;p3p100;2012;9.8003712;992;j
RS;bdiinc992j;p3p100;2013;7.3233867;992;j
RS;bdiinc992j;p3p100;2014;4.9034882;992;j
RS;bdiinc992j;p3p100;2015;6.1545157;992;j
RS;bdiinc992j;p3p100;2016;6.5744557;992;j
RS;bdiinc992j;p3p100;2017;6.6259594;992;j
RS;bdiinc992j;p76p100;1990;1.5367635;992;j
RS;bdiinc992j;p76p100;1991;1.5347096;992;j
RS;bdiinc992j;p76p100;1992;1.5326161;992;j
RS;bdiinc992j;p76p100;1993;1.5312586;992;j
RS;bdiinc992j;p76p100;1994;1.5300878;992;j
RS;bdiinc992j;p76p100;1995;1.5305111;992;j
RS;bdiinc992j;p76p100;1996;1.525437;992;j
RS;bdiinc992j;p76p100;1997;1.5180511;992;j
RS;bdiinc992j;p76p100;1998;1.5447562;992;j
RS;bdiinc992j;p76p100;1999;1.5788218;992;j
RS;bdiinc992j;p76p100;2000;1.6098206;992;j
RS;bdiinc992j;p76p100;2001;1.6315548;992;j
RS;bdiinc992j;p76p100;2002;1.6365566;992;j
RS;bdiinc992j;p76p100;2003;1.6434005;992;j
RS;bdiinc992j;p76p100;2004;1.6578616;992;j
RS;bdiinc992j;p76p100;2005;1.6892803;992;j
RS;bdiinc992j;p76p100;2006;1.7171506;992;j
RS;bdiinc992j;p76p100;2007;1.6914632;992;j
RS;bdiinc992j;p76p100;2008;1.700592;992;j
RS;bdiinc992j;p76p100;2009;1.7248993;992;j
RS;bdiinc992j;p76p100;2010;1.7597651;992;j
RS;bdiinc992j;p76p100;2011;1.7935545;992;j
RS;bdiinc992j;p76p100;2012;1.8127899;992;j
RS;bdiinc992j;p76p100;2013;1.7625;992;j
RS;bdiinc992j;p76p100;2014;1.8186429;992;j
RS;bdiinc992j;p76p100;2015;1.9515644;992;j
RS;bdiinc992j;p76p100;2016;1.9619062;992;j
RS;bdiinc992j;p76p100;2017;1.9637702;992;j
RS;bdiinc992j;p99.9p100;1990;2.0944641;992;j
RS;bdiinc992j;p99.9p100;1991;2.0470159;992;j
RS;bdiinc992j;p99.9p100;1992;1.9833204;992;j
RS;bdiinc992j;p99.9p100;1993;1.9405996;992;j
RS;bdiinc992j;p99.9p100;1994;1.9133493;992;j
RS;bdiinc992j;p99.9p100;1995;1.8902622;992;j
RS;bdiinc992j;p99.9p100;1996;1.8653144;992;j
RS;bdiinc992j;p99.9p100;1997;1.8386512;992;j
RS;bdiinc992j;p99.9p100;1998;1.868551;992;j
RS;bdiinc992j;p99.9p100;1999;1.9817644;992;j
RS;bdiinc992j;p99.9p100;2000;1.9822677;992;j
RS;bdiinc992j;p99.9p100;2001;2.0741773;992;j
RS;bdiinc992j;p99.9p100;2002;1.9999784;992;j
RS;bdiinc992j;p99.9p100;2003;2.0042202;992;j
RS;bdiinc992j;p99.9p100;2004;2.0082166;992;j
RS;bdiinc992j;p99.9p100;2005;2.0501654;992;j
RS;bdiinc992j;p99.9p100;2006;1.9610541;992;j
RS;bdiinc992j;p99.9p100;2007;1.8715289;992;j
RS;bdiinc992j;p99.9p100;2008;1.7845037;992;j
RS;bdiinc992j;p99.9p100;2009;1.900571;992;j
RS;bdiinc992j;p99.9p100;2010;1.8457503;992;j
RS;bdiinc992j;p99.9p100;2011;1.81424;992;j
RS;bdiinc992j;p99.9p100;2012;2.1007845;992;j
RS;bdiinc992j;p99.9p100;2013;1.908953;992;j
RS;bdiinc992j;p99.9p100;2014;2.4638064;992;j
RS;bdiinc992j;p99.9p100;2015;2.9779627;992;j
RS;bdiinc992j;p99.9p100;2016;2.9804602;992;j
RS;bdiinc992j;p99.9p100;2017;2.9831514;992;j
RS;bptinc992j;p17p100;1990;4.0615835;992;j
RS;bptinc992j;p17p100;1991;4.0761409;992;j
RS;bptinc992j;p17p100;1992;4.0867691;992;j
RS;bptinc992j;p17p100;1993;4.1033287;992;j
RS;bptinc992j;p17p100;1994;4.1246562;992;j
RS;bptinc992j;p17p100;1995;4.1420131;992;j
RS;bptinc992j;p17p100;1996;4.1401768;992;j
RS;bptinc992j;p17p100;1997;4.1506448;992;j
RS;bptinc992j;p17p100;1998;3.8957679;992;j
RS;bptinc992j;p17p100;1999;3.9004478;992;j
RS;bptinc992j;p17p100;2000;3.9741049;992;j
RS;bptinc992j;p17p100;2001;3.9633584;992;j
RS;bptinc992j;p17p100;2002;4.4123058;992;j
RS;bptinc992j;p17p100;2003;4.5113201;992;j
RS;bptinc992j;p17p100;2004;4.9557099;992;j
RS;bptinc992j;p17p100;2005;5.2980881;992;j
RS;bptinc992j;p17p100;2006;5.9904618;992;j
RS;bptinc992j;p17p100;2007;6.7337213;992;j
RS;bptinc992j;p17p100;2008;7.6056347;992;j
RS;bptinc992j;p17p100;2009;8.1845417;992;j
RS;bptinc992j;p17p100;2010;9.0549192;992;j
RS;bptinc992j;p17p100;2011;10.708652;992;j
RS;bptinc992j;p17p100;2012;12.250247;992;j
RS;bptinc992j;p17p100;2013;13.392893;992;j
RS;bptinc992j;p17p100;2014;14.128109;992;j
RS;bptinc992j;p17p100;2015;13.153259;992;j
RS;bptinc992j;p17p100;2016;13.120918;992;j
RS;bptinc992j;p17p100;2017;13.257212;992;j
RS;bptinc992j;p35p100;1990;2.2913208;992;j
RS;bptinc992j;p35p100;1991;2.3011041;992;j
RS;bptinc992j;p35p100;1992;2.3092699;992;j
RS;bptinc992j;p35p100;1993;2.3182273;992;j
RS;bptinc992j;p35p100;1994;2.3227072;992;j
RS;bptinc992j;p35p100;1995;2.3321145;992;j
RS;bptinc992j;p35p100;1996;2.3366737;992;j
RS;bptinc992j;p35p100;1997;2.3423901;992;j
RS;bptinc992j;p35p100;1998;2.3815999;992;j
RS;bptinc992j;p35p100;1999;2.3859544;992;j
RS;bptinc992j;p35p100;2000;2.421;992;j
RS;bptinc992j;p35p100;2001;2.4387383;992;j
RS;bptinc992j;p35p100;2002;2.4821734;992;j
RS;bptinc992j;p35p100;2003;2.5177791;992;j
RS;bptinc992j;p35p100;2004;2.5909128;992;j
RS;bptinc992j;p35p100;2005;2.6766727;992;j
RS;bptinc992j;p35p100;2006;2.7418227;992;j
RS;bptinc992j;p35p100;2007;2.7135694;992;j
RS;bptinc992j;p35p100;2008;2.8118799;992;j
RS;bptinc992j;p35p100;2009;2.890471;992;j
RS;bptinc992j;p35p100;2010;3.0187654;992;j
RS;bptinc992j;p35p100;2011;3.1801877;992;j
RS;bptinc992j;p35p100;2012;3.2074957;992;j
RS;bptinc992j;p35p100;2013;3.1989734;992;j
RS;bptinc992j;p35p100;2014;3.3747756;992;j
RS;bptinc992j;p35p100;2015;3.1715798;992;j
RS;bptinc992j;p35p100;2016;3.1724167;992;j
RS;bptinc992j;p35p100;2017;3.1756389;992;j
RS;bptinc992j;p49p100;1990;1.9455435;992;j
RS;bptinc992j;p49p100;1991;1.9558237;992;j
RS;bptinc992j;p49p100;1992;1.9622439;992;j
RS;bptinc992j;p49p100;1993;1.9706337;992;j
RS;bptinc992j;p49p100;1994;1.9796487;992;j
RS;bptinc992j;p49p100;1995;1.9903572;992;j
RS;bptinc992j;p49p100;1996;1.9968175;992;j
RS;bptinc992j;p49p100;1997;2.0019238;992;j
RS;bptinc992j;p49p100;1998;2.039825;992;j
RS;bptinc992j;p49p100;1999;2.0486014;992;j
RS;bptinc992j;p49p100;2000;2.0799706;992;j
RS;bptinc992j;p49p100;2001;2.0969667;992;j
RS;bptinc992j;p49p100;2002;2.1269057;992;j
RS;bptinc992j;p49p100;2003;2.1583683;992;j
RS;bptinc992j;p49p100;2004;2.2053084;992;j
RS;bptinc992j;p49p100;2005;2.2619774;992;j
RS;bptinc992j;p49p100;2006;2.2834532;992;j
RS;bptinc992j;p49p100;2007;2.2831833;992;j
RS;bptinc992j;p49p100;2008;2.3122203;992;j
RS;bptinc992j;p49p100;2009;2.3172858;992;j
RS;bptinc992j;p49p100;2010;2.4026544;992;j
RS;bptinc992j;p49p100;2011;2.4555798;992;j
RS;bptinc992j;p49p100;2012;2.4580147;992;j
RS;bptinc992j;p49p100;2013;2.4287755;992;j
RS;bptinc992j;p49p100;2014;2.5318255;992;j
RS;bptinc992j;p49p100;2015;2.4433041;992;j
RS;bptinc992j;p49p100;2016;2.4434614;992;j
RS;bptinc992j;p49p100;2017;2.4453752;992;j
RS;bptinc992j;p63p100;1990;1.7623415;992;j
RS;bptinc992j;p63p100;1991;1.7722434;992;j
RS;bptinc992j;p63p100;1992;1.7810533;992;j
RS;bptinc992j;p63p100;1993;1.7906744;992;j
RS;bptinc992j;p63p100;1994;1.7976114;992;j
RS;bptinc992j;p63p100;1995;1.8069389;992;j
RS;bptinc992j;p63p100;1996;1.8132656;992;j
RS;bptinc992j;p63p100;1997;1.8199372;992;j
RS;bptinc992j;p63p100;1998;1.8208936;992;j
RS;bptinc992j;p63p100;1999;1.8347943;992;j
RS;bptinc992j;p63p100;2000;1.8781984;992;j
RS;bptinc992j;p63p100;2001;1.9051408;992;j
RS;bptinc992j;p63p100;2002;1.9232957;992;j
RS;bptinc992j;p63p100;2003;1.9328529;992;j
RS;bptinc992j;p63p100;2004;1.9888594;992;j
RS;bptinc992j;p63p100;2005;2.0272081;992;j
RS;bptinc992j;p63p100;2006;2.0340266;992;j
RS;bptinc992j;p63p100;2007;2.0091927;992;j
RS;bptinc992j;p63p100;2008;2.0186419;992;j
RS;bptinc992j;p63p100;2009;2.0343471;992;j
RS;bptinc992j;p63p100;2010;2.0861111;992;j
RS;bptinc992j;p63p100;2011;2.1393328;992;j
RS;bptinc992j;p63p100;2012;2.1227427;992;j
RS;bptinc992j;p63p100;2013;2.0821502;992;j
RS;bptinc992j;p63p100;2014;2.1574535;992;j
RS;bptinc992j;p63p100;2015;2.1093292;992;j
RS;bptinc992j;p63p100;2016;2.110141;992;j
RS;bptinc992j;p63p100;2017;2.1109474;992;j
RS;mcfcgo999i;p0p100;1997;56184672256.0;999;i
RS;mcfcgo999i;p0p100;1998;52110286848.0;999;i
RS;mcfcgo999i;p0p100;1999;51062833152.0;999;i
RS;mcfcgo999i;p0p100;2000;49790070784.0;999;i
RS;mcfcgo999i;p0p100;2001;63292575744.0;999;i
RS;mcfcgo999i;p0p100;2002;63867351040.0;999;i
RS;mcfcgo999i;p0p100;2003;63733342208.0;999;i
RS;mcfcgo999i;p0p100;2004;58961428480.0;999;i
RS;mcfcgo999i;p0p100;2005;59671171072.0;999;i
RS;mcfcgo999i;p0p100;2006;61009248256.0;999;i
RS;mcfcgo999i;p0p100;2007;68891361280.0;999;i
RS;mcfcgo999i;p0p100;2008;71329775616.0;999;i
RS;mcfcgo999i;p0p100;2009;71150411776.0;999;i
RS;mcfcgo999i;p0p100;2010;70356836352.0;999;i
RS;mcfcgo999i;p0p100;2011;70318948352.0;999;i
RS;mcompx999i;p0p100;2002;-81063632.0;999;i
RS;mcompx999i;p0p100;2003;-78367744.0;999;i
RS;mcompx999i;p0p100;2004;-74250992.0;999;i
RS;mcompx999i;p0p100;2005;738509760.0;999;i
RS;mcompx999i;p0p100;2006;1112275072.0;999;i
RS;mcompx999i;p0p100;2007;1868609920.0;999;i
RS;mcompx999i;p0p100;2008;1722469376.0;999;i
RS;mcompx999i;p0p100;2009;1187090304.0;999;i
RS;mcompx999i;p0p100;2010;1348271744.0;999;i
RS;mcompx999i;p0p100;2011;3366043136.0;999;i
RS;mcompx999i;p0p100;2012;4464809984.0;999;i
RS;mcompx999i;p0p100;2013;5044085248.0;999;i
RS;mcompx999i;p0p100;2014;5563309056.0;999;i
RS;mcompx999i;p0p100;2015;5108853760.0;999;i
RS;mcompx999i;p0p100;2016;4934671360.0;999;i
RS;mcompx999i;p0p100;2017;5213196288.0;999;i
RS;mcompx999i;p0p100;2018;5374581248.0;999;i
RS;mgninc999i;p0p100;1980;4993822228480.0;999;i
RS;mgninc999i;p0p100;1981;5037658472448.0;999;i
RS;mgninc999i;p0p100;1982;5081675595776.0;999;i
RS;mgninc999i;p0p100;1983;5124977065984.0;999;i
RS;mgninc999i;p0p100;1984;5166079672320.0;999;i
RS;mgninc999i;p0p100;1985;5204422426624.0;999;i
RS;mgninc999i;p0p100;1986;5239860101120.0;999;i
RS;mgninc999i;p0p100;1987;5270384148480.0;999;i
RS;mgninc999i;p0p100;1988;5301463416832.0;999;i
RS;mgninc999i;p0p100;1989;5340484599808.0;999;i
RS;mgninc999i;p0p100;1990;5391377760256.0;999;i
RS;mgninc999i;p0p100;1991;4762528907264.0;999;i
RS;mgninc999i;p0p100;1992;3422357553152.0;999;i
RS;mgninc999i;p0p100;1993;2380952764416.0;999;i
RS;mgninc999i;p0p100;1994;2442735124480.0;999;i
RS;mgninc999i;p0p100;1995;2581656764416.0;999;i
RS;mgninc999i;p0p100;1996;2644290830336.0;999;i
RS;mgninc999i;p0p100;1997;2824150712320.0;999;i
RS;mgninc999i;p0p100;1998;2891905761280.0;999;i
RS;mgninc999i;p0p100;1999;2544680042496.0;999;i
RS;mgninc999i;p0p100;2000;2741498806272.0;999;i
RS;mgninc999i;p0p100;2001;2878582554624.0;999;i
RS;mgninc999i;p0p100;2002;3064195710976.0;999;i
RS;mgninc999i;p0p100;2003;3190669180928.0;999;i
RS;mgninc999i;p0p100;2004;3471145172992.0;999;i
RS;mgninc999i;p0p100;2005;3817615917056.0;999;i
RS;mgninc999i;p0p100;2006;4011045683200.0;999;i
RS;mgninc999i;p0p100;2007;4200617213952.0;999;i
RS;mgninc999i;p0p100;2008;4455077511168.0;999;i
RS;mgninc999i;p0p100;2009;4390747635712.0;999;i
RS;mgninc999i;p0p100;2010;4395557715968.0;999;i
RS;mgninc999i;p0p100;2011;4393848012800.0;999;i
RS;mgninc999i;p0p100;2012;4395343282176.0;999;i
RS;mgninc999i;p0p100;2013;4490672472064.0;999;i
RS;mgninc999i;p0p100;2014;4425315254272.0;999;i
RS;mgninc999i;p0p100;2015;4463094398976.0;999;i
RS;mgninc999i;p0p100;2016;4584899608576.0;999;i
RS;mgninc999i;p0p100;2017;4629173108736.0;999;i
RS;mgninc999i;p0p100;2018;4900702912512.0;999;i
RS;mgninc999i;p0p100;2019;5142606774272.0;999;i
RS;npopul551m;p0p100;1950;104620.0;551;m
RS;npopul551m;p0p100;1951;111309.0;551;m
RS;npopul551m;p0p100;1952;121722.0;551;m
RS;npopul551m;p0p100;1953;133891.0;551;m
RS;npopul551m;p0p100;1954;145388.0;551;m
RS;npopul551m;p0p100;1955;154912.0;551;m
RS;npopul551m;p0p100;1956;162007.0;551;m
RS;npopul551m;p0p100;1957;167231.0;551;m
RS;npopul551m;p0p100;1958;171370.0;551;m
RS;npopul551m;p0p100;1959;175622.0;551;m
RS;npopul551m;p0p100;1960;180554.0;551;m
RS;npopul551m;p0p100;1961;185512.0;551;m
RS;npopul551m;p0p100;1962;190716.0;551;m
RS;npopul551m;p0p100;1963;195199.0;551;m
RS;npopul551m;p0p100;1964;197390.0;551;m
RS;npopul551m;p0p100;1965;196376.0;551;m
RS;npopul551m;p0p100;1966;191028.0;551;m
RS;npopul551m;p0p100;1967;183650.0;551;m
RS;npopul551m;p0p100;1968;174815.0;551;m
RS;npopul551m;p0p100;1969;165274.0;551;m
RS;npopul551m;p0p100;1970;155729.0;551;m
RS;npopul551m;p0p100;1971;145497.0;551;m
RS;npopul551m;p0p100;1972;134842.0;551;m
RS;npopul551m;p0p100;1973;126175.0;551;m
RS;npopul551m;p0p100;1974;123106.0;551;m
RS;npopul551m;p0p100;1975;127607.0;551;m
RS;npopul551m;p0p100;1976;138289.0;551;m
RS;npopul551m;p0p100;1977;155907.0;551;m
RS;npopul551m;p0p100;1978;177693.0;551;m
RS;npopul551m;p0p100;1979;199568.0;551;m
RS;npopul551m;p0p100;1980;219029.0;551;m
RS;npopul551m;p0p100;1981;235319.0;551;m
RS;npopul551m;p0p100;1982;249768.0;551;m
RS;npopul551m;p0p100;1983;262241.0;551;m
RS;npopul551m;p0p100;1984;272625.0;551;m
RS;npopul551m;p0p100;1985;280752.0;551;m
RS;npopul551m;p0p100;1986;284853.0;551;m
RS;npopul551m;p0p100;1987;286370.0;551;m
RS;npopul551m;p0p100;1988;285975.0;551;m
RS;npopul551m;p0p100;1989;284558.0;551;m
RS;npopul551m;p0p100;1990;282594.0;551;m
RS;npopul551m;p0p100;1991;279060.0;551;m
RS;npopul551m;p0p100;1992;275802.0;551;m
RS;npopul551m;p0p100;1993;271848.0;551;m
RS;npopul551m;p0p100;1994;265731.0;551;m
RS;npopul551m;p0p100;1995;256862.0;551;m
RS;npopul551m;p0p100;1996;245945.0;551;m
RS;npopul551m;p0p100;1997;232004.0;551;m
RS;npopul551m;p0p100;1998;218825.0;551;m
RS;npopul551m;p0p100;1999;166737.0;551;m
RS;npopul551m;p0p100;2000;169588.0;551;m
RS;npopul551m;p0p100;2001;177462.0;551;m
RS;npopul551m;p0p100;2002;191955.0;551;m
RS;npopul551m;p0p100;2003;209781.0;551;m
RS;npopul551m;p0p100;2004;227300.0;551;m
RS;npopul551m;p0p100;2005;241676.0;551;m
RS;npopul551m;p0p100;2006;251760.0;551;m
RS;npopul551m;p0p100;2007;259730.0;551;m
RS;npopul551m;p0p100;2008;265123.0;551;m
RS;npopul551m;p0p100;2009;267476.0;551;m
RS;npopul551m;p0p100;2010;266430.0;551;m
RS;npopul551m;p0p100;2011;260368.0;551;m
RS;npopul551m;p0p100;2012;251452.0;551;m
RS;npopul551m;p0p100;2013;240853.0;551;m
RS;npopul551m;p0p100;2014;231315.0;551;m
RS;npopul551m;p0p100;2015;224387.0;551;m
RS;npopul551m;p0p100;2016;218132.0;551;m
RS;npopul551m;p0p100;2017;214937.0;551;m
RS;npopul551m;p0p100;2018;213511.0;551;m
RS;npopul551m;p0p100;2019;212862.0;551;m
RS;scainc992j;p0p50;1990;0.227;992;j
RS;scainc992j;p0p50;1991;0.2288;992;j
RS;scainc992j;p0p50;1992;0.2307;992;j
RS;scainc992j;p0p50;1993;0.2324;992;j
RS;scainc992j;p0p50;1994;0.2342;992;j
RS;scainc992j;p0p50;1995;0.2359;992;j
RS;scainc992j;p0p50;1996;0.23800001;992;j
RS;scainc992j;p0p50;1997;0.2401;992;j
RS;scainc992j;p0p50;1998;0.24160001;992;j
RS;scainc992j;p0p50;1999;0.2412;992;j
RS;scainc992j;p0p50;2000;0.23819999;992;j
RS;scainc992j;p0p50;2001;0.2368;992;j
RS;scainc992j;p0p50;2002;0.2256;992;j
RS;scainc992j;p0p50;2003;0.2225;992;j
RS;scainc992j;p0p50;2004;0.2122;992;j
RS;scainc992j;p0p50;2005;0.2069;992;j
RS;scainc992j;p0p50;2006;0.19840001;992;j
RS;scainc992j;p0p50;2007;0.1947;992;j
RS;scainc992j;p0p50;2008;0.19050001;992;j
RS;scainc992j;p0p50;2009;0.18610001;992;j
RS;scainc992j;p0p50;2010;0.1758;992;j
RS;scainc992j;p0p50;2011;0.16680001;992;j
RS;scainc992j;p0p50;2012;0.16339999;992;j
RS;scainc992j;p0p50;2013;0.1603;992;j
RS;scainc992j;p0p50;2014;0.1796;992;j
RS;scainc992j;p0p50;2015;0.1637;992;j
RS;scainc992j;p0p50;2016;0.1638;992;j
RS;scainc992j;p0p50;2017;0.1637;992;j
RS;scainc992j;p3p4;1990;0.0011;992;j
RS;scainc992j;p3p4;1991;0.0011;992;j
RS;scainc992j;p3p4;1992;0.0012000001;992;j
RS;scainc992j;p3p4;1993;0.0012000001;992;j
RS;scainc992j;p3p4;1994;0.0012000001;992;j
RS;scainc992j;p3p4;1995;0.0011;992;j
RS;scainc992j;p3p4;1996;0.0011;992;j
RS;scainc992j;p3p4;1997;0.0011;992;j
RS;scainc992j;p3p4;1998;0.0011;992;j
RS;scainc992j;p3p4;1999;0.0012000001;992;j
RS;scainc992j;p3p4;2000;0.0011;992;j
RS;scainc992j;p3p4;2001;0.0011;992;j
RS;scainc992j;p3p4;2002;0.0007;992;j
RS;scainc992j;p3p4;2003;0.0007;992;j
RS;scainc992j;p3p4;2004;0.0006;992;j
RS;scainc992j;p3p4;2005;0.0006;992;j
RS;scainc992j;p3p4;2006;0.0005;992;j
RS;scainc992j;p3p4;2007;0.0004;992;j
RS;scainc992j;p3p4;2008;0.0004;992;j
RS;scainc992j;p3p4;2009;0.0005;992;j
RS;scainc992j;p3p4;2010;0.0005;992;j
RS;scainc992j;p3p4;2011;0.0004;992;j
RS;scainc992j;p3p4;2012;0.0003;992;j
RS;scainc992j;p3p4;2013;0.0007;992;j
RS;scainc992j;p3p4;2014;0.0015;992;j
RS;scainc992j;p3p4;2015;0.001;992;j
RS;scainc992j;p3p4;2016;0.001;992;j
RS;scainc992j;p3p4;2017;0.001;992;j
RS;scainc992j;p78p100;1990;0.47189999;992;j
RS;scainc992j;p78p100;1991;0.46970001;992;j
RS;scainc992j;p78p100;1992;0.46799999;992;j
RS;scainc992j;p78p100;1993;0.46669999;992;j
RS;scainc992j;p78p100;1994;0.46529999;992;j
RS;scainc992j;p78p100;1995;0.46399999;992;j
RS;scainc992j;p78p100;1996;0.46180001;992;j
RS;scainc992j;p78p100;1997;0.4596;992;j
RS;scainc992j;p78p100;1998;0.46090001;992;j
RS;scainc992j;p78p100;1999;0.4646;992;j
RS;scainc992j;p78p100;2000;0.4709;992;j
RS;scainc992j;p78p100;2001;0.4745;992;j
RS;scainc992j;p78p100;2002;0.484;992;j
RS;scainc992j;p78p100;2003;0.48710001;992;j
RS;scainc992j;p78p100;2004;0.49680001;992;j
RS;scainc992j;p78p100;2005;0.50480002;992;j
RS;scainc992j;p78p100;2006;0.51359999;992;j
RS;scainc992j;p78p100;2007;0.5147;992;j
RS;scainc992j;p78p100;2008;0.51859999;992;j
RS;scainc992j;p78p100;2009;0.52530003;992;j
RS;scainc992j;p78p100;2010;0.53750002;992;j
RS;scainc992j;p78p100;2011;0.54799998;992;j
RS;scainc992j;p78p100;2012;0.55299997;992;j
RS;scainc992j;p78p100;2013;0.55150002;992;j
RS;scainc992j;p78p100;2014;0.54229999;992;j
RS;scainc992j;p78p100;2015;0.56660002;992;j
RS;scainc992j;p78p100;2016;0.56660002;992;j
RS;scainc992j;p78p100;2017;0.5668;992;j
RS;scainc992j;p99.2p100;1990;0.070500001;992;j
RS;scainc992j;p99.2p100;1991;0.068999998;992;j
RS;scainc992j;p99.2p100;1992;0.067500003;992;j
RS;scainc992j;p99.2p100;1993;0.066799998;992;j
RS;scainc992j;p99.2p100;1994;0.066299997;992;j
RS;scainc992j;p99.2p100;1995;0.065800004;992;j
RS;scainc992j;p99.2p100;1996;0.064800002;992;j
RS;scainc992j;p99.2p100;1997;0.063699998;992;j
RS;scainc992j;p99.2p100;1998;0.0656;992;j
RS;scainc992j;p99.2p100;1999;0.070799999;992;j
RS;scainc992j;p99.2p100;2000;0.075199999;992;j
RS;scainc992j;p99.2p100;2001;0.079800002;992;j
RS;scainc992j;p99.2p100;2002;0.080600001;992;j
RS;scainc992j;p99.2p100;2003;0.079899997;992;j
RS;scainc992j;p99.2p100;2004;0.081;992;j
RS;scainc992j;p99.2p100;2005;0.084299996;992;j
RS;scainc992j;p99.2p100;2006;0.084700003;992;j
RS;scainc992j;p99.2p100;2007;0.080899999;992;j
RS;scainc992j;p99.2p100;2008;0.079099998;992;j
RS;scainc992j;p99.2p100;2009;0.085000001;992;j
RS;scainc992j;p99.2p100;2010;0.086199999;992;j
RS;scainc992j;p99.2p100;2011;0.0876;992;j
RS;scainc992j;p99.2p100;2012;0.1009;992;j
RS;scainc992j;p99.2p100;2013;0.091700003;992;j
RS;scainc992j;p99.2p100;2014;0.1116;992;j
RS;scainc992j;p99.2p100;2015;0.1401;992;j
RS;scainc992j;p99.2p100;2016;0.1402;992;j
RS;scainc992j;p99.2p100;2017;0.14030001;992;j
RS;scainc992j;p99.4p100;1990;0.060899999;992;j
RS;scainc992j;p99.4p100;1991;0.059500001;992;j
RS;scainc992j;p99.4p100;1992;0.057999998;992;j
RS;scainc992j;p99.4p100;1993;0.057300001;992;j
RS;scainc992j;p99.4p100;1994;0.056699999;992;j
RS;scainc992j;p99.4p100;1995;0.056200001;992;j
RS;scainc992j;p99.4p100;1996;0.055199999;992;j
RS;scainc992j;p99.4p100;1997;0.054200001;992;j
RS;scainc992j;p99.4p100;1998;0.056000002;992;j
RS;scainc992j;p99.4p100;1999;0.060899999;992;j
RS;scainc992j;p99.4p100;2000;0.064800002;992;j
RS;scainc992j;p99.4p100;2001;0.069200002;992;j
RS;scainc992j;p99.4p100;2002;0.069600001;992;j
RS;scainc992j;p99.4p100;2003;0.068999998;992;j
RS;scainc992j;p99.4p100;2004;0.069899999;992;j
RS;scainc992j;p99.4p100;2005;0.072999999;992;j
RS;scainc992j;p99.4p100;2006;0.072999999;992;j
RS;scainc992j;p99.4p100;2007;0.069300003;992;j
RS;scainc992j;p99.4p100;2008;0.067299999;992;j
RS;scainc992j;p99.4p100;2009;0.072899997;992;j
RS;scainc992j;p99.4p100;2010;0.073700003;992;j
RS;scainc992j;p99.4p100;2011;0.074699998;992;j
RS;scainc992j;p99.4p100;2012;0.087700002;992;j
RS;scainc992j;p99.4p100;2013;0.0788;992;j
RS;scainc992j;p99.4p100;2014;0.098700002;992;j
RS;scainc992j;p99.4p100;2015;0.1265;992;j
RS;scainc992j;p99.4p100;2016;0.1266;992;j
RS;scainc992j;p99.4p100;2017;0.1267;992;j
RS;sdiinc992j;p29p100;1990;0.90219998;992;j
RS;sdiinc992j;p29p100;1991;0.9012;992;j
RS;sdiinc992j;p29p100;1992;0.90020001;992;j
RS;sdiinc992j;p29p100;1993;0.89910001;992;j
RS;sdiinc992j;p29p100;1994;0.898;992;j
RS;sdiinc992j;p29p100;1995;0.89700001;992;j
RS;sdiinc992j;p29p100;1996;0.89579999;992;j
RS;sdiinc992j;p29p100;1997;0.89429998;992;j
RS;sdiinc992j;p29p100;1998;0.8919;992;j
RS;sdiinc992j;p29p100;1999;0.89380002;992;j
RS;sdiinc992j;p29p100;2000;0.89389998;992;j
RS;sdiinc992j;p29p100;2001;0.89420003;992;j
RS;sdiinc992j;p29p100;2002;0.90109998;992;j
RS;sdiinc992j;p29p100;2003;0.90280002;992;j
RS;sdiinc992j;p29p100;2004;0.91039997;992;j
RS;sdiinc992j;p29p100;2005;0.9131;992;j
RS;sdiinc992j;p29p100;2006;0.91860002;992;j
RS;sdiinc992j;p29p100;2007;0.92009997;992;j
RS;sdiinc992j;p29p100;2008;0.92220002;992;j
RS;sdiinc992j;p29p100;2009;0.9249;992;j
RS;sdiinc992j;p29p100;2010;0.9303;992;j
RS;sdiinc992j;p29p100;2011;0.93650001;992;j
RS;sdiinc992j;p29p100;2012;0.93669999;992;j
RS;sdiinc992j;p29p100;2013;0.9375;992;j
RS;sdiinc992j;p29p100;2014;0.92019999;992;j
RS;sdiinc992j;p29p100;2015;0.93169999;992;j
RS;sdiinc992j;p29p100;2016;0.93449998;992;j
RS;sdiinc992j;p29p100;2017;0.93480003;992;j
RS;sdiinc992j;p51p100;1990;0.74519998;992;j
RS;sdiinc992j;p51p100;1991;0.74349999;992;j
RS;sdiinc992j;p51p100;1992;0.74180001;992;j
RS;sdiinc992j;p51p100;1993;0.7403;992;j
RS;sdiinc992j;p51p100;1994;0.73869997;992;j
RS;sdiinc992j;p51p100;1995;0.73720002;992;j
RS;sdiinc992j;p51p100;1996;0.73519999;992;j
RS;sdiinc992j;p51p100;1997;0.73290002;992;j
RS;sdiinc992j;p51p100;1998;0.7349;992;j
RS;sdiinc992j;p51p100;1999;0.73809999;992;j
RS;sdiinc992j;p51p100;2000;0.73879999;992;j
RS;sdiinc992j;p51p100;2001;0.73949999;992;j
RS;sdiinc992j;p51p100;2002;0.74739999;992;j
RS;sdiinc992j;p51p100;2003;0.75019997;992;j
RS;sdiinc992j;p51p100;2004;0.75999999;992;j
RS;sdiinc992j;p51p100;2005;0.76539999;992;j
RS;sdiinc992j;p51p100;2006;0.77310002;992;j
RS;sdiinc992j;p51p100;2007;0.7744;992;j
RS;sdiinc992j;p51p100;2008;0.77789998;992;j
RS;sdiinc992j;p51p100;2009;0.7827;992;j
RS;sdiinc992j;p51p100;2010;0.79180002;992;j
RS;sdiinc992j;p51p100;2011;0.80140001;992;j
RS;sdiinc992j;p51p100;2012;0.80360001;992;j
RS;sdiinc992j;p51p100;2013;0.80650002;992;j
RS;sdiinc992j;p51p100;2014;0.78869998;992;j
RS;sdiinc992j;p51p100;2015;0.8028;992;j
RS;sdiinc992j;p51p100;2016;0.80680001;992;j
RS;sdiinc992j;p51p100;2017;0.80729997;992;j
RS;sdiinc992j;p60p70;1990;0.1075;992;j
RS;sdiinc992j;p60p70;1991;0.1077;992;j
RS;sdiinc992j;p60p70;1992;0.1076;992;j
RS;sdiinc992j;p60p70;1993;0.1074;992;j
RS;sdiinc992j;p60p70;1994;0.1072;992;j
RS;sdiinc992j;p60p70;1995;0.107;992;j
RS;sdiinc992j;p60p70;1996;0.107;992;j
RS;sdiinc992j;p60p70;1997;0.107;992;j
RS;sdiinc992j;p60p70;1998;0.1065;992;j
RS;sdiinc992j;p60p70;1999;0.1055;992;j
RS;sdiinc992j;p60p70;2000;0.104;992;j
RS;sdiinc992j;p60p70;2001;0.1034;992;j
RS;sdiinc992j;p60p70;2002;0.104;992;j
RS;sdiinc992j;p60p70;2003;0.1041;992;j
RS;sdiinc992j;p60p70;2004;0.1042;992;j
RS;sdiinc992j;p60p70;2005;0.1032;992;j
RS;sdiinc992j;p60p70;2006;0.1033;992;j
RS;sdiinc992j;p60p70;2007;0.1041;992;j
RS;sdiinc992j;p60p70;2008;0.1043;992;j
RS;sdiinc992j;p60p70;2009;0.1034;992;j
RS;sdiinc992j;p60p70;2010;0.1028;992;j
RS;sdiinc992j;p60p70;2011;0.1024;992;j
RS;sdiinc992j;p60p70;2012;0.1019;992;j
RS;sdiinc992j;p60p70;2013;0.1036;992;j
RS;sdiinc992j;p60p70;2014;0.1005;992;j
RS;sdiinc992j;p60p70;2015;0.097199999;992;j
RS;sdiinc992j;p60p70;2016;0.097199999;992;j
RS;sdiinc992j;p60p70;2017;0.097199999;992;j
RS;sdiinc992j;p93p94;1990;0.019400001;992;j
RS;sdiinc992j;p93p94;1991;0.019400001;992;j
RS;sdiinc992j;p93p94;1992;0.019400001;992;j
RS;sdiinc992j;p93p94;1993;0.019400001;992;j
RS;sdiinc992j;p93p94;1994;0.019400001;992;j
RS;sdiinc992j;p93p94;1995;0.019300001;992;j
RS;sdiinc992j;p93p94;1996;0.019300001;992;j
RS;sdiinc992j;p93p94;1997;0.019300001;992;j
RS;sdiinc992j;p93p94;1998;0.019400001;992;j
RS;sdiinc992j;p93p94;1999;0.0195;992;j
RS;sdiinc992j;p93p94;2000;0.0195;992;j
RS;sdiinc992j;p93p94;2001;0.019400001;992;j
RS;sdiinc992j;p93p94;2002;0.0197;992;j
RS;sdiinc992j;p93p94;2003;0.0199;992;j
RS;sdiinc992j;p93p94;2004;0.020400001;992;j
RS;sdiinc992j;p93p94;2005;0.0207;992;j
RS;sdiinc992j;p93p94;2006;0.021199999;992;j
RS;sdiinc992j;p93p94;2007;0.021299999;992;j
RS;sdiinc992j;p93p94;2008;0.021600001;992;j
RS;sdiinc992j;p93p94;2009;0.021600001;992;j
RS;sdiinc992j;p93p94;2010;0.0222;992;j
RS;sdiinc992j;p93p94;2011;0.0228;992;j
RS;sdiinc992j;p93p94;2012;0.022;992;j
RS;sdiinc992j;p93p94;2013;0.022399999;992;j
RS;sdiinc992j;p93p94;2014;0.0209;992;j
RS;sdiinc992j;p93p94;2015;0.0206;992;j
RS;sdiinc992j;p93p94;2016;0.0207;992;j
RS;sdiinc992j;p93p94;2017;0.0207;992;j
RS;sdiinc992j;p97p100;1990;0.134;992;j
RS;sdiinc992j;p97p100;1991;0.1327;992;j
RS;sdiinc992j;p97p100;1992;0.13160001;992;j
RS;sdiinc992j;p97p100;1993;0.1313;992;j
RS;sdiinc992j;p97p100;1994;0.1309;992;j
RS;sdiinc992j;p97p100;1995;0.13070001;992;j
RS;sdiinc992j;p97p100;1996;0.1295;992;j
RS;sdiinc992j;p97p100;1997;0.12809999;992;j
RS;sdiinc992j;p97p100;1998;0.1319;992;j
RS;sdiinc992j;p97p100;1999;0.1389;992;j
RS;sdiinc992j;p97p100;2000;0.1446;992;j
RS;sdiinc992j;p97p100;2001;0.14929999;992;j
RS;sdiinc992j;p97p100;2002;0.1514;992;j
RS;sdiinc992j;p97p100;2003;0.1506;992;j
RS;sdiinc992j;p97p100;2004;0.153;992;j
RS;sdiinc992j;p97p100;2005;0.1575;992;j
RS;sdiinc992j;p97p100;2006;0.16060001;992;j
RS;sdiinc992j;p97p100;2007;0.1564;992;j
RS;sdiinc992j;p97p100;2008;0.1561;992;j
RS;sdiinc992j;p97p100;2009;0.16240001;992;j
RS;sdiinc992j;p97p100;2010;0.1664;992;j
RS;sdiinc992j;p97p100;2011;0.1707;992;j
RS;sdiinc992j;p97p100;2012;0.1814;992;j
RS;sdiinc992j;p97p100;2013;0.1734;992;j
RS;sdiinc992j;p97p100;2014;0.18700001;992;j
RS;sdiinc992j;p97p100;2015;0.2147;992;j
RS;sdiinc992j;p97p100;2016;0.21709999;992;j
RS;sdiinc992j;p97p100;2017;0.2175;992;j
RS;tcainc992j;p50p51;1990;434297.59;992;j
RS;tcainc992j;p50p51;1991;378035.41;992;j
RS;tcainc992j;p50p51;1992;259286.0;992;j
RS;tcainc992j;p50p51;1993;168386.8;992;j
RS;tcainc992j;p50p51;1994;173662.2;992;j
RS;tcainc992j;p50p51;1995;183285.09;992;j
RS;tcainc992j;p50p51;1996;185189.3;992;j
RS;tcainc992j;p50p51;1997;195720.2;992;j
RS;tcainc992j;p50p51;1998;209541.0;992;j
RS;tcainc992j;p50p51;1999;238566.59;992;j
RS;tcainc992j;p50p51;2000;256755.09;992;j
RS;tcainc992j;p50p51;2001;248336.09;992;j
RS;tcainc992j;p50p51;2002;258826.91;992;j
RS;tcainc992j;p50p51;2003;269731.19;992;j
RS;tcainc992j;p50p51;2004;321512.0;992;j
RS;tcainc992j;p50p51;2005;357735.69;992;j
RS;tcainc992j;p50p51;2006;373978.59;992;j
RS;tcainc992j;p50p51;2007;374150.0;992;j
RS;tcainc992j;p50p51;2008;398989.5;992;j
RS;tcainc992j;p50p51;2009;391713.31;992;j
RS;tcainc992j;p50p51;2010;385367.5;992;j
RS;tcainc992j;p50p51;2011;384621.69;992;j
RS;tcainc992j;p50p51;2012;377160.31;992;j
RS;tcainc992j;p50p51;2013;389343.41;992;j
RS;tcainc992j;p50p51;2014;371716.19;992;j
RS;tcainc992j;p50p51;2015;371500.0;992;j
RS;tcainc992j;p50p51;2016;385287.91;992;j
RS;tcainc992j;p50p51;2017;385459.41;992;j
RS;tcainc992j;p99.6p99.7;1990;3185737.3;992;j
RS;tcainc992j;p99.6p99.7;1991;2745551.0;992;j
RS;tcainc992j;p99.6p99.7;1992;1871643.1;992;j
RS;tcainc992j;p99.6p99.7;1993;1215105.8;992;j
RS;tcainc992j;p99.6p99.7;1994;1250156.6;992;j
RS;tcainc992j;p99.6p99.7;1995;1318900.0;992;j
RS;tcainc992j;p99.6p99.7;1996;1317538.3;992;j
RS;tcainc992j;p99.6p99.7;1997;1377396.4;992;j
RS;tcainc992j;p99.6p99.7;1998;1542040.9;992;j
RS;tcainc992j;p99.6p99.7;1999;1836853.1;992;j
RS;tcainc992j;p99.6p99.7;2000;2108620.0;992;j
RS;tcainc992j;p99.6p99.7;2001;2120042.8;992;j
RS;tcainc992j;p99.6p99.7;2002;2282422.8;992;j
RS;tcainc992j;p99.6p99.7;2003;2384129.8;992;j
RS;tcainc992j;p99.6p99.7;2004;2888610.5;992;j
RS;tcainc992j;p99.6p99.7;2005;3379609.3;992;j
RS;tcainc992j;p99.6p99.7;2006;3671794.5;992;j
RS;tcainc992j;p99.6p99.7;2007;3599726.0;992;j
RS;tcainc992j;p99.6p99.7;2008;3871699.0;992;j
RS;tcainc992j;p99.6p99.7;2009;3966816.3;992;j
RS;tcainc992j;p99.6p99.7;2010;4107318.8;992;j
RS;tcainc992j;p99.6p99.7;2011;4256873.5;992;j
RS;tcainc992j;p99.6p99.7;2012;4479224.5;992;j
RS;tcainc992j;p99.6p99.7;2013;4421972.5;992;j
RS;tcainc992j;p99.6p99.7;2014;4493438.5;992;j
RS;tcainc992j;p99.6p99.7;2015;4969349.0;992;j
RS;tcainc992j;p99.6p99.7;2016;5153885.5;992;j
RS;tcainc992j;p99.6p99.7;2017;5159621.0;992;j
RS;tdiinc992j;p46p100;1990;579789.0;992;j
RS;tdiinc992j;p46p100;1991;506329.69;992;j
RS;tdiinc992j;p46p100;1992;348601.41;992;j
RS;tdiinc992j;p46p100;1993;226879.91;992;j
RS;tdiinc992j;p46p100;1994;234286.91;992;j
RS;tdiinc992j;p46p100;1995;247792.3;992;j
RS;tdiinc992j;p46p100;1996;250951.7;992;j
RS;tdiinc992j;p46p100;1997;267267.31;992;j
RS;tdiinc992j;p46p100;1998;271334.69;992;j
RS;tdiinc992j;p46p100;1999;294166.69;992;j
RS;tdiinc992j;p46p100;2000;322129.19;992;j
RS;tdiinc992j;p46p100;2001;321127.91;992;j
RS;tdiinc992j;p46p100;2002;343745.41;992;j
RS;tdiinc992j;p46p100;2003;358710.81;992;j
RS;tdiinc992j;p46p100;2004;398244.09;992;j
RS;tdiinc992j;p46p100;2005;439322.41;992;j
RS;tdiinc992j;p46p100;2006;460243.69;992;j
RS;tdiinc992j;p46p100;2007;477576.81;992;j
RS;tdiinc992j;p46p100;2008;504251.81;992;j
RS;tdiinc992j;p46p100;2009;488992.19;992;j
RS;tdiinc992j;p46p100;2010;480245.69;992;j
RS;tdiinc992j;p46p100;2011;474590.91;992;j
RS;tdiinc992j;p46p100;2012;465965.5;992;j
RS;tdiinc992j;p46p100;2013;479241.69;992;j
RS;tdiinc992j;p46p100;2014;460880.59;992;j
RS;tdiinc992j;p46p100;2015;459338.81;992;j
RS;tdiinc992j;p46p100;2016;470755.81;992;j
RS;tdiinc992j;p46p100;2017;473250.41;992;j
RS;tdiinc992j;p59p100;1990;719428.81;992;j
RS;tdiinc992j;p59p100;1991;625080.63;992;j
RS;tdiinc992j;p59p100;1992;427872.91;992;j
RS;tdiinc992j;p59p100;1993;276882.81;992;j
RS;tdiinc992j;p59p100;1994;284269.19;992;j
RS;tdiinc992j;p59p100;1995;299244.31;992;j
RS;tdiinc992j;p59p100;1996;301620.31;992;j
RS;tdiinc992j;p59p100;1997;319532.19;992;j
RS;tdiinc992j;p59p100;1998;333936.59;992;j
RS;tdiinc992j;p59p100;1999;362417.0;992;j
RS;tdiinc992j;p59p100;2000;394278.09;992;j
RS;tdiinc992j;p59p100;2001;390378.59;992;j
RS;tdiinc992j;p59p100;2002;421602.91;992;j
RS;tdiinc992j;p59p100;2003;442996.31;992;j
RS;tdiinc992j;p59p100;2004;497441.91;992;j
RS;tdiinc992j;p59p100;2005;548607.88;992;j
RS;tdiinc992j;p59p100;2006;577498.81;992;j
RS;tdiinc992j;p59p100;2007;601596.31;992;j
RS;tdiinc992j;p59p100;2008;640783.31;992;j
RS;tdiinc992j;p59p100;2009;621912.63;992;j
RS;tdiinc992j;p59p100;2010;617717.38;992;j
RS;tdiinc992j;p59p100;2011;615545.5;992;j
RS;tdiinc992j;p59p100;2012;608605.5;992;j
RS;tdiinc992j;p59p100;2013;626522.0;992;j
RS;tdiinc992j;p59p100;2014;603028.0;992;j
RS;tdiinc992j;p59p100;2015;590967.5;992;j
RS;tdiinc992j;p59p100;2016;607912.13;992;j
RS;tdiinc992j;p59p100;2017;611304.81;992;j
RS;tdiinc992j;p78p79;1990;995015.88;992;j
RS;tdiinc992j;p78p79;1991;862142.31;992;j
RS;tdiinc992j;p78p79;1992;589310.19;992;j
RS;tdiinc992j;p78p79;1993;381071.5;992;j
RS;tdiinc992j;p78p79;1994;391037.69;992;j
RS;tdiinc992j;p78p79;1995;411155.81;992;j
RS;tdiinc992j;p78p79;1996;413669.5;992;j
RS;tdiinc992j;p78p79;1997;437716.5;992;j
RS;tdiinc992j;p78p79;1998;454867.5;992;j
RS;tdiinc992j;p78p79;1999;494106.31;992;j
RS;tdiinc992j;p78p79;2000;538414.63;992;j
RS;tdiinc992j;p78p79;2001;531492.63;992;j
RS;tdiinc992j;p78p79;2002;579586.38;992;j
RS;tdiinc992j;p78p79;2003;610164.38;992;j
RS;tdiinc992j;p78p79;2004;694580.31;992;j
RS;tdiinc992j;p78p79;2005;773893.69;992;j
RS;tdiinc992j;p78p79;2006;818513.0;992;j
RS;tdiinc992j;p78p79;2007;851882.38;992;j
RS;tdiinc992j;p78p79;2008;914979.81;992;j
RS;tdiinc992j;p78p79;2009;894696.19;992;j
RS;tdiinc992j;p78p79;2010;898288.38;992;j
RS;tdiinc992j;p78p79;2011;907202.0;992;j
RS;tdiinc992j;p78p79;2012;900681.81;992;j
RS;tdiinc992j;p78p79;2013;943559.31;992;j
RS;tdiinc992j;p78p79;2014;870481.31;992;j
RS;tdiinc992j;p78p79;2015;860011.5;992;j
RS;tdiinc992j;p78p79;2016;888802.31;992;j
RS;tdiinc992j;p78p79;2017;894192.13;992;j
RS;tdiinc992j;p99.4p99.5;1990;3539732.3;992;j
RS;tdiinc992j;p99.4p99.5;1991;3059983.0;992;j
RS;tdiinc992j;p99.4p99.5;1992;2093649.1;992;j
RS;tdiinc992j;p99.4p99.5;1993;1362108.6;992;j
RS;tdiinc992j;p99.4p99.5;1994;1403629.3;992;j
RS;tdiinc992j;p99.4p99.5;1995;1482805.3;992;j
RS;tdiinc992j;p99.4p99.5;1996;1484508.9;992;j
RS;tdiinc992j;p99.4p99.5;1997;1560728.6;992;j
RS;tdiinc992j;p99.4p99.5;1998;1686778.8;992;j
RS;tdiinc992j;p99.4p99.5;1999;1924704.9;992;j
RS;tdiinc992j;p99.4p99.5;2000;2213003.0;992;j
RS;tdiinc992j;p99.4p99.5;2001;2258586.8;992;j
RS;tdiinc992j;p99.4p99.5;2002;2489912.8;992;j
RS;tdiinc992j;p99.4p99.5;2003;2595627.5;992;j
RS;tdiinc992j;p99.4p99.5;2004;2964654.5;992;j
RS;tdiinc992j;p99.4p99.5;2005;3388391.8;992;j
RS;tdiinc992j;p99.4p99.5;2006;3695074.0;992;j
RS;tdiinc992j;p99.4p99.5;2007;3748538.3;992;j
RS;tdiinc992j;p99.4p99.5;2008;4026422.3;992;j
RS;tdiinc992j;p99.4p99.5;2009;4062811.8;992;j
RS;tdiinc992j;p99.4p99.5;2010;4205517.0;992;j
RS;tdiinc992j;p99.4p99.5;2011;4350024.0;992;j
RS;tdiinc992j;p99.4p99.5;2012;4464871.5;992;j
RS;tdiinc992j;p99.4p99.5;2013;4472132.0;992;j
RS;tdiinc992j;p99.4p99.5;2014;4395765.0;992;j
RS;tdiinc992j;p99.4p99.5;2015;4735410.0;992;j
RS;tdiinc992j;p99.4p99.5;2016;4935067.0;992;j
RS;tdiinc992j;p99.4p99.5;2017;4970871.5;992;j
RS;tdiinc992j;p99.96p100;1990;13282765.0;992;j
RS;tdiinc992j;p99.96p100;1991;11210024.0;992;j
RS;tdiinc992j;p99.96p100;1992;7424993.5;992;j
RS;tdiinc992j;p99.96p100;1993;4729247.0;992;j
RS;tdiinc992j;p99.96p100;1994;4803881.5;992;j
RS;tdiinc992j;p99.96p100;1995;5013067.5;992;j
RS;tdiinc992j;p99.96p100;1996;4939011.0;992;j
RS;tdiinc992j;p99.96p100;1997;5101867.5;992;j
RS;tdiinc992j;p99.96p100;1998;5644714.0;992;j
RS;tdiinc992j;p99.96p100;1999;6945114.5;992;j
RS;tdiinc992j;p99.96p100;2000;8095384.0;992;j
RS;tdiinc992j;p99.96p100;2001;8719894.0;992;j
RS;tdiinc992j;p99.96p100;2002;9282836.0;992;j
RS;tdiinc992j;p99.96p100;2003;9643983.0;992;j
RS;tdiinc992j;p99.96p100;2004;11007425.0;992;j
RS;tdiinc992j;p99.96p100;2005;12889931.0;992;j
RS;tdiinc992j;p99.96p100;2006;13465538.0;992;j
RS;tdiinc992j;p99.96p100;2007;12890085.0;992;j
RS;tdiinc992j;p99.96p100;2008;13097505.0;992;j
RS;tdiinc992j;p99.96p100;2009;14301557.0;992;j
RS;tdiinc992j;p99.96p100;2010;14334451.0;992;j
RS;tdiinc992j;p99.96p100;2011;14553981.0;992;j
RS;tdiinc992j;p99.96p100;2012;17810286.0;992;j
RS;tdiinc992j;p99.96p100;2013;15948144.0;992;j
RS;tdiinc992j;p99.96p100;2014;20536132.0;992;j
RS;tdiinc992j;p99.96p100;2015;26375502.0;992;j
RS;tdiinc992j;p99.96p100;2016;27537458.0;992;j
RS;tdiinc992j;p99.96p100;2017;27759352.0;992;j
RS;tdiinc992j;p99.998p100;1990;64806848.0;992;j
RS;tdiinc992j;p99.998p100;1991;52891772.0;992;j
RS;tdiinc992j;p99.998p100;1992;33388912.0;992;j
RS;tdiinc992j;p99.998p100;1993;20543082.0;992;j
RS;tdiinc992j;p99.998p100;1994;20394940.0;992;j
RS;tdiinc992j;p99.998p100;1995;20860758.0;992;j
RS;tdiinc992j;p99.998p100;1996;20113078.0;992;j
RS;tdiinc992j;p99.998p100;1997;20287734.0;992;j
RS;tdiinc992j;p99.998p100;1998;23029054.0;992;j
RS;tdiinc992j;p99.998p100;1999;31057124.0;992;j
RS;tdiinc992j;p99.998p100;2000;36099644.0;992;j
RS;tdiinc992j;p99.998p100;2001;41596200.0;992;j
RS;tdiinc992j;p99.998p100;2002;41877216.0;992;j
RS;tdiinc992j;p99.998p100;2003;43706260.0;992;j
RS;tdiinc992j;p99.998p100;2004;50070908.0;992;j
RS;tdiinc992j;p99.998p100;2005;60466988.0;992;j
RS;tdiinc992j;p99.998p100;2006;58930900.0;992;j
RS;tdiinc992j;p99.998p100;2007;52370172.0;992;j
RS;tdiinc992j;p99.998p100;2008;49037324.0;992;j
RS;tdiinc992j;p99.998p100;2009;59510592.0;992;j
RS;tdiinc992j;p99.998p100;2010;56786220.0;992;j
RS;tdiinc992j;p99.998p100;2011;55953124.0;992;j
RS;tdiinc992j;p99.998p100;2012;86211256.0;992;j
RS;tdiinc992j;p99.998p100;2013;66705324.0;992;j
RS;tdiinc992j;p99.998p100;2014;122962360.0;992;j
RS;tdiinc992j;p99.998p100;2015;194382288.0;992;j
RS;tdiinc992j;p99.998p100;2016;203093392.0;992;j
RS;tdiinc992j;p99.998p100;2017;204912608.0;992;j
RS;tdiinc992j;p99p100;1990;2833911.8;992;j
RS;tdiinc992j;p99p100;1991;2456470.3;992;j
RS;tdiinc992j;p99p100;1992;1686033.8;992;j
RS;tdiinc992j;p99p100;1993;1098515.1;992;j
RS;tdiinc992j;p99p100;1994;1133266.4;992;j
RS;tdiinc992j;p99p100;1995;1198221.6;992;j
RS;tdiinc992j;p99p100;1996;1202086.9;992;j
RS;tdiinc992j;p99p100;1997;1266703.1;992;j
RS;tdiinc992j;p99p100;1998;1363185.6;992;j
RS;tdiinc992j;p99p100;1999;1537368.0;992;j
RS;tdiinc992j;p99p100;2000;1756554.0;992;j
RS;tdiinc992j;p99p100;2001;1778519.1;992;j
RS;tdiinc992j;p99p100;2002;1965501.1;992;j
RS;tdiinc992j;p99p100;2003;2054021.0;992;j
RS;tdiinc992j;p99p100;2004;2348653.8;992;j
RS;tdiinc992j;p99p100;2005;2675000.8;992;j
RS;tdiinc992j;p99p100;2006;2925597.5;992;j
RS;tdiinc992j;p99p100;2007;2992949.0;992;j
RS;tdiinc992j;p99p100;2008;3233911.3;992;j
RS;tdiinc992j;p99p100;2009;3228560.0;992;j
RS;tdiinc992j;p99p100;2010;3351969.0;992;j
RS;tdiinc992j;p99p100;2011;3472003.5;992;j
RS;tdiinc992j;p99p100;2012;3478045.5;992;j
RS;tdiinc992j;p99p100;2013;3538081.3;992;j
RS;tdiinc992j;p99p100;2014;3359329.3;992;j
RS;tdiinc992j;p99p100;2015;3521764.0;992;j
RS;tdiinc992j;p99p100;2016;3667834.0;992;j
RS;tdiinc992j;p99p100;2017;3693946.8;992;j
RS;tptinc992j;p0p50;1990;38046.898;992;j
RS;tptinc992j;p0p50;1991;30647.9;992;j
RS;tptinc992j;p0p50;1992;19364.6;992;j
RS;tptinc992j;p0p50;1993;11503.2;992;j
RS;tptinc992j;p0p50;1994;10762.0;992;j
RS;tptinc992j;p0p50;1995;10210.7;992;j
RS;tptinc992j;p0p50;1996;9016.4004;992;j
RS;tptinc992j;p0p50;1997;8147.2002;992;j
RS;tptinc992j;p0p50;1998;8770.9004;992;j
RS;tptinc992j;p0p50;1999;9103.5;992;j
RS;tptinc992j;p0p50;2000;9704.2002;992;j
RS;tptinc992j;p0p50;2001;10561.1;992;j
RS;tptinc992j;p0p50;2002;9846.5;992;j
RS;tptinc992j;p0p50;2003;12200.0;992;j
RS;tptinc992j;p0p50;2004;12672.4;992;j
RS;tptinc992j;p0p50;2005;14174.7;992;j
RS;tptinc992j;p0p50;2006;14586.9;992;j
RS;tptinc992j;p0p50;2007;15579.1;992;j
RS;tptinc992j;p0p50;2008;-1704301.4;992;j
RS;tptinc992j;p0p50;2009;10488.7;992;j
RS;tptinc992j;p0p50;2010;10715.4;992;j
RS;tptinc992j;p0p50;2011;11320.7;992;j
RS;tptinc992j;p0p50;2012;758.90002;992;j
RS;tptinc992j;p0p50;2013;-8439.0996;992;j
RS;tptinc992j;p0p50;2014;-14804.0;992;j
RS;tptinc992j;p0p50;2015;-18647.0;992;j
RS;tptinc992j;p0p50;2016;-21941.1;992;j
RS;tptinc992j;p0p50;2017;-25010.6;992;j
RS;tptinc992j;p70p71;1990;860530.81;992;j
RS;tptinc992j;p70p71;1991;744619.0;992;j
RS;tptinc992j;p70p71;1992;508329.0;992;j
RS;tptinc992j;p70p71;1993;328527.19;992;j
RS;tptinc992j;p70p71;1994;336944.41;992;j
RS;tptinc992j;p70p71;1995;353872.69;992;j
RS;tptinc992j;p70p71;1996;355797.69;992;j
RS;tptinc992j;p70p71;1997;376290.09;992;j
RS;tptinc992j;p70p71;1998;393298.5;992;j
RS;tptinc992j;p70p71;1999;426266.69;992;j
RS;tptinc992j;p70p71;2000;462584.59;992;j
RS;tptinc992j;p70p71;2001;457715.09;992;j
RS;tptinc992j;p70p71;2002;495843.09;992;j
RS;tptinc992j;p70p71;2003;521783.59;992;j
RS;tptinc992j;p70p71;2004;581378.88;992;j
RS;tptinc992j;p70p71;2005;645927.88;992;j
RS;tptinc992j;p70p71;2006;686560.38;992;j
RS;tptinc992j;p70p71;2007;720003.0;992;j
RS;tptinc992j;p70p71;2008;773280.31;992;j
RS;tptinc992j;p70p71;2009;758076.69;992;j
RS;tptinc992j;p70p71;2010;751940.81;992;j
RS;tptinc992j;p70p71;2011;752301.0;992;j
RS;tptinc992j;p70p71;2012;763857.31;992;j
RS;tptinc992j;p70p71;2013;790259.19;992;j
RS;tptinc992j;p70p71;2014;755813.63;992;j
RS;tptinc992j;p70p71;2015;759627.81;992;j
RS;tptinc992j;p70p71;2016;782860.19;992;j
RS;tptinc992j;p70p71;2017;787226.5;992;j
RS;tptinc992j;p83p100;1990;1111143.6;992;j
RS;tptinc992j;p83p100;1991;960887.13;992;j
RS;tptinc992j;p83p100;1992;655683.13;992;j
RS;tptinc992j;p83p100;1993;423996.09;992;j
RS;tptinc992j;p83p100;1994;434755.81;992;j
RS;tptinc992j;p83p100;1995;457161.19;992;j
RS;tptinc992j;p83p100;1996;459592.91;992;j
RS;tptinc992j;p83p100;1997;486346.91;992;j
RS;tptinc992j;p83p100;1998;503957.69;992;j
RS;tptinc992j;p83p100;1999;549523.13;992;j
RS;tptinc992j;p83p100;2000;596567.13;992;j
RS;tptinc992j;p83p100;2001;590383.19;992;j
RS;tptinc992j;p83p100;2002;646153.69;992;j
RS;tptinc992j;p83p100;2003;678625.63;992;j
RS;tptinc992j;p83p100;2004;768028.81;992;j
RS;tptinc992j;p83p100;2005;863989.81;992;j
RS;tptinc992j;p83p100;2006;914924.31;992;j
RS;tptinc992j;p83p100;2007;969947.38;992;j
RS;tptinc992j;p83p100;2008;1047149.1;992;j
RS;tptinc992j;p83p100;2009;1027631.9;992;j
RS;tptinc992j;p83p100;2010;1035841.3;992;j
RS;tptinc992j;p83p100;2011;1044097.8;992;j
RS;tptinc992j;p83p100;2012;1063717.0;992;j
RS;tptinc992j;p83p100;2013;1091721.4;992;j
RS;tptinc992j;p83p100;2014;1045164.5;992;j
RS;tptinc992j;p83p100;2015;1040103.8;992;j
RS;tptinc992j;p83p100;2016;1072268.5;992;j
RS;tptinc992j;p83p100;2017;1078362.8;992;j
RS;tptinc992j;p93p100;1990;1475355.0;992;j
RS;tptinc992j;p93p100;1991;1282905.0;992;j
RS;tptinc992j;p93p100;1992;879203.88;992;j
RS;tptinc992j;p93p100;1993;570630.38;992;j
RS;tptinc992j;p93p100;1994;587673.88;992;j
RS;tptinc992j;p93p100;1995;620492.63;992;j
RS;tptinc992j;p93p100;1996;625804.31;992;j
RS;tptinc992j;p93p100;1997;663901.88;992;j
RS;tptinc992j;p93p100;1998;700779.88;992;j
RS;tptinc992j;p93p100;1999;763007.38;992;j
RS;tptinc992j;p93p100;2000;841363.31;992;j
RS;tptinc992j;p93p100;2001;836511.63;992;j
RS;tptinc992j;p93p100;2002;914476.81;992;j
RS;tptinc992j;p93p100;2003;979101.19;992;j
RS;tptinc992j;p93p100;2004;1124275.5;992;j
RS;tptinc992j;p93p100;2005;1284740.3;992;j
RS;tptinc992j;p93p100;2006;1370605.0;992;j
RS;tptinc992j;p93p100;2007;1429465.6;992;j
RS;tptinc992j;p93p100;2008;1532409.0;992;j
RS;tptinc992j;p93p100;2009;1527160.1;992;j
RS;tptinc992j;p93p100;2010;1562919.4;992;j
RS;tptinc992j;p93p100;2011;1594842.8;992;j
RS;tptinc992j;p93p100;2012;1604715.1;992;j
RS;tptinc992j;p93p100;2013;1626227.3;992;j
RS;tptinc992j;p93p100;2014;1556651.8;992;j
RS;tptinc992j;p93p100;2015;1568346.8;992;j
RS;tptinc992j;p93p100;2016;1616654.3;992;j
RS;tptinc992j;p93p100;2017;1626356.6;992;j
RS;tptinc992j;p95p100;1990;1665023.1;992;j
RS;tptinc992j;p95p100;1991;1448907.8;992;j
RS;tptinc992j;p95p100;1992;994644.31;992;j
RS;tptinc992j;p95p100;1993;646124.13;992;j
RS;tptinc992j;p95p100;1994;666945.88;992;j
RS;tptinc992j;p95p100;1995;705059.63;992;j
RS;tptinc992j;p95p100;1996;711253.88;992;j
RS;tptinc992j;p95p100;1997;754544.81;992;j
RS;tptinc992j;p95p100;1998;799014.5;992;j
RS;tptinc992j;p95p100;1999;872632.13;992;j
RS;tptinc992j;p95p100;2000;969848.38;992;j
RS;tptinc992j;p95p100;2001;966486.38;992;j
RS;tptinc992j;p95p100;2002;1059802.4;992;j
RS;tptinc992j;p95p100;2003;1132846.5;992;j
RS;tptinc992j;p95p100;2004;1303638.6;992;j
RS;tptinc992j;p95p100;2005;1492283.3;992;j
RS;tptinc992j;p95p100;2006;1592052.1;992;j
RS;tptinc992j;p95p100;2007;1648194.1;992;j
RS;tptinc992j;p95p100;2008;1766777.0;992;j
RS;tptinc992j;p95p100;2009;1761406.3;992;j
RS;tptinc992j;p95p100;2010;1817082.6;992;j
RS;tptinc992j;p95p100;2011;1856210.1;992;j
RS;tptinc992j;p95p100;2012;1885250.8;992;j
RS;tptinc992j;p95p100;2013;1897357.1;992;j
RS;tptinc992j;p95p100;2014;1814137.9;992;j
RS;tptinc992j;p95p100;2015;1815738.5;992;j
RS;tptinc992j;p95p100;2016;1872034.0;992;j
RS;tptinc992j;p95p100;2017;1883887.4;992;j
RS;tptinc992j;p99.998p100;1990;72205464.0;992;j
RS;tptinc992j;p99.998p100;1991;65179500.0;992;j
RS;tptinc992j;p99.998p100;1992;45707904.0;992;j
RS;tptinc992j;p99.998p100;1993;30767788.0;992;j
RS;tptinc992j;p99.998p100;1994;32310830.0;992;j
RS;tptinc992j;p99.998p100;1995;35337012.0;992;j
RS;tptinc992j;p99.998p100;1996;36591752.0;992;j
RS;tptinc992j;p99.998p100;1997;39921656.0;992;j
RS;tptinc992j;p99.998p100;1998;41220532.0;992;j
RS;tptinc992j;p99.998p100;1999;49407552.0;992;j
RS;tptinc992j;p99.998p100;2000;58573496.0;992;j
RS;tptinc992j;p99.998p100;2001;63859496.0;992;j
RS;tptinc992j;p99.998p100;2002;66317012.0;992;j
RS;tptinc992j;p99.998p100;2003;67536504.0;992;j
RS;tptinc992j;p99.998p100;2004;78329648.0;992;j
RS;tptinc992j;p99.998p100;2005;83347896.0;992;j
RS;tptinc992j;p99.998p100;2006;89101008.0;992;j
RS;tptinc992j;p99.998p100;2007;83597368.0;992;j
RS;tptinc992j;p99.998p100;2008;91596728.0;992;j
RS;tptinc992j;p99.998p100;2009;88308864.0;992;j
RS;tptinc992j;p99.998p100;2010;85057776.0;992;j
RS;tptinc992j;p99.998p100;2011;90933672.0;992;j
RS;tptinc992j;p99.998p100;2012;67577120.0;992;j
RS;tptinc992j;p99.998p100;2013;77270352.0;992;j
RS;tptinc992j;p99.998p100;2014;128328280.0;992;j
RS;tptinc992j;p99.998p100;2015;125261416.0;992;j
RS;tptinc992j;p99.998p100;2016;129267912.0;992;j
RS;tptinc992j;p99.998p100;2017;130144096.0;992;j
RS;acainc992j;p20p100;1990;620117.69;992;j
RS;acainc992j;p20p100;1991;537989.31;992;j
RS;acainc992j;p20p100;1992;368074.41;992;j
RS;acainc992j;p20p100;1993;238467.91;992;j
RS;acainc992j;p20p100;1994;245364.59;992;j
RS;acainc992j;p20p100;1995;258719.8;992;j
RS;acainc992j;p20p100;1996;260553.7;992;j
RS;acainc992j;p20p100;1997;274653.5;992;j
RS;acainc992j;p20p100;1998;300075.81;992;j
RS;acainc992j;p20p100;1999;342501.69;992;j
RS;acainc992j;p20p100;2000;372315.19;992;j
RS;acainc992j;p20p100;2001;363229.31;992;j
RS;acainc992j;p20p100;2002;382269.09;992;j
RS;acainc992j;p20p100;2003;403207.19;992;j
RS;acainc992j;p20p100;2004;484675.19;992;j
RS;acainc992j;p20p100;2005;552970.5;992;j
RS;acainc992j;p20p100;2006;585492.63;992;j
RS;acainc992j;p20p100;2007;586190.31;992;j
RS;acainc992j;p20p100;2008;628667.5;992;j
RS;acainc992j;p20p100;2009;622182.19;992;j
RS;acainc992j;p20p100;2010;626943.88;992;j
RS;acainc992j;p20p100;2011;635340.13;992;j
RS;acainc992j;p20p100;2012;635591.81;992;j
RS;acainc992j;p20p100;2013;648129.38;992;j
RS;acainc992j;p20p100;2014;626986.13;992;j
RS;acainc992j;p20p100;2015;639070.69;992;j
RS;acainc992j;p20p100;2016;662761.63;992;j
RS;acainc992j;p20p100;2017;663369.88;992;j
RS;acainc992j;p72p73;1990;640066.0;992;j
RS;acainc992j;p72p73;1991;555675.31;992;j
RS;acainc992j;p72p73;1992;379986.41;992;j
RS;acainc992j;p72p73;1993;245932.3;992;j
RS;acainc992j;p72p73;1994;252849.8;992;j
RS;acainc992j;p72p73;1995;266329.0;992;j
RS;acainc992j;p72p73;1996;268484.09;992;j
RS;acainc992j;p72p73;1997;283344.31;992;j
RS;acainc992j;p72p73;1998;308013.41;992;j
RS;acainc992j;p72p73;1999;346596.81;992;j
RS;acainc992j;p72p73;2000;371984.81;992;j
RS;acainc992j;p72p73;2001;359756.19;992;j
RS;acainc992j;p72p73;2002;378570.69;992;j
RS;acainc992j;p72p73;2003;399598.0;992;j
RS;acainc992j;p72p73;2004;482758.69;992;j
RS;acainc992j;p72p73;2005;545197.38;992;j
RS;acainc992j;p72p73;2006;575189.0;992;j
RS;acainc992j;p72p73;2007;581634.38;992;j
RS;acainc992j;p72p73;2008;625910.88;992;j
RS;acainc992j;p72p73;2009;614921.69;992;j
RS;acainc992j;p72p73;2010;616616.13;992;j
RS;acainc992j;p72p73;2011;619133.88;992;j
RS;acainc992j;p72p73;2012;617695.13;992;j
RS;acainc992j;p72p73;2013;650004.69;992;j
RS;acainc992j;p72p73;2014;607948.0;992;j
RS;acainc992j;p72p73;2015;592505.63;992;j
RS;acainc992j;p72p73;2016;614402.69;992;j
RS;acainc992j;p72p73;2017;614822.5;992;j
RS;acainc992j;p79p80;1990;733888.63;992;j
RS;acainc992j;p79p80;1991;634959.19;992;j
RS;acainc992j;p79p80;1992;433525.81;992;j
RS;acainc992j;p79p80;1993;279950.0;992;j
RS;acainc992j;p79p80;1994;287067.41;992;j
RS;acainc992j;p79p80;1995;301658.09;992;j
RS;acainc992j;p79p80;1996;303233.5;992;j
RS;acainc992j;p79p80;1997;319038.59;992;j
RS;acainc992j;p79p80;1998;344336.41;992;j
RS;acainc992j;p79p80;1999;389069.81;992;j
RS;acainc992j;p79p80;2000;418832.31;992;j
RS;acainc992j;p79p80;2001;403933.31;992;j
RS;acainc992j;p79p80;2002;429954.41;992;j
RS;acainc992j;p79p80;2003;453688.59;992;j
RS;acainc992j;p79p80;2004;550075.88;992;j
RS;acainc992j;p79p80;2005;627195.19;992;j
RS;acainc992j;p79p80;2006;663010.63;992;j
RS;acainc992j;p79p80;2007;669407.13;992;j
RS;acainc992j;p79p80;2008;727495.38;992;j
RS;acainc992j;p79p80;2009;714253.81;992;j
RS;acainc992j;p79p80;2010;723034.5;992;j
RS;acainc992j;p79p80;2011;733073.19;992;j
RS;acainc992j;p79p80;2012;731377.31;992;j
RS;acainc992j;p79p80;2013;765081.5;992;j
RS;acainc992j;p79p80;2014;701757.31;992;j
RS;acainc992j;p79p80;2015;695036.31;992;j
RS;acainc992j;p79p80;2016;720664.88;992;j
RS;acainc992j;p79p80;2017;721212.13;992;j
RS;acainc992j;p99.94p100;1990;17262026.0;992;j
RS;acainc992j;p99.94p100;1991;14282834.0;992;j
RS;acainc992j;p99.94p100;1992;9206320.0;992;j
RS;acainc992j;p99.94p100;1993;5753574.5;992;j
RS;acainc992j;p99.94p100;1994;5772726.0;992;j
RS;acainc992j;p99.94p100;1995;5960300.5;992;j
RS;acainc992j;p99.94p100;1996;5807073.5;992;j
RS;acainc992j;p99.94p100;1997;5909009.5;992;j
RS;acainc992j;p99.94p100;1998;6821289.5;992;j
RS;acainc992j;p99.94p100;1999;9080668.0;992;j
RS;acainc992j;p99.94p100;2000;10517479.0;992;j
RS;acainc992j;p99.94p100;2001;11507483.0;992;j
RS;acainc992j;p99.94p100;2002;11645919.0;992;j
RS;acainc992j;p99.94p100;2003;12173350.0;992;j
RS;acainc992j;p99.94p100;2004;14772451.0;992;j
RS;acainc992j;p99.94p100;2005;17951130.0;992;j
RS;acainc992j;p99.94p100;2006;18052308.0;992;j
RS;acainc992j;p99.94p100;2007;16210660.0;992;j
RS;acainc992j;p99.94p100;2008;15952779.0;992;j
RS;acainc992j;p99.94p100;2009;18432162.0;992;j
RS;acainc992j;p99.94p100;2010;18091344.0;992;j
RS;acainc992j;p99.94p100;2011;18161172.0;992;j
RS;acainc992j;p99.94p100;2012;25154406.0;992;j
RS;acainc992j;p99.94p100;2013;20799848.0;992;j
RS;acainc992j;p99.94p100;2014;33256408.0;992;j
RS;acainc992j;p99.94p100;2015;50492272.0;992;j
RS;acainc992j;p99.94p100;2016;52396064.0;992;j
RS;acainc992j;p99.94p100;2017;52530640.0;992;j
RS;aconfc999i;p0p100;1980;60452.398;999;i
RS;aconfc999i;p0p100;1981;58552.301;999;i
RS;aconfc999i;p0p100;1982;70145.297;999;i
RS;aconfc999i;p0p100;1983;73042.5;999;i
RS;aconfc999i;p0p100;1984;69455.5;999;i
RS;aconfc999i;p0p100;1985;66007.398;999;i
RS;aconfc999i;p0p100;1986;63594.602;999;i
RS;aconfc999i;p0p100;1987;75379.898;999;i
RS;aconfc999i;p0p100;1988;72410.0;999;i
RS;aconfc999i;p0p100;1989;72100.0;999;i
RS;aconfc999i;p0p100;1990;66978.0;999;i
RS;aconfc999i;p0p100;1991;61641.301;999;i
RS;aconfc999i;p0p100;1992;54538.5;999;i
RS;aconfc999i;p0p100;1993;48897.898;999;i
RS;aconfc999i;p0p100;1994;46740.301;999;i
RS;aconfc999i;p0p100;1995;47884.898;999;i
RS;aconfc999i;p0p100;1996;51659.801;999;i
RS;aconfc999i;p0p100;1997;57421.0;999;i
RS;aconfc999i;p0p100;1998;53802.898;999;i
RS;aconfc999i;p0p100;1999;67719.0;999;i
RS;aconfc999i;p0p100;2000;66242.398;999;i
RS;aconfc999i;p0p100;2001;84351.5;999;i
RS;aconfc999i;p0p100;2002;85156.102;999;i
RS;aconfc999i;p0p100;2003;85198.297;999;i
RS;aconfc999i;p0p100;2004;79003.297;999;i
RS;aconfc999i;p0p100;2005;80194.898;999;i
RS;aconfc999i;p0p100;2006;82316.203;999;i
RS;aconfc999i;p0p100;2007;93328.797;999;i
RS;aconfc999i;p0p100;2008;97044.398;999;i
RS;aconfc999i;p0p100;2009;97189.297;999;i
RS;aconfc999i;p0p100;2010;96492.398;999;i
RS;aconfc999i;p0p100;2011;97172.398;999;i
RS;aconfc999i;p0p100;2012;99083.203;999;i
RS;aconfc999i;p0p100;2013;101083.9;999;i
RS;aconfc999i;p0p100;2014;103356.3;999;i
RS;aconfc999i;p0p100;2015;106354.5;999;i
RS;aconfc999i;p0p100;2016;110251.4;999;i
RS;aconfc999i;p0p100;2017;114648.4;999;i
RS;aconfc999i;p0p100;2018;119889.1;999;i
RS;aconfc999i;p0p100;2019;125704.0;999;i
RS;adiinc992j;p11p12;1990;218035.59;992;j
RS;adiinc992j;p11p12;1991;191468.8;992;j
RS;adiinc992j;p11p12;1992;133051.2;992;j
RS;adiinc992j;p11p12;1993;87560.0;992;j
RS;adiinc992j;p11p12;1994;91614.602;992;j
RS;adiinc992j;p11p12;1995;98045.0;992;j
RS;adiinc992j;p11p12;1996;100705.1;992;j
RS;adiinc992j;p11p12;1997;109023.3;992;j
RS;adiinc992j;p11p12;1998;120996.5;992;j
RS;adiinc992j;p11p12;1999;129852.9;992;j
RS;adiinc992j;p11p12;2000;141409.8;992;j
RS;adiinc992j;p11p12;2001;141016.09;992;j
RS;adiinc992j;p11p12;2002;139989.0;992;j
RS;adiinc992j;p11p12;2003;137268.7;992;j
RS;adiinc992j;p11p12;2004;136121.0;992;j
RS;adiinc992j;p11p12;2005;138311.8;992;j
RS;adiinc992j;p11p12;2006;133374.41;992;j
RS;adiinc992j;p11p12;2007;129705.5;992;j
RS;adiinc992j;p11p12;2008;133916.41;992;j
RS;adiinc992j;p11p12;2009;127403.8;992;j
RS;adiinc992j;p11p12;2010;114953.3;992;j
RS;adiinc992j;p11p12;2011;101872.8;992;j
RS;adiinc992j;p11p12;2012;94703.398;992;j
RS;adiinc992j;p11p12;2013;115126.8;992;j
RS;adiinc992j;p11p12;2014;158902.7;992;j
RS;adiinc992j;p11p12;2015;130713.9;992;j
RS;adiinc992j;p11p12;2016;127657.1;992;j
RS;adiinc992j;p11p12;2017;127509.6;992;j
RS;adiinc992j;p20p100;1990;869365.31;992;j
RS;adiinc992j;p20p100;1991;754372.38;992;j
RS;adiinc992j;p20p100;1992;516225.59;992;j
RS;adiinc992j;p20p100;1993;334505.19;992;j
RS;adiinc992j;p20p100;1994;344224.0;992;j
RS;adiinc992j;p20p100;1995;363004.09;992;j
RS;adiinc992j;p20p100;1996;365619.0;992;j
RS;adiinc992j;p20p100;1997;387171.0;992;j
RS;adiinc992j;p20p100;1998;406372.0;992;j
RS;adiinc992j;p20p100;1999;445474.81;992;j
RS;adiinc992j;p20p100;2000;490122.09;992;j
RS;adiinc992j;p20p100;2001;489560.81;992;j
RS;adiinc992j;p20p100;2002;529715.13;992;j
RS;adiinc992j;p20p100;2003;556879.0;992;j
RS;adiinc992j;p20p100;2004;630413.69;992;j
RS;adiinc992j;p20p100;2005;704420.69;992;j
RS;adiinc992j;p20p100;2006;746345.88;992;j
RS;adiinc992j;p20p100;2007;771179.5;992;j
RS;adiinc992j;p20p100;2008;821848.19;992;j
RS;adiinc992j;p20p100;2009;807804.81;992;j
RS;adiinc992j;p20p100;2010;812354.31;992;j
RS;adiinc992j;p20p100;2011;818061.19;992;j
RS;adiinc992j;p20p100;2012;817865.63;992;j
RS;adiinc992j;p20p100;2013;834579.0;992;j
RS;adiinc992j;p20p100;2014;806897.81;992;j
RS;adiinc992j;p20p100;2015;819794.0;992;j
RS;adiinc992j;p20p100;2016;846963.38;992;j
RS;adiinc992j;p20p100;2017;852192.19;992;j
RS;adiinc992j;p50p60;1990;674967.0;992;j
RS;adiinc992j;p50p60;1991;586868.5;992;j
RS;adiinc992j;p50p60;1992;402115.59;992;j
RS;adiinc992j;p50p60;1993;260623.5;992;j
RS;adiinc992j;p50p60;1994;268309.5;992;j
RS;adiinc992j;p50p60;1995;283037.31;992;j
RS;adiinc992j;p50p60;1996;285632.19;992;j
RS;adiinc992j;p50p60;1997;303186.41;992;j
RS;adiinc992j;p50p60;1998;315041.91;992;j
RS;adiinc992j;p50p60;1999;341473.19;992;j
RS;adiinc992j;p50p60;2000;372780.81;992;j
RS;adiinc992j;p50p60;2001;369644.5;992;j
RS;adiinc992j;p50p60;2002;397966.69;992;j
RS;adiinc992j;p50p60;2003;416581.69;992;j
RS;adiinc992j;p50p60;2004;466876.31;992;j
RS;adiinc992j;p50p60;2005;514229.09;992;j
RS;adiinc992j;p50p60;2006;540116.19;992;j
RS;adiinc992j;p50p60;2007;560999.63;992;j
RS;adiinc992j;p50p60;2008;595402.63;992;j
RS;adiinc992j;p50p60;2009;579516.0;992;j
RS;adiinc992j;p50p60;2010;573246.63;992;j
RS;adiinc992j;p50p60;2011;569767.19;992;j
RS;adiinc992j;p50p60;2012;564235.0;992;j
RS;adiinc992j;p50p60;2013;577714.13;992;j
RS;adiinc992j;p50p60;2014;556347.69;992;j
RS;adiinc992j;p50p60;2015;549777.0;992;j
RS;adiinc992j;p50p60;2016;565002.69;992;j
RS;adiinc992j;p50p60;2017;568044.63;992;j
RS;adiinc992j;p77p78;1990;984704.81;992;j
RS;adiinc992j;p77p78;1991;853061.0;992;j
RS;adiinc992j;p77p78;1992;583279.13;992;j
RS;adiinc992j;p77p78;1993;377165.19;992;j
RS;adiinc992j;p77p78;1994;387560.31;992;j
RS;adiinc992j;p77p78;1995;407921.59;992;j
RS;adiinc992j;p77p78;1996;410691.81;992;j
RS;adiinc992j;p77p78;1997;434543.09;992;j
RS;adiinc992j;p77p78;1998;451478.19;992;j
RS;adiinc992j;p77p78;1999;490524.0;992;j
RS;adiinc992j;p77p78;2000;533992.69;992;j
RS;adiinc992j;p77p78;2001;527864.5;992;j
RS;adiinc992j;p77p78;2002;574122.69;992;j
RS;adiinc992j;p77p78;2003;605058.31;992;j
RS;adiinc992j;p77p78;2004;687323.13;992;j
RS;adiinc992j;p77p78;2005;765980.5;992;j
RS;adiinc992j;p77p78;2006;809553.69;992;j
RS;adiinc992j;p77p78;2007;844288.88;992;j
RS;adiinc992j;p77p78;2008;904036.38;992;j
RS;adiinc992j;p77p78;2009;885419.63;992;j
RS;adiinc992j;p77p78;2010;888293.38;992;j
RS;adiinc992j;p77p78;2011;893486.19;992;j
RS;adiinc992j;p77p78;2012;889199.81;992;j
RS;adiinc992j;p77p78;2013;934005.63;992;j
RS;adiinc992j;p77p78;2014;863844.38;992;j
RS;adiinc992j;p77p78;2015;849748.31;992;j
RS;adiinc992j;p77p78;2016;878087.81;992;j
RS;adiinc992j;p77p78;2017;883452.13;992;j
RS;adiinc992j;p99.95p99.96;1990;12520461.0;992;j
RS;adiinc992j;p99.95p99.96;1991;10579358.0;992;j
RS;adiinc992j;p99.95p99.96;1992;7019106.5;992;j
RS;adiinc992j;p99.95p99.96;1993;4476001.5;992;j
RS;adiinc992j;p99.95p99.96;1994;4550207.5;992;j
RS;adiinc992j;p99.95p99.96;1995;4751581.0;992;j
RS;adiinc992j;p99.95p99.96;1996;4685026.0;992;j
RS;adiinc992j;p99.95p99.96;1997;4843640.5;992;j
RS;adiinc992j;p99.95p99.96;1998;5353724.5;992;j
RS;adiinc992j;p99.95p99.96;1999;6564672.5;992;j
RS;adiinc992j;p99.95p99.96;2000;7650942.5;992;j
RS;adiinc992j;p99.95p99.96;2001;8220754.0;992;j
RS;adiinc992j;p99.95p99.96;2002;8768242.0;992;j
RS;adiinc992j;p99.95p99.96;2003;9108755.0;992;j
RS;adiinc992j;p99.95p99.96;2004;10395663.0;992;j
RS;adiinc992j;p99.95p99.96;2005;12159825.0;992;j
RS;adiinc992j;p99.95p99.96;2006;12732977.0;992;j
RS;adiinc992j;p99.95p99.96;2007;12221855.0;992;j
RS;adiinc992j;p99.95p99.96;2008;12453912.0;992;j
RS;adiinc992j;p99.95p99.96;2009;13547434.0;992;j
RS;adiinc992j;p99.95p99.96;2010;13601641.0;992;j
RS;adiinc992j;p99.95p99.96;2011;13823999.0;992;j
RS;adiinc992j;p99.95p99.96;2012;16776855.0;992;j
RS;adiinc992j;p99.95p99.96;2013;15102398.0;992;j
RS;adiinc992j;p99.95p99.96;2014;19196806.0;992;j
RS;adiinc992j;p99.95p99.96;2015;24464066.0;992;j
RS;adiinc992j;p99.95p99.96;2016;25540744.0;992;j
RS;adiinc992j;p99.95p99.96;2017;25745684.0;992;j
RS;aptfrp992i;p0p100;1980;-15.6;992;i
RS;aptfrp992i;p0p100;1981;-17.200001;992;i
RS;aptfrp992i;p0p100;1982;-18.799999;992;i
RS;aptfrp992i;p0p100;1983;-20.4;992;i
RS;aptfrp992i;p0p100;1984;-21.9;992;i
RS;aptfrp992i;p0p100;1985;-23.5;992;i
RS;aptfrp992i;p0p100;1986;-25.1;992;i
RS;aptfrp992i;p0p100;1987;-26.700001;992;i
RS;aptfrp992i;p0p100;1988;-28.200001;992;i
RS;aptfrp992i;p0p100;1989;-29.799999;992;i
RS;aptfrp992i;p0p100;1990;-31.4;992;i
RS;aptfrp992i;p0p100;1991;-28.799999;992;i
RS;aptfrp992i;p0p100;1992;-21.4;992;i
RS;aptfrp992i;p0p100;1993;-15.3;992;i
RS;aptfrp992i;p0p100;1994;-16.200001;992;i
RS;aptfrp992i;p0p100;1995;-17.700001;992;i
RS;aptfrp992i;p0p100;1996;-18.799999;992;i
RS;aptfrp992i;p0p100;1997;-20.9;992;i
RS;aptfrp992i;p0p100;1998;-2.3;992;i
RS;aptfrp992i;p0p100;1999;0.69999999;992;i
RS;aptfrp992i;p0p100;2000;8.5;992;i
RS;aptfrp992i;p0p100;2001;-9.3999996;992;i
RS;aptfrp992i;p0p100;2002;-11.4;992;i
RS;aptfrp992i;p0p100;2003;-13.3;992;i
RS;aptfrp992i;p0p100;2004;13.2;992;i
RS;aptfrp992i;p0p100;2005;107.5;992;i
RS;aptfrp992i;p0p100;2006;421.39999;992;i
RS;aptfrp992i;p0p100;2007;-177.8;992;i
RS;aptfrp992i;p0p100;2008;-232.5;992;i
RS;aptfrp992i;p0p100;2009;358.0;992;i
RS;aptfrp992i;p0p100;2010;531.59998;992;i
RS;aptfrp992i;p0p100;2011;659.59998;992;i
RS;aptfrp992i;p0p100;2012;740.09998;992;i
RS;aptfrp992i;p0p100;2013;780.59998;992;i
RS;aptfrp992i;p0p100;2014;641.09998;992;i
RS;aptfrp992i;p0p100;2015;535.09998;992;i
RS;aptfrp992i;p0p100;2016;63.599998;992;i
RS;aptfrp992i;p0p100;2017;69.300003;992;i
RS;aptfrp992i;p0p100;2018;48.799999;992;i
RS;aptfrp992i;p0p100;2019;51.299999;992;i
RS;aptinc992j;p59p60;1990;704109.19;992;j
RS;aptinc992j;p59p60;1991;608387.69;992;j
RS;aptinc992j;p59p60;1992;414754.41;992;j
RS;aptinc992j;p59p60;1993;267705.91;992;j
RS;aptinc992j;p59p60;1994;274492.59;992;j
RS;aptinc992j;p59p60;1995;288420.59;992;j
RS;aptinc992j;p59p60;1996;289906.31;992;j
RS;aptinc992j;p59p60;1997;306482.5;992;j
RS;aptinc992j;p59p60;1998;319958.09;992;j
RS;aptinc992j;p59p60;1999;349070.59;992;j
RS;aptinc992j;p59p60;2000;378632.19;992;j
RS;aptinc992j;p59p60;2001;373507.41;992;j
RS;aptinc992j;p59p60;2002;402541.31;992;j
RS;aptinc992j;p59p60;2003;422489.5;992;j
RS;aptinc992j;p59p60;2004;468345.91;992;j
RS;aptinc992j;p59p60;2005;517954.41;992;j
RS;aptinc992j;p59p60;2006;548882.63;992;j
RS;aptinc992j;p59p60;2007;573234.69;992;j
RS;aptinc992j;p59p60;2008;612655.31;992;j
RS;aptinc992j;p59p60;2009;599133.19;992;j
RS;aptinc992j;p59p60;2010;591138.81;992;j
RS;aptinc992j;p59p60;2011;586530.88;992;j
RS;aptinc992j;p59p60;2012;587006.88;992;j
RS;aptinc992j;p59p60;2013;612989.69;992;j
RS;aptinc992j;p59p60;2014;586844.5;992;j
RS;aptinc992j;p59p60;2015;601577.63;992;j
RS;aptinc992j;p59p60;2016;619885.88;992;j
RS;aptinc992j;p59p60;2017;623356.81;992;j
RS;aptinc992j;p80p90;1990;1165627.9;992;j
RS;aptinc992j;p80p90;1991;1009028.3;992;j
RS;aptinc992j;p80p90;1992;688900.63;992;j
RS;aptinc992j;p80p90;1993;445340.59;992;j
RS;aptinc992j;p80p90;1994;457208.31;992;j
RS;aptinc992j;p80p90;1995;480935.0;992;j
RS;aptinc992j;p80p90;1996;483671.5;992;j
RS;aptinc992j;p80p90;1997;511627.59;992;j
RS;aptinc992j;p80p90;1998;532842.19;992;j
RS;aptinc992j;p80p90;1999;579353.81;992;j
RS;aptinc992j;p80p90;2000;629958.13;992;j
RS;aptinc992j;p80p90;2001;623542.38;992;j
RS;aptinc992j;p80p90;2002;680450.31;992;j
RS;aptinc992j;p80p90;2003;718901.13;992;j
RS;aptinc992j;p80p90;2004;816369.13;992;j
RS;aptinc992j;p80p90;2005;923972.69;992;j
RS;aptinc992j;p80p90;2006;983737.13;992;j
RS;aptinc992j;p80p90;2007;1038128.8;992;j
RS;aptinc992j;p80p90;2008;1118849.9;992;j
RS;aptinc992j;p80p90;2009;1105491.8;992;j
RS;aptinc992j;p80p90;2010;1113472.3;992;j
RS;aptinc992j;p80p90;2011;1127718.3;992;j
RS;aptinc992j;p80p90;2012;1145355.3;992;j
RS;aptinc992j;p80p90;2013;1174025.9;992;j
RS;aptinc992j;p80p90;2014;1123703.3;992;j
RS;aptinc992j;p80p90;2015;1126731.1;992;j
RS;aptinc992j;p80p90;2016;1161249.3;992;j
RS;aptinc992j;p80p90;2017;1168101.1;992;j
RS;aptinc992j;p89p100;1990;2125833.5;992;j
RS;aptinc992j;p89p100;1991;1858143.4;992;j
RS;aptinc992j;p89p100;1992;1280390.1;992;j
RS;aptinc992j;p89p100;1993;835574.81;992;j
RS;aptinc992j;p89p100;1994;865988.81;992;j
RS;aptinc992j;p89p100;1995;919997.13;992;j
RS;aptinc992j;p89p100;1996;930993.13;992;j
RS;aptinc992j;p89p100;1997;990792.38;992;j
RS;aptinc992j;p89p100;1998;1049186.8;992;j
RS;aptinc992j;p89p100;1999;1161768.0;992;j
RS;aptinc992j;p89p100;2000;1310898.0;992;j
RS;aptinc992j;p89p100;2001;1324557.5;992;j
RS;aptinc992j;p89p100;2002;1445748.0;992;j
RS;aptinc992j;p89p100;2003;1533230.3;992;j
RS;aptinc992j;p89p100;2004;1769343.8;992;j
RS;aptinc992j;p89p100;2005;2009924.4;992;j
RS;aptinc992j;p89p100;2006;2145006.5;992;j
RS;aptinc992j;p89p100;2007;2180222.0;992;j
RS;aptinc992j;p89p100;2008;2342992.8;992;j
RS;aptinc992j;p89p100;2009;2327490.0;992;j
RS;aptinc992j;p89p100;2010;2397602.8;992;j
RS;aptinc992j;p89p100;2011;2464558.0;992;j
RS;aptinc992j;p89p100;2012;2436084.8;992;j
RS;aptinc992j;p89p100;2013;2472444.5;992;j
RS;aptinc992j;p89p100;2014;2529200.0;992;j
RS;aptinc992j;p89p100;2015;2507458.5;992;j
RS;aptinc992j;p89p100;2016;2586007.3;992;j
RS;aptinc992j;p89p100;2017;2603347.8;992;j
RS;aptinc992j;p99p100;1990;6249239.5;992;j
RS;aptinc992j;p99p100;1991;5521843.0;992;j
RS;aptinc992j;p99p100;1992;3838949.0;992;j
RS;aptinc992j;p99p100;1993;2532696.5;992;j
RS;aptinc992j;p99p100;1994;2648378.0;992;j
RS;aptinc992j;p99p100;1995;2844916.5;992;j
RS;aptinc992j;p99p100;1996;2899688.0;992;j
RS;aptinc992j;p99p100;1997;3108431.3;992;j
RS;aptinc992j;p99p100;1998;3290422.0;992;j
RS;aptinc992j;p99p100;1999;3753383.3;992;j
RS;aptinc992j;p99p100;2000;4367019.0;992;j
RS;aptinc992j;p99p100;2001;4535110.0;992;j
RS;aptinc992j;p99p100;2002;4905227.5;992;j
RS;aptinc992j;p99p100;2003;5124544.5;992;j
RS;aptinc992j;p99p100;2004;5947522.5;992;j
RS;aptinc992j;p99p100;2005;6650147.5;992;j
RS;aptinc992j;p99p100;2006;7100555.5;992;j
RS;aptinc992j;p99p100;2007;6953175.0;992;j
RS;aptinc992j;p99p100;2008;7512620.5;992;j
RS;aptinc992j;p99p100;2009;7405506.0;992;j
RS;aptinc992j;p99p100;2010;7606838.0;992;j
RS;aptinc992j;p99p100;2011;7920625.5;992;j
RS;aptinc992j;p99p100;2012;7384890.5;992;j
RS;aptinc992j;p99p100;2013;7630880.0;992;j
RS;aptinc992j;p99p100;2014;8937924.0;992;j
RS;aptinc992j;p99p100;2015;8713389.0;992;j
RS;aptinc992j;p99p100;2016;8991400.0;992;j
RS;aptinc992j;p99p100;2017;9057366.0;992;j
RS;bdiinc992j;p54p100;1990;1.7367756;992;j
RS;bdiinc992j;p54p100;1991;1.728891;992;j
RS;bdiinc992j;p54p100;1992;1.7217497;992;j
RS;bdiinc992j;p54p100;1993;1.7171347;992;j
RS;bdiinc992j;p54p100;1994;1.7131089;992;j
RS;bdiinc992j;p54p100;1995;1.7098317;992;j
RS;bdiinc992j;p54p100;1996;1.701894;992;j
RS;bdiinc992j;p54p100;1997;1.6923757;992;j
RS;bdiinc992j;p54p100;1998;1.715992;992;j
RS;bdiinc992j;p54p100;1999;1.7450804;992;j
RS;bdiinc992j;p54p100;2000;1.7574983;992;j
RS;bdiinc992j;p54p100;2001;1.7665118;992;j
RS;bdiinc992j;p54p100;2002;1.7907029;992;j
RS;bdiinc992j;p54p100;2003;1.806116;992;j
RS;bdiinc992j;p54p100;2004;1.8432056;992;j
RS;bdiinc992j;p54p100;2005;1.8785275;992;j
RS;bdiinc992j;p54p100;2006;1.9106449;992;j
RS;bdiinc992j;p54p100;2007;1.9009522;992;j
RS;bdiinc992j;p54p100;2008;1.9230055;992;j
RS;bdiinc992j;p54p100;2009;1.9541197;992;j
RS;bdiinc992j;p54p100;2010;2.0018945;992;j
RS;bdiinc992j;p54p100;2011;2.0471632;992;j
RS;bdiinc992j;p54p100;2012;2.0627525;992;j
RS;bdiinc992j;p54p100;2013;2.0837867;992;j
RS;bdiinc992j;p54p100;2014;2.0718451;992;j
RS;bdiinc992j;p54p100;2015;2.1486604;992;j
RS;bdiinc992j;p54p100;2016;2.1680107;992;j
RS;bdiinc992j;p54p100;2017;2.1705647;992;j
RS;bdiinc992j;p99.94p100;1990;2.1145401;992;j
RS;bdiinc992j;p99.94p100;1991;2.0654435;992;j
RS;bdiinc992j;p99.94p100;1992;1.9991717;992;j
RS;bdiinc992j;p99.94p100;1993;1.9543407;992;j
RS;bdiinc992j;p99.94p100;1994;1.9258118;992;j
RS;bdiinc992j;p99.94p100;1995;1.9015887;992;j
RS;bdiinc992j;p99.94p100;1996;1.8759068;992;j
RS;bdiinc992j;p99.94p100;1997;1.8484582;992;j
RS;bdiinc992j;p99.94p100;1998;1.8784863;992;j
RS;bdiinc992j;p99.94p100;1999;1.9936624;992;j
RS;bdiinc992j;p99.94p100;2000;1.9913666;992;j
RS;bdiinc992j;p99.94p100;2001;2.0849881;992;j
RS;bdiinc992j;p99.94p100;2002;2.0076978;992;j
RS;bdiinc992j;p99.94p100;2003;2.013262;992;j
RS;bdiinc992j;p99.94p100;2004;2.017983;992;j
RS;bdiinc992j;p99.94p100;2005;2.0607798;992;j
RS;bdiinc992j;p99.94p100;2006;1.9678348;992;j
RS;bdiinc992j;p99.94p100;2007;1.8765236;992;j
RS;bdiinc992j;p99.94p100;2008;1.7865257;992;j
RS;bdiinc992j;p99.94p100;2009;1.9053628;992;j
RS;bdiinc992j;p99.94p100;2010;1.8485093;992;j
RS;bdiinc992j;p99.94p100;2011;1.8156722;992;j
RS;bdiinc992j;p99.94p100;2012;2.1082039;992;j
RS;bdiinc992j;p99.94p100;2013;1.9124341;992;j
RS;bdiinc992j;p99.94p100;2014;2.479924;992;j
RS;bdiinc992j;p99.94p100;2015;3.0005903;992;j
RS;bdiinc992j;p99.94p100;2016;3.0027966;992;j
RS;bdiinc992j;p99.94p100;2017;3.0055103;992;j
RS;bptinc992j;p45p100;1990;2.0206475;992;j
RS;bptinc992j;p45p100;1991;2.0338979;992;j
RS;bptinc992j;p45p100;1992;2.0489633;992;j
RS;bptinc992j;p45p100;1993;2.062803;992;j
RS;bptinc992j;p45p100;1994;2.075716;992;j
RS;bptinc992j;p45p100;1995;2.0912302;992;j
RS;bptinc992j;p45p100;1996;2.1027792;992;j
RS;bptinc992j;p45p100;1997;2.1152995;992;j
RS;bptinc992j;p45p100;1998;2.1588504;992;j
RS;bptinc992j;p45p100;1999;2.1614454;992;j
RS;bptinc992j;p45p100;2000;2.1938949;992;j
RS;bptinc992j;p45p100;2001;2.2011824;992;j
RS;bptinc992j;p45p100;2002;2.232744;992;j
RS;bptinc992j;p45p100;2003;2.2588179;992;j
RS;bptinc992j;p45p100;2004;2.3042309;992;j
RS;bptinc992j;p45p100;2005;2.3682449;992;j
RS;bptinc992j;p45p100;2006;2.4035141;992;j
RS;bptinc992j;p45p100;2007;2.3852503;992;j
RS;bptinc992j;p45p100;2008;2.4197652;992;j
RS;bptinc992j;p45p100;2009;2.4550109;992;j
RS;bptinc992j;p45p100;2010;2.5311177;992;j
RS;bptinc992j;p45p100;2011;2.6064112;992;j
RS;bptinc992j;p45p100;2012;2.6503391;992;j
RS;bptinc992j;p45p100;2013;2.5861406;992;j
RS;bptinc992j;p45p100;2014;2.6865644;992;j
RS;bptinc992j;p45p100;2015;2.6058705;992;j
RS;bptinc992j;p45p100;2016;2.606657;992;j
RS;bptinc992j;p45p100;2017;2.6092956;992;j
RS;msavgo999i;p0p100;1997;-208252551168.0;999;i
RS;msavgo999i;p0p100;1998;-233017180160.0;999;i
RS;msavgo999i;p0p100;1999;-169686417408.0;999;i
RS;msavgo999i;p0p100;2000;-220143419392.0;999;i
RS;msavgo999i;p0p100;2001;-142228422656.0;999;i
RS;msavgo999i;p0p100;2002;-114448883712.0;999;i
RS;msavgo999i;p0p100;2003;-88029011968.0;999;i
RS;msavgo999i;p0p100;2004;53455962112.0;999;i
RS;msavgo999i;p0p100;2005;45847691264.0;999;i
RS;msavgo999i;p0p100;2006;8989466624.0;999;i
RS;msavgo999i;p0p100;2007;-17392916480.0;999;i
RS;msavgo999i;p0p100;2008;-65946947584.0;999;i
RS;msavgo999i;p0p100;2009;-140402147328.0;999;i
RS;msavgo999i;p0p100;2010;-115811737600.0;999;i
RS;msavgo999i;p0p100;2011;-85456109568.0;999;i
RS;npopul501i;p0p100;1950;348491.0;501;i
RS;npopul501i;p0p100;1951;361672.0;501;i
RS;npopul501i;p0p100;1952;370582.0;501;i
RS;npopul501i;p0p100;1953;376293.0;501;i
RS;npopul501i;p0p100;1954;382148.0;501;i
RS;npopul501i;p0p100;1955;390153.0;501;i
RS;npopul501i;p0p100;1956;398437.0;501;i
RS;npopul501i;p0p100;1957;408304.0;501;i
RS;npopul501i;p0p100;1958;417515.0;501;i
RS;npopul501i;p0p100;1959;422587.0;501;i
RS;npopul501i;p0p100;1960;421581.0;501;i
RS;npopul501i;p0p100;1961;415497.0;501;i
RS;npopul501i;p0p100;1962;404598.0;501;i
RS;npopul501i;p0p100;1963;389981.0;501;i
RS;npopul501i;p0p100;1964;372895.0;501;i
RS;npopul501i;p0p100;1965;354443.0;501;i
RS;npopul501i;p0p100;1966;332624.0;501;i
RS;npopul501i;p0p100;1967;308652.0;501;i
RS;npopul501i;p0p100;1968;288303.0;501;i
RS;npopul501i;p0p100;1969;280350.0;501;i
RS;npopul501i;p0p100;1970;289840.0;501;i
RS;npopul501i;p0p100;1971;315115.0;501;i
RS;npopul501i;p0p100;1972;357188.0;501;i
RS;npopul501i;p0p100;1973;408941.0;501;i
RS;npopul501i;p0p100;1974;459498.0;501;i
RS;npopul501i;p0p100;1975;501999.0;501;i
RS;npopul501i;p0p100;1976;536143.0;501;i
RS;npopul501i;p0p100;1977;563165.0;501;i
RS;npopul501i;p0p100;1978;583879.0;501;i
RS;npopul501i;p0p100;1979;600225.0;501;i
RS;npopul501i;p0p100;1980;613294.0;501;i
RS;npopul501i;p0p100;1981;620799.0;501;i
RS;npopul501i;p0p100;1982;624141.0;501;i
RS;npopul501i;p0p100;1983;623677.0;501;i
RS;npopul501i;p0p100;1984;619946.0;501;i
RS;npopul501i;p0p100;1985;613409.0;501;i
RS;npopul501i;p0p100;1986;603301.0;501;i
RS;npopul501i;p0p100;1987;591925.0;501;i
RS;npopul501i;p0p100;1988;578992.0;501;i
RS;npopul501i;p0p100;1989;563639.0;501;i
RS;npopul501i;p0p100;1990;545761.0;501;i
RS;npopul501i;p0p100;1991;524753.0;501;i
RS;npopul501i;p0p100;1992;500319.0;501;i
RS;npopul501i;p0p100;1993;477830.0;501;i
RS;npopul501i;p0p100;1994;466117.0;501;i
RS;npopul501i;p0p100;1995;470309.0;501;i
RS;npopul501i;p0p100;1996;491481.0;501;i
RS;npopul501i;p0p100;1997;527562.0;501;i
RS;npopul501i;p0p100;1998;571974.0;501;i
RS;npopul501i;p0p100;1999;484019.0;501;i
RS;npopul501i;p0p100;2000;515629.0;501;i
RS;npopul501i;p0p100;2001;539966.0;501;i
RS;npopul501i;p0p100;2002;560303.0;501;i
RS;npopul501i;p0p100;2003;573491.0;501;i
RS;npopul501i;p0p100;2004;579469.0;501;i
RS;npopul501i;p0p100;2005;576951.0;501;i
RS;npopul501i;p0p100;2006;564591.0;501;i
RS;npopul501i;p0p100;2007;544186.0;501;i
RS;npopul501i;p0p100;2008;519704.0;501;i
RS;npopul501i;p0p100;2009;497494.0;501;i
RS;npopul501i;p0p100;2010;481191.0;501;i
RS;npopul501i;p0p100;2011;467845.0;501;i
RS;npopul501i;p0p100;2012;461423.0;501;i
RS;npopul501i;p0p100;2013;459040.0;501;i
RS;npopul501i;p0p100;2014;458003.0;501;i
RS;npopul501i;p0p100;2015;456581.0;501;i
RS;npopul501i;p0p100;2016;453598.0;501;i
RS;npopul501i;p0p100;2017;452400.0;501;i
RS;npopul501i;p0p100;2018;451879.0;501;i
RS;npopul501i;p0p100;2019;452674.0;501;i
RS;scainc992j;p13p100;1990;0.97860003;992;j
RS;scainc992j;p13p100;1991;0.97860003;992;j
RS;scainc992j;p13p100;1992;0.97850001;992;j
RS;scainc992j;p13p100;1993;0.97829998;992;j
RS;scainc992j;p13p100;1994;0.97820002;992;j
RS;scainc992j;p13p100;1995;0.97799999;992;j
RS;scainc992j;p13p100;1996;0.97790003;992;j
RS;scainc992j;p13p100;1997;0.97780001;992;j
RS;scainc992j;p13p100;1998;0.9756;992;j
RS;scainc992j;p13p100;1999;0.97509998;992;j
RS;scainc992j;p13p100;2000;0.97640002;992;j
RS;scainc992j;p13p100;2001;0.97680002;992;j
RS;scainc992j;p13p100;2002;0.9817;992;j
RS;scainc992j;p13p100;2003;0.98220003;992;j
RS;scainc992j;p13p100;2004;0.98509997;992;j
RS;scainc992j;p13p100;2005;0.98640001;992;j
RS;scainc992j;p13p100;2006;0.98830003;992;j
RS;scainc992j;p13p100;2007;0.9903;992;j
RS;scainc992j;p13p100;2008;0.99049997;992;j
RS;scainc992j;p13p100;2009;0.99000001;992;j
RS;scainc992j;p13p100;2010;0.99129999;992;j
RS;scainc992j;p13p100;2011;0.99269998;992;j
RS;scainc992j;p13p100;2012;0.99419999;992;j
RS;scainc992j;p13p100;2013;0.98949999;992;j
RS;scainc992j;p13p100;2014;0.9799;992;j
RS;scainc992j;p13p100;2015;0.98610002;992;j
RS;scainc992j;p13p100;2016;0.98610002;992;j
RS;scainc992j;p13p100;2017;0.98610002;992;j
RS;scainc992j;p14p100;1990;0.97600001;992;j
RS;scainc992j;p14p100;1991;0.97579998;992;j
RS;scainc992j;p14p100;1992;0.97570002;992;j
RS;scainc992j;p14p100;1993;0.97549999;992;j
RS;scainc992j;p14p100;1994;0.97530001;992;j
RS;scainc992j;p14p100;1995;0.97509998;992;j
RS;scainc992j;p14p100;1996;0.97490001;992;j
RS;scainc992j;p14p100;1997;0.97469997;992;j
RS;scainc992j;p14p100;1998;0.97219998;992;j
RS;scainc992j;p14p100;1999;0.97180003;992;j
RS;scainc992j;p14p100;2000;0.97320002;992;j
RS;scainc992j;p14p100;2001;0.97359997;992;j
RS;scainc992j;p14p100;2002;0.97890002;992;j
RS;scainc992j;p14p100;2003;0.9795;992;j
RS;scainc992j;p14p100;2004;0.98280001;992;j
RS;scainc992j;p14p100;2005;0.98430002;992;j
RS;scainc992j;p14p100;2006;0.98640001;992;j
RS;scainc992j;p14p100;2007;0.98860002;992;j
RS;scainc992j;p14p100;2008;0.98890001;992;j
RS;scainc992j;p14p100;2009;0.9885;992;j
RS;scainc992j;p14p100;2010;0.99000001;992;j
RS;scainc992j;p14p100;2011;0.99159998;992;j
RS;scainc992j;p14p100;2012;0.9932;992;j
RS;scainc992j;p14p100;2013;0.98839998;992;j
RS;scainc992j;p14p100;2014;0.9781;992;j
RS;scainc992j;p14p100;2015;0.98470002;992;j
RS;scainc992j;p14p100;2016;0.98470002;992;j
RS;scainc992j;p14p100;2017;0.98479998;992;j
RS;scainc992j;p79p80;1990;0.0142;992;j
RS;scainc992j;p79p80;1991;0.0141;992;j
RS;scainc992j;p79p80;1992;0.0141;992;j
RS;scainc992j;p79p80;1993;0.014;992;j
RS;scainc992j;p79p80;1994;0.014;992;j
RS;scainc992j;p79p80;1995;0.0139;992;j
RS;scainc992j;p79p80;1996;0.0139;992;j
RS;scainc992j;p79p80;1997;0.0138;992;j
RS;scainc992j;p79p80;1998;0.0136;992;j
RS;scainc992j;p79p80;1999;0.0135;992;j
RS;scainc992j;p79p80;2000;0.0134;992;j
RS;scainc992j;p79p80;2001;0.0132;992;j
RS;scainc992j;p79p80;2002;0.0135;992;j
RS;scainc992j;p79p80;2003;0.0135;992;j
RS;scainc992j;p79p80;2004;0.0137;992;j
RS;scainc992j;p79p80;2005;0.0137;992;j
RS;scainc992j;p79p80;2006;0.0137;992;j
RS;scainc992j;p79p80;2007;0.0139;992;j
RS;scainc992j;p79p80;2008;0.0141;992;j
RS;scainc992j;p79p80;2009;0.014;992;j
RS;scainc992j;p79p80;2010;0.0141;992;j
RS;scainc992j;p79p80;2011;0.0142;992;j
RS;scainc992j;p79p80;2012;0.0141;992;j
RS;scainc992j;p79p80;2013;0.0145;992;j
RS;scainc992j;p79p80;2014;0.0135;992;j
RS;scainc992j;p79p80;2015;0.0133;992;j
RS;scainc992j;p79p80;2016;0.0133;992;j
RS;scainc992j;p79p80;2017;0.0133;992;j
RS;scainc992j;p99p99.1;1990;0.0041999999;992;j
RS;scainc992j;p99p99.1;1991;0.0041999999;992;j
RS;scainc992j;p99p99.1;1992;0.0041999999;992;j
RS;scainc992j;p99p99.1;1993;0.0041999999;992;j
RS;scainc992j;p99p99.1;1994;0.0041999999;992;j
RS;scainc992j;p99p99.1;1995;0.0041999999;992;j
RS;scainc992j;p99p99.1;1996;0.0041999999;992;j
RS;scainc992j;p99p99.1;1997;0.0041999999;992;j
RS;scainc992j;p99p99.1;1998;0.0041999999;992;j
RS;scainc992j;p99p99.1;1999;0.0043000001;992;j
RS;scainc992j;p99p99.1;2000;0.0044999998;992;j
RS;scainc992j;p99p99.1;2001;0.0046000001;992;j
RS;scainc992j;p99p99.1;2002;0.0048000002;992;j
RS;scainc992j;p99p99.1;2003;0.0046999999;992;j
RS;scainc992j;p99p99.1;2004;0.0048000002;992;j
RS;scainc992j;p99p99.1;2005;0.0049000001;992;j
RS;scainc992j;p99p99.1;2006;0.0051000002;992;j
RS;scainc992j;p99p99.1;2007;0.0051000002;992;j
RS;scainc992j;p99p99.1;2008;0.0052;992;j
RS;scainc992j;p99p99.1;2009;0.0052;992;j
RS;scainc992j;p99p99.1;2010;0.0054000001;992;j
RS;scainc992j;p99p99.1;2011;0.0055999998;992;j
RS;scainc992j;p99p99.1;2012;0.0055999998;992;j
RS;scainc992j;p99p99.1;2013;0.0055999998;992;j
RS;scainc992j;p99p99.1;2014;0.0054000001;992;j
RS;scainc992j;p99p99.1;2015;0.0057000001;992;j
RS;scainc992j;p99p99.1;2016;0.0057000001;992;j
RS;scainc992j;p99p99.1;2017;0.0057000001;992;j
RS;sptinc992j;p10p20;1990;0.027100001;992;j
RS;sptinc992j;p10p20;1991;0.027000001;992;j
RS;sptinc992j;p10p20;1992;0.027000001;992;j
RS;sptinc992j;p10p20;1993;0.027000001;992;j
RS;sptinc992j;p10p20;1994;0.026900001;992;j
RS;sptinc992j;p10p20;1995;0.026900001;992;j
RS;sptinc992j;p10p20;1996;0.026799999;992;j
RS;sptinc992j;p10p20;1997;0.026799999;992;j
RS;sptinc992j;p10p20;1998;0.0286;992;j
RS;sptinc992j;p10p20;1999;0.0287;992;j
RS;sptinc992j;p10p20;2000;0.028100001;992;j
RS;sptinc992j;p10p20;2001;0.028200001;992;j
RS;sptinc992j;p10p20;2002;0.0254;992;j
RS;sptinc992j;p10p20;2003;0.024599999;992;j
RS;sptinc992j;p10p20;2004;0.022399999;992;j
RS;sptinc992j;p10p20;2005;0.0206;992;j
RS;sptinc992j;p10p20;2006;0.018200001;992;j
RS;sptinc992j;p10p20;2007;0.0164;992;j
RS;sptinc992j;p10p20;2008;0.0142;992;j
RS;sptinc992j;p10p20;2009;0.0127;992;j
RS;sptinc992j;p10p20;2010;0.0114;992;j
RS;sptinc992j;p10p20;2011;0.0096000005;992;j
RS;sptinc992j;p10p20;2012;0.0088;992;j
RS;sptinc992j;p10p20;2013;0.0080000004;992;j
RS;sptinc992j;p10p20;2014;0.0077999998;992;j
RS;sptinc992j;p10p20;2015;0.0081000002;992;j
RS;sptinc992j;p10p20;2016;0.0081000002;992;j
RS;sptinc992j;p10p20;2017;0.0080000004;992;j
RS;sptinc992j;p22p100;1990;0.95359999;992;j
RS;sptinc992j;p22p100;1991;0.95349997;992;j
RS;sptinc992j;p22p100;1992;0.95340002;992;j
RS;sptinc992j;p22p100;1993;0.9533;992;j
RS;sptinc992j;p22p100;1994;0.9533;992;j
RS;sptinc992j;p22p100;1995;0.9533;992;j
RS;sptinc992j;p22p100;1996;0.95319998;992;j
RS;sptinc992j;p22p100;1997;0.95319998;992;j
RS;sptinc992j;p22p100;1998;0.94950002;992;j
RS;sptinc992j;p22p100;1999;0.94919997;992;j
RS;sptinc992j;p22p100;2000;0.95029998;992;j
RS;sptinc992j;p22p100;2001;0.94999999;992;j
RS;sptinc992j;p22p100;2002;0.95599997;992;j
RS;sptinc992j;p22p100;2003;0.95770001;992;j
RS;sptinc992j;p22p100;2004;0.9612;992;j
RS;sptinc992j;p22p100;2005;0.96420002;992;j
RS;sptinc992j;p22p100;2006;0.96820003;992;j
RS;sptinc992j;p22p100;2007;0.97130001;992;j
RS;sptinc992j;p22p100;2008;0.97500002;992;j
RS;sptinc992j;p22p100;2009;0.97759998;992;j
RS;sptinc992j;p22p100;2010;0.97970003;992;j
RS;sptinc992j;p22p100;2011;0.98290002;992;j
RS;sptinc992j;p22p100;2012;0.98400003;992;j
RS;sptinc992j;p22p100;2013;0.98570001;992;j
RS;sptinc992j;p22p100;2014;0.986;992;j
RS;sptinc992j;p22p100;2015;0.98549998;992;j
RS;sptinc992j;p22p100;2016;0.98549998;992;j
RS;sptinc992j;p22p100;2017;0.98559999;992;j
RS;sptinc992j;p63p100;1990;0.66570002;992;j
RS;sptinc992j;p63p100;1991;0.66680002;992;j
RS;sptinc992j;p63p100;1992;0.66780001;992;j
RS;sptinc992j;p63p100;1993;0.66890001;992;j
RS;sptinc992j;p63p100;1994;0.67000002;992;j
RS;sptinc992j;p63p100;1995;0.67110002;992;j
RS;sptinc992j;p63p100;1996;0.6717;992;j
RS;sptinc992j;p63p100;1997;0.67250001;992;j
RS;sptinc992j;p63p100;1998;0.67180002;992;j
RS;sptinc992j;p63p100;1999;0.67250001;992;j
RS;sptinc992j;p63p100;2000;0.6771;992;j
RS;sptinc992j;p63p100;2001;0.67860001;992;j
RS;sptinc992j;p63p100;2002;0.68739998;992;j
RS;sptinc992j;p63p100;2003;0.69129997;992;j
RS;sptinc992j;p63p100;2004;0.70029998;992;j
RS;sptinc992j;p63p100;2005;0.70829999;992;j
RS;sptinc992j;p63p100;2006;0.71499997;992;j
RS;sptinc992j;p63p100;2007;0.71630001;992;j
RS;sptinc992j;p63p100;2008;0.72299999;992;j
RS;sptinc992j;p63p100;2009;0.72780001;992;j
RS;sptinc992j;p63p100;2010;0.73659998;992;j
RS;sptinc992j;p63p100;2011;0.74690002;992;j
RS;sptinc992j;p63p100;2012;0.74910003;992;j
RS;sptinc992j;p63p100;2013;0.7475;992;j
RS;sptinc992j;p63p100;2014;0.75590003;992;j
RS;sptinc992j;p63p100;2015;0.74800003;992;j
RS;sptinc992j;p63p100;2016;0.74800003;992;j
RS;sptinc992j;p63p100;2017;0.74830002;992;j
RS;sptinc992j;p63p64;1990;0.0103;992;j
RS;sptinc992j;p63p64;1991;0.0103;992;j
RS;sptinc992j;p63p64;1992;0.0103;992;j
RS;sptinc992j;p63p64;1993;0.0102;992;j
RS;sptinc992j;p63p64;1994;0.0102;992;j
RS;sptinc992j;p63p64;1995;0.0101;992;j
RS;sptinc992j;p63p64;1996;0.0101;992;j
RS;sptinc992j;p63p64;1997;0.0101;992;j
RS;sptinc992j;p63p64;1998;0.0101;992;j
RS;sptinc992j;p63p64;1999;0.0099999998;992;j
RS;sptinc992j;p63p64;2000;0.0098000001;992;j
RS;sptinc992j;p63p64;2001;0.0097000003;992;j
RS;sptinc992j;p63p64;2002;0.0098000001;992;j
RS;sptinc992j;p63p64;2003;0.0098000001;992;j
RS;sptinc992j;p63p64;2004;0.0096000005;992;j
RS;sptinc992j;p63p64;2005;0.0096000005;992;j
RS;sptinc992j;p63p64;2006;0.0096000005;992;j
RS;sptinc992j;p63p64;2007;0.0098000001;992;j
RS;sptinc992j;p63p64;2008;0.0098000001;992;j
RS;sptinc992j;p63p64;2009;0.0098000001;992;j
RS;sptinc992j;p63p64;2010;0.0097000003;992;j
RS;sptinc992j;p63p64;2011;0.0096000005;992;j
RS;sptinc992j;p63p64;2012;0.0097000003;992;j
RS;sptinc992j;p63p64;2013;0.0098000001;992;j
RS;sptinc992j;p63p64;2014;0.0096000005;992;j
RS;sptinc992j;p63p64;2015;0.0097000003;992;j
RS;sptinc992j;p63p64;2016;0.0097000003;992;j
RS;sptinc992j;p63p64;2017;0.0097000003;992;j
RS;sptinc992j;p69p100;1990;0.60030001;992;j
RS;sptinc992j;p69p100;1991;0.60170001;992;j
RS;sptinc992j;p69p100;1992;0.60290003;992;j
RS;sptinc992j;p69p100;1993;0.60420001;992;j
RS;sptinc992j;p69p100;1994;0.6056;992;j
RS;sptinc992j;p69p100;1995;0.60689998;992;j
RS;sptinc992j;p69p100;1996;0.60780001;992;j
RS;sptinc992j;p69p100;1997;0.60869998;992;j
RS;sptinc992j;p69p100;1998;0.60820001;992;j
RS;sptinc992j;p69p100;1999;0.60960001;992;j
RS;sptinc992j;p69p100;2000;0.61519998;992;j
RS;sptinc992j;p69p100;2001;0.61720002;992;j
RS;sptinc992j;p69p100;2002;0.62559998;992;j
RS;sptinc992j;p69p100;2003;0.62949997;992;j
RS;sptinc992j;p69p100;2004;0.63929999;992;j
RS;sptinc992j;p69p100;2005;0.64780003;992;j
RS;sptinc992j;p69p100;2006;0.65399998;992;j
RS;sptinc992j;p69p100;2007;0.65439999;992;j
RS;sptinc992j;p69p100;2008;0.66070002;992;j
RS;sptinc992j;p69p100;2009;0.6656;992;j
RS;sptinc992j;p69p100;2010;0.67510003;992;j
RS;sptinc992j;p69p100;2011;0.6857;992;j
RS;sptinc992j;p69p100;2012;0.68739998;992;j
RS;sptinc992j;p69p100;2013;0.685;992;j
RS;sptinc992j;p69p100;2014;0.69480002;992;j
RS;sptinc992j;p69p100;2015;0.6864;992;j
RS;sptinc992j;p69p100;2016;0.68650001;992;j
RS;sptinc992j;p69p100;2017;0.6868;992;j
RS;sptinc992j;p99.97p100;1990;0.0151;992;j
RS;sptinc992j;p99.97p100;1991;0.0156;992;j
RS;sptinc992j;p99.97p100;1992;0.016000001;992;j
RS;sptinc992j;p99.97p100;1993;0.0165;992;j
RS;sptinc992j;p99.97p100;1994;0.016899999;992;j
RS;sptinc992j;p99.97p100;1995;0.0174;992;j
RS;sptinc992j;p99.97p100;1996;0.017899999;992;j
RS;sptinc992j;p99.97p100;1997;0.0184;992;j
RS;sptinc992j;p99.97p100;1998;0.018100001;992;j
RS;sptinc992j;p99.97p100;1999;0.0197;992;j
RS;sptinc992j;p99.97p100;2000;0.021199999;992;j
RS;sptinc992j;p99.97p100;2001;0.023;992;j
RS;sptinc992j;p99.97p100;2002;0.022299999;992;j
RS;sptinc992j;p99.97p100;2003;0.0217;992;j
RS;sptinc992j;p99.97p100;2004;0.022399999;992;j
RS;sptinc992j;p99.97p100;2005;0.021500001;992;j
RS;sptinc992j;p99.97p100;2006;0.0217;992;j
RS;sptinc992j;p99.97p100;2007;0.0199;992;j
RS;sptinc992j;p99.97p100;2008;0.020400001;992;j
RS;sptinc992j;p99.97p100;2009;0.020099999;992;j
RS;sptinc992j;p99.97p100;2010;0.0195;992;j
RS;sptinc992j;p99.97p100;2011;0.0207;992;j
RS;sptinc992j;p99.97p100;2012;0.016100001;992;j
RS;sptinc992j;p99.97p100;2013;0.0176;992;j
RS;sptinc992j;p99.97p100;2014;0.0283;992;j
RS;sptinc992j;p99.97p100;2015;0.0274;992;j
RS;sptinc992j;p99.97p100;2016;0.0275;992;j
RS;sptinc992j;p99.97p100;2017;0.0275;992;j
RS;tcainc992j;p17p18;1990;157644.09;992;j
RS;tcainc992j;p17p18;1991;138885.0;992;j
RS;tcainc992j;p17p18;1992;96923.898;992;j
RS;tcainc992j;p17p18;1993;63915.5;992;j
RS;tcainc992j;p17p18;1994;66849.797;992;j
RS;tcainc992j;p17p18;1995;71732.0;992;j
RS;tcainc992j;p17p18;1996;73794.797;992;j
RS;tcainc992j;p17p18;1997;79254.797;992;j
RS;tcainc992j;p17p18;1998;93645.898;992;j
RS;tcainc992j;p17p18;1999;109199.1;992;j
RS;tcainc992j;p17p18;2000;114832.6;992;j
RS;tcainc992j;p17p18;2001;108867.7;992;j
RS;tcainc992j;p17p18;2002;103339.0;992;j
RS;tcainc992j;p17p18;2003;108787.4;992;j
RS;tcainc992j;p17p18;2004;114690.4;992;j
RS;tcainc992j;p17p18;2005;124517.3;992;j
RS;tcainc992j;p17p18;2006;115783.1;992;j
RS;tcainc992j;p17p18;2007;110909.7;992;j
RS;tcainc992j;p17p18;2008;111701.3;992;j
RS;tcainc992j;p17p18;2009;108939.5;992;j
RS;tcainc992j;p17p18;2010;92926.602;992;j
RS;tcainc992j;p17p18;2011;81185.203;992;j
RS;tcainc992j;p17p18;2012;76966.703;992;j
RS;tcainc992j;p17p18;2013;72593.703;992;j
RS;tcainc992j;p17p18;2014;105561.7;992;j
RS;tcainc992j;p17p18;2015;80919.898;992;j
RS;tcainc992j;p17p18;2016;84035.703;992;j
RS;tcainc992j;p17p18;2017;83926.797;992;j
RS;tcainc992j;p32p33;1990;299133.19;992;j
RS;tcainc992j;p32p33;1991;261182.8;992;j
RS;tcainc992j;p32p33;1992;179926.91;992;j
RS;tcainc992j;p32p33;1993;117277.8;992;j
RS;tcainc992j;p32p33;1994;121526.6;992;j
RS;tcainc992j;p32p33;1995;129065.4;992;j
RS;tcainc992j;p32p33;1996;131309.09;992;j
RS;tcainc992j;p32p33;1997;139729.91;992;j
RS;tcainc992j;p32p33;1998;151719.91;992;j
RS;tcainc992j;p32p33;1999;172509.2;992;j
RS;tcainc992j;p32p33;2000;185944.3;992;j
RS;tcainc992j;p32p33;2001;180361.59;992;j
RS;tcainc992j;p32p33;2002;185390.2;992;j
RS;tcainc992j;p32p33;2003;192922.7;992;j
RS;tcainc992j;p32p33;2004;225055.2;992;j
RS;tcainc992j;p32p33;2005;251745.91;992;j
RS;tcainc992j;p32p33;2006;256950.5;992;j
RS;tcainc992j;p32p33;2007;255278.91;992;j
RS;tcainc992j;p32p33;2008;268346.91;992;j
RS;tcainc992j;p32p33;2009;258935.41;992;j
RS;tcainc992j;p32p33;2010;247827.3;992;j
RS;tcainc992j;p32p33;2011;238532.3;992;j
RS;tcainc992j;p32p33;2012;233331.8;992;j
RS;tcainc992j;p32p33;2013;224037.41;992;j
RS;tcainc992j;p32p33;2014;228063.91;992;j
RS;tcainc992j;p32p33;2015;218363.8;992;j
RS;tcainc992j;p32p33;2016;226673.3;992;j
RS;tcainc992j;p32p33;2017;226523.5;992;j
RS;tcainc992j;p84p100;1990;795186.81;992;j
RS;tcainc992j;p84p100;1991;687182.13;992;j
RS;tcainc992j;p84p100;1992;468421.19;992;j
RS;tcainc992j;p84p100;1993;301716.31;992;j
RS;tcainc992j;p84p100;1994;308937.5;992;j
RS;tcainc992j;p84p100;1995;324092.0;992;j
RS;tcainc992j;p84p100;1996;325407.0;992;j
RS;tcainc992j;p84p100;1997;341759.91;992;j
RS;tcainc992j;p84p100;1998;368891.81;992;j
RS;tcainc992j;p84p100;1999;417694.0;992;j
RS;tcainc992j;p84p100;2000;448203.5;992;j
RS;tcainc992j;p84p100;2001;432207.81;992;j
RS;tcainc992j;p84p100;2002;458830.31;992;j
RS;tcainc992j;p84p100;2003;487165.09;992;j
RS;tcainc992j;p84p100;2004;593763.81;992;j
RS;tcainc992j;p84p100;2005;676683.38;992;j
RS;tcainc992j;p84p100;2006;722556.81;992;j
RS;tcainc992j;p84p100;2007;735070.69;992;j
RS;tcainc992j;p84p100;2008;794048.38;992;j
RS;tcainc992j;p84p100;2009;788796.13;992;j
RS;tcainc992j;p84p100;2010;801531.0;992;j
RS;tcainc992j;p84p100;2011;819640.19;992;j
RS;tcainc992j;p84p100;2012;819309.63;992;j
RS;tcainc992j;p84p100;2013;858837.13;992;j
RS;tcainc992j;p84p100;2014;785583.5;992;j
RS;tcainc992j;p84p100;2015;773557.88;992;j
RS;tcainc992j;p84p100;2016;802556.81;992;j
RS;tcainc992j;p84p100;2017;802896.19;992;j
RS;tdiinc992j;p36p100;1990;487253.91;992;j
RS;tdiinc992j;p36p100;1991;424607.0;992;j
RS;tdiinc992j;p36p100;1992;291704.41;992;j
RS;tdiinc992j;p36p100;1993;189889.3;992;j
RS;tdiinc992j;p36p100;1994;196145.09;992;j
RS;tdiinc992j;p36p100;1995;207754.5;992;j
RS;tdiinc992j;p36p100;1996;210738.3;992;j
RS;tdiinc992j;p36p100;1997;224841.8;992;j
RS;tdiinc992j;p36p100;1998;229036.2;992;j
RS;tdiinc992j;p36p100;1999;248560.8;992;j
RS;tdiinc992j;p36p100;2000;272651.09;992;j
RS;tdiinc992j;p36p100;2001;270446.81;992;j
RS;tdiinc992j;p36p100;2002;288293.19;992;j
RS;tdiinc992j;p36p100;2003;302156.31;992;j
RS;tdiinc992j;p36p100;2004;333367.0;992;j
RS;tdiinc992j;p36p100;2005;364953.59;992;j
RS;tdiinc992j;p36p100;2006;379770.5;992;j
RS;tdiinc992j;p36p100;2007;387583.81;992;j
RS;tdiinc992j;p36p100;2008;407587.5;992;j
RS;tdiinc992j;p36p100;2009;395358.09;992;j
RS;tdiinc992j;p36p100;2010;385973.19;992;j
RS;tdiinc992j;p36p100;2011;376477.59;992;j
RS;tdiinc992j;p36p100;2012;369317.31;992;j
RS;tdiinc992j;p36p100;2013;368217.69;992;j
RS;tdiinc992j;p36p100;2014;368416.41;992;j
RS;tdiinc992j;p36p100;2015;362154.91;992;j
RS;tdiinc992j;p36p100;2016;369147.41;992;j
RS;tdiinc992j;p36p100;2017;370702.09;992;j
RS;tdiinc992j;p62p63;1990;749557.38;992;j
RS;tdiinc992j;p62p63;1991;651564.63;992;j
RS;tdiinc992j;p62p63;1992;446313.59;992;j
RS;tdiinc992j;p62p63;1993;289184.81;992;j
RS;tdiinc992j;p62p63;1994;297234.0;992;j
RS;tdiinc992j;p62p63;1995;313206.69;992;j
RS;tdiinc992j;p62p63;1996;315833.59;992;j
RS;tdiinc992j;p62p63;1997;334843.69;992;j
RS;tdiinc992j;p62p63;1998;350438.0;992;j
RS;tdiinc992j;p62p63;1999;380926.59;992;j
RS;tdiinc992j;p62p63;2000;412596.41;992;j
RS;tdiinc992j;p62p63;2001;409176.31;992;j
RS;tdiinc992j;p62p63;2002;440681.31;992;j
RS;tdiinc992j;p62p63;2003;464471.81;992;j
RS;tdiinc992j;p62p63;2004;520903.5;992;j
RS;tdiinc992j;p62p63;2005;576313.63;992;j
RS;tdiinc992j;p62p63;2006;608037.5;992;j
RS;tdiinc992j;p62p63;2007;630586.81;992;j
RS;tdiinc992j;p62p63;2008;670506.13;992;j
RS;tdiinc992j;p62p63;2009;655822.38;992;j
RS;tdiinc992j;p62p63;2010;650679.38;992;j
RS;tdiinc992j;p62p63;2011;648763.38;992;j
RS;tdiinc992j;p62p63;2012;644749.31;992;j
RS;tdiinc992j;p62p63;2013;668541.19;992;j
RS;tdiinc992j;p62p63;2014;643743.88;992;j
RS;tdiinc992j;p62p63;2015;625536.13;992;j
RS;tdiinc992j;p62p63;2016;644071.19;992;j
RS;tdiinc992j;p62p63;2017;647676.31;992;j
RS;tdiinc992j;p80p81;1990;1025158.3;992;j
RS;tdiinc992j;p80p81;1991;887924.31;992;j
RS;tdiinc992j;p80p81;1992;606286.13;992;j
RS;tdiinc992j;p80p81;1993;391780.41;992;j
RS;tdiinc992j;p80p81;1994;401965.81;992;j
RS;tdiinc992j;p80p81;1995;422610.31;992;j
RS;tdiinc992j;p80p81;1996;425128.81;992;j
RS;tdiinc992j;p80p81;1997;449247.59;992;j
RS;tdiinc992j;p80p81;1998;466784.0;992;j
RS;tdiinc992j;p80p81;1999;507340.69;992;j
RS;tdiinc992j;p80p81;2000;552699.38;992;j
RS;tdiinc992j;p80p81;2001;545603.38;992;j
RS;tdiinc992j;p80p81;2002;595779.63;992;j
RS;tdiinc992j;p80p81;2003;626646.38;992;j
RS;tdiinc992j;p80p81;2004;715283.5;992;j
RS;tdiinc992j;p80p81;2005;799498.63;992;j
RS;tdiinc992j;p80p81;2006;845776.0;992;j
RS;tdiinc992j;p80p81;2007;880887.13;992;j
RS;tdiinc992j;p80p81;2008;950735.31;992;j
RS;tdiinc992j;p80p81;2009;928362.81;992;j
RS;tdiinc992j;p80p81;2010;939632.69;992;j
RS;tdiinc992j;p80p81;2011;945779.38;992;j
RS;tdiinc992j;p80p81;2012;944813.88;992;j
RS;tdiinc992j;p80p81;2013;990353.88;992;j
RS;tdiinc992j;p80p81;2014;906205.81;992;j
RS;tdiinc992j;p80p81;2015;897138.31;992;j
RS;tdiinc992j;p80p81;2016;927514.0;992;j
RS;tdiinc992j;p80p81;2017;933111.31;992;j
RS;tdiinc992j;p84p85;1990;1101481.9;992;j
RS;tdiinc992j;p84p85;1991;952180.5;992;j
RS;tdiinc992j;p84p85;1992;649249.88;992;j
RS;tdiinc992j;p84p85;1993;418355.91;992;j
RS;tdiinc992j;p84p85;1994;428517.91;992;j
RS;tdiinc992j;p84p85;1995;449701.5;992;j
RS;tdiinc992j;p84p85;1996;451629.59;992;j
RS;tdiinc992j;p84p85;1997;476437.59;992;j
RS;tdiinc992j;p84p85;1998;495271.5;992;j
RS;tdiinc992j;p84p85;1999;539731.31;992;j
RS;tdiinc992j;p84p85;2000;585754.81;992;j
RS;tdiinc992j;p84p85;2001;578583.13;992;j
RS;tdiinc992j;p84p85;2002;630405.63;992;j
RS;tdiinc992j;p84p85;2003;666871.13;992;j
RS;tdiinc992j;p84p85;2004;764906.31;992;j
RS;tdiinc992j;p84p85;2005;853958.38;992;j
RS;tdiinc992j;p84p85;2006;911901.0;992;j
RS;tdiinc992j;p84p85;2007;955560.81;992;j
RS;tdiinc992j;p84p85;2008;1024982.3;992;j
RS;tdiinc992j;p84p85;2009;1011601.3;992;j
RS;tdiinc992j;p84p85;2010;1025061.4;992;j
RS;tdiinc992j;p84p85;2011;1041869.7;992;j
RS;tdiinc992j;p84p85;2012;1040836.4;992;j
RS;tdiinc992j;p84p85;2013;1089854.6;992;j
RS;tdiinc992j;p84p85;2014;1000221.1;992;j
RS;tdiinc992j;p84p85;2015;985477.13;992;j
RS;tdiinc992j;p84p85;2016;1020244.0;992;j
RS;tdiinc992j;p84p85;2017;1026346.4;992;j
RS;tdiinc992j;p90p91;1990;1256127.9;992;j
RS;tdiinc992j;p90p91;1991;1088905.1;992;j
RS;tdiinc992j;p90p91;1992;743713.88;992;j
RS;tdiinc992j;p90p91;1993;479990.5;992;j
RS;tdiinc992j;p90p91;1994;492552.91;992;j
RS;tdiinc992j;p90p91;1995;517868.5;992;j
RS;tdiinc992j;p90p91;1996;520786.19;992;j
RS;tdiinc992j;p90p91;1997;550296.88;992;j
RS;tdiinc992j;p90p91;1998;582545.63;992;j
RS;tdiinc992j;p90p91;1999;636803.69;992;j
RS;tdiinc992j;p90p91;2000;691457.19;992;j
RS;tdiinc992j;p90p91;2001;688409.0;992;j
RS;tdiinc992j;p90p91;2002;745765.0;992;j
RS;tdiinc992j;p90p91;2003;797977.31;992;j
RS;tdiinc992j;p90p91;2004;923020.0;992;j
RS;tdiinc992j;p90p91;2005;1044444.9;992;j
RS;tdiinc992j;p90p91;2006;1113128.8;992;j
RS;tdiinc992j;p90p91;2007;1157317.5;992;j
RS;tdiinc992j;p90p91;2008;1237859.0;992;j
RS;tdiinc992j;p90p91;2009;1220399.3;992;j
RS;tdiinc992j;p90p91;2010;1252260.4;992;j
RS;tdiinc992j;p90p91;2011;1282519.1;992;j
RS;tdiinc992j;p90p91;2012;1243869.5;992;j
RS;tdiinc992j;p90p91;2013;1291253.6;992;j
RS;tdiinc992j;p90p91;2014;1205913.6;992;j
RS;tdiinc992j;p90p91;2015;1191689.6;992;j
RS;tdiinc992j;p90p91;2016;1235297.8;992;j
RS;tdiinc992j;p90p91;2017;1243619.9;992;j
RS;tdiinc992j;p95p100;1990;1545887.6;992;j
RS;tdiinc992j;p95p100;1991;1342994.4;992;j
RS;tdiinc992j;p95p100;1992;921781.81;992;j
RS;tdiinc992j;p95p100;1993;598339.88;992;j
RS;tdiinc992j;p95p100;1994;616160.0;992;j
RS;tdiinc992j;p95p100;1995;650077.88;992;j
RS;tdiinc992j;p95p100;1996;654165.5;992;j
RS;tdiinc992j;p95p100;1997;691698.5;992;j
RS;tdiinc992j;p95p100;1998;735375.88;992;j
RS;tdiinc992j;p95p100;1999;807798.38;992;j
RS;tdiinc992j;p95p100;2000;894306.0;992;j
RS;tdiinc992j;p95p100;2001;891307.81;992;j
RS;tdiinc992j;p95p100;2002;977437.38;992;j
RS;tdiinc992j;p95p100;2003;1035960.1;992;j
RS;tdiinc992j;p95p100;2004;1192668.4;992;j
RS;tdiinc992j;p95p100;2005;1349623.5;992;j
RS;tdiinc992j;p95p100;2006;1461030.3;992;j
RS;tdiinc992j;p95p100;2007;1518760.5;992;j
RS;tdiinc992j;p95p100;2008;1642522.9;992;j
RS;tdiinc992j;p95p100;2009;1612842.8;992;j
RS;tdiinc992j;p95p100;2010;1669932.4;992;j
RS;tdiinc992j;p95p100;2011;1722861.3;992;j
RS;tdiinc992j;p95p100;2012;1658659.4;992;j
RS;tdiinc992j;p95p100;2013;1730087.5;992;j
RS;tdiinc992j;p95p100;2014;1576834.0;992;j
RS;tdiinc992j;p95p100;2015;1565022.9;992;j
RS;tdiinc992j;p95p100;2016;1624984.9;992;j
RS;tdiinc992j;p95p100;2017;1636034.9;992;j
RS;tdiinc992j;p97p98;1990;1840992.0;992;j
RS;tdiinc992j;p97p98;1991;1600020.0;992;j
RS;tdiinc992j;p97p98;1992;1100126.8;992;j
RS;tdiinc992j;p97p98;1993;716002.88;992;j
RS;tdiinc992j;p97p98;1994;738452.5;992;j
RS;tdiinc992j;p97p98;1995;780318.31;992;j
RS;tdiinc992j;p97p98;1996;784978.13;992;j
RS;tdiinc992j;p97p98;1997;829702.88;992;j
RS;tdiinc992j;p97p98;1998;885263.38;992;j
RS;tdiinc992j;p97p98;1999;978576.13;992;j
RS;tdiinc992j;p97p98;2000;1096535.5;992;j
RS;tdiinc992j;p97p98;2001;1096338.3;992;j
RS;tdiinc992j;p97p98;2002;1208771.8;992;j
RS;tdiinc992j;p97p98;2003;1273940.6;992;j
RS;tdiinc992j;p97p98;2004;1462589.1;992;j
RS;tdiinc992j;p97p98;2005;1657007.3;992;j
RS;tdiinc992j;p97p98;2006;1806265.0;992;j
RS;tdiinc992j;p97p98;2007;1872026.9;992;j
RS;tdiinc992j;p97p98;2008;2031139.6;992;j
RS;tdiinc992j;p97p98;2009;1998142.5;992;j
RS;tdiinc992j;p97p98;2010;2075668.1;992;j
RS;tdiinc992j;p97p98;2011;2147794.5;992;j
RS;tdiinc992j;p97p98;2012;2078428.1;992;j
RS;tdiinc992j;p97p98;2013;2161080.3;992;j
RS;tdiinc992j;p97p98;2014;1968790.5;992;j
RS;tdiinc992j;p97p98;2015;1975883.8;992;j
RS;tdiinc992j;p97p98;2016;2053882.0;992;j
RS;tdiinc992j;p97p98;2017;2068008.9;992;j
RS;tptinc992j;p40p41;1990;492727.09;992;j
RS;tptinc992j;p40p41;1991;424755.31;992;j
RS;tptinc992j;p40p41;1992;288881.19;992;j
RS;tptinc992j;p40p41;1993;185998.3;992;j
RS;tptinc992j;p40p41;1994;190152.0;992;j
RS;tptinc992j;p40p41;1995;199263.2;992;j
RS;tptinc992j;p40p41;1996;199920.91;992;j
RS;tptinc992j;p40p41;1997;210567.0;992;j
RS;tptinc992j;p40p41;1998;215852.41;992;j
RS;tptinc992j;p40p41;1999;235927.3;992;j
RS;tptinc992j;p40p41;2000;256723.91;992;j
RS;tptinc992j;p40p41;2001;255574.7;992;j
RS;tptinc992j;p40p41;2002;272687.81;992;j
RS;tptinc992j;p40p41;2003;283965.0;992;j
RS;tptinc992j;p40p41;2004;314325.09;992;j
RS;tptinc992j;p40p41;2005;342641.69;992;j
RS;tptinc992j;p40p41;2006;357635.69;992;j
RS;tptinc992j;p40p41;2007;372458.69;992;j
RS;tptinc992j;p40p41;2008;392197.69;992;j
RS;tptinc992j;p40p41;2009;381779.31;992;j
RS;tptinc992j;p40p41;2010;373820.19;992;j
RS;tptinc992j;p40p41;2011;365019.09;992;j
RS;tptinc992j;p40p41;2012;360031.31;992;j
RS;tptinc992j;p40p41;2013;373682.91;992;j
RS;tptinc992j;p40p41;2014;355394.59;992;j
RS;tptinc992j;p40p41;2015;368290.69;992;j
RS;tptinc992j;p40p41;2016;379590.09;992;j
RS;tptinc992j;p40p41;2017;381547.0;992;j
RS;tptinc992j;p63p64;1990;750424.0;992;j
RS;tptinc992j;p63p64;1991;648875.5;992;j
RS;tptinc992j;p63p64;1992;442732.69;992;j
RS;tptinc992j;p63p64;1993;285939.09;992;j
RS;tptinc992j;p63p64;1994;293738.91;992;j
RS;tptinc992j;p63p64;1995;308840.81;992;j
RS;tptinc992j;p63p64;1996;310454.81;992;j
RS;tptinc992j;p63p64;1997;328164.0;992;j
RS;tptinc992j;p63p64;1998;344596.5;992;j
RS;tptinc992j;p63p64;1999;374865.91;992;j
RS;tptinc992j;p63p64;2000;405444.81;992;j
RS;tptinc992j;p63p64;2001;399919.5;992;j
RS;tptinc992j;p63p64;2002;431698.91;992;j
RS;tptinc992j;p63p64;2003;453826.91;992;j
RS;tptinc992j;p63p64;2004;502861.5;992;j
RS;tptinc992j;p63p64;2005;556545.81;992;j
RS;tptinc992j;p63p64;2006;591049.38;992;j
RS;tptinc992j;p63p64;2007;618540.63;992;j
RS;tptinc992j;p63p64;2008;661583.88;992;j
RS;tptinc992j;p63p64;2009;649206.31;992;j
RS;tptinc992j;p63p64;2010;642473.63;992;j
RS;tptinc992j;p63p64;2011;637376.63;992;j
RS;tptinc992j;p63p64;2012;643425.69;992;j
RS;tptinc992j;p63p64;2013;670341.88;992;j
RS;tptinc992j;p63p64;2014;641374.31;992;j
RS;tptinc992j;p63p64;2015;653709.63;992;j
RS;tptinc992j;p63p64;2016;673710.88;992;j
RS;tptinc992j;p63p64;2017;677680.19;992;j
RS;acainc992j;p19p20;1990;188300.09;992;j
RS;acainc992j;p19p20;1991;166590.5;992;j
RS;acainc992j;p19p20;1992;116234.1;992;j
RS;acainc992j;p19p20;1993;76712.797;992;j
RS;acainc992j;p19p20;1994;80309.0;992;j
RS;acainc992j;p19p20;1995;86135.0;992;j
RS;acainc992j;p19p20;1996;88265.203;992;j
RS;acainc992j;p19p20;1997;94580.398;992;j
RS;acainc992j;p19p20;1998;110835.7;992;j
RS;acainc992j;p19p20;1999;124632.2;992;j
RS;acainc992j;p19p20;2000;133226.59;992;j
RS;acainc992j;p19p20;2001;129165.2;992;j
RS;acainc992j;p19p20;2002;124640.1;992;j
RS;acainc992j;p19p20;2003;128570.6;992;j
RS;acainc992j;p19p20;2004;137403.5;992;j
RS;acainc992j;p19p20;2005;158738.0;992;j
RS;acainc992j;p19p20;2006;152607.09;992;j
RS;acainc992j;p19p20;2007;150755.3;992;j
RS;acainc992j;p19p20;2008;152774.0;992;j
RS;acainc992j;p19p20;2009;136497.91;992;j
RS;acainc992j;p19p20;2010;120015.1;992;j
RS;acainc992j;p19p20;2011;106266.5;992;j
RS;acainc992j;p19p20;2012;108830.0;992;j
RS;acainc992j;p19p20;2013;88070.398;992;j
RS;acainc992j;p19p20;2014;122222.4;992;j
RS;acainc992j;p19p20;2015;99583.797;992;j
RS;acainc992j;p19p20;2016;103517.0;992;j
RS;acainc992j;p19p20;2017;103333.8;992;j
RS;acainc992j;p23p100;1990;636235.13;992;j
RS;acainc992j;p23p100;1991;551841.5;992;j
RS;acainc992j;p23p100;1992;377454.59;992;j
RS;acainc992j;p23p100;1993;244484.5;992;j
RS;acainc992j;p23p100;1994;251491.09;992;j
RS;acainc992j;p23p100;1995;265113.09;992;j
RS;acainc992j;p23p100;1996;266916.09;992;j
RS;acainc992j;p23p100;1997;281280.09;992;j
RS;acainc992j;p23p100;1998;307097.19;992;j
RS;acainc992j;p23p100;1999;350565.09;992;j
RS;acainc992j;p23p100;2000;381071.09;992;j
RS;acainc992j;p23p100;2001;371764.0;992;j
RS;acainc992j;p23p100;2002;391668.5;992;j
RS;acainc992j;p23p100;2003;413301.19;992;j
RS;acainc992j;p23p100;2004;497333.19;992;j
RS;acainc992j;p23p100;2005;567555.69;992;j
RS;acainc992j;p23p100;2006;601492.0;992;j
RS;acainc992j;p23p100;2007;602343.81;992;j
RS;acainc992j;p23p100;2008;646292.69;992;j
RS;acainc992j;p23p100;2009;640258.19;992;j
RS;acainc992j;p23p100;2010;645829.69;992;j
RS;acainc992j;p23p100;2011;655120.31;992;j
RS;acainc992j;p23p100;2012;655224.13;992;j
RS;acainc992j;p23p100;2013;669232.38;992;j
RS;acainc992j;p23p100;2014;646175.13;992;j
RS;acainc992j;p23p100;2015;659574.69;992;j
RS;acainc992j;p23p100;2016;684017.5;992;j
RS;acainc992j;p23p100;2017;684654.5;992;j
RS;acainc992j;p42p100;1990;746100.13;992;j
RS;acainc992j;p42p100;1991;646432.69;992;j
RS;acainc992j;p42p100;1992;441652.91;992;j
RS;acainc992j;p42p100;1993;285772.81;992;j
RS;acainc992j;p42p100;1994;293652.0;992;j
RS;acainc992j;p42p100;1995;309237.5;992;j
RS;acainc992j;p42p100;1996;310922.81;992;j
RS;acainc992j;p42p100;1997;327214.81;992;j
RS;acainc992j;p42p100;1998;357556.31;992;j
RS;acainc992j;p42p100;1999;408373.09;992;j
RS;acainc992j;p42p100;2000;444400.81;992;j
RS;acainc992j;p42p100;2001;433745.91;992;j
RS;acainc992j;p42p100;2002;458816.09;992;j
RS;acainc992j;p42p100;2003;485057.31;992;j
RS;acainc992j;p42p100;2004;586335.31;992;j
RS;acainc992j;p42p100;2005;671045.19;992;j
RS;acainc992j;p42p100;2006;714190.31;992;j
RS;acainc992j;p42p100;2007;716116.19;992;j
RS;acainc992j;p42p100;2008;770352.69;992;j
RS;acainc992j;p42p100;2009;765634.38;992;j
RS;acainc992j;p42p100;2010;776725.69;992;j
RS;acainc992j;p42p100;2011;791930.31;992;j
RS;acainc992j;p42p100;2012;792904.69;992;j
RS;acainc992j;p42p100;2013;814651.63;992;j
RS;acainc992j;p42p100;2014;781689.88;992;j
RS;acainc992j;p42p100;2015;802710.31;992;j
RS;acainc992j;p42p100;2016;832433.88;992;j
RS;acainc992j;p42p100;2017;833260.38;992;j
RS;acainc992j;p4p100;1990;537682.0;992;j
RS;acainc992j;p4p100;1991;466777.41;992;j
RS;acainc992j;p4p100;1992;319587.31;992;j
RS;acainc992j;p4p100;1993;207213.59;992;j
RS;acainc992j;p4p100;1994;213384.7;992;j
RS;acainc992j;p4p100;1995;225188.7;992;j
RS;acainc992j;p4p100;1996;226987.0;992;j
RS;acainc992j;p4p100;1997;239476.5;992;j
RS;acainc992j;p4p100;1998;262710.09;992;j
RS;acainc992j;p4p100;1999;299956.5;992;j
RS;acainc992j;p4p100;2000;325505.19;992;j
RS;acainc992j;p4p100;2001;317310.91;992;j
RS;acainc992j;p4p100;2002;331722.09;992;j
RS;acainc992j;p4p100;2003;349442.09;992;j
RS;acainc992j;p4p100;2004;417619.0;992;j
RS;acainc992j;p4p100;2005;475596.59;992;j
RS;acainc992j;p4p100;2006;501593.09;992;j
RS;acainc992j;p4p100;2007;500954.5;992;j
RS;acainc992j;p4p100;2008;536542.88;992;j
RS;acainc992j;p4p100;2009;530637.0;992;j
RS;acainc992j;p4p100;2010;532911.5;992;j
RS;acainc992j;p4p100;2011;538461.81;992;j
RS;acainc992j;p4p100;2012;537860.38;992;j
RS;acainc992j;p4p100;2013;549688.5;992;j
RS;acainc992j;p4p100;2014;538075.38;992;j
RS;acainc992j;p4p100;2015;544127.19;992;j
RS;acainc992j;p4p100;2016;564323.81;992;j
RS;acainc992j;p4p100;2017;564814.0;992;j
RS;acainc992j;p62p63;1990;533653.5;992;j
RS;acainc992j;p62p63;1991;463490.0;992;j
RS;acainc992j;p62p63;1992;317234.81;992;j
RS;acainc992j;p62p63;1993;205401.5;992;j
RS;acainc992j;p62p63;1994;211289.7;992;j
RS;acainc992j;p62p63;1995;222654.0;992;j
RS;acainc992j;p62p63;1996;224551.41;992;j
RS;acainc992j;p62p63;1997;236979.91;992;j
RS;acainc992j;p62p63;1998;258763.8;992;j
RS;acainc992j;p62p63;1999;293272.69;992;j
RS;acainc992j;p62p63;2000;313112.09;992;j
RS;acainc992j;p62p63;2001;303001.59;992;j
RS;acainc992j;p62p63;2002;317439.41;992;j
RS;acainc992j;p62p63;2003;335158.5;992;j
RS;acainc992j;p62p63;2004;399384.59;992;j
RS;acainc992j;p62p63;2005;450335.09;992;j
RS;acainc992j;p62p63;2006;474689.59;992;j
RS;acainc992j;p62p63;2007;477434.81;992;j
RS;acainc992j;p62p63;2008;510942.31;992;j
RS;acainc992j;p62p63;2009;501671.19;992;j
RS;acainc992j;p62p63;2010;498543.41;992;j
RS;acainc992j;p62p63;2011;500301.41;992;j
RS;acainc992j;p62p63;2012;497620.09;992;j
RS;acainc992j;p62p63;2013;516571.5;992;j
RS;acainc992j;p62p63;2014;495880.81;992;j
RS;acainc992j;p62p63;2015;483556.0;992;j
RS;acainc992j;p62p63;2016;501457.41;992;j
RS;acainc992j;p62p63;2017;501763.5;992;j
RS;acainc992j;p85p100;1990;1275248.0;992;j
RS;acainc992j;p85p100;1991;1101699.1;992;j
RS;acainc992j;p85p100;1992;751281.19;992;j
RS;acainc992j;p85p100;1993;485923.69;992;j
RS;acainc992j;p85p100;1994;498989.19;992;j
RS;acainc992j;p85p100;1995;525196.13;992;j
RS;acainc992j;p85p100;1996;526495.0;992;j
RS;acainc992j;p85p100;1997;552419.31;992;j
RS;acainc992j;p85p100;1998;611042.69;992;j
RS;acainc992j;p85p100;1999;706895.5;992;j
RS;acainc992j;p85p100;2000;781883.19;992;j
RS;acainc992j;p85p100;2001;771305.81;992;j
RS;acainc992j;p85p100;2002;821893.5;992;j
RS;acainc992j;p85p100;2003;872209.88;992;j
RS;acainc992j;p85p100;2004;1063950.4;992;j
RS;acainc992j;p85p100;2005;1235508.4;992;j
RS;acainc992j;p85p100;2006;1328931.8;992;j
RS;acainc992j;p85p100;2007;1326204.3;992;j
RS;acainc992j;p85p100;2008;1429544.0;992;j
RS;acainc992j;p85p100;2009;1437760.3;992;j
RS;acainc992j;p85p100;2010;1482030.8;992;j
RS;acainc992j;p85p100;2011;1530469.8;992;j
RS;acainc992j;p85p100;2012;1546286.8;992;j
RS;acainc992j;p85p100;2013;1567821.4;992;j
RS;acainc992j;p85p100;2014;1532992.1;992;j
RS;acainc992j;p85p100;2015;1639942.6;992;j
RS;acainc992j;p85p100;2016;1700757.3;992;j
RS;acainc992j;p85p100;2017;1702899.3;992;j
RS;acainc992j;p99.996p99.997;1990;36492880.0;992;j
RS;acainc992j;p99.996p99.997;1991;29957464.0;992;j
RS;acainc992j;p99.996p99.997;1992;19075826.0;992;j
RS;acainc992j;p99.996p99.997;1993;11810634.0;992;j
RS;acainc992j;p99.996p99.997;1994;11773119.0;992;j
RS;acainc992j;p99.996p99.997;1995;12084545.0;992;j
RS;acainc992j;p99.996p99.997;1996;11695929.0;992;j
RS;acainc992j;p99.996p99.997;1997;11812402.0;992;j
RS;acainc992j;p99.996p99.997;1998;13746020.0;992;j
RS;acainc992j;p99.996p99.997;1999;18798788.0;992;j
RS;acainc992j;p99.996p99.997;2000;21775888.0;992;j
RS;acainc992j;p99.996p99.997;2001;24249510.0;992;j
RS;acainc992j;p99.996p99.997;2002;24204048.0;992;j
RS;acainc992j;p99.996p99.997;2003;25323290.0;992;j
RS;acainc992j;p99.996p99.997;2004;30754408.0;992;j
RS;acainc992j;p99.996p99.997;2005;37670844.0;992;j
RS;acainc992j;p99.996p99.997;2006;37202404.0;992;j
RS;acainc992j;p99.996p99.997;2007;32672786.0;992;j
RS;acainc992j;p99.996p99.997;2008;31304224.0;992;j
RS;acainc992j;p99.996p99.997;2009;37433576.0;992;j
RS;acainc992j;p99.996p99.997;2010;36183760.0;992;j
RS;acainc992j;p99.996p99.997;2011;35967664.0;992;j
RS;acainc992j;p99.996p99.997;2012;53254300.0;992;j
RS;acainc992j;p99.996p99.997;2013;42323224.0;992;j
RS;acainc992j;p99.996p99.997;2014;73080144.0;992;j
RS;acainc992j;p99.996p99.997;2015;111678408.0;992;j
RS;acainc992j;p99.996p99.997;2016;115885480.0;992;j
RS;acainc992j;p99.996p99.997;2017;116176152.0;992;j
RS;adiinc992j;p99.992p99.993;1990;32002972.0;992;j
RS;adiinc992j;p99.992p99.993;1991;26514840.0;992;j
RS;adiinc992j;p99.992p99.993;1992;17105800.0;992;j
RS;adiinc992j;p99.992p99.993;1993;10692500.0;992;j
RS;adiinc992j;p99.992p99.993;1994;10726984.0;992;j
RS;adiinc992j;p99.992p99.993;1995;11073196.0;992;j
RS;adiinc992j;p99.992p99.993;1996;10780494.0;992;j
RS;adiinc992j;p99.992p99.993;1997;10991062.0;992;j
RS;adiinc992j;p99.992p99.993;1998;12337200.0;992;j
RS;adiinc992j;p99.992p99.993;1999;15974508.0;992;j
RS;adiinc992j;p99.992p99.993;2000;18611120.0;992;j
RS;adiinc992j;p99.992p99.993;2001;20810942.0;992;j
RS;adiinc992j;p99.992p99.993;2002;21492252.0;992;j
RS;adiinc992j;p99.992p99.993;2003;22374894.0;992;j
RS;adiinc992j;p99.992p99.993;2004;25584714.0;992;j
RS;adiinc992j;p99.992p99.993;2005;30475746.0;992;j
RS;adiinc992j;p99.992p99.993;2006;30659338.0;992;j
RS;adiinc992j;p99.992p99.993;2007;28167740.0;992;j
RS;adiinc992j;p99.992p99.993;2008;27374804.0;992;j
RS;adiinc992j;p99.992p99.993;2009;31677620.0;992;j
RS;adiinc992j;p99.992p99.993;2010;30913362.0;992;j
RS;adiinc992j;p99.992p99.993;2011;30882322.0;992;j
RS;adiinc992j;p99.992p99.993;2012;42908788.0;992;j
RS;adiinc992j;p99.992p99.993;2013;35446576.0;992;j
RS;adiinc992j;p99.992p99.993;2014;55639812.0;992;j
RS;adiinc992j;p99.992p99.993;2015;80260880.0;992;j
RS;adiinc992j;p99.992p99.993;2016;83835736.0;992;j
RS;adiinc992j;p99.992p99.993;2017;84553528.0;992;j
RS;ansrho999i;p0p100;1997;14839.3;999;i
RS;ansrho999i;p0p100;1998;13598.7;999;i
RS;ansrho999i;p0p100;1999;20652.1;999;i
RS;ansrho999i;p0p100;2000;21583.801;999;i
RS;ansrho999i;p0p100;2001;21711.4;999;i
RS;ansrho999i;p0p100;2002;21139.301;999;i
RS;ansrho999i;p0p100;2003;25578.199;999;i
RS;ansrho999i;p0p100;2004;26755.6;999;i
RS;ansrho999i;p0p100;2005;29024.801;999;i
RS;ansrho999i;p0p100;2006;31865.199;999;i
RS;ansrho999i;p0p100;2007;33327.398;999;i
RS;ansrho999i;p0p100;2008;33067.801;999;i
RS;ansrho999i;p0p100;2009;37301.0;999;i
RS;ansrho999i;p0p100;2010;38392.5;999;i
RS;ansrho999i;p0p100;2011;39355.301;999;i
RS;aprpfc999i;p0p100;1997;8819.7002;999;i
RS;aprpfc999i;p0p100;1998;9060.0;999;i
RS;aprpfc999i;p0p100;1999;5064.2998;999;i
RS;aprpfc999i;p0p100;2000;4677.7002;999;i
RS;aprpfc999i;p0p100;2001;2888.6001;999;i
RS;aprpfc999i;p0p100;2002;3699.1001;999;i
RS;aprpfc999i;p0p100;2003;3918.3999;999;i
RS;aprpfc999i;p0p100;2004;2747.3999;999;i
RS;aprpfc999i;p0p100;2005;4249.7002;999;i
RS;aprpfc999i;p0p100;2006;4677.0;999;i
RS;aprpfc999i;p0p100;2007;-501.89999;999;i
RS;aprpfc999i;p0p100;2008;6152.2998;999;i
RS;aprpfc999i;p0p100;2009;8318.0996;999;i
RS;aprpfc999i;p0p100;2010;9333.2998;999;i
RS;aprpfc999i;p0p100;2011;9212.2002;999;i
RS;aptfnx999i;p0p100;2007;-4458.1001;999;i
RS;aptfnx999i;p0p100;2008;-6630.0;999;i
RS;aptfnx999i;p0p100;2009;-7826.0;999;i
RS;aptfnx999i;p0p100;2010;-8863.7998;999;i
RS;aptfnx999i;p0p100;2011;-9406.2002;999;i
RS;aptfnx999i;p0p100;2012;-9799.7998;999;i
RS;aptfnx999i;p0p100;2013;-11749.1;999;i
RS;aptfnx999i;p0p100;2014;-12763.9;999;i
RS;aptfnx999i;p0p100;2015;-14403.8;999;i
RS;aptfnx999i;p0p100;2016;-13585.1;999;i
RS;aptfnx999i;p0p100;2017;-10493.4;999;i
RS;aptfnx999i;p0p100;2018;-7740.2998;999;i
RS;aptinc992j;p13p14;1990;192626.91;992;j
RS;aptinc992j;p13p14;1991;166909.0;992;j
RS;aptinc992j;p13p14;1992;114161.4;992;j
RS;aptinc992j;p13p14;1993;73856.898;992;j
RS;aptinc992j;p13p14;1994;75828.703;992;j
RS;aptinc992j;p13p14;1995;79768.203;992;j
RS;aptinc992j;p13p14;1996;80295.703;992;j
RS;aptinc992j;p13p14;1997;84978.703;992;j
RS;aptinc992j;p13p14;1998;94939.5;992;j
RS;aptinc992j;p13p14;1999;103687.9;992;j
RS;aptinc992j;p13p14;2000;112258.3;992;j
RS;aptinc992j;p13p14;2001;113378.4;992;j
RS;aptinc992j;p13p14;2002;109354.2;992;j
RS;aptinc992j;p13p14;2003;109513.3;992;j
RS;aptinc992j;p13p14;2004;112410.0;992;j
RS;aptinc992j;p13p14;2005;113177.9;992;j
RS;aptinc992j;p13p14;2006;104606.6;992;j
RS;aptinc992j;p13p14;2007;94297.5;992;j
RS;aptinc992j;p13p14;2008;85666.898;992;j
RS;aptinc992j;p13p14;2009;74943.203;992;j
RS;aptinc992j;p13p14;2010;65000.801;992;j
RS;aptinc992j;p13p14;2011;53926.102;992;j
RS;aptinc992j;p13p14;2012;50878.199;992;j
RS;aptinc992j;p13p14;2013;46727.699;992;j
RS;aptinc992j;p13p14;2014;45133.199;992;j
RS;aptinc992j;p13p14;2015;47158.301;992;j
RS;aptinc992j;p13p14;2016;48790.301;992;j
RS;aptinc992j;p13p14;2017;48690.898;992;j
RS;aptinc992j;p65p66;1990;793129.5;992;j
RS;aptinc992j;p65p66;1991;685379.88;992;j
RS;aptinc992j;p65p66;1992;467285.81;992;j
RS;aptinc992j;p65p66;1993;302026.91;992;j
RS;aptinc992j;p65p66;1994;309916.19;992;j
RS;aptinc992j;p65p66;1995;325722.59;992;j
RS;aptinc992j;p65p66;1996;327402.0;992;j
RS;aptinc992j;p65p66;1997;346116.09;992;j
RS;aptinc992j;p65p66;1998;362987.5;992;j
RS;aptinc992j;p65p66;1999;393625.5;992;j
RS;aptinc992j;p65p66;2000;425920.91;992;j
RS;aptinc992j;p65p66;2001;421230.81;992;j
RS;aptinc992j;p65p66;2002;456121.0;992;j
RS;aptinc992j;p65p66;2003;479133.59;992;j
RS;aptinc992j;p65p66;2004;530981.0;992;j
RS;aptinc992j;p65p66;2005;589435.69;992;j
RS;aptinc992j;p65p66;2006;627239.31;992;j
RS;aptinc992j;p65p66;2007;654607.19;992;j
RS;aptinc992j;p65p66;2008;701055.69;992;j
RS;aptinc992j;p65p66;2009;688751.31;992;j
RS;aptinc992j;p65p66;2010;682496.31;992;j
RS;aptinc992j;p65p66;2011;681518.5;992;j
RS;aptinc992j;p65p66;2012;685795.69;992;j
RS;aptinc992j;p65p66;2013;711756.81;992;j
RS;aptinc992j;p65p66;2014;682964.38;992;j
RS;aptinc992j;p65p66;2015;694048.63;992;j
RS;aptinc992j;p65p66;2016;715186.5;992;j
RS;aptinc992j;p65p66;2017;719195.63;992;j
RS;aptinc992j;p99.97p100;1990;36899324.0;992;j
RS;aptinc992j;p99.97p100;1991;33204244.0;992;j
RS;aptinc992j;p99.97p100;1992;23259408.0;992;j
RS;aptinc992j;p99.97p100;1993;15612812.0;992;j
RS;aptinc992j;p99.97p100;1994;16389469.0;992;j
RS;aptinc992j;p99.97p100;1995;17881688.0;992;j
RS;aptinc992j;p99.97p100;1996;18477462.0;992;j
RS;aptinc992j;p99.97p100;1997;20112816.0;992;j
RS;aptinc992j;p99.97p100;1998;20840648.0;992;j
RS;aptinc992j;p99.97p100;1999;24825636.0;992;j
RS;aptinc992j;p99.97p100;2000;29377628.0;992;j
RS;aptinc992j;p99.97p100;2001;31857392.0;992;j
RS;aptinc992j;p99.97p100;2002;33239068.0;992;j
RS;aptinc992j;p99.97p100;2003;33953656.0;992;j
RS;aptinc992j;p99.97p100;2004;39388264.0;992;j
RS;aptinc992j;p99.97p100;2005;42197964.0;992;j
RS;aptinc992j;p99.97p100;2006;45102984.0;992;j
RS;aptinc992j;p99.97p100;2007;42557552.0;992;j
RS;aptinc992j;p99.97p100;2008;46532264.0;992;j
RS;aptinc992j;p99.97p100;2009;45013516.0;992;j
RS;aptinc992j;p99.97p100;2010;43846468.0;992;j
RS;aptinc992j;p99.97p100;2011;46673024.0;992;j
RS;aptinc992j;p99.97p100;2012;36258844.0;992;j
RS;aptinc992j;p99.97p100;2013;40576080.0;992;j
RS;aptinc992j;p99.97p100;2014;63908508.0;992;j
RS;aptinc992j;p99.97p100;2015;62361520.0;992;j
RS;aptinc992j;p99.97p100;2016;64356028.0;992;j
RS;aptinc992j;p99.97p100;2017;64796380.0;992;j
RS;aptinc992j;p99.98p99.99;1990;25726760.0;992;j
RS;aptinc992j;p99.98p99.99;1991;22986602.0;992;j
RS;aptinc992j;p99.98p99.99;1992;16066318.0;992;j
RS;aptinc992j;p99.98p99.99;1993;10711526.0;992;j
RS;aptinc992j;p99.98p99.99;1994;11239574.0;992;j
RS;aptinc992j;p99.98p99.99;1995;12189764.0;992;j
RS;aptinc992j;p99.98p99.99;1996;12523168.0;992;j
RS;aptinc992j;p99.98p99.99;1997;13540836.0;992;j
RS;aptinc992j;p99.98p99.99;1998;14184964.0;992;j
RS;aptinc992j;p99.98p99.99;1999;16604840.0;992;j
RS;aptinc992j;p99.98p99.99;2000;19573216.0;992;j
RS;aptinc992j;p99.98p99.99;2001;20830034.0;992;j
RS;aptinc992j;p99.98p99.99;2002;22125144.0;992;j
RS;aptinc992j;p99.98p99.99;2003;22813534.0;992;j
RS;aptinc992j;p99.98p99.99;2004;26494642.0;992;j
RS;aptinc992j;p99.98p99.99;2005;28937860.0;992;j
RS;aptinc992j;p99.98p99.99;2006;30916502.0;992;j
RS;aptinc992j;p99.98p99.99;2007;29541352.0;992;j
RS;aptinc992j;p99.98p99.99;2008;32139244.0;992;j
RS;aptinc992j;p99.98p99.99;2009;31340250.0;992;j
RS;aptinc992j;p99.98p99.99;2010;31288612.0;992;j
RS;aptinc992j;p99.98p99.99;2011;33028380.0;992;j
RS;aptinc992j;p99.98p99.99;2012;27547890.0;992;j
RS;aptinc992j;p99.98p99.99;2013;29897024.0;992;j
RS;aptinc992j;p99.98p99.99;2014;41593092.0;992;j
RS;aptinc992j;p99.98p99.99;2015;40455276.0;992;j
RS;aptinc992j;p99.98p99.99;2016;41751280.0;992;j
RS;aptinc992j;p99.98p99.99;2017;42052760.0;992;j
RS;aptinc992j;p99.992p99.993;1990;36290988.0;992;j
RS;aptinc992j;p99.992p99.993;1991;32536186.0;992;j
RS;aptinc992j;p99.992p99.993;1992;22767222.0;992;j
RS;aptinc992j;p99.992p99.993;1993;15227643.0;992;j
RS;aptinc992j;p99.992p99.993;1994;15983947.0;992;j
RS;aptinc992j;p99.992p99.993;1995;17383844.0;992;j
RS;aptinc992j;p99.992p99.993;1996;17906024.0;992;j
RS;aptinc992j;p99.992p99.993;1997;19418380.0;992;j
RS;aptinc992j;p99.992p99.993;1998;20247704.0;992;j
RS;aptinc992j;p99.992p99.993;1999;23889564.0;992;j
RS;aptinc992j;p99.992p99.993;2000;28219820.0;992;j
RS;aptinc992j;p99.992p99.993;2001;30273598.0;992;j
RS;aptinc992j;p99.992p99.993;2002;31920674.0;992;j
RS;aptinc992j;p99.992p99.993;2003;32778242.0;992;j
RS;aptinc992j;p99.992p99.993;2004;38052764.0;992;j
RS;aptinc992j;p99.992p99.993;2005;41208408.0;992;j
RS;aptinc992j;p99.992p99.993;2006;44034916.0;992;j
RS;aptinc992j;p99.992p99.993;2007;41815764.0;992;j
RS;aptinc992j;p99.992p99.993;2008;45599264.0;992;j
RS;aptinc992j;p99.992p99.993;2009;44300044.0;992;j
RS;aptinc992j;p99.992p99.993;2010;43718996.0;992;j
RS;aptinc992j;p99.992p99.993;2011;46343960.0;992;j
RS;aptinc992j;p99.992p99.993;2012;37227408.0;992;j
RS;aptinc992j;p99.992p99.993;2013;41091560.0;992;j
RS;aptinc992j;p99.992p99.993;2014;60589944.0;992;j
RS;aptinc992j;p99.992p99.993;2015;58991608.0;992;j
RS;aptinc992j;p99.992p99.993;2016;60880720.0;992;j
RS;aptinc992j;p99.992p99.993;2017;61312004.0;992;j
RS;aptinc992j;p99.9p99.91;1990;9905849.0;992;j
RS;aptinc992j;p99.9p99.91;1991;8764988.0;992;j
RS;aptinc992j;p99.9p99.91;1992;6102592.0;992;j
RS;aptinc992j;p99.9p99.91;1993;4031298.5;992;j
RS;aptinc992j;p99.9p99.91;1994;4222283.5;992;j
RS;aptinc992j;p99.9p99.91;1995;4541634.5;992;j
RS;aptinc992j;p99.9p99.91;1996;4631637.0;992;j
RS;aptinc992j;p99.9p99.91;1997;4966954.0;992;j
RS;aptinc992j;p99.9p99.91;1998;5265202.0;992;j
RS;aptinc992j;p99.9p99.91;1999;6022999.5;992;j
RS;aptinc992j;p99.9p99.91;2000;7040388.0;992;j
RS;aptinc992j;p99.9p99.91;2001;7321173.5;992;j
RS;aptinc992j;p99.9p99.91;2002;7930884.5;992;j
RS;aptinc992j;p99.9p99.91;2003;8276333.5;992;j
RS;aptinc992j;p99.9p99.91;2004;9616021.0;992;j
RS;aptinc992j;p99.9p99.91;2005;10750414.0;992;j
RS;aptinc992j;p99.9p99.91;2006;11479035.0;992;j
RS;aptinc992j;p99.9p99.91;2007;11183099.0;992;j
RS;aptinc992j;p99.9p99.91;2008;12088293.0;992;j
RS;aptinc992j;p99.9p99.91;2009;11909065.0;992;j
RS;aptinc992j;p99.9p99.91;2010;12247541.0;992;j
RS;aptinc992j;p99.9p99.91;2011;12775780.0;992;j
RS;aptinc992j;p99.9p99.91;2012;11785380.0;992;j
RS;aptinc992j;p99.9p99.91;2013;12233970.0;992;j
RS;aptinc992j;p99.9p99.91;2014;14489651.0;992;j
RS;aptinc992j;p99.9p99.91;2015;14078920.0;992;j
RS;aptinc992j;p99.9p99.91;2016;14529571.0;992;j
RS;aptinc992j;p99.9p99.91;2017;14638766.0;992;j
RS;asagnp992i;p0p100;1997;-973.40002;992;i
RS;asagnp992i;p0p100;1998;-935.59998;992;i
RS;asagnp992i;p0p100;1999;-1241.2;992;i
RS;asagnp992i;p0p100;2000;-2046.1;992;i
RS;asagnp992i;p0p100;2001;-1390.1;992;i
RS;asagnp992i;p0p100;2002;-1431.3;992;i
RS;asagnp992i;p0p100;2003;-1385.7;992;i
RS;asagnp992i;p0p100;2004;-1752.5;992;i
RS;asagnp992i;p0p100;2005;-1850.0;992;i
RS;asagnp992i;p0p100;2006;-1947.3;992;i
RS;asagnp992i;p0p100;2007;-2332.5;992;i
RS;asagnp992i;p0p100;2008;-2234.0;992;i
RS;asagnp992i;p0p100;2009;-2011.4;992;i
RS;asagnp992i;p0p100;2010;-2046.3;992;i
RS;asagnp992i;p0p100;2011;-2125.8999;992;i
RS;aseghn999i;p0p100;1997;237838.5;999;i
RS;aseghn999i;p0p100;1998;228798.7;999;i
RS;aseghn999i;p0p100;1999;252171.2;999;i
RS;aseghn999i;p0p100;2000;269401.41;999;i
RS;aseghn999i;p0p100;2001;277978.81;999;i
RS;aseghn999i;p0p100;2002;293316.0;999;i
RS;aseghn999i;p0p100;2003;311033.91;999;i
RS;aseghn999i;p0p100;2004;311449.69;999;i
RS;aseghn999i;p0p100;2005;349147.69;999;i
RS;aseghn999i;p0p100;2006;371725.31;999;i
RS;aseghn999i;p0p100;2007;392873.09;999;i
RS;aseghn999i;p0p100;2008;426768.31;999;i
RS;aseghn999i;p0p100;2009;424541.91;999;i
RS;aseghn999i;p0p100;2010;423185.59;999;i
RS;aseghn999i;p0p100;2011;420144.81;999;i
RS;ataxnf999i;p0p100;1997;990.79999;999;i
RS;ataxnf999i;p0p100;1998;880.5;999;i
RS;ataxnf999i;p0p100;1999;1138.9;999;i
RS;ataxnf999i;p0p100;2000;1226.3;999;i
RS;ataxnf999i;p0p100;2001;1289.3;999;i
RS;ataxnf999i;p0p100;2002;1936.7;999;i
RS;ataxnf999i;p0p100;2003;1623.3;999;i
RS;ataxnf999i;p0p100;2004;2657.0;999;i
RS;ataxnf999i;p0p100;2005;3407.5;999;i
RS;ataxnf999i;p0p100;2006;4207.2002;999;i
RS;ataxnf999i;p0p100;2007;4943.0;999;i
RS;ataxnf999i;p0p100;2008;4272.8999;999;i
RS;ataxnf999i;p0p100;2009;4241.5;999;i
RS;ataxnf999i;p0p100;2010;4703.7002;999;i
RS;ataxnf999i;p0p100;2011;6301.3999;999;i
RS;bcainc992j;p10p100;1990;4.917367;992;j
RS;bcainc992j;p10p100;1991;4.8273239;992;j
RS;bcainc992j;p10p100;1992;4.7302003;992;j
RS;bcainc992j;p10p100;1993;4.6392398;992;j
RS;bcainc992j;p10p100;1994;4.5313649;992;j
RS;bcainc992j;p10p100;1995;4.4353976;992;j
RS;bcainc992j;p10p100;1996;4.3252926;992;j
RS;bcainc992j;p10p100;1997;4.2270379;992;j
RS;bcainc992j;p10p100;1998;3.8328528;992;j
RS;bcainc992j;p10p100;1999;3.7965114;992;j
RS;bcainc992j;p10p100;2000;3.9158363;992;j
RS;bcainc992j;p10p100;2001;3.9945979;992;j
RS;bcainc992j;p10p100;2002;4.7323012;992;j
RS;bcainc992j;p10p100;2003;5.2225542;992;j
RS;bcainc992j;p10p100;2004;6.318028;992;j
RS;bcainc992j;p10p100;2005;6.9344215;992;j
RS;bcainc992j;p10p100;2006;7.9663429;992;j
RS;bcainc992j;p10p100;2007;9.257513;992;j
RS;bcainc992j;p10p100;2008;10.104473;992;j
RS;bcainc992j;p10p100;2009;10.554389;992;j
RS;bcainc992j;p10p100;2010;12.725786;992;j
RS;bcainc992j;p10p100;2011;15.383232;992;j
RS;bcainc992j;p10p100;2012;17.436462;992;j
RS;bcainc992j;p10p100;2013;11.844305;992;j
RS;bcainc992j;p10p100;2014;6.6305904;992;j
RS;bcainc992j;p10p100;2015;9.4234934;992;j
RS;bcainc992j;p10p100;2016;9.4067612;992;j
RS;bcainc992j;p10p100;2017;9.4268551;992;j
RS;bcainc992j;p28p100;1990;2.5151446;992;j
RS;bcainc992j;p28p100;1991;2.4780996;992;j
RS;bcainc992j;p28p100;1992;2.442106;992;j
RS;bcainc992j;p28p100;1993;2.4081554;992;j
RS;bcainc992j;p28p100;1994;2.3797331;992;j
RS;bcainc992j;p28p100;1995;2.3507864;992;j
RS;bcainc992j;p28p100;1996;2.316602;992;j
RS;bcainc992j;p28p100;1997;2.2850266;992;j
RS;bcainc992j;p28p100;1998;2.2517192;992;j
RS;bcainc992j;p28p100;1999;2.2867844;992;j
RS;bcainc992j;p28p100;2000;2.2953107;992;j
RS;bcainc992j;p28p100;2001;2.2965837;992;j
RS;bcainc992j;p28p100;2002;2.3713615;992;j
RS;bcainc992j;p28p100;2003;2.4321227;992;j
RS;bcainc992j;p28p100;2004;2.5412912;992;j
RS;bcainc992j;p28p100;2005;2.6037462;992;j
RS;bcainc992j;p28p100;2006;2.7278771;992;j
RS;bcainc992j;p28p100;2007;2.7421234;992;j
RS;bcainc992j;p28p100;2008;2.8554392;992;j
RS;bcainc992j;p28p100;2009;2.9619446;992;j
RS;bcainc992j;p28p100;2010;3.219506;992;j
RS;bcainc992j;p28p100;2011;3.4837389;992;j
RS;bcainc992j;p28p100;2012;3.4366536;992;j
RS;bcainc992j;p28p100;2013;3.8807464;992;j
RS;bcainc992j;p28p100;2014;3.4558673;992;j
RS;bcainc992j;p28p100;2015;3.839046;992;j
RS;bcainc992j;p28p100;2016;3.8371365;992;j
RS;bcainc992j;p28p100;2017;3.8397131;992;j
RS;bcainc992j;p64p100;1990;1.6807542;992;j
RS;bcainc992j;p64p100;1991;1.6735803;992;j
RS;bcainc992j;p64p100;1992;1.6692023;992;j
RS;bcainc992j;p64p100;1993;1.66781;992;j
RS;bcainc992j;p64p100;1994;1.6659875;992;j
RS;bcainc992j;p64p100;1995;1.6636631;992;j
RS;bcainc992j;p64p100;1996;1.6578314;992;j
RS;bcainc992j;p64p100;1997;1.651559;992;j
RS;bcainc992j;p64p100;1998;1.6602747;992;j
RS;bcainc992j;p64p100;1999;1.6823945;992;j
RS;bcainc992j;p64p100;2000;1.7217419;992;j
RS;bcainc992j;p64p100;2001;1.7324704;992;j
RS;bcainc992j;p64p100;2002;1.7486869;992;j
RS;bcainc992j;p64p100;2003;1.7569494;992;j
RS;bcainc992j;p64p100;2004;1.7866788;992;j
RS;bcainc992j;p64p100;2005;1.8277317;992;j
RS;bcainc992j;p64p100;2006;1.8510224;992;j
RS;bcainc992j;p64p100;2007;1.8435965;992;j
RS;bcainc992j;p64p100;2008;1.8590305;992;j
RS;bcainc992j;p64p100;2009;1.888716;992;j
RS;bcainc992j;p64p100;2010;1.9350958;992;j
RS;bcainc992j;p64p100;2011;1.9733866;992;j
RS;bcainc992j;p64p100;2012;1.9983402;992;j
RS;bcainc992j;p64p100;2013;1.97491;992;j
RS;bcainc992j;p64p100;2014;1.9863929;992;j
RS;bcainc992j;p64p100;2015;2.1155834;992;j
RS;bcainc992j;p64p100;2016;2.1149964;992;j
RS;bcainc992j;p64p100;2017;2.1161792;992;j
RS;bdiinc992j;p0p100;1990;7.2095313;992;j
RS;bdiinc992j;p0p100;1991;7.8200517;992;j
RS;bdiinc992j;p0p100;1992;8.5248747;992;j
RS;bdiinc992j;p0p100;1993;9.3601894;992;j
RS;bdiinc992j;p0p100;1994;10.36828;992;j
RS;bdiinc992j;p0p100;1995;11.465984;992;j
RS;bdiinc992j;p0p100;1996;12.955517;992;j
RS;bdiinc992j;p0p100;1997;14.587437;992;j
RS;bdiinc992j;p0p100;1998;16.910629;992;j
RS;bdiinc992j;p0p100;1999;19.523277;992;j
RS;bdiinc992j;p0p100;2000;21.164429;992;j
RS;bdiinc992j;p0p100;2001;20.631611;992;j
RS;bdiinc992j;p0p100;2002;19.456327;992;j
RS;bdiinc992j;p0p100;2003;13.849082;992;j
RS;bdiinc992j;p0p100;2004;13.632094;992;j
RS;bdiinc992j;p0p100;2005;13.948673;992;j
RS;bdiinc992j;p0p100;2006;13.127353;992;j
RS;bdiinc992j;p0p100;2007;-0.039646707;992;j
RS;bdiinc992j;p0p100;2008;-0.026503889;992;j
RS;bdiinc992j;p0p100;2009;10.854094;992;j
RS;bdiinc992j;p0p100;2010;10.634814;992;j
RS;bdiinc992j;p0p100;2011;11.295263;992;j
RS;bdiinc992j;p0p100;2012;11.418474;992;j
RS;bdiinc992j;p0p100;2013;19.73274;992;j
RS;bdiinc992j;p0p100;2014;8.755187;992;j
RS;bdiinc992j;p0p100;2015;9.9991379;992;j
RS;bdiinc992j;p0p100;2016;11.583693;992;j
RS;bdiinc992j;p0p100;2017;12.048261;992;j
RS;bdiinc992j;p45p100;1990;1.8620954;992;j
RS;bdiinc992j;p45p100;1991;1.8443806;992;j
RS;bdiinc992j;p45p100;1992;1.8306767;992;j
RS;bdiinc992j;p45p100;1993;1.8214701;992;j
RS;bdiinc992j;p45p100;1994;1.8138119;992;j
RS;bdiinc992j;p45p100;1995;1.8066468;992;j
RS;bdiinc992j;p45p100;1996;1.7936405;992;j
RS;bdiinc992j;p45p100;1997;1.7803638;992;j
RS;bdiinc992j;p45p100;1998;1.847065;992;j
RS;bdiinc992j;p45p100;1999;1.8749944;992;j
RS;bdiinc992j;p45p100;2000;1.8843489;992;j
RS;bdiinc992j;p45p100;2001;1.8862199;992;j
RS;bdiinc992j;p45p100;2002;1.9082778;992;j
RS;bdiinc992j;p45p100;2003;1.9266434;992;j
RS;bdiinc992j;p45p100;2004;1.9728487;992;j
RS;bdiinc992j;p45p100;2005;2.0135298;992;j
RS;bdiinc992j;p45p100;2006;2.0482283;992;j
RS;bdiinc992j;p45p100;2007;2.0454578;992;j
RS;bdiinc992j;p45p100;2008;2.0763147;992;j
RS;bdiinc992j;p45p100;2009;2.1060627;992;j
RS;bdiinc992j;p45p100;2010;2.1774485;992;j
RS;bdiinc992j;p45p100;2011;2.2437623;992;j
RS;bdiinc992j;p45p100;2012;2.2793689;992;j
RS;bdiinc992j;p45p100;2013;2.2828348;992;j
RS;bdiinc992j;p45p100;2014;2.2667408;992;j
RS;bdiinc992j;p45p100;2015;2.3408492;992;j
RS;bdiinc992j;p45p100;2016;2.3669374;992;j
RS;bdiinc992j;p45p100;2017;2.3707249;992;j
RS;bdiinc992j;p62p100;1990;1.6564764;992;j
RS;bdiinc992j;p62p100;1991;1.6495874;992;j
RS;bdiinc992j;p62p100;1992;1.6441809;992;j
RS;bdiinc992j;p62p100;1993;1.6413004;992;j
RS;bdiinc992j;p62p100;1994;1.6401448;992;j
RS;bdiinc992j;p62p100;1995;1.638461;992;j
RS;bdiinc992j;p62p100;1996;1.6321146;992;j
RS;bdiinc992j;p62p100;1997;1.6250778;992;j
RS;bdiinc992j;p62p100;1998;1.6408894;992;j
RS;bdiinc992j;p62p100;1999;1.6638913;992;j
RS;bdiinc992j;p62p100;2000;1.693241;992;j
RS;bdiinc992j;p62p100;2001;1.7085527;992;j
RS;bdiinc992j;p62p100;2002;1.7272664;992;j
RS;bdiinc992j;p62p100;2003;1.7296938;992;j
RS;bdiinc992j;p62p100;2004;1.7633469;992;j
RS;bdiinc992j;p62p100;2005;1.7949597;992;j
RS;bdiinc992j;p62p100;2006;1.8177695;992;j
RS;bdiinc992j;p62p100;2007;1.8103448;992;j
RS;bdiinc992j;p62p100;2008;1.8228277;992;j
RS;bdiinc992j;p62p100;2009;1.8460592;992;j
RS;bdiinc992j;p62p100;2010;1.8938143;992;j
RS;bdiinc992j;p62p100;2011;1.9343238;992;j
RS;bdiinc992j;p62p100;2012;1.9516701;992;j
RS;bdiinc992j;p62p100;2013;1.9350237;992;j
RS;bdiinc992j;p62p100;2014;1.92536;992;j
RS;bdiinc992j;p62p100;2015;2.0419762;992;j
RS;bdiinc992j;p62p100;2016;2.056679;992;j
RS;bdiinc992j;p62p100;2017;2.0589228;992;j
RS;bdiinc992j;p95p100;1990;1.707955;992;j
RS;bdiinc992j;p95p100;1991;1.6945639;992;j
RS;bdiinc992j;p95p100;1992;1.6810036;992;j
RS;bdiinc992j;p95p100;1993;1.6771431;992;j
RS;bdiinc992j;p95p100;1994;1.673822;992;j
RS;bdiinc992j;p95p100;1995;1.6718547;992;j
RS;bdiinc992j;p95p100;1996;1.662313;992;j
RS;bdiinc992j;p95p100;1997;1.6519684;992;j
RS;bdiinc992j;p95p100;1998;1.6750593;992;j
RS;bdiinc992j;p95p100;1999;1.7378379;992;j
RS;bdiinc992j;p95p100;2000;1.785018;992;j
RS;bdiinc992j;p95p100;2001;1.8321185;992;j
RS;bdiinc992j;p95p100;2002;1.8255365;992;j
RS;bdiinc992j;p95p100;2003;1.8047625;992;j
RS;bdiinc992j;p95p100;2004;1.7952746;992;j
RS;bdiinc992j;p95p100;2005;1.8155867;992;j
RS;bdiinc992j;p95p100;2006;1.8092104;992;j
RS;bdiinc992j;p95p100;2007;1.7630829;992;j
RS;bdiinc992j;p95p100;2008;1.7407374;992;j
RS;bdiinc992j;p95p100;2009;1.7935827;992;j
RS;bdiinc992j;p95p100;2010;1.7839617;992;j
RS;bdiinc992j;p95p100;2011;1.7819673;992;j
RS;bdiinc992j;p95p100;2012;1.9197412;992;j
RS;bdiinc992j;p95p100;2013;1.8283268;992;j
RS;bdiinc992j;p95p100;2014;2.049402;992;j
RS;bdiinc992j;p95p100;2015;2.3168864;992;j
RS;bdiinc992j;p95p100;2016;2.3245301;992;j
RS;bdiinc992j;p95p100;2017;2.3261039;992;j
RS;bdiinc992j;p99.991p100;1990;2.1572967;992;j
RS;bdiinc992j;p99.991p100;1991;2.1050949;992;j
RS;bdiinc992j;p99.991p100;1992;2.0337548;992;j
RS;bdiinc992j;p99.991p100;1993;1.9845884;992;j
RS;bdiinc992j;p99.991p100;1994;1.9534109;992;j
RS;bdiinc992j;p99.991p100;1995;1.9267989;992;j
RS;bdiinc992j;p99.991p100;1996;1.8996416;992;j
RS;bdiinc992j;p99.991p100;1997;1.8705943;992;j
RS;bdiinc992j;p99.991p100;1998;1.9006923;992;j
RS;bdiinc992j;p99.991p100;1999;2.0194316;992;j
RS;bdiinc992j;p99.991p100;2000;2.0109627;992;j
RS;bdiinc992j;p99.991p100;2001;2.1077597;992;j
RS;bdiinc992j;p99.991p100;2002;2.0241942;992;j
RS;bdiinc992j;p99.991p100;2003;2.0326107;992;j
RS;bdiinc992j;p99.991p100;2004;2.0388873;992;j
RS;bdiinc992j;p99.991p100;2005;2.0832732;992;j
RS;bdiinc992j;p99.991p100;2006;1.9824615;992;j
RS;bdiinc992j;p99.991p100;2007;1.8875554;992;j
RS;bdiinc992j;p99.991p100;2008;1.7910908;992;j
RS;bdiinc992j;p99.991p100;2009;1.9158458;992;j
RS;bdiinc992j;p99.991p100;2010;1.8546231;992;j
RS;bdiinc992j;p99.991p100;2011;1.8188689;992;j
RS;bdiinc992j;p99.991p100;2012;2.1236312;992;j
RS;bdiinc992j;p99.991p100;2013;1.9200089;992;j
RS;bdiinc992j;p99.991p100;2014;2.5113194;992;j
RS;bdiinc992j;p99.991p100;2015;3.0416393;992;j
RS;bdiinc992j;p99.991p100;2016;3.0432925;992;j
RS;bdiinc992j;p99.991p100;2017;3.0460343;992;j
RS;bptinc992j;p99.2p100;1990;1.9556687;992;j
RS;bptinc992j;p99.2p100;1991;1.9753184;992;j
RS;bptinc992j;p99.2p100;1992;1.9860255;992;j
RS;bptinc992j;p99.2p100;1993;2.0055835;992;j
RS;bptinc992j;p99.2p100;1994;2.0137196;992;j
RS;bptinc992j;p99.2p100;1995;2.0325441;992;j
RS;bptinc992j;p99.2p100;1996;2.0479069;992;j
RS;bptinc992j;p99.2p100;1997;2.0648894;992;j
RS;bptinc992j;p99.2p100;1998;2.0467997;992;j
RS;bptinc992j;p99.2p100;1999;2.1010809;992;j
RS;bptinc992j;p99.2p100;2000;2.134383;992;j
RS;bptinc992j;p99.2p100;2001;2.1917794;992;j
RS;bptinc992j;p99.2p100;2002;2.1518259;992;j
RS;bptinc992j;p99.2p100;2003;2.1222246;992;j
RS;bptinc992j;p99.2p100;2004;2.1250319;992;j
RS;bptinc992j;p99.2p100;2005;2.0780928;992;j
RS;bptinc992j;p99.2p100;2006;2.0793009;992;j
RS;bptinc992j;p99.2p100;2007;2.02756;992;j
RS;bptinc992j;p99.2p100;2008;2.0403042;992;j
RS;bptinc992j;p99.2p100;2009;2.0206578;992;j
RS;bptinc992j;p99.2p100;2010;1.9768069;992;j
RS;bptinc992j;p99.2p100;2011;2.0007935;992;j
RS;bptinc992j;p99.2p100;2012;1.8398777;992;j
RS;bptinc992j;p99.2p100;2013;1.9032288;992;j
RS;bptinc992j;p99.2p100;2014;2.2288342;992;j
RS;bptinc992j;p99.2p100;2015;2.2193217;992;j
RS;bptinc992j;p99.2p100;2016;2.2197483;992;j
RS;bptinc992j;p99.2p100;2017;2.2196538;992;j
RS;msavhn999i;p0p100;1997;178982567936.0;999;i
RS;msavhn999i;p0p100;1998;-174800846848.0;999;i
RS;msavhn999i;p0p100;1999;-223505973248.0;999;i
RS;msavhn999i;p0p100;2000;-256803028992.0;999;i
RS;msavhn999i;p0p100;2001;-466706923520.0;999;i
RS;msavhn999i;p0p100;2002;-569082380288.0;999;i
RS;msavhn999i;p0p100;2003;-419618455552.0;999;i
RS;msavhn999i;p0p100;2004;-559604629504.0;999;i
RS;msavhn999i;p0p100;2005;-562475565056.0;999;i
RS;msavhn999i;p0p100;2006;-557636517888.0;999;i
RS;msavhn999i;p0p100;2007;-553247178752.0;999;i
RS;msavhn999i;p0p100;2008;-559874179072.0;999;i
RS;msavhn999i;p0p100;2009;-640586874880.0;999;i
RS;msavhn999i;p0p100;2010;-714304389120.0;999;i
RS;msavhn999i;p0p100;2011;-633536446464.0;999;i
RS;npopul501f;p0p100;1950;180935.0;501;f
RS;npopul501f;p0p100;1951;186180.0;501;f
RS;npopul501f;p0p100;1952;188960.0;501;f
RS;npopul501f;p0p100;1953;190042.0;501;f
RS;npopul501f;p0p100;1954;191373.0;501;f
RS;npopul501f;p0p100;1955;194134.0;501;f
RS;npopul501f;p0p100;1956;197350.0;501;f
RS;npopul501f;p0p100;1957;201610.0;501;f
RS;npopul501f;p0p100;1958;205939.0;501;f
RS;npopul501f;p0p100;1959;208797.0;501;f
RS;npopul501f;p0p100;1960;209298.0;501;f
RS;npopul501f;p0p100;1961;207971.0;501;f
RS;npopul501f;p0p100;1962;204950.0;501;f
RS;npopul501f;p0p100;1963;200307.0;501;f
RS;npopul501f;p0p100;1964;193968.0;501;f
RS;npopul501f;p0p100;1965;186082.0;501;f
RS;npopul501f;p0p100;1966;175773.0;501;f
RS;npopul501f;p0p100;1967;163429.0;501;f
RS;npopul501f;p0p100;1968;152480.0;501;f
RS;npopul501f;p0p100;1969;148148.0;501;f
RS;npopul501f;p0p100;1970;153444.0;501;f
RS;npopul501f;p0p100;1971;167533.0;501;f
RS;npopul501f;p0p100;1972;190963.0;501;f
RS;npopul501f;p0p100;1973;219532.0;501;f
RS;npopul501f;p0p100;1974;246736.0;501;f
RS;npopul501f;p0p100;1975;268490.0;501;f
RS;npopul501f;p0p100;1976;284946.0;501;f
RS;npopul501f;p0p100;1977;296474.0;501;f
RS;npopul501f;p0p100;1978;304021.0;501;f
RS;npopul501f;p0p100;1979;309451.0;501;f
RS;npopul501f;p0p100;1980;313882.0;501;f
RS;npopul501f;p0p100;1981;316258.0;501;f
RS;npopul501f;p0p100;1982;317008.0;501;f
RS;npopul501f;p0p100;1983;316233.0;501;f
RS;npopul501f;p0p100;1984;314025.0;501;f
RS;npopul501f;p0p100;1985;310515.0;501;f
RS;npopul501f;p0p100;1986;305659.0;501;f
RS;npopul501f;p0p100;1987;300328.0;501;f
RS;npopul501f;p0p100;1988;294273.0;501;f
RS;npopul501f;p0p100;1989;286878.0;501;f
RS;npopul501f;p0p100;1990;277972.0;501;f
RS;npopul501f;p0p100;1991;267473.0;501;f
RS;npopul501f;p0p100;1992;254992.0;501;f
RS;npopul501f;p0p100;1993;243286.0;501;f
RS;npopul501f;p0p100;1994;236863.0;501;f
RS;npopul501f;p0p100;1995;238376.0;501;f
RS;npopul501f;p0p100;1996;248571.0;501;f
RS;npopul501f;p0p100;1997;266266.0;501;f
RS;npopul501f;p0p100;1998;288300.0;501;f
RS;npopul501f;p0p100;1999;243863.0;501;f
RS;npopul501f;p0p100;2000;259847.0;501;f
RS;npopul501f;p0p100;2001;272753.0;501;f
RS;npopul501f;p0p100;2002;283746.0;501;f
RS;npopul501f;p0p100;2003;291109.0;501;f
RS;npopul501f;p0p100;2004;294702.0;501;f
RS;npopul501f;p0p100;2005;293812.0;501;f
RS;npopul501f;p0p100;2006;287958.0;501;f
RS;npopul501f;p0p100;2007;277772.0;501;f
RS;npopul501f;p0p100;2008;265310.0;501;f
RS;npopul501f;p0p100;2009;253894.0;501;f
RS;npopul501f;p0p100;2010;245455.0;501;f
RS;npopul501f;p0p100;2011;238645.0;501;f
RS;npopul501f;p0p100;2012;235374.0;501;f
RS;npopul501f;p0p100;2013;234184.0;501;f
RS;npopul501f;p0p100;2014;233671.0;501;f
RS;npopul501f;p0p100;2015;232923.0;501;f
RS;npopul501f;p0p100;2016;231407.0;501;f
RS;npopul501f;p0p100;2017;230723.0;501;f
RS;npopul501f;p0p100;2018;230310.0;501;f
RS;npopul501f;p0p100;2019;230522.0;501;f
RS;npopul701m;p0p100;1950;59051.0;701;m
RS;npopul701m;p0p100;1951;58560.0;701;m
RS;npopul701m;p0p100;1952;58429.0;701;m
RS;npopul701m;p0p100;1953;58505.0;701;m
RS;npopul701m;p0p100;1954;58790.0;701;m
RS;npopul701m;p0p100;1955;59303.0;701;m
RS;npopul701m;p0p100;1956;59866.0;701;m
RS;npopul701m;p0p100;1957;60761.0;701;m
RS;npopul701m;p0p100;1958;61638.0;701;m
RS;npopul701m;p0p100;1959;61933.0;701;m
RS;npopul701m;p0p100;1960;61438.0;701;m
RS;npopul701m;p0p100;1961;60241.0;701;m
RS;npopul701m;p0p100;1962;58162.0;701;m
RS;npopul701m;p0p100;1963;56481.0;701;m
RS;npopul701m;p0p100;1964;56789.0;701;m
RS;npopul701m;p0p100;1965;59744.0;701;m
RS;npopul701m;p0p100;1966;64187.0;701;m
RS;npopul701m;p0p100;1967;70517.0;701;m
RS;npopul701m;p0p100;1968;77692.0;701;m
RS;npopul701m;p0p100;1969;84382.0;701;m
RS;npopul701m;p0p100;1970;89949.0;701;m
RS;npopul701m;p0p100;1971;93959.0;701;m
RS;npopul701m;p0p100;1972;97084.0;701;m
RS;npopul701m;p0p100;1973;99914.0;701;m
RS;npopul701m;p0p100;1974;103150.0;701;m
RS;npopul701m;p0p100;1975;106977.0;701;m
RS;npopul701m;p0p100;1976;110133.0;701;m
RS;npopul701m;p0p100;1977;113715.0;701;m
RS;npopul701m;p0p100;1978;116922.0;701;m
RS;npopul701m;p0p100;1979;118547.0;701;m
RS;npopul701m;p0p100;1980;118002.0;701;m
RS;npopul701m;p0p100;1981;114791.0;701;m
RS;npopul701m;p0p100;1982;110492.0;701;m
RS;npopul701m;p0p100;1983;105566.0;701;m
RS;npopul701m;p0p100;1984;100278.0;701;m
RS;npopul701m;p0p100;1985;94807.0;701;m
RS;npopul701m;p0p100;1986;88158.0;701;m
RS;npopul701m;p0p100;1987;80814.0;701;m
RS;npopul701m;p0p100;1988;74902.0;701;m
RS;npopul701m;p0p100;1989;73231.0;701;m
RS;npopul701m;p0p100;1990;77046.0;701;m
RS;npopul701m;p0p100;1991;84893.0;701;m
RS;npopul701m;p0p100;1992;96673.0;701;m
RS;npopul701m;p0p100;1993;110463.0;701;m
RS;npopul701m;p0p100;1994;123834.0;701;m
RS;npopul701m;p0p100;1995;135464.0;701;m
RS;npopul701m;p0p100;1996;145532.0;701;m
RS;npopul701m;p0p100;1997;154252.0;701;m
RS;npopul701m;p0p100;1998;161671.0;701;m
RS;npopul701m;p0p100;1999;132086.0;701;m
RS;npopul701m;p0p100;2000;136891.0;701;m
RS;npopul701m;p0p100;2001;138911.0;701;m
RS;npopul701m;p0p100;2002;140203.0;701;m
RS;npopul701m;p0p100;2003;140642.0;701;m
RS;npopul701m;p0p100;2004;140765.0;701;m
RS;npopul701m;p0p100;2005;140474.0;701;m
RS;npopul701m;p0p100;2006;139690.0;701;m
RS;npopul701m;p0p100;2007;138989.0;701;m
RS;npopul701m;p0p100;2008;138051.0;701;m
RS;npopul701m;p0p100;2009;136273.0;701;m
RS;npopul701m;p0p100;2010;133317.0;701;m
RS;npopul701m;p0p100;2011;127862.0;701;m
RS;npopul701m;p0p100;2012;121521.0;701;m
RS;npopul701m;p0p100;2013;116131.0;701;m
RS;npopul701m;p0p100;2014;114618.0;701;m
RS;npopul701m;p0p100;2015;118234.0;701;m
RS;npopul701m;p0p100;2016;123487.0;701;m
RS;npopul701m;p0p100;2017;132777.0;701;m
RS;npopul701m;p0p100;2018;143878.0;701;m
RS;npopul701m;p0p100;2019;154515.0;701;m
RS;npopul951f;p0p100;1950;332.0;951;f
RS;npopul951f;p0p100;1951;397.0;951;f
RS;npopul951f;p0p100;1952;517.0;951;f
RS;npopul951f;p0p100;1953;600.0;951;f
RS;npopul951f;p0p100;1954;559.0;951;f
RS;npopul951f;p0p100;1955;328.0;951;f
RS;npopul951f;p0p100;1956;391.0;951;f
RS;npopul951f;p0p100;1957;519.0;951;f
RS;npopul951f;p0p100;1958;612.0;951;f
RS;npopul951f;p0p100;1959;579.0;951;f
RS;npopul951f;p0p100;1960;352.0;951;f
RS;npopul951f;p0p100;1961;422.0;951;f
RS;npopul951f;p0p100;1962;559.0;951;f
RS;npopul951f;p0p100;1963;663.0;951;f
RS;npopul951f;p0p100;1964;653.0;951;f
RS;npopul951f;p0p100;1965;462.0;951;f
RS;npopul951f;p0p100;1966;583.0;951;f
RS;npopul951f;p0p100;1967;790.0;951;f
RS;npopul951f;p0p100;1968;939.0;951;f
RS;npopul951f;p0p100;1969;921.0;951;f
RS;npopul951f;p0p100;1970;660.0;951;f
RS;npopul951f;p0p100;1971;770.0;951;f
RS;npopul951f;p0p100;1972;952.0;951;f
RS;npopul951f;p0p100;1973;1073.0;951;f
RS;npopul951f;p0p100;1974;1027.0;951;f
RS;npopul951f;p0p100;1975;727.0;951;f
RS;npopul951f;p0p100;1976;780.0;951;f
RS;npopul951f;p0p100;1977;905.0;951;f
RS;npopul951f;p0p100;1978;1002.0;951;f
RS;npopul951f;p0p100;1979;969.0;951;f
RS;npopul951f;p0p100;1980;721.0;951;f
RS;npopul951f;p0p100;1981;874.0;951;f
RS;npopul951f;p0p100;1982;1137.0;951;f
RS;npopul951f;p0p100;1983;1318.0;951;f
RS;npopul951f;p0p100;1984;1270.0;951;f
RS;npopul951f;p0p100;1985;894.0;951;f
RS;npopul951f;p0p100;1986;951.0;951;f
RS;npopul951f;p0p100;1987;1087.0;951;f
RS;npopul951f;p0p100;1988;1201.0;951;f
RS;npopul951f;p0p100;1989;1180.0;951;f
RS;npopul951f;p0p100;1990;899.0;951;f
RS;npopul951f;p0p100;1991;1135.0;951;f
RS;npopul951f;p0p100;1992;1554.0;951;f
RS;npopul951f;p0p100;1993;1865.0;951;f
RS;npopul951f;p0p100;1994;1849.0;951;f
RS;npopul951f;p0p100;1995;1359.0;951;f
RS;npopul951f;p0p100;1996;1575.0;951;f
RS;npopul951f;p0p100;1997;1933.0;951;f
RS;npopul951f;p0p100;1998;2183.0;951;f
RS;npopul951f;p0p100;1999;1668.0;951;f
RS;npopul951f;p0p100;2000;1239.0;951;f
RS;npopul951f;p0p100;2001;1442.0;951;f
RS;npopul951f;p0p100;2002;1809.0;951;f
RS;npopul951f;p0p100;2003;2050.0;951;f
RS;npopul951f;p0p100;2004;1945.0;951;f
RS;npopul951f;p0p100;2005;1327.0;951;f
RS;npopul951f;p0p100;2006;1468.0;951;f
RS;npopul951f;p0p100;2007;1738.0;951;f
RS;npopul951f;p0p100;2008;1889.0;951;f
RS;npopul951f;p0p100;2009;1721.0;951;f
RS;npopul951f;p0p100;2010;1090.0;951;f
RS;npopul951f;p0p100;2011;1054.0;951;f
RS;npopul951f;p0p100;2012;1140.0;951;f
RS;npopul951f;p0p100;2013;1233.0;951;f
RS;npopul951f;p0p100;2014;1193.0;951;f
RS;npopul951f;p0p100;2015;869.0;951;f
RS;npopul951f;p0p100;2016;1203.0;951;f
RS;npopul951f;p0p100;2017;1813.0;951;f
RS;npopul951f;p0p100;2018;2287.0;951;f
RS;npopul951f;p0p100;2019;2314.0;951;f
RS;scainc992j;p60p70;1990;0.1081;992;j
RS;scainc992j;p60p70;1991;0.1083;992;j
RS;scainc992j;p60p70;1992;0.1081;992;j
RS;scainc992j;p60p70;1993;0.1079;992;j
RS;scainc992j;p60p70;1994;0.1077;992;j
RS;scainc992j;p60p70;1995;0.1075;992;j
RS;scainc992j;p60p70;1996;0.1075;992;j
RS;scainc992j;p60p70;1997;0.1075;992;j
RS;scainc992j;p60p70;1998;0.1069;992;j
RS;scainc992j;p60p70;1999;0.1058;992;j
RS;scainc992j;p60p70;2000;0.1043;992;j
RS;scainc992j;p60p70;2001;0.1036;992;j
RS;scainc992j;p60p70;2002;0.1043;992;j
RS;scainc992j;p60p70;2003;0.1044;992;j
RS;scainc992j;p60p70;2004;0.1045;992;j
RS;scainc992j;p60p70;2005;0.1035;992;j
RS;scainc992j;p60p70;2006;0.1036;992;j
RS;scainc992j;p60p70;2007;0.1044;992;j
RS;scainc992j;p60p70;2008;0.1046;992;j
RS;scainc992j;p60p70;2009;0.1037;992;j
RS;scainc992j;p60p70;2010;0.103;992;j
RS;scainc992j;p60p70;2011;0.1026;992;j
RS;scainc992j;p60p70;2012;0.102;992;j
RS;scainc992j;p60p70;2013;0.1039;992;j
RS;scainc992j;p60p70;2014;0.1006;992;j
RS;scainc992j;p60p70;2015;0.097000003;992;j
RS;scainc992j;p60p70;2016;0.097000003;992;j
RS;scainc992j;p60p70;2017;0.097000003;992;j
RS;scainc992j;p77p100;1990;0.48550001;992;j
RS;scainc992j;p77p100;1991;0.48339999;992;j
RS;scainc992j;p77p100;1992;0.48159999;992;j
RS;scainc992j;p77p100;1993;0.48030001;992;j
RS;scainc992j;p77p100;1994;0.47889999;992;j
RS;scainc992j;p77p100;1995;0.47749999;992;j
RS;scainc992j;p77p100;1996;0.47530001;992;j
RS;scainc992j;p77p100;1997;0.47299999;992;j
RS;scainc992j;p77p100;1998;0.47409999;992;j
RS;scainc992j;p77p100;1999;0.4777;992;j
RS;scainc992j;p77p100;2000;0.48390001;992;j
RS;scainc992j;p77p100;2001;0.4874;992;j
RS;scainc992j;p77p100;2002;0.4971;992;j
RS;scainc992j;p77p100;2003;0.50019997;992;j
RS;scainc992j;p77p100;2004;0.50999999;992;j
RS;scainc992j;p77p100;2005;0.51800001;992;j
RS;scainc992j;p77p100;2006;0.52679998;992;j
RS;scainc992j;p77p100;2007;0.52810001;992;j
RS;scainc992j;p77p100;2008;0.53210002;992;j
RS;scainc992j;p77p100;2009;0.5388;992;j
RS;scainc992j;p77p100;2010;0.551;992;j
RS;scainc992j;p77p100;2011;0.56150001;992;j
RS;scainc992j;p77p100;2012;0.56639999;992;j
RS;scainc992j;p77p100;2013;0.56529999;992;j
RS;scainc992j;p77p100;2014;0.5553;992;j
RS;scainc992j;p77p100;2015;0.57929999;992;j
RS;scainc992j;p77p100;2016;0.57920003;992;j
RS;scainc992j;p77p100;2017;0.5794;992;j
RS;scainc992j;p84p100;1990;0.38460001;992;j
RS;scainc992j;p84p100;1991;0.38280001;992;j
RS;scainc992j;p84p100;1992;0.3813;992;j
RS;scainc992j;p84p100;1993;0.3804;992;j
RS;scainc992j;p84p100;1994;0.37940001;992;j
RS;scainc992j;p84p100;1995;0.3784;992;j
RS;scainc992j;p84p100;1996;0.37650001;992;j
RS;scainc992j;p84p100;1997;0.37450001;992;j
RS;scainc992j;p84p100;1998;0.37720001;992;j
RS;scainc992j;p84p100;1999;0.3818;992;j
RS;scainc992j;p84p100;2000;0.3888;992;j
RS;scainc992j;p84p100;2001;0.39320001;992;j
RS;scainc992j;p84p100;2002;0.4012;992;j
RS;scainc992j;p84p100;2003;0.40400001;992;j
RS;scainc992j;p84p100;2004;0.41240001;992;j
RS;scainc992j;p84p100;2005;0.42030001;992;j
RS;scainc992j;p84p100;2006;0.42860001;992;j
RS;scainc992j;p84p100;2007;0.4287;992;j
RS;scainc992j;p84p100;2008;0.43149999;992;j
RS;scainc992j;p84p100;2009;0.4384;992;j
RS;scainc992j;p84p100;2010;0.4497;992;j
RS;scainc992j;p84p100;2011;0.4596;992;j
RS;scainc992j;p84p100;2012;0.4648;992;j
RS;scainc992j;p84p100;2013;0.461;992;j
RS;scainc992j;p84p100;2014;0.45809999;992;j
RS;scainc992j;p84p100;2015;0.4842;992;j
RS;scainc992j;p84p100;2016;0.4842;992;j
RS;scainc992j;p84p100;2017;0.4844;992;j
RS;scainc992j;p99.98p100;1990;0.0119;992;j
RS;scainc992j;p99.98p100;1991;0.0112;992;j
RS;scainc992j;p99.98p100;1992;0.0104;992;j
RS;scainc992j;p99.98p100;1993;0.0098999999;992;j
RS;scainc992j;p99.98p100;1994;0.0096000005;992;j
RS;scainc992j;p99.98p100;1995;0.0093;992;j
RS;scainc992j;p99.98p100;1996;0.0088999998;992;j
RS;scainc992j;p99.98p100;1997;0.0085000005;992;j
RS;scainc992j;p99.98p100;1998;0.0089999996;992;j
RS;scainc992j;p99.98p100;1999;0.0109;992;j
RS;scainc992j;p99.98p100;2000;0.0116;992;j
RS;scainc992j;p99.98p100;2001;0.0134;992;j
RS;scainc992j;p99.98p100;2002;0.0127;992;j
RS;scainc992j;p99.98p100;2003;0.0126;992;j
RS;scainc992j;p99.98p100;2004;0.0128;992;j
RS;scainc992j;p99.98p100;2005;0.0139;992;j
RS;scainc992j;p99.98p100;2006;0.0129;992;j
RS;scainc992j;p99.98p100;2007;0.0113;992;j
RS;scainc992j;p99.98p100;2008;0.0101;992;j
RS;scainc992j;p99.98p100;2009;0.0122;992;j
RS;scainc992j;p99.98p100;2010;0.0117;992;j
RS;scainc992j;p99.98p100;2011;0.0115;992;j
RS;scainc992j;p99.98p100;2012;0.0174;992;j
RS;scainc992j;p99.98p100;2013;0.0133;992;j
RS;scainc992j;p99.98p100;2014;0.024700001;992;j
RS;scainc992j;p99.98p100;2015;0.040199999;992;j
RS;scainc992j;p99.98p100;2016;0.040199999;992;j
RS;scainc992j;p99.98p100;2017;0.0403;992;j
RS;sdiinc992j;p37p100;1990;0.85259998;992;j
RS;sdiinc992j;p37p100;1991;0.8513;992;j
RS;sdiinc992j;p37p100;1992;0.85000002;992;j
RS;sdiinc992j;p37p100;1993;0.84869999;992;j
RS;sdiinc992j;p37p100;1994;0.84729999;992;j
RS;sdiinc992j;p37p100;1995;0.84600002;992;j
RS;sdiinc992j;p37p100;1996;0.84439999;992;j
RS;sdiinc992j;p37p100;1997;0.84249997;992;j
RS;sdiinc992j;p37p100;1998;0.84130001;992;j
RS;sdiinc992j;p37p100;1999;0.84369999;992;j
RS;sdiinc992j;p37p100;2000;0.84390002;992;j
RS;sdiinc992j;p37p100;2001;0.84429997;992;j
RS;sdiinc992j;p37p100;2002;0.85159999;992;j
RS;sdiinc992j;p37p100;2003;0.8538;992;j
RS;sdiinc992j;p37p100;2004;0.8624;992;j
RS;sdiinc992j;p37p100;2005;0.86589998;992;j
RS;sdiinc992j;p37p100;2006;0.87260002;992;j
RS;sdiinc992j;p37p100;2007;0.87410003;992;j
RS;sdiinc992j;p37p100;2008;0.87699997;992;j
RS;sdiinc992j;p37p100;2009;0.88059998;992;j
RS;sdiinc992j;p37p100;2010;0.88749999;992;j
RS;sdiinc992j;p37p100;2011;0.8955;992;j
RS;sdiinc992j;p37p100;2012;0.89609998;992;j
RS;sdiinc992j;p37p100;2013;0.8987;992;j
RS;sdiinc992j;p37p100;2014;0.88029999;992;j
RS;sdiinc992j;p37p100;2015;0.89319998;992;j
RS;sdiinc992j;p37p100;2016;0.89649999;992;j
RS;sdiinc992j;p37p100;2017;0.8969;992;j
RS;sdiinc992j;p99.2p99.3;1990;0.0044;992;j
RS;sdiinc992j;p99.2p99.3;1991;0.0044;992;j
RS;sdiinc992j;p99.2p99.3;1992;0.0044;992;j
RS;sdiinc992j;p99.2p99.3;1993;0.0044;992;j
RS;sdiinc992j;p99.2p99.3;1994;0.0044;992;j
RS;sdiinc992j;p99.2p99.3;1995;0.0044;992;j
RS;sdiinc992j;p99.2p99.3;1996;0.0044;992;j
RS;sdiinc992j;p99.2p99.3;1997;0.0043000001;992;j
RS;sdiinc992j;p99.2p99.3;1998;0.0044;992;j
RS;sdiinc992j;p99.2p99.3;1999;0.0046000001;992;j
RS;sdiinc992j;p99.2p99.3;2000;0.0048000002;992;j
RS;sdiinc992j;p99.2p99.3;2001;0.0049000001;992;j
RS;sdiinc992j;p99.2p99.3;2002;0.0049999999;992;j
RS;sdiinc992j;p99.2p99.3;2003;0.0049999999;992;j
RS;sdiinc992j;p99.2p99.3;2004;0.0051000002;992;j
RS;sdiinc992j;p99.2p99.3;2005;0.0052;992;j
RS;sdiinc992j;p99.2p99.3;2006;0.0054000001;992;j
RS;sdiinc992j;p99.2p99.3;2007;0.0052999998;992;j
RS;sdiinc992j;p99.2p99.3;2008;0.0054000001;992;j
RS;sdiinc992j;p99.2p99.3;2009;0.0055;992;j
RS;sdiinc992j;p99.2p99.3;2010;0.0057000001;992;j
RS;sdiinc992j;p99.2p99.3;2011;0.0057999999;992;j
RS;sdiinc992j;p99.2p99.3;2012;0.0059000002;992;j
RS;sdiinc992j;p99.2p99.3;2013;0.0057999999;992;j
RS;sdiinc992j;p99.2p99.3;2014;0.0057999999;992;j
RS;sdiinc992j;p99.2p99.3;2015;0.0060999999;992;j
RS;sdiinc992j;p99.2p99.3;2016;0.0062000002;992;j
RS;sdiinc992j;p99.2p99.3;2017;0.0062000002;992;j
RS;sptinc992j;p88p89;1990;0.017100001;992;j
RS;sptinc992j;p88p89;1991;0.017100001;992;j
RS;sptinc992j;p88p89;1992;0.017000001;992;j
RS;sptinc992j;p88p89;1993;0.017000001;992;j
RS;sptinc992j;p88p89;1994;0.016899999;992;j
RS;sptinc992j;p88p89;1995;0.016899999;992;j
RS;sptinc992j;p88p89;1996;0.016799999;992;j
RS;sptinc992j;p88p89;1997;0.016799999;992;j
RS;sptinc992j;p88p89;1998;0.016799999;992;j
RS;sptinc992j;p88p89;1999;0.0166;992;j
RS;sptinc992j;p88p89;2000;0.0165;992;j
RS;sptinc992j;p88p89;2001;0.0163;992;j
RS;sptinc992j;p88p89;2002;0.0165;992;j
RS;sptinc992j;p88p89;2003;0.0167;992;j
RS;sptinc992j;p88p89;2004;0.017000001;992;j
RS;sptinc992j;p88p89;2005;0.0174;992;j
RS;sptinc992j;p88p89;2006;0.0176;992;j
RS;sptinc992j;p88p89;2007;0.017999999;992;j
RS;sptinc992j;p88p89;2008;0.018100001;992;j
RS;sptinc992j;p88p89;2009;0.018300001;992;j
RS;sptinc992j;p88p89;2010;0.0184;992;j
RS;sptinc992j;p88p89;2011;0.0187;992;j
RS;sptinc992j;p88p89;2012;0.018999999;992;j
RS;sptinc992j;p88p89;2013;0.0189;992;j
RS;sptinc992j;p88p89;2014;0.0185;992;j
RS;sptinc992j;p88p89;2015;0.0186;992;j
RS;sptinc992j;p88p89;2016;0.0186;992;j
RS;sptinc992j;p88p89;2017;0.0186;992;j
RS;sptinc992j;p99.7p100;1990;0.046300001;992;j
RS;sptinc992j;p99.7p100;1991;0.047400001;992;j
RS;sptinc992j;p99.7p100;1992;0.048300002;992;j
RS;sptinc992j;p99.7p100;1993;0.049400002;992;j
RS;sptinc992j;p99.7p100;1994;0.050299998;992;j
RS;sptinc992j;p99.7p100;1995;0.0515;992;j
RS;sptinc992j;p99.7p100;1996;0.052299999;992;j
RS;sptinc992j;p99.7p100;1997;0.053199999;992;j
RS;sptinc992j;p99.7p100;1998;0.053199999;992;j
RS;sptinc992j;p99.7p100;1999;0.056299999;992;j
RS;sptinc992j;p99.7p100;2000;0.059999999;992;j
RS;sptinc992j;p99.7p100;2001;0.063299999;992;j
RS;sptinc992j;p99.7p100;2002;0.063000001;992;j
RS;sptinc992j;p99.7p100;2003;0.062199999;992;j
RS;sptinc992j;p99.7p100;2004;0.064099997;992;j
RS;sptinc992j;p99.7p100;2005;0.0634;992;j
RS;sptinc992j;p99.7p100;2006;0.064199999;992;j
RS;sptinc992j;p99.7p100;2007;0.0601;992;j
RS;sptinc992j;p99.7p100;2008;0.0612;992;j
RS;sptinc992j;p99.7p100;2009;0.061000001;992;j
RS;sptinc992j;p99.7p100;2010;0.0616;992;j
RS;sptinc992j;p99.7p100;2011;0.064400002;992;j
RS;sptinc992j;p99.7p100;2012;0.0568;992;j
RS;sptinc992j;p99.7p100;2013;0.058699999;992;j
RS;sptinc992j;p99.7p100;2014;0.077200003;992;j
RS;sptinc992j;p99.7p100;2015;0.074600004;992;j
RS;sptinc992j;p99.7p100;2016;0.074699998;992;j
RS;sptinc992j;p99.7p100;2017;0.0748;992;j
RS;tcainc992j;p39p100;1990;353624.09;992;j
RS;tcainc992j;p39p100;1991;307979.0;992;j
RS;tcainc992j;p39p100;1992;211473.91;992;j
RS;tcainc992j;p39p100;1993;137504.09;992;j
RS;tcainc992j;p39p100;1994;141818.91;992;j
RS;tcainc992j;p39p100;1995;149834.59;992;j
RS;tcainc992j;p39p100;1996;151657.91;992;j
RS;tcainc992j;p39p100;1997;160619.7;992;j
RS;tcainc992j;p39p100;1998;171033.59;992;j
RS;tcainc992j;p39p100;1999;195106.91;992;j
RS;tcainc992j;p39p100;2000;209060.91;992;j
RS;tcainc992j;p39p100;2001;203919.7;992;j
RS;tcainc992j;p39p100;2002;208541.7;992;j
RS;tcainc992j;p39p100;2003;218907.8;992;j
RS;tcainc992j;p39p100;2004;256128.2;992;j
RS;tcainc992j;p39p100;2005;285309.5;992;j
RS;tcainc992j;p39p100;2006;296204.81;992;j
RS;tcainc992j;p39p100;2007;295435.19;992;j
RS;tcainc992j;p39p100;2008;314072.19;992;j
RS;tcainc992j;p39p100;2009;306162.59;992;j
RS;tcainc992j;p39p100;2010;298179.09;992;j
RS;tcainc992j;p39p100;2011;293775.41;992;j
RS;tcainc992j;p39p100;2012;286478.91;992;j
RS;tcainc992j;p39p100;2013;287142.81;992;j
RS;tcainc992j;p39p100;2014;286025.31;992;j
RS;tcainc992j;p39p100;2015;281099.59;992;j
RS;tcainc992j;p39p100;2016;291570.09;992;j
RS;tcainc992j;p39p100;2017;291706.0;992;j
RS;tcainc992j;p54p100;1990;461752.31;992;j
RS;tcainc992j;p54p100;1991;401780.59;992;j
RS;tcainc992j;p54p100;1992;275583.31;992;j
RS;tcainc992j;p54p100;1993;178769.5;992;j
RS;tcainc992j;p54p100;1994;184088.3;992;j
RS;tcainc992j;p54p100;1995;194189.0;992;j
RS;tcainc992j;p54p100;1996;196089.8;992;j
RS;tcainc992j;p54p100;1997;207284.7;992;j
RS;tcainc992j;p54p100;1998;225259.41;992;j
RS;tcainc992j;p54p100;1999;254341.41;992;j
RS;tcainc992j;p54p100;2000;273801.19;992;j
RS;tcainc992j;p54p100;2001;265611.0;992;j
RS;tcainc992j;p54p100;2002;276131.59;992;j
RS;tcainc992j;p54p100;2003;289595.09;992;j
RS;tcainc992j;p54p100;2004;343613.19;992;j
RS;tcainc992j;p54p100;2005;386671.19;992;j
RS;tcainc992j;p54p100;2006;404932.19;992;j
RS;tcainc992j;p54p100;2007;406728.59;992;j
RS;tcainc992j;p54p100;2008;432398.09;992;j
RS;tcainc992j;p54p100;2009;423574.41;992;j
RS;tcainc992j;p54p100;2010;419716.69;992;j
RS;tcainc992j;p54p100;2011;419953.09;992;j
RS;tcainc992j;p54p100;2012;416679.09;992;j
RS;tcainc992j;p54p100;2013;423743.41;992;j
RS;tcainc992j;p54p100;2014;407737.81;992;j
RS;tcainc992j;p54p100;2015;402487.41;992;j
RS;tcainc992j;p54p100;2016;417313.81;992;j
RS;tcainc992j;p54p100;2017;417549.5;992;j
RS;tcainc992j;p54p55;1990;461752.31;992;j
RS;tcainc992j;p54p55;1991;401780.59;992;j
RS;tcainc992j;p54p55;1992;275583.31;992;j
RS;tcainc992j;p54p55;1993;178769.5;992;j
RS;tcainc992j;p54p55;1994;184088.3;992;j
RS;tcainc992j;p54p55;1995;194189.0;992;j
RS;tcainc992j;p54p55;1996;196089.8;992;j
RS;tcainc992j;p54p55;1997;207284.7;992;j
RS;tcainc992j;p54p55;1998;225259.41;992;j
RS;tcainc992j;p54p55;1999;254341.41;992;j
RS;tcainc992j;p54p55;2000;273801.19;992;j
RS;tcainc992j;p54p55;2001;265611.0;992;j
RS;tcainc992j;p54p55;2002;276131.59;992;j
RS;tcainc992j;p54p55;2003;289595.09;992;j
RS;tcainc992j;p54p55;2004;343613.19;992;j
RS;tcainc992j;p54p55;2005;386671.19;992;j
RS;tcainc992j;p54p55;2006;404932.19;992;j
RS;tcainc992j;p54p55;2007;406728.59;992;j
RS;tcainc992j;p54p55;2008;432398.09;992;j
RS;tcainc992j;p54p55;2009;423574.41;992;j
RS;tcainc992j;p54p55;2010;419716.69;992;j
RS;tcainc992j;p54p55;2011;419953.09;992;j
RS;tcainc992j;p54p55;2012;416679.09;992;j
RS;tcainc992j;p54p55;2013;423743.41;992;j
RS;tcainc992j;p54p55;2014;407737.81;992;j
RS;tcainc992j;p54p55;2015;402487.41;992;j
RS;tcainc992j;p54p55;2016;417313.81;992;j
RS;tcainc992j;p54p55;2017;417549.5;992;j
RS;tcainc992j;p99.993p100;1990;25099034.0;992;j
RS;tcainc992j;p99.993p100;1991;20770834.0;992;j
RS;tcainc992j;p99.993p100;1992;13380519.0;992;j
RS;tcainc992j;p99.993p100;1993;8354471.0;992;j
RS;tcainc992j;p99.993p100;1994;8374366.0;992;j
RS;tcainc992j;p99.993p100;1995;8637905.0;992;j
RS;tcainc992j;p99.993p100;1996;8403489.0;992;j
RS;tcainc992j;p99.993p100;1997;8535403.0;992;j
RS;tcainc992j;p99.993p100;1998;9875378.0;992;j
RS;tcainc992j;p99.993p100;1999;13217869.0;992;j
RS;tcainc992j;p99.993p100;2000;15326363.0;992;j
RS;tcainc992j;p99.993p100;2001;16793352.0;992;j
RS;tcainc992j;p99.993p100;2002;16987538.0;992;j
RS;tcainc992j;p99.993p100;2003;17750418.0;992;j
RS;tcainc992j;p99.993p100;2004;21541104.0;992;j
RS;tcainc992j;p99.993p100;2005;26194770.0;992;j
RS;tcainc992j;p99.993p100;2006;26308558.0;992;j
RS;tcainc992j;p99.993p100;2007;23514998.0;992;j
RS;tcainc992j;p99.993p100;2008;22978952.0;992;j
RS;tcainc992j;p99.993p100;2009;26792914.0;992;j
RS;tcainc992j;p99.993p100;2010;26208060.0;992;j
RS;tcainc992j;p99.993p100;2011;26243176.0;992;j
RS;tcainc992j;p99.993p100;2012;36768968.0;992;j
RS;tcainc992j;p99.993p100;2013;30262938.0;992;j
RS;tcainc992j;p99.993p100;2014;47930712.0;992;j
RS;tcainc992j;p99.993p100;2015;69613344.0;992;j
RS;tcainc992j;p99.993p100;2016;72236496.0;992;j
RS;tcainc992j;p99.993p100;2017;72394648.0;992;j
RS;tdiinc992j;p0p1;1990;101963.0;992;j
RS;tdiinc992j;p0p1;1991;81602.5;992;j
RS;tdiinc992j;p0p1;1992;51248.398;992;j
RS;tdiinc992j;p0p1;1993;30259.301;992;j
RS;tdiinc992j;p0p1;1994;28125.6;992;j
RS;tdiinc992j;p0p1;1995;26834.199;992;j
RS;tdiinc992j;p0p1;1996;23933.6;992;j
RS;tdiinc992j;p0p1;1997;22526.9;992;j
RS;tdiinc992j;p0p1;1998;20437.5;992;j
RS;tdiinc992j;p0p1;1999;19383.4;992;j
RS;tdiinc992j;p0p1;2000;19660.199;992;j
RS;tdiinc992j;p0p1;2001;20134.801;992;j
RS;tdiinc992j;p0p1;2002;22968.801;992;j
RS;tdiinc992j;p0p1;2003;33898.301;992;j
RS;tdiinc992j;p0p1;2004;38763.898;992;j
RS;tdiinc992j;p0p1;2005;42251.0;992;j
RS;tdiinc992j;p0p1;2006;47391.301;992;j
RS;tdiinc992j;p0p1;2007;-16191392.0;992;j
RS;tdiinc992j;p0p1;2008;-25787228.0;992;j
RS;tdiinc992j;p0p1;2009;61857.199;992;j
RS;tdiinc992j;p0p1;2010;63306.301;992;j
RS;tdiinc992j;p0p1;2011;59805.898;992;j
RS;tdiinc992j;p0p1;2012;59081.301;992;j
RS;tdiinc992j;p0p1;2013;35009.602;992;j
RS;tdiinc992j;p0p1;2014;77358.602;992;j
RS;tdiinc992j;p0p1;2015;68211.5;992;j
RS;tdiinc992j;p0p1;2016;60703.898;992;j
RS;tdiinc992j;p0p1;2017;58708.301;992;j
RS;tdiinc992j;p47p48;1990;588156.38;992;j
RS;tdiinc992j;p47p48;1991;514030.81;992;j
RS;tdiinc992j;p47p48;1992;354063.31;992;j
RS;tdiinc992j;p47p48;1993;230224.7;992;j
RS;tdiinc992j;p47p48;1994;237766.41;992;j
RS;tdiinc992j;p47p48;1995;251792.0;992;j
RS;tdiinc992j;p47p48;1996;255057.3;992;j
RS;tdiinc992j;p47p48;1997;271393.91;992;j
RS;tdiinc992j;p47p48;1998;275894.0;992;j
RS;tdiinc992j;p47p48;1999;300383.81;992;j
RS;tdiinc992j;p47p48;2000;328653.19;992;j
RS;tdiinc992j;p47p48;2001;326714.5;992;j
RS;tdiinc992j;p47p48;2002;348487.31;992;j
RS;tdiinc992j;p47p48;2003;364572.31;992;j
RS;tdiinc992j;p47p48;2004;405611.41;992;j
RS;tdiinc992j;p47p48;2005;446491.19;992;j
RS;tdiinc992j;p47p48;2006;467391.0;992;j
RS;tdiinc992j;p47p48;2007;484862.81;992;j
RS;tdiinc992j;p47p48;2008;513728.31;992;j
RS;tdiinc992j;p47p48;2009;498327.5;992;j
RS;tdiinc992j;p47p48;2010;489822.0;992;j
RS;tdiinc992j;p47p48;2011;485511.69;992;j
RS;tdiinc992j;p47p48;2012;475402.19;992;j
RS;tdiinc992j;p47p48;2013;489212.41;992;j
RS;tdiinc992j;p47p48;2014;471776.91;992;j
RS;tdiinc992j;p47p48;2015;470692.41;992;j
RS;tdiinc992j;p47p48;2016;482282.09;992;j
RS;tdiinc992j;p47p48;2017;484715.19;992;j
RS;tdiinc992j;p72p73;1990;888134.13;992;j
RS;tdiinc992j;p72p73;1991;771224.88;992;j
RS;tdiinc992j;p72p73;1992;527749.63;992;j
RS;tdiinc992j;p72p73;1993;341621.19;992;j
RS;tdiinc992j;p72p73;1994;351312.09;992;j
RS;tdiinc992j;p72p73;1995;370008.81;992;j
RS;tdiinc992j;p72p73;1996;372957.69;992;j
RS;tdiinc992j;p72p73;1997;395394.41;992;j
RS;tdiinc992j;p72p73;1998;412969.41;992;j
RS;tdiinc992j;p72p73;1999;446516.69;992;j
RS;tdiinc992j;p72p73;2000;484915.69;992;j
RS;tdiinc992j;p72p73;2001;481479.81;992;j
RS;tdiinc992j;p72p73;2002;520538.19;992;j
RS;tdiinc992j;p72p73;2003;547955.31;992;j
RS;tdiinc992j;p72p73;2004;622779.81;992;j
RS;tdiinc992j;p72p73;2005;689486.13;992;j
RS;tdiinc992j;p72p73;2006;727694.19;992;j
RS;tdiinc992j;p72p73;2007;756860.13;992;j
RS;tdiinc992j;p72p73;2008;811745.13;992;j
RS;tdiinc992j;p72p73;2009;791841.81;992;j
RS;tdiinc992j;p72p73;2010;792763.13;992;j
RS;tdiinc992j;p72p73;2011;790561.0;992;j
RS;tdiinc992j;p72p73;2012;788982.88;992;j
RS;tdiinc992j;p72p73;2013;827140.13;992;j
RS;tdiinc992j;p72p73;2014;777060.13;992;j
RS;tdiinc992j;p72p73;2015;756444.38;992;j
RS;tdiinc992j;p72p73;2016;780549.81;992;j
RS;tdiinc992j;p72p73;2017;785109.88;992;j
RS;tdiinc992j;p82p100;1990;1062498.9;992;j
RS;tdiinc992j;p82p100;1991;919613.81;992;j
RS;tdiinc992j;p82p100;1992;627544.0;992;j
RS;tdiinc992j;p82p100;1993;404729.81;992;j
RS;tdiinc992j;p82p100;1994;414741.31;992;j
RS;tdiinc992j;p82p100;1995;435716.41;992;j
RS;tdiinc992j;p82p100;1996;437843.69;992;j
RS;tdiinc992j;p82p100;1997;462243.09;992;j
RS;tdiinc992j;p82p100;1998;480035.91;992;j
RS;tdiinc992j;p82p100;1999;522592.31;992;j
RS;tdiinc992j;p82p100;2000;567912.13;992;j
RS;tdiinc992j;p82p100;2001;562082.5;992;j
RS;tdiinc992j;p82p100;2002;613488.63;992;j
RS;tdiinc992j;p82p100;2003;647625.38;992;j
RS;tdiinc992j;p82p100;2004;738568.31;992;j
RS;tdiinc992j;p82p100;2005;827159.81;992;j
RS;tdiinc992j;p82p100;2006;878144.5;992;j
RS;tdiinc992j;p82p100;2007;914390.5;992;j
RS;tdiinc992j;p82p100;2008;985753.5;992;j
RS;tdiinc992j;p82p100;2009;969192.38;992;j
RS;tdiinc992j;p82p100;2010;983293.81;992;j
RS;tdiinc992j;p82p100;2011;996147.31;992;j
RS;tdiinc992j;p82p100;2012;987895.13;992;j
RS;tdiinc992j;p82p100;2013;1040554.1;992;j
RS;tdiinc992j;p82p100;2014;949874.31;992;j
RS;tdiinc992j;p82p100;2015;934294.81;992;j
RS;tdiinc992j;p82p100;2016;966292.31;992;j
RS;tdiinc992j;p82p100;2017;972420.13;992;j
RS;tdiinc992j;p99.1p100;1990;2963949.0;992;j
RS;tdiinc992j;p99.1p100;1991;2567931.5;992;j
RS;tdiinc992j;p99.1p100;1992;1761585.4;992;j
RS;tdiinc992j;p99.1p100;1993;1147502.1;992;j
RS;tdiinc992j;p99.1p100;1994;1183599.4;992;j
RS;tdiinc992j;p99.1p100;1995;1251284.3;992;j
RS;tdiinc992j;p99.1p100;1996;1254830.1;992;j
RS;tdiinc992j;p99.1p100;1997;1321709.5;992;j
RS;tdiinc992j;p99.1p100;1998;1423618.0;992;j
RS;tdiinc992j;p99.1p100;1999;1609234.1;992;j
RS;tdiinc992j;p99.1p100;2000;1841297.6;992;j
RS;tdiinc992j;p99.1p100;2001;1867214.9;992;j
RS;tdiinc992j;p99.1p100;2002;2062806.6;992;j
RS;tdiinc992j;p99.1p100;2003;2154464.5;992;j
RS;tdiinc992j;p99.1p100;2004;2462852.3;992;j
RS;tdiinc992j;p99.1p100;2005;2806959.5;992;j
RS;tdiinc992j;p99.1p100;2006;3068695.8;992;j
RS;tdiinc992j;p99.1p100;2007;3134232.3;992;j
RS;tdiinc992j;p99.1p100;2008;3383033.0;992;j
RS;tdiinc992j;p99.1p100;2009;3384300.3;992;j
RS;tdiinc992j;p99.1p100;2010;3511918.8;992;j
RS;tdiinc992j;p99.1p100;2011;3636929.5;992;j
RS;tdiinc992j;p99.1p100;2012;3660271.0;992;j
RS;tdiinc992j;p99.1p100;2013;3712430.8;992;j
RS;tdiinc992j;p99.1p100;2014;3547739.0;992;j
RS;tdiinc992j;p99.1p100;2015;3739133.3;992;j
RS;tdiinc992j;p99.1p100;2016;3894793.5;992;j
RS;tdiinc992j;p99.1p100;2017;3922627.5;992;j
RS;tdiinc992j;p99.993p100;1990;33178152.0;992;j
RS;tdiinc992j;p99.993p100;1991;27467514.0;992;j
RS;tdiinc992j;p99.993p100;1992;17700976.0;992;j
RS;tdiinc992j;p99.993p100;1993;11055759.0;992;j
RS;tdiinc992j;p99.993p100;1994;11085573.0;992;j
RS;tdiinc992j;p99.993p100;1995;11438095.0;992;j
RS;tdiinc992j;p99.993p100;1996;11130274.0;992;j
RS;tdiinc992j;p99.993p100;1997;11341521.0;992;j
RS;tdiinc992j;p99.993p100;1998;12737934.0;992;j
RS;tdiinc992j;p99.993p100;1999;16527664.0;992;j
RS;tdiinc992j;p99.993p100;2000;19253884.0;992;j
RS;tdiinc992j;p99.993p100;2001;21562606.0;992;j
RS;tdiinc992j;p99.993p100;2002;22240046.0;992;j
RS;tdiinc992j;p99.993p100;2003;23156056.0;992;j
RS;tdiinc992j;p99.993p100;2004;26480320.0;992;j
RS;tdiinc992j;p99.993p100;2005;31564590.0;992;j
RS;tdiinc992j;p99.993p100;2006;31704210.0;992;j
RS;tdiinc992j;p99.993p100;2007;29078560.0;992;j
RS;tdiinc992j;p99.993p100;2008;28207174.0;992;j
RS;tdiinc992j;p99.993p100;2009;32719464.0;992;j
RS;tdiinc992j;p99.993p100;2010;31894118.0;992;j
RS;tdiinc992j;p99.993p100;2011;31840158.0;992;j
RS;tdiinc992j;p99.993p100;2012;44471928.0;992;j
RS;tdiinc992j;p99.993p100;2013;36616180.0;992;j
RS;tdiinc992j;p99.993p100;2014;57945764.0;992;j
RS;tdiinc992j;p99.993p100;2015;83978816.0;992;j
RS;tdiinc992j;p99.993p100;2016;87720584.0;992;j
RS;tdiinc992j;p99.993p100;2017;88473504.0;992;j
RS;tdiinc992j;p99.996p99.997;1990;44710204.0;992;j
RS;tdiinc992j;p99.996p99.997;1991;36780200.0;992;j
RS;tdiinc992j;p99.996p99.997;1992;23486076.0;992;j
RS;tdiinc992j;p99.996p99.997;1993;14571734.0;992;j
RS;tdiinc992j;p99.996p99.997;1994;14546912.0;992;j
RS;tdiinc992j;p99.996p99.997;1995;14951700.0;992;j
RS;tdiinc992j;p99.996p99.997;1996;14489788.0;992;j
RS;tdiinc992j;p99.996p99.997;1997;14698278.0;992;j
RS;tdiinc992j;p99.996p99.997;1998;16586783.0;992;j
RS;tdiinc992j;p99.996p99.997;1999;21895780.0;992;j
RS;tdiinc992j;p99.996p99.997;2000;25485296.0;992;j
RS;tdiinc992j;p99.996p99.997;2001;28905908.0;992;j
RS;tdiinc992j;p99.996p99.997;2002;29496214.0;992;j
RS;tdiinc992j;p99.996p99.997;2003;30742180.0;992;j
RS;tdiinc992j;p99.996p99.997;2004;35182820.0;992;j
RS;tdiinc992j;p99.996p99.997;2005;42182104.0;992;j
RS;tdiinc992j;p99.996p99.997;2006;41807084.0;992;j
RS;tdiinc992j;p99.996p99.997;2007;37809568.0;992;j
RS;tdiinc992j;p99.996p99.997;2008;36107168.0;992;j
RS;tdiinc992j;p99.996p99.997;2009;42732088.0;992;j
RS;tdiinc992j;p99.996p99.997;2010;41263132.0;992;j
RS;tdiinc992j;p99.996p99.997;2011;40955920.0;992;j
RS;tdiinc992j;p99.996p99.997;2012;59756112.0;992;j
RS;tdiinc992j;p99.996p99.997;2013;47858804.0;992;j
RS;tdiinc992j;p99.996p99.997;2014;81058744.0;992;j
RS;tdiinc992j;p99.996p99.997;2015;122128048.0;992;j
RS;tdiinc992j;p99.996p99.997;2016;127584424.0;992;j
RS;tdiinc992j;p99.996p99.997;2017;128700872.0;992;j
RS;tptinc992j;p15p100;1990;198902.3;992;j
RS;tptinc992j;p15p100;1991;172755.2;992;j
RS;tptinc992j;p15p100;1992;118115.0;992;j
RS;tptinc992j;p15p100;1993;76376.102;992;j
RS;tptinc992j;p15p100;1994;78552.602;992;j
RS;tptinc992j;p15p100;1995;82646.703;992;j
RS;tptinc992j;p15p100;1996;83091.5;992;j
RS;tptinc992j;p15p100;1997;87873.797;992;j
RS;tptinc992j;p15p100;1998;98467.703;992;j
RS;tptinc992j;p15p100;1999;107382.0;992;j
RS;tptinc992j;p15p100;2000;116380.9;992;j
RS;tptinc992j;p15p100;2001;116265.6;992;j
RS;tptinc992j;p15p100;2002;113196.0;992;j
RS;tptinc992j;p15p100;2003;114807.7;992;j
RS;tptinc992j;p15p100;2004;118009.4;992;j
RS;tptinc992j;p15p100;2005;120559.3;992;j
RS;tptinc992j;p15p100;2006;112001.1;992;j
RS;tptinc992j;p15p100;2007;102023.9;992;j
RS;tptinc992j;p15p100;2008;93130.602;992;j
RS;tptinc992j;p15p100;2009;84591.203;992;j
RS;tptinc992j;p15p100;2010;73744.703;992;j
RS;tptinc992j;p15p100;2011;60257.199;992;j
RS;tptinc992j;p15p100;2012;54437.0;992;j
RS;tptinc992j;p15p100;2013;48308.301;992;j
RS;tptinc992j;p15p100;2014;48969.801;992;j
RS;tptinc992j;p15p100;2015;49132.0;992;j
RS;tptinc992j;p15p100;2016;50776.801;992;j
RS;tptinc992j;p15p100;2017;50555.5;992;j
RS;tptinc992j;p18p19;1990;218483.3;992;j
RS;tptinc992j;p18p19;1991;189465.0;992;j
RS;tptinc992j;p18p19;1992;129034.5;992;j
RS;tptinc992j;p18p19;1993;83446.898;992;j
RS;tptinc992j;p18p19;1994;85611.703;992;j
RS;tptinc992j;p18p19;1995;89900.102;992;j
RS;tptinc992j;p18p19;1996;90193.5;992;j
RS;tptinc992j;p18p19;1997;95106.797;992;j
RS;tptinc992j;p18p19;1998;106433.6;992;j
RS;tptinc992j;p18p19;1999;116874.7;992;j
RS;tptinc992j;p18p19;2000;125757.0;992;j
RS;tptinc992j;p18p19;2001;125456.0;992;j
RS;tptinc992j;p18p19;2002;122367.4;992;j
RS;tptinc992j;p18p19;2003;126606.1;992;j
RS;tptinc992j;p18p19;2004;130831.6;992;j
RS;tptinc992j;p18p19;2005;136629.3;992;j
RS;tptinc992j;p18p19;2006;130501.7;992;j
RS;tptinc992j;p18p19;2007;122532.8;992;j
RS;tptinc992j;p18p19;2008;117017.1;992;j
RS;tptinc992j;p18p19;2009;104013.6;992;j
RS;tptinc992j;p18p19;2010;95586.102;992;j
RS;tptinc992j;p18p19;2011;80903.297;992;j
RS;tptinc992j;p18p19;2012;75810.797;992;j
RS;tptinc992j;p18p19;2013;73646.5;992;j
RS;tptinc992j;p18p19;2014;62933.102;992;j
RS;tptinc992j;p18p19;2015;69075.102;992;j
RS;tptinc992j;p18p19;2016;71406.602;992;j
RS;tptinc992j;p18p19;2017;71585.398;992;j
RS;tptinc992j;p36p100;1990;448558.19;992;j
RS;tptinc992j;p36p100;1991;387453.0;992;j
RS;tptinc992j;p36p100;1992;264355.31;992;j
RS;tptinc992j;p36p100;1993;170650.2;992;j
RS;tptinc992j;p36p100;1994;175071.8;992;j
RS;tptinc992j;p36p100;1995;183974.41;992;j
RS;tptinc992j;p36p100;1996;184834.2;992;j
RS;tptinc992j;p36p100;1997;195350.5;992;j
RS;tptinc992j;p36p100;1998;201283.2;992;j
RS;tptinc992j;p36p100;1999;220095.41;992;j
RS;tptinc992j;p36p100;2000;239292.3;992;j
RS;tptinc992j;p36p100;2001;237300.2;992;j
RS;tptinc992j;p36p100;2002;252981.3;992;j
RS;tptinc992j;p36p100;2003;263293.09;992;j
RS;tptinc992j;p36p100;2004;289888.81;992;j
RS;tptinc992j;p36p100;2005;315337.59;992;j
RS;tptinc992j;p36p100;2006;327304.31;992;j
RS;tptinc992j;p36p100;2007;340931.59;992;j
RS;tptinc992j;p36p100;2008;353306.81;992;j
RS;tptinc992j;p36p100;2009;341202.81;992;j
RS;tptinc992j;p36p100;2010;330618.19;992;j
RS;tptinc992j;p36p100;2011;317442.31;992;j
RS;tptinc992j;p36p100;2012;314780.09;992;j
RS;tptinc992j;p36p100;2013;325121.69;992;j
RS;tptinc992j;p36p100;2014;303664.19;992;j
RS;tptinc992j;p36p100;2015;322248.09;992;j
RS;tptinc992j;p36p100;2016;332152.19;992;j
RS;tptinc992j;p36p100;2017;333672.41;992;j
RS;acainc992j;p31p100;1990;680451.88;992;j
RS;acainc992j;p31p100;1991;589827.88;992;j
RS;acainc992j;p31p100;1992;403175.19;992;j
RS;acainc992j;p31p100;1993;260984.8;992;j
RS;acainc992j;p31p100;1994;268299.91;992;j
RS;acainc992j;p31p100;1995;282662.5;992;j
RS;acainc992j;p31p100;1996;284385.09;992;j
RS;acainc992j;p31p100;1997;299478.09;992;j
RS;acainc992j;p31p100;1998;326720.69;992;j
RS;acainc992j;p31p100;1999;373080.69;992;j
RS;acainc992j;p31p100;2000;405607.5;992;j
RS;acainc992j;p31p100;2001;395704.59;992;j
RS;acainc992j;p31p100;2002;417668.69;992;j
RS;acainc992j;p31p100;2003;441229.19;992;j
RS;acainc992j;p31p100;2004;532083.19;992;j
RS;acainc992j;p31p100;2005;607803.38;992;j
RS;acainc992j;p31p100;2006;645513.88;992;j
RS;acainc992j;p31p100;2007;646734.5;992;j
RS;acainc992j;p31p100;2008;694898.69;992;j
RS;acainc992j;p31p100;2009;689591.13;992;j
RS;acainc992j;p31p100;2010;697582.81;992;j
RS;acainc992j;p31p100;2011;709513.5;992;j
RS;acainc992j;p31p100;2012;709227.13;992;j
RS;acainc992j;p31p100;2013;727152.0;992;j
RS;acainc992j;p31p100;2014;699420.88;992;j
RS;acainc992j;p31p100;2015;716241.0;992;j
RS;acainc992j;p31p100;2016;742770.81;992;j
RS;acainc992j;p31p100;2017;743481.69;992;j
RS;acainc992j;p39p100;1990;727297.19;992;j
RS;acainc992j;p39p100;1991;630216.63;992;j
RS;acainc992j;p39p100;1992;430624.0;992;j
RS;acainc992j;p39p100;1993;278660.19;992;j
RS;acainc992j;p39p100;1994;286370.31;992;j
RS;acainc992j;p39p100;1995;301595.91;992;j
RS;acainc992j;p39p100;1996;303287.5;992;j
RS;acainc992j;p39p100;1997;319229.31;992;j
RS;acainc992j;p39p100;1998;348648.09;992;j
RS;acainc992j;p39p100;1999;398163.69;992;j
RS;acainc992j;p39p100;2000;433169.5;992;j
RS;acainc992j;p39p100;2001;422730.59;992;j
RS;acainc992j;p39p100;2002;446915.19;992;j
RS;acainc992j;p39p100;2003;472349.0;992;j
RS;acainc992j;p39p100;2004;570599.63;992;j
RS;acainc992j;p39p100;2005;652652.5;992;j
RS;acainc992j;p39p100;2006;694192.63;992;j
RS;acainc992j;p39p100;2007;695932.69;992;j
RS;acainc992j;p39p100;2008;748439.0;992;j
RS;acainc992j;p39p100;2009;743565.38;992;j
RS;acainc992j;p39p100;2010;753735.69;992;j
RS;acainc992j;p39p100;2011;768064.69;992;j
RS;acainc992j;p39p100;2012;768571.5;992;j
RS;acainc992j;p39p100;2013;789384.63;992;j
RS;acainc992j;p39p100;2014;757919.63;992;j
RS;acainc992j;p39p100;2015;777723.38;992;j
RS;acainc992j;p39p100;2016;806523.63;992;j
RS;acainc992j;p39p100;2017;807317.0;992;j
RS;acainc992j;p70p71;1990;613094.5;992;j
RS;acainc992j;p70p71;1991;533752.5;992;j
RS;acainc992j;p70p71;1992;364860.19;992;j
RS;acainc992j;p70p71;1993;236130.41;992;j
RS;acainc992j;p70p71;1994;242861.3;992;j
RS;acainc992j;p70p71;1995;256129.2;992;j
RS;acainc992j;p70p71;1996;258239.41;992;j
RS;acainc992j;p70p71;1997;272555.41;992;j
RS;acainc992j;p70p71;1998;296733.5;992;j
RS;acainc992j;p70p71;1999;333570.0;992;j
RS;acainc992j;p70p71;2000;357999.0;992;j
RS;acainc992j;p70p71;2001;345345.0;992;j
RS;acainc992j;p70p71;2002;362933.5;992;j
RS;acainc992j;p70p71;2003;384333.91;992;j
RS;acainc992j;p70p71;2004;461690.19;992;j
RS;acainc992j;p70p71;2005;522940.69;992;j
RS;acainc992j;p70p71;2006;551793.63;992;j
RS;acainc992j;p70p71;2007;555079.38;992;j
RS;acainc992j;p70p71;2008;598528.13;992;j
RS;acainc992j;p70p71;2009;587130.69;992;j
RS;acainc992j;p70p71;2010;591536.19;992;j
RS;acainc992j;p70p71;2011;593631.63;992;j
RS;acainc992j;p70p71;2012;590919.69;992;j
RS;acainc992j;p70p71;2013;620809.81;992;j
RS;acainc992j;p70p71;2014;583259.5;992;j
RS;acainc992j;p70p71;2015;567033.13;992;j
RS;acainc992j;p70p71;2016;587974.88;992;j
RS;acainc992j;p70p71;2017;588417.31;992;j
RS;acainc992j;p99.7p99.8;1990;4009983.3;992;j
RS;acainc992j;p99.7p99.8;1991;3442414.8;992;j
RS;acainc992j;p99.7p99.8;1992;2334743.3;992;j
RS;acainc992j;p99.7p99.8;1993;1511000.3;992;j
RS;acainc992j;p99.7p99.8;1994;1551221.9;992;j
RS;acainc992j;p99.7p99.8;1995;1633549.3;992;j
RS;acainc992j;p99.7p99.8;1996;1627549.3;992;j
RS;acainc992j;p99.7p99.8;1997;1696673.9;992;j
RS;acainc992j;p99.7p99.8;1998;1906479.3;992;j
RS;acainc992j;p99.7p99.8;1999;2299541.0;992;j
RS;acainc992j;p99.7p99.8;2000;2650106.8;992;j
RS;acainc992j;p99.7p99.8;2001;2689693.3;992;j
RS;acainc992j;p99.7p99.8;2002;2881775.5;992;j
RS;acainc992j;p99.7p99.8;2003;3006727.0;992;j
RS;acainc992j;p99.7p99.8;2004;3640451.5;992;j
RS;acainc992j;p99.7p99.8;2005;4276330.5;992;j
RS;acainc992j;p99.7p99.8;2006;4616529.5;992;j
RS;acainc992j;p99.7p99.8;2007;4482985.5;992;j
RS;acainc992j;p99.7p99.8;2008;4779563.0;992;j
RS;acainc992j;p99.7p99.8;2009;4961220.5;992;j
RS;acainc992j;p99.7p99.8;2010;5111446.0;992;j
RS;acainc992j;p99.7p99.8;2011;5282083.5;992;j
RS;acainc992j;p99.7p99.8;2012;5725757.0;992;j
RS;acainc992j;p99.7p99.8;2013;5546405.5;992;j
RS;acainc992j;p99.7p99.8;2014;5898751.5;992;j
RS;acainc992j;p99.7p99.8;2015;6739319.0;992;j
RS;acainc992j;p99.7p99.8;2016;6989127.5;992;j
RS;acainc992j;p99.7p99.8;2017;6998438.5;992;j
RS;adiinc992j;p37p100;1990;994796.38;992;j
RS;adiinc992j;p37p100;1991;862314.63;992;j
RS;adiinc992j;p37p100;1992;589434.81;992;j
RS;adiinc992j;p37p100;1993;381543.59;992;j
RS;adiinc992j;p37p100;1994;392209.0;992;j
RS;adiinc992j;p37p100;1995;413171.19;992;j
RS;adiinc992j;p37p100;1996;415612.59;992;j
RS;adiinc992j;p37p100;1997;439465.0;992;j
RS;adiinc992j;p37p100;1998;461519.59;992;j
RS;adiinc992j;p37p100;1999;506772.91;992;j
RS;adiinc992j;p37p100;2000;557364.31;992;j
RS;adiinc992j;p37p100;2001;556747.81;992;j
RS;adiinc992j;p37p100;2002;604108.5;992;j
RS;adiinc992j;p37p100;2003;636234.13;992;j
RS;adiinc992j;p37p100;2004;723381.19;992;j
RS;adiinc992j;p37p100;2005;810059.81;992;j
RS;adiinc992j;p37p100;2006;861670.0;992;j
RS;adiinc992j;p37p100;2007;890655.31;992;j
RS;adiinc992j;p37p100;2008;951370.19;992;j
RS;adiinc992j;p37p100;2009;938519.38;992;j
RS;adiinc992j;p37p100;2010;948479.81;992;j
RS;adiinc992j;p37p100;2011;960250.5;992;j
RS;adiinc992j;p37p100;2012;959608.63;992;j
RS;adiinc992j;p37p100;2013;985529.5;992;j
RS;adiinc992j;p37p100;2014;946346.81;992;j
RS;adiinc992j;p37p100;2015;966989.81;992;j
RS;adiinc992j;p37p100;2016;1000625.3;992;j
RS;adiinc992j;p37p100;2017;1007016.8;992;j
RS;adiinc992j;p61p100;1990;1228868.5;992;j
RS;adiinc992j;p61p100;1991;1063821.1;992;j
RS;adiinc992j;p61p100;1992;726347.31;992;j
RS;adiinc992j;p61p100;1993;469818.69;992;j
RS;adiinc992j;p61p100;1994;482565.59;992;j
RS;adiinc992j;p61p100;1995;507983.59;992;j
RS;adiinc992j;p61p100;1996;510290.41;992;j
RS;adiinc992j;p61p100;1997;538708.88;992;j
RS;adiinc992j;p61p100;1998;569203.38;992;j
RS;adiinc992j;p61p100;1999;627253.69;992;j
RS;adiinc992j;p61p100;2000;691212.69;992;j
RS;adiinc992j;p61p100;2001;691575.63;992;j
RS;adiinc992j;p61p100;2002;752866.81;992;j
RS;adiinc992j;p61p100;2003;794583.63;992;j
RS;adiinc992j;p61p100;2004;908186.88;992;j
RS;adiinc992j;p61p100;2005;1022564.4;992;j
RS;adiinc992j;p61p100;2006;1092368.8;992;j
RS;adiinc992j;p61p100;2007;1128319.3;992;j
RS;adiinc992j;p61p100;2008;1207908.0;992;j
RS;adiinc992j;p61p100;2009;1196272.1;992;j
RS;adiinc992j;p61p100;2010;1217156.4;992;j
RS;adiinc992j;p61p100;2011;1239184.5;992;j
RS;adiinc992j;p61p100;2012;1242438.4;992;j
RS;adiinc992j;p61p100;2013;1277405.9;992;j
RS;adiinc992j;p61p100;2014;1223973.8;992;j
RS;adiinc992j;p61p100;2015;1260457.3;992;j
RS;adiinc992j;p61p100;2016;1307030.5;992;j
RS;adiinc992j;p61p100;2017;1315762.5;992;j
RS;adiinc992j;p94p95;1990;1500324.5;992;j
RS;adiinc992j;p94p95;1991;1303160.5;992;j
RS;adiinc992j;p94p95;1992;893989.5;992;j
RS;adiinc992j;p94p95;1993;579929.5;992;j
RS;adiinc992j;p94p95;1994;596973.38;992;j
RS;adiinc992j;p94p95;1995;629595.81;992;j
RS;adiinc992j;p94p95;1996;633543.13;992;j
RS;adiinc992j;p94p95;1997;669883.81;992;j
RS;adiinc992j;p94p95;1998;711746.0;992;j
RS;adiinc992j;p94p95;1999;781144.0;992;j
RS;adiinc992j;p94p95;2000;862711.63;992;j
RS;adiinc992j;p94p95;2001;859513.63;992;j
RS;adiinc992j;p94p95;2002;941327.81;992;j
RS;adiinc992j;p94p95;2003;998842.5;992;j
RS;adiinc992j;p94p95;2004;1150592.5;992;j
RS;adiinc992j;p94p95;2005;1301871.9;992;j
RS;adiinc992j;p94p95;2006;1406955.5;992;j
RS;adiinc992j;p94p95;2007;1462963.1;992;j
RS;adiinc992j;p94p95;2008;1580546.8;992;j
RS;adiinc992j;p94p95;2009;1552136.6;992;j
RS;adiinc992j;p94p95;2010;1605632.6;992;j
RS;adiinc992j;p94p95;2011;1655273.8;992;j
RS;adiinc992j;p94p95;2012;1593620.0;992;j
RS;adiinc992j;p94p95;2013;1662194.1;992;j
RS;adiinc992j;p94p95;2014;1517542.9;992;j
RS;adiinc992j;p94p95;2015;1504267.3;992;j
RS;adiinc992j;p94p95;2016;1561565.4;992;j
RS;adiinc992j;p94p95;2017;1572165.8;992;j
RS;agsmho999i;p0p100;1997;71304.797;999;i
RS;agsmho999i;p0p100;1998;70869.0;999;i
RS;agsmho999i;p0p100;1999;94656.0;999;i
RS;agsmho999i;p0p100;2000;105800.3;999;i
RS;agsmho999i;p0p100;2001;105884.1;999;i
RS;agsmho999i;p0p100;2002;95930.297;999;i
RS;agsmho999i;p0p100;2003;91577.898;999;i
RS;agsmho999i;p0p100;2004;98957.703;999;i
RS;agsmho999i;p0p100;2005;106034.3;999;i
RS;agsmho999i;p0p100;2006;125154.8;999;i
RS;agsmho999i;p0p100;2007;128653.9;999;i
RS;agsmho999i;p0p100;2008;136868.7;999;i
RS;agsmho999i;p0p100;2009;137535.5;999;i
RS;agsmho999i;p0p100;2010;141367.3;999;i
RS;agsmho999i;p0p100;2011;151132.41;999;i
RS;aprihn992i;p0p100;1997;335716.41;992;i
RS;aprihn992i;p0p100;1998;302300.91;992;i
RS;aprihn992i;p0p100;1999;328396.81;992;i
RS;aprihn992i;p0p100;2000;345174.5;992;i
RS;aprihn992i;p0p100;2001;361451.0;992;i
RS;aprihn992i;p0p100;2002;375671.19;992;i
RS;aprihn992i;p0p100;2003;399031.09;992;i
RS;aprihn992i;p0p100;2004;411563.69;992;i
RS;aprihn992i;p0p100;2005;448841.59;992;i
RS;aprihn992i;p0p100;2006;477343.59;992;i
RS;aprihn992i;p0p100;2007;506282.09;992;i
RS;aprihn992i;p0p100;2008;539014.31;992;i
RS;aprihn992i;p0p100;2009;507891.69;992;i
RS;aprihn992i;p0p100;2010;504395.81;992;i
RS;aprihn992i;p0p100;2011;519188.81;992;i
RS;aptinc992j;p11p12;1990;171967.8;992;j
RS;aptinc992j;p11p12;1991;150211.3;992;j
RS;aptinc992j;p11p12;1992;103224.4;992;j
RS;aptinc992j;p11p12;1993;67191.898;992;j
RS;aptinc992j;p11p12;1994;69475.703;992;j
RS;aptinc992j;p11p12;1995;73595.203;992;j
RS;aptinc992j;p11p12;1996;74566.398;992;j
RS;aptinc992j;p11p12;1997;79377.0;992;j
RS;aptinc992j;p11p12;1998;90061.398;992;j
RS;aptinc992j;p11p12;1999;99127.0;992;j
RS;aptinc992j;p11p12;2000;107310.4;992;j
RS;aptinc992j;p11p12;2001;108238.1;992;j
RS;aptinc992j;p11p12;2002;103110.5;992;j
RS;aptinc992j;p11p12;2003;102775.2;992;j
RS;aptinc992j;p11p12;2004;103905.7;992;j
RS;aptinc992j;p11p12;2005;103275.4;992;j
RS;aptinc992j;p11p12;2006;94201.602;992;j
RS;aptinc992j;p11p12;2007;86044.297;992;j
RS;aptinc992j;p11p12;2008;76069.102;992;j
RS;aptinc992j;p11p12;2009;63773.898;992;j
RS;aptinc992j;p11p12;2010;57175.699;992;j
RS;aptinc992j;p11p12;2011;49009.801;992;j
RS;aptinc992j;p11p12;2012;45365.301;992;j
RS;aptinc992j;p11p12;2013;39818.199;992;j
RS;aptinc992j;p11p12;2014;37681.0;992;j
RS;aptinc992j;p11p12;2015;40844.801;992;j
RS;aptinc992j;p11p12;2016;42285.5;992;j
RS;aptinc992j;p11p12;2017;42299.398;992;j
RS;aptinc992j;p15p16;1990;202297.0;992;j
RS;aptinc992j;p15p16;1991;175242.7;992;j
RS;aptinc992j;p15p16;1992;119671.6;992;j
RS;aptinc992j;p15p16;1993;77397.102;992;j
RS;aptinc992j;p15p16;1994;79477.0;992;j
RS;aptinc992j;p15p16;1995;83535.102;992;j
RS;aptinc992j;p15p16;1996;84012.398;992;j
RS;aptinc992j;p15p16;1997;88796.203;992;j
RS;aptinc992j;p15p16;1998;99150.203;992;j
RS;aptinc992j;p15p16;1999;108551.0;992;j
RS;aptinc992j;p15p16;2000;117476.5;992;j
RS;aptinc992j;p15p16;2001;117565.4;992;j
RS;aptinc992j;p15p16;2002;114551.0;992;j
RS;aptinc992j;p15p16;2003;116478.0;992;j
RS;aptinc992j;p15p16;2004;119670.0;992;j
RS;aptinc992j;p15p16;2005;123069.9;992;j
RS;aptinc992j;p15p16;2006;114592.7;992;j
RS;aptinc992j;p15p16;2007;104838.8;992;j
RS;aptinc992j;p15p16;2008;96144.602;992;j
RS;aptinc992j;p15p16;2009;88249.398;992;j
RS;aptinc992j;p15p16;2010;76774.602;992;j
RS;aptinc992j;p15p16;2011;62615.102;992;j
RS;aptinc992j;p15p16;2012;56769.0;992;j
RS;aptinc992j;p15p16;2013;50919.5;992;j
RS;aptinc992j;p15p16;2014;49109.602;992;j
RS;aptinc992j;p15p16;2015;50642.301;992;j
RS;aptinc992j;p15p16;2016;52369.699;992;j
RS;aptinc992j;p15p16;2017;52304.102;992;j
RS;aptinc992j;p54p55;1990;644077.31;992;j
RS;aptinc992j;p54p55;1991;557830.38;992;j
RS;aptinc992j;p54p55;1992;380977.31;992;j
RS;aptinc992j;p54p55;1993;246296.09;992;j
RS;aptinc992j;p54p55;1994;252772.59;992;j
RS;aptinc992j;p54p55;1995;265777.19;992;j
RS;aptinc992j;p54p55;1996;267369.59;992;j
RS;aptinc992j;p54p55;1997;282933.41;992;j
RS;aptinc992j;p54p55;1998;294527.31;992;j
RS;aptinc992j;p54p55;1999;321028.91;992;j
RS;aptinc992j;p54p55;2000;348850.69;992;j
RS;aptinc992j;p54p55;2001;346533.31;992;j
RS;aptinc992j;p54p55;2002;369634.41;992;j
RS;aptinc992j;p54p55;2003;388172.41;992;j
RS;aptinc992j;p54p55;2004;429954.09;992;j
RS;aptinc992j;p54p55;2005;474550.59;992;j
RS;aptinc992j;p54p55;2006;500298.59;992;j
RS;aptinc992j;p54p55;2007;518894.59;992;j
RS;aptinc992j;p54p55;2008;550343.19;992;j
RS;aptinc992j;p54p55;2009;541126.0;992;j
RS;aptinc992j;p54p55;2010;532651.0;992;j
RS;aptinc992j;p54p55;2011;526895.31;992;j
RS;aptinc992j;p54p55;2012;532063.5;992;j
RS;aptinc992j;p54p55;2013;552694.19;992;j
RS;aptinc992j;p54p55;2014;523569.19;992;j
RS;aptinc992j;p54p55;2015;537791.88;992;j
RS;aptinc992j;p54p55;2016;554217.38;992;j
RS;aptinc992j;p54p55;2017;557190.5;992;j
RS;ataxho992i;p0p100;1997;74324.398;992;i
RS;ataxho992i;p0p100;1998;74915.102;992;i
RS;ataxho992i;p0p100;1999;73664.797;992;i
RS;ataxho992i;p0p100;2000;75701.898;992;i
RS;ataxho992i;p0p100;2001;90318.602;992;i
RS;ataxho992i;p0p100;2002;109284.2;992;i
RS;ataxho992i;p0p100;2003;105332.2;992;i
RS;ataxho992i;p0p100;2004;119776.3;992;i
RS;ataxho992i;p0p100;2005;126424.3;992;i
RS;ataxho992i;p0p100;2006;142493.2;992;i
RS;ataxho992i;p0p100;2007;146921.2;992;i
RS;ataxho992i;p0p100;2008;154183.3;992;i
RS;ataxho992i;p0p100;2009;142660.59;992;i
RS;ataxho992i;p0p100;2010;143672.8;992;i
RS;ataxho992i;p0p100;2011;150540.09;992;i
RS;bcainc992j;p53p100;1990;1.8139939;992;j
RS;bcainc992j;p53p100;1991;1.8039449;992;j
RS;bcainc992j;p53p100;1992;1.7963924;992;j
RS;bcainc992j;p53p100;1993;1.7900115;992;j
RS;bcainc992j;p53p100;1994;1.7823598;992;j
RS;bcainc992j;p53p100;1995;1.7766203;992;j
RS;bcainc992j;p53p100;1996;1.7677397;992;j
RS;bcainc992j;p53p100;1997;1.7584572;992;j
RS;bcainc992j;p53p100;1998;1.7815131;992;j
RS;bcainc992j;p53p100;1999;1.7972598;992;j
RS;bcainc992j;p53p100;2000;1.8185623;992;j
RS;bcainc992j;p53p100;2001;1.8294438;992;j
RS;bcainc992j;p53p100;2002;1.8721333;992;j
RS;bcainc992j;p53p100;2003;1.8920655;992;j
RS;bcainc992j;p53p100;2004;1.9259129;992;j
RS;bcainc992j;p53p100;2005;1.968628;992;j
RS;bcainc992j;p53p100;2006;2.0081503;992;j
RS;bcainc992j;p53p100;2007;2.012666;992;j
RS;bcainc992j;p53p100;2008;2.0285378;992;j
RS;bcainc992j;p53p100;2009;2.064424;992;j
RS;bcainc992j;p53p100;2010;2.1210914;992;j
RS;bcainc992j;p53p100;2011;2.1711774;992;j
RS;bcainc992j;p53p100;2012;2.2035615;992;j
RS;bcainc992j;p53p100;2013;2.2163174;992;j
RS;bcainc992j;p53p100;2014;2.2037446;992;j
RS;bcainc992j;p53p100;2015;2.3049517;992;j
RS;bcainc992j;p53p100;2016;2.3044953;992;j
RS;bcainc992j;p53p100;2017;2.306114;992;j
RS;bcainc992j;p88p100;1990;1.5985605;992;j
RS;bcainc992j;p88p100;1991;1.5967301;992;j
RS;bcainc992j;p88p100;1992;1.596343;992;j
RS;bcainc992j;p88p100;1993;1.5990293;992;j
RS;bcainc992j;p88p100;1994;1.6026533;992;j
RS;bcainc992j;p88p100;1995;1.6086919;992;j
RS;bcainc992j;p88p100;1996;1.6087652;992;j
RS;bcainc992j;p88p100;1997;1.6078854;992;j
RS;bcainc992j;p88p100;1998;1.6213173;992;j
RS;bcainc992j;p88p100;1999;1.6691792;992;j
RS;bcainc992j;p88p100;2000;1.7310981;992;j
RS;bcainc992j;p88p100;2001;1.7717381;992;j
RS;bcainc992j;p88p100;2002;1.7912061;992;j
RS;bcainc992j;p88p100;2003;1.7543024;992;j
RS;bcainc992j;p88p100;2004;1.7476698;992;j
RS;bcainc992j;p88p100;2005;1.7624974;992;j
RS;bcainc992j;p88p100;2006;1.7757045;992;j
RS;bcainc992j;p88p100;2007;1.7412739;992;j
RS;bcainc992j;p88p100;2008;1.7466223;992;j
RS;bcainc992j;p88p100;2009;1.7658577;992;j
RS;bcainc992j;p88p100;2010;1.786751;992;j
RS;bcainc992j;p88p100;2011;1.8008649;992;j
RS;bcainc992j;p88p100;2012;1.8520082;992;j
RS;bcainc992j;p88p100;2013;1.804176;992;j
RS;bcainc992j;p88p100;2014;1.9208006;992;j
RS;bcainc992j;p88p100;2015;2.0996313;992;j
RS;bcainc992j;p88p100;2016;2.1004903;992;j
RS;bcainc992j;p88p100;2017;2.1016767;992;j
RS;bcainc992j;p99.6p100;1990;2.025341;992;j
RS;bcainc992j;p99.6p100;1991;1.984612;992;j
RS;bcainc992j;p99.6p100;1992;1.9312296;992;j
RS;bcainc992j;p99.6p100;1993;1.8967962;992;j
RS;bcainc992j;p99.6p100;1994;1.8745359;992;j
RS;bcainc992j;p99.6p100;1995;1.8558551;992;j
RS;bcainc992j;p99.6p100;1996;1.833801;992;j
RS;bcainc992j;p99.6p100;1997;1.8104918;992;j
RS;bcainc992j;p99.6p100;1998;1.8376749;992;j
RS;bcainc992j;p99.6p100;1999;1.9406884;992;j
RS;bcainc992j;p99.6p100;2000;1.9537075;992;j
RS;bcainc992j;p99.6p100;2001;2.0390377;992;j
RS;bcainc992j;p99.6p100;2002;1.9791132;992;j
RS;bcainc992j;p99.6p100;2003;1.9779472;992;j
RS;bcainc992j;p99.6p100;2004;1.978286;992;j
RS;bcainc992j;p99.6p100;2005;2.0162873;992;j
RS;bcainc992j;p99.6p100;2006;1.942745;992;j
RS;bcainc992j;p99.6p100;2007;1.8613294;992;j
RS;bcainc992j;p99.6p100;2008;1.7858361;992;j
RS;bcainc992j;p99.6p100;2009;1.8909792;992;j
RS;bcainc992j;p99.6p100;2010;1.8441478;992;j
RS;bcainc992j;p99.6p100;2011;1.8172137;992;j
RS;bcainc992j;p99.6p100;2012;2.0808935;992;j
RS;bcainc992j;p99.6p100;2013;1.9045461;992;j
RS;bcainc992j;p99.6p100;2014;2.4079032;992;j
RS;bcainc992j;p99.6p100;2015;2.8959663;992;j
RS;bcainc992j;p99.6p100;2016;2.8967729;992;j
RS;bcainc992j;p99.6p100;2017;2.8994131;992;j
RS;bdiinc992j;p96p100;1990;1.7418621;992;j
RS;bdiinc992j;p96p100;1991;1.7257477;992;j
RS;bdiinc992j;p96p100;1992;1.7082325;992;j
RS;bdiinc992j;p96p100;1993;1.7013328;992;j
RS;bdiinc992j;p96p100;1994;1.6960709;992;j
RS;bdiinc992j;p96p100;1995;1.6923687;992;j
RS;bdiinc992j;p96p100;1996;1.6814388;992;j
RS;bdiinc992j;p96p100;1997;1.6696148;992;j
RS;bdiinc992j;p96p100;1998;1.6935431;992;j
RS;bdiinc992j;p96p100;1999;1.7613544;992;j
RS;bdiinc992j;p96p100;2000;1.8050402;992;j
RS;bdiinc992j;p96p100;2001;1.8567078;992;j
RS;bdiinc992j;p96p100;2002;1.843829;992;j
RS;bdiinc992j;p96p100;2003;1.8251917;992;j
RS;bdiinc992j;p96p100;2004;1.8168238;992;j
RS;bdiinc992j;p96p100;2005;1.8393066;992;j
RS;bdiinc992j;p96p100;2006;1.8252021;992;j
RS;bdiinc992j;p96p100;2007;1.7745279;992;j
RS;bdiinc992j;p96p100;2008;1.7454911;992;j
RS;bdiinc992j;p96p100;2009;1.8050507;992;j
RS;bdiinc992j;p96p100;2010;1.7907321;992;j
RS;bdiinc992j;p96p100;2011;1.7855642;992;j
RS;bdiinc992j;p96p100;2012;1.9394816;992;j
RS;bdiinc992j;p96p100;2013;1.8372383;992;j
RS;bdiinc992j;p96p100;2014;2.0924609;992;j
RS;bdiinc992j;p96p100;2015;2.3865077;992;j
RS;bdiinc992j;p96p100;2016;2.3939013;992;j
RS;bdiinc992j;p96p100;2017;2.3956058;992;j
RS;bdiinc992j;p99.993p100;1990;2.1604536;992;j
RS;bdiinc992j;p99.993p100;1991;2.1080606;992;j
RS;bdiinc992j;p99.993p100;1992;2.0363882;992;j
RS;bdiinc992j;p99.993p100;1993;1.98692;992;j
RS;bdiinc992j;p99.993p100;1994;1.9555554;992;j
RS;bdiinc992j;p99.993p100;1995;1.9287714;992;j
RS;bdiinc992j;p99.993p100;1996;1.9015142;992;j
RS;bdiinc992j;p99.993p100;1997;1.8723563;992;j
RS;bdiinc992j;p99.993p100;1998;1.9024408;992;j
RS;bdiinc992j;p99.993p100;1999;2.0213876;992;j
RS;bdiinc992j;p99.993p100;2000;2.0124457;992;j
RS;bdiinc992j;p99.993p100;2001;2.1094379;992;j
RS;bdiinc992j;p99.993p100;2002;2.0254343;992;j
RS;bdiinc992j;p99.993p100;2003;2.0340648;992;j
RS;bdiinc992j;p99.993p100;2004;2.0404575;992;j
RS;bdiinc992j;p99.993p100;2005;2.0849423;992;j
RS;bdiinc992j;p99.993p100;2006;1.9835737;992;j
RS;bdiinc992j;p99.993p100;2007;1.8884183;992;j
RS;bdiinc992j;p99.993p100;2008;1.7914582;992;j
RS;bdiinc992j;p99.993p100;2009;1.9166574;992;j
RS;bdiinc992j;p99.993p100;2010;1.8551047;992;j
RS;bdiinc992j;p99.993p100;2011;1.8191231;992;j
RS;bdiinc992j;p99.993p100;2012;2.1247566;992;j
RS;bdiinc992j;p99.993p100;2013;1.920593;992;j
RS;bdiinc992j;p99.993p100;2014;2.5134268;992;j
RS;bdiinc992j;p99.993p100;2015;3.0441644;992;j
RS;bdiinc992j;p99.993p100;2016;3.0457821;992;j
RS;bdiinc992j;p99.993p100;2017;3.0485246;992;j
RS;bptinc992j;p29p100;1990;2.5981615;992;j
RS;bptinc992j;p29p100;1991;2.5975003;992;j
RS;bptinc992j;p29p100;1992;2.5993967;992;j
RS;bptinc992j;p29p100;1993;2.5944726;992;j
RS;bptinc992j;p29p100;1994;2.5973222;992;j
RS;bptinc992j;p29p100;1995;2.6009865;992;j
RS;bptinc992j;p29p100;1996;2.5975046;992;j
RS;bptinc992j;p29p100;1997;2.5947819;992;j
RS;bptinc992j;p29p100;1998;2.5492208;992;j
RS;bptinc992j;p29p100;1999;2.5882874;992;j
RS;bptinc992j;p29p100;2000;2.6288624;992;j
RS;bptinc992j;p29p100;2001;2.637629;992;j
RS;bptinc992j;p29p100;2002;2.754992;992;j
RS;bptinc992j;p29p100;2003;2.8170812;992;j
RS;bptinc992j;p29p100;2004;2.9408789;992;j
RS;bptinc992j;p29p100;2005;3.0568891;992;j
RS;bptinc992j;p29p100;2006;3.2148321;992;j
RS;bptinc992j;p29p100;2007;3.2580621;992;j
RS;bptinc992j;p29p100;2008;3.3760364;992;j
RS;bptinc992j;p29p100;2009;3.4645805;992;j
RS;bptinc992j;p29p100;2010;3.6555624;992;j
RS;bptinc992j;p29p100;2011;3.9315181;992;j
RS;bptinc992j;p29p100;2012;4.0113091;992;j
RS;bptinc992j;p29p100;2013;4.0334849;992;j
RS;bptinc992j;p29p100;2014;4.204792;992;j
RS;bptinc992j;p29p100;2015;3.8847971;992;j
RS;bptinc992j;p29p100;2016;3.8835299;992;j
RS;bptinc992j;p29p100;2017;3.8882415;992;j
RS;mcolgo999i;p0p100;1997;360167047168.0;999;i
RS;mcolgo999i;p0p100;1998;348687204352.0;999;i
RS;mcolgo999i;p0p100;1999;281824919552.0;999;i
RS;mcolgo999i;p0p100;2000;291900489728.0;999;i
RS;mcolgo999i;p0p100;2001;339368050688.0;999;i
RS;mcolgo999i;p0p100;2002;362166910976.0;999;i
RS;mcolgo999i;p0p100;2003;373346828288.0;999;i
RS;mcolgo999i;p0p100;2004;297399975936.0;999;i
RS;mcolgo999i;p0p100;2005;275316211712.0;999;i
RS;mcolgo999i;p0p100;2006;283491401728.0;999;i
RS;mcolgo999i;p0p100;2007;327291699200.0;999;i
RS;mcolgo999i;p0p100;2008;325253398528.0;999;i
RS;mcolgo999i;p0p100;2009;293144756224.0;999;i
RS;mcolgo999i;p0p100;2010;298743070720.0;999;i
RS;mcolgo999i;p0p100;2011;287462916096.0;999;i
RS;mnsmhn999i;p0p100;1997;524923076608.0;999;i
RS;mnsmhn999i;p0p100;1998;496413605888.0;999;i
RS;mnsmhn999i;p0p100;1999;531502694400.0;999;i
RS;mnsmhn999i;p0p100;2000;600096702464.0;999;i
RS;mnsmhn999i;p0p100;2001;599697784832.0;999;i
RS;mnsmhn999i;p0p100;2002;521678815232.0;999;i
RS;mnsmhn999i;p0p100;2003;494835695616.0;999;i
RS;mnsmhn999i;p0p100;2004;534646390784.0;999;i
RS;mnsmhn999i;p0p100;2005;574433656832.0;999;i
RS;mnsmhn999i;p0p100;2006;711755235328.0;999;i
RS;mnsmhn999i;p0p100;2007;743503429632.0;999;i
RS;mnsmhn999i;p0p100;2008;791514644480.0;999;i
RS;mnsmhn999i;p0p100;2009;776078163968.0;999;i
RS;mnsmhn999i;p0p100;2010;794227376128.0;999;i
RS;mnsmhn999i;p0p100;2011;865804156928.0;999;i
RS;mprpfc999i;p0p100;1997;86297886720.0;999;i
RS;mprpfc999i;p0p100;1998;87749640192.0;999;i
RS;mprpfc999i;p0p100;1999;38186668032.0;999;i
RS;mprpfc999i;p0p100;2000;35159175168.0;999;i
RS;mprpfc999i;p0p100;2001;21674258432.0;999;i
RS;mprpfc999i;p0p100;2002;27743225856.0;999;i
RS;mprpfc999i;p0p100;2003;29311645696.0;999;i
RS;mprpfc999i;p0p100;2004;20504096768.0;999;i
RS;mprpfc999i;p0p100;2005;31620792320.0;999;i
RS;mprpfc999i;p0p100;2006;34663698432.0;999;i
RS;mprpfc999i;p0p100;2007;-3704949248.0;999;i
RS;mprpfc999i;p0p100;2008;45220769792.0;999;i
RS;mprpfc999i;p0p100;2009;60894842880.0;999;i
RS;mprpfc999i;p0p100;2010;68053508096.0;999;i
RS;mprpfc999i;p0p100;2011;66664452096.0;999;i
RS;mtaxnx999i;p0p100;1997;3090676736.0;999;i
RS;mtaxnx999i;p0p100;1998;2485373696.0;999;i
RS;mtaxnx999i;p0p100;1999;747392512.0;999;i
RS;mtaxnx999i;p0p100;2000;734194304.0;999;i
RS;mtaxnx999i;p0p100;2001;972767488.0;999;i
RS;mtaxnx999i;p0p100;2002;-944428672.0;999;i
RS;mtaxnx999i;p0p100;2003;-1158895744.0;999;i
RS;mtaxnx999i;p0p100;2004;-1529087232.0;999;i
RS;mtaxnx999i;p0p100;2005;-1079846144.0;999;i
RS;mtaxnx999i;p0p100;2006;-1228189056.0;999;i
RS;mtaxnx999i;p0p100;2007;0.0;999;i
RS;mtaxnx999i;p0p100;2008;0.0;999;i
RS;mtaxnx999i;p0p100;2009;0.0;999;i
RS;mtaxnx999i;p0p100;2010;0.0;999;i
RS;mtaxnx999i;p0p100;2011;0.0;999;i
RS;mtaxnx999i;p0p100;2012;0.0;999;i
RS;mtaxnx999i;p0p100;2013;0.0;999;i
RS;mtaxnx999i;p0p100;2014;0.0;999;i
RS;mtaxnx999i;p0p100;2015;0.0;999;i
RS;mtaxnx999i;p0p100;2016;0.0;999;i
RS;mtaxnx999i;p0p100;2017;0.0;999;i
RS;mtaxnx999i;p0p100;2018;0.0;999;i
RS;npopul601f;p0p100;1950;124819.0;601;f
RS;npopul601f;p0p100;1951;122933.0;601;f
RS;npopul601f;p0p100;1952;118877.0;601;f
RS;npopul601f;p0p100;1953;114357.0;601;f
RS;npopul601f;p0p100;1954;112337.0;601;f
RS;npopul601f;p0p100;1955;114434.0;601;f
RS;npopul601f;p0p100;1956;119516.0;601;f
RS;npopul601f;p0p100;1957;128190.0;601;f
RS;npopul601f;p0p100;1958;138587.0;601;f
RS;npopul601f;p0p100;1959;147977.0;601;f
RS;npopul601f;p0p100;1960;154856.0;601;f
RS;npopul601f;p0p100;1961;159375.0;601;f
RS;npopul601f;p0p100;1962;161458.0;601;f
RS;npopul601f;p0p100;1963;162307.0;601;f
RS;npopul601f;p0p100;1964;163703.0;601;f
RS;npopul601f;p0p100;1965;166542.0;601;f
RS;npopul601f;p0p100;1966;169381.0;601;f
RS;npopul601f;p0p100;1967;173502.0;601;f
RS;npopul601f;p0p100;1968;177907.0;601;f
RS;npopul601f;p0p100;1969;181108.0;601;f
RS;npopul601f;p0p100;1970;182278.0;601;f
RS;npopul601f;p0p100;1971;181313.0;601;f
RS;npopul601f;p0p100;1972;179440.0;601;f
RS;npopul601f;p0p100;1973;176367.0;601;f
RS;npopul601f;p0p100;1974;171679.0;601;f
RS;npopul601f;p0p100;1975;165368.0;601;f
RS;npopul601f;p0p100;1976;156781.0;601;f
RS;npopul601f;p0p100;1977;146089.0;601;f
RS;npopul601f;p0p100;1978;136594.0;601;f
RS;npopul601f;p0p100;1979;133315.0;601;f
RS;npopul601f;p0p100;1980;139032.0;601;f
RS;npopul601f;p0p100;1981;152298.0;601;f
RS;npopul601f;p0p100;1982;174024.0;601;f
RS;npopul601f;p0p100;1983;200228.0;601;f
RS;npopul601f;p0p100;1984;224943.0;601;f
RS;npopul601f;p0p100;1985;244576.0;601;f
RS;npopul601f;p0p100;1986;258946.0;601;f
RS;npopul601f;p0p100;1987;268925.0;601;f
RS;npopul601f;p0p100;1988;275653.0;601;f
RS;npopul601f;p0p100;1989;281025.0;601;f
RS;npopul601f;p0p100;1990;286067.0;601;f
RS;npopul601f;p0p100;1991;289292.0;601;f
RS;npopul601f;p0p100;1992;291901.0;601;f
RS;npopul601f;p0p100;1993;293360.0;601;f
RS;npopul601f;p0p100;1994;293006.0;601;f
RS;npopul601f;p0p100;1995;290477.0;601;f
RS;npopul601f;p0p100;1996;286987.0;601;f
RS;npopul601f;p0p100;1997;282230.0;601;f
RS;npopul601f;p0p100;1998;276062.0;601;f
RS;npopul601f;p0p100;1999;211082.0;601;f
RS;npopul601f;p0p100;2000;205049.0;601;f
RS;npopul601f;p0p100;2001;196184.0;601;f
RS;npopul601f;p0p100;2002;185918.0;601;f
RS;npopul601f;p0p100;2003;176100.0;601;f
RS;npopul601f;p0p100;2004;171075.0;601;f
RS;npopul601f;p0p100;2005;172947.0;601;f
RS;npopul601f;p0p100;2006;180545.0;601;f
RS;npopul601f;p0p100;2007;194371.0;601;f
RS;npopul601f;p0p100;2008;211722.0;601;f
RS;npopul601f;p0p100;2009;228723.0;601;f
RS;npopul601f;p0p100;2010;242899.0;601;f
RS;npopul601f;p0p100;2011;253716.0;601;f
RS;npopul601f;p0p100;2012;263363.0;601;f
RS;npopul601f;p0p100;2013;270498.0;601;f
RS;npopul601f;p0p100;2014;274260.0;601;f
RS;npopul601f;p0p100;2015;274125.0;601;f
RS;npopul601f;p0p100;2016;268517.0;601;f
RS;npopul601f;p0p100;2017;259597.0;601;f
RS;npopul601f;p0p100;2018;248482.0;601;f
RS;npopul601f;p0p100;2019;238199.0;601;f
RS;npopul997f;p0p100;1950;305698.0;997;f
RS;npopul997f;p0p100;1951;304943.0;997;f
RS;npopul997f;p0p100;1952;304955.0;997;f
RS;npopul997f;p0p100;1953;304383.0;997;f
RS;npopul997f;p0p100;1954;302224.0;997;f
RS;npopul997f;p0p100;1955;298206.0;997;f
RS;npopul997f;p0p100;1956;297767.0;997;f
RS;npopul997f;p0p100;1957;295526.0;997;f
RS;npopul997f;p0p100;1958;292624.0;997;f
RS;npopul997f;p0p100;1959;290608.0;997;f
RS;npopul997f;p0p100;1960;290369.0;997;f
RS;npopul997f;p0p100;1961;296966.0;997;f
RS;npopul997f;p0p100;1962;304365.0;997;f
RS;npopul997f;p0p100;1963;312322.0;997;f
RS;npopul997f;p0p100;1964;320361.0;997;f
RS;npopul997f;p0p100;1965;328147.0;997;f
RS;npopul997f;p0p100;1966;337762.0;997;f
RS;npopul997f;p0p100;1967;347238.0;997;f
RS;npopul997f;p0p100;1968;356816.0;997;f
RS;npopul997f;p0p100;1969;366746.0;997;f
RS;npopul997f;p0p100;1970;377174.0;997;f
RS;npopul997f;p0p100;1971;389298.0;997;f
RS;npopul997f;p0p100;1972;401519.0;997;f
RS;npopul997f;p0p100;1973;413424.0;997;f
RS;npopul997f;p0p100;1974;424493.0;997;f
RS;npopul997f;p0p100;1975;434359.0;997;f
RS;npopul997f;p0p100;1976;443371.0;997;f
RS;npopul997f;p0p100;1977;451612.0;997;f
RS;npopul997f;p0p100;1978;458400.0;997;f
RS;npopul997f;p0p100;1979;462588.0;997;f
RS;npopul997f;p0p100;1980;463731.0;997;f
RS;npopul997f;p0p100;1981;462277.0;997;f
RS;npopul997f;p0p100;1982;457763.0;997;f
RS;npopul997f;p0p100;1983;452779.0;997;f
RS;npopul997f;p0p100;1984;451029.0;997;f
RS;npopul997f;p0p100;1985;454709.0;997;f
RS;npopul997f;p0p100;1986;464841.0;997;f
RS;npopul997f;p0p100;1987;479212.0;997;f
RS;npopul997f;p0p100;1988;497046.0;997;f
RS;npopul997f;p0p100;1989;517087.0;997;f
RS;npopul997f;p0p100;1990;538584.0;997;f
RS;npopul997f;p0p100;1991;562485.0;997;f
RS;npopul997f;p0p100;1992;588094.0;997;f
RS;npopul997f;p0p100;1993;614187.0;997;f
RS;npopul997f;p0p100;1994;638869.0;997;f
RS;npopul997f;p0p100;1995;660676.0;997;f
RS;npopul997f;p0p100;1996;684513.0;997;f
RS;npopul997f;p0p100;1997;703958.0;997;f
RS;npopul997f;p0p100;1998;719898.0;997;f
RS;npopul997f;p0p100;1999;577588.0;997;f
RS;npopul997f;p0p100;2000;591921.0;997;f
RS;npopul997f;p0p100;2001;601560.0;997;f
RS;npopul997f;p0p100;2002;610693.0;997;f
RS;npopul997f;p0p100;2003;616865.0;997;f
RS;npopul997f;p0p100;2004;620674.0;997;f
RS;npopul997f;p0p100;2005;621143.0;997;f
RS;npopul997f;p0p100;2006;621726.0;997;f
RS;npopul997f;p0p100;2007;619643.0;997;f
RS;npopul997f;p0p100;2008;616776.0;997;f
RS;npopul997f;p0p100;2009;616273.0;997;f
RS;npopul997f;p0p100;2010;619746.0;997;f
RS;npopul997f;p0p100;2011;626055.0;997;f
RS;npopul997f;p0p100;2012;637541.0;997;f
RS;npopul997f;p0p100;2013;651913.0;997;f
RS;npopul997f;p0p100;2014;668186.0;997;f
RS;npopul997f;p0p100;2015;685485.0;997;f
RS;npopul997f;p0p100;2016;699992.0;997;f
RS;npopul997f;p0p100;2017;716889.0;997;f
RS;npopul997f;p0p100;2018;733022.0;997;f
RS;npopul997f;p0p100;2019;747025.0;997;f
RS;scainc992j;p40p50;1990;0.076099999;992;j
RS;scainc992j;p40p50;1991;0.076499999;992;j
RS;scainc992j;p40p50;1992;0.076800004;992;j
RS;scainc992j;p40p50;1993;0.077;992;j
RS;scainc992j;p40p50;1994;0.077200003;992;j
RS;scainc992j;p40p50;1995;0.077399999;992;j
RS;scainc992j;p40p50;1996;0.077699997;992;j
RS;scainc992j;p40p50;1997;0.078000002;992;j
RS;scainc992j;p40p50;1998;0.075800002;992;j
RS;scainc992j;p40p50;1999;0.075400002;992;j
RS;scainc992j;p40p50;2000;0.074900001;992;j
RS;scainc992j;p40p50;2001;0.074600004;992;j
RS;scainc992j;p40p50;2002;0.073899999;992;j
RS;scainc992j;p40p50;2003;0.073399998;992;j
RS;scainc992j;p40p50;2004;0.0726;992;j
RS;scainc992j;p40p50;2005;0.071199998;992;j
RS;scainc992j;p40p50;2006;0.0704;992;j
RS;scainc992j;p40p50;2007;0.070299998;992;j
RS;scainc992j;p40p50;2008;0.069700003;992;j
RS;scainc992j;p40p50;2009;0.068999998;992;j
RS;scainc992j;p40p50;2010;0.067299999;992;j
RS;scainc992j;p40p50;2011;0.066200003;992;j
RS;scainc992j;p40p50;2012;0.064900003;992;j
RS;scainc992j;p40p50;2013;0.064900003;992;j
RS;scainc992j;p40p50;2014;0.064099997;992;j
RS;scainc992j;p40p50;2015;0.063100003;992;j
RS;scainc992j;p40p50;2016;0.063100003;992;j
RS;scainc992j;p40p50;2017;0.063100003;992;j
RS;scainc992j;p64p100;1990;0.64090002;992;j
RS;scainc992j;p64p100;1991;0.63889998;992;j
RS;scainc992j;p64p100;1992;0.63690001;992;j
RS;scainc992j;p64p100;1993;0.63529998;992;j
RS;scainc992j;p64p100;1994;0.6336;992;j
RS;scainc992j;p64p100;1995;0.63190001;992;j
RS;scainc992j;p64p100;1996;0.62959999;992;j
RS;scainc992j;p64p100;1997;0.62739998;992;j
RS;scainc992j;p64p100;1998;0.62720001;992;j
RS;scainc992j;p64p100;1999;0.62879997;992;j
RS;scainc992j;p64p100;2000;0.63319999;992;j
RS;scainc992j;p64p100;2001;0.63550001;992;j
RS;scainc992j;p64p100;2002;0.64670002;992;j
RS;scainc992j;p64p100;2003;0.64999998;992;j
RS;scainc992j;p64p100;2004;0.6609;992;j
RS;scainc992j;p64p100;2005;0.66769999;992;j
RS;scainc992j;p64p100;2006;0.6767;992;j
RS;scainc992j;p64p100;2007;0.6796;992;j
RS;scainc992j;p64p100;2008;0.68419999;992;j
RS;scainc992j;p64p100;2009;0.68970001;992;j
RS;scainc992j;p64p100;2010;0.70169997;992;j
RS;scainc992j;p64p100;2011;0.71179998;992;j
RS;scainc992j;p64p100;2012;0.71619999;992;j
RS;scainc992j;p64p100;2013;0.71890002;992;j
RS;scainc992j;p64p100;2014;0.70190001;992;j
RS;scainc992j;p64p100;2015;0.7209;992;j
RS;scainc992j;p64p100;2016;0.72079998;992;j
RS;scainc992j;p64p100;2017;0.7209;992;j
RS;scainc992j;p70p80;1990;0.13;992;j
RS;scainc992j;p70p80;1991;0.12980001;992;j
RS;scainc992j;p70p80;1992;0.1296;992;j
RS;scainc992j;p70p80;1993;0.1293;992;j
RS;scainc992j;p70p80;1994;0.12909999;992;j
RS;scainc992j;p70p80;1995;0.1288;992;j
RS;scainc992j;p70p80;1996;0.1287;992;j
RS;scainc992j;p70p80;1997;0.1286;992;j
RS;scainc992j;p70p80;1998;0.12710001;992;j
RS;scainc992j;p70p80;1999;0.12540001;992;j
RS;scainc992j;p70p80;2000;0.1242;992;j
RS;scainc992j;p70p80;2001;0.1231;992;j
RS;scainc992j;p70p80;2002;0.1246;992;j
RS;scainc992j;p70p80;2003;0.1249;992;j
RS;scainc992j;p70p80;2004;0.12620001;992;j
RS;scainc992j;p70p80;2005;0.1257;992;j
RS;scainc992j;p70p80;2006;0.1259;992;j
RS;scainc992j;p70p80;2007;0.12729999;992;j
RS;scainc992j;p70p80;2008;0.12809999;992;j
RS;scainc992j;p70p80;2009;0.1274;992;j
RS;scainc992j;p70p80;2010;0.1276;992;j
RS;scainc992j;p70p80;2011;0.1275;992;j
RS;scainc992j;p70p80;2012;0.12720001;992;j
RS;scainc992j;p70p80;2013;0.13070001;992;j
RS;scainc992j;p70p80;2014;0.1236;992;j
RS;scainc992j;p70p80;2015;0.1199;992;j
RS;scainc992j;p70p80;2016;0.1199;992;j
RS;scainc992j;p70p80;2017;0.1199;992;j
RS;scainc992j;p99.97p99.98;1990;0.0024999999;992;j
RS;scainc992j;p99.97p99.98;1991;0.0024000001;992;j
RS;scainc992j;p99.97p99.98;1992;0.0023000001;992;j
RS;scainc992j;p99.97p99.98;1993;0.0023000001;992;j
RS;scainc992j;p99.97p99.98;1994;0.0022;992;j
RS;scainc992j;p99.97p99.98;1995;0.0022;992;j
RS;scainc992j;p99.97p99.98;1996;0.0020999999;992;j
RS;scainc992j;p99.97p99.98;1997;0.0020999999;992;j
RS;scainc992j;p99.97p99.98;1998;0.0022;992;j
RS;scainc992j;p99.97p99.98;1999;0.0024000001;992;j
RS;scainc992j;p99.97p99.98;2000;0.0026;992;j
RS;scainc992j;p99.97p99.98;2001;0.0029;992;j
RS;scainc992j;p99.97p99.98;2002;0.0027999999;992;j
RS;scainc992j;p99.97p99.98;2003;0.0027999999;992;j
RS;scainc992j;p99.97p99.98;2004;0.0027999999;992;j
RS;scainc992j;p99.97p99.98;2005;0.003;992;j
RS;scainc992j;p99.97p99.98;2006;0.0029;992;j
RS;scainc992j;p99.97p99.98;2007;0.0027000001;992;j
RS;scainc992j;p99.97p99.98;2008;0.0026;992;j
RS;scainc992j;p99.97p99.98;2009;0.0029;992;j
RS;scainc992j;p99.97p99.98;2010;0.0029;992;j
RS;scainc992j;p99.97p99.98;2011;0.0029;992;j
RS;scainc992j;p99.97p99.98;2012;0.0037;992;j
RS;scainc992j;p99.97p99.98;2013;0.0031000001;992;j
RS;scainc992j;p99.97p99.98;2014;0.0044;992;j
RS;scainc992j;p99.97p99.98;2015;0.0057999999;992;j
RS;scainc992j;p99.97p99.98;2016;0.0057999999;992;j
RS;scainc992j;p99.97p99.98;2017;0.0057999999;992;j
RS;sdiinc992j;p0p90;1990;0.72689998;992;j
RS;sdiinc992j;p0p90;1991;0.72820002;992;j
RS;sdiinc992j;p0p90;1992;0.72909999;992;j
RS;sdiinc992j;p0p90;1993;0.7295;992;j
RS;sdiinc992j;p0p90;1994;0.7299;992;j
RS;sdiinc992j;p0p90;1995;0.73030001;992;j
RS;sdiinc992j;p0p90;1996;0.7317;992;j
RS;sdiinc992j;p0p90;1997;0.7335;992;j
RS;sdiinc992j;p0p90;1998;0.72829998;992;j
RS;sdiinc992j;p0p90;1999;0.72100002;992;j
RS;sdiinc992j;p0p90;2000;0.71499997;992;j
RS;sdiinc992j;p0p90;2001;0.7105;992;j
RS;sdiinc992j;p0p90;2002;0.7062;992;j
RS;sdiinc992j;p0p90;2003;0.70539999;992;j
RS;sdiinc992j;p0p90;2004;0.69950002;992;j
RS;sdiinc992j;p0p90;2005;0.69279999;992;j
RS;sdiinc992j;p0p90;2006;0.68650001;992;j
RS;sdiinc992j;p0p90;2007;0.68959999;992;j
RS;sdiinc992j;p0p90;2008;0.68790001;992;j
RS;sdiinc992j;p0p90;2009;0.68159997;992;j
RS;sdiinc992j;p0p90;2010;0.6728;992;j
RS;sdiinc992j;p0p90;2011;0.66420001;992;j
RS;sdiinc992j;p0p90;2012;0.6591;992;j
RS;sdiinc992j;p0p90;2013;0.66439998;992;j
RS;sdiinc992j;p0p90;2014;0.66119999;992;j
RS;sdiinc992j;p0p90;2015;0.6358;992;j
RS;sdiinc992j;p0p90;2016;0.63239998;992;j
RS;sdiinc992j;p0p90;2017;0.63190001;992;j
RS;sdiinc992j;p67p68;1990;0.0112;992;j
RS;sdiinc992j;p67p68;1991;0.0112;992;j
RS;sdiinc992j;p67p68;1992;0.0112;992;j
RS;sdiinc992j;p67p68;1993;0.0112;992;j
RS;sdiinc992j;p67p68;1994;0.0112;992;j
RS;sdiinc992j;p67p68;1995;0.0111;992;j
RS;sdiinc992j;p67p68;1996;0.0111;992;j
RS;sdiinc992j;p67p68;1997;0.0111;992;j
RS;sdiinc992j;p67p68;1998;0.0111;992;j
RS;sdiinc992j;p67p68;1999;0.011;992;j
RS;sdiinc992j;p67p68;2000;0.0108;992;j
RS;sdiinc992j;p67p68;2001;0.0107;992;j
RS;sdiinc992j;p67p68;2002;0.0108;992;j
RS;sdiinc992j;p67p68;2003;0.0108;992;j
RS;sdiinc992j;p67p68;2004;0.0109;992;j
RS;sdiinc992j;p67p68;2005;0.0108;992;j
RS;sdiinc992j;p67p68;2006;0.0108;992;j
RS;sdiinc992j;p67p68;2007;0.0109;992;j
RS;sdiinc992j;p67p68;2008;0.0109;992;j
RS;sdiinc992j;p67p68;2009;0.0108;992;j
RS;sdiinc992j;p67p68;2010;0.0108;992;j
RS;sdiinc992j;p67p68;2011;0.0108;992;j
RS;sdiinc992j;p67p68;2012;0.0107;992;j
RS;sdiinc992j;p67p68;2013;0.011;992;j
RS;sdiinc992j;p67p68;2014;0.0105;992;j
RS;sdiinc992j;p67p68;2015;0.0102;992;j
RS;sdiinc992j;p67p68;2016;0.0102;992;j
RS;sdiinc992j;p67p68;2017;0.0102;992;j
RS;sdiinc992j;p74p100;1990;0.50620002;992;j
RS;sdiinc992j;p74p100;1991;0.50419998;992;j
RS;sdiinc992j;p74p100;1992;0.50260001;992;j
RS;sdiinc992j;p74p100;1993;0.50129998;992;j
RS;sdiinc992j;p74p100;1994;0.5;992;j
RS;sdiinc992j;p74p100;1995;0.49869999;992;j
RS;sdiinc992j;p74p100;1996;0.49669999;992;j
RS;sdiinc992j;p74p100;1997;0.49419999;992;j
RS;sdiinc992j;p74p100;1998;0.49790001;992;j
RS;sdiinc992j;p74p100;1999;0.50349998;992;j
RS;sdiinc992j;p74p100;2000;0.50690001;992;j
RS;sdiinc992j;p74p100;2001;0.50919998;992;j
RS;sdiinc992j;p74p100;2002;0.51609999;992;j
RS;sdiinc992j;p74p100;2003;0.51899999;992;j
RS;sdiinc992j;p74p100;2004;0.52859998;992;j
RS;sdiinc992j;p74p100;2005;0.53619999;992;j
RS;sdiinc992j;p74p100;2006;0.5442;992;j
RS;sdiinc992j;p74p100;2007;0.5438;992;j
RS;sdiinc992j;p74p100;2008;0.54720002;992;j
RS;sdiinc992j;p74p100;2009;0.55379999;992;j
RS;sdiinc992j;p74p100;2010;0.56449997;992;j
RS;sdiinc992j;p74p100;2011;0.57550001;992;j
RS;sdiinc992j;p74p100;2012;0.57889998;992;j
RS;sdiinc992j;p74p100;2013;0.57889998;992;j
RS;sdiinc992j;p74p100;2014;0.56760001;992;j
RS;sdiinc992j;p74p100;2015;0.588;992;j
RS;sdiinc992j;p74p100;2016;0.59219998;992;j
RS;sdiinc992j;p74p100;2017;0.59280002;992;j
RS;sdiinc992j;p95p100;1990;0.1796;992;j
RS;sdiinc992j;p95p100;1991;0.17829999;992;j
RS;sdiinc992j;p95p100;1992;0.17730001;992;j
RS;sdiinc992j;p95p100;1993;0.1772;992;j
RS;sdiinc992j;p95p100;1994;0.1768;992;j
RS;sdiinc992j;p95p100;1995;0.17659999;992;j
RS;sdiinc992j;p95p100;1996;0.1754;992;j
RS;sdiinc992j;p95p100;1997;0.17389999;992;j
RS;sdiinc992j;p95p100;1998;0.17820001;992;j
RS;sdiinc992j;p95p100;1999;0.1855;992;j
RS;sdiinc992j;p95p100;2000;0.1918;992;j
RS;sdiinc992j;p95p100;2001;0.1965;992;j
RS;sdiinc992j;p95p100;2002;0.1996;992;j
RS;sdiinc992j;p95p100;2003;0.1991;992;j
RS;sdiinc992j;p95p100;2004;0.2026;992;j
RS;sdiinc992j;p95p100;2005;0.2079;992;j
RS;sdiinc992j;p95p100;2006;0.2124;992;j
RS;sdiinc992j;p95p100;2007;0.2086;992;j
RS;sdiinc992j;p95p100;2008;0.20919999;992;j
RS;sdiinc992j;p95p100;2009;0.2154;992;j
RS;sdiinc992j;p95p100;2010;0.2212;992;j
RS;sdiinc992j;p95p100;2011;0.2272;992;j
RS;sdiinc992j;p95p100;2012;0.236;992;j
RS;sdiinc992j;p95p100;2013;0.2289;992;j
RS;sdiinc992j;p95p100;2014;0.2386;992;j
RS;sdiinc992j;p95p100;2015;0.2658;992;j
RS;sdiinc992j;p95p100;2016;0.26859999;992;j
RS;sdiinc992j;p95p100;2017;0.26899999;992;j
RS;sptinc992j;p79p100;1990;0.47330001;992;j
RS;sptinc992j;p79p100;1991;0.47499999;992;j
RS;sptinc992j;p79p100;1992;0.47659999;992;j
RS;sptinc992j;p79p100;1993;0.47830001;992;j
RS;sptinc992j;p79p100;1994;0.47999999;992;j
RS;sptinc992j;p79p100;1995;0.4817;992;j
RS;sptinc992j;p79p100;1996;0.48280001;992;j
RS;sptinc992j;p79p100;1997;0.48379999;992;j
RS;sptinc992j;p79p100;1998;0.4844;992;j
RS;sptinc992j;p79p100;1999;0.48719999;992;j
RS;sptinc992j;p79p100;2000;0.49419999;992;j
RS;sptinc992j;p79p100;2001;0.4971;992;j
RS;sptinc992j;p79p100;2002;0.50440001;992;j
RS;sptinc992j;p79p100;2003;0.50840002;992;j
RS;sptinc992j;p79p100;2004;0.51859999;992;j
RS;sptinc992j;p79p100;2005;0.5273;992;j
RS;sptinc992j;p79p100;2006;0.53259999;992;j
RS;sptinc992j;p79p100;2007;0.53049999;992;j
RS;sptinc992j;p79p100;2008;0.53609997;992;j
RS;sptinc992j;p79p100;2009;0.54089999;992;j
RS;sptinc992j;p79p100;2010;0.55180001;992;j
RS;sptinc992j;p79p100;2011;0.56269997;992;j
RS;sptinc992j;p79p100;2012;0.56169999;992;j
RS;sptinc992j;p79p100;2013;0.55849999;992;j
RS;sptinc992j;p79p100;2014;0.57139999;992;j
RS;sptinc992j;p79p100;2015;0.56410003;992;j
RS;sptinc992j;p79p100;2016;0.56419998;992;j
RS;sptinc992j;p79p100;2017;0.56449997;992;j
RS;tcainc992j;p65p100;1990;562506.81;992;j
RS;tcainc992j;p65p100;1991;487495.0;992;j
RS;tcainc992j;p65p100;1992;333062.0;992;j
RS;tcainc992j;p65p100;1993;215187.7;992;j
RS;tcainc992j;p65p100;1994;221125.91;992;j
RS;tcainc992j;p65p100;1995;233012.2;992;j
RS;tcainc992j;p65p100;1996;234571.0;992;j
RS;tcainc992j;p65p100;1997;247253.5;992;j
RS;tcainc992j;p65p100;1998;270191.69;992;j
RS;tcainc992j;p65p100;1999;305057.5;992;j
RS;tcainc992j;p65p100;2000;325570.09;992;j
RS;tcainc992j;p65p100;2001;315871.81;992;j
RS;tcainc992j;p65p100;2002;332707.41;992;j
RS;tcainc992j;p65p100;2003;351019.41;992;j
RS;tcainc992j;p65p100;2004;420704.69;992;j
RS;tcainc992j;p65p100;2005;472733.69;992;j
RS;tcainc992j;p65p100;2006;498852.5;992;j
RS;tcainc992j;p65p100;2007;503183.5;992;j
RS;tcainc992j;p65p100;2008;539861.38;992;j
RS;tcainc992j;p65p100;2009;528016.5;992;j
RS;tcainc992j;p65p100;2010;527200.38;992;j
RS;tcainc992j;p65p100;2011;529561.81;992;j
RS;tcainc992j;p65p100;2012;525403.31;992;j
RS;tcainc992j;p65p100;2013;547562.19;992;j
RS;tcainc992j;p65p100;2014;520621.91;992;j
RS;tcainc992j;p65p100;2015;507399.5;992;j
RS;tcainc992j;p65p100;2016;526238.63;992;j
RS;tcainc992j;p65p100;2017;526476.13;992;j
RS;tcainc992j;p70p71;1990;606857.31;992;j
RS;tcainc992j;p70p71;1991;528262.13;992;j
RS;tcainc992j;p70p71;1992;361077.19;992;j
RS;tcainc992j;p70p71;1993;233876.5;992;j
RS;tcainc992j;p70p71;1994;240492.09;992;j
RS;tcainc992j;p70p71;1995;253520.8;992;j
RS;tcainc992j;p70p71;1996;255728.5;992;j
RS;tcainc992j;p70p71;1997;269950.81;992;j
RS;tcainc992j;p70p71;1998;293798.41;992;j
RS;tcainc992j;p70p71;1999;329875.09;992;j
RS;tcainc992j;p70p71;2000;354048.19;992;j
RS;tcainc992j;p70p71;2001;341539.0;992;j
RS;tcainc992j;p70p71;2002;359407.59;992;j
RS;tcainc992j;p70p71;2003;380320.41;992;j
RS;tcainc992j;p70p71;2004;456562.69;992;j
RS;tcainc992j;p70p71;2005;517173.59;992;j
RS;tcainc992j;p70p71;2006;545353.81;992;j
RS;tcainc992j;p70p71;2007;549500.0;992;j
RS;tcainc992j;p70p71;2008;593200.0;992;j
RS;tcainc992j;p70p71;2009;580036.81;992;j
RS;tcainc992j;p70p71;2010;583884.88;992;j
RS;tcainc992j;p70p71;2011;587873.38;992;j
RS;tcainc992j;p70p71;2012;583942.81;992;j
RS;tcainc992j;p70p71;2013;613878.38;992;j
RS;tcainc992j;p70p71;2014;575535.19;992;j
RS;tcainc992j;p70p71;2015;558723.31;992;j
RS;tcainc992j;p70p71;2016;579297.88;992;j
RS;tcainc992j;p70p71;2017;579742.63;992;j
RS;tcainc992j;p89p100;1990;891080.13;992;j
RS;tcainc992j;p89p100;1991;770770.81;992;j
RS;tcainc992j;p89p100;1992;525943.31;992;j
RS;tcainc992j;p89p100;1993;338536.5;992;j
RS;tcainc992j;p89p100;1994;346890.0;992;j
RS;tcainc992j;p89p100;1995;363771.19;992;j
RS;tcainc992j;p89p100;1996;364881.5;992;j
RS;tcainc992j;p89p100;1997;382860.69;992;j
RS;tcainc992j;p89p100;1998;420580.09;992;j
RS;tcainc992j;p89p100;1999;475720.31;992;j
RS;tcainc992j;p89p100;2000;511172.19;992;j
RS;tcainc992j;p89p100;2001;495158.41;992;j
RS;tcainc992j;p89p100;2002;523123.59;992;j
RS;tcainc992j;p89p100;2003;564412.5;992;j
RS;tcainc992j;p89p100;2004;695024.13;992;j
RS;tcainc992j;p89p100;2005;801423.19;992;j
RS;tcainc992j;p89p100;2006;853738.19;992;j
RS;tcainc992j;p89p100;2007;865163.38;992;j
RS;tcainc992j;p89p100;2008;933571.69;992;j
RS;tcainc992j;p89p100;2009;926264.69;992;j
RS;tcainc992j;p89p100;2010;948467.31;992;j
RS;tcainc992j;p89p100;2011;974408.63;992;j
RS;tcainc992j;p89p100;2012;953820.31;992;j
RS;tcainc992j;p89p100;2013;992706.5;992;j
RS;tcainc992j;p89p100;2014;920845.38;992;j
RS;tcainc992j;p89p100;2015;901770.38;992;j
RS;tcainc992j;p89p100;2016;935328.5;992;j
RS;tcainc992j;p89p100;2017;936176.81;992;j
RS;tcainc992j;p96p97;1990;1221948.5;992;j
RS;tcainc992j;p96p97;1991;1061734.9;992;j
RS;tcainc992j;p96p97;1992;729410.13;992;j
RS;tcainc992j;p96p97;1993;474061.91;992;j
RS;tcainc992j;p96p97;1994;488498.5;992;j
RS;tcainc992j;p96p97;1995;515720.5;992;j
RS;tcainc992j;p96p97;1996;518857.31;992;j
RS;tcainc992j;p96p97;1997;546463.63;992;j
RS;tcainc992j;p96p97;1998;602667.13;992;j
RS;tcainc992j;p96p97;1999;687668.38;992;j
RS;tcainc992j;p96p97;2000;759393.88;992;j
RS;tcainc992j;p96p97;2001;740562.31;992;j
RS;tcainc992j;p96p97;2002;795899.31;992;j
RS;tcainc992j;p96p97;2003;844412.38;992;j
RS;tcainc992j;p96p97;2004;1031165.1;992;j
RS;tcainc992j;p96p97;2005;1191711.3;992;j
RS;tcainc992j;p96p97;2006;1295160.5;992;j
RS;tcainc992j;p96p97;2007;1307739.9;992;j
RS;tcainc992j;p96p97;2008;1427735.3;992;j
RS;tcainc992j;p96p97;2009;1410360.4;992;j
RS;tcainc992j;p96p97;2010;1468429.0;992;j
RS;tcainc992j;p96p97;2011;1525044.9;992;j
RS;tcainc992j;p96p97;2012;1470897.0;992;j
RS;tcainc992j;p96p97;2013;1533778.3;992;j
RS;tcainc992j;p96p97;2014;1392437.4;992;j
RS;tcainc992j;p96p97;2015;1388815.5;992;j
RS;tcainc992j;p96p97;2016;1440332.9;992;j
RS;tcainc992j;p96p97;2017;1441662.0;992;j
RS;tcainc992j;p99.96p100;1990;10024155.0;992;j
RS;tcainc992j;p99.96p100;1991;8456369.0;992;j
RS;tcainc992j;p99.96p100;1992;5598913.0;992;j
RS;tcainc992j;p99.96p100;1993;3564960.0;992;j
RS;tcainc992j;p99.96p100;1994;3620081.0;992;j
RS;tcainc992j;p99.96p100;1995;3776522.3;992;j
RS;tcainc992j;p99.96p100;1996;3719770.3;992;j
RS;tcainc992j;p99.96p100;1997;3829692.8;992;j
RS;tcainc992j;p99.96p100;1998;4367256.5;992;j
RS;tcainc992j;p99.96p100;1999;5545746.5;992;j
RS;tcainc992j;p99.96p100;2000;6432995.5;992;j
RS;tcainc992j;p99.96p100;2001;6779691.5;992;j
RS;tcainc992j;p99.96p100;2002;7076558.0;992;j
RS;tcainc992j;p99.96p100;2003;7377883.5;992;j
RS;tcainc992j;p99.96p100;2004;8936749.0;992;j
RS;tcainc992j;p99.96p100;2005;10677168.0;992;j
RS;tcainc992j;p99.96p100;2006;11153179.0;992;j
RS;tcainc992j;p99.96p100;2007;10401653.0;992;j
RS;tcainc992j;p99.96p100;2008;10646573.0;992;j
RS;tcainc992j;p99.96p100;2009;11687565.0;992;j
RS;tcainc992j;p99.96p100;2010;11755177.0;992;j
RS;tcainc992j;p99.96p100;2011;11973179.0;992;j
RS;tcainc992j;p99.96p100;2012;14699480.0;992;j
RS;tcainc992j;p99.96p100;2013;13156084.0;992;j
RS;tcainc992j;p99.96p100;2014;16958776.0;992;j
RS;tcainc992j;p99.96p100;2015;21832996.0;992;j
RS;tcainc992j;p99.96p100;2016;22650026.0;992;j
RS;tcainc992j;p99.96p100;2017;22688308.0;992;j
RS;tdiinc992j;p66p100;1990;807282.13;992;j
RS;tdiinc992j;p66p100;1991;699411.31;992;j
RS;tdiinc992j;p66p100;1992;478567.09;992;j
RS;tdiinc992j;p66p100;1993;309601.81;992;j
RS;tdiinc992j;p66p100;1994;318054.19;992;j
RS;tdiinc992j;p66p100;1995;334825.91;992;j
RS;tdiinc992j;p66p100;1996;337230.81;992;j
RS;tdiinc992j;p66p100;1997;357113.31;992;j
RS;tdiinc992j;p66p100;1998;374149.19;992;j
RS;tdiinc992j;p66p100;1999;406110.5;992;j
RS;tdiinc992j;p66p100;2000;439423.59;992;j
RS;tdiinc992j;p66p100;2001;436843.31;992;j
RS;tdiinc992j;p66p100;2002;473839.31;992;j
RS;tdiinc992j;p66p100;2003;498022.81;992;j
RS;tdiinc992j;p66p100;2004;561339.81;992;j
RS;tdiinc992j;p66p100;2005;619542.63;992;j
RS;tdiinc992j;p66p100;2006;655968.81;992;j
RS;tdiinc992j;p66p100;2007;680343.38;992;j
RS;tdiinc992j;p66p100;2008;726408.88;992;j
RS;tdiinc992j;p66p100;2009;707850.0;992;j
RS;tdiinc992j;p66p100;2010;705836.31;992;j
RS;tdiinc992j;p66p100;2011;706123.38;992;j
RS;tdiinc992j;p66p100;2012;701544.69;992;j
RS;tdiinc992j;p66p100;2013;731439.13;992;j
RS;tdiinc992j;p66p100;2014;693232.88;992;j
RS;tdiinc992j;p66p100;2015;675807.19;992;j
RS;tdiinc992j;p66p100;2016;696615.69;992;j
RS;tdiinc992j;p66p100;2017;700738.13;992;j
RS;tdiinc992j;p86p100;1990;1139104.3;992;j
RS;tdiinc992j;p86p100;1991;985611.81;992;j
RS;tdiinc992j;p86p100;1992;672794.63;992;j
RS;tdiinc992j;p86p100;1993;435193.0;992;j
RS;tdiinc992j;p86p100;1994;445745.31;992;j
RS;tdiinc992j;p86p100;1995;468300.91;992;j
RS;tdiinc992j;p86p100;1996;470553.69;992;j
RS;tdiinc992j;p86p100;1997;496612.0;992;j
RS;tdiinc992j;p86p100;1998;521071.81;992;j
RS;tdiinc992j;p86p100;1999;566414.81;992;j
RS;tdiinc992j;p86p100;2000;613420.0;992;j
RS;tdiinc992j;p86p100;2001;604529.63;992;j
RS;tdiinc992j;p86p100;2002;656299.88;992;j
RS;tdiinc992j;p86p100;2003;702581.0;992;j
RS;tdiinc992j;p86p100;2004;805456.81;992;j
RS;tdiinc992j;p86p100;2005;903587.0;992;j
RS;tdiinc992j;p86p100;2006;971218.0;992;j
RS;tdiinc992j;p86p100;2007;1019759.9;992;j
RS;tdiinc992j;p86p100;2008;1093737.6;992;j
RS;tdiinc992j;p86p100;2009;1079425.1;992;j
RS;tdiinc992j;p86p100;2010;1090141.5;992;j
RS;tdiinc992j;p86p100;2011;1108125.1;992;j
RS;tdiinc992j;p86p100;2012;1100490.4;992;j
RS;tdiinc992j;p86p100;2013;1144943.3;992;j
RS;tdiinc992j;p86p100;2014;1053665.9;992;j
RS;tdiinc992j;p86p100;2015;1042829.8;992;j
RS;tdiinc992j;p86p100;2016;1079822.9;992;j
RS;tdiinc992j;p86p100;2017;1086528.3;992;j
RS;tdiinc992j;p94p100;1990;1458835.5;992;j
RS;tdiinc992j;p94p100;1991;1266864.4;992;j
RS;tdiinc992j;p94p100;1992;868639.88;992;j
RS;tdiinc992j;p94p100;1993;563124.0;992;j
RS;tdiinc992j;p94p100;1994;579451.19;992;j
RS;tdiinc992j;p94p100;1995;610882.13;992;j
RS;tdiinc992j;p94p100;1996;614692.81;992;j
RS;tdiinc992j;p94p100;1997;649933.63;992;j
RS;tdiinc992j;p94p100;1998;690147.13;992;j
RS;tdiinc992j;p94p100;1999;756824.88;992;j
RS;tdiinc992j;p94p100;2000;833880.0;992;j
RS;tdiinc992j;p94p100;2001;830540.63;992;j
RS;tdiinc992j;p94p100;2002;908381.19;992;j
RS;tdiinc992j;p94p100;2003;964981.88;992;j
RS;tdiinc992j;p94p100;2004;1112213.1;992;j
RS;tdiinc992j;p94p100;2005;1258342.3;992;j
RS;tdiinc992j;p94p100;2006;1357586.8;992;j
RS;tdiinc992j;p94p100;2007;1411941.9;992;j
RS;tdiinc992j;p94p100;2008;1523772.3;992;j
RS;tdiinc992j;p94p100;2009;1496652.5;992;j
RS;tdiinc992j;p94p100;2010;1546798.4;992;j
RS;tdiinc992j;p94p100;2011;1593388.8;992;j
RS;tdiinc992j;p94p100;2012;1534358.6;992;j
RS;tdiinc992j;p94p100;2013;1600144.8;992;j
RS;tdiinc992j;p94p100;2014;1463760.1;992;j
RS;tdiinc992j;p94p100;2015;1449384.5;992;j
RS;tdiinc992j;p94p100;2016;1504276.9;992;j
RS;tdiinc992j;p94p100;2017;1514473.6;992;j
RS;tdiinc992j;p9p10;1990;188997.3;992;j
RS;tdiinc992j;p9p10;1991;165915.2;992;j
RS;tdiinc992j;p9p10;1992;115200.4;992;j
RS;tdiinc992j;p9p10;1993;75759.398;992;j
RS;tdiinc992j;p9p10;1994;78953.703;992;j
RS;tdiinc992j;p9p10;1995;85343.398;992;j
RS;tdiinc992j;p9p10;1996;87340.898;992;j
RS;tdiinc992j;p9p10;1997;94332.5;992;j
RS;tdiinc992j;p9p10;1998;105648.3;992;j
RS;tdiinc992j;p9p10;1999;113150.8;992;j
RS;tdiinc992j;p9p10;2000;123044.7;992;j
RS;tdiinc992j;p9p10;2001;123656.4;992;j
RS;tdiinc992j;p9p10;2002;116648.4;992;j
RS;tdiinc992j;p9p10;2003;114900.8;992;j
RS;tdiinc992j;p9p10;2004;112554.4;992;j
RS;tdiinc992j;p9p10;2005;119642.6;992;j
RS;tdiinc992j;p9p10;2006;113296.2;992;j
RS;tdiinc992j;p9p10;2007;109196.8;992;j
RS;tdiinc992j;p9p10;2008;112855.5;992;j
RS;tdiinc992j;p9p10;2009;107336.1;992;j
RS;tdiinc992j;p9p10;2010;100673.5;992;j
RS;tdiinc992j;p9p10;2011;91069.203;992;j
RS;tdiinc992j;p9p10;2012;86115.602;992;j
RS;tdiinc992j;p9p10;2013;109622.1;992;j
RS;tdiinc992j;p9p10;2014;152959.2;992;j
RS;tdiinc992j;p9p10;2015;124481.3;992;j
RS;tdiinc992j;p9p10;2016;121080.2;992;j
RS;tdiinc992j;p9p10;2017;120999.5;992;j
RS;tptinc992j;p16p17;1990;204464.5;992;j
RS;tptinc992j;p16p17;1991;176920.41;992;j
RS;tptinc992j;p16p17;1992;120835.7;992;j
RS;tptinc992j;p16p17;1993;78235.102;992;j
RS;tptinc992j;p16p17;1994;80417.398;992;j
RS;tptinc992j;p16p17;1995;84585.0;992;j
RS;tptinc992j;p16p17;1996;85170.0;992;j
RS;tptinc992j;p16p17;1997;90085.398;992;j
RS;tptinc992j;p16p17;1998;100461.9;992;j
RS;tptinc992j;p16p17;1999;109983.5;992;j
RS;tptinc992j;p16p17;2000;118916.5;992;j
RS;tptinc992j;p16p17;2001;119198.8;992;j
RS;tptinc992j;p16p17;2002;115963.4;992;j
RS;tptinc992j;p16p17;2003;118591.1;992;j
RS;tptinc992j;p16p17;2004;121185.1;992;j
RS;tptinc992j;p16p17;2005;125810.2;992;j
RS;tptinc992j;p16p17;2006;117388.9;992;j
RS;tptinc992j;p16p17;2007;107700.2;992;j
RS;tptinc992j;p16p17;2008;99813.297;992;j
RS;tptinc992j;p16p17;2009;90769.703;992;j
RS;tptinc992j;p16p17;2010;80069.797;992;j
RS;tptinc992j;p16p17;2011;65758.297;992;j
RS;tptinc992j;p16p17;2012;59346.5;992;j
RS;tptinc992j;p16p17;2013;54562.5;992;j
RS;tptinc992j;p16p17;2014;49911.0;992;j
RS;tptinc992j;p16p17;2015;53010.5;992;j
RS;tptinc992j;p16p17;2016;54860.602;992;j
RS;tptinc992j;p16p17;2017;54700.102;992;j
RS;tptinc992j;p1p2;1990;58355.898;992;j
RS;tptinc992j;p1p2;1991;48787.398;992;j
RS;tptinc992j;p1p2;1992;31982.199;992;j
RS;tptinc992j;p1p2;1993;19837.699;992;j
RS;tptinc992j;p1p2;1994;19548.301;992;j
RS;tptinc992j;p1p2;1995;19672.0;992;j
RS;tptinc992j;p1p2;1996;18959.1;992;j
RS;tptinc992j;p1p2;1997;19046.9;992;j
RS;tptinc992j;p1p2;1998;20859.801;992;j
RS;tptinc992j;p1p2;1999;23704.199;992;j
RS;tptinc992j;p1p2;2000;25198.5;992;j
RS;tptinc992j;p1p2;2001;25766.199;992;j
RS;tptinc992j;p1p2;2002;23450.699;992;j
RS;tptinc992j;p1p2;2003;28601.0;992;j
RS;tptinc992j;p1p2;2004;28544.199;992;j
RS;tptinc992j;p1p2;2005;31792.301;992;j
RS;tptinc992j;p1p2;2006;31973.0;992;j
RS;tptinc992j;p1p2;2007;32400.1;992;j
RS;tptinc992j;p1p2;2008;27101.199;992;j
RS;tptinc992j;p1p2;2009;22782.6;992;j
RS;tptinc992j;p1p2;2010;22831.0;992;j
RS;tptinc992j;p1p2;2011;20075.5;992;j
RS;tptinc992j;p1p2;2012;19337.4;992;j
RS;tptinc992j;p1p2;2013;15202.9;992;j
RS;tptinc992j;p1p2;2014;15439.2;992;j
RS;tptinc992j;p1p2;2015;15489.4;992;j
RS;tptinc992j;p1p2;2016;16008.0;992;j
RS;tptinc992j;p1p2;2017;15938.2;992;j
RS;tptinc992j;p38p100;1990;473347.5;992;j
RS;tptinc992j;p38p100;1991;408172.69;992;j
RS;tptinc992j;p38p100;1992;277581.31;992;j
RS;tptinc992j;p38p100;1993;178692.59;992;j
RS;tptinc992j;p38p100;1994;182861.59;992;j
RS;tptinc992j;p38p100;1995;191714.5;992;j
RS;tptinc992j;p38p100;1996;192451.59;992;j
RS;tptinc992j;p38p100;1997;203059.5;992;j
RS;tptinc992j;p38p100;1998;207851.3;992;j
RS;tptinc992j;p38p100;1999;227971.59;992;j
RS;tptinc992j;p38p100;2000;247681.41;992;j
RS;tptinc992j;p38p100;2001;245947.2;992;j
RS;tptinc992j;p38p100;2002;262192.5;992;j
RS;tptinc992j;p38p100;2003;274167.41;992;j
RS;tptinc992j;p38p100;2004;302997.31;992;j
RS;tptinc992j;p38p100;2005;328869.0;992;j
RS;tptinc992j;p38p100;2006;343466.59;992;j
RS;tptinc992j;p38p100;2007;358433.69;992;j
RS;tptinc992j;p38p100;2008;374645.81;992;j
RS;tptinc992j;p38p100;2009;363334.31;992;j
RS;tptinc992j;p38p100;2010;355323.81;992;j
RS;tptinc992j;p38p100;2011;341765.59;992;j
RS;tptinc992j;p38p100;2012;339231.5;992;j
RS;tptinc992j;p38p100;2013;352262.31;992;j
RS;tptinc992j;p38p100;2014;330510.31;992;j
RS;tptinc992j;p38p100;2015;347192.59;992;j
RS;tptinc992j;p38p100;2016;357841.41;992;j
RS;tptinc992j;p38p100;2017;359657.19;992;j
RS;tptinc992j;p72p100;1990;893713.38;992;j
RS;tptinc992j;p72p100;1991;773955.19;992;j
RS;tptinc992j;p72p100;1992;528161.13;992;j
RS;tptinc992j;p72p100;1993;341357.0;992;j
RS;tptinc992j;p72p100;1994;350392.31;992;j
RS;tptinc992j;p72p100;1995;368673.5;992;j
RS;tptinc992j;p72p100;1996;370947.31;992;j
RS;tptinc992j;p72p100;1997;392321.0;992;j
RS;tptinc992j;p72p100;1998;409120.5;992;j
RS;tptinc992j;p72p100;1999;442868.31;992;j
RS;tptinc992j;p72p100;2000;480328.91;992;j
RS;tptinc992j;p72p100;2001;477185.5;992;j
RS;tptinc992j;p72p100;2002;517088.59;992;j
RS;tptinc992j;p72p100;2003;543672.19;992;j
RS;tptinc992j;p72p100;2004;607564.0;992;j
RS;tptinc992j;p72p100;2005;676248.13;992;j
RS;tptinc992j;p72p100;2006;717052.13;992;j
RS;tptinc992j;p72p100;2007;755112.69;992;j
RS;tptinc992j;p72p100;2008;808122.5;992;j
RS;tptinc992j;p72p100;2009;796779.81;992;j
RS;tptinc992j;p72p100;2010;787931.69;992;j
RS;tptinc992j;p72p100;2011;785367.63;992;j
RS;tptinc992j;p72p100;2012;802563.0;992;j
RS;tptinc992j;p72p100;2013;826404.13;992;j
RS;tptinc992j;p72p100;2014;791530.13;992;j
RS;tptinc992j;p72p100;2015;791970.63;992;j
RS;tptinc992j;p72p100;2016;815950.38;992;j
RS;tptinc992j;p72p100;2017;821101.5;992;j
RS;tptinc992j;p90p100;1990;1307784.4;992;j
RS;tptinc992j;p90p100;1991;1136501.4;992;j
RS;tptinc992j;p90p100;1992;777443.13;992;j
RS;tptinc992j;p90p100;1993;504192.0;992;j
RS;tptinc992j;p90p100;1994;517912.19;992;j
RS;tptinc992j;p90p100;1995;546176.38;992;j
RS;tptinc992j;p90p100;1996;550816.19;992;j
RS;tptinc992j;p90p100;1997;584482.0;992;j
RS;tptinc992j;p90p100;1998;614475.63;992;j
RS;tptinc992j;p90p100;1999;667084.5;992;j
RS;tptinc992j;p90p100;2000;729014.88;992;j
RS;tptinc992j;p90p100;2001;723335.38;992;j
RS;tptinc992j;p90p100;2002;787414.0;992;j
RS;tptinc992j;p90p100;2003;844388.38;992;j
RS;tptinc992j;p90p100;2004;967066.69;992;j
RS;tptinc992j;p90p100;2005;1101974.1;992;j
RS;tptinc992j;p90p100;2006;1175615.8;992;j
RS;tptinc992j;p90p100;2007;1236299.4;992;j
RS;tptinc992j;p90p100;2008;1325692.9;992;j
RS;tptinc992j;p90p100;2009;1320129.3;992;j
RS;tptinc992j;p90p100;2010;1336766.1;992;j
RS;tptinc992j;p90p100;2011;1362797.9;992;j
RS;tptinc992j;p90p100;2012;1350288.5;992;j
RS;tptinc992j;p90p100;2013;1382733.1;992;j
RS;tptinc992j;p90p100;2014;1332631.9;992;j
RS;tptinc992j;p90p100;2015;1353291.0;992;j
RS;tptinc992j;p90p100;2016;1394651.0;992;j
RS;tptinc992j;p90p100;2017;1402463.5;992;j
RS;acainc992j;p22p100;1990;630854.69;992;j
RS;acainc992j;p22p100;1991;547213.38;992;j
RS;acainc992j;p22p100;1992;374320.0;992;j
RS;acainc992j;p22p100;1993;242473.91;992;j
RS;acainc992j;p22p100;1994;249443.59;992;j
RS;acainc992j;p22p100;1995;262976.69;992;j
RS;acainc992j;p22p100;1996;264790.5;992;j
RS;acainc992j;p22p100;1997;279066.59;992;j
RS;acainc992j;p22p100;1998;304744.41;992;j
RS;acainc992j;p22p100;1999;347866.81;992;j
RS;acainc992j;p22p100;2000;378143.31;992;j
RS;acainc992j;p22p100;2001;368909.41;992;j
RS;acainc992j;p22p100;2002;388533.0;992;j
RS;acainc992j;p22p100;2003;409929.81;992;j
RS;acainc992j;p22p100;2004;493107.5;992;j
RS;acainc992j;p22p100;2005;562677.63;992;j
RS;acainc992j;p22p100;2006;596146.0;992;j
RS;acainc992j;p22p100;2007;596941.31;992;j
RS;acainc992j;p22p100;2008;640401.13;992;j
RS;acainc992j;p22p100;2009;634219.19;992;j
RS;acainc992j;p22p100;2010;639509.38;992;j
RS;acainc992j;p22p100;2011;648492.81;992;j
RS;acainc992j;p22p100;2012;648661.81;992;j
RS;acainc992j;p22p100;2013;662173.5;992;j
RS;acainc992j;p22p100;2014;639718.88;992;j
RS;acainc992j;p22p100;2015;652671.81;992;j
RS;acainc992j;p22p100;2016;676860.63;992;j
RS;acainc992j;p22p100;2017;677489.13;992;j
RS;acainc992j;p93p94;1990;1040755.6;992;j
RS;acainc992j;p93p94;1991;903362.5;992;j
RS;acainc992j;p93p94;1992;618939.5;992;j
RS;acainc992j;p93p94;1993;400905.31;992;j
RS;acainc992j;p93p94;1994;412284.5;992;j
RS;acainc992j;p93p94;1995;434389.31;992;j
RS;acainc992j;p93p94;1996;436991.41;992;j
RS;acainc992j;p93p94;1997;460149.59;992;j
RS;acainc992j;p93p94;1998;506325.69;992;j
RS;acainc992j;p93p94;1999;575482.31;992;j
RS;acainc992j;p93p94;2000;627058.0;992;j
RS;acainc992j;p93p94;2001;610310.81;992;j
RS;acainc992j;p93p94;2002;650892.88;992;j
RS;acainc992j;p93p94;2003;694823.63;992;j
RS;acainc992j;p93p94;2004;851040.81;992;j
RS;acainc992j;p93p94;2005;983089.69;992;j
RS;acainc992j;p93p94;2006;1059026.3;992;j
RS;acainc992j;p93p94;2007;1070464.3;992;j
RS;acainc992j;p93p94;2008;1162362.8;992;j
RS;acainc992j;p93p94;2009;1148910.9;992;j
RS;acainc992j;p93p94;2010;1190640.4;992;j
RS;acainc992j;p93p94;2011;1232257.8;992;j
RS;acainc992j;p93p94;2012;1187985.6;992;j
RS;acainc992j;p93p94;2013;1238682.3;992;j
RS;acainc992j;p93p94;2014;1134712.6;992;j
RS;acainc992j;p93p94;2015;1125736.3;992;j
RS;acainc992j;p93p94;2016;1167417.6;992;j
RS;acainc992j;p93p94;2017;1168690.9;992;j
RS;acainc992j;p99.97p100;1990;24934270.0;992;j
RS;acainc992j;p99.97p100;1991;20470062.0;992;j
RS;acainc992j;p99.97p100;1992;13047157.0;992;j
RS;acainc992j;p99.97p100;1993;8088354.0;992;j
RS;acainc992j;p99.97p100;1994;8072111.0;992;j
RS;acainc992j;p99.97p100;1995;8295619.5;992;j
RS;acainc992j;p99.97p100;1996;8041895.5;992;j
RS;acainc992j;p99.97p100;1997;8138178.0;992;j
RS;acainc992j;p99.97p100;1998;9449180.0;992;j
RS;acainc992j;p99.97p100;1999;12848376.0;992;j
RS;acainc992j;p99.97p100;2000;14872274.0;992;j
RS;acainc992j;p99.97p100;2001;16529228.0;992;j
RS;acainc992j;p99.97p100;2002;16513500.0;992;j
RS;acainc992j;p99.97p100;2003;17280062.0;992;j
RS;acainc992j;p99.97p100;2004;20987408.0;992;j
RS;acainc992j;p99.97p100;2005;25685878.0;992;j
RS;acainc992j;p99.97p100;2006;25416954.0;992;j
RS;acainc992j;p99.97p100;2007;22435812.0;992;j
RS;acainc992j;p99.97p100;2008;21666282.0;992;j
RS;acainc992j;p99.97p100;2009;25651288.0;992;j
RS;acainc992j;p99.97p100;2010;24892432.0;992;j
RS;acainc992j;p99.97p100;2011;24815120.0;992;j
RS;acainc992j;p99.97p100;2012;36253536.0;992;j
RS;acainc992j;p99.97p100;2013;28980092.0;992;j
RS;acainc992j;p99.97p100;2014;50363748.0;992;j
RS;acainc992j;p99.97p100;2015;80251344.0;992;j
RS;acainc992j;p99.97p100;2016;83285704.0;992;j
RS;acainc992j;p99.97p100;2017;83516480.0;992;j
RS;acainc992j;p99.995p99.996;1990;31866030.0;992;j
RS;acainc992j;p99.995p99.996;1991;26234996.0;992;j
RS;acainc992j;p99.995p99.996;1992;16775473.0;992;j
RS;acainc992j;p99.995p99.996;1993;10418047.0;992;j
RS;acainc992j;p99.995p99.996;1994;10405874.0;992;j
RS;acainc992j;p99.995p99.996;1995;10700008.0;992;j
RS;acainc992j;p99.995p99.996;1996;10375246.0;992;j
RS;acainc992j;p99.995p99.996;1997;10500073.0;992;j
RS;acainc992j;p99.995p99.996;1998;12193076.0;992;j
RS;acainc992j;p99.995p99.996;1999;16545638.0;992;j
RS;acainc992j;p99.995p99.996;2000;19174280.0;992;j
RS;acainc992j;p99.995p99.996;2001;21229496.0;992;j
RS;acainc992j;p99.995p99.996;2002;21293442.0;992;j
RS;acainc992j;p99.995p99.996;2003;22267306.0;992;j
RS;acainc992j;p99.995p99.996;2004;27033210.0;992;j
RS;acainc992j;p99.995p99.996;2005;33025718.0;992;j
RS;acainc992j;p99.995p99.996;2006;32814880.0;992;j
RS;acainc992j;p99.995p99.996;2007;29003806.0;992;j
RS;acainc992j;p99.995p99.996;2008;27988214.0;992;j
RS;acainc992j;p99.995p99.996;2009;33164048.0;992;j
RS;acainc992j;p99.995p99.996;2010;32195384.0;992;j
RS;acainc992j;p99.995p99.996;2011;32088318.0;992;j
RS;acainc992j;p99.995p99.996;2012;46575540.0;992;j
RS;acainc992j;p99.995p99.996;2013;37484036.0;992;j
RS;acainc992j;p99.995p99.996;2014;62754004.0;992;j
RS;acainc992j;p99.995p99.996;2015;94222888.0;992;j
RS;acainc992j;p99.995p99.996;2016;97768832.0;992;j
RS;acainc992j;p99.995p99.996;2017;98006672.0;992;j
RS;acolgo992i;p0p100;1997;52315.898;992;i
RS;acolgo992i;p0p100;1998;50831.0;992;i
RS;acolgo992i;p0p100;1999;52432.5;992;i
RS;acolgo992i;p0p100;2000;54135.801;992;i
RS;acolgo992i;p0p100;2001;62777.898;992;i
RS;acolgo992i;p0p100;2002;66727.297;992;i
RS;acolgo992i;p0p100;2003;68644.203;992;i
RS;acolgo992i;p0p100;2004;54539.102;992;i
RS;acolgo992i;p0p100;2005;50376.0;992;i
RS;acolgo992i;p0p100;2006;51857.898;992;i
RS;acolgo992i;p0p100;2007;59828.5;992;i
RS;acolgo992i;p0p100;2008;59409.801;992;i
RS;acolgo992i;p0p100;2009;53494.301;992;i
RS;acolgo992i;p0p100;2010;54477.199;992;i
RS;acolgo992i;p0p100;2011;52616.102;992;i
RS;acomrx999i;p0p100;2002;-95.599998;999;i
RS;acomrx999i;p0p100;2003;-108.7;999;i
RS;acomrx999i;p0p100;2004;-131.2;999;i
RS;acomrx999i;p0p100;2005;985.70001;999;i
RS;acomrx999i;p0p100;2006;1503.4;999;i
RS;acomrx999i;p0p100;2007;1853.0;999;i
RS;acomrx999i;p0p100;2008;2857.8999;999;i
RS;acomrx999i;p0p100;2009;3455.3999;999;i
RS;acomrx999i;p0p100;2010;3241.3999;999;i
RS;acomrx999i;p0p100;2011;2187.7;999;i
RS;acomrx999i;p0p100;2012;3270.3;999;i
RS;acomrx999i;p0p100;2013;3350.8;999;i
RS;acomrx999i;p0p100;2014;3467.8999;999;i
RS;acomrx999i;p0p100;2015;3634.2;999;i
RS;acomrx999i;p0p100;2016;3845.8;999;i
RS;acomrx999i;p0p100;2017;3819.2;999;i
RS;acomrx999i;p0p100;2018;4094.5;999;i
RS;adiinc992j;p0p10;1990;148137.7;992;j
RS;adiinc992j;p0p10;1991;128012.4;992;j
RS;adiinc992j;p0p10;1992;87291.797;992;j
RS;adiinc992j;p0p10;1993;56417.5;992;j
RS;adiinc992j;p0p10;1994;57971.602;992;j
RS;adiinc992j;p0p10;1995;61058.5;992;j
RS;adiinc992j;p0p10;1996;61407.199;992;j
RS;adiinc992j;p0p10;1997;65337.602;992;j
RS;adiinc992j;p0p10;1998;69265.898;992;j
RS;adiinc992j;p0p10;1999;74041.602;992;j
RS;adiinc992j;p0p10;2000;80489.5;992;j
RS;adiinc992j;p0p10;2001;80081.398;992;j
RS;adiinc992j;p0p10;2002;74089.602;992;j
RS;adiinc992j;p0p10;2003;78672.0;992;j
RS;adiinc992j;p0p10;2004;79516.898;992;j
RS;adiinc992j;p0p10;2005;84822.797;992;j
RS;adiinc992j;p0p10;2006;82431.602;992;j
RS;adiinc992j;p0p10;2007;80978.0;992;j
RS;adiinc992j;p0p10;2008;87410.898;992;j
RS;adiinc992j;p0p10;2009;88129.0;992;j
RS;adiinc992j;p0p10;2010;85528.297;992;j
RS;adiinc992j;p0p10;2011;78366.898;992;j
RS;adiinc992j;p0p10;2012;74073.5;992;j
RS;adiinc992j;p0p10;2013;100337.6;992;j
RS;adiinc992j;p0p10;2014;144653.09;992;j
RS;adiinc992j;p0p10;2015;116927.0;992;j
RS;adiinc992j;p0p10;2016;113149.9;992;j
RS;adiinc992j;p0p10;2017;112967.2;992;j
RS;adiinc992j;p27p28;1990;391957.5;992;j
RS;adiinc992j;p27p28;1991;344662.09;992;j
RS;adiinc992j;p27p28;1992;238989.0;992;j
RS;adiinc992j;p27p28;1993;156717.0;992;j
RS;adiinc992j;p27p28;1994;163226.5;992;j
RS;adiinc992j;p27p28;1995;174055.5;992;j
RS;adiinc992j;p27p28;1996;177535.5;992;j
RS;adiinc992j;p27p28;1997;190682.09;992;j
RS;adiinc992j;p27p28;1998;200788.8;992;j
RS;adiinc992j;p27p28;1999;215247.8;992;j
RS;adiinc992j;p27p28;2000;238167.3;992;j
RS;adiinc992j;p27p28;2001;238401.7;992;j
RS;adiinc992j;p27p28;2002;252734.0;992;j
RS;adiinc992j;p27p28;2003;260725.41;992;j
RS;adiinc992j;p27p28;2004;283599.81;992;j
RS;adiinc992j;p27p28;2005;310181.09;992;j
RS;adiinc992j;p27p28;2006;315369.91;992;j
RS;adiinc992j;p27p28;2007;325061.5;992;j
RS;adiinc992j;p27p28;2008;336243.19;992;j
RS;adiinc992j;p27p28;2009;319073.81;992;j
RS;adiinc992j;p27p28;2010;300830.31;992;j
RS;adiinc992j;p27p28;2011;281174.09;992;j
RS;adiinc992j;p27p28;2012;287262.81;992;j
RS;adiinc992j;p27p28;2013;264315.19;992;j
RS;adiinc992j;p27p28;2014;281666.59;992;j
RS;adiinc992j;p27p28;2015;264338.69;992;j
RS;adiinc992j;p27p28;2016;267116.69;992;j
RS;adiinc992j;p27p28;2017;268013.0;992;j
RS;adiinc992j;p46p100;1990;1070652.8;992;j
RS;adiinc992j;p46p100;1991;927656.63;992;j
RS;adiinc992j;p46p100;1992;633845.69;992;j
RS;adiinc992j;p46p100;1993;410171.91;992;j
RS;adiinc992j;p46p100;1994;421504.59;992;j
RS;adiinc992j;p46p100;1995;443903.91;992;j
RS;adiinc992j;p46p100;1996;446310.5;992;j
RS;adiinc992j;p46p100;1997;471654.0;992;j
RS;adiinc992j;p46p100;1998;496576.0;992;j
RS;adiinc992j;p46p100;1999;545753.81;992;j
RS;adiinc992j;p46p100;2000;600463.0;992;j
RS;adiinc992j;p46p100;2001;599918.31;992;j
RS;adiinc992j;p46p100;2002;651731.0;992;j
RS;adiinc992j;p46p100;2003;686825.38;992;j
RS;adiinc992j;p46p100;2004;782410.69;992;j
RS;adiinc992j;p46p100;2005;877744.38;992;j
RS;adiinc992j;p46p100;2006;935104.63;992;j
RS;adiinc992j;p46p100;2007;966638.19;992;j
RS;adiinc992j;p46p100;2008;1033420.9;992;j
RS;adiinc992j;p46p100;2009;1020677.1;992;j
RS;adiinc992j;p46p100;2010;1033882.3;992;j
RS;adiinc992j;p46p100;2011;1048829.3;992;j
RS;adiinc992j;p46p100;2012;1049369.0;992;j
RS;adiinc992j;p46p100;2013;1078595.6;992;j
RS;adiinc992j;p46p100;2014;1034162.4;992;j
RS;adiinc992j;p46p100;2015;1059031.3;992;j
RS;adiinc992j;p46p100;2016;1096719.9;992;j
RS;adiinc992j;p46p100;2017;1103840.3;992;j
RS;adiinc992j;p57p100;1990;1181539.5;992;j
RS;adiinc992j;p57p100;1991;1023006.4;992;j
RS;adiinc992j;p57p100;1992;698555.69;992;j
RS;adiinc992j;p57p100;1993;451852.91;992;j
RS;adiinc992j;p57p100;1994;464127.31;992;j
RS;adiinc992j;p57p100;1995;488597.09;992;j
RS;adiinc992j;p57p100;1996;490913.69;992;j
RS;adiinc992j;p57p100;1997;518381.31;992;j
RS;adiinc992j;p57p100;1998;547378.38;992;j
RS;adiinc992j;p57p100;1999;602652.38;992;j
RS;adiinc992j;p57p100;2000;663601.69;992;j
RS;adiinc992j;p57p100;2001;663549.13;992;j
RS;adiinc992j;p57p100;2002;722043.38;992;j
RS;adiinc992j;p57p100;2003;761872.63;992;j
RS;adiinc992j;p57p100;2004;869912.38;992;j
RS;adiinc992j;p57p100;2005;978460.19;992;j
RS;adiinc992j;p57p100;2006;1044480.0;992;j
RS;adiinc992j;p57p100;2007;1079329.8;992;j
RS;adiinc992j;p57p100;2008;1155120.5;992;j
RS;adiinc992j;p57p100;2009;1142908.1;992;j
RS;adiinc992j;p57p100;2010;1161348.5;992;j
RS;adiinc992j;p57p100;2011;1181116.3;992;j
RS;adiinc992j;p57p100;2012;1183497.3;992;j
RS;adiinc992j;p57p100;2013;1216904.6;992;j
RS;adiinc992j;p57p100;2014;1166216.9;992;j
RS;adiinc992j;p57p100;2015;1198200.8;992;j
RS;adiinc992j;p57p100;2016;1242027.8;992;j
RS;adiinc992j;p57p100;2017;1250262.8;992;j
RS;adiinc992j;p69p100;1990;1342013.6;992;j
RS;adiinc992j;p69p100;1991;1161085.4;992;j
RS;adiinc992j;p69p100;1992;792541.69;992;j
RS;adiinc992j;p69p100;1993;512591.09;992;j
RS;adiinc992j;p69p100;1994;526438.19;992;j
RS;adiinc992j;p69p100;1995;554122.88;992;j
RS;adiinc992j;p69p100;1996;556383.31;992;j
RS;adiinc992j;p69p100;1997;587040.13;992;j
RS;adiinc992j;p69p100;1998;621105.81;992;j
RS;adiinc992j;p69p100;1999;686055.13;992;j
RS;adiinc992j;p69p100;2000;757908.38;992;j
RS;adiinc992j;p69p100;2001;759157.13;992;j
RS;adiinc992j;p69p100;2002;827075.13;992;j
RS;adiinc992j;p69p100;2003;873472.63;992;j
RS;adiinc992j;p69p100;2004;1000378.0;992;j
RS;adiinc992j;p69p100;2005;1129415.8;992;j
RS;adiinc992j;p69p100;2006;1208312.5;992;j
RS;adiinc992j;p69p100;2007;1247126.8;992;j
RS;adiinc992j;p69p100;2008;1335733.3;992;j
RS;adiinc992j;p69p100;2009;1325748.8;992;j
RS;adiinc992j;p69p100;2010;1352679.3;992;j
RS;adiinc992j;p69p100;2011;1380497.6;992;j
RS;adiinc992j;p69p100;2012;1385691.3;992;j
RS;adiinc992j;p69p100;2013;1422427.9;992;j
RS;adiinc992j;p69p100;2014;1364180.1;992;j
RS;adiinc992j;p69p100;2015;1414572.3;992;j
RS;adiinc992j;p69p100;2016;1467957.3;992;j
RS;adiinc992j;p69p100;2017;1477933.3;992;j
RS;adiinc992j;p79p100;1990;1541809.3;992;j
RS;adiinc992j;p79p100;1991;1332692.5;992;j
RS;adiinc992j;p79p100;1992;909218.31;992;j
RS;adiinc992j;p79p100;1993;587990.19;992;j
RS;adiinc992j;p79p100;1994;603727.13;992;j
RS;adiinc992j;p79p100;1995;635349.88;992;j
RS;adiinc992j;p79p100;1996;637324.88;992;j
RS;adiinc992j;p79p100;1997;671684.88;992;j
RS;adiinc992j;p79p100;1998;713571.5;992;j
RS;adiinc992j;p79p100;1999;792606.81;992;j
RS;adiinc992j;p79p100;2000;879400.69;992;j
RS;adiinc992j;p79p100;2001;883795.13;992;j
RS;adiinc992j;p79p100;2002;963843.63;992;j
RS;adiinc992j;p79p100;2003;1018736.9;992;j
RS;adiinc992j;p79p100;2004;1169340.8;992;j
RS;adiinc992j;p79p100;2005;1325902.5;992;j
RS;adiinc992j;p79p100;2006;1423033.1;992;j
RS;adiinc992j;p79p100;2007;1465215.8;992;j
RS;adiinc992j;p79p100;2008;1569921.6;992;j
RS;adiinc992j;p79p100;2009;1564266.1;992;j
RS;adiinc992j;p79p100;2010;1602722.6;992;j
RS;adiinc992j;p79p100;2011;1642828.1;992;j
RS;adiinc992j;p79p100;2012;1652239.4;992;j
RS;adiinc992j;p79p100;2013;1686565.1;992;j
RS;adiinc992j;p79p100;2014;1628420.5;992;j
RS;adiinc992j;p79p100;2015;1711724.4;992;j
RS;adiinc992j;p79p100;2016;1778261.1;992;j
RS;adiinc992j;p79p100;2017;1790665.0;992;j
RS;adiinc992j;p97p98;1990;1975365.3;992;j
RS;adiinc992j;p97p98;1991;1716547.8;992;j
RS;adiinc992j;p97p98;1992;1180470.4;992;j
RS;adiinc992j;p97p98;1993;768760.0;992;j
RS;adiinc992j;p97p98;1994;793114.38;992;j
RS;adiinc992j;p97p98;1995;838372.31;992;j
RS;adiinc992j;p97p98;1996;843121.88;992;j
RS;adiinc992j;p97p98;1997;890851.81;992;j
RS;adiinc992j;p97p98;1998;951885.13;992;j
RS;adiinc992j;p97p98;1999;1055371.6;992;j
RS;adiinc992j;p97p98;2000;1187370.1;992;j
RS;adiinc992j;p97p98;2001;1189230.8;992;j
RS;adiinc992j;p97p98;2002;1312785.5;992;j
RS;adiinc992j;p97p98;2003;1381042.1;992;j
RS;adiinc992j;p97p98;2004;1584144.4;992;j
RS;adiinc992j;p97p98;2005;1795982.5;992;j
RS;adiinc992j;p97p98;2006;1960873.8;992;j
RS;adiinc992j;p97p98;2007;2028701.8;992;j
RS;adiinc992j;p97p98;2008;2201563.5;992;j
RS;adiinc992j;p97p98;2009;2169518.5;992;j
RS;adiinc992j;p97p98;2010;2254910.3;992;j
RS;adiinc992j;p97p98;2011;2334722.8;992;j
RS;adiinc992j;p97p98;2012;2268792.0;992;j
RS;adiinc992j;p97p98;2013;2352822.0;992;j
RS;adiinc992j;p97p98;2014;2151529.0;992;j
RS;adiinc992j;p97p98;2015;2172480.3;992;j
RS;adiinc992j;p97p98;2016;2259120.5;992;j
RS;adiinc992j;p97p98;2017;2274743.0;992;j
RS;adiinc992j;p99.94p99.95;1990;11288343.0;992;j
RS;adiinc992j;p99.94p99.95;1991;9558416.0;992;j
RS;adiinc992j;p99.94p99.95;1992;6360555.5;992;j
RS;adiinc992j;p99.94p99.95;1993;4064421.5;992;j
RS;adiinc992j;p99.94p99.95;1994;4137472.3;992;j
RS;adiinc992j;p99.94p99.95;1995;4325719.0;992;j
RS;adiinc992j;p99.94p99.95;1996;4270957.5;992;j
RS;adiinc992j;p99.94p99.95;1997;4422196.5;992;j
RS;adiinc992j;p99.94p99.95;1998;4879318.0;992;j
RS;adiinc992j;p99.94p99.95;1999;5947014.0;992;j
RS;adiinc992j;p99.94p99.95;2000;6929068.5;992;j
RS;adiinc992j;p99.94p99.95;2001;7412532.0;992;j
RS;adiinc992j;p99.94p99.95;2002;7932732.5;992;j
RS;adiinc992j;p99.94p99.95;2003;8240044.5;992;j
RS;adiinc992j;p99.94p99.95;2004;9402953.0;992;j
RS;adiinc992j;p99.94p99.95;2005;10976746.0;992;j
RS;adiinc992j;p99.94p99.95;2006;11541888.0;992;j
RS;adiinc992j;p99.94p99.95;2007;11131600.0;992;j
RS;adiinc992j;p99.94p99.95;2008;11399619.0;992;j
RS;adiinc992j;p99.94p99.95;2009;12318308.0;992;j
RS;adiinc992j;p99.94p99.95;2010;12404358.0;992;j
RS;adiinc992j;p99.94p99.95;2011;12629520.0;992;j
RS;adiinc992j;p99.94p99.95;2012;15104054.0;992;j
RS;adiinc992j;p99.94p99.95;2013;13724076.0;992;j
RS;adiinc992j;p99.94p99.95;2014;17050192.0;992;j
RS;adiinc992j;p99.94p99.95;2015;21428656.0;992;j
RS;adiinc992j;p99.94p99.95;2016;22370010.0;992;j
RS;adiinc992j;p99.94p99.95;2017;22548116.0;992;j
RS;adiinc992j;p99p100;1990;5451506.5;992;j
RS;adiinc992j;p99p100;1991;4646733.5;992;j
RS;adiinc992j;p99p100;1992;3120753.0;992;j
RS;adiinc992j;p99p100;1993;2006175.3;992;j
RS;adiinc992j;p99p100;1994;2051146.4;992;j
RS;adiinc992j;p99p100;1995;2152565.5;992;j
RS;adiinc992j;p99p100;1996;2137492.3;992;j
RS;adiinc992j;p99p100;1997;2227508.0;992;j
RS;adiinc992j;p99p100;1998;2434915.3;992;j
RS;adiinc992j;p99p100;1999;2889196.0;992;j
RS;adiinc992j;p99p100;2000;3341131.8;992;j
RS;adiinc992j;p99p100;2001;3515107.5;992;j
RS;adiinc992j;p99p100;2002;3794685.3;992;j
RS;adiinc992j;p99p100;2003;3951396.5;992;j
RS;adiinc992j;p99p100;2004;4513274.5;992;j
RS;adiinc992j;p99p100;2005;5229639.5;992;j
RS;adiinc992j;p99p100;2006;5560724.5;992;j
RS;adiinc992j;p99p100;2007;5471767.0;992;j
RS;adiinc992j;p99p100;2008;5715098.0;992;j
RS;adiinc992j;p99p100;2009;5999854.0;992;j
RS;adiinc992j;p99p100;2010;6106061.5;992;j
RS;adiinc992j;p99p100;2011;6255705.5;992;j
RS;adiinc992j;p99p100;2012;7064399.5;992;j
RS;adiinc992j;p99p100;2013;6643858.0;992;j
RS;adiinc992j;p99p100;2014;7734875.5;992;j
RS;adiinc992j;p99p100;2015;9609646.0;992;j
RS;adiinc992j;p99p100;2016;10027209.0;992;j
RS;adiinc992j;p99p100;2017;10107191.0;992;j
RS;afkpin992i;p0p100;1997;-25050.4;992;i
RS;afkpin992i;p0p100;1998;20139.699;992;i
RS;afkpin992i;p0p100;1999;35429.301;992;i
RS;afkpin992i;p0p100;2000;56569.199;992;i
RS;afkpin992i;p0p100;2001;17314.0;992;i
RS;afkpin992i;p0p100;2002;4863.0;992;i
RS;afkpin992i;p0p100;2003;-639.79999;992;i
RS;afkpin992i;p0p100;2004;43417.898;992;i
RS;afkpin992i;p0p100;2005;67752.102;992;i
RS;afkpin992i;p0p100;2006;68757.602;992;i
RS;afkpin992i;p0p100;2007;52200.199;992;i
RS;afkpin992i;p0p100;2008;60534.5;992;i
RS;afkpin992i;p0p100;2009;67584.703;992;i
RS;afkpin992i;p0p100;2010;75801.703;992;i
RS;afkpin992i;p0p100;2011;87438.797;992;i
RS;aftaxx999i;p0p100;1997;-417.70001;999;i
RS;aftaxx999i;p0p100;1998;-385.5;999;i
RS;aftaxx999i;p0p100;1999;-317.60001;999;i
RS;aftaxx999i;p0p100;2000;-337.10001;999;i
RS;aftaxx999i;p0p100;2001;-371.0;999;i
RS;aftaxx999i;p0p100;2002;-267.60001;999;i
RS;aftaxx999i;p0p100;2003;-273.79999;999;i
RS;aftaxx999i;p0p100;2004;-279.20001;999;i
RS;aftaxx999i;p0p100;2005;-331.89999;999;i
RS;aftaxx999i;p0p100;2006;-328.39999;999;i
RS;aftaxx999i;p0p100;2007;0.0;999;i
RS;aftaxx999i;p0p100;2008;0.0;999;i
RS;aftaxx999i;p0p100;2009;0.0;999;i
RS;aftaxx999i;p0p100;2010;0.0;999;i
RS;aftaxx999i;p0p100;2011;0.0;999;i
RS;aftaxx999i;p0p100;2012;0.0;999;i
RS;aftaxx999i;p0p100;2013;0.0;999;i
RS;aftaxx999i;p0p100;2014;0.0;999;i
RS;aftaxx999i;p0p100;2015;0.0;999;i
RS;aftaxx999i;p0p100;2016;0.0;999;i
RS;aftaxx999i;p0p100;2017;0.0;999;i
RS;aftaxx999i;p0p100;2018;0.0;999;i
RS;aptinc992j;p27p28;1990;353868.59;992;j
RS;aptinc992j;p27p28;1991;306519.69;992;j
RS;aptinc992j;p27p28;1992;209443.5;992;j
RS;aptinc992j;p27p28;1993;135542.0;992;j
RS;aptinc992j;p27p28;1994;139184.3;992;j
RS;aptinc992j;p27p28;1995;146436.7;992;j
RS;aptinc992j;p27p28;1996;147439.8;992;j
RS;aptinc992j;p27p28;1997;156017.59;992;j
RS;aptinc992j;p27p28;1998;165917.0;992;j
RS;aptinc992j;p27p28;1999;180719.0;992;j
RS;aptinc992j;p27p28;2000;196052.09;992;j
RS;aptinc992j;p27p28;2001;195103.0;992;j
RS;aptinc992j;p27p28;2002;201050.91;992;j
RS;aptinc992j;p27p28;2003;207033.5;992;j
RS;aptinc992j;p27p28;2004;223415.09;992;j
RS;aptinc992j;p27p28;2005;239251.2;992;j
RS;aptinc992j;p27p28;2006;241029.09;992;j
RS;aptinc992j;p27p28;2007;245789.59;992;j
RS;aptinc992j;p27p28;2008;253146.91;992;j
RS;aptinc992j;p27p28;2009;242257.7;992;j
RS;aptinc992j;p27p28;2010;228899.3;992;j
RS;aptinc992j;p27p28;2011;213079.0;992;j
RS;aptinc992j;p27p28;2012;206733.5;992;j
RS;aptinc992j;p27p28;2013;208685.0;992;j
RS;aptinc992j;p27p28;2014;198896.91;992;j
RS;aptinc992j;p27p28;2015;214440.3;992;j
RS;aptinc992j;p27p28;2016;221113.59;992;j
RS;aptinc992j;p27p28;2017;222075.09;992;j
RS;aptinc992j;p44p45;1990;539980.13;992;j
RS;aptinc992j;p44p45;1991;465661.81;992;j
RS;aptinc992j;p44p45;1992;316805.69;992;j
RS;aptinc992j;p44p45;1993;204038.91;992;j
RS;aptinc992j;p44p45;1994;208601.0;992;j
RS;aptinc992j;p44p45;1995;218562.91;992;j
RS;aptinc992j;p44p45;1996;219032.5;992;j
RS;aptinc992j;p44p45;1997;230785.91;992;j
RS;aptinc992j;p44p45;1998;237234.41;992;j
RS;aptinc992j;p44p45;1999;259437.41;992;j
RS;aptinc992j;p44p45;2000;282130.09;992;j
RS;aptinc992j;p44p45;2001;281073.91;992;j
RS;aptinc992j;p44p45;2002;300775.91;992;j
RS;aptinc992j;p44p45;2003;313689.81;992;j
RS;aptinc992j;p44p45;2004;349201.91;992;j
RS;aptinc992j;p44p45;2005;380872.0;992;j
RS;aptinc992j;p44p45;2006;398958.81;992;j
RS;aptinc992j;p44p45;2007;416248.19;992;j
RS;aptinc992j;p44p45;2008;439846.81;992;j
RS;aptinc992j;p44p45;2009;429077.41;992;j
RS;aptinc992j;p44p45;2010;420286.0;992;j
RS;aptinc992j;p44p45;2011;412532.5;992;j
RS;aptinc992j;p44p45;2012;406892.59;992;j
RS;aptinc992j;p44p45;2013;427462.59;992;j
RS;aptinc992j;p44p45;2014;405447.81;992;j
RS;aptinc992j;p44p45;2015;417713.0;992;j
RS;aptinc992j;p44p45;2016;430500.09;992;j
RS;aptinc992j;p44p45;2017;432800.69;992;j
RS;aptinc992j;p99.994p99.995;1990;42657268.0;992;j
RS;aptinc992j;p99.994p99.995;1991;38305696.0;992;j
RS;aptinc992j;p99.994p99.995;1992;26818550.0;992;j
RS;aptinc992j;p99.994p99.995;1993;17964554.0;992;j
RS;aptinc992j;p99.994p99.995;1994;18859272.0;992;j
RS;aptinc992j;p99.994p99.995;1995;20538144.0;992;j
RS;aptinc992j;p99.994p99.995;1996;21181506.0;992;j
RS;aptinc992j;p99.994p99.995;1997;23003018.0;992;j
RS;aptinc992j;p99.994p99.995;1998;23930964.0;992;j
RS;aptinc992j;p99.994p99.995;1999;28340964.0;992;j
RS;aptinc992j;p99.994p99.995;2000;33508706.0;992;j
RS;aptinc992j;p99.994p99.995;2001;36084852.0;992;j
RS;aptinc992j;p99.994p99.995;2002;37913052.0;992;j
RS;aptinc992j;p99.994p99.995;2003;38855372.0;992;j
RS;aptinc992j;p99.994p99.995;2004;45098416.0;992;j
RS;aptinc992j;p99.994p99.995;2005;48637864.0;992;j
RS;aptinc992j;p99.994p99.995;2006;51978912.0;992;j
RS;aptinc992j;p99.994p99.995;2007;49217076.0;992;j
RS;aptinc992j;p99.994p99.995;2008;53730280.0;992;j
RS;aptinc992j;p99.994p99.995;2009;52105960.0;992;j
RS;aptinc992j;p99.994p99.995;2010;51133436.0;992;j
RS;aptinc992j;p99.994p99.995;2011;54312024.0;992;j
RS;aptinc992j;p99.994p99.995;2012;42843696.0;992;j
RS;aptinc992j;p99.994p99.995;2013;47680040.0;992;j
RS;aptinc992j;p99.994p99.995;2014;72294096.0;992;j
RS;aptinc992j;p99.994p99.995;2015;70425784.0;992;j
RS;aptinc992j;p99.994p99.995;2016;72680600.0;992;j
RS;aptinc992j;p99.994p99.995;2017;73190400.0;992;j
RS;asecho999i;p0p100;1997;220141.8;999;i
RS;asecho999i;p0p100;1998;209106.7;999;i
RS;asecho999i;p0p100;1999;227954.5;999;i
RS;asecho999i;p0p100;2000;243385.5;999;i
RS;asecho999i;p0p100;2001;251939.0;999;i
RS;asecho999i;p0p100;2002;266862.69;999;i
RS;asecho999i;p0p100;2003;285517.81;999;i
RS;asecho999i;p0p100;2004;284011.5;999;i
RS;asecho999i;p0p100;2005;320158.41;999;i
RS;asecho999i;p0p100;2006;342422.59;999;i
RS;asecho999i;p0p100;2007;364750.81;999;i
RS;asecho999i;p0p100;2008;397374.19;999;i
RS;asecho999i;p0p100;2009;392813.81;999;i
RS;asecho999i;p0p100;2010;390556.81;999;i
RS;asecho999i;p0p100;2011;388460.81;999;i
RS;asschn992i;p0p100;1997;58466.398;992;i
RS;asschn992i;p0p100;1998;61707.801;992;i
RS;asschn992i;p0p100;1999;63926.199;992;i
RS;asschn992i;p0p100;2000;65534.199;992;i
RS;asschn992i;p0p100;2001;64866.898;992;i
RS;asschn992i;p0p100;2002;75289.398;992;i
RS;asschn992i;p0p100;2003;75879.203;992;i
RS;asschn992i;p0p100;2004;85404.297;992;i
RS;asschn992i;p0p100;2005;90970.0;992;i
RS;asschn992i;p0p100;2006;102341.3;992;i
RS;asschn992i;p0p100;2007;110449.0;992;i
RS;asschn992i;p0p100;2008;114531.8;992;i
RS;asschn992i;p0p100;2009;111696.4;992;i
RS;asschn992i;p0p100;2010;114793.0;992;i
RS;asschn992i;p0p100;2011;111774.7;992;i
RS;ataxnp999i;p0p100;1997;0.0;999;i
RS;ataxnp999i;p0p100;1998;0.0;999;i
RS;ataxnp999i;p0p100;1999;0.0;999;i
RS;ataxnp999i;p0p100;2000;0.0;999;i
RS;ataxnp999i;p0p100;2001;0.0;999;i
RS;ataxnp999i;p0p100;2002;0.0;999;i
RS;ataxnp999i;p0p100;2003;0.0;999;i
RS;ataxnp999i;p0p100;2004;0.0;999;i
RS;ataxnp999i;p0p100;2005;0.0;999;i
RS;ataxnp999i;p0p100;2006;0.0;999;i
RS;ataxnp999i;p0p100;2007;0.0;999;i
RS;ataxnp999i;p0p100;2008;0.0;999;i
RS;ataxnp999i;p0p100;2009;0.0;999;i
RS;ataxnp999i;p0p100;2010;0.0;999;i
RS;ataxnp999i;p0p100;2011;0.0;999;i
RS;atpigo999i;p0p100;1997;32459.1;999;i
RS;atpigo999i;p0p100;1998;36764.6;999;i
RS;atpigo999i;p0p100;1999;37174.9;999;i
RS;atpigo999i;p0p100;2000;40295.9;999;i
RS;atpigo999i;p0p100;2001;63841.4;999;i
RS;atpigo999i;p0p100;2002;85358.5;999;i
RS;atpigo999i;p0p100;2003;92155.0;999;i
RS;atpigo999i;p0p100;2004;93694.8;999;i
RS;atpigo999i;p0p100;2005;105115.2;999;i
RS;atpigo999i;p0p100;2006;103925.4;999;i
RS;atpigo999i;p0p100;2007;112294.5;999;i
RS;atpigo999i;p0p100;2008;122614.0;999;i
RS;atpigo999i;p0p100;2009;121720.5;999;i
RS;atpigo999i;p0p100;2010;125799.6;999;i
RS;atpigo999i;p0p100;2011;111667.3;999;i
RS;bcainc992j;p45p100;1990;1.9507908;992;j
RS;bcainc992j;p45p100;1991;1.9299464;992;j
RS;bcainc992j;p45p100;1992;1.9137858;992;j
RS;bcainc992j;p45p100;1993;1.9028999;992;j
RS;bcainc992j;p45p100;1994;1.893872;992;j
RS;bcainc992j;p45p100;1995;1.8854194;992;j
RS;bcainc992j;p45p100;1996;1.8704557;992;j
RS;bcainc992j;p45p100;1997;1.8572379;992;j
RS;bcainc992j;p45p100;1998;1.9176489;992;j
RS;bcainc992j;p45p100;1999;1.9345971;992;j
RS;bcainc992j;p45p100;2000;1.9565468;992;j
RS;bcainc992j;p45p100;2001;1.9622042;992;j
RS;bcainc992j;p45p100;2002;2.0004377;992;j
RS;bcainc992j;p45p100;2003;2.0217733;992;j
RS;bcainc992j;p45p100;2004;2.0726335;992;j
RS;bcainc992j;p45p100;2005;2.1175773;992;j
RS;bcainc992j;p45p100;2006;2.1579726;992;j
RS;bcainc992j;p45p100;2007;2.1664774;992;j
RS;bcainc992j;p45p100;2008;2.2044358;992;j
RS;bcainc992j;p45p100;2009;2.2355852;992;j
RS;bcainc992j;p45p100;2010;2.3227031;992;j
RS;bcainc992j;p45p100;2011;2.392175;992;j
RS;bcainc992j;p45p100;2012;2.4435494;992;j
RS;bcainc992j;p45p100;2013;2.4457684;992;j
RS;bcainc992j;p45p100;2014;2.4345746;992;j
RS;bcainc992j;p45p100;2015;2.5318604;992;j
RS;bcainc992j;p45p100;2016;2.5311918;992;j
RS;bcainc992j;p45p100;2017;2.5329022;992;j
RS;bcainc992j;p69p100;1990;1.6409652;992;j
RS;bcainc992j;p69p100;1991;1.6209502;992;j
RS;bcainc992j;p69p100;1992;1.6190624;992;j
RS;bcainc992j;p69p100;1993;1.6195079;992;j
RS;bcainc992j;p69p100;1994;1.6188481;992;j
RS;bcainc992j;p69p100;1995;1.6169679;992;j
RS;bcainc992j;p69p100;1996;1.6106387;992;j
RS;bcainc992j;p69p100;1997;1.6051247;992;j
RS;bcainc992j;p69p100;1998;1.6173916;992;j
RS;bcainc992j;p69p100;1999;1.6493369;992;j
RS;bcainc992j;p69p100;2000;1.6850414;992;j
RS;bcainc992j;p69p100;2001;1.7047814;992;j
RS;bcainc992j;p69p100;2002;1.719937;992;j
RS;bcainc992j;p69p100;2003;1.7259245;992;j
RS;bcainc992j;p69p100;2004;1.7483418;992;j
RS;bcainc992j;p69p100;2005;1.7818475;992;j
RS;bcainc992j;p69p100;2006;1.8048105;992;j
RS;bcainc992j;p69p100;2007;1.7946395;992;j
RS;bcainc992j;p69p100;2008;1.7958819;992;j
RS;bcainc992j;p69p100;2009;1.8338207;992;j
RS;bcainc992j;p69p100;2010;1.8697847;992;j
RS;bcainc992j;p69p100;2011;1.9044307;992;j
RS;bcainc992j;p69p100;2012;1.9300295;992;j
RS;bcainc992j;p69p100;2013;1.8861183;992;j
RS;bcainc992j;p69p100;2014;1.9328554;992;j
RS;bcainc992j;p69p100;2015;2.0740983;992;j
RS;bcainc992j;p69p100;2016;2.0739474;992;j
RS;bcainc992j;p69p100;2017;2.0751727;992;j
RS;bcainc992j;p79p100;1990;1.553115;992;j
RS;bcainc992j;p79p100;1991;1.5492648;992;j
RS;bcainc992j;p79p100;1992;1.5470386;992;j
RS;bcainc992j;p79p100;1993;1.5492461;992;j
RS;bcainc992j;p79p100;1994;1.5515352;992;j
RS;bcainc992j;p79p100;1995;1.55401;992;j
RS;bcainc992j;p79p100;1996;1.5493239;992;j
RS;bcainc992j;p79p100;1997;1.5452977;992;j
RS;bcainc992j;p79p100;1998;1.5757728;992;j
RS;bcainc992j;p79p100;1999;1.6067095;992;j
RS;bcainc992j;p79p100;2000;1.6431699;992;j
RS;bcainc992j;p79p100;2001;1.6738158;992;j
RS;bcainc992j;p79p100;2002;1.6757149;992;j
RS;bcainc992j;p79p100;2003;1.6836997;992;j
RS;bcainc992j;p79p100;2004;1.6927059;992;j
RS;bcainc992j;p79p100;2005;1.7214159;992;j
RS;bcainc992j;p79p100;2006;1.7484223;992;j
RS;bcainc992j;p79p100;2007;1.7322403;992;j
RS;bcainc992j;p79p100;2008;1.7205949;992;j
RS;bcainc992j;p79p100;2009;1.7591782;992;j
RS;bcainc992j;p79p100;2010;1.790534;992;j
RS;bcainc992j;p79p100;2011;1.8176322;992;j
RS;bcainc992j;p79p100;2012;1.8409243;992;j
RS;bcainc992j;p79p100;2013;1.791967;992;j
RS;bcainc992j;p79p100;2014;1.8905246;992;j
RS;bcainc992j;p79p100;2015;2.0202165;992;j
RS;bcainc992j;p79p100;2016;2.0210526;992;j
RS;bcainc992j;p79p100;2017;2.021781;992;j
RS;bdiinc992j;p94p100;1990;1.6796339;992;j
RS;bdiinc992j;p94p100;1991;1.6684382;992;j
RS;bdiinc992j;p94p100;1992;1.6580675;992;j
RS;bdiinc992j;p94p100;1993;1.6566623;992;j
RS;bdiinc992j;p94p100;1994;1.6549236;992;j
RS;bdiinc992j;p94p100;1995;1.6543767;992;j
RS;bdiinc992j;p94p100;1996;1.6459935;992;j
RS;bdiinc992j;p94p100;1997;1.6368864;992;j
RS;bdiinc992j;p94p100;1998;1.6592448;992;j
RS;bdiinc992j;p94p100;1999;1.7177593;992;j
RS;bdiinc992j;p94p100;2000;1.7677349;992;j
RS;bdiinc992j;p94p100;2001;1.8109533;992;j
RS;bdiinc992j;p94p100;2002;1.8096415;992;j
RS;bdiinc992j;p94p100;2003;1.7871065;992;j
RS;bdiinc992j;p94p100;2004;1.7767022;992;j
RS;bdiinc992j;p94p100;2005;1.7951746;992;j
RS;bdiinc992j;p94p100;2006;1.7952826;992;j
RS;bdiinc992j;p94p100;2007;1.7530781;992;j
RS;bdiinc992j;p94p100;2008;1.7365403;992;j
RS;bdiinc992j;p94p100;2009;1.7835325;992;j
RS;bdiinc992j;p94p100;2010;1.7779855;992;j
RS;bdiinc992j;p94p100;2011;1.7787756;992;j
RS;bdiinc992j;p94p100;2012;1.9024891;992;j
RS;bdiinc992j;p94p100;2013;1.8204625;992;j
RS;bdiinc992j;p94p100;2014;2.0125539;992;j
RS;bdiinc992j;p94p100;2015;2.2577593;992;j
RS;bdiinc992j;p94p100;2016;2.2655623;992;j
RS;bdiinc992j;p94p100;2017;2.2670255;992;j
RS;bdiinc992j;p99.997p100;1990;2.1684976;992;j
RS;bdiinc992j;p99.997p100;1991;2.1156623;992;j
RS;bdiinc992j;p99.997p100;1992;2.0431938;992;j
RS;bdiinc992j;p99.997p100;1993;1.9929812;992;j
RS;bdiinc992j;p99.997p100;1994;1.9611526;992;j
RS;bdiinc992j;p99.997p100;1995;1.9339371;992;j
RS;bdiinc992j;p99.997p100;1996;1.9064356;992;j
RS;bdiinc992j;p99.997p100;1997;1.8770068;992;j
RS;bdiinc992j;p99.997p100;1998;1.9070344;992;j
RS;bdiinc992j;p99.997p100;1999;2.0264437;992;j
RS;bdiinc992j;p99.997p100;2000;2.0162799;992;j
RS;bdiinc992j;p99.997p100;2001;2.1137252;992;j
RS;bdiinc992j;p99.997p100;2002;2.0286322;992;j
RS;bdiinc992j;p99.997p100;2003;2.0378132;992;j
RS;bdiinc992j;p99.997p100;2004;2.044503;992;j
RS;bdiinc992j;p99.997p100;2005;2.0892198;992;j
RS;bdiinc992j;p99.997p100;2006;1.9864569;992;j
RS;bdiinc992j;p99.997p100;2007;1.890685;992;j
RS;bdiinc992j;p99.997p100;2008;1.7924367;992;j
RS;bdiinc992j;p99.997p100;2009;1.9187799;992;j
RS;bdiinc992j;p99.997p100;2010;1.856374;992;j
RS;bdiinc992j;p99.997p100;2011;1.8197969;992;j
RS;bdiinc992j;p99.997p100;2012;2.1276219;992;j
RS;bdiinc992j;p99.997p100;2013;1.9221182;992;j
RS;bdiinc992j;p99.997p100;2014;2.5186009;992;j
RS;bdiinc992j;p99.997p100;2015;3.0501432;992;j
RS;bdiinc992j;p99.997p100;2016;3.0516772;992;j
RS;bdiinc992j;p99.997p100;2017;3.0544205;992;j
RS;bptinc992j;p12p100;1990;4.609354;992;j
RS;bptinc992j;p12p100;1991;4.5834293;992;j
RS;bptinc992j;p12p100;1992;4.5756826;992;j
RS;bptinc992j;p12p100;1993;4.5607271;992;j
RS;bptinc992j;p12p100;1994;4.5434623;992;j
RS;bptinc992j;p12p100;1995;4.5223899;992;j
RS;bptinc992j;p12p100;1996;4.5055852;992;j
RS;bptinc992j;p12p100;1997;4.489202;992;j
RS;bptinc992j;p12p100;1998;4.182765;992;j
RS;bptinc992j;p12p100;1999;4.1996021;992;j
RS;bptinc992j;p12p100;2000;4.263701;992;j
RS;bptinc992j;p12p100;2001;4.2184381;992;j
RS;bptinc992j;p12p100;2002;4.7529025;992;j
RS;bptinc992j;p12p100;2003;4.9917769;992;j
RS;bptinc992j;p12p100;2004;5.5361242;992;j
RS;bptinc992j;p12p100;2005;6.2065163;992;j
RS;bptinc992j;p12p100;2006;7.2161498;992;j
RS;bptinc992j;p12p100;2007;8.104599;992;j
RS;bptinc992j;p12p100;2008;9.6968069;992;j
RS;bptinc992j;p12p100;2009;11.522268;992;j
RS;bptinc992j;p12p100;2010;12.868431;992;j
RS;bptinc992j;p12p100;2011;15.234316;992;j
RS;bptinc992j;p12p100;2012;16.112164;992;j
RS;bptinc992j;p12p100;2013;17.778261;992;j
RS;bptinc992j;p12p100;2014;18.43078;992;j
RS;bptinc992j;p12p100;2015;17.225029;992;j
RS;bptinc992j;p12p100;2016;17.182875;992;j
RS;bptinc992j;p12p100;2017;17.360851;992;j
RS;bptinc992j;p99.994p100;1990;2.0967488;992;j
RS;bptinc992j;p99.994p100;1991;2.1197619;992;j
RS;bptinc992j;p99.994p100;1992;2.1267612;992;j
RS;bptinc992j;p99.994p100;1993;2.1488647;992;j
RS;bptinc992j;p99.994p100;1994;2.1499445;992;j
RS;bptinc992j;p99.994p100;1995;2.1694627;992;j
RS;bptinc992j;p99.994p100;1996;2.188571;992;j
RS;bptinc992j;p99.994p100;1997;2.2107382;992;j
RS;bptinc992j;p99.994p100;1998;2.1740956;992;j
RS;bptinc992j;p99.994p100;1999;2.2317069;992;j
RS;bptinc992j;p99.994p100;2000;2.2437723;992;j
RS;bptinc992j;p99.994p100;2001;2.306994;992;j
RS;bptinc992j;p99.994p100;2002;2.2463248;992;j
RS;bptinc992j;p99.994p100;2003;2.2151899;992;j
RS;bptinc992j;p99.994p100;2004;2.2112379;992;j
RS;bptinc992j;p99.994p100;2005;2.147289;992;j
RS;bptinc992j;p99.994p100;2006;2.1487205;992;j
RS;bptinc992j;p99.994p100;2007;2.1083615;992;j
RS;bptinc992j;p99.994p100;2008;2.1246638;992;j
RS;bptinc992j;p99.994p100;2009;2.0985584;992;j
RS;bptinc992j;p99.994p100;2010;2.0185657;992;j
RS;bptinc992j;p99.994p100;2011;2.0451958;992;j
RS;bptinc992j;p99.994p100;2012;1.8218673;992;j
RS;bptinc992j;p99.994p100;2013;1.9172336;992;j
RS;bptinc992j;p99.994p100;2014;2.321877;992;j
RS;bptinc992j;p99.994p100;2015;2.333638;992;j
RS;bptinc992j;p99.994p100;2016;2.3334415;992;j
RS;bptinc992j;p99.994p100;2017;2.3321185;992;j
RS;mconhn999i;p0p100;1997;1975035756544.0;999;i
RS;mconhn999i;p0p100;1998;2200427036672.0;999;i
RS;mconhn999i;p0p100;1999;1942352166912.0;999;i
RS;mconhn999i;p0p100;2000;2086154403840.0;999;i
RS;mconhn999i;p0p100;2001;2357207760896.0;999;i
RS;mconhn999i;p0p100;2002;2570546839552.0;999;i
RS;mconhn999i;p0p100;2003;2555458879488.0;999;i
RS;mconhn999i;p0p100;2004;2679227023360.0;999;i
RS;mconhn999i;p0p100;2005;2944979173376.0;999;i
RS;mconhn999i;p0p100;2006;3096115937280.0;999;i
RS;mconhn999i;p0p100;2007;3246391558144.0;999;i
RS;mconhn999i;p0p100;2008;3481507201024.0;999;i
RS;mconhn999i;p0p100;2009;3517124444160.0;999;i
RS;mconhn999i;p0p100;2010;3562734878720.0;999;i
RS;mconhn999i;p0p100;2011;3445342601216.0;999;i
RS;mfdinx999i;p0p100;2007;-115514613760.0;999;i
RS;mfdinx999i;p0p100;2008;-98005164032.0;999;i
RS;mfdinx999i;p0p100;2009;-33411993600.0;999;i
RS;mfdinx999i;p0p100;2010;-52029177856.0;999;i
RS;mfdinx999i;p0p100;2011;-131909648384.0;999;i
RS;mfdinx999i;p0p100;2012;-103310352384.0;999;i
RS;mfdinx999i;p0p100;2013;-125851254784.0;999;i
RS;mfdinx999i;p0p100;2014;-110157971456.0;999;i
RS;mfdinx999i;p0p100;2015;-144563240960.0;999;i
RS;mfdinx999i;p0p100;2016;-187230896128.0;999;i
RS;mfdinx999i;p0p100;2017;-263741685760.0;999;i
RS;mfdinx999i;p0p100;2018;-230655410176.0;999;i
RS;mgsrgo999i;p0p100;1997;56184672256.0;999;i
RS;mgsrgo999i;p0p100;1998;52110286848.0;999;i
RS;mgsrgo999i;p0p100;1999;51062833152.0;999;i
RS;mgsrgo999i;p0p100;2000;49790070784.0;999;i
RS;mgsrgo999i;p0p100;2001;63292575744.0;999;i
RS;mgsrgo999i;p0p100;2002;63867351040.0;999;i
RS;mgsrgo999i;p0p100;2003;63733342208.0;999;i
RS;mgsrgo999i;p0p100;2004;58961428480.0;999;i
RS;mgsrgo999i;p0p100;2005;59671171072.0;999;i
RS;mgsrgo999i;p0p100;2006;61009248256.0;999;i
RS;mgsrgo999i;p0p100;2007;68891361280.0;999;i
RS;mgsrgo999i;p0p100;2008;71329775616.0;999;i
RS;mgsrgo999i;p0p100;2009;71150411776.0;999;i
RS;mgsrgo999i;p0p100;2010;70356836352.0;999;i
RS;mgsrgo999i;p0p100;2011;70318948352.0;999;i
RS;mptfop999i;p0p100;2007;94381744128.0;999;i
RS;mptfop999i;p0p100;2008;108006080512.0;999;i
RS;mptfop999i;p0p100;2009;95247728640.0;999;i
RS;mptfop999i;p0p100;2010;98989195264.0;999;i
RS;mptfop999i;p0p100;2011;98470305792.0;999;i
RS;mptfop999i;p0p100;2012;108048875520.0;999;i
RS;mptfop999i;p0p100;2013;109782286336.0;999;i
RS;mptfop999i;p0p100;2014;114498027520.0;999;i
RS;mptfop999i;p0p100;2015;129306238976.0;999;i
RS;mptfop999i;p0p100;2016;125348569088.0;999;i
RS;mptfop999i;p0p100;2017;105706004480.0;999;i
RS;mptfop999i;p0p100;2018;81346920448.0;999;i
RS;scainc992j;p55p100;1990;0.72939998;992;j
RS;scainc992j;p55p100;1991;0.7274;992;j
RS;scainc992j;p55p100;1992;0.72549999;992;j
RS;scainc992j;p55p100;1993;0.72369999;992;j
RS;scainc992j;p55p100;1994;0.72189999;992;j
RS;scainc992j;p55p100;1995;0.7202;992;j
RS;scainc992j;p55p100;1996;0.71799999;992;j
RS;scainc992j;p55p100;1997;0.71579999;992;j
RS;scainc992j;p55p100;1998;0.71509999;992;j
RS;scainc992j;p55p100;1999;0.71569997;992;j
RS;scainc992j;p55p100;2000;0.7191;992;j
RS;scainc992j;p55p100;2001;0.72070003;992;j
RS;scainc992j;p55p100;2002;0.73210001;992;j
RS;scainc992j;p55p100;2003;0.73540002;992;j
RS;scainc992j;p55p100;2004;0.74589998;992;j
RS;scainc992j;p55p100;2005;0.75190002;992;j
RS;scainc992j;p55p100;2006;0.76069999;992;j
RS;scainc992j;p55p100;2007;0.76429999;992;j
RS;scainc992j;p55p100;2008;0.7687;992;j
RS;scainc992j;p55p100;2009;0.77350003;992;j
RS;scainc992j;p55p100;2010;0.7845;992;j
RS;scainc992j;p55p100;2011;0.79390001;992;j
RS;scainc992j;p55p100;2012;0.79769999;992;j
RS;scainc992j;p55p100;2013;0.80089998;992;j
RS;scainc992j;p55p100;2014;0.78219998;992;j
RS;scainc992j;p55p100;2015;0.79879999;992;j
RS;scainc992j;p55p100;2016;0.79869998;992;j
RS;scainc992j;p55p100;2017;0.79890001;992;j
RS;scainc992j;p9p10;1990;0.0020999999;992;j
RS;scainc992j;p9p10;1991;0.0022;992;j
RS;scainc992j;p9p10;1992;0.0022;992;j
RS;scainc992j;p9p10;1993;0.0022;992;j
RS;scainc992j;p9p10;1994;0.0023000001;992;j
RS;scainc992j;p9p10;1995;0.0024000001;992;j
RS;scainc992j;p9p10;1996;0.0024000001;992;j
RS;scainc992j;p9p10;1997;0.0024999999;992;j
RS;scainc992j;p9p10;1998;0.0027000001;992;j
RS;scainc992j;p9p10;1999;0.0027999999;992;j
RS;scainc992j;p9p10;2000;0.0027000001;992;j
RS;scainc992j;p9p10;2001;0.0026;992;j
RS;scainc992j;p9p10;2002;0.0022;992;j
RS;scainc992j;p9p10;2003;0.0020000001;992;j
RS;scainc992j;p9p10;2004;0.0016;992;j
RS;scainc992j;p9p10;2005;0.0015;992;j
RS;scainc992j;p9p10;2006;0.0013;992;j
RS;scainc992j;p9p10;2007;0.0011;992;j
RS;scainc992j;p9p10;2008;0.001;992;j
RS;scainc992j;p9p10;2009;0.001;992;j
RS;scainc992j;p9p10;2010;0.0008;992;j
RS;scainc992j;p9p10;2011;0.0007;992;j
RS;scainc992j;p9p10;2012;0.0006;992;j
RS;scainc992j;p9p10;2013;0.0009;992;j
RS;scainc992j;p9p10;2014;0.0016;992;j
RS;scainc992j;p9p10;2015;0.0012000001;992;j
RS;scainc992j;p9p10;2016;0.0012000001;992;j
RS;scainc992j;p9p10;2017;0.0012000001;992;j
RS;sdiinc992j;p27p100;1990;0.9131;992;j
RS;sdiinc992j;p27p100;1991;0.91219997;992;j
RS;sdiinc992j;p27p100;1992;0.9113;992;j
RS;sdiinc992j;p27p100;1993;0.91039997;992;j
RS;sdiinc992j;p27p100;1994;0.90939999;992;j
RS;sdiinc992j;p27p100;1995;0.9084;992;j
RS;sdiinc992j;p27p100;1996;0.90740001;992;j
RS;sdiinc992j;p27p100;1997;0.90600002;992;j
RS;sdiinc992j;p27p100;1998;0.90359998;992;j
RS;sdiinc992j;p27p100;1999;0.90530002;992;j
RS;sdiinc992j;p27p100;2000;0.90539998;992;j
RS;sdiinc992j;p27p100;2001;0.90579998;992;j
RS;sdiinc992j;p27p100;2002;0.91250002;992;j
RS;sdiinc992j;p27p100;2003;0.91399997;992;j
RS;sdiinc992j;p27p100;2004;0.92129999;992;j
RS;sdiinc992j;p27p100;2005;0.92369998;992;j
RS;sdiinc992j;p27p100;2006;0.9289;992;j
RS;sdiinc992j;p27p100;2007;0.9303;992;j
RS;sdiinc992j;p27p100;2008;0.93220001;992;j
RS;sdiinc992j;p27p100;2009;0.9346;992;j
RS;sdiinc992j;p27p100;2010;0.93940002;992;j
RS;sdiinc992j;p27p100;2011;0.94499999;992;j
RS;sdiinc992j;p27p100;2012;0.94529998;992;j
RS;sdiinc992j;p27p100;2013;0.9454;992;j
RS;sdiinc992j;p27p100;2014;0.92869997;992;j
RS;sdiinc992j;p27p100;2015;0.93970001;992;j
RS;sdiinc992j;p27p100;2016;0.94230002;992;j
RS;sdiinc992j;p27p100;2017;0.94260001;992;j
RS;sptinc992j;p49p50;1990;0.0081000002;992;j
RS;sptinc992j;p49p50;1991;0.0080000004;992;j
RS;sptinc992j;p49p50;1992;0.0080000004;992;j
RS;sptinc992j;p49p50;1993;0.0080000004;992;j
RS;sptinc992j;p49p50;1994;0.0078999996;992;j
RS;sptinc992j;p49p50;1995;0.0078999996;992;j
RS;sptinc992j;p49p50;1996;0.0078999996;992;j
RS;sptinc992j;p49p50;1997;0.0078999996;992;j
RS;sptinc992j;p49p50;1998;0.0077;992;j
RS;sptinc992j;p49p50;1999;0.0077;992;j
RS;sptinc992j;p49p50;2000;0.0076000001;992;j
RS;sptinc992j;p49p50;2001;0.0074999998;992;j
RS;sptinc992j;p49p50;2002;0.0074999998;992;j
RS;sptinc992j;p49p50;2003;0.0074;992;j
RS;sptinc992j;p49p50;2004;0.0073000002;992;j
RS;sptinc992j;p49p50;2005;0.0071999999;992;j
RS;sptinc992j;p49p50;2006;0.0071999999;992;j
RS;sptinc992j;p49p50;2007;0.0073000002;992;j
RS;sptinc992j;p49p50;2008;0.0071999999;992;j
RS;sptinc992j;p49p50;2009;0.0071999999;992;j
RS;sptinc992j;p49p50;2010;0.0070000002;992;j
RS;sptinc992j;p49p50;2011;0.0068999999;992;j
RS;sptinc992j;p49p50;2012;0.0070000002;992;j
RS;sptinc992j;p49p50;2013;0.0071;992;j
RS;sptinc992j;p49p50;2014;0.0068000001;992;j
RS;sptinc992j;p49p50;2015;0.0070000002;992;j
RS;sptinc992j;p49p50;2016;0.0070000002;992;j
RS;sptinc992j;p49p50;2017;0.0070000002;992;j
RS;sptinc992j;p53p54;1990;0.0086000003;992;j
RS;sptinc992j;p53p54;1991;0.0086000003;992;j
RS;sptinc992j;p53p54;1992;0.0086000003;992;j
RS;sptinc992j;p53p54;1993;0.0086000003;992;j
RS;sptinc992j;p53p54;1994;0.0085000005;992;j
RS;sptinc992j;p53p54;1995;0.0085000005;992;j
RS;sptinc992j;p53p54;1996;0.0085000005;992;j
RS;sptinc992j;p53p54;1997;0.0085000005;992;j
RS;sptinc992j;p53p54;1998;0.0083999997;992;j
RS;sptinc992j;p53p54;1999;0.0082999999;992;j
RS;sptinc992j;p53p54;2000;0.0082;992;j
RS;sptinc992j;p53p54;2001;0.0082;992;j
RS;sptinc992j;p53p54;2002;0.0081000002;992;j
RS;sptinc992j;p53p54;2003;0.0081000002;992;j
RS;sptinc992j;p53p54;2004;0.0080000004;992;j
RS;sptinc992j;p53p54;2005;0.0078999996;992;j
RS;sptinc992j;p53p54;2006;0.0078999996;992;j
RS;sptinc992j;p53p54;2007;0.0078999996;992;j
RS;sptinc992j;p53p54;2008;0.0078999996;992;j
RS;sptinc992j;p53p54;2009;0.0078999996;992;j
RS;sptinc992j;p53p54;2010;0.0077;992;j
RS;sptinc992j;p53p54;2011;0.0076000001;992;j
RS;sptinc992j;p53p54;2012;0.0077;992;j
RS;sptinc992j;p53p54;2013;0.0077999998;992;j
RS;sptinc992j;p53p54;2014;0.0076000001;992;j
RS;sptinc992j;p53p54;2015;0.0077;992;j
RS;sptinc992j;p53p54;2016;0.0077;992;j
RS;sptinc992j;p53p54;2017;0.0077;992;j
RS;tcainc992j;p59p60;1990;505748.91;992;j
RS;tcainc992j;p59p60;1991;439456.81;992;j
RS;tcainc992j;p59p60;1992;300809.59;992;j
RS;tcainc992j;p59p60;1993;194632.3;992;j
RS;tcainc992j;p59p60;1994;199782.41;992;j
RS;tcainc992j;p59p60;1995;210271.5;992;j
RS;tcainc992j;p59p60;1996;211944.91;992;j
RS;tcainc992j;p59p60;1997;223450.41;992;j
RS;tcainc992j;p59p60;1998;243628.59;992;j
RS;tcainc992j;p59p60;1999;275745.09;992;j
RS;tcainc992j;p59p60;2000;295613.81;992;j
RS;tcainc992j;p59p60;2001;285478.41;992;j
RS;tcainc992j;p59p60;2002;299138.41;992;j
RS;tcainc992j;p59p60;2003;315331.31;992;j
RS;tcainc992j;p59p60;2004;375914.31;992;j
RS;tcainc992j;p59p60;2005;422985.81;992;j
RS;tcainc992j;p59p60;2006;444722.0;992;j
RS;tcainc992j;p59p60;2007;448389.31;992;j
RS;tcainc992j;p59p60;2008;480521.09;992;j
RS;tcainc992j;p59p60;2009;469241.09;992;j
RS;tcainc992j;p59p60;2010;466307.0;992;j
RS;tcainc992j;p59p60;2011;467752.31;992;j
RS;tcainc992j;p59p60;2012;461566.31;992;j
RS;tcainc992j;p59p60;2013;475386.59;992;j
RS;tcainc992j;p59p60;2014;456770.0;992;j
RS;tcainc992j;p59p60;2015;446343.31;992;j
RS;tcainc992j;p59p60;2016;462843.0;992;j
RS;tcainc992j;p59p60;2017;463120.91;992;j
RS;tcainc992j;p80p100;1990;737365.19;992;j
RS;tcainc992j;p80p100;1991;638518.38;992;j
RS;tcainc992j;p80p100;1992;435891.81;992;j
RS;tcainc992j;p80p100;1993;281600.81;992;j
RS;tcainc992j;p80p100;1994;288845.09;992;j
RS;tcainc992j;p80p100;1995;303597.69;992;j
RS;tcainc992j;p80p100;1996;305362.59;992;j
RS;tcainc992j;p80p100;1997;321258.09;992;j
RS;tcainc992j;p80p100;1998;346773.59;992;j
RS;tcainc992j;p80p100;1999;391763.69;992;j
RS;tcainc992j;p80p100;2000;421861.31;992;j
RS;tcainc992j;p80p100;2001;406495.91;992;j
RS;tcainc992j;p80p100;2002;432348.41;992;j
RS;tcainc992j;p80p100;2003;456290.91;992;j
RS;tcainc992j;p80p100;2004;553346.13;992;j
RS;tcainc992j;p80p100;2005;631436.0;992;j
RS;tcainc992j;p80p100;2006;667617.38;992;j
RS;tcainc992j;p80p100;2007;674591.31;992;j
RS;tcainc992j;p80p100;2008;733458.81;992;j
RS;tcainc992j;p80p100;2009;720538.31;992;j
RS;tcainc992j;p80p100;2010;731227.38;992;j
RS;tcainc992j;p80p100;2011;740327.31;992;j
RS;tcainc992j;p80p100;2012;739834.88;992;j
RS;tcainc992j;p80p100;2013;776491.0;992;j
RS;tcainc992j;p80p100;2014;707753.63;992;j
RS;tcainc992j;p80p100;2015;700287.81;992;j
RS;tcainc992j;p80p100;2016;726158.0;992;j
RS;tcainc992j;p80p100;2017;726568.81;992;j
RS;tcainc992j;p82p100;1990;765653.88;992;j
RS;tcainc992j;p82p100;1991;662518.13;992;j
RS;tcainc992j;p82p100;1992;451986.91;992;j
RS;tcainc992j;p82p100;1993;291402.5;992;j
RS;tcainc992j;p82p100;1994;298512.59;992;j
RS;tcainc992j;p82p100;1995;313512.41;992;j
RS;tcainc992j;p82p100;1996;314979.81;992;j
RS;tcainc992j;p82p100;1997;331057.0;992;j
RS;tcainc992j;p82p100;1998;357062.59;992;j
RS;tcainc992j;p82p100;1999;403973.31;992;j
RS;tcainc992j;p82p100;2000;433984.5;992;j
RS;tcainc992j;p82p100;2001;419343.5;992;j
RS;tcainc992j;p82p100;2002;445892.19;992;j
RS;tcainc992j;p82p100;2003;472393.19;992;j
RS;tcainc992j;p82p100;2004;572311.63;992;j
RS;tcainc992j;p82p100;2005;654418.0;992;j
RS;tcainc992j;p82p100;2006;694510.5;992;j
RS;tcainc992j;p82p100;2007;701726.31;992;j
RS;tcainc992j;p82p100;2008;762035.69;992;j
RS;tcainc992j;p82p100;2009;754019.81;992;j
RS;tcainc992j;p82p100;2010;767158.31;992;j
RS;tcainc992j;p82p100;2011;781900.88;992;j
RS;tcainc992j;p82p100;2012;775491.81;992;j
RS;tcainc992j;p82p100;2013;818036.31;992;j
RS;tcainc992j;p82p100;2014;743904.38;992;j
RS;tcainc992j;p82p100;2015;731106.31;992;j
RS;tcainc992j;p82p100;2016;758106.81;992;j
RS;tcainc992j;p82p100;2017;758749.19;992;j
RS;tcainc992j;p99.93p100;1990;7514791.0;992;j
RS;tcainc992j;p99.93p100;1991;6376431.5;992;j
RS;tcainc992j;p99.93p100;1992;4256340.0;992;j
RS;tcainc992j;p99.93p100;1993;2725513.3;992;j
RS;tcainc992j;p99.93p100;1994;2778112.3;992;j
RS;tcainc992j;p99.93p100;1995;2907656.3;992;j
RS;tcainc992j;p99.93p100;1996;2874755.3;992;j
RS;tcainc992j;p99.93p100;1997;2971872.5;992;j
RS;tcainc992j;p99.93p100;1998;3373471.0;992;j
RS;tcainc992j;p99.93p100;1999;4214027.5;992;j
RS;tcainc992j;p99.93p100;2000;4883394.0;992;j
RS;tcainc992j;p99.93p100;2001;5084568.5;992;j
RS;tcainc992j;p99.93p100;2002;5355532.5;992;j
RS;tcainc992j;p99.93p100;2003;5582279.5;992;j
RS;tcainc992j;p99.93p100;2004;6759536.5;992;j
RS;tcainc992j;p99.93p100;2005;8031977.5;992;j
RS;tcainc992j;p99.93p100;2006;8486249.0;992;j
RS;tcainc992j;p99.93p100;2007;8018415.5;992;j
RS;tcainc992j;p99.93p100;2008;8320473.0;992;j
RS;tcainc992j;p99.93p100;2009;8968425.0;992;j
RS;tcainc992j;p99.93p100;2010;9094280.0;992;j
RS;tcainc992j;p99.93p100;2011;9308926.0;992;j
RS;tcainc992j;p99.93p100;2012;10975368.0;992;j
RS;tcainc992j;p99.93p100;2013;10078863.0;992;j
RS;tcainc992j;p99.93p100;2014;12198325.0;992;j
RS;tcainc992j;p99.93p100;2015;15114198.0;992;j
RS;tcainc992j;p99.93p100;2016;15678605.0;992;j
RS;tcainc992j;p99.93p100;2017;15702688.0;992;j
RS;tcainc992j;p99.995p99.996;1990;30032664.0;992;j
RS;tcainc992j;p99.995p99.996;1991;24759206.0;992;j
RS;tcainc992j;p99.995p99.996;1992;15862459.0;992;j
RS;tcainc992j;p99.995p99.996;1993;9864745.0;992;j
RS;tcainc992j;p99.995p99.996;1994;9862233.0;992;j
RS;tcainc992j;p99.995p99.996;1995;10149123.0;992;j
RS;tcainc992j;p99.995p99.996;1996;9849479.0;992;j
RS;tcainc992j;p99.995p99.996;1997;9977152.0;992;j
RS;tcainc992j;p99.995p99.996;1998;11575838.0;992;j
RS;tcainc992j;p99.995p99.996;1999;15654186.0;992;j
RS;tcainc992j;p99.995p99.996;2000;18142686.0;992;j
RS;tcainc992j;p99.995p99.996;2001;20031322.0;992;j
RS;tcainc992j;p99.995p99.996;2002;20133902.0;992;j
RS;tcainc992j;p99.995p99.996;2003;21050710.0;992;j
RS;tcainc992j;p99.995p99.996;2004;25557832.0;992;j
RS;tcainc992j;p99.995p99.996;2005;31187386.0;992;j
RS;tcainc992j;p99.995p99.996;2006;31073554.0;992;j
RS;tcainc992j;p99.995p99.996;2007;27541690.0;992;j
RS;tcainc992j;p99.995p99.996;2008;26663032.0;992;j
RS;tcainc992j;p99.995p99.996;2009;31464018.0;992;j
RS;tcainc992j;p99.995p99.996;2010;30603900.0;992;j
RS;tcainc992j;p99.995p99.996;2011;30538584.0;992;j
RS;tcainc992j;p99.995p99.996;2012;43921548.0;992;j
RS;tcainc992j;p99.995p99.996;2013;35555768.0;992;j
RS;tcainc992j;p99.995p99.996;2014;58653644.0;992;j
RS;tcainc992j;p99.995p99.996;2015;87196952.0;992;j
RS;tcainc992j;p99.995p99.996;2016;90487160.0;992;j
RS;tcainc992j;p99.995p99.996;2017;90694136.0;992;j
RS;tdiinc992j;p27p100;1990;386166.91;992;j
RS;tdiinc992j;p27p100;1991;339340.09;992;j
RS;tdiinc992j;p27p100;1992;234992.59;992;j
RS;tdiinc992j;p27p100;1993;154067.3;992;j
RS;tdiinc992j;p27p100;1994;160634.41;992;j
RS;tdiinc992j;p27p100;1995;171392.7;992;j
RS;tdiinc992j;p27p100;1996;175090.3;992;j
RS;tdiinc992j;p27p100;1997;188249.3;992;j
RS;tdiinc992j;p27p100;1998;198412.91;992;j
RS;tdiinc992j;p27p100;1999;213707.8;992;j
RS;tdiinc992j;p27p100;2000;236705.91;992;j
RS;tdiinc992j;p27p100;2001;236862.2;992;j
RS;tdiinc992j;p27p100;2002;250028.5;992;j
RS;tdiinc992j;p27p100;2003;258728.7;992;j
RS;tdiinc992j;p27p100;2004;279921.09;992;j
RS;tdiinc992j;p27p100;2005;306451.31;992;j
RS;tdiinc992j;p27p100;2006;310602.69;992;j
RS;tdiinc992j;p27p100;2007;318972.81;992;j
RS;tdiinc992j;p27p100;2008;330498.09;992;j
RS;tdiinc992j;p27p100;2009;312316.09;992;j
RS;tdiinc992j;p27p100;2010;293935.0;992;j
RS;tdiinc992j;p27p100;2011;273720.69;992;j
RS;tdiinc992j;p27p100;2012;280825.69;992;j
RS;tdiinc992j;p27p100;2013;256350.8;992;j
RS;tdiinc992j;p27p100;2014;274545.5;992;j
RS;tdiinc992j;p27p100;2015;257452.5;992;j
RS;tdiinc992j;p27p100;2016;259901.8;992;j
RS;tdiinc992j;p27p100;2017;260701.3;992;j
RS;tdiinc992j;p30p40;1990;423421.31;992;j
RS;tdiinc992j;p30p40;1991;370547.09;992;j
RS;tdiinc992j;p30p40;1992;255789.41;992;j
RS;tdiinc992j;p30p40;1993;167186.3;992;j
RS;tdiinc992j;p30p40;1994;173520.91;992;j
RS;tdiinc992j;p30p40;1995;184650.8;992;j
RS;tdiinc992j;p30p40;1996;187819.0;992;j
RS;tdiinc992j;p30p40;1997;201088.3;992;j
RS;tdiinc992j;p30p40;1998;208884.91;992;j
RS;tdiinc992j;p30p40;1999;225410.41;992;j
RS;tdiinc992j;p30p40;2000;247955.41;992;j
RS;tdiinc992j;p30p40;2001;247823.09;992;j
RS;tdiinc992j;p30p40;2002;264631.31;992;j
RS;tdiinc992j;p30p40;2003;272830.0;992;j
RS;tdiinc992j;p30p40;2004;299528.41;992;j
RS;tdiinc992j;p30p40;2005;328236.91;992;j
RS;tdiinc992j;p30p40;2006;336548.19;992;j
RS;tdiinc992j;p30p40;2007;348206.41;992;j
RS;tdiinc992j;p30p40;2008;362559.91;992;j
RS;tdiinc992j;p30p40;2009;345722.0;992;j
RS;tdiinc992j;p30p40;2010;329627.5;992;j
RS;tdiinc992j;p30p40;2011;311888.91;992;j
RS;tdiinc992j;p30p40;2012;313049.5;992;j
RS;tdiinc992j;p30p40;2013;299701.81;992;j
RS;tdiinc992j;p30p40;2014;312102.19;992;j
RS;tdiinc992j;p30p40;2015;296924.31;992;j
RS;tdiinc992j;p30p40;2016;301112.69;992;j
RS;tdiinc992j;p30p40;2017;302142.81;992;j
RS;tdiinc992j;p35p100;1990;477348.69;992;j
RS;tdiinc992j;p35p100;1991;415938.59;992;j
RS;tdiinc992j;p35p100;1992;286014.5;992;j
RS;tdiinc992j;p35p100;1993;186228.0;992;j
RS;tdiinc992j;p35p100;1994;192323.59;992;j
RS;tdiinc992j;p35p100;1995;203589.59;992;j
RS;tdiinc992j;p35p100;1996;206374.2;992;j
RS;tdiinc992j;p35p100;1997;220220.59;992;j
RS;tdiinc992j;p35p100;1998;225019.41;992;j
RS;tdiinc992j;p35p100;1999;244081.5;992;j
RS;tdiinc992j;p35p100;2000;268165.0;992;j
RS;tdiinc992j;p35p100;2001;264920.91;992;j
RS;tdiinc992j;p35p100;2002;284085.59;992;j
RS;tdiinc992j;p35p100;2003;297435.19;992;j
RS;tdiinc992j;p35p100;2004;328045.91;992;j
RS;tdiinc992j;p35p100;2005;358578.59;992;j
RS;tdiinc992j;p35p100;2006;372569.69;992;j
RS;tdiinc992j;p35p100;2007;381299.41;992;j
RS;tdiinc992j;p35p100;2008;400565.91;992;j
RS;tdiinc992j;p35p100;2009;386215.09;992;j
RS;tdiinc992j;p35p100;2010;377015.5;992;j
RS;tdiinc992j;p35p100;2011;368311.09;992;j
RS;tdiinc992j;p35p100;2012;360364.91;992;j
RS;tdiinc992j;p35p100;2013;357879.31;992;j
RS;tdiinc992j;p35p100;2014;356615.0;992;j
RS;tdiinc992j;p35p100;2015;351483.19;992;j
RS;tdiinc992j;p35p100;2016;358064.0;992;j
RS;tdiinc992j;p35p100;2017;359519.0;992;j
RS;tdiinc992j;p40p41;1990;526833.0;992;j
RS;tdiinc992j;p40p41;1991;458558.31;992;j
RS;tdiinc992j;p40p41;1992;314762.19;992;j
RS;tdiinc992j;p40p41;1993;204430.59;992;j
RS;tdiinc992j;p40p41;1994;210853.41;992;j
RS;tdiinc992j;p40p41;1995;222734.91;992;j
RS;tdiinc992j;p40p41;1996;225324.09;992;j
RS;tdiinc992j;p40p41;1997;239805.0;992;j
RS;tdiinc992j;p40p41;1998;245330.8;992;j
RS;tdiinc992j;p40p41;1999;266933.19;992;j
RS;tdiinc992j;p40p41;2000;291741.41;992;j
RS;tdiinc992j;p40p41;2001;290221.91;992;j
RS;tdiinc992j;p40p41;2002;311391.69;992;j
RS;tdiinc992j;p40p41;2003;324029.31;992;j
RS;tdiinc992j;p40p41;2004;358265.91;992;j
RS;tdiinc992j;p40p41;2005;393234.31;992;j
RS;tdiinc992j;p40p41;2006;407787.09;992;j
RS;tdiinc992j;p40p41;2007;420137.69;992;j
RS;tdiinc992j;p40p41;2008;444573.81;992;j
RS;tdiinc992j;p40p41;2009;431194.19;992;j
RS;tdiinc992j;p40p41;2010;422387.41;992;j
RS;tdiinc992j;p40p41;2011;416070.91;992;j
RS;tdiinc992j;p40p41;2012;406156.0;992;j
RS;tdiinc992j;p40p41;2013;410093.19;992;j
RS;tdiinc992j;p40p41;2014;405273.0;992;j
RS;tdiinc992j;p40p41;2015;401446.0;992;j
RS;tdiinc992j;p40p41;2016;410036.09;992;j
RS;tdiinc992j;p40p41;2017;412068.19;992;j
RS;tdiinc992j;p89p90;1990;1228059.3;992;j
RS;tdiinc992j;p89p90;1991;1062552.1;992;j
RS;tdiinc992j;p89p90;1992;725223.63;992;j
RS;tdiinc992j;p89p90;1993;467000.5;992;j
RS;tdiinc992j;p89p90;1994;478672.19;992;j
RS;tdiinc992j;p89p90;1995;502152.59;992;j
RS;tdiinc992j;p89p90;1996;503819.31;992;j
RS;tdiinc992j;p89p90;1997;530946.69;992;j
RS;tdiinc992j;p89p90;1998;561844.38;992;j
RS;tdiinc992j;p89p90;1999;612214.31;992;j
RS;tdiinc992j;p89p90;2000;664770.81;992;j
RS;tdiinc992j;p89p90;2001;659327.5;992;j
RS;tdiinc992j;p89p90;2002;714471.38;992;j
RS;tdiinc992j;p89p90;2003;767513.38;992;j
RS;tdiinc992j;p89p90;2004;889228.38;992;j
RS;tdiinc992j;p89p90;2005;1004095.3;992;j
RS;tdiinc992j;p89p90;2006;1069791.1;992;j
RS;tdiinc992j;p89p90;2007;1116185.9;992;j
RS;tdiinc992j;p89p90;2008;1195955.1;992;j
RS;tdiinc992j;p89p90;2009;1179240.5;992;j
RS;tdiinc992j;p89p90;2010;1203609.5;992;j
RS;tdiinc992j;p89p90;2011;1229376.9;992;j
RS;tdiinc992j;p89p90;2012;1203354.4;992;j
RS;tdiinc992j;p89p90;2013;1251612.4;992;j
RS;tdiinc992j;p89p90;2014;1163611.8;992;j
RS;tdiinc992j;p89p90;2015;1140057.8;992;j
RS;tdiinc992j;p89p90;2016;1181397.4;992;j
RS;tdiinc992j;p89p90;2017;1189151.3;992;j
RS;tdiinc992j;p99.994p100;1990;36014244.0;992;j
RS;tdiinc992j;p99.994p100;1991;29763462.0;992;j
RS;tdiinc992j;p99.994p100;1992;19132392.0;992;j
RS;tdiinc992j;p99.994p100;1993;11928051.0;992;j
RS;tdiinc992j;p99.994p100;1994;11945828.0;992;j
RS;tdiinc992j;p99.994p100;1995;12312703.0;992;j
RS;tdiinc992j;p99.994p100;1996;11967864.0;992;j
RS;tdiinc992j;p99.994p100;1997;12179901.0;992;j
RS;tdiinc992j;p99.994p100;1998;13697529.0;992;j
RS;tdiinc992j;p99.994p100;1999;17857268.0;992;j
RS;tdiinc992j;p99.994p100;2000;20798314.0;992;j
RS;tdiinc992j;p99.994p100;2001;23373706.0;992;j
RS;tdiinc992j;p99.994p100;2002;24037418.0;992;j
RS;tdiinc992j;p99.994p100;2003;25034170.0;992;j
RS;tdiinc992j;p99.994p100;2004;28634020.0;992;j
RS;tdiinc992j;p99.994p100;2005;34186320.0;992;j
RS;tdiinc992j;p99.994p100;2006;34212380.0;992;j
RS;tdiinc992j;p99.994p100;2007;31258078.0;992;j
RS;tdiinc992j;p99.994p100;2008;30191770.0;992;j
RS;tdiinc992j;p99.994p100;2009;35214844.0;992;j
RS;tdiinc992j;p99.994p100;2010;34238064.0;992;j
RS;tdiinc992j;p99.994p100;2011;34126188.0;992;j
RS;tdiinc992j;p99.994p100;2012;48239484.0;992;j
RS;tdiinc992j;p99.994p100;2013;39417760.0;992;j
RS;tdiinc992j;p99.994p100;2014;63553740.0;992;j
RS;tdiinc992j;p99.994p100;2015;93097224.0;992;j
RS;tdiinc992j;p99.994p100;2016;97248496.0;992;j
RS;tdiinc992j;p99.994p100;2017;98087688.0;992;j
RS;tptinc992j;p84p100;1990;1133009.6;992;j
RS;tptinc992j;p84p100;1991;980429.63;992;j
RS;tptinc992j;p84p100;1992;669102.38;992;j
RS;tptinc992j;p84p100;1993;432425.69;992;j
RS;tptinc992j;p84p100;1994;443356.0;992;j
RS;tptinc992j;p84p100;1995;466137.19;992;j
RS;tptinc992j;p84p100;1996;468534.69;992;j
RS;tptinc992j;p84p100;1997;495582.59;992;j
RS;tptinc992j;p84p100;1998;513624.41;992;j
RS;tptinc992j;p84p100;1999;560240.81;992;j
RS;tptinc992j;p84p100;2000;608294.88;992;j
RS;tptinc992j;p84p100;2001;602189.88;992;j
RS;tptinc992j;p84p100;2002;658898.88;992;j
RS;tptinc992j;p84p100;2003;690963.88;992;j
RS;tptinc992j;p84p100;2004;783867.31;992;j
RS;tptinc992j;p84p100;2005;882937.5;992;j
RS;tptinc992j;p84p100;2006;938311.0;992;j
RS;tptinc992j;p84p100;2007;992229.38;992;j
RS;tptinc992j;p84p100;2008;1069724.4;992;j
RS;tptinc992j;p84p100;2009;1051587.3;992;j
RS;tptinc992j;p84p100;2010;1062074.8;992;j
RS;tptinc992j;p84p100;2011;1076292.8;992;j
RS;tptinc992j;p84p100;2012;1094961.5;992;j
RS;tptinc992j;p84p100;2013;1126443.6;992;j
RS;tptinc992j;p84p100;2014;1079066.5;992;j
RS;tptinc992j;p84p100;2015;1075895.0;992;j
RS;tptinc992j;p84p100;2016;1108967.5;992;j
RS;tptinc992j;p84p100;2017;1115195.6;992;j
RS;acainc992j;p38p100;1990;721232.13;992;j
RS;acainc992j;p38p100;1991;624984.0;992;j
RS;acainc992j;p38p100;1992;427064.19;992;j
RS;acainc992j;p38p100;1993;276364.5;992;j
RS;acainc992j;p38p100;1994;284020.19;992;j
RS;acainc992j;p38p100;1995;299129.59;992;j
RS;acainc992j;p38p100;1996;300822.59;992;j
RS;acainc992j;p38p100;1997;316651.0;992;j
RS;acainc992j;p38p100;1998;345760.69;992;j
RS;acainc992j;p38p100;1999;394861.5;992;j
RS;acainc992j;p38p100;2000;429527.19;992;j
RS;acainc992j;p38p100;2001;419173.0;992;j
RS;acainc992j;p38p100;2002;443038.5;992;j
RS;acainc992j;p38p100;2003;468237.31;992;j
RS;acainc992j;p38p100;2004;565495.0;992;j
RS;acainc992j;p38p100;2005;646688.19;992;j
RS;acainc992j;p38p100;2006;687731.5;992;j
RS;acainc992j;p38p100;2007;689425.31;992;j
RS;acainc992j;p38p100;2008;741380.0;992;j
RS;acainc992j;p38p100;2009;736456.19;992;j
RS;acainc992j;p38p100;2010;746334.81;992;j
RS;acainc992j;p38p100;2011;760354.5;992;j
RS;acainc992j;p38p100;2012;760742.81;992;j
RS;acainc992j;p38p100;2013;781206.0;992;j
RS;acainc992j;p38p100;2014;750250.69;992;j
RS;acainc992j;p38p100;2015;769662.88;992;j
RS;acainc992j;p38p100;2016;798165.63;992;j
RS;acainc992j;p38p100;2017;798947.81;992;j
RS;acainc992j;p40p41;1990;363848.19;992;j
RS;acainc992j;p40p41;1991;316749.59;992;j
RS;acainc992j;p40p41;1992;217435.59;992;j
RS;acainc992j;p40p41;1993;141166.59;992;j
RS;acainc992j;p40p41;1994;145581.3;992;j
RS;acainc992j;p40p41;1995;153809.09;992;j
RS;acainc992j;p40p41;1996;155602.09;992;j
RS;acainc992j;p40p41;1997;164776.7;992;j
RS;acainc992j;p40p41;1998;176712.8;992;j
RS;acainc992j;p40p41;1999;200895.91;992;j
RS;acainc992j;p40p41;2000;216440.7;992;j
RS;acainc992j;p40p41;2001;209867.91;992;j
RS;acainc992j;p40p41;2002;217363.2;992;j
RS;acainc992j;p40p41;2003;227011.5;992;j
RS;acainc992j;p40p41;2004;266868.31;992;j
RS;acainc992j;p40p41;2005;298002.09;992;j
RS;acainc992j;p40p41;2006;307990.69;992;j
RS;acainc992j;p40p41;2007;305691.59;992;j
RS;acainc992j;p40p41;2008;324632.09;992;j
RS;acainc992j;p40p41;2009;316786.91;992;j
RS;acainc992j;p40p41;2010;309100.59;992;j
RS;acainc992j;p40p41;2011;307479.81;992;j
RS;acainc992j;p40p41;2012;298251.09;992;j
RS;acainc992j;p40p41;2013;301078.5;992;j
RS;acainc992j;p40p41;2014;298230.69;992;j
RS;acainc992j;p40p41;2015;294826.19;992;j
RS;acainc992j;p40p41;2016;305789.81;992;j
RS;acainc992j;p40p41;2017;305943.41;992;j
RS;adiinc992j;p14p100;1990;827233.13;992;j
RS;adiinc992j;p14p100;1991;718051.63;992;j
RS;adiinc992j;p14p100;1992;491543.69;992;j
RS;adiinc992j;p14p100;1993;318620.59;992;j
RS;adiinc992j;p14p100;1994;327993.0;992;j
RS;adiinc992j;p14p100;1995;346008.31;992;j
RS;adiinc992j;p14p100;1996;348628.31;992;j
RS;adiinc992j;p14p100;1997;369340.81;992;j
RS;adiinc992j;p14p100;1998;388091.19;992;j
RS;adiinc992j;p14p100;1999;425286.0;992;j
RS;adiinc992j;p14p100;2000;467787.91;992;j
RS;adiinc992j;p14p100;2001;467093.31;992;j
RS;adiinc992j;p14p100;2002;504471.59;992;j
RS;adiinc992j;p14p100;2003;530231.81;992;j
RS;adiinc992j;p14p100;2004;598779.63;992;j
RS;adiinc992j;p14p100;2005;668787.88;992;j
RS;adiinc992j;p14p100;2006;707372.38;992;j
RS;adiinc992j;p14p100;2007;730727.63;992;j
RS;adiinc992j;p14p100;2008;778086.88;992;j
RS;adiinc992j;p14p100;2009;764286.81;992;j
RS;adiinc992j;p14p100;2010;767295.81;992;j
RS;adiinc992j;p14p100;2011;771436.13;992;j
RS;adiinc992j;p14p100;2012;771196.63;992;j
RS;adiinc992j;p14p100;2013;786164.63;992;j
RS;adiinc992j;p14p100;2014;763248.81;992;j
RS;adiinc992j;p14p100;2015;773328.63;992;j
RS;adiinc992j;p14p100;2016;798463.19;992;j
RS;adiinc992j;p14p100;2017;803325.38;992;j
RS;adiinc992j;p66p67;1990;812640.69;992;j
RS;adiinc992j;p66p67;1991;705580.69;992;j
RS;adiinc992j;p66p67;1992;482462.19;992;j
RS;adiinc992j;p66p67;1993;312194.91;992;j
RS;adiinc992j;p66p67;1994;320572.81;992;j
RS;adiinc992j;p66p67;1995;337349.59;992;j
RS;adiinc992j;p66p67;1996;339734.81;992;j
RS;adiinc992j;p66p67;1997;359799.31;992;j
RS;adiinc992j;p66p67;1998;377018.19;992;j
RS;adiinc992j;p66p67;1999;409394.5;992;j
RS;adiinc992j;p66p67;2000;443217.31;992;j
RS;adiinc992j;p66p67;2001;440197.41;992;j
RS;adiinc992j;p66p67;2002;478024.31;992;j
RS;adiinc992j;p66p67;2003;501860.59;992;j
RS;adiinc992j;p66p67;2004;566909.81;992;j
RS;adiinc992j;p66p67;2005;625424.0;992;j
RS;adiinc992j;p66p67;2006;661687.88;992;j
RS;adiinc992j;p66p67;2007;686969.5;992;j
RS;adiinc992j;p66p67;2008;734118.19;992;j
RS;adiinc992j;p66p67;2009;716108.19;992;j
RS;adiinc992j;p66p67;2010;714294.38;992;j
RS;adiinc992j;p66p67;2011;714547.38;992;j
RS;adiinc992j;p66p67;2012;709564.13;992;j
RS;adiinc992j;p66p67;2013;740243.13;992;j
RS;adiinc992j;p66p67;2014;699810.69;992;j
RS;adiinc992j;p66p67;2015;680929.63;992;j
RS;adiinc992j;p66p67;2016;701841.63;992;j
RS;adiinc992j;p66p67;2017;705944.63;992;j
RS;adiinc992j;p99.5p99.6;1990;4038053.0;992;j
RS;adiinc992j;p99.5p99.6;1991;3484122.0;992;j
RS;adiinc992j;p99.5p99.6;1992;2378194.5;992;j
RS;adiinc992j;p99.5p99.6;1993;1545200.4;992;j
RS;adiinc992j;p99.5p99.6;1994;1590804.4;992;j
RS;adiinc992j;p99.5p99.6;1995;1679251.9;992;j
RS;adiinc992j;p99.5p99.6;1996;1678880.3;992;j
RS;adiinc992j;p99.5p99.6;1997;1762417.4;992;j
RS;adiinc992j;p99.5p99.6;1998;1909484.1;992;j
RS;adiinc992j;p99.5p99.6;1999;2194577.5;992;j
RS;adiinc992j;p99.5p99.6;2000;2530645.3;992;j
RS;adiinc992j;p99.5p99.6;2001;2595733.0;992;j
RS;adiinc992j;p99.5p99.6;2002;2855244.3;992;j
RS;adiinc992j;p99.5p99.6;2003;2973308.0;992;j
RS;adiinc992j;p99.5p99.6;2004;3394510.0;992;j
RS;adiinc992j;p99.5p99.6;2005;3888295.5;992;j
RS;adiinc992j;p99.5p99.6;2006;4228874.5;992;j
RS;adiinc992j;p99.5p99.6;2007;4267345.0;992;j
RS;adiinc992j;p99.5p99.6;2008;4564145.5;992;j
RS;adiinc992j;p99.5p99.6;2009;4637379.5;992;j
RS;adiinc992j;p99.5p99.6;2010;4789166.0;992;j
RS;adiinc992j;p99.5p99.6;2011;4947719.5;992;j
RS;adiinc992j;p99.5p99.6;2012;5158602.0;992;j
RS;adiinc992j;p99.5p99.6;2013;5115583.5;992;j
RS;adiinc992j;p99.5p99.6;2014;5145996.0;992;j
RS;adiinc992j;p99.5p99.6;2015;5638387.5;992;j
RS;adiinc992j;p99.5p99.6;2016;5877976.5;992;j
RS;adiinc992j;p99.5p99.6;2017;5921102.5;992;j
RS;adiinc992j;p99.8p99.9;1990;6908418.0;992;j
RS;adiinc992j;p99.8p99.9;1991;5905594.0;992;j
RS;adiinc992j;p99.8p99.9;1992;3981787.8;992;j
RS;adiinc992j;p99.8p99.9;1993;2567185.5;992;j
RS;adiinc992j;p99.8p99.9;1994;2628987.5;992;j
RS;adiinc992j;p99.8p99.9;1995;2762780.0;992;j
RS;adiinc992j;p99.8p99.9;1996;2744833.0;992;j
RS;adiinc992j;p99.8p99.9;1997;2861534.0;992;j
RS;adiinc992j;p99.8p99.9;1998;3130798.8;992;j
RS;adiinc992j;p99.8p99.9;1999;3709898.3;992;j
RS;adiinc992j;p99.8p99.9;2000;4310034.0;992;j
RS;adiinc992j;p99.8p99.9;2001;4517943.5;992;j
RS;adiinc992j;p99.8p99.9;2002;4906048.0;992;j
RS;adiinc992j;p99.8p99.9;2003;5097441.0;992;j
RS;adiinc992j;p99.8p99.9;2004;5815288.5;992;j
RS;adiinc992j;p99.8p99.9;2005;6726385.0;992;j
RS;adiinc992j;p99.8p99.9;2006;7201180.5;992;j
RS;adiinc992j;p99.8p99.9;2007;7099863.5;992;j
RS;adiinc992j;p99.8p99.9;2008;7434141.5;992;j
RS;adiinc992j;p99.8p99.9;2009;7792709.5;992;j
RS;adiinc992j;p99.8p99.9;2010;7950640.0;992;j
RS;adiinc992j;p99.8p99.9;2011;8157759.0;992;j
RS;adiinc992j;p99.8p99.9;2012;9121509.0;992;j
RS;adiinc992j;p99.8p99.9;2013;8650753.0;992;j
RS;adiinc992j;p99.8p99.9;2014;9682568.0;992;j
RS;adiinc992j;p99.8p99.9;2015;11402537.0;992;j
RS;adiinc992j;p99.8p99.9;2016;11897712.0;992;j
RS;adiinc992j;p99.8p99.9;2017;11988991.0;992;j
RS;aptinc992j;p41p42;1990;509409.91;992;j
RS;aptinc992j;p41p42;1991;438854.09;992;j
RS;aptinc992j;p41p42;1992;298291.0;992;j
RS;aptinc992j;p41p42;1993;191909.2;992;j
RS;aptinc992j;p41p42;1994;196122.8;992;j
RS;aptinc992j;p41p42;1995;205507.3;992;j
RS;aptinc992j;p41p42;1996;205818.09;992;j
RS;aptinc992j;p41p42;1997;216799.0;992;j
RS;aptinc992j;p41p42;1998;223304.7;992;j
RS;aptinc992j;p41p42;1999;244498.5;992;j
RS;aptinc992j;p41p42;2000;265845.59;992;j
RS;aptinc992j;p41p42;2001;264464.59;992;j
RS;aptinc992j;p41p42;2002;281839.91;992;j
RS;aptinc992j;p41p42;2003;294219.91;992;j
RS;aptinc992j;p41p42;2004;326656.31;992;j
RS;aptinc992j;p41p42;2005;356282.69;992;j
RS;aptinc992j;p41p42;2006;372108.19;992;j
RS;aptinc992j;p41p42;2007;386407.41;992;j
RS;aptinc992j;p41p42;2008;407493.09;992;j
RS;aptinc992j;p41p42;2009;398339.0;992;j
RS;aptinc992j;p41p42;2010;390582.59;992;j
RS;aptinc992j;p41p42;2011;382124.91;992;j
RS;aptinc992j;p41p42;2012;377217.41;992;j
RS;aptinc992j;p41p42;2013;393219.81;992;j
RS;aptinc992j;p41p42;2014;372918.0;992;j
RS;aptinc992j;p41p42;2015;386222.59;992;j
RS;aptinc992j;p41p42;2016;398068.19;992;j
RS;aptinc992j;p41p42;2017;400164.41;992;j
RS;aptinc992j;p4p100;1990;762989.63;992;j
RS;aptinc992j;p4p100;1991;662360.19;992;j
RS;aptinc992j;p4p100;1992;453487.59;992;j
RS;aptinc992j;p4p100;1993;294007.91;992;j
RS;aptinc992j;p4p100;1994;302723.0;992;j
RS;aptinc992j;p4p100;1995;319419.91;992;j
RS;aptinc992j;p4p100;1996;321920.59;992;j
RS;aptinc992j;p4p100;1997;341192.5;992;j
RS;aptinc992j;p4p100;1998;358762.09;992;j
RS;aptinc992j;p4p100;1999;392783.0;992;j
RS;aptinc992j;p4p100;2000;431920.41;992;j
RS;aptinc992j;p4p100;2001;431179.09;992;j
RS;aptinc992j;p4p100;2002;464190.19;992;j
RS;aptinc992j;p4p100;2003;487592.09;992;j
RS;aptinc992j;p4p100;2004;548974.0;992;j
RS;aptinc992j;p4p100;2005;612331.5;992;j
RS;aptinc992j;p4p100;2006;646531.81;992;j
RS;aptinc992j;p4p100;2007;667225.5;992;j
RS;aptinc992j;p4p100;2008;710657.69;992;j
RS;aptinc992j;p4p100;2009;698271.13;992;j
RS;aptinc992j;p4p100;2010;700217.13;992;j
RS;aptinc992j;p4p100;2011;702738.81;992;j
RS;aptinc992j;p4p100;2012;701825.19;992;j
RS;aptinc992j;p4p100;2013;718901.63;992;j
RS;aptinc992j;p4p100;2014;704780.38;992;j
RS;aptinc992j;p4p100;2015;709739.5;992;j
RS;aptinc992j;p4p100;2016;731713.38;992;j
RS;aptinc992j;p4p100;2017;736046.88;992;j
RS;aptinc992j;p53p100;1990;1187015.1;992;j
RS;aptinc992j;p53p100;1991;1031506.4;992;j
RS;aptinc992j;p53p100;1992;706885.88;992;j
RS;aptinc992j;p53p100;1993;458730.0;992;j
RS;aptinc992j;p53p100;1994;472778.81;992;j
RS;aptinc992j;p53p100;1995;499345.81;992;j
RS;aptinc992j;p53p100;1996;503525.41;992;j
RS;aptinc992j;p53p100;1997;534009.81;992;j
RS;aptinc992j;p53p100;1998;560640.88;992;j
RS;aptinc992j;p53p100;1999;614112.88;992;j
RS;aptinc992j;p53p100;2000;678314.63;992;j
RS;aptinc992j;p53p100;2001;677706.19;992;j
RS;aptinc992j;p53p100;2002;737285.63;992;j
RS;aptinc992j;p53p100;2003;778472.0;992;j
RS;aptinc992j;p53p100;2004;884731.63;992;j
RS;aptinc992j;p53p100;2005;995908.69;992;j
RS;aptinc992j;p53p100;2006;1060362.4;992;j
RS;aptinc992j;p53p100;2007;1096996.4;992;j
RS;aptinc992j;p53p100;2008;1177802.3;992;j
RS;aptinc992j;p53p100;2009;1163808.8;992;j
RS;aptinc992j;p53p100;2010;1177471.4;992;j
RS;aptinc992j;p53p100;2011;1194694.9;992;j
RS;aptinc992j;p53p100;2012;1197107.6;992;j
RS;aptinc992j;p53p100;2013;1225652.6;992;j
RS;aptinc992j;p53p100;2014;1210405.9;992;j
RS;aptinc992j;p53p100;2015;1209673.1;992;j
RS;aptinc992j;p53p100;2016;1247112.6;992;j
RS;aptinc992j;p53p100;2017;1254834.5;992;j
RS;aptinc992j;p91p100;1990;2306745.0;992;j
RS;aptinc992j;p91p100;1991;2017972.3;992;j
RS;aptinc992j;p91p100;1992;1391834.5;992;j
RS;aptinc992j;p91p100;1993;909100.88;992;j
RS;aptinc992j;p91p100;1994;943137.81;992;j
RS;aptinc992j;p91p100;1995;1002872.1;992;j
RS;aptinc992j;p91p100;1996;1015363.2;992;j
RS;aptinc992j;p91p100;1997;1081073.5;992;j
RS;aptinc992j;p91p100;1998;1145653.1;992;j
RS;aptinc992j;p91p100;1999;1271651.3;992;j
RS;aptinc992j;p91p100;2000;1440034.8;992;j
RS;aptinc992j;p91p100;2001;1458073.8;992;j
RS;aptinc992j;p91p100;2002;1591977.4;992;j
RS;aptinc992j;p91p100;2003;1686586.3;992;j
RS;aptinc992j;p91p100;2004;1948077.3;992;j
RS;aptinc992j;p91p100;2005;2211762.0;992;j
RS;aptinc992j;p91p100;2006;2360352.0;992;j
RS;aptinc992j;p91p100;2007;2390485.0;992;j
RS;aptinc992j;p91p100;2008;2569656.8;992;j
RS;aptinc992j;p91p100;2009;2551807.8;992;j
RS;aptinc992j;p91p100;2010;2633695.8;992;j
RS;aptinc992j;p91p100;2011;2709559.0;992;j
RS;aptinc992j;p91p100;2012;2675949.0;992;j
RS;aptinc992j;p91p100;2013;2713754.3;992;j
RS;aptinc992j;p91p100;2014;2794523.0;992;j
RS;aptinc992j;p91p100;2015;2764087.3;992;j
RS;aptinc992j;p91p100;2016;2850883.0;992;j
RS;aptinc992j;p91p100;2017;2870277.0;992;j
RS;aptinc992j;p99.993p100;1990;78778672.0;992;j
RS;aptinc992j;p99.993p100;1991;71428344.0;992;j
RS;aptinc992j;p99.993p100;1992;50153900.0;992;j
RS;aptinc992j;p99.993p100;1993;33904880.0;992;j
RS;aptinc992j;p99.993p100;1994;35608820.0;992;j
RS;aptinc992j;p99.993p100;1995;39090660.0;992;j
RS;aptinc992j;p99.993p100;1996;40630360.0;992;j
RS;aptinc992j;p99.993p100;1997;44521624.0;992;j
RS;aptinc992j;p99.993p100;1998;45633524.0;992;j
RS;aptinc992j;p99.993p100;1999;55313884.0;992;j
RS;aptinc992j;p99.993p100;2000;65711868.0;992;j
RS;aptinc992j;p99.993p100;2001;72540896.0;992;j
RS;aptinc992j;p99.993p100;2002;74422344.0;992;j
RS;aptinc992j;p99.993p100;2003;75330032.0;992;j
RS;aptinc992j;p99.993p100;2004;87293904.0;992;j
RS;aptinc992j;p99.993p100;2005;91721208.0;992;j
RS;aptinc992j;p99.993p100;2006;98079664.0;992;j
RS;aptinc992j;p99.993p100;2007;91325120.0;992;j
RS;aptinc992j;p99.993p100;2008;100381840.0;992;j
RS;aptinc992j;p99.993p100;2009;96287720.0;992;j
RS;aptinc992j;p99.993p100;2010;91302376.0;992;j
RS;aptinc992j;p99.993p100;2011;98103208.0;992;j
RS;aptinc992j;p99.993p100;2012;69942632.0;992;j
RS;aptinc992j;p99.993p100;2013;81375760.0;992;j
RS;aptinc992j;p99.993p100;2014;146164352.0;992;j
RS;aptinc992j;p99.993p100;2015;143037216.0;992;j
RS;aptinc992j;p99.993p100;2016;147605488.0;992;j
RS;aptinc992j;p99.993p100;2017;148565120.0;992;j
RS;bcainc992j;p0p100;1990;13.651267;992;j
RS;bcainc992j;p0p100;1991;16.14724;992;j
RS;bcainc992j;p0p100;1992;19.670305;992;j
RS;bcainc992j;p0p100;1993;25.086342;992;j
RS;bcainc992j;p0p100;1994;34.513554;992;j
RS;bcainc992j;p0p100;1995;51.701439;992;j
RS;bcainc992j;p0p100;1996;114.28984;992;j
RS;bcainc992j;p0p100;1997;-463.91632;992;j
RS;bcainc992j;p0p100;1998;1136.8508;992;j
RS;bcainc992j;p0p100;1999;255.64963;992;j
RS;bcainc992j;p0p100;2000;-107.16663;992;j
RS;bcainc992j;p0p100;2001;-96.202713;992;j
RS;bcainc992j;p0p100;2002;-55.586918;992;j
RS;bcainc992j;p0p100;2003;252.56357;992;j
RS;bcainc992j;p0p100;2004;172.97697;992;j
RS;bcainc992j;p0p100;2005;200.20985;992;j
RS;bcainc992j;p0p100;2006;112.46957;992;j
RS;bcainc992j;p0p100;2007;-0.036603857;992;j
RS;bcainc992j;p0p100;2008;-0.024455201;992;j
RS;bcainc992j;p0p100;2009;51.122345;992;j
RS;bcainc992j;p0p100;2010;50.963154;992;j
RS;bcainc992j;p0p100;2011;57.225235;992;j
RS;bcainc992j;p0p100;2012;76.65213;992;j
RS;bcainc992j;p0p100;2013;-37.404377;992;j
RS;bcainc992j;p0p100;2014;24.050371;992;j
RS;bcainc992j;p0p100;2015;41.094902;992;j
RS;bcainc992j;p0p100;2016;45.288197;992;j
RS;bcainc992j;p0p100;2017;50.692825;992;j
RS;bcainc992j;p12p100;1990;4.454628;992;j
RS;bcainc992j;p12p100;1991;4.3811688;992;j
RS;bcainc992j;p12p100;1992;4.2880979;992;j
RS;bcainc992j;p12p100;1993;4.2011685;992;j
RS;bcainc992j;p12p100;1994;4.1153741;992;j
RS;bcainc992j;p12p100;1995;4.0544405;992;j
RS;bcainc992j;p12p100;1996;3.9489675;992;j
RS;bcainc992j;p12p100;1997;3.8743777;992;j
RS;bcainc992j;p12p100;1998;3.5124021;992;j
RS;bcainc992j;p12p100;1999;3.5127249;992;j
RS;bcainc992j;p12p100;2000;3.6249876;992;j
RS;bcainc992j;p12p100;2001;3.6651499;992;j
RS;bcainc992j;p12p100;2002;4.1869345;992;j
RS;bcainc992j;p12p100;2003;4.5177789;992;j
RS;bcainc992j;p12p100;2004;5.3722391;992;j
RS;bcainc992j;p12p100;2005;6.0006347;992;j
RS;bcainc992j;p12p100;2006;6.8494453;992;j
RS;bcainc992j;p12p100;2007;7.8019776;992;j
RS;bcainc992j;p12p100;2008;8.3396473;992;j
RS;bcainc992j;p12p100;2009;8.4657106;992;j
RS;bcainc992j;p12p100;2010;10.490817;992;j
RS;bcainc992j;p12p100;2011;12.574303;992;j
RS;bcainc992j;p12p100;2012;15.319613;992;j
RS;bcainc992j;p12p100;2013;11.058043;992;j
RS;bcainc992j;p12p100;2014;6.3869805;992;j
RS;bcainc992j;p12p100;2015;8.8666124;992;j
RS;bcainc992j;p12p100;2016;8.8443689;992;j
RS;bcainc992j;p12p100;2017;8.8642435;992;j
RS;bcainc992j;p50p100;1990;1.8450137;992;j
RS;bcainc992j;p50p100;1991;1.8353443;992;j
RS;bcainc992j;p50p100;1992;1.8272549;992;j
RS;bcainc992j;p50p100;1993;1.8198949;992;j
RS;bcainc992j;p50p100;1994;1.812555;992;j
RS;bcainc992j;p50p100;1995;1.8078955;992;j
RS;bcainc992j;p50p100;1996;1.7981021;992;j
RS;bcainc992j;p50p100;1997;1.7895606;992;j
RS;bcainc992j;p50p100;1998;1.8305215;992;j
RS;bcainc992j;p50p100;1999;1.8369801;992;j
RS;bcainc992j;p50p100;2000;1.858981;992;j
RS;bcainc992j;p50p100;2001;1.8768169;992;j
RS;bcainc992j;p50p100;2002;1.9080017;992;j
RS;bcainc992j;p50p100;2003;1.9371185;992;j
RS;bcainc992j;p50p100;2004;1.967659;992;j
RS;bcainc992j;p50p100;2005;2.0275071;992;j
RS;bcainc992j;p50p100;2006;2.0670485;992;j
RS;bcainc992j;p50p100;2007;2.0723472;992;j
RS;bcainc992j;p50p100;2008;2.0923469;992;j
RS;bcainc992j;p50p100;2009;2.1203556;992;j
RS;bcainc992j;p50p100;2010;2.1916804;992;j
RS;bcainc992j;p50p100;2011;2.2424824;992;j
RS;bcainc992j;p50p100;2012;2.2929168;992;j
RS;bcainc992j;p50p100;2013;2.2821805;992;j
RS;bcainc992j;p50p100;2014;2.2928591;992;j
RS;bcainc992j;p50p100;2015;2.3604982;992;j
RS;bcainc992j;p50p100;2016;2.360296;992;j
RS;bcainc992j;p50p100;2017;2.3616567;992;j
RS;bcainc992j;p96p100;1990;1.7679685;992;j
RS;bcainc992j;p96p100;1991;1.7509866;992;j
RS;bcainc992j;p96p100;1992;1.7324862;992;j
RS;bcainc992j;p96p100;1993;1.725073;992;j
RS;bcainc992j;p96p100;1994;1.7194453;992;j
RS;bcainc992j;p96p100;1995;1.7154473;992;j
RS;bcainc992j;p96p100;1996;1.7040617;992;j
RS;bcainc992j;p96p100;1997;1.6923198;992;j
RS;bcainc992j;p96p100;1998;1.7127606;992;j
RS;bcainc992j;p96p100;1999;1.7786834;992;j
RS;bcainc992j;p96p100;2000;1.8263588;992;j
RS;bcainc992j;p96p100;2001;1.880775;992;j
RS;bcainc992j;p96p100;2002;1.8707571;992;j
RS;bcainc992j;p96p100;2003;1.8514928;992;j
RS;bcainc992j;p96p100;2004;1.8417609;992;j
RS;bcainc992j;p96p100;2005;1.8642384;992;j
RS;bcainc992j;p96p100;2006;1.8491249;992;j
RS;bcainc992j;p96p100;2007;1.7989652;992;j
RS;bcainc992j;p96p100;2008;1.7687533;992;j
RS;bcainc992j;p96p100;2009;1.8298271;992;j
RS;bcainc992j;p96p100;2010;1.8147399;992;j
RS;bcainc992j;p96p100;2011;1.807592;992;j
RS;bcainc992j;p96p100;2012;1.9690081;992;j
RS;bcainc992j;p96p100;2013;1.8624066;992;j
RS;bcainc992j;p96p100;2014;2.1307034;992;j
RS;bcainc992j;p96p100;2015;2.4415038;992;j
RS;bcainc992j;p96p100;2016;2.4416528;992;j
RS;bcainc992j;p96p100;2017;2.4429908;992;j
RS;bcainc992j;p99.4p100;1990;1.992407;992;j
RS;bcainc992j;p99.4p100;1991;1.9548026;992;j
RS;bcainc992j;p99.4p100;1992;1.9060718;992;j
RS;bcainc992j;p99.4p100;1993;1.8752753;992;j
RS;bcainc992j;p99.4p100;1994;1.8552141;992;j
RS;bcainc992j;p99.4p100;1995;1.8384641;992;j
RS;bcainc992j;p99.4p100;1996;1.8177382;992;j
RS;bcainc992j;p99.4p100;1997;1.7958738;992;j
RS;bcainc992j;p99.4p100;1998;1.8223126;992;j
RS;bcainc992j;p99.4p100;1999;1.9209732;992;j
RS;bcainc992j;p99.4p100;2000;1.9387701;992;j
RS;bcainc992j;p99.4p100;2001;2.0205982;992;j
RS;bcainc992j;p99.4p100;2002;1.9667311;992;j
RS;bcainc992j;p99.4p100;2003;1.9632645;992;j
RS;bcainc992j;p99.4p100;2004;1.962299;992;j
RS;bcainc992j;p99.4p100;2005;1.9985105;992;j
RS;bcainc992j;p99.4p100;2006;1.9320387;992;j
RS;bcainc992j;p99.4p100;2007;1.8541752;992;j
RS;bcainc992j;p99.4p100;2008;1.7839029;992;j
RS;bcainc992j;p99.4p100;2009;1.8840493;992;j
RS;bcainc992j;p99.4p100;2010;1.8408525;992;j
RS;bcainc992j;p99.4p100;2011;1.8161445;992;j
RS;bcainc992j;p99.4p100;2012;2.0685251;992;j
RS;bcainc992j;p99.4p100;2013;1.8998723;992;j
RS;bcainc992j;p99.4p100;2014;2.3768623;992;j
RS;bcainc992j;p99.4p100;2015;2.8466938;992;j
RS;bcainc992j;p99.4p100;2016;2.8474245;992;j
RS;bcainc992j;p99.4p100;2017;2.84992;992;j
RS;bdiinc992j;p72p100;1990;1.5690581;992;j
RS;bdiinc992j;p72p100;1991;1.5626041;992;j
RS;bdiinc992j;p72p100;1992;1.5585124;992;j
RS;bdiinc992j;p72p100;1993;1.5571125;992;j
RS;bdiinc992j;p72p100;1994;1.5549333;992;j
RS;bdiinc992j;p72p100;1995;1.5538298;992;j
RS;bdiinc992j;p72p100;1996;1.5474008;992;j
RS;bdiinc992j;p72p100;1997;1.539512;992;j
RS;bdiinc992j;p72p100;1998;1.5607646;992;j
RS;bdiinc992j;p72p100;1999;1.596771;992;j
RS;bdiinc992j;p72p100;2000;1.6260797;992;j
RS;bdiinc992j;p72p100;2001;1.6416866;992;j
RS;bdiinc992j;p72p100;2002;1.6550729;992;j
RS;bdiinc992j;p72p100;2003;1.6606553;992;j
RS;bdiinc992j;p72p100;2004;1.6746219;992;j
RS;bdiinc992j;p72p100;2005;1.7096363;992;j
RS;bdiinc992j;p72p100;2006;1.7343397;992;j
RS;bdiinc992j;p72p100;2007;1.720371;992;j
RS;bdiinc992j;p72p100;2008;1.7180256;992;j
RS;bdiinc992j;p72p100;2009;1.74993;992;j
RS;bdiinc992j;p72p100;2010;1.7850982;992;j
RS;bdiinc992j;p72p100;2011;1.829229;992;j
RS;bdiinc992j;p72p100;2012;1.8406543;992;j
RS;bdiinc992j;p72p100;2013;1.8000722;992;j
RS;bdiinc992j;p72p100;2014;1.8396446;992;j
RS;bdiinc992j;p72p100;2015;1.9664385;992;j
RS;bdiinc992j;p72p100;2016;1.978236;992;j
RS;bdiinc992j;p72p100;2017;1.9802049;992;j
RS;bdiinc992j;p99.994p100;1990;2.162195;992;j
RS;bdiinc992j;p99.994p100;1991;2.1097007;992;j
RS;bdiinc992j;p99.994p100;1992;2.0378487;992;j
RS;bdiinc992j;p99.994p100;1993;1.9882162;992;j
RS;bdiinc992j;p99.994p100;1994;1.9567494;992;j
RS;bdiinc992j;p99.994p100;1995;1.9298711;992;j
RS;bdiinc992j;p99.994p100;1996;1.9025594;992;j
RS;bdiinc992j;p99.994p100;1997;1.8733416;992;j
RS;bdiinc992j;p99.994p100;1998;1.9034168;992;j
RS;bdiinc992j;p99.994p100;1999;2.0224724;992;j
RS;bdiinc992j;p99.994p100;2000;2.0132685;992;j
RS;bdiinc992j;p99.994p100;2001;2.1103644;992;j
RS;bdiinc992j;p99.994p100;2002;2.0261211;992;j
RS;bdiinc992j;p99.994p100;2003;2.0348704;992;j
RS;bdiinc992j;p99.994p100;2004;2.0413275;992;j
RS;bdiinc992j;p99.994p100;2005;2.085865;992;j
RS;bdiinc992j;p99.994p100;2006;1.9841911;992;j
RS;bdiinc992j;p99.994p100;2007;1.8889;992;j
RS;bdiinc992j;p99.994p100;2008;1.7916645;992;j
RS;bdiinc992j;p99.994p100;2009;1.9171096;992;j
RS;bdiinc992j;p99.994p100;2010;1.8553736;992;j
RS;bdiinc992j;p99.994p100;2011;1.8192655;992;j
RS;bdiinc992j;p99.994p100;2012;2.1253769;992;j
RS;bdiinc992j;p99.994p100;2013;1.9209181;992;j
RS;bdiinc992j;p99.994p100;2014;2.5145721;992;j
RS;bdiinc992j;p99.994p100;2015;3.045517;992;j
RS;bdiinc992j;p99.994p100;2016;3.0471158;992;j
RS;bdiinc992j;p99.994p100;2017;3.0498586;992;j
RS;bptinc992j;p61p100;1990;1.7879416;992;j
RS;bptinc992j;p61p100;1991;1.7998304;992;j
RS;bptinc992j;p61p100;1992;1.8084559;992;j
RS;bptinc992j;p61p100;1993;1.8186272;992;j
RS;bptinc992j;p61p100;1994;1.8282332;992;j
RS;bptinc992j;p61p100;1995;1.8374332;992;j
RS;bptinc992j;p61p100;1996;1.8443348;992;j
RS;bptinc992j;p61p100;1997;1.8512927;992;j
RS;bptinc992j;p61p100;1998;1.856162;992;j
RS;bptinc992j;p61p100;1999;1.8653367;992;j
RS;bptinc992j;p61p100;2000;1.9075235;992;j
RS;bptinc992j;p61p100;2001;1.936716;992;j
RS;bptinc992j;p61p100;2002;1.9550487;992;j
RS;bptinc992j;p61p100;2003;1.9647287;992;j
RS;bptinc992j;p61p100;2004;2.0200229;992;j
RS;bptinc992j;p61p100;2005;2.0571008;992;j
RS;bptinc992j;p61p100;2006;2.0685492;992;j
RS;bptinc992j;p61p100;2007;2.0479002;992;j
RS;bptinc992j;p61p100;2008;2.0603163;992;j
RS;bptinc992j;p61p100;2009;2.0765343;992;j
RS;bptinc992j;p61p100;2010;2.1320319;992;j
RS;bptinc992j;p61p100;2011;2.1833701;992;j
RS;bptinc992j;p61p100;2012;2.1856604;992;j
RS;bptinc992j;p61p100;2013;2.1392102;992;j
RS;bptinc992j;p61p100;2014;2.2038579;992;j
RS;bptinc992j;p61p100;2015;2.1535289;992;j
RS;bptinc992j;p61p100;2016;2.1545322;992;j
RS;bptinc992j;p61p100;2017;2.1570003;992;j
RS;bptinc992j;p94p100;1990;1.7568398;992;j
RS;bptinc992j;p94p100;1991;1.7697451;992;j
RS;bptinc992j;p94p100;1992;1.7828217;992;j
RS;bptinc992j;p94p100;1993;1.7965013;992;j
RS;bptinc992j;p94p100;1994;1.8113719;992;j
RS;bptinc992j;p94p100;1995;1.8265805;992;j
RS;bptinc992j;p94p100;1996;1.8352723;992;j
RS;bptinc992j;p94p100;1997;1.8436227;992;j
RS;bptinc992j;p94p100;1998;1.850214;992;j
RS;bptinc992j;p94p100;1999;1.8928015;992;j
RS;bptinc992j;p94p100;2000;1.9496795;992;j
RS;bptinc992j;p94p100;2001;1.9921039;992;j
RS;bptinc992j;p94p100;2002;1.9863352;992;j
RS;bptinc992j;p94p100;2003;1.9620144;992;j
RS;bptinc992j;p94p100;2004;1.9744272;992;j
RS;bptinc992j;p94p100;2005;1.9571819;992;j
RS;bptinc992j;p94p100;2006;1.9579527;992;j
RS;bptinc992j;p94p100;2007;1.8940291;992;j
RS;bptinc992j;p94p100;2008;1.9005506;992;j
RS;bptinc992j;p94p100;2009;1.8918624;992;j
RS;bptinc992j;p94p100;2010;1.9050999;992;j
RS;bptinc992j;p94p100;2011;1.9236355;992;j
RS;bptinc992j;p94p100;2012;1.8716195;992;j
RS;bptinc992j;p94p100;2013;1.8791099;992;j
RS;bptinc992j;p94p100;2014;2.0577624;992;j
RS;bptinc992j;p94p100;2015;2.0176091;992;j
RS;bptinc992j;p94p100;2016;2.018878;992;j
RS;bptinc992j;p94p100;2017;2.0205626;992;j
RS;bptinc992j;p99.995p100;1990;2.0979717;992;j
RS;bptinc992j;p99.995p100;1991;2.1209924;992;j
RS;bptinc992j;p99.995p100;1992;2.1279488;992;j
RS;bptinc992j;p99.995p100;1993;2.1500533;992;j
RS;bptinc992j;p99.995p100;1994;2.1510665;992;j
RS;bptinc992j;p99.995p100;1995;2.1705725;992;j
RS;bptinc992j;p99.995p100;1996;2.1896966;992;j
RS;bptinc992j;p99.995p100;1997;2.2118895;992;j
RS;bptinc992j;p99.995p100;1998;2.1751144;992;j
RS;bptinc992j;p99.995p100;1999;2.2327077;992;j
RS;bptinc992j;p99.995p100;2000;2.2445879;992;j
RS;bptinc992j;p99.995p100;2001;2.307817;992;j
RS;bptinc992j;p99.995p100;2002;2.2470195;992;j
RS;bptinc992j;p99.995p100;2003;2.2158887;992;j
RS;bptinc992j;p99.995p100;2004;2.2118845;992;j
RS;bptinc992j;p99.995p100;2005;2.1478271;992;j
RS;bptinc992j;p99.995p100;2006;2.1492596;992;j
RS;bptinc992j;p99.995p100;2007;2.1090167;992;j
RS;bptinc992j;p99.995p100;2008;2.1253409;992;j
RS;bptinc992j;p99.995p100;2009;2.0991938;992;j
RS;bptinc992j;p99.995p100;2010;2.0189185;992;j
RS;bptinc992j;p99.995p100;2011;2.0455632;992;j
RS;bptinc992j;p99.995p100;2012;1.8216951;992;j
RS;bptinc992j;p99.995p100;2013;1.9173599;992;j
RS;bptinc992j;p99.995p100;2014;2.3225236;992;j
RS;bptinc992j;p99.995p100;2015;2.3344386;992;j
RS;bptinc992j;p99.995p100;2016;2.3342371;992;j
RS;bptinc992j;p99.995p100;2017;2.3329058;992;j
RS;npopul401m;p0p100;1950;231593.0;401;m
RS;npopul401m;p0p100;1951;226551.0;401;m
RS;npopul401m;p0p100;1952;218730.0;401;m
RS;npopul401m;p0p100;1953;208348.0;401;m
RS;npopul401m;p0p100;1954;196743.0;401;m
RS;npopul401m;p0p100;1955;185136.0;401;m
RS;npopul401m;p0p100;1956;173117.0;401;m
RS;npopul401m;p0p100;1957;160583.0;401;m
RS;npopul401m;p0p100;1958;150212.0;401;m
RS;npopul401m;p0p100;1959;145870.0;401;m
RS;npopul401m;p0p100;1960;149756.0;401;m
RS;npopul401m;p0p100;1961;161520.0;401;m
RS;npopul401m;p0p100;1962;181069.0;401;m
RS;npopul401m;p0p100;1963;205495.0;401;m
RS;npopul401m;p0p100;1964;230221.0;401;m
RS;npopul401m;p0p100;1965;252239.0;401;m
RS;npopul401m;p0p100;1966;270708.0;401;m
RS;npopul401m;p0p100;1967;286894.0;401;m
RS;npopul401m;p0p100;1968;300570.0;401;m
RS;npopul401m;p0p100;1969;311712.0;401;m
RS;npopul401m;p0p100;1970;320315.0;401;m
RS;npopul401m;p0p100;1971;325911.0;401;m
RS;npopul401m;p0p100;1972;328572.0;401;m
RS;npopul401m;p0p100;1973;328644.0;401;m
RS;npopul401m;p0p100;1974;326802.0;401;m
RS;npopul401m;p0p100;1975;323483.0;401;m
RS;npopul401m;p0p100;1976;318499.0;401;m
RS;npopul401m;p0p100;1977;312845.0;401;m
RS;npopul401m;p0p100;1978;306180.0;401;m
RS;npopul401m;p0p100;1979;297817.0;401;m
RS;npopul401m;p0p100;1980;287650.0;401;m
RS;npopul401m;p0p100;1981;275545.0;401;m
RS;npopul401m;p0p100;1982;261438.0;401;m
RS;npopul401m;p0p100;1983;248640.0;401;m
RS;npopul401m;p0p100;1984;242197.0;401;m
RS;npopul401m;p0p100;1985;245000.0;401;m
RS;npopul401m;p0p100;1986;256115.0;401;m
RS;npopul401m;p0p100;1987;275976.0;401;m
RS;npopul401m;p0p100;1988;301041.0;401;m
RS;npopul401m;p0p100;1989;325789.0;401;m
RS;npopul401m;p0p100;1990;346670.0;401;m
RS;npopul401m;p0p100;1991;363496.0;401;m
RS;npopul401m;p0p100;1992;377664.0;401;m
RS;npopul401m;p0p100;1993;387922.0;401;m
RS;npopul401m;p0p100;1994;392703.0;401;m
RS;npopul401m;p0p100;1995;391105.0;401;m
RS;npopul401m;p0p100;1996;385015.0;401;m
RS;npopul401m;p0p100;1997;371460.0;401;m
RS;npopul401m;p0p100;1998;353789.0;401;m
RS;npopul401m;p0p100;1999;265155.0;401;m
RS;npopul401m;p0p100;2000;256497.0;401;m
RS;npopul401m;p0p100;2001;248630.0;401;m
RS;npopul401m;p0p100;2002;243945.0;401;m
RS;npopul401m;p0p100;2003;241062.0;401;m
RS;npopul401m;p0p100;2004;239287.0;401;m
RS;npopul401m;p0p100;2005;237552.0;401;m
RS;npopul401m;p0p100;2006;236604.0;401;m
RS;npopul401m;p0p100;2007;236016.0;401;m
RS;npopul401m;p0p100;2008;235770.0;401;m
RS;npopul401m;p0p100;2009;236124.0;401;m
RS;npopul401m;p0p100;2010;237087.0;401;m
RS;npopul401m;p0p100;2011;237744.0;401;m
RS;npopul401m;p0p100;2012;239497.0;401;m
RS;npopul401m;p0p100;2013;241409.0;401;m
RS;npopul401m;p0p100;2014;243082.0;401;m
RS;npopul401m;p0p100;2015;244188.0;401;m
RS;npopul401m;p0p100;2016;245379.0;401;m
RS;npopul401m;p0p100;2017;246972.0;401;m
RS;npopul401m;p0p100;2018;248039.0;401;m
RS;npopul401m;p0p100;2019;248386.0;401;m
RS;npopul751f;p0p100;1950;69745.0;751;f
RS;npopul751f;p0p100;1951;68750.0;751;f
RS;npopul751f;p0p100;1952;67155.0;751;f
RS;npopul751f;p0p100;1953;65154.0;751;f
RS;npopul751f;p0p100;1954;62948.0;751;f
RS;npopul751f;p0p100;1955;60690.0;751;f
RS;npopul751f;p0p100;1956;58596.0;751;f
RS;npopul751f;p0p100;1957;55980.0;751;f
RS;npopul751f;p0p100;1958;53618.0;751;f
RS;npopul751f;p0p100;1959;52409.0;751;f
RS;npopul751f;p0p100;1960;52712.0;751;f
RS;npopul751f;p0p100;1961;54518.0;751;f
RS;npopul751f;p0p100;1962;57192.0;751;f
RS;npopul751f;p0p100;1963;59896.0;751;f
RS;npopul751f;p0p100;1964;61550.0;751;f
RS;npopul751f;p0p100;1965;61807.0;751;f
RS;npopul751f;p0p100;1966;60735.0;751;f
RS;npopul751f;p0p100;1967;58565.0;751;f
RS;npopul751f;p0p100;1968;56660.0;751;f
RS;npopul751f;p0p100;1969;56649.0;751;f
RS;npopul751f;p0p100;1970;59214.0;751;f
RS;npopul751f;p0p100;1971;63399.0;751;f
RS;npopul751f;p0p100;1972;69119.0;751;f
RS;npopul751f;p0p100;1973;75310.0;751;f
RS;npopul751f;p0p100;1974;80723.0;751;f
RS;npopul751f;p0p100;1975;84928.0;751;f
RS;npopul751f;p0p100;1976;87506.0;751;f
RS;npopul751f;p0p100;1977;89137.0;751;f
RS;npopul751f;p0p100;1978;90570.0;751;f
RS;npopul751f;p0p100;1979;92618.0;751;f
RS;npopul751f;p0p100;1980;95611.0;751;f
RS;npopul751f;p0p100;1981;98244.0;751;f
RS;npopul751f;p0p100;1982;101298.0;751;f
RS;npopul751f;p0p100;1983;104287.0;751;f
RS;npopul751f;p0p100;1984;106489.0;751;f
RS;npopul751f;p0p100;1985;107601.0;751;f
RS;npopul751f;p0p100;1986;106994.0;751;f
RS;npopul751f;p0p100;1987;106052.0;751;f
RS;npopul751f;p0p100;1988;104711.0;751;f
RS;npopul751f;p0p100;1989;102478.0;751;f
RS;npopul751f;p0p100;1990;99197.0;751;f
RS;npopul751f;p0p100;1991;93767.0;751;f
RS;npopul751f;p0p100;1992;86893.0;751;f
RS;npopul751f;p0p100;1993;81276.0;751;f
RS;npopul751f;p0p100;1994;80564.0;751;f
RS;npopul751f;p0p100;1995;86344.0;751;f
RS;npopul751f;p0p100;1996;96551.0;751;f
RS;npopul751f;p0p100;1997;110744.0;751;f
RS;npopul751f;p0p100;1998;126239.0;751;f
RS;npopul751f;p0p100;1999;110300.0;751;f
RS;npopul751f;p0p100;2000;120047.0;751;f
RS;npopul751f;p0p100;2001;126028.0;751;f
RS;npopul751f;p0p100;2002;130948.0;751;f
RS;npopul751f;p0p100;2003;134925.0;751;f
RS;npopul751f;p0p100;2004;138583.0;751;f
RS;npopul751f;p0p100;2005;141832.0;751;f
RS;npopul751f;p0p100;2006;143459.0;751;f
RS;npopul751f;p0p100;2007;144803.0;751;f
RS;npopul751f;p0p100;2008;146170.0;751;f
RS;npopul751f;p0p100;2009;147678.0;751;f
RS;npopul751f;p0p100;2010;149183.0;751;f
RS;npopul751f;p0p100;2011;148197.0;751;f
RS;npopul751f;p0p100;2012;147913.0;751;f
RS;npopul751f;p0p100;2013;147607.0;751;f
RS;npopul751f;p0p100;2014;146554.0;751;f
RS;npopul751f;p0p100;2015;144371.0;751;f
RS;npopul751f;p0p100;2016;137569.0;751;f
RS;npopul751f;p0p100;2017;129796.0;751;f
RS;npopul751f;p0p100;2018;123045.0;751;f
RS;npopul751f;p0p100;2019;120548.0;751;f
RS;npopul851i;p0p100;1950;19991.0;851;i
RS;npopul851i;p0p100;1951;21074.0;851;i
RS;npopul851i;p0p100;1952;21314.0;851;i
RS;npopul851i;p0p100;1953;20870.0;851;i
RS;npopul851i;p0p100;1954;20130.0;851;i
RS;npopul851i;p0p100;1955;19140.0;851;i
RS;npopul851i;p0p100;1956;21555.0;851;i
RS;npopul851i;p0p100;1957;23375.0;851;i
RS;npopul851i;p0p100;1958;24120.0;851;i
RS;npopul851i;p0p100;1959;23691.0;851;i
RS;npopul851i;p0p100;1960;22119.0;851;i
RS;npopul851i;p0p100;1961;23608.0;851;i
RS;npopul851i;p0p100;1962;24374.0;851;i
RS;npopul851i;p0p100;1963;24308.0;851;i
RS;npopul851i;p0p100;1964;23497.0;851;i
RS;npopul851i;p0p100;1965;22006.0;851;i
RS;npopul851i;p0p100;1966;22853.0;851;i
RS;npopul851i;p0p100;1967;22999.0;851;i
RS;npopul851i;p0p100;1968;22698.0;851;i
RS;npopul851i;p0p100;1969;22342.0;851;i
RS;npopul851i;p0p100;1970;22018.0;851;i
RS;npopul851i;p0p100;1971;24305.0;851;i
RS;npopul851i;p0p100;1972;26413.0;851;i
RS;npopul851i;p0p100;1973;27648.0;851;i
RS;npopul851i;p0p100;1974;27555.0;851;i
RS;npopul851i;p0p100;1975;26060.0;851;i
RS;npopul851i;p0p100;1976;26355.0;851;i
RS;npopul851i;p0p100;1977;25632.0;851;i
RS;npopul851i;p0p100;1978;24799.0;851;i
RS;npopul851i;p0p100;1979;24770.0;851;i
RS;npopul851i;p0p100;1980;25720.0;851;i
RS;npopul851i;p0p100;1981;29901.0;851;i
RS;npopul851i;p0p100;1982;33742.0;851;i
RS;npopul851i;p0p100;1983;36549.0;851;i
RS;npopul851i;p0p100;1984;38170.0;851;i
RS;npopul851i;p0p100;1985;38518.0;851;i
RS;npopul851i;p0p100;1986;41816.0;851;i
RS;npopul851i;p0p100;1987;43677.0;851;i
RS;npopul851i;p0p100;1988;44362.0;851;i
RS;npopul851i;p0p100;1989;44666.0;851;i
RS;npopul851i;p0p100;1990;44809.0;851;i
RS;npopul851i;p0p100;1991;49019.0;851;i
RS;npopul851i;p0p100;1992;52318.0;851;i
RS;npopul851i;p0p100;1993;53861.0;851;i
RS;npopul851i;p0p100;1994;53510.0;851;i
RS;npopul851i;p0p100;1995;51320.0;851;i
RS;npopul851i;p0p100;1996;53438.0;851;i
RS;npopul851i;p0p100;1997;54564.0;851;i
RS;npopul851i;p0p100;1998;53924.0;851;i
RS;npopul851i;p0p100;1999;40131.0;851;i
RS;npopul851i;p0p100;2000;36362.0;851;i
RS;npopul851i;p0p100;2001;34635.0;851;i
RS;npopul851i;p0p100;2002;31559.0;851;i
RS;npopul851i;p0p100;2003;28906.0;851;i
RS;npopul851i;p0p100;2004;28430.0;851;i
RS;npopul851i;p0p100;2005;30129.0;851;i
RS;npopul851i;p0p100;2006;36318.0;851;i
RS;npopul851i;p0p100;2007;42260.0;851;i
RS;npopul851i;p0p100;2008;47073.0;851;i
RS;npopul851i;p0p100;2009;50896.0;851;i
RS;npopul851i;p0p100;2010;53832.0;851;i
RS;npopul851i;p0p100;2011;60291.0;851;i
RS;npopul851i;p0p100;2012;65488.0;851;i
RS;npopul851i;p0p100;2013;68925.0;851;i
RS;npopul851i;p0p100;2014;71397.0;851;i
RS;npopul851i;p0p100;2015;73368.0;851;i
RS;npopul851i;p0p100;2016;79212.0;851;i
RS;npopul851i;p0p100;2017;83465.0;851;i
RS;npopul851i;p0p100;2018;85365.0;851;i
RS;npopul851i;p0p100;2019;85465.0;851;i
RS;scainc992j;p32p100;1990;0.90020001;992;j
RS;scainc992j;p32p100;1991;0.89889997;992;j
RS;scainc992j;p32p100;1992;0.8976;992;j
RS;scainc992j;p32p100;1993;0.89630002;992;j
RS;scainc992j;p32p100;1994;0.89490002;992;j
RS;scainc992j;p32p100;1995;0.89359999;992;j
RS;scainc992j;p32p100;1996;0.89209998;992;j
RS;scainc992j;p32p100;1997;0.89060003;992;j
RS;scainc992j;p32p100;1998;0.88559997;992;j
RS;scainc992j;p32p100;1999;0.88550001;992;j
RS;scainc992j;p32p100;2000;0.88749999;992;j
RS;scainc992j;p32p100;2001;0.8883;992;j
RS;scainc992j;p32p100;2002;0.89810002;992;j
RS;scainc992j;p32p100;2003;0.90030003;992;j
RS;scainc992j;p32p100;2004;0.90880001;992;j
RS;scainc992j;p32p100;2005;0.91170001;992;j
RS;scainc992j;p32p100;2006;0.91839999;992;j
RS;scainc992j;p32p100;2007;0.9217;992;j
RS;scainc992j;p32p100;2008;0.92470002;992;j
RS;scainc992j;p32p100;2009;0.92750001;992;j
RS;scainc992j;p32p100;2010;0.9346;992;j
RS;scainc992j;p32p100;2011;0.94129997;992;j
RS;scainc992j;p32p100;2012;0.94230002;992;j
RS;scainc992j;p32p100;2013;0.94419998;992;j
RS;scainc992j;p32p100;2014;0.92470002;992;j
RS;scainc992j;p32p100;2015;0.93849999;992;j
RS;scainc992j;p32p100;2016;0.93839997;992;j
RS;scainc992j;p32p100;2017;0.93849999;992;j
RS;scainc992j;p82p83;1990;0.0149;992;j
RS;scainc992j;p82p83;1991;0.0149;992;j
RS;scainc992j;p82p83;1992;0.0148;992;j
RS;scainc992j;p82p83;1993;0.0147;992;j
RS;scainc992j;p82p83;1994;0.0147;992;j
RS;scainc992j;p82p83;1995;0.0146;992;j
RS;scainc992j;p82p83;1996;0.0145;992;j
RS;scainc992j;p82p83;1997;0.0145;992;j
RS;scainc992j;p82p83;1998;0.0143;992;j
RS;scainc992j;p82p83;1999;0.0141;992;j
RS;scainc992j;p82p83;2000;0.014;992;j
RS;scainc992j;p82p83;2001;0.0138;992;j
RS;scainc992j;p82p83;2002;0.0141;992;j
RS;scainc992j;p82p83;2003;0.0142;992;j
RS;scainc992j;p82p83;2004;0.0144;992;j
RS;scainc992j;p82p83;2005;0.0145;992;j
RS;scainc992j;p82p83;2006;0.0145;992;j
RS;scainc992j;p82p83;2007;0.0148;992;j
RS;scainc992j;p82p83;2008;0.0149;992;j
RS;scainc992j;p82p83;2009;0.015;992;j
RS;scainc992j;p82p83;2010;0.0152;992;j
RS;scainc992j;p82p83;2011;0.0153;992;j
RS;scainc992j;p82p83;2012;0.0152;992;j
RS;scainc992j;p82p83;2013;0.015699999;992;j
RS;scainc992j;p82p83;2014;0.0145;992;j
RS;scainc992j;p82p83;2015;0.0142;992;j
RS;scainc992j;p82p83;2016;0.0142;992;j
RS;scainc992j;p82p83;2017;0.0142;992;j
RS;scainc992j;p87p100;1990;0.33719999;992;j
RS;scainc992j;p87p100;1991;0.33559999;992;j
RS;scainc992j;p87p100;1992;0.33430001;992;j
RS;scainc992j;p87p100;1993;0.33360001;992;j
RS;scainc992j;p87p100;1994;0.3328;992;j
RS;scainc992j;p87p100;1995;0.3321;992;j
RS;scainc992j;p87p100;1996;0.3303;992;j
RS;scainc992j;p87p100;1997;0.3285;992;j
RS;scainc992j;p87p100;1998;0.3317;992;j
RS;scainc992j;p87p100;1999;0.33669999;992;j
RS;scainc992j;p87p100;2000;0.3443;992;j
RS;scainc992j;p87p100;2001;0.34920001;992;j
RS;scainc992j;p87p100;2002;0.35659999;992;j
RS;scainc992j;p87p100;2003;0.35870001;992;j
RS;scainc992j;p87p100;2004;0.3662;992;j
RS;scainc992j;p87p100;2005;0.37380001;992;j
RS;scainc992j;p87p100;2006;0.38139999;992;j
RS;scainc992j;p87p100;2007;0.38060001;992;j
RS;scainc992j;p87p100;2008;0.3829;992;j
RS;scainc992j;p87p100;2009;0.38960001;992;j
RS;scainc992j;p87p100;2010;0.4005;992;j
RS;scainc992j;p87p100;2011;0.40970001;992;j
RS;scainc992j;p87p100;2012;0.41510001;992;j
RS;scainc992j;p87p100;2013;0.41029999;992;j
RS;scainc992j;p87p100;2014;0.41069999;992;j
RS;scainc992j;p87p100;2015;0.4377;992;j
RS;scainc992j;p87p100;2016;0.4377;992;j
RS;scainc992j;p87p100;2017;0.43779999;992;j
RS;scainc992j;p89p90;1990;0.0174;992;j
RS;scainc992j;p89p90;1991;0.0174;992;j
RS;scainc992j;p89p90;1992;0.0173;992;j
RS;scainc992j;p89p90;1993;0.017200001;992;j
RS;scainc992j;p89p90;1994;0.017100001;992;j
RS;scainc992j;p89p90;1995;0.017100001;992;j
RS;scainc992j;p89p90;1996;0.017000001;992;j
RS;scainc992j;p89p90;1997;0.016899999;992;j
RS;scainc992j;p89p90;1998;0.016899999;992;j
RS;scainc992j;p89p90;1999;0.016799999;992;j
RS;scainc992j;p89p90;2000;0.0167;992;j
RS;scainc992j;p89p90;2001;0.0166;992;j
RS;scainc992j;p89p90;2002;0.016799999;992;j
RS;scainc992j;p89p90;2003;0.017100001;992;j
RS;scainc992j;p89p90;2004;0.0177;992;j
RS;scainc992j;p89p90;2005;0.017899999;992;j
RS;scainc992j;p89p90;2006;0.018100001;992;j
RS;scainc992j;p89p90;2007;0.018300001;992;j
RS;scainc992j;p89p90;2008;0.0184;992;j
RS;scainc992j;p89p90;2009;0.0185;992;j
RS;scainc992j;p89p90;2010;0.0189;992;j
RS;scainc992j;p89p90;2011;0.019200001;992;j
RS;scainc992j;p89p90;2012;0.0188;992;j
RS;scainc992j;p89p90;2013;0.019099999;992;j
RS;scainc992j;p89p90;2014;0.018100001;992;j
RS;scainc992j;p89p90;2015;0.0177;992;j
RS;scainc992j;p89p90;2016;0.0177;992;j
RS;scainc992j;p89p90;2017;0.0177;992;j
RS;scainc992j;p94p100;1990;0.2106;992;j
RS;scainc992j;p94p100;1991;0.20919999;992;j
RS;scainc992j;p94p100;1992;0.20819999;992;j
RS;scainc992j;p94p100;1993;0.2079;992;j
RS;scainc992j;p94p100;1994;0.2076;992;j
RS;scainc992j;p94p100;1995;0.20730001;992;j
RS;scainc992j;p94p100;1996;0.2059;992;j
RS;scainc992j;p94p100;1997;0.2044;992;j
RS;scainc992j;p94p100;1998;0.20739999;992;j
RS;scainc992j;p94p100;1999;0.21340001;992;j
RS;scainc992j;p94p100;2000;0.2216;992;j
RS;scainc992j;p94p100;2001;0.227;992;j
RS;scainc992j;p94p100;2002;0.2325;992;j
RS;scainc992j;p94p100;2003;0.2322;992;j
RS;scainc992j;p94p100;2004;0.23639999;992;j
RS;scainc992j;p94p100;2005;0.2422;992;j
RS;scainc992j;p94p100;2006;0.24779999;992;j
RS;scainc992j;p94p100;2007;0.24519999;992;j
RS;scainc992j;p94p100;2008;0.2465;992;j
RS;scainc992j;p94p100;2009;0.25279999;992;j
RS;scainc992j;p94p100;2010;0.26030001;992;j
RS;scainc992j;p94p100;2011;0.2667;992;j
RS;scainc992j;p94p100;2012;0.27590001;992;j
RS;scainc992j;p94p100;2013;0.2687;992;j
RS;scainc992j;p94p100;2014;0.27739999;992;j
RS;scainc992j;p94p100;2015;0.30700001;992;j
RS;scainc992j;p94p100;2016;0.30700001;992;j
RS;scainc992j;p94p100;2017;0.30720001;992;j
RS;scainc992j;p99.7p99.8;1990;0.0077;992;j
RS;scainc992j;p99.7p99.8;1991;0.0077;992;j
RS;scainc992j;p99.7p99.8;1992;0.0076000001;992;j
RS;scainc992j;p99.7p99.8;1993;0.0076000001;992;j
RS;scainc992j;p99.7p99.8;1994;0.0074999998;992;j
RS;scainc992j;p99.7p99.8;1995;0.0074999998;992;j
RS;scainc992j;p99.7p99.8;1996;0.0074;992;j
RS;scainc992j;p99.7p99.8;1997;0.0074;992;j
RS;scainc992j;p99.7p99.8;1998;0.0074999998;992;j
RS;scainc992j;p99.7p99.8;1999;0.0080000004;992;j
RS;scainc992j;p99.7p99.8;2000;0.0085000005;992;j
RS;scainc992j;p99.7p99.8;2001;0.0088;992;j
RS;scainc992j;p99.7p99.8;2002;0.0089999996;992;j
RS;scainc992j;p99.7p99.8;2003;0.0088999998;992;j
RS;scainc992j;p99.7p99.8;2004;0.0091000004;992;j
RS;scainc992j;p99.7p99.8;2005;0.0093999999;992;j
RS;scainc992j;p99.7p99.8;2006;0.0096000005;992;j
RS;scainc992j;p99.7p99.8;2007;0.0093;992;j
RS;scainc992j;p99.7p99.8;2008;0.0093;992;j
RS;scainc992j;p99.7p99.8;2009;0.0097000003;992;j
RS;scainc992j;p99.7p99.8;2010;0.0099999998;992;j
RS;scainc992j;p99.7p99.8;2011;0.0102;992;j
RS;scainc992j;p99.7p99.8;2012;0.0111;992;j
RS;scainc992j;p99.7p99.8;2013;0.0105;992;j
RS;scainc992j;p99.7p99.8;2014;0.0114;992;j
RS;scainc992j;p99.7p99.8;2015;0.0129;992;j
RS;scainc992j;p99.7p99.8;2016;0.0129;992;j
RS;scainc992j;p99.7p99.8;2017;0.0129;992;j
RS;scainc992j;p99.999p100;1990;0.003;992;j
RS;scainc992j;p99.999p100;1991;0.0027000001;992;j
RS;scainc992j;p99.999p100;1992;0.0024000001;992;j
RS;scainc992j;p99.999p100;1993;0.0022;992;j
RS;scainc992j;p99.999p100;1994;0.0020999999;992;j
RS;scainc992j;p99.999p100;1995;0.0020000001;992;j
RS;scainc992j;p99.999p100;1996;0.0018;992;j
RS;scainc992j;p99.999p100;1997;0.0017;992;j
RS;scainc992j;p99.999p100;1998;0.0019;992;j
RS;scainc992j;p99.999p100;1999;0.0024999999;992;j
RS;scainc992j;p99.999p100;2000;0.0026;992;j
RS;scainc992j;p99.999p100;2001;0.0031999999;992;j
RS;scainc992j;p99.999p100;2002;0.0029;992;j
RS;scainc992j;p99.999p100;2003;0.0029;992;j
RS;scainc992j;p99.999p100;2004;0.003;992;j
RS;scainc992j;p99.999p100;2005;0.0033;992;j
RS;scainc992j;p99.999p100;2006;0.0029;992;j
RS;scainc992j;p99.999p100;2007;0.0023000001;992;j
RS;scainc992j;p99.999p100;2008;0.0019;992;j
RS;scainc992j;p99.999p100;2009;0.0026;992;j
RS;scainc992j;p99.999p100;2010;0.0023000001;992;j
RS;scainc992j;p99.999p100;2011;0.0022;992;j
RS;scainc992j;p99.999p100;2012;0.0041999999;992;j
RS;scainc992j;p99.999p100;2013;0.0027999999;992;j
RS;scainc992j;p99.999p100;2014;0.0074999998;992;j
RS;scainc992j;p99.999p100;2015;0.015;992;j
RS;scainc992j;p99.999p100;2016;0.015;992;j
RS;scainc992j;p99.999p100;2017;0.0151;992;j
RS;sdiinc992j;p11p100;1990;0.977;992;j
RS;sdiinc992j;p11p100;1991;0.97710001;992;j
RS;sdiinc992j;p11p100;1992;0.97710001;992;j
RS;sdiinc992j;p11p100;1993;0.97710001;992;j
RS;sdiinc992j;p11p100;1994;0.97710001;992;j
RS;sdiinc992j;p11p100;1995;0.97710001;992;j
RS;sdiinc992j;p11p100;1996;0.97710001;992;j
RS;sdiinc992j;p11p100;1997;0.97689998;992;j
RS;sdiinc992j;p11p100;1998;0.97659999;992;j
RS;sdiinc992j;p11p100;1999;0.97710001;992;j
RS;sdiinc992j;p11p100;2000;0.9774;992;j
RS;sdiinc992j;p11p100;2001;0.97750002;992;j
RS;sdiinc992j;p11p100;2002;0.98040003;992;j
RS;sdiinc992j;p11p100;2003;0.98049998;992;j
RS;sdiinc992j;p11p100;2004;0.98250002;992;j
RS;sdiinc992j;p11p100;2005;0.98339999;992;j
RS;sdiinc992j;p11p100;2006;0.98470002;992;j
RS;sdiinc992j;p11p100;2007;0.98549998;992;j
RS;sdiinc992j;p11p100;2008;0.98540002;992;j
RS;sdiinc992j;p11p100;2009;0.98509997;992;j
RS;sdiinc992j;p11p100;2010;0.98570001;992;j
RS;sdiinc992j;p11p100;2011;0.98699999;992;j
RS;sdiinc992j;p11p100;2012;0.98769999;992;j
RS;sdiinc992j;p11p100;2013;0.98379999;992;j
RS;sdiinc992j;p11p100;2014;0.9763;992;j
RS;sdiinc992j;p11p100;2015;0.98100001;992;j
RS;sdiinc992j;p11p100;2016;0.98210001;992;j
RS;sdiinc992j;p11p100;2017;0.98229998;992;j
RS;sdiinc992j;p29p30;1990;0.0057000001;992;j
RS;sdiinc992j;p29p30;1991;0.0057000001;992;j
RS;sdiinc992j;p29p30;1992;0.0057999999;992;j
RS;sdiinc992j;p29p30;1993;0.0057999999;992;j
RS;sdiinc992j;p29p30;1994;0.0059000002;992;j
RS;sdiinc992j;p29p30;1995;0.0059000002;992;j
RS;sdiinc992j;p29p30;1996;0.0060000001;992;j
RS;sdiinc992j;p29p30;1997;0.0060999999;992;j
RS;sdiinc992j;p29p30;1998;0.0060000001;992;j
RS;sdiinc992j;p29p30;1999;0.0059000002;992;j
RS;sdiinc992j;p29p30;2000;0.0059000002;992;j
RS;sdiinc992j;p29p30;2001;0.0059000002;992;j
RS;sdiinc992j;p29p30;2002;0.0059000002;992;j
RS;sdiinc992j;p29p30;2003;0.0057999999;992;j
RS;sdiinc992j;p29p30;2004;0.0055999998;992;j
RS;sdiinc992j;p29p30;2005;0.0055;992;j
RS;sdiinc992j;p29p30;2006;0.0052999998;992;j
RS;sdiinc992j;p29p30;2007;0.0054000001;992;j
RS;sdiinc992j;p29p30;2008;0.0052;992;j
RS;sdiinc992j;p29p30;2009;0.0051000002;992;j
RS;sdiinc992j;p29p30;2010;0.0048000002;992;j
RS;sdiinc992j;p29p30;2011;0.0044999998;992;j
RS;sdiinc992j;p29p30;2012;0.0046000001;992;j
RS;sdiinc992j;p29p30;2013;0.0041999999;992;j
RS;sdiinc992j;p29p30;2014;0.0044999998;992;j
RS;sdiinc992j;p29p30;2015;0.0043000001;992;j
RS;sdiinc992j;p29p30;2016;0.0041999999;992;j
RS;sdiinc992j;p29p30;2017;0.0041999999;992;j
RS;sdiinc992j;p78p79;1990;0.0137;992;j
RS;sdiinc992j;p78p79;1991;0.0136;992;j
RS;sdiinc992j;p78p79;1992;0.0136;992;j
RS;sdiinc992j;p78p79;1993;0.0136;992;j
RS;sdiinc992j;p78p79;1994;0.0135;992;j
RS;sdiinc992j;p78p79;1995;0.0135;992;j
RS;sdiinc992j;p78p79;1996;0.0134;992;j
RS;sdiinc992j;p78p79;1997;0.0134;992;j
RS;sdiinc992j;p78p79;1998;0.0132;992;j
RS;sdiinc992j;p78p79;1999;0.0131;992;j
RS;sdiinc992j;p78p79;2000;0.013;992;j
RS;sdiinc992j;p78p79;2001;0.0129;992;j
RS;sdiinc992j;p78p79;2002;0.0131;992;j
RS;sdiinc992j;p78p79;2003;0.0131;992;j
RS;sdiinc992j;p78p79;2004;0.0133;992;j
RS;sdiinc992j;p78p79;2005;0.0133;992;j
RS;sdiinc992j;p78p79;2006;0.0133;992;j
RS;sdiinc992j;p78p79;2007;0.0134;992;j
RS;sdiinc992j;p78p79;2008;0.0135;992;j
RS;sdiinc992j;p78p79;2009;0.0135;992;j
RS;sdiinc992j;p78p79;2010;0.0135;992;j
RS;sdiinc992j;p78p79;2011;0.0136;992;j
RS;sdiinc992j;p78p79;2012;0.0135;992;j
RS;sdiinc992j;p78p79;2013;0.0138;992;j
RS;sdiinc992j;p78p79;2014;0.013;992;j
RS;sdiinc992j;p78p79;2015;0.0127;992;j
RS;sdiinc992j;p78p79;2016;0.0128;992;j
RS;sdiinc992j;p78p79;2017;0.0128;992;j
RS;sdiinc992j;p92p93;1990;0.0186;992;j
RS;sdiinc992j;p92p93;1991;0.0185;992;j
RS;sdiinc992j;p92p93;1992;0.0185;992;j
RS;sdiinc992j;p92p93;1993;0.0185;992;j
RS;sdiinc992j;p92p93;1994;0.0185;992;j
RS;sdiinc992j;p92p93;1995;0.0184;992;j
RS;sdiinc992j;p92p93;1996;0.0184;992;j
RS;sdiinc992j;p92p93;1997;0.0184;992;j
RS;sdiinc992j;p92p93;1998;0.0185;992;j
RS;sdiinc992j;p92p93;1999;0.0185;992;j
RS;sdiinc992j;p92p93;2000;0.0184;992;j
RS;sdiinc992j;p92p93;2001;0.0184;992;j
RS;sdiinc992j;p92p93;2002;0.0186;992;j
RS;sdiinc992j;p92p93;2003;0.0189;992;j
RS;sdiinc992j;p92p93;2004;0.019400001;992;j
RS;sdiinc992j;p92p93;2005;0.0197;992;j
RS;sdiinc992j;p92p93;2006;0.02;992;j
RS;sdiinc992j;p92p93;2007;0.020199999;992;j
RS;sdiinc992j;p92p93;2008;0.020400001;992;j
RS;sdiinc992j;p92p93;2009;0.020400001;992;j
RS;sdiinc992j;p92p93;2010;0.0209;992;j
RS;sdiinc992j;p92p93;2011;0.021500001;992;j
RS;sdiinc992j;p92p93;2012;0.0207;992;j
RS;sdiinc992j;p92p93;2013;0.0211;992;j
RS;sdiinc992j;p92p93;2014;0.0198;992;j
RS;sdiinc992j;p92p93;2015;0.019400001;992;j
RS;sdiinc992j;p92p93;2016;0.0196;992;j
RS;sdiinc992j;p92p93;2017;0.0196;992;j
RS;sptinc992j;p35p100;1990;0.88980001;992;j
RS;sptinc992j;p35p100;1991;0.88990003;992;j
RS;sptinc992j;p35p100;1992;0.88990003;992;j
RS;sptinc992j;p35p100;1993;0.88999999;992;j
RS;sptinc992j;p35p100;1994;0.8901;992;j
RS;sptinc992j;p35p100;1995;0.89020002;992;j
RS;sptinc992j;p35p100;1996;0.8901;992;j
RS;sptinc992j;p35p100;1997;0.89020002;992;j
RS;sptinc992j;p35p100;1998;0.88620001;992;j
RS;sptinc992j;p35p100;1999;0.88630003;992;j
RS;sptinc992j;p35p100;2000;0.88819999;992;j
RS;sptinc992j;p35p100;2001;0.8883;992;j
RS;sptinc992j;p35p100;2002;0.89609998;992;j
RS;sptinc992j;p35p100;2003;0.89929998;992;j
RS;sptinc992j;p35p100;2004;0.90499997;992;j
RS;sptinc992j;p35p100;2005;0.91000003;992;j
RS;sptinc992j;p35p100;2006;0.91610003;992;j
RS;sptinc992j;p35p100;2007;0.9192;992;j
RS;sptinc992j;p35p100;2008;0.9249;992;j
RS;sptinc992j;p35p100;2009;0.9289;992;j
RS;sptinc992j;p35p100;2010;0.93339998;992;j
RS;sptinc992j;p35p100;2011;0.94;992;j
RS;sptinc992j;p35p100;2012;0.94230002;992;j
RS;sptinc992j;p35p100;2013;0.94400001;992;j
RS;sptinc992j;p35p100;2014;0.9461;992;j
RS;sptinc992j;p35p100;2015;0.94300002;992;j
RS;sptinc992j;p35p100;2016;0.9429;992;j
RS;sptinc992j;p35p100;2017;0.94309998;992;j
RS;sptinc992j;p37p100;1990;0.87760001;992;j
RS;sptinc992j;p37p100;1991;0.87769997;992;j
RS;sptinc992j;p37p100;1992;0.87779999;992;j
RS;sptinc992j;p37p100;1993;0.87800002;992;j
RS;sptinc992j;p37p100;1994;0.87809998;992;j
RS;sptinc992j;p37p100;1995;0.87819999;992;j
RS;sptinc992j;p37p100;1996;0.87819999;992;j
RS;sptinc992j;p37p100;1997;0.87830001;992;j
RS;sptinc992j;p37p100;1998;0.87449998;992;j
RS;sptinc992j;p37p100;1999;0.87459999;992;j
RS;sptinc992j;p37p100;2000;0.8768;992;j
RS;sptinc992j;p37p100;2001;0.87690002;992;j
RS;sptinc992j;p37p100;2002;0.88480002;992;j
RS;sptinc992j;p37p100;2003;0.88810003;992;j
RS;sptinc992j;p37p100;2004;0.89399999;992;j
RS;sptinc992j;p37p100;2005;0.89929998;992;j
RS;sptinc992j;p37p100;2006;0.90560001;992;j
RS;sptinc992j;p37p100;2007;0.90850002;992;j
RS;sptinc992j;p37p100;2008;0.9145;992;j
RS;sptinc992j;p37p100;2009;0.91869998;992;j
RS;sptinc992j;p37p100;2010;0.9235;992;j
RS;sptinc992j;p37p100;2011;0.93059999;992;j
RS;sptinc992j;p37p100;2012;0.93290001;992;j
RS;sptinc992j;p37p100;2013;0.93449998;992;j
RS;sptinc992j;p37p100;2014;0.93709999;992;j
RS;sptinc992j;p37p100;2015;0.93349999;992;j
RS;sptinc992j;p37p100;2016;0.93339998;992;j
RS;sptinc992j;p37p100;2017;0.93360001;992;j
RS;sptinc992j;p88p100;1990;0.3353;992;j
RS;sptinc992j;p88p100;1991;0.33739999;992;j
RS;sptinc992j;p88p100;1992;0.33939999;992;j
RS;sptinc992j;p88p100;1993;0.34150001;992;j
RS;sptinc992j;p88p100;1994;0.3436;992;j
RS;sptinc992j;p88p100;1995;0.34580001;992;j
RS;sptinc992j;p88p100;1996;0.34709999;992;j
RS;sptinc992j;p88p100;1997;0.34850001;992;j
RS;sptinc992j;p88p100;1998;0.35069999;992;j
RS;sptinc992j;p88p100;1999;0.35429999;992;j
RS;sptinc992j;p88p100;2000;0.36300001;992;j
RS;sptinc992j;p88p100;2001;0.36700001;992;j
RS;sptinc992j;p88p100;2002;0.3723;992;j
RS;sptinc992j;p88p100;2003;0.37599999;992;j
RS;sptinc992j;p88p100;2004;0.38530001;992;j
RS;sptinc992j;p88p100;2005;0.39250001;992;j
RS;sptinc992j;p88p100;2006;0.39680001;992;j
RS;sptinc992j;p88p100;2007;0.3915;992;j
RS;sptinc992j;p88p100;2008;0.39520001;992;j
RS;sptinc992j;p88p100;2009;0.39969999;992;j
RS;sptinc992j;p88p100;2010;0.4102;992;j
RS;sptinc992j;p88p100;2011;0.41999999;992;j
RS;sptinc992j;p88p100;2012;0.4163;992;j
RS;sptinc992j;p88p100;2013;0.41260001;992;j
RS;sptinc992j;p88p100;2014;0.42930001;992;j
RS;sptinc992j;p88p100;2015;0.42300001;992;j
RS;sptinc992j;p88p100;2016;0.42309999;992;j
RS;sptinc992j;p88p100;2017;0.42340001;992;j
RS;tcainc992j;p12p100;1990;129721.9;992;j
RS;tcainc992j;p12p100;1991;114484.0;992;j
RS;tcainc992j;p12p100;1992;80066.703;992;j
RS;tcainc992j;p12p100;1993;52973.301;992;j
RS;tcainc992j;p12p100;1994;55669.699;992;j
RS;tcainc992j;p12p100;1995;59611.5;992;j
RS;tcainc992j;p12p100;1996;61669.602;992;j
RS;tcainc992j;p12p100;1997;66292.0;992;j
RS;tcainc992j;p12p100;1998;80079.5;992;j
RS;tcainc992j;p12p100;1999;91401.297;992;j
RS;tcainc992j;p12p100;2000;96196.898;992;j
RS;tcainc992j;p12p100;2001;92771.398;992;j
RS;tcainc992j;p12p100;2002;85191.203;992;j
RS;tcainc992j;p12p100;2003;83233.297;992;j
RS;tcainc992j;p12p100;2004;83850.398;992;j
RS;tcainc992j;p12p100;2005;85582.797;992;j
RS;tcainc992j;p12p100;2006;79203.297;992;j
RS;tcainc992j;p12p100;2007;69546.398;992;j
RS;tcainc992j;p12p100;2008;69696.797;992;j
RS;tcainc992j;p12p100;2009;67904.297;992;j
RS;tcainc992j;p12p100;2010;55085.699;992;j
RS;tcainc992j;p12p100;2011;46482.398;992;j
RS;tcainc992j;p12p100;2012;38146.5;992;j
RS;tcainc992j;p12p100;2013;53853.0;992;j
RS;tcainc992j;p12p100;2014;90726.703;992;j
RS;tcainc992j;p12p100;2015;66347.797;992;j
RS;tcainc992j;p12p100;2016;68982.398;992;j
RS;tcainc992j;p12p100;2017;68888.898;992;j
RS;tcainc992j;p65p66;1990;562506.81;992;j
RS;tcainc992j;p65p66;1991;487495.0;992;j
RS;tcainc992j;p65p66;1992;333062.0;992;j
RS;tcainc992j;p65p66;1993;215187.7;992;j
RS;tcainc992j;p65p66;1994;221125.91;992;j
RS;tcainc992j;p65p66;1995;233012.2;992;j
RS;tcainc992j;p65p66;1996;234571.0;992;j
RS;tcainc992j;p65p66;1997;247253.5;992;j
RS;tcainc992j;p65p66;1998;270191.69;992;j
RS;tcainc992j;p65p66;1999;305057.5;992;j
RS;tcainc992j;p65p66;2000;325570.09;992;j
RS;tcainc992j;p65p66;2001;315871.81;992;j
RS;tcainc992j;p65p66;2002;332707.41;992;j
RS;tcainc992j;p65p66;2003;351019.41;992;j
RS;tcainc992j;p65p66;2004;420704.69;992;j
RS;tcainc992j;p65p66;2005;472733.69;992;j
RS;tcainc992j;p65p66;2006;498852.5;992;j
RS;tcainc992j;p65p66;2007;503183.5;992;j
RS;tcainc992j;p65p66;2008;539861.38;992;j
RS;tcainc992j;p65p66;2009;528016.5;992;j
RS;tcainc992j;p65p66;2010;527200.38;992;j
RS;tcainc992j;p65p66;2011;529561.81;992;j
RS;tcainc992j;p65p66;2012;525403.31;992;j
RS;tcainc992j;p65p66;2013;547562.19;992;j
RS;tcainc992j;p65p66;2014;520621.91;992;j
RS;tcainc992j;p65p66;2015;507399.5;992;j
RS;tcainc992j;p65p66;2016;526238.63;992;j
RS;tcainc992j;p65p66;2017;526476.13;992;j
RS;tcainc992j;p99.3p100;1990;2465123.0;992;j
RS;tcainc992j;p99.3p100;1991;2132288.3;992;j
RS;tcainc992j;p99.3p100;1992;1460207.6;992;j
RS;tcainc992j;p99.3p100;1993;950380.13;992;j
RS;tcainc992j;p99.3p100;1994;979560.5;992;j
RS;tcainc992j;p99.3p100;1995;1034944.5;992;j
RS;tcainc992j;p99.3p100;1996;1036592.3;992;j
RS;tcainc992j;p99.3p100;1997;1086733.8;992;j
RS;tcainc992j;p99.3p100;1998;1211610.9;992;j
RS;tcainc992j;p99.3p100;1999;1424225.6;992;j
RS;tcainc992j;p99.3p100;2000;1625136.9;992;j
RS;tcainc992j;p99.3p100;2001;1618204.5;992;j
RS;tcainc992j;p99.3p100;2002;1748782.3;992;j
RS;tcainc992j;p99.3p100;2003;1830493.6;992;j
RS;tcainc992j;p99.3p100;2004;2219966.3;992;j
RS;tcainc992j;p99.3p100;2005;2586548.5;992;j
RS;tcainc992j;p99.3p100;2006;2824582.8;992;j
RS;tcainc992j;p99.3p100;2007;2796667.3;992;j
RS;tcainc992j;p99.3p100;2008;3032583.0;992;j
RS;tcainc992j;p99.3p100;2009;3066468.0;992;j
RS;tcainc992j;p99.3p100;2010;3189177.5;992;j
RS;tcainc992j;p99.3p100;2011;3313639.3;992;j
RS;tcainc992j;p99.3p100;2012;3383034.0;992;j
RS;tcainc992j;p99.3p100;2013;3404397.8;992;j
RS;tcainc992j;p99.3p100;2014;3309181.5;992;j
RS;tcainc992j;p99.3p100;2015;3542796.5;992;j
RS;tcainc992j;p99.3p100;2016;3674202.8;992;j
RS;tcainc992j;p99.3p100;2017;3677921.5;992;j
RS;tcainc992j;p99.993p99.994;1990;25099034.0;992;j
RS;tcainc992j;p99.993p99.994;1991;20770834.0;992;j
RS;tcainc992j;p99.993p99.994;1992;13380519.0;992;j
RS;tcainc992j;p99.993p99.994;1993;8354471.0;992;j
RS;tcainc992j;p99.993p99.994;1994;8374366.0;992;j
RS;tcainc992j;p99.993p99.994;1995;8637905.0;992;j
RS;tcainc992j;p99.993p99.994;1996;8403489.0;992;j
RS;tcainc992j;p99.993p99.994;1997;8535403.0;992;j
RS;tcainc992j;p99.993p99.994;1998;9875378.0;992;j
RS;tcainc992j;p99.993p99.994;1999;13217869.0;992;j
RS;tcainc992j;p99.993p99.994;2000;15326363.0;992;j
RS;tcainc992j;p99.993p99.994;2001;16793352.0;992;j
RS;tcainc992j;p99.993p99.994;2002;16987538.0;992;j
RS;tcainc992j;p99.993p99.994;2003;17750418.0;992;j
RS;tcainc992j;p99.993p99.994;2004;21541104.0;992;j
RS;tcainc992j;p99.993p99.994;2005;26194770.0;992;j
RS;tcainc992j;p99.993p99.994;2006;26308558.0;992;j
RS;tcainc992j;p99.993p99.994;2007;23514998.0;992;j
RS;tcainc992j;p99.993p99.994;2008;22978952.0;992;j
RS;tcainc992j;p99.993p99.994;2009;26792914.0;992;j
RS;tcainc992j;p99.993p99.994;2010;26208060.0;992;j
RS;tcainc992j;p99.993p99.994;2011;26243176.0;992;j
RS;tcainc992j;p99.993p99.994;2012;36768968.0;992;j
RS;tcainc992j;p99.993p99.994;2013;30262938.0;992;j
RS;tcainc992j;p99.993p99.994;2014;47930712.0;992;j
RS;tcainc992j;p99.993p99.994;2015;69613344.0;992;j
RS;tcainc992j;p99.993p99.994;2016;72236496.0;992;j
RS;tcainc992j;p99.993p99.994;2017;72394648.0;992;j
RS;tdiinc992j;p25p100;1990;365465.5;992;j
RS;tdiinc992j;p25p100;1991;321096.91;992;j
RS;tdiinc992j;p25p100;1992;222629.7;992;j
RS;tdiinc992j;p25p100;1993;146192.7;992;j
RS;tdiinc992j;p25p100;1994;152447.2;992;j
RS;tdiinc992j;p25p100;1995;162715.7;992;j
RS;tdiinc992j;p25p100;1996;166291.91;992;j
RS;tdiinc992j;p25p100;1997;179046.0;992;j
RS;tdiinc992j;p25p100;1998;189391.5;992;j
RS;tdiinc992j;p25p100;1999;204922.5;992;j
RS;tdiinc992j;p25p100;2000;227382.2;992;j
RS;tdiinc992j;p25p100;2001;227684.5;992;j
RS;tdiinc992j;p25p100;2002;239062.59;992;j
RS;tdiinc992j;p25p100;2003;244896.2;992;j
RS;tdiinc992j;p25p100;2004;264384.19;992;j
RS;tdiinc992j;p25p100;2005;288242.09;992;j
RS;tdiinc992j;p25p100;2006;290667.81;992;j
RS;tdiinc992j;p25p100;2007;300073.91;992;j
RS;tdiinc992j;p25p100;2008;309839.69;992;j
RS;tdiinc992j;p25p100;2009;289100.31;992;j
RS;tdiinc992j;p25p100;2010;268623.91;992;j
RS;tdiinc992j;p25p100;2011;249377.8;992;j
RS;tdiinc992j;p25p100;2012;257144.59;992;j
RS;tdiinc992j;p25p100;2013;227675.09;992;j
RS;tdiinc992j;p25p100;2014;253205.8;992;j
RS;tdiinc992j;p25p100;2015;232779.2;992;j
RS;tdiinc992j;p25p100;2016;234454.91;992;j
RS;tdiinc992j;p25p100;2017;234637.91;992;j
RS;tptinc992j;p28p100;1990;359692.31;992;j
RS;tptinc992j;p28p100;1991;312293.0;992;j
RS;tptinc992j;p28p100;1992;213364.59;992;j
RS;tptinc992j;p28p100;1993;138054.8;992;j
RS;tptinc992j;p28p100;1994;141709.2;992;j
RS;tptinc992j;p28p100;1995;149287.5;992;j
RS;tptinc992j;p28p100;1996;150389.8;992;j
RS;tptinc992j;p28p100;1997;159222.41;992;j
RS;tptinc992j;p28p100;1998;170155.41;992;j
RS;tptinc992j;p28p100;1999;183909.8;992;j
RS;tptinc992j;p28p100;2000;199350.3;992;j
RS;tptinc992j;p28p100;2001;198447.91;992;j
RS;tptinc992j;p28p100;2002;205002.91;992;j
RS;tptinc992j;p28p100;2003;211660.8;992;j
RS;tptinc992j;p28p100;2004;228776.09;992;j
RS;tptinc992j;p28p100;2005;245440.41;992;j
RS;tptinc992j;p28p100;2006;246795.41;992;j
RS;tptinc992j;p28p100;2007;253160.3;992;j
RS;tptinc992j;p28p100;2008;260439.2;992;j
RS;tptinc992j;p28p100;2009;250036.3;992;j
RS;tptinc992j;p28p100;2010;236742.7;992;j
RS;tptinc992j;p28p100;2011;220391.0;992;j
RS;tptinc992j;p28p100;2012;214604.8;992;j
RS;tptinc992j;p28p100;2013;216641.2;992;j
RS;tptinc992j;p28p100;2014;206329.41;992;j
RS;tptinc992j;p28p100;2015;223015.91;992;j
RS;tptinc992j;p28p100;2016;229947.3;992;j
RS;tptinc992j;p28p100;2017;230959.41;992;j
RS;tptinc992j;p29p30;1990;367759.5;992;j
RS;tptinc992j;p29p30;1991;319332.69;992;j
RS;tptinc992j;p29p30;1992;218465.41;992;j
RS;tptinc992j;p29p30;1993;141902.3;992;j
RS;tptinc992j;p29p30;1994;145946.91;992;j
RS;tptinc992j;p29p30;1995;153778.09;992;j
RS;tptinc992j;p29p30;1996;155171.91;992;j
RS;tptinc992j;p29p30;1997;164626.09;992;j
RS;tptinc992j;p29p30;1998;175419.59;992;j
RS;tptinc992j;p29p30;1999;189163.91;992;j
RS;tptinc992j;p29p30;2000;205138.7;992;j
RS;tptinc992j;p29p30;2001;204085.91;992;j
RS;tptinc992j;p29p30;2002;211879.5;992;j
RS;tptinc992j;p29p30;2003;218263.8;992;j
RS;tptinc992j;p29p30;2004;236551.09;992;j
RS;tptinc992j;p29p30;2005;254918.41;992;j
RS;tptinc992j;p29p30;2006;257295.09;992;j
RS;tptinc992j;p29p30;2007;262924.09;992;j
RS;tptinc992j;p29p30;2008;271523.19;992;j
RS;tptinc992j;p29p30;2009;260822.91;992;j
RS;tptinc992j;p29p30;2010;248747.91;992;j
RS;tptinc992j;p29p30;2011;233319.2;992;j
RS;tptinc992j;p29p30;2012;228883.09;992;j
RS;tptinc992j;p29p30;2013;233527.3;992;j
RS;tptinc992j;p29p30;2014;219842.7;992;j
RS;tptinc992j;p29p30;2015;239209.59;992;j
RS;tptinc992j;p29p30;2016;246684.2;992;j
RS;tptinc992j;p29p30;2017;247878.2;992;j
RS;acainc992j;p10p100;1990;567746.88;992;j
RS;acainc992j;p10p100;1991;492833.81;992;j
RS;acainc992j;p10p100;1992;337383.31;992;j
RS;acainc992j;p10p100;1993;218715.91;992;j
RS;acainc992j;p10p100;1994;225180.5;992;j
RS;acainc992j;p10p100;1995;237580.2;992;j
RS;acainc992j;p10p100;1996;239421.41;992;j
RS;acainc992j;p10p100;1997;252537.91;992;j
RS;acainc992j;p10p100;1998;276724.31;992;j
RS;acainc992j;p10p100;1999;315881.69;992;j
RS;acainc992j;p10p100;2000;343015.41;992;j
RS;acainc992j;p10p100;2001;334435.69;992;j
RS;acainc992j;p10p100;2002;350566.59;992;j
RS;acainc992j;p10p100;2003;369398.19;992;j
RS;acainc992j;p10p100;2004;442199.41;992;j
RS;acainc992j;p10p100;2005;503889.19;992;j
RS;acainc992j;p10p100;2006;532060.5;992;j
RS;acainc992j;p10p100;2007;531952.5;992;j
RS;acainc992j;p10p100;2008;569745.88;992;j
RS;acainc992j;p10p100;2009;563426.63;992;j
RS;acainc992j;p10p100;2010;566165.13;992;j
RS;acainc992j;p10p100;2011;572412.88;992;j
RS;acainc992j;p10p100;2012;572175.69;992;j
RS;acainc992j;p10p100;2013;583411.81;992;j
RS;acainc992j;p10p100;2014;568549.13;992;j
RS;acainc992j;p10p100;2015;576622.63;992;j
RS;acainc992j;p10p100;2016;598019.19;992;j
RS;acainc992j;p10p100;2017;598546.63;992;j
RS;acainc992j;p56p100;1990;848436.81;992;j
RS;acainc992j;p56p100;1991;734377.13;992;j
RS;acainc992j;p56p100;1992;501308.0;992;j
RS;acainc992j;p56p100;1993;324178.41;992;j
RS;acainc992j;p56p100;1994;332909.0;992;j
RS;acainc992j;p56p100;1995;350385.31;992;j
RS;acainc992j;p56p100;1996;351979.5;992;j
RS;acainc992j;p56p100;1997;370092.81;992;j
RS;acainc992j;p56p100;1998;405681.09;992;j
RS;acainc992j;p56p100;1999;463823.09;992;j
RS;acainc992j;p56p100;2000;505573.91;992;j
RS;acainc992j;p56p100;2001;493966.91;992;j
RS;acainc992j;p56p100;2002;524057.5;992;j
RS;acainc992j;p56p100;2003;554897.81;992;j
RS;acainc992j;p56p100;2004;672675.5;992;j
RS;acainc992j;p56p100;2005;772364.31;992;j
RS;acainc992j;p56p100;2006;824163.81;992;j
RS;acainc992j;p56p100;2007;826711.0;992;j
RS;acainc992j;p56p100;2008;890730.31;992;j
RS;acainc992j;p56p100;2009;887041.0;992;j
RS;acainc992j;p56p100;2010;903673.63;992;j
RS;acainc992j;p56p100;2011;924059.63;992;j
RS;acainc992j;p56p100;2012;927286.13;992;j
RS;acainc992j;p56p100;2013;953092.13;992;j
RS;acainc992j;p56p100;2014;913910.13;992;j
RS;acainc992j;p56p100;2015;942383.5;992;j
RS;acainc992j;p56p100;2016;977276.31;992;j
RS;acainc992j;p56p100;2017;978300.69;992;j
RS;acainc992j;p70p100;1990;991186.19;992;j
RS;acainc992j;p70p100;1991;857042.81;992;j
RS;acainc992j;p70p100;1992;584770.13;992;j
RS;acainc992j;p70p100;1993;378093.91;992;j
RS;acainc992j;p70p100;1994;388190.41;992;j
RS;acainc992j;p70p100;1995;408481.09;992;j
RS;acainc992j;p70p100;1996;409997.31;992;j
RS;acainc992j;p70p100;1997;430726.81;992;j
RS;acainc992j;p70p100;1998;472765.31;992;j
RS;acainc992j;p70p100;1999;542176.38;992;j
RS;acainc992j;p70p100;2000;593733.13;992;j
RS;acainc992j;p70p100;2001;581480.69;992;j
RS;acainc992j;p70p100;2002;618378.38;992;j
RS;acainc992j;p70p100;2003;655452.0;992;j
RS;acainc992j;p70p100;2004;797386.38;992;j
RS;acainc992j;p70p100;2005;919536.13;992;j
RS;acainc992j;p70p100;2006;983910.88;992;j
RS;acainc992j;p70p100;2007;986154.31;992;j
RS;acainc992j;p70p100;2008;1063613.1;992;j
RS;acainc992j;p70p100;2009;1062969.4;992;j
RS;acainc992j;p70p100;2010;1088366.1;992;j
RS;acainc992j;p70p100;2011;1117144.0;992;j
RS;acainc992j;p70p100;2012;1123759.3;992;j
RS;acainc992j;p70p100;2013;1152613.0;992;j
RS;acainc992j;p70p100;2014;1106682.8;992;j
RS;acainc992j;p70p100;2015;1153969.0;992;j
RS;acainc992j;p70p100;2016;1196708.8;992;j
RS;acainc992j;p70p100;2017;1198046.1;992;j
RS;acfcnp999i;p0p100;1997;39.400002;999;i
RS;acfcnp999i;p0p100;1998;41.599998;999;i
RS;acfcnp999i;p0p100;1999;50.900002;999;i
RS;acfcnp999i;p0p100;2000;57.0;999;i
RS;acfcnp999i;p0p100;2001;66.400002;999;i
RS;acfcnp999i;p0p100;2002;82.699997;999;i
RS;acfcnp999i;p0p100;2003;87.800003;999;i
RS;acfcnp999i;p0p100;2004;118.7;999;i
RS;acfcnp999i;p0p100;2005;119.7;999;i
RS;acfcnp999i;p0p100;2006;105.3;999;i
RS;acfcnp999i;p0p100;2007;101.5;999;i
RS;acfcnp999i;p0p100;2008;101.1;999;i
RS;acfcnp999i;p0p100;2009;96.5;999;i
RS;acfcnp999i;p0p100;2010;96.599998;999;i
RS;acfcnp999i;p0p100;2011;102.0;999;i
RS;aconhn992i;p0p100;1997;286882.81;992;i
RS;aconhn992i;p0p100;1998;320774.59;992;i
RS;aconhn992i;p0p100;1999;361367.31;992;i
RS;aconhn992i;p0p100;2000;386898.0;992;i
RS;aconhn992i;p0p100;2001;436047.69;992;i
RS;aconhn992i;p0p100;2002;473609.09;992;i
RS;aconhn992i;p0p100;2003;469851.0;992;i
RS;aconhn992i;p0p100;2004;491333.59;992;i
RS;aconhn992i;p0p100;2005;538857.5;992;i
RS;aconhn992i;p0p100;2006;566360.13;992;i
RS;aconhn992i;p0p100;2007;593436.63;992;i
RS;aconhn992i;p0p100;2008;635921.31;992;i
RS;aconhn992i;p0p100;2009;641819.63;992;i
RS;aconhn992i;p0p100;2010;649681.13;992;i
RS;aconhn992i;p0p100;2011;630622.19;992;i
RS;adiinc992j;p59p60;1990;725903.13;992;j
RS;adiinc992j;p59p60;1991;629889.31;992;j
RS;adiinc992j;p59p60;1992;430610.41;992;j
RS;adiinc992j;p59p60;1993;278429.31;992;j
RS;adiinc992j;p59p60;1994;285912.31;992;j
RS;adiinc992j;p59p60;1995;301067.31;992;j
RS;adiinc992j;p59p60;1996;303534.69;992;j
RS;adiinc992j;p59p60;1997;321840.41;992;j
RS;adiinc992j;p59p60;1998;336603.0;992;j
RS;adiinc992j;p59p60;1999;365288.41;992;j
RS;adiinc992j;p59p60;2000;396769.41;992;j
RS;adiinc992j;p59p60;2001;393120.19;992;j
RS;adiinc992j;p59p60;2002;423925.19;992;j
RS;adiinc992j;p59p60;2003;445748.19;992;j
RS;adiinc992j;p59p60;2004;499962.69;992;j
RS;adiinc992j;p59p60;2005;551880.69;992;j
RS;adiinc992j;p59p60;2006;581065.63;992;j
RS;adiinc992j;p59p60;2007;606641.63;992;j
RS;adiinc992j;p59p60;2008;645196.38;992;j
RS;adiinc992j;p59p60;2009;626193.88;992;j
RS;adiinc992j;p59p60;2010;621717.13;992;j
RS;adiinc992j;p59p60;2011;619338.31;992;j
RS;adiinc992j;p59p60;2012;612697.31;992;j
RS;adiinc992j;p59p60;2013;633038.69;992;j
RS;adiinc992j;p59p60;2014;609346.5;992;j
RS;adiinc992j;p59p60;2015;595495.81;992;j
RS;adiinc992j;p59p60;2016;612710.5;992;j
RS;adiinc992j;p59p60;2017;616181.13;992;j
RS;adiinc992j;p61p62;1990;744156.69;992;j
RS;adiinc992j;p61p62;1991;646134.5;992;j
RS;adiinc992j;p61p62;1992;442372.91;992;j
RS;adiinc992j;p61p62;1993;286644.0;992;j
RS;adiinc992j;p61p62;1994;294797.69;992;j
RS;adiinc992j;p61p62;1995;310634.91;992;j
RS;adiinc992j;p61p62;1996;313213.59;992;j
RS;adiinc992j;p61p62;1997;332062.69;992;j
RS;adiinc992j;p61p62;1998;347790.81;992;j
RS;adiinc992j;p61p62;1999;377721.31;992;j
RS;adiinc992j;p61p62;2000;409539.59;992;j
RS;adiinc992j;p61p62;2001;405676.31;992;j
RS;adiinc992j;p61p62;2002;437190.31;992;j
RS;adiinc992j;p61p62;2003;459789.59;992;j
RS;adiinc992j;p61p62;2004;515008.91;992;j
RS;adiinc992j;p61p62;2005;570547.5;992;j
RS;adiinc992j;p61p62;2006;602042.5;992;j
RS;adiinc992j;p61p62;2007;624429.69;992;j
RS;adiinc992j;p61p62;2008;664163.81;992;j
RS;adiinc992j;p61p62;2009;648504.38;992;j
RS;adiinc992j;p61p62;2010;642989.38;992;j
RS;adiinc992j;p61p62;2011;641290.38;992;j
RS;adiinc992j;p61p62;2012;638263.0;992;j
RS;adiinc992j;p61p62;2013;660396.69;992;j
RS;adiinc992j;p61p62;2014;636309.31;992;j
RS;adiinc992j;p61p62;2015;619298.63;992;j
RS;adiinc992j;p61p62;2016;637577.13;992;j
RS;adiinc992j;p61p62;2017;641152.69;992;j
RS;adiinc992j;p93p100;1990;2303681.8;992;j
RS;adiinc992j;p93p100;1991;1988340.6;992;j
RS;adiinc992j;p93p100;1992;1355545.3;992;j
RS;adiinc992j;p93p100;1993;878050.31;992;j
RS;adiinc992j;p93p100;1994;902615.19;992;j
RS;adiinc992j;p93p100;1995;951257.88;992;j
RS;adiinc992j;p93p100;1996;952770.69;992;j
RS;adiinc992j;p93p100;1997;1002315.7;992;j
RS;adiinc992j;p93p100;1998;1077510.8;992;j
RS;adiinc992j;p93p100;1999;1219505.3;992;j
RS;adiinc992j;p93p100;2000;1379141.0;992;j
RS;adiinc992j;p93p100;2001;1404362.6;992;j
RS;adiinc992j;p93p100;2002;1534801.8;992;j
RS;adiinc992j;p93p100;2003;1611933.5;992;j
RS;adiinc992j;p93p100;2004;1848033.3;992;j
RS;adiinc992j;p93p100;2005;2110755.8;992;j
RS;adiinc992j;p93p100;2006;2277048.5;992;j
RS;adiinc992j;p93p100;2007;2317161.3;992;j
RS;adiinc992j;p93p100;2008;2478857.5;992;j
RS;adiinc992j;p93p100;2009;2495085.3;992;j
RS;adiinc992j;p93p100;2010;2571134.8;992;j
RS;adiinc992j;p93p100;2011;2649493.0;992;j
RS;adiinc992j;p93p100;2012;2714145.8;992;j
RS;adiinc992j;p93p100;2013;2717939.8;992;j
RS;adiinc992j;p93p100;2014;2727740.5;992;j
RS;adiinc992j;p93p100;2015;3005433.5;992;j
RS;adiinc992j;p93p100;2016;3129279.8;992;j
RS;adiinc992j;p93p100;2017;3152389.8;992;j
RS;adiinc992j;p99.996p99.997;1990;48154288.0;992;j
RS;adiinc992j;p99.996p99.997;1991;39549944.0;992;j
RS;adiinc992j;p99.996p99.997;1992;25196248.0;992;j
RS;adiinc992j;p99.996p99.997;1993;15606439.0;992;j
RS;adiinc992j;p99.996p99.997;1994;15562512.0;992;j
RS;adiinc992j;p99.996p99.997;1995;15979914.0;992;j
RS;adiinc992j;p99.996p99.997;1996;15470247.0;992;j
RS;adiinc992j;p99.996p99.997;1997;15675008.0;992;j
RS;adiinc992j;p99.996p99.997;1998;17710050.0;992;j
RS;adiinc992j;p99.996p99.997;1999;23479944.0;992;j
RS;adiinc992j;p99.996p99.997;2000;27322224.0;992;j
RS;adiinc992j;p99.996p99.997;2001;31088566.0;992;j
RS;adiinc992j;p99.996p99.997;2002;31637306.0;992;j
RS;adiinc992j;p99.996p99.997;2003;32982620.0;992;j
RS;adiinc992j;p99.996p99.997;2004;37754548.0;992;j
RS;adiinc992j;p99.996p99.997;2005;45331660.0;992;j
RS;adiinc992j;p99.996p99.997;2006;44776836.0;992;j
RS;adiinc992j;p99.996p99.997;2007;40352304.0;992;j
RS;adiinc992j;p99.996p99.997;2008;38383252.0;992;j
RS;adiinc992j;p99.996p99.997;2009;45656120.0;992;j
RS;adiinc992j;p99.996p99.997;2010;43981480.0;992;j
RS;adiinc992j;p99.996p99.997;2011;43590084.0;992;j
RS;adiinc992j;p99.996p99.997;2012;64303088.0;992;j
RS;adiinc992j;p99.996p99.997;2013;51142736.0;992;j
RS;adiinc992j;p99.996p99.997;2014;88118648.0;992;j
RS;adiinc992j;p99.996p99.997;2015;134072816.0;992;j
RS;adiinc992j;p99.996p99.997;2016;140066592.0;992;j
RS;adiinc992j;p99.996p99.997;2017;141298256.0;992;j
RS;andpro992i;p0p100;1980;741453.88;992;i
RS;andpro992i;p0p100;1981;744851.31;992;i
RS;andpro992i;p0p100;1982;728183.38;992;i
RS;andpro992i;p0p100;1983;724290.5;992;i
RS;andpro992i;p0p100;1984;729816.88;992;i
RS;andpro992i;p0p100;1985;734893.13;992;i
RS;andpro992i;p0p100;1986;739145.38;992;i
RS;andpro992i;p0p100;1987;722181.63;992;i
RS;andpro992i;p0p100;1988;726872.38;992;i
RS;andpro992i;p0p100;1989;727509.63;992;i
RS;andpro992i;p0p100;1990;735105.13;992;i
RS;andpro992i;p0p100;1991;638136.13;992;i
RS;andpro992i;p0p100;1992;436886.59;992;i
RS;andpro992i;p0p100;1993;283232.5;992;i
RS;andpro992i;p0p100;1994;291613.69;992;i
RS;andpro992i;p0p100;1995;307680.81;992;i
RS;andpro992i;p0p100;1996;310072.0;992;i
RS;andpro992i;p0p100;1997;330080.59;992;i
RS;andpro992i;p0p100;1998;347253.31;992;i
RS;andpro992i;p0p100;1999;379515.81;992;i
RS;andpro992i;p0p100;2000;417382.41;992;i
RS;andpro992i;p0p100;2001;416720.81;992;i
RS;andpro992i;p0p100;2002;451825.41;992;i
RS;andpro992i;p0p100;2003;476226.59;992;i
RS;andpro992i;p0p100;2004;537290.81;992;i
RS;andpro992i;p0p100;2005;600177.69;992;i
RS;andpro992i;p0p100;2006;633790.81;992;i
RS;andpro992i;p0p100;2007;666908.13;992;i
RS;andpro992i;p0p100;2008;706742.13;992;i
RS;andpro992i;p0p100;2009;683556.38;992;i
RS;andpro992i;p0p100;2010;690460.5;992;i
RS;andpro992i;p0p100;2011;709845.38;992;i
RS;andpro992i;p0p100;2012;702981.38;992;i
RS;andpro992i;p0p100;2013;725885.31;992;i
RS;andpro992i;p0p100;2014;710714.38;992;i
RS;andpro992i;p0p100;2015;723637.88;992;i
RS;andpro992i;p0p100;2016;751370.13;992;i
RS;andpro992i;p0p100;2017;765803.31;992;i
RS;andpro992i;p0p100;2018;801296.13;992;i
RS;andpro992i;p0p100;2019;842898.13;992;i
RS;anninc999i;p0p100;1980;500128.81;999;i
RS;anninc999i;p0p100;1981;502147.19;999;i
RS;anninc999i;p0p100;1982;490871.31;999;i
RS;anninc999i;p0p100;1983;488434.0;999;i
RS;anninc999i;p0p100;1984;492507.41;999;i
RS;anninc999i;p0p100;1985;496425.81;999;i
RS;anninc999i;p0p100;1986;499446.91;999;i
RS;anninc999i;p0p100;1987;488168.0;999;i
RS;anninc999i;p0p100;1988;491736.69;999;i
RS;anninc999i;p0p100;1989;492984.5;999;i
RS;anninc999i;p0p100;1990;499481.5;999;i
RS;anninc999i;p0p100;1991;434306.31;999;i
RS;anninc999i;p0p100;1992;298240.0;999;i
RS;anninc999i;p0p100;1993;194174.09;999;i
RS;anninc999i;p0p100;1994;200960.8;999;i
RS;anninc999i;p0p100;1995;213306.8;999;i
RS;anninc999i;p0p100;1996;216630.91;999;i
RS;anninc999i;p0p100;1997;231208.41;999;i
RS;anninc999i;p0p100;1998;244780.7;999;i
RS;anninc999i;p0p100;1999;269753.81;999;i
RS;anninc999i;p0p100;2000;298495.81;999;i
RS;anninc999i;p0p100;2001;299283.91;999;i
RS;anninc999i;p0p100;2002;323401.59;999;i
RS;anninc999i;p0p100;2003;341328.0;999;i
RS;anninc999i;p0p100;2004;386100.81;999;i
RS;anninc999i;p0p100;2005;432872.5;999;i
RS;anninc999i;p0p100;2006;458870.91;999;i
RS;anninc999i;p0p100;2007;475738.81;999;i
RS;anninc999i;p0p100;2008;509070.31;999;i
RS;anninc999i;p0p100;2009;502573.5;999;i
RS;anninc999i;p0p100;2010;506346.0;999;i
RS;anninc999i;p0p100;2011;510004.59;999;i
RS;anninc999i;p0p100;2012;511254.19;999;i
RS;anninc999i;p0p100;2013;525531.63;999;i
RS;anninc999i;p0p100;2014;517149.5;999;i
RS;anninc999i;p0p100;2015;522659.41;999;i
RS;anninc999i;p0p100;2016;539322.13;999;i
RS;anninc999i;p0p100;2017;542879.31;999;i
RS;anninc999i;p0p100;2018;578331.63;999;i
RS;anninc999i;p0p100;2019;609530.81;999;i
RS;aptinc992j;p75p76;1990;960807.81;992;j
RS;aptinc992j;p75p76;1991;831730.5;992;j
RS;aptinc992j;p75p76;1992;567828.0;992;j
RS;aptinc992j;p75p76;1993;367160.91;992;j
RS;aptinc992j;p75p76;1994;377128.81;992;j
RS;aptinc992j;p75p76;1995;396854.81;992;j
RS;aptinc992j;p75p76;1996;399284.81;992;j
RS;aptinc992j;p75p76;1997;422515.91;992;j
RS;aptinc992j;p75p76;1998;441162.69;992;j
RS;aptinc992j;p75p76;1999;477080.59;992;j
RS;aptinc992j;p75p76;2000;518663.0;992;j
RS;aptinc992j;p75p76;2001;514008.5;992;j
RS;aptinc992j;p75p76;2002;558480.38;992;j
RS;aptinc992j;p75p76;2003;586008.13;992;j
RS;aptinc992j;p75p76;2004;659517.5;992;j
RS;aptinc992j;p75p76;2005;733206.31;992;j
RS;aptinc992j;p75p76;2006;780971.38;992;j
RS;aptinc992j;p75p76;2007;822950.0;992;j
RS;aptinc992j;p75p76;2008;880223.31;992;j
RS;aptinc992j;p75p76;2009;866558.81;992;j
RS;aptinc992j;p75p76;2010;859059.5;992;j
RS;aptinc992j;p75p76;2011;860356.69;992;j
RS;aptinc992j;p75p76;2012;876083.19;992;j
RS;aptinc992j;p75p76;2013;904111.13;992;j
RS;aptinc992j;p75p76;2014;865140.19;992;j
RS;aptinc992j;p75p76;2015;860236.88;992;j
RS;aptinc992j;p75p76;2016;886604.38;992;j
RS;aptinc992j;p75p76;2017;891635.38;992;j
RS;aptinc992j;p92p93;1990;1441005.8;992;j
RS;aptinc992j;p92p93;1991;1252874.3;992;j
RS;aptinc992j;p92p93;1992;858327.0;992;j
RS;aptinc992j;p92p93;1993;556991.88;992;j
RS;aptinc992j;p92p93;1994;573353.19;992;j
RS;aptinc992j;p92p93;1995;605228.5;992;j
RS;aptinc992j;p92p93;1996;610394.19;992;j
RS;aptinc992j;p92p93;1997;647571.63;992;j
RS;aptinc992j;p92p93;1998;683051.69;992;j
RS;aptinc992j;p92p93;1999;743274.69;992;j
RS;aptinc992j;p92p93;2000;818244.63;992;j
RS;aptinc992j;p92p93;2001;813187.31;992;j
RS;aptinc992j;p92p93;2002;888330.19;992;j
RS;aptinc992j;p92p93;2003;951401.69;992;j
RS;aptinc992j;p92p93;2004;1091955.3;992;j
RS;aptinc992j;p92p93;2005;1247229.9;992;j
RS;aptinc992j;p92p93;2006;1330584.5;992;j
RS;aptinc992j;p92p93;2007;1389861.9;992;j
RS;aptinc992j;p92p93;2008;1490008.6;992;j
RS;aptinc992j;p92p93;2009;1484727.0;992;j
RS;aptinc992j;p92p93;2010;1516681.9;992;j
RS;aptinc992j;p92p93;2011;1547363.3;992;j
RS;aptinc992j;p92p93;2012;1553064.8;992;j
RS;aptinc992j;p92p93;2013;1576615.9;992;j
RS;aptinc992j;p92p93;2014;1510468.1;992;j
RS;aptinc992j;p92p93;2015;1523996.5;992;j
RS;aptinc992j;p92p93;2016;1570872.1;992;j
RS;aptinc992j;p92p93;2017;1580186.8;992;j
RS;aptinc992j;p99.92p100;1990;22224376.0;992;j
RS;aptinc992j;p99.92p100;1991;19896524.0;992;j
RS;aptinc992j;p99.92p100;1992;13912958.0;992;j
RS;aptinc992j;p99.92p100;1993;9294155.0;992;j
RS;aptinc992j;p99.92p100;1994;9751125.0;992;j
RS;aptinc992j;p99.92p100;1995;10594075.0;992;j
RS;aptinc992j;p99.92p100;1996;10904057.0;992;j
RS;aptinc992j;p99.92p100;1997;11816448.0;992;j
RS;aptinc992j;p99.92p100;1998;12329811.0;992;j
RS;aptinc992j;p99.92p100;1999;14513740.0;992;j
RS;aptinc992j;p99.92p100;2000;17119602.0;992;j
RS;aptinc992j;p99.92p100;2001;18341660.0;992;j
RS;aptinc992j;p99.92p100;2002;19349584.0;992;j
RS;aptinc992j;p99.92p100;2003;19888844.0;992;j
RS;aptinc992j;p99.92p100;2004;23085120.0;992;j
RS;aptinc992j;p99.92p100;2005;25050768.0;992;j
RS;aptinc992j;p99.92p100;2006;26767274.0;992;j
RS;aptinc992j;p99.92p100;2007;25494522.0;992;j
RS;aptinc992j;p99.92p100;2008;27778296.0;992;j
RS;aptinc992j;p99.92p100;2009;27022348.0;992;j
RS;aptinc992j;p99.92p100;2010;26778910.0;992;j
RS;aptinc992j;p99.92p100;2011;28326652.0;992;j
RS;aptinc992j;p99.92p100;2012;23270472.0;992;j
RS;aptinc992j;p99.92p100;2013;25397306.0;992;j
RS;aptinc992j;p99.92p100;2014;36665712.0;992;j
RS;aptinc992j;p99.92p100;2015;35724872.0;992;j
RS;aptinc992j;p99.92p100;2016;36868048.0;992;j
RS;aptinc992j;p99.92p100;2017;37127908.0;992;j
RS;asegfc999i;p0p100;1997;13566.8;999;i
RS;asegfc999i;p0p100;1998;14264.9;999;i
RS;asegfc999i;p0p100;1999;5868.1001;999;i
RS;asegfc999i;p0p100;2000;4041.2;999;i
RS;asegfc999i;p0p100;2001;4469.1001;999;i
RS;asegfc999i;p0p100;2002;8292.7998;999;i
RS;asegfc999i;p0p100;2003;5757.1001;999;i
RS;asegfc999i;p0p100;2004;4087.6001;999;i
RS;asegfc999i;p0p100;2005;4673.8999;999;i
RS;asegfc999i;p0p100;2006;4480.8999;999;i
RS;asegfc999i;p0p100;2007;676.90002;999;i
RS;asegfc999i;p0p100;2008;7643.2002;999;i
RS;asegfc999i;p0p100;2009;10089.8;999;i
RS;asegfc999i;p0p100;2010;11328.9;999;i
RS;asegfc999i;p0p100;2011;12216.4;999;i
RS;bdiinc992j;p32p100;1990;2.1409588;992;j
RS;bdiinc992j;p32p100;1991;2.1277966;992;j
RS;bdiinc992j;p32p100;1992;2.113632;992;j
RS;bdiinc992j;p32p100;1993;2.1011026;992;j
RS;bdiinc992j;p32p100;1994;2.0866356;992;j
RS;bdiinc992j;p32p100;1995;2.0720849;992;j
RS;bdiinc992j;p32p100;1996;2.0516784;992;j
RS;bdiinc992j;p32p100;1997;2.0297828;992;j
RS;bdiinc992j;p32p100;1998;2.059767;992;j
RS;bdiinc992j;p32p100;1999;2.0874753;992;j
RS;bdiinc992j;p32p100;2000;2.0881402;992;j
RS;bdiinc992j;p32p100;2001;2.0944946;992;j
RS;bdiinc992j;p32p100;2002;2.1271343;992;j
RS;bdiinc992j;p32p100;2003;2.155612;992;j
RS;bdiinc992j;p32p100;2004;2.2231994;992;j
RS;bdiinc992j;p32p100;2005;2.2677073;992;j
RS;bdiinc992j;p32p100;2006;2.3483706;992;j
RS;bdiinc992j;p32p100;2007;2.3488655;992;j
RS;bdiinc992j;p32p100;2008;2.3916357;992;j
RS;bdiinc992j;p32p100;2009;2.4564633;992;j
RS;bdiinc992j;p32p100;2010;2.5727799;992;j
RS;bdiinc992j;p32p100;2011;2.7123027;992;j
RS;bdiinc992j;p32p100;2012;2.7496314;992;j
RS;bdiinc992j;p32p100;2013;2.9088066;992;j
RS;bdiinc992j;p32p100;2014;2.7622786;992;j
RS;bdiinc992j;p32p100;2015;2.9144666;992;j
RS;bdiinc992j;p32p100;2016;2.9661212;992;j
RS;bdiinc992j;p32p100;2017;2.9752729;992;j
RS;bdiinc992j;p46p100;1990;1.8466249;992;j
RS;bdiinc992j;p46p100;1991;1.8321196;992;j
RS;bdiinc992j;p46p100;1992;1.8182534;992;j
RS;bdiinc992j;p46p100;1993;1.8078814;992;j
RS;bdiinc992j;p46p100;1994;1.7990957;992;j
RS;bdiinc992j;p46p100;1995;1.7914358;992;j
RS;bdiinc992j;p46p100;1996;1.7784722;992;j
RS;bdiinc992j;p46p100;1997;1.7647276;992;j
RS;bdiinc992j;p46p100;1998;1.8301235;992;j
RS;bdiinc992j;p46p100;1999;1.8552537;992;j
RS;bdiinc992j;p46p100;2000;1.864044;992;j
RS;bdiinc992j;p46p100;2001;1.8681601;992;j
RS;bdiinc992j;p46p100;2002;1.8959702;992;j
RS;bdiinc992j;p46p100;2003;1.9147053;992;j
RS;bdiinc992j;p46p100;2004;1.9646511;992;j
RS;bdiinc992j;p46p100;2005;1.9979506;992;j
RS;bdiinc992j;p46p100;2006;2.0317597;992;j
RS;bdiinc992j;p46p100;2007;2.0240476;992;j
RS;bdiinc992j;p46p100;2008;2.0494142;992;j
RS;bdiinc992j;p46p100;2009;2.0873075;992;j
RS;bdiinc992j;p46p100;2010;2.1528194;992;j
RS;bdiinc992j;p46p100;2011;2.2099648;992;j
RS;bdiinc992j;p46p100;2012;2.2520313;992;j
RS;bdiinc992j;p46p100;2013;2.2506299;992;j
RS;bdiinc992j;p46p100;2014;2.2438834;992;j
RS;bdiinc992j;p46p100;2015;2.3055556;992;j
RS;bdiinc992j;p46p100;2016;2.3297;992;j
RS;bdiinc992j;p46p100;2017;2.3324652;992;j
RS;bdiinc992j;p51p100;1990;1.761198;992;j
RS;bdiinc992j;p51p100;1991;1.7515384;992;j
RS;bdiinc992j;p51p100;1992;1.7425936;992;j
RS;bdiinc992j;p51p100;1993;1.7393831;992;j
RS;bdiinc992j;p51p100;1994;1.7350099;992;j
RS;bdiinc992j;p51p100;1995;1.7319282;992;j
RS;bdiinc992j;p51p100;1996;1.7247963;992;j
RS;bdiinc992j;p51p100;1997;1.7146562;992;j
RS;bdiinc992j;p51p100;1998;1.7585211;992;j
RS;bdiinc992j;p51p100;1999;1.7783196;992;j
RS;bdiinc992j;p51p100;2000;1.7883792;992;j
RS;bdiinc992j;p51p100;2001;1.8024772;992;j
RS;bdiinc992j;p51p100;2002;1.8167571;992;j
RS;bdiinc992j;p51p100;2003;1.8403072;992;j
RS;bdiinc992j;p51p100;2004;1.8656332;992;j
RS;bdiinc992j;p51p100;2005;1.9210058;992;j
RS;bdiinc992j;p51p100;2006;1.9503356;992;j
RS;bdiinc992j;p51p100;2007;1.9448946;992;j
RS;bdiinc992j;p51p100;2008;1.9630327;992;j
RS;bdiinc992j;p51p100;2009;1.993338;992;j
RS;bdiinc992j;p51p100;2010;2.0522449;992;j
RS;bdiinc992j;p51p100;2011;2.106674;992;j
RS;bdiinc992j;p51p100;2012;2.1406078;992;j
RS;bdiinc992j;p51p100;2013;2.1391544;992;j
RS;bdiinc992j;p51p100;2014;2.1252389;992;j
RS;bdiinc992j;p51p100;2015;2.1880257;992;j
RS;bdiinc992j;p51p100;2016;2.2090242;992;j
RS;bdiinc992j;p51p100;2017;2.2116652;992;j
RS;bptinc992j;p82p100;1990;1.6170331;992;j
RS;bptinc992j;p82p100;1991;1.6275676;992;j
RS;bptinc992j;p82p100;1992;1.6371558;992;j
RS;bptinc992j;p82p100;1993;1.6476816;992;j
RS;bptinc992j;p82p100;1994;1.6591985;992;j
RS;bptinc992j;p82p100;1995;1.6723286;992;j
RS;bptinc992j;p82p100;1996;1.6784158;992;j
RS;bptinc992j;p82p100;1997;1.6852134;992;j
RS;bptinc992j;p82p100;1998;1.713491;992;j
RS;bptinc992j;p82p100;1999;1.7338412;992;j
RS;bptinc992j;p82p100;2000;1.7865261;992;j
RS;bptinc992j;p82p100;2001;1.8147827;992;j
RS;bptinc992j;p82p100;2002;1.8131688;992;j
RS;bptinc992j;p82p100;2003;1.8288953;992;j
RS;bptinc992j;p82p100;2004;1.8631982;992;j
RS;bptinc992j;p82p100;2005;1.8777943;992;j
RS;bptinc992j;p82p100;2006;1.8913391;992;j
RS;bptinc992j;p82p100;2007;1.8390758;992;j
RS;bptinc992j;p82p100;2008;1.8317597;992;j
RS;bptinc992j;p82p100;2009;1.8520931;992;j
RS;bptinc992j;p82p100;2010;1.8881836;992;j
RS;bptinc992j;p82p100;2011;1.9202776;992;j
RS;bptinc992j;p82p100;2012;1.8714497;992;j
RS;bptinc992j;p82p100;2013;1.8567351;992;j
RS;bptinc992j;p82p100;2014;1.9568303;992;j
RS;bptinc992j;p82p100;2015;1.9565965;992;j
RS;bptinc992j;p82p100;2016;1.957986;992;j
RS;bptinc992j;p82p100;2017;1.9596506;992;j
RS;mgdpro999i;p0p100;1980;4993822228480.0;999;i
RS;mgdpro999i;p0p100;1981;5037658472448.0;999;i
RS;mgdpro999i;p0p100;1982;5081675595776.0;999;i
RS;mgdpro999i;p0p100;1983;5124977065984.0;999;i
RS;mgdpro999i;p0p100;1984;5166079672320.0;999;i
RS;mgdpro999i;p0p100;1985;5204422426624.0;999;i
RS;mgdpro999i;p0p100;1986;5239860101120.0;999;i
RS;mgdpro999i;p0p100;1987;5270384148480.0;999;i
RS;mgdpro999i;p0p100;1988;5301463416832.0;999;i
RS;mgdpro999i;p0p100;1989;5340484599808.0;999;i
RS;mgdpro999i;p0p100;1990;5391377760256.0;999;i
RS;mgdpro999i;p0p100;1991;4762528907264.0;999;i
RS;mgdpro999i;p0p100;1992;3422357553152.0;999;i
RS;mgdpro999i;p0p100;1993;2380952764416.0;999;i
RS;mgdpro999i;p0p100;1994;2442735124480.0;999;i
RS;mgdpro999i;p0p100;1995;2581656764416.0;999;i
RS;mgdpro999i;p0p100;1996;2644290830336.0;999;i
RS;mgdpro999i;p0p100;1997;2834276286464.0;999;i
RS;mgdpro999i;p0p100;1998;2903166418944.0;999;i
RS;mgdpro999i;p0p100;1999;2550528737280.0;999;i
RS;mgdpro999i;p0p100;2000;2748426747904.0;999;i
RS;mgdpro999i;p0p100;2001;2885655199744.0;999;i
RS;mgdpro999i;p0p100;2002;3090988138496.0;999;i
RS;mgdpro999i;p0p100;2003;3227468431360.0;999;i
RS;mgdpro999i;p0p100;2004;3519444156416.0;999;i
RS;mgdpro999i;p0p100;2005;3876819828736.0;999;i
RS;mgdpro999i;p0p100;2006;4074831347712.0;999;i
RS;mgdpro999i;p0p100;2007;4337230413824.0;999;i
RS;mgdpro999i;p0p100;2008;4582531399680.0;999;i
RS;mgdpro999i;p0p100;2009;4457343483904.0;999;i
RS;mgdpro999i;p0p100;2010;4489930080256.0;999;i
RS;mgdpro999i;p0p100;2011;4581360140288.0;999;i
RS;mgdpro999i;p0p100;2012;4550140362752.0;999;i
RS;mgdpro999i;p0p100;2013;4681754476544.0;999;i
RS;mgdpro999i;p0p100;2014;4607333892096.0;999;i
RS;mgdpro999i;p0p100;2015;4689181016064.0;999;i
RS;mgdpro999i;p0p100;2016;4845807861760.0;999;i
RS;mgdpro999i;p0p100;2017;4945116397568.0;999;i
RS;mgdpro999i;p0p100;2018;5162322100224.0;999;i
RS;mgdpro999i;p0p100;2019;5417139699712.0;999;i
RS;mgsmho999i;p0p100;1997;697695797248.0;999;i
RS;mgsmho999i;p0p100;1998;686395359232.0;999;i
RS;mgsmho999i;p0p100;1999;713744252928.0;999;i
RS;mgsmho999i;p0p100;2000;795231387648.0;999;i
RS;mgsmho999i;p0p100;2001;794494042112.0;999;i
RS;mgsmho999i;p0p100;2002;719480094720.0;999;i
RS;mgsmho999i;p0p100;2003;685056917504.0;999;i
RS;mgsmho999i;p0p100;2004;738536521728.0;999;i
RS;mgsmho999i;p0p100;2005;788976959488.0;999;i
RS;mgsmho999i;p0p100;2006;927593332736.0;999;i
RS;mgsmho999i;p0p100;2007;949668741120.0;999;i
RS;mgsmho999i;p0p100;2008;1006015021056.0;999;i
RS;mgsmho999i;p0p100;2009;1006870855680.0;999;i
RS;mgsmho999i;p0p100;2010;1030770655232.0;999;i
RS;mgsmho999i;p0p100;2011;1093672370176.0;999;i
RS;msagho999i;p0p100;1997;358842728448.0;999;i
RS;msagho999i;p0p100;1998;22001487872.0;999;i
RS;msagho999i;p0p100;1999;-34208782336.0;999;i
RS;msagho999i;p0p100;2000;-50207453184.0;999;i
RS;msagho999i;p0p100;2001;-263897530368.0;999;i
RS;msagho999i;p0p100;2002;-362899144704.0;999;i
RS;msagho999i;p0p100;2003;-221204119552.0;999;i
RS;msagho999i;p0p100;2004;-345272877056.0;999;i
RS;msagho999i;p0p100;2005;-336941613056.0;999;i
RS;msagho999i;p0p100;2006;-330403119104.0;999;i
RS;msagho999i;p0p100;2007;-333607469056.0;999;i
RS;msagho999i;p0p100;2008;-332435226624.0;999;i
RS;msagho999i;p0p100;2009;-398113013760.0;999;i
RS;msagho999i;p0p100;2010;-465883103232.0;999;i
RS;msagho999i;p0p100;2011;-393342713856.0;999;i
RS;msegnf999i;p0p100;1997;-148965294080.0;999;i
RS;msegnf999i;p0p100;1998;103805231104.0;999;i
RS;msegnf999i;p0p100;1999;241068064768.0;999;i
RS;msegnf999i;p0p100;2000;322420932608.0;999;i
RS;msegnf999i;p0p100;2001;234013786112.0;999;i
RS;msegnf999i;p0p100;2002;156334964736.0;999;i
RS;msegnf999i;p0p100;2003;117554667520.0;999;i
RS;msegnf999i;p0p100;2004;317101506560.0;999;i
RS;msegnf999i;p0p100;2005;361995272192.0;999;i
RS;msegnf999i;p0p100;2006;394740563968.0;999;i
RS;msegnf999i;p0p100;2007;382662443008.0;999;i
RS;msegnf999i;p0p100;2008;331232968704.0;999;i
RS;msegnf999i;p0p100;2009;389180063744.0;999;i
RS;msegnf999i;p0p100;2010;383551275008.0;999;i
RS;msegnf999i;p0p100;2011;429290815488.0;999;i
RS;msschn999i;p0p100;1997;402509791232.0;999;i
RS;msschn999i;p0p100;1998;423298990080.0;999;i
RS;msschn999i;p0p100;1999;343603675136.0;999;i
RS;msschn999i;p0p100;2000;353360478208.0;999;i
RS;msschn999i;p0p100;2001;350660820992.0;999;i
RS;msschn999i;p0p100;2002;408638455808.0;999;i
RS;msschn999i;p0p100;2003;412697198592.0;999;i
RS;msschn999i;p0p100;2004;465706909696.0;999;i
RS;msschn999i;p0p100;2005;497171759104.0;999;i
RS;msschn999i;p0p100;2006;559468118016.0;999;i
RS;msschn999i;p0p100;2007;604210397184.0;999;i
RS;msschn999i;p0p100;2008;627032522752.0;999;i
RS;msschn999i;p0p100;2009;612088086528.0;999;i
RS;msschn999i;p0p100;2010;629504344064.0;999;i
RS;msschn999i;p0p100;2011;610669887488.0;999;i
RS;npopul251f;p0p100;1950;296942.0;251;f
RS;npopul251f;p0p100;1951;315382.0;251;f
RS;npopul251f;p0p100;1952;328449.0;251;f
RS;npopul251f;p0p100;1953;336480.0;251;f
RS;npopul251f;p0p100;1954;341801.0;251;f
RS;npopul251f;p0p100;1955;346046.0;251;f
RS;npopul251f;p0p100;1956;348282.0;251;f
RS;npopul251f;p0p100;1957;348524.0;251;f
RS;npopul251f;p0p100;1958;346922.0;251;f
RS;npopul251f;p0p100;1959;343609.0;251;f
RS;npopul251f;p0p100;1960;338767.0;251;f
RS;npopul251f;p0p100;1961;333421.0;251;f
RS;npopul251f;p0p100;1962;327000.0;251;f
RS;npopul251f;p0p100;1963;319444.0;251;f
RS;npopul251f;p0p100;1964;310231.0;251;f
RS;npopul251f;p0p100;1965;299201.0;251;f
RS;npopul251f;p0p100;1966;285526.0;251;f
RS;npopul251f;p0p100;1967;269971.0;251;f
RS;npopul251f;p0p100;1968;255720.0;251;f
RS;npopul251f;p0p100;1969;247697.0;251;f
RS;npopul251f;p0p100;1970;248864.0;251;f
RS;npopul251f;p0p100;1971;258894.0;251;f
RS;npopul251f;p0p100;1972;277840.0;251;f
RS;npopul251f;p0p100;1973;302188.0;251;f
RS;npopul251f;p0p100;1974;326332.0;251;f
RS;npopul251f;p0p100;1975;346508.0;251;f
RS;npopul251f;p0p100;1976;363331.0;251;f
RS;npopul251f;p0p100;1977;376888.0;251;f
RS;npopul251f;p0p100;1978;386335.0;251;f
RS;npopul251f;p0p100;1979;390917.0;251;f
RS;npopul251f;p0p100;1980;390352.0;251;f
RS;npopul251f;p0p100;1981;384645.0;251;f
RS;npopul251f;p0p100;1982;373129.0;251;f
RS;npopul251f;p0p100;1983;358386.0;251;f
RS;npopul251f;p0p100;1984;344471.0;251;f
RS;npopul251f;p0p100;1985;334025.0;251;f
RS;npopul251f;p0p100;1986;326987.0;251;f
RS;npopul251f;p0p100;1987;323426.0;251;f
RS;npopul251f;p0p100;1988;322681.0;251;f
RS;npopul251f;p0p100;1989;323243.0;251;f
RS;npopul251f;p0p100;1990;324122.0;251;f
RS;npopul251f;p0p100;1991;326020.0;251;f
RS;npopul251f;p0p100;1992;328786.0;251;f
RS;npopul251f;p0p100;1993;332024.0;251;f
RS;npopul251f;p0p100;1994;335308.0;251;f
RS;npopul251f;p0p100;1995;338282.0;251;f
RS;npopul251f;p0p100;1996;338717.0;251;f
RS;npopul251f;p0p100;1997;337882.0;251;f
RS;npopul251f;p0p100;1998;336007.0;251;f
RS;npopul251f;p0p100;1999;262405.0;251;f
RS;npopul251f;p0p100;2000;261622.0;251;f
RS;npopul251f;p0p100;2001;263623.0;251;f
RS;npopul251f;p0p100;2002;265729.0;251;f
RS;npopul251f;p0p100;2003;266785.0;251;f
RS;npopul251f;p0p100;2004;267108.0;251;f
RS;npopul251f;p0p100;2005;266274.0;251;f
RS;npopul251f;p0p100;2006;262926.0;251;f
RS;npopul251f;p0p100;2007;258278.0;251;f
RS;npopul251f;p0p100;2008;253016.0;251;f
RS;npopul251f;p0p100;2009;248408.0;251;f
RS;npopul251f;p0p100;2010;245107.0;251;f
RS;npopul251f;p0p100;2011;242719.0;251;f
RS;npopul251f;p0p100;2012;242345.0;251;f
RS;npopul251f;p0p100;2013;242454.0;251;f
RS;npopul251f;p0p100;2014;241660.0;251;f
RS;npopul251f;p0p100;2015;239066.0;251;f
RS;npopul251f;p0p100;2016;236915.0;251;f
RS;npopul251f;p0p100;2017;233934.0;251;f
RS;npopul251f;p0p100;2018;229864.0;251;f
RS;npopul251f;p0p100;2019;225547.0;251;f
RS;npopul351m;p0p100;1950;188287.0;351;m
RS;npopul351m;p0p100;1951;176375.0;351;m
RS;npopul351m;p0p100;1952;164229.0;351;m
RS;npopul351m;p0p100;1953;154046.0;351;m
RS;npopul351m;p0p100;1954;149813.0;351;m
RS;npopul351m;p0p100;1955;153907.0;351;m
RS;npopul351m;p0p100;1956;165735.0;351;m
RS;npopul351m;p0p100;1957;185798.0;351;m
RS;npopul351m;p0p100;1958;211002.0;351;m
RS;npopul351m;p0p100;1959;236395.0;351;m
RS;npopul351m;p0p100;1960;258719.0;351;m
RS;npopul351m;p0p100;1961;278796.0;351;m
RS;npopul351m;p0p100;1962;295512.0;351;m
RS;npopul351m;p0p100;1963;309016.0;351;m
RS;npopul351m;p0p100;1964;319957.0;351;m
RS;npopul351m;p0p100;1965;328629.0;351;m
RS;npopul351m;p0p100;1966;333375.0;351;m
RS;npopul351m;p0p100;1967;335564.0;351;m
RS;npopul351m;p0p100;1968;335381.0;351;m
RS;npopul351m;p0p100;1969;333145.0;351;m
RS;npopul351m;p0p100;1970;329215.0;351;m
RS;npopul351m;p0p100;1971;324039.0;351;m
RS;npopul351m;p0p100;1972;318106.0;351;m
RS;npopul351m;p0p100;1973;311072.0;351;m
RS;npopul351m;p0p100;1974;302346.0;351;m
RS;npopul351m;p0p100;1975;291849.0;351;m
RS;npopul351m;p0p100;1976;279685.0;351;m
RS;npopul351m;p0p100;1977;265465.0;351;m
RS;npopul351m;p0p100;1978;252549.0;351;m
RS;npopul351m;p0p100;1979;246075.0;351;m
RS;npopul351m;p0p100;1980;249002.0;351;m
RS;npopul351m;p0p100;1981;260538.0;351;m
RS;npopul351m;p0p100;1982;281301.0;351;m
RS;npopul351m;p0p100;1983;307433.0;351;m
RS;npopul351m;p0p100;1984;332736.0;351;m
RS;npopul351m;p0p100;1985;353134.0;351;m
RS;npopul351m;p0p100;1986;369318.0;351;m
RS;npopul351m;p0p100;1987;381197.0;351;m
RS;npopul351m;p0p100;1988;388621.0;351;m
RS;npopul351m;p0p100;1989;391853.0;351;m
RS;npopul351m;p0p100;1990;391161.0;351;m
RS;npopul351m;p0p100;1991;385938.0;351;m
RS;npopul351m;p0p100;1992;376214.0;351;m
RS;npopul351m;p0p100;1993;363628.0;351;m
RS;npopul351m;p0p100;1994;351117.0;351;m
RS;npopul351m;p0p100;1995;340716.0;351;m
RS;npopul351m;p0p100;1996;333007.0;351;m
RS;npopul351m;p0p100;1997;326849.0;351;m
RS;npopul351m;p0p100;1998;321842.0;351;m
RS;npopul351m;p0p100;1999;249533.0;351;m
RS;npopul351m;p0p100;2000;247204.0;351;m
RS;npopul351m;p0p100;2001;245115.0;351;m
RS;npopul351m;p0p100;2002;243929.0;351;m
RS;npopul351m;p0p100;2003;242935.0;351;m
RS;npopul351m;p0p100;2004;242937.0;351;m
RS;npopul351m;p0p100;2005;243780.0;351;m
RS;npopul351m;p0p100;2006;245098.0;351;m
RS;npopul351m;p0p100;2007;246937.0;351;m
RS;npopul351m;p0p100;2008;248950.0;351;m
RS;npopul351m;p0p100;2009;250831.0;351;m
RS;npopul351m;p0p100;2010;252240.0;351;m
RS;npopul351m;p0p100;2011;252475.0;351;m
RS;npopul351m;p0p100;2012;253050.0;351;m
RS;npopul351m;p0p100;2013;253039.0;351;m
RS;npopul351m;p0p100;2014;252123.0;351;m
RS;npopul351m;p0p100;2015;250098.0;351;m
RS;npopul351m;p0p100;2016;248158.0;351;m
RS;npopul351m;p0p100;2017;245713.0;351;m
RS;npopul351m;p0p100;2018;242851.0;351;m
RS;npopul351m;p0p100;2019;240954.0;351;m
RS;npopul992f;p0p100;1950;2184436.0;992;f
RS;npopul992f;p0p100;1951;2220375.0;992;f
RS;npopul992f;p0p100;1952;2257768.0;992;f
RS;npopul992f;p0p100;1953;2291617.0;992;f
RS;npopul992f;p0p100;1954;2322430.0;992;f
RS;npopul992f;p0p100;1955;2351702.0;992;f
RS;npopul992f;p0p100;1956;2380908.0;992;f
RS;npopul992f;p0p100;1957;2408674.0;992;f
RS;npopul992f;p0p100;1958;2433928.0;992;f
RS;npopul992f;p0p100;1959;2454914.0;992;f
RS;npopul992f;p0p100;1960;2471077.0;992;f
RS;npopul992f;p0p100;1961;2490316.0;992;f
RS;npopul992f;p0p100;1962;2500531.0;992;f
RS;npopul992f;p0p100;1963;2507671.0;992;f
RS;npopul992f;p0p100;1964;2519351.0;992;f
RS;npopul992f;p0p100;1965;2539426.0;992;f
RS;npopul992f;p0p100;1966;2559712.0;992;f
RS;npopul992f;p0p100;1967;2589854.0;992;f
RS;npopul992f;p0p100;1968;2627441.0;992;f
RS;npopul992f;p0p100;1969;2668190.0;992;f
RS;npopul992f;p0p100;1970;2709809.0;992;f
RS;npopul992f;p0p100;1971;2754290.0;992;f
RS;npopul992f;p0p100;1972;2800741.0;992;f
RS;npopul992f;p0p100;1973;2847410.0;992;f
RS;npopul992f;p0p100;1974;2892713.0;992;f
RS;npopul992f;p0p100;1975;2935349.0;992;f
RS;npopul992f;p0p100;1976;2973079.0;992;f
RS;npopul992f;p0p100;1977;3007738.0;992;f
RS;npopul992f;p0p100;1978;3039813.0;992;f
RS;npopul992f;p0p100;1979;3070425.0;992;f
RS;npopul992f;p0p100;1980;3100445.0;992;f
RS;npopul992f;p0p100;1981;3128091.0;992;f
RS;npopul992f;p0p100;1982;3155670.0;992;f
RS;npopul992f;p0p100;1983;3182743.0;992;f
RS;npopul992f;p0p100;1984;3208569.0;992;f
RS;npopul992f;p0p100;1985;3232919.0;992;f
RS;npopul992f;p0p100;1986;3256022.0;992;f
RS;npopul992f;p0p100;1987;3276425.0;992;f
RS;npopul992f;p0p100;1988;3297373.0;992;f
RS;npopul992f;p0p100;1989;3323197.0;992;f
RS;npopul992f;p0p100;1990;3356170.0;992;f
RS;npopul992f;p0p100;1991;3395561.0;992;f
RS;npopul992f;p0p100;1992;3443156.0;992;f
RS;npopul992f;p0p100;1993;3492400.0;992;f
RS;npopul992f;p0p100;1994;3534145.0;992;f
RS;npopul992f;p0p100;1995;3562326.0;992;f
RS;npopul992f;p0p100;1996;3584373.0;992;f
RS;npopul992f;p0p100;1997;3588580.0;992;f
RS;npopul992f;p0p100;1998;3579961.0;992;f
RS;npopul992f;p0p100;1999;2806932.0;992;f
RS;npopul992f;p0p100;2000;2815674.0;992;f
RS;npopul992f;p0p100;2001;2825134.0;992;f
RS;npopul992f;p0p100;2002;2837579.0;992;f
RS;npopul992f;p0p100;2003;2843956.0;992;f
RS;npopul992f;p0p100;2004;2851634.0;992;f
RS;npopul992f;p0p100;2005;2858041.0;992;f
RS;npopul992f;p0p100;2006;2861650.0;992;f
RS;npopul992f;p0p100;2007;2865420.0;992;f
RS;npopul992f;p0p100;2008;2868356.0;992;f
RS;npopul992f;p0p100;2009;2871008.0;992;f
RS;npopul992f;p0p100;2010;2872441.0;992;f
RS;npopul992f;p0p100;2011;2865708.0;992;f
RS;npopul992f;p0p100;2012;2866065.0;992;f
RS;npopul992f;p0p100;2013;2865470.0;992;f
RS;npopul992f;p0p100;2014;2863691.0;992;f
RS;npopul992f;p0p100;2015;2859798.0;992;f
RS;npopul992f;p0p100;2016;2852608.0;992;f
RS;npopul992f;p0p100;2017;2851444.0;992;f
RS;npopul992f;p0p100;2018;2848132.0;992;f
RS;npopul992f;p0p100;2019;2844036.0;992;f
RS;scainc992j;p13p14;1990;0.0027000001;992;j
RS;scainc992j;p13p14;1991;0.0027000001;992;j
RS;scainc992j;p13p14;1992;0.0027999999;992;j
RS;scainc992j;p13p14;1993;0.0027999999;992;j
RS;scainc992j;p13p14;1994;0.0029;992;j
RS;scainc992j;p13p14;1995;0.003;992;j
RS;scainc992j;p13p14;1996;0.003;992;j
RS;scainc992j;p13p14;1997;0.0031000001;992;j
RS;scainc992j;p13p14;1998;0.0034;992;j
RS;scainc992j;p13p14;1999;0.0033;992;j
RS;scainc992j;p13p14;2000;0.0033;992;j
RS;scainc992j;p13p14;2001;0.0031999999;992;j
RS;scainc992j;p13p14;2002;0.0027999999;992;j
RS;scainc992j;p13p14;2003;0.0027000001;992;j
RS;scainc992j;p13p14;2004;0.0023000001;992;j
RS;scainc992j;p13p14;2005;0.0020999999;992;j
RS;scainc992j;p13p14;2006;0.0019;992;j
RS;scainc992j;p13p14;2007;0.0017;992;j
RS;scainc992j;p13p14;2008;0.0016;992;j
RS;scainc992j;p13p14;2009;0.0016;992;j
RS;scainc992j;p13p14;2010;0.0013;992;j
RS;scainc992j;p13p14;2011;0.0011;992;j
RS;scainc992j;p13p14;2012;0.001;992;j
RS;scainc992j;p13p14;2013;0.0011;992;j
RS;scainc992j;p13p14;2014;0.0018;992;j
RS;scainc992j;p13p14;2015;0.0013;992;j
RS;scainc992j;p13p14;2016;0.0013;992;j
RS;scainc992j;p13p14;2017;0.0013;992;j
RS;scainc992j;p39p40;1990;0.0068999999;992;j
RS;scainc992j;p39p40;1991;0.0068999999;992;j
RS;scainc992j;p39p40;1992;0.0068999999;992;j
RS;scainc992j;p39p40;1993;0.0068999999;992;j
RS;scainc992j;p39p40;1994;0.0070000002;992;j
RS;scainc992j;p39p40;1995;0.0070000002;992;j
RS;scainc992j;p39p40;1996;0.0070000002;992;j
RS;scainc992j;p39p40;1997;0.0070000002;992;j
RS;scainc992j;p39p40;1998;0.0068000001;992;j
RS;scainc992j;p39p40;1999;0.0068000001;992;j
RS;scainc992j;p39p40;2000;0.0068000001;992;j
RS;scainc992j;p39p40;2001;0.0066999998;992;j
RS;scainc992j;p39p40;2002;0.0066999998;992;j
RS;scainc992j;p39p40;2003;0.0066;992;j
RS;scainc992j;p39p40;2004;0.0065000001;992;j
RS;scainc992j;p39p40;2005;0.0063;992;j
RS;scainc992j;p39p40;2006;0.0062000002;992;j
RS;scainc992j;p39p40;2007;0.0062000002;992;j
RS;scainc992j;p39p40;2008;0.0062000002;992;j
RS;scainc992j;p39p40;2009;0.0060999999;992;j
RS;scainc992j;p39p40;2010;0.0059000002;992;j
RS;scainc992j;p39p40;2011;0.0057999999;992;j
RS;scainc992j;p39p40;2012;0.0055999998;992;j
RS;scainc992j;p39p40;2013;0.0055;992;j
RS;scainc992j;p39p40;2014;0.0055999998;992;j
RS;scainc992j;p39p40;2015;0.0055;992;j
RS;scainc992j;p39p40;2016;0.0055;992;j
RS;scainc992j;p39p40;2017;0.0055;992;j
RS;scainc992j;p4p100;1990;0.99589998;992;j
RS;scainc992j;p4p100;1991;0.99610001;992;j
RS;scainc992j;p4p100;1992;0.99629998;992;j
RS;scainc992j;p4p100;1993;0.99650002;992;j
RS;scainc992j;p4p100;1994;0.99669999;992;j
RS;scainc992j;p4p100;1995;0.99699998;992;j
RS;scainc992j;p4p100;1996;0.99730003;992;j
RS;scainc992j;p4p100;1997;0.9975;992;j
RS;scainc992j;p4p100;1998;0.99739999;992;j
RS;scainc992j;p4p100;1999;0.9971;992;j
RS;scainc992j;p4p100;2000;0.9975;992;j
RS;scainc992j;p4p100;2001;0.99760002;992;j
RS;scainc992j;p4p100;2002;0.99879998;992;j
RS;scainc992j;p4p100;2003;0.99830002;992;j
RS;scainc992j;p4p100;2004;0.99849999;992;j
RS;scainc992j;p4p100;2005;0.99849999;992;j
RS;scainc992j;p4p100;2006;0.99860001;992;j
RS;scainc992j;p4p100;2007;0.9989;992;j
RS;scainc992j;p4p100;2008;0.9989;992;j
RS;scainc992j;p4p100;2009;0.99839997;992;j
RS;scainc992j;p4p100;2010;0.99849999;992;j
RS;scainc992j;p4p100;2011;0.99870002;992;j
RS;scainc992j;p4p100;2012;0.99900001;992;j
RS;scainc992j;p4p100;2013;0.99739999;992;j
RS;scainc992j;p4p100;2014;0.99440002;992;j
RS;scainc992j;p4p100;2015;0.99629998;992;j
RS;scainc992j;p4p100;2016;0.99629998;992;j
RS;scainc992j;p4p100;2017;0.99629998;992;j
RS;scainc992j;p99.993p99.994;1990;0.0005;992;j
RS;scainc992j;p99.993p99.994;1991;0.0005;992;j
RS;scainc992j;p99.993p99.994;1992;0.0005;992;j
RS;scainc992j;p99.993p99.994;1993;0.0004;992;j
RS;scainc992j;p99.993p99.994;1994;0.0004;992;j
RS;scainc992j;p99.993p99.994;1995;0.0004;992;j
RS;scainc992j;p99.993p99.994;1996;0.0004;992;j
RS;scainc992j;p99.993p99.994;1997;0.0004;992;j
RS;scainc992j;p99.993p99.994;1998;0.0004;992;j
RS;scainc992j;p99.993p99.994;1999;0.0005;992;j
RS;scainc992j;p99.993p99.994;2000;0.0005;992;j
RS;scainc992j;p99.993p99.994;2001;0.0006;992;j
RS;scainc992j;p99.993p99.994;2002;0.0006;992;j
RS;scainc992j;p99.993p99.994;2003;0.0005;992;j
RS;scainc992j;p99.993p99.994;2004;0.0006;992;j
RS;scainc992j;p99.993p99.994;2005;0.0006;992;j
RS;scainc992j;p99.993p99.994;2006;0.0006;992;j
RS;scainc992j;p99.993p99.994;2007;0.0005;992;j
RS;scainc992j;p99.993p99.994;2008;0.0005;992;j
RS;scainc992j;p99.993p99.994;2009;0.0005;992;j
RS;scainc992j;p99.993p99.994;2010;0.0005;992;j
RS;scainc992j;p99.993p99.994;2011;0.0005;992;j
RS;scainc992j;p99.993p99.994;2012;0.0007;992;j
RS;scainc992j;p99.993p99.994;2013;0.0006;992;j
RS;scainc992j;p99.993p99.994;2014;0.001;992;j
RS;scainc992j;p99.993p99.994;2015;0.0014;992;j
RS;scainc992j;p99.993p99.994;2016;0.0014;992;j
RS;scainc992j;p99.993p99.994;2017;0.0014;992;j
RS;scainc992j;p99.998p100;1990;0.0041;992;j
RS;scainc992j;p99.998p100;1991;0.0038000001;992;j
RS;scainc992j;p99.998p100;1992;0.0034;992;j
RS;scainc992j;p99.998p100;1993;0.0031000001;992;j
RS;scainc992j;p99.998p100;1994;0.003;992;j
RS;scainc992j;p99.998p100;1995;0.0027999999;992;j
RS;scainc992j;p99.998p100;1996;0.0027000001;992;j
RS;scainc992j;p99.998p100;1997;0.0024999999;992;j
RS;scainc992j;p99.998p100;1998;0.0027000001;992;j
RS;scainc992j;p99.998p100;1999;0.0035000001;992;j
RS;scainc992j;p99.998p100;2000;0.0037;992;j
RS;scainc992j;p99.998p100;2001;0.0044999998;992;j
RS;scainc992j;p99.998p100;2002;0.0041;992;j
RS;scainc992j;p99.998p100;2003;0.0041;992;j
RS;scainc992j;p99.998p100;2004;0.0041999999;992;j
RS;scainc992j;p99.998p100;2005;0.0046000001;992;j
RS;scainc992j;p99.998p100;2006;0.0040000002;992;j
RS;scainc992j;p99.998p100;2007;0.0033;992;j
RS;scainc992j;p99.998p100;2008;0.0027999999;992;j
RS;scainc992j;p99.998p100;2009;0.0037;992;j
RS;scainc992j;p99.998p100;2010;0.0034;992;j
RS;scainc992j;p99.998p100;2011;0.0031999999;992;j
RS;scainc992j;p99.998p100;2012;0.0059000002;992;j
RS;scainc992j;p99.998p100;2013;0.0040000002;992;j
RS;scainc992j;p99.998p100;2014;0.0098999999;992;j
RS;scainc992j;p99.998p100;2015;0.0189;992;j
RS;scainc992j;p99.998p100;2016;0.0189;992;j
RS;scainc992j;p99.998p100;2017;0.0189;992;j
RS;sdiinc992j;p18p100;1990;0.95410001;992;j
RS;sdiinc992j;p18p100;1991;0.95380002;992;j
RS;sdiinc992j;p18p100;1992;0.95349997;992;j
RS;sdiinc992j;p18p100;1993;0.95310003;992;j
RS;sdiinc992j;p18p100;1994;0.95279998;992;j
RS;sdiinc992j;p18p100;1995;0.95240003;992;j
RS;sdiinc992j;p18p100;1996;0.95200002;992;j
RS;sdiinc992j;p18p100;1997;0.95130002;992;j
RS;sdiinc992j;p18p100;1998;0.94980001;992;j
RS;sdiinc992j;p18p100;1999;0.95069999;992;j
RS;sdiinc992j;p18p100;2000;0.95120001;992;j
RS;sdiinc992j;p18p100;2001;0.95160002;992;j
RS;sdiinc992j;p18p100;2002;0.95660001;992;j
RS;sdiinc992j;p18p100;2003;0.95719999;992;j
RS;sdiinc992j;p18p100;2004;0.96179998;992;j
RS;sdiinc992j;p18p100;2005;0.9637;992;j
RS;sdiinc992j;p18p100;2006;0.96670002;992;j
RS;sdiinc992j;p18p100;2007;0.96799999;992;j
RS;sdiinc992j;p18p100;2008;0.96859998;992;j
RS;sdiinc992j;p18p100;2009;0.96880001;992;j
RS;sdiinc992j;p18p100;2010;0.9709;992;j
RS;sdiinc992j;p18p100;2011;0.97390002;992;j
RS;sdiinc992j;p18p100;2012;0.97509998;992;j
RS;sdiinc992j;p18p100;2013;0.9709;992;j
RS;sdiinc992j;p18p100;2014;0.95880002;992;j
RS;sdiinc992j;p18p100;2015;0.96649998;992;j
RS;sdiinc992j;p18p100;2016;0.96829998;992;j
RS;sdiinc992j;p18p100;2017;0.96859998;992;j
RS;sdiinc992j;p59p100;1990;0.67180002;992;j
RS;sdiinc992j;p59p100;1991;0.67000002;992;j
RS;sdiinc992j;p59p100;1992;0.66820002;992;j
RS;sdiinc992j;p59p100;1993;0.66670001;992;j
RS;sdiinc992j;p59p100;1994;0.66509998;992;j
RS;sdiinc992j;p59p100;1995;0.66360003;992;j
RS;sdiinc992j;p59p100;1996;0.66159999;992;j
RS;sdiinc992j;p59p100;1997;0.6591;992;j
RS;sdiinc992j;p59p100;1998;0.662;992;j
RS;sdiinc992j;p59p100;1999;0.66589999;992;j
RS;sdiinc992j;p59p100;2000;0.66710001;992;j
RS;sdiinc992j;p59p100;2001;0.66829997;992;j
RS;sdiinc992j;p59p100;2002;0.67610002;992;j
RS;sdiinc992j;p59p100;2003;0.67919999;992;j
RS;sdiinc992j;p59p100;2004;0.6893;992;j
RS;sdiinc992j;p59p100;2005;0.69559997;992;j
RS;sdiinc992j;p59p100;2006;0.70359999;992;j
RS;sdiinc992j;p59p100;2007;0.70450002;992;j
RS;sdiinc992j;p59p100;2008;0.70829999;992;j
RS;sdiinc992j;p59p100;2009;0.7137;992;j
RS;sdiinc992j;p59p100;2010;0.72369999;992;j
RS;sdiinc992j;p59p100;2011;0.73390001;992;j
RS;sdiinc992j;p59p100;2012;0.73659998;992;j
RS;sdiinc992j;p59p100;2013;0.73970002;992;j
RS;sdiinc992j;p59p100;2014;0.72299999;992;j
RS;sdiinc992j;p59p100;2015;0.73839998;992;j
RS;sdiinc992j;p59p100;2016;0.74250001;992;j
RS;sdiinc992j;p59p100;2017;0.74309999;992;j
RS;sdiinc992j;p5p6;1990;0.0020000001;992;j
RS;sdiinc992j;p5p6;1991;0.0020000001;992;j
RS;sdiinc992j;p5p6;1992;0.0020000001;992;j
RS;sdiinc992j;p5p6;1993;0.0020000001;992;j
RS;sdiinc992j;p5p6;1994;0.0020999999;992;j
RS;sdiinc992j;p5p6;1995;0.0020999999;992;j
RS;sdiinc992j;p5p6;1996;0.0020999999;992;j
RS;sdiinc992j;p5p6;1997;0.0022;992;j
RS;sdiinc992j;p5p6;1998;0.0022;992;j
RS;sdiinc992j;p5p6;1999;0.0020999999;992;j
RS;sdiinc992j;p5p6;2000;0.0020999999;992;j
RS;sdiinc992j;p5p6;2001;0.0020999999;992;j
RS;sdiinc992j;p5p6;2002;0.0018;992;j
RS;sdiinc992j;p5p6;2003;0.0018;992;j
RS;sdiinc992j;p5p6;2004;0.0016;992;j
RS;sdiinc992j;p5p6;2005;0.0015;992;j
RS;sdiinc992j;p5p6;2006;0.0013;992;j
RS;sdiinc992j;p5p6;2007;0.0013;992;j
RS;sdiinc992j;p5p6;2008;0.0013;992;j
RS;sdiinc992j;p5p6;2009;0.0013;992;j
RS;sdiinc992j;p5p6;2010;0.0013;992;j
RS;sdiinc992j;p5p6;2011;0.0012000001;992;j
RS;sdiinc992j;p5p6;2012;0.0011;992;j
RS;sdiinc992j;p5p6;2013;0.0015;992;j
RS;sdiinc992j;p5p6;2014;0.0022;992;j
RS;sdiinc992j;p5p6;2015;0.0017;992;j
RS;sdiinc992j;p5p6;2016;0.0016;992;j
RS;sdiinc992j;p5p6;2017;0.0016;992;j
RS;sdiinc992j;p69p70;1990;0.0115;992;j
RS;sdiinc992j;p69p70;1991;0.0116;992;j
RS;sdiinc992j;p69p70;1992;0.0115;992;j
RS;sdiinc992j;p69p70;1993;0.0115;992;j
RS;sdiinc992j;p69p70;1994;0.0115;992;j
RS;sdiinc992j;p69p70;1995;0.0115;992;j
RS;sdiinc992j;p69p70;1996;0.0115;992;j
RS;sdiinc992j;p69p70;1997;0.0115;992;j
RS;sdiinc992j;p69p70;1998;0.0114;992;j
RS;sdiinc992j;p69p70;1999;0.0113;992;j
RS;sdiinc992j;p69p70;2000;0.0111;992;j
RS;sdiinc992j;p69p70;2001;0.011;992;j
RS;sdiinc992j;p69p70;2002;0.0111;992;j
RS;sdiinc992j;p69p70;2003;0.0112;992;j
RS;sdiinc992j;p69p70;2004;0.0112;992;j
RS;sdiinc992j;p69p70;2005;0.0111;992;j
RS;sdiinc992j;p69p70;2006;0.0111;992;j
RS;sdiinc992j;p69p70;2007;0.0112;992;j
RS;sdiinc992j;p69p70;2008;0.0113;992;j
RS;sdiinc992j;p69p70;2009;0.0112;992;j
RS;sdiinc992j;p69p70;2010;0.0112;992;j
RS;sdiinc992j;p69p70;2011;0.0112;992;j
RS;sdiinc992j;p69p70;2012;0.0111;992;j
RS;sdiinc992j;p69p70;2013;0.0114;992;j
RS;sdiinc992j;p69p70;2014;0.0109;992;j
RS;sdiinc992j;p69p70;2015;0.0106;992;j
RS;sdiinc992j;p69p70;2016;0.0106;992;j
RS;sdiinc992j;p69p70;2017;0.0106;992;j
RS;sdiinc992j;p95p96;1990;0.0218;992;j
RS;sdiinc992j;p95p96;1991;0.0218;992;j
RS;sdiinc992j;p95p96;1992;0.0219;992;j
RS;sdiinc992j;p95p96;1993;0.0219;992;j
RS;sdiinc992j;p95p96;1994;0.0219;992;j
RS;sdiinc992j;p95p96;1995;0.0219;992;j
RS;sdiinc992j;p95p96;1996;0.0219;992;j
RS;sdiinc992j;p95p96;1997;0.0219;992;j
RS;sdiinc992j;p95p96;1998;0.0221;992;j
RS;sdiinc992j;p95p96;1999;0.0222;992;j
RS;sdiinc992j;p95p96;2000;0.022399999;992;j
RS;sdiinc992j;p95p96;2001;0.022399999;992;j
RS;sdiinc992j;p95p96;2002;0.0229;992;j
RS;sdiinc992j;p95p96;2003;0.023;992;j
RS;sdiinc992j;p95p96;2004;0.023499999;992;j
RS;sdiinc992j;p95p96;2005;0.0239;992;j
RS;sdiinc992j;p95p96;2006;0.024499999;992;j
RS;sdiinc992j;p95p96;2007;0.024700001;992;j
RS;sdiinc992j;p95p96;2008;0.0251;992;j
RS;sdiinc992j;p95p96;2009;0.0251;992;j
RS;sdiinc992j;p95p96;2010;0.026000001;992;j
RS;sdiinc992j;p95p96;2011;0.026699999;992;j
RS;sdiinc992j;p95p96;2012;0.025800001;992;j
RS;sdiinc992j;p95p96;2013;0.0262;992;j
RS;sdiinc992j;p95p96;2014;0.0244;992;j
RS;sdiinc992j;p95p96;2015;0.0241;992;j
RS;sdiinc992j;p95p96;2016;0.0242;992;j
RS;sdiinc992j;p95p96;2017;0.0243;992;j
RS;sdiinc992j;p99.9p99.91;1990;0.0012000001;992;j
RS;sdiinc992j;p99.9p99.91;1991;0.0011;992;j
RS;sdiinc992j;p99.9p99.91;1992;0.0011;992;j
RS;sdiinc992j;p99.9p99.91;1993;0.0011;992;j
RS;sdiinc992j;p99.9p99.91;1994;0.0011;992;j
RS;sdiinc992j;p99.9p99.91;1995;0.0011;992;j
RS;sdiinc992j;p99.9p99.91;1996;0.0011;992;j
RS;sdiinc992j;p99.9p99.91;1997;0.0011;992;j
RS;sdiinc992j;p99.9p99.91;1998;0.0011;992;j
RS;sdiinc992j;p99.9p99.91;1999;0.0012000001;992;j
RS;sdiinc992j;p99.9p99.91;2000;0.0013;992;j
RS;sdiinc992j;p99.9p99.91;2001;0.0013;992;j
RS;sdiinc992j;p99.9p99.91;2002;0.0014;992;j
RS;sdiinc992j;p99.9p99.91;2003;0.0013;992;j
RS;sdiinc992j;p99.9p99.91;2004;0.0014;992;j
RS;sdiinc992j;p99.9p99.91;2005;0.0014;992;j
RS;sdiinc992j;p99.9p99.91;2006;0.0014;992;j
RS;sdiinc992j;p99.9p99.91;2007;0.0013;992;j
RS;sdiinc992j;p99.9p99.91;2008;0.0013;992;j
RS;sdiinc992j;p99.9p99.91;2009;0.0014;992;j
RS;sdiinc992j;p99.9p99.91;2010;0.0014;992;j
RS;sdiinc992j;p99.9p99.91;2011;0.0015;992;j
RS;sdiinc992j;p99.9p99.91;2012;0.0017;992;j
RS;sdiinc992j;p99.9p99.91;2013;0.0015;992;j
RS;sdiinc992j;p99.9p99.91;2014;0.0018;992;j
RS;sdiinc992j;p99.9p99.91;2015;0.0022;992;j
RS;sdiinc992j;p99.9p99.91;2016;0.0022;992;j
RS;sdiinc992j;p99.9p99.91;2017;0.0022;992;j
RS;sptinc992j;p46p47;1990;0.0076000001;992;j
RS;sptinc992j;p46p47;1991;0.0076000001;992;j
RS;sptinc992j;p46p47;1992;0.0074999998;992;j
RS;sptinc992j;p46p47;1993;0.0074999998;992;j
RS;sptinc992j;p46p47;1994;0.0074;992;j
RS;sptinc992j;p46p47;1995;0.0074;992;j
RS;sptinc992j;p46p47;1996;0.0074;992;j
RS;sptinc992j;p46p47;1997;0.0074;992;j
RS;sptinc992j;p46p47;1998;0.0071999999;992;j
RS;sptinc992j;p46p47;1999;0.0071999999;992;j
RS;sptinc992j;p46p47;2000;0.0071;992;j
RS;sptinc992j;p46p47;2001;0.0071;992;j
RS;sptinc992j;p46p47;2002;0.0070000002;992;j
RS;sptinc992j;p46p47;2003;0.0070000002;992;j
RS;sptinc992j;p46p47;2004;0.0068999999;992;j
RS;sptinc992j;p46p47;2005;0.0068000001;992;j
RS;sptinc992j;p46p47;2006;0.0066999998;992;j
RS;sptinc992j;p46p47;2007;0.0068000001;992;j
RS;sptinc992j;p46p47;2008;0.0068000001;992;j
RS;sptinc992j;p46p47;2009;0.0066999998;992;j
RS;sptinc992j;p46p47;2010;0.0066;992;j
RS;sptinc992j;p46p47;2011;0.0065000001;992;j
RS;sptinc992j;p46p47;2012;0.0063999998;992;j
RS;sptinc992j;p46p47;2013;0.0065000001;992;j
RS;sptinc992j;p46p47;2014;0.0063;992;j
RS;sptinc992j;p46p47;2015;0.0065000001;992;j
RS;sptinc992j;p46p47;2016;0.0065000001;992;j
RS;sptinc992j;p46p47;2017;0.0065000001;992;j
RS;tcainc992j;p1p100;1990;47305.398;992;j
RS;tcainc992j;p1p100;1991;38794.398;992;j
RS;tcainc992j;p1p100;1992;24242.801;992;j
RS;tcainc992j;p1p100;1993;14154.2;992;j
RS;tcainc992j;p1p100;1994;12614.6;992;j
RS;tcainc992j;p1p100;1995;11109.4;992;j
RS;tcainc992j;p1p100;1996;8972.7998;992;j
RS;tcainc992j;p1p100;1997;7095.2998;992;j
RS;tcainc992j;p1p100;1998;8884.2998;992;j
RS;tcainc992j;p1p100;1999;12081.5;992;j
RS;tcainc992j;p1p100;2000;9372.5996;992;j
RS;tcainc992j;p1p100;2001;8434.0996;992;j
RS;tcainc992j;p1p100;2002;3334.3;992;j
RS;tcainc992j;p1p100;2003;8704.4004;992;j
RS;tcainc992j;p1p100;2004;10366.5;992;j
RS;tcainc992j;p1p100;2005;12416.6;992;j
RS;tcainc992j;p1p100;2006;13036.0;992;j
RS;tcainc992j;p1p100;2007;11308.5;992;j
RS;tcainc992j;p1p100;2008;14748.9;992;j
RS;tcainc992j;p1p100;2009;17497.6;992;j
RS;tcainc992j;p1p100;2010;17069.6;992;j
RS;tcainc992j;p1p100;2011;14669.9;992;j
RS;tcainc992j;p1p100;2012;11348.7;992;j
RS;tcainc992j;p1p100;2013;31934.199;992;j
RS;tcainc992j;p1p100;2014;70244.5;992;j
RS;tcainc992j;p1p100;2015;46764.699;992;j
RS;tcainc992j;p1p100;2016;48537.0;992;j
RS;tcainc992j;p1p100;2017;48500.301;992;j
RS;tcainc992j;p40p50;1990;359841.0;992;j
RS;tcainc992j;p40p50;1991;313343.0;992;j
RS;tcainc992j;p40p50;1992;215169.91;992;j
RS;tcainc992j;p40p50;1993;139791.59;992;j
RS;tcainc992j;p40p50;1994;144227.59;992;j
RS;tcainc992j;p40p50;1995;152392.41;992;j
RS;tcainc992j;p40p50;1996;154237.0;992;j
RS;tcainc992j;p40p50;1997;163334.7;992;j
RS;tcainc992j;p40p50;1998;174833.41;992;j
RS;tcainc992j;p40p50;1999;199305.59;992;j
RS;tcainc992j;p40p50;2000;213901.2;992;j
RS;tcainc992j;p40p50;2001;207393.41;992;j
RS;tcainc992j;p40p50;2002;214849.09;992;j
RS;tcainc992j;p40p50;2003;224018.91;992;j
RS;tcainc992j;p40p50;2004;262555.5;992;j
RS;tcainc992j;p40p50;2005;293895.19;992;j
RS;tcainc992j;p40p50;2006;303718.59;992;j
RS;tcainc992j;p40p50;2007;301423.31;992;j
RS;tcainc992j;p40p50;2008;320403.31;992;j
RS;tcainc992j;p40p50;2009;312846.91;992;j
RS;tcainc992j;p40p50;2010;305560.0;992;j
RS;tcainc992j;p40p50;2011;303106.09;992;j
RS;tcainc992j;p40p50;2012;294005.5;992;j
RS;tcainc992j;p40p50;2013;296271.69;992;j
RS;tcainc992j;p40p50;2014;293059.81;992;j
RS;tcainc992j;p40p50;2015;289150.09;992;j
RS;tcainc992j;p40p50;2016;299816.09;992;j
RS;tcainc992j;p40p50;2017;300015.19;992;j
RS;tcainc992j;p64p65;1990;548996.19;992;j
RS;tcainc992j;p64p65;1991;477036.19;992;j
RS;tcainc992j;p64p65;1992;326391.91;992;j
RS;tcainc992j;p64p65;1993;211215.5;992;j
RS;tcainc992j;p64p65;1994;217104.8;992;j
RS;tcainc992j;p64p65;1995;228784.59;992;j
RS;tcainc992j;p64p65;1996;230526.91;992;j
RS;tcainc992j;p64p65;1997;243197.2;992;j
RS;tcainc992j;p64p65;1998;265356.69;992;j
RS;tcainc992j;p64p65;1999;299802.0;992;j
RS;tcainc992j;p64p65;2000;320025.81;992;j
RS;tcainc992j;p64p65;2001;311147.0;992;j
RS;tcainc992j;p64p65;2002;327537.5;992;j
RS;tcainc992j;p64p65;2003;345344.59;992;j
RS;tcainc992j;p64p65;2004;412568.59;992;j
RS;tcainc992j;p64p65;2005;464037.81;992;j
RS;tcainc992j;p64p65;2006;489673.41;992;j
RS;tcainc992j;p64p65;2007;492988.41;992;j
RS;tcainc992j;p64p65;2008;527157.81;992;j
RS;tcainc992j;p64p65;2009;517600.59;992;j
RS;tcainc992j;p64p65;2010;516142.0;992;j
RS;tcainc992j;p64p65;2011;518587.41;992;j
RS;tcainc992j;p64p65;2012;514545.91;992;j
RS;tcainc992j;p64p65;2013;534946.19;992;j
RS;tcainc992j;p64p65;2014;509886.59;992;j
RS;tcainc992j;p64p65;2015;496244.31;992;j
RS;tcainc992j;p64p65;2016;514762.0;992;j
RS;tcainc992j;p64p65;2017;515032.5;992;j
RS;tcainc992j;p99.94p99.95;1990;8131917.5;992;j
RS;tcainc992j;p99.94p99.95;1991;6889215.0;992;j
RS;tcainc992j;p99.94p99.95;1992;4588532.0;992;j
RS;tcainc992j;p99.94p99.95;1993;2933773.3;992;j
RS;tcainc992j;p99.94p99.95;1994;2987367.0;992;j
RS;tcainc992j;p99.94p99.95;1995;3123933.0;992;j
RS;tcainc992j;p99.94p99.95;1996;3085431.8;992;j
RS;tcainc992j;p99.94p99.95;1997;3186119.0;992;j
RS;tcainc992j;p99.94p99.95;1998;3621239.8;992;j
RS;tcainc992j;p99.94p99.95;1999;4543873.0;992;j
RS;tcainc992j;p99.94p99.95;2000;5267454.5;992;j
RS;tcainc992j;p99.94p99.95;2001;5502639.5;992;j
RS;tcainc992j;p99.94p99.95;2002;5781832.0;992;j
RS;tcainc992j;p99.94p99.95;2003;6026818.5;992;j
RS;tcainc992j;p99.94p99.95;2004;7298351.0;992;j
RS;tcainc992j;p99.94p99.95;2005;8685137.0;992;j
RS;tcainc992j;p99.94p99.95;2006;9148345.0;992;j
RS;tcainc992j;p99.94p99.95;2007;8613338.0;992;j
RS;tcainc992j;p99.94p99.95;2008;8904820.0;992;j
RS;tcainc992j;p99.94p99.95;2009;9646093.0;992;j
RS;tcainc992j;p99.94p99.95;2010;9759979.0;992;j
RS;tcainc992j;p99.94p99.95;2011;9977057.0;992;j
RS;tcainc992j;p99.94p99.95;2012;11893358.0;992;j
RS;tcainc992j;p99.94p99.95;2013;10845679.0;992;j
RS;tcainc992j;p99.94p99.95;2014;13353363.0;992;j
RS;tcainc992j;p99.94p99.95;2015;16720115.0;992;j
RS;tcainc992j;p99.94p99.95;2016;17344850.0;992;j
RS;tcainc992j;p99.94p99.95;2017;17372218.0;992;j
RS;tdiinc992j;p5p6;1990;140940.2;992;j
RS;tdiinc992j;p5p6;1991;123450.8;992;j
RS;tdiinc992j;p5p6;1992;85216.898;992;j
RS;tdiinc992j;p5p6;1993;55498.102;992;j
RS;tdiinc992j;p5p6;1994;57727.301;992;j
RS;tdiinc992j;p5p6;1995;62235.398;992;j
RS;tdiinc992j;p5p6;1996;63336.0;992;j
RS;tdiinc992j;p5p6;1997;67843.203;992;j
RS;tdiinc992j;p5p6;1998;71559.602;992;j
RS;tdiinc992j;p5p6;1999;76162.203;992;j
RS;tdiinc992j;p5p6;2000;82794.203;992;j
RS;tdiinc992j;p5p6;2001;82508.797;992;j
RS;tdiinc992j;p5p6;2002;78118.602;992;j
RS;tdiinc992j;p5p6;2003;80052.102;992;j
RS;tdiinc992j;p5p6;2004;79667.203;992;j
RS;tdiinc992j;p5p6;2005;80896.898;992;j
RS;tdiinc992j;p5p6;2006;77885.398;992;j
RS;tdiinc992j;p5p6;2007;78719.203;992;j
RS;tdiinc992j;p5p6;2008;87266.203;992;j
RS;tdiinc992j;p5p6;2009;86723.203;992;j
RS;tdiinc992j;p5p6;2010;85163.703;992;j
RS;tdiinc992j;p5p6;2011;78191.703;992;j
RS;tdiinc992j;p5p6;2012;74250.703;992;j
RS;tdiinc992j;p5p6;2013;100638.1;992;j
RS;tdiinc992j;p5p6;2014;144936.91;992;j
RS;tdiinc992j;p5p6;2015;117499.5;992;j
RS;tdiinc992j;p5p6;2016;113758.1;992;j
RS;tdiinc992j;p5p6;2017;113555.8;992;j
RS;tdiinc992j;p70p80;1990;852890.13;992;j
RS;tdiinc992j;p70p80;1991;742340.31;992;j
RS;tdiinc992j;p70p80;1992;507472.81;992;j
RS;tdiinc992j;p70p80;1993;328730.0;992;j
RS;tdiinc992j;p70p80;1994;338067.19;992;j
RS;tdiinc992j;p70p80;1995;356414.69;992;j
RS;tdiinc992j;p70p80;1996;359507.09;992;j
RS;tdiinc992j;p70p80;1997;381202.41;992;j
RS;tdiinc992j;p70p80;1998;398553.69;992;j
RS;tdiinc992j;p70p80;1999;430033.0;992;j
RS;tdiinc992j;p70p80;2000;467604.31;992;j
RS;tdiinc992j;p70p80;2001;462285.59;992;j
RS;tdiinc992j;p70p80;2002;500406.91;992;j
RS;tdiinc992j;p70p80;2003;527667.81;992;j
RS;tdiinc992j;p70p80;2004;596457.81;992;j
RS;tdiinc992j;p70p80;2005;661972.38;992;j
RS;tdiinc992j;p70p80;2006;698619.31;992;j
RS;tdiinc992j;p70p80;2007;726437.31;992;j
RS;tdiinc992j;p70p80;2008;778861.0;992;j
RS;tdiinc992j;p70p80;2009;757024.88;992;j
RS;tdiinc992j;p70p80;2010;760591.13;992;j
RS;tdiinc992j;p70p80;2011;761076.31;992;j
RS;tdiinc992j;p70p80;2012;756462.69;992;j
RS;tdiinc992j;p70p80;2013;793865.13;992;j
RS;tdiinc992j;p70p80;2014;746491.38;992;j
RS;tdiinc992j;p70p80;2015;726459.63;992;j
RS;tdiinc992j;p70p80;2016;749260.69;992;j
RS;tdiinc992j;p70p80;2017;753760.31;992;j
RS;tptinc992j;p2p100;1990;68086.5;992;j
RS;tptinc992j;p2p100;1991;58974.602;992;j
RS;tptinc992j;p2p100;1992;39963.699;992;j
RS;tptinc992j;p2p100;1993;25695.5;992;j
RS;tptinc992j;p2p100;1994;26498.5;992;j
RS;tptinc992j;p2p100;1995;27563.0;992;j
RS;tptinc992j;p2p100;1996;27162.5;992;j
RS;tptinc992j;p2p100;1997;28014.801;992;j
RS;tptinc992j;p2p100;1998;31321.199;992;j
RS;tptinc992j;p2p100;1999;35372.301;992;j
RS;tptinc992j;p2p100;2000;38095.699;992;j
RS;tptinc992j;p2p100;2001;38637.199;992;j
RS;tptinc992j;p2p100;2002;32355.199;992;j
RS;tptinc992j;p2p100;2003;35346.5;992;j
RS;tptinc992j;p2p100;2004;36640.5;992;j
RS;tptinc992j;p2p100;2005;38622.398;992;j
RS;tptinc992j;p2p100;2006;37552.801;992;j
RS;tptinc992j;p2p100;2007;35315.898;992;j
RS;tptinc992j;p2p100;2008;32150.301;992;j
RS;tptinc992j;p2p100;2009;27607.9;992;j
RS;tptinc992j;p2p100;2010;26767.9;992;j
RS;tptinc992j;p2p100;2011;22999.801;992;j
RS;tptinc992j;p2p100;2012;22074.801;992;j
RS;tptinc992j;p2p100;2013;17583.801;992;j
RS;tptinc992j;p2p100;2014;17856.9;992;j
RS;tptinc992j;p2p100;2015;17915.1;992;j
RS;tptinc992j;p2p100;2016;18514.9;992;j
RS;tptinc992j;p2p100;2017;18434.199;992;j
RS;tptinc992j;p68p100;1990;835703.5;992;j
RS;tptinc992j;p68p100;1991;722074.81;992;j
RS;tptinc992j;p68p100;1992;492414.09;992;j
RS;tptinc992j;p68p100;1993;317811.5;992;j
RS;tptinc992j;p68p100;1994;325859.81;992;j
RS;tptinc992j;p68p100;1995;342082.59;992;j
RS;tptinc992j;p68p100;1996;343702.41;992;j
RS;tptinc992j;p68p100;1997;363110.81;992;j
RS;tptinc992j;p68p100;1998;380113.41;992;j
RS;tptinc992j;p68p100;1999;411625.31;992;j
RS;tptinc992j;p68p100;2000;445819.69;992;j
RS;tptinc992j;p68p100;2001;442171.81;992;j
RS;tptinc992j;p68p100;2002;479076.59;992;j
RS;tptinc992j;p68p100;2003;503389.91;992;j
RS;tptinc992j;p68p100;2004;560284.81;992;j
RS;tptinc992j;p68p100;2005;620928.31;992;j
RS;tptinc992j;p68p100;2006;660253.19;992;j
RS;tptinc992j;p68p100;2007;693917.31;992;j
RS;tptinc992j;p68p100;2008;744213.31;992;j
RS;tptinc992j;p68p100;2009;728448.88;992;j
RS;tptinc992j;p68p100;2010;721466.19;992;j
RS;tptinc992j;p68p100;2011;722346.13;992;j
RS;tptinc992j;p68p100;2012;729557.38;992;j
RS;tptinc992j;p68p100;2013;756485.38;992;j
RS;tptinc992j;p68p100;2014;723333.31;992;j
RS;tptinc992j;p68p100;2015;731944.69;992;j
RS;tptinc992j;p68p100;2016;754358.31;992;j
RS;tptinc992j;p68p100;2017;758328.69;992;j
RS;tptinc992j;p73p100;1990;909416.88;992;j
RS;tptinc992j;p73p100;1991;787200.38;992;j
RS;tptinc992j;p73p100;1992;538010.0;992;j
RS;tptinc992j;p73p100;1993;348133.59;992;j
RS;tptinc992j;p73p100;1994;357656.59;992;j
RS;tptinc992j;p73p100;1995;376034.31;992;j
RS;tptinc992j;p73p100;1996;378400.81;992;j
RS;tptinc992j;p73p100;1997;400569.59;992;j
RS;tptinc992j;p73p100;1998;417669.19;992;j
RS;tptinc992j;p73p100;1999;452926.31;992;j
RS;tptinc992j;p73p100;2000;491662.5;992;j
RS;tptinc992j;p73p100;2001;486873.91;992;j
RS;tptinc992j;p73p100;2002;527612.31;992;j
RS;tptinc992j;p73p100;2003;554233.19;992;j
RS;tptinc992j;p73p100;2004;621342.5;992;j
RS;tptinc992j;p73p100;2005;690702.63;992;j
RS;tptinc992j;p73p100;2006;735193.88;992;j
RS;tptinc992j;p73p100;2007;771112.81;992;j
RS;tptinc992j;p73p100;2008;826616.69;992;j
RS;tptinc992j;p73p100;2009;813903.69;992;j
RS;tptinc992j;p73p100;2010;807921.31;992;j
RS;tptinc992j;p73p100;2011;806756.88;992;j
RS;tptinc992j;p73p100;2012;822981.38;992;j
RS;tptinc992j;p73p100;2013;847057.13;992;j
RS;tptinc992j;p73p100;2014;811383.5;992;j
RS;tptinc992j;p73p100;2015;811531.81;992;j
RS;tptinc992j;p73p100;2016;836004.88;992;j
RS;tptinc992j;p73p100;2017;840783.5;992;j
RS;tptinc992j;p99.993p99.994;1990;37592032.0;992;j
RS;tptinc992j;p99.993p99.994;1991;33714456.0;992;j
RS;tptinc992j;p99.993p99.994;1992;23594448.0;992;j
RS;tptinc992j;p99.993p99.994;1993;15786108.0;992;j
RS;tptinc992j;p99.993p99.994;1994;16570653.0;992;j
RS;tptinc992j;p99.993p99.994;1995;18027114.0;992;j
RS;tptinc992j;p99.993p99.994;1996;18573628.0;992;j
RS;tptinc992j;p99.993p99.994;1997;20148518.0;992;j
RS;tptinc992j;p99.993p99.994;1998;20998758.0;992;j
RS;tptinc992j;p99.993p99.994;1999;24795762.0;992;j
RS;tptinc992j;p99.993p99.994;2000;29296208.0;992;j
RS;tptinc992j;p99.993p99.994;2001;31454332.0;992;j
RS;tptinc992j;p99.993p99.994;2002;33140216.0;992;j
RS;tptinc992j;p99.993p99.994;2003;34016072.0;992;j
RS;tptinc992j;p99.993p99.994;2004;39488080.0;992;j
RS;tptinc992j;p99.993p99.994;2005;42724776.0;992;j
RS;tptinc992j;p99.993p99.994;2006;45656204.0;992;j
RS;tptinc992j;p99.993p99.994;2007;43328112.0;992;j
RS;tptinc992j;p99.993p99.994;2008;47259892.0;992;j
RS;tptinc992j;p99.993p99.994;2009;45895608.0;992;j
RS;tptinc992j;p99.993p99.994;2010;45238596.0;992;j
RS;tptinc992j;p99.993p99.994;2011;47975576.0;992;j
RS;tptinc992j;p99.993p99.994;2012;38387316.0;992;j
RS;tptinc992j;p99.993p99.994;2013;42446928.0;992;j
RS;tptinc992j;p99.993p99.994;2014;62967232.0;992;j
RS;tptinc992j;p99.993p99.994;2015;61313220.0;992;j
RS;tptinc992j;p99.993p99.994;2016;63276636.0;992;j
RS;tptinc992j;p99.993p99.994;2017;63723932.0;992;j
RS;tptinc992j;p99.994p99.995;1990;40725996.0;992;j
RS;tptinc992j;p99.994p99.995;1991;36554408.0;992;j
RS;tptinc992j;p99.994p99.995;1992;25588598.0;992;j
RS;tptinc992j;p99.994p99.995;1993;17133164.0;992;j
RS;tptinc992j;p99.994p99.995;1994;17985844.0;992;j
RS;tptinc992j;p99.994p99.995;1995;19579504.0;992;j
RS;tptinc992j;p99.994p99.995;1996;20185540.0;992;j
RS;tptinc992j;p99.994p99.995;1997;21912440.0;992;j
RS;tptinc992j;p99.994p99.995;1998;22811438.0;992;j
RS;tptinc992j;p99.994p99.995;1999;26986068.0;992;j
RS;tptinc992j;p99.994p99.995;2000;31898494.0;992;j
RS;tptinc992j;p99.994p99.995;2001;34313060.0;992;j
RS;tptinc992j;p99.994p99.995;2002;36088644.0;992;j
RS;tptinc992j;p99.994p99.995;2003;37006496.0;992;j
RS;tptinc992j;p99.994p99.995;2004;42955172.0;992;j
RS;tptinc992j;p99.994p99.995;2005;46381536.0;992;j
RS;tptinc992j;p99.994p99.995;2006;49566208.0;992;j
RS;tptinc992j;p99.994p99.995;2007;46971504.0;992;j
RS;tptinc992j;p99.994p99.995;2008;51262264.0;992;j
RS;tptinc992j;p99.994p99.995;2009;49738292.0;992;j
RS;tptinc992j;p99.994p99.995;2010;48889756.0;992;j
RS;tptinc992j;p99.994p99.995;2011;51898972.0;992;j
RS;tptinc992j;p99.994p99.995;2012;41155448.0;992;j
RS;tptinc992j;p99.994p99.995;2013;45692756.0;992;j
RS;tptinc992j;p99.994p99.995;2014;68724608.0;992;j
RS;tptinc992j;p99.994p99.995;2015;66937596.0;992;j
RS;tptinc992j;p99.994p99.995;2016;69080864.0;992;j
RS;tptinc992j;p99.994p99.995;2017;69566816.0;992;j
RS;acainc992j;p43p100;1990;752605.5;992;j
RS;acainc992j;p43p100;1991;652038.63;992;j
RS;acainc992j;p43p100;1992;445463.81;992;j
RS;acainc992j;p43p100;1993;288229.91;992;j
RS;acainc992j;p43p100;1994;296166.09;992;j
RS;acainc992j;p43p100;1995;311874.59;992;j
RS;acainc992j;p43p100;1996;313557.0;992;j
RS;acainc992j;p43p100;1997;329968.0;992;j
RS;acainc992j;p43p100;1998;360634.69;992;j
RS;acainc992j;p43p100;1999;411901.09;992;j
RS;acainc992j;p43p100;2000;448279.31;992;j
RS;acainc992j;p43p100;2001;437553.69;992;j
RS;acainc992j;p43p100;2002;462928.09;992;j
RS;acainc992j;p43p100;2003;489437.5;992;j
RS;acainc992j;p43p100;2004;591741.81;992;j
RS;acainc992j;p43p100;2005;677393.19;992;j
RS;acainc992j;p43p100;2006;721086.0;992;j
RS;acainc992j;p43p100;2007;723089.0;992;j
RS;acainc992j;p43p100;2008;777939.38;992;j
RS;acainc992j;p43p100;2009;773258.19;992;j
RS;acainc992j;p43p100;2010;784678.19;992;j
RS;acainc992j;p43p100;2011;800201.69;992;j
RS;acainc992j;p43p100;2012;801313.5;992;j
RS;acainc992j;p43p100;2013;823343.0;992;j
RS;acainc992j;p43p100;2014;789910.19;992;j
RS;acainc992j;p43p100;2015;811381.31;992;j
RS;acainc992j;p43p100;2016;841426.31;992;j
RS;acainc992j;p43p100;2017;842264.63;992;j
RS;acainc992j;p80p100;1990;1150007.8;992;j
RS;acainc992j;p80p100;1991;993550.5;992;j
RS;acainc992j;p80p100;1992;677540.88;992;j
RS;acainc992j;p80p100;1993;438041.69;992;j
RS;acainc992j;p80p100;1994;449647.41;992;j
RS;acainc992j;p80p100;1995;473082.5;992;j
RS;acainc992j;p80p100;1996;474372.19;992;j
RS;acainc992j;p80p100;1997;497855.09;992;j
RS;acainc992j;p80p100;1998;548476.63;992;j
RS;acainc992j;p80p100;1999;632190.31;992;j
RS;acainc992j;p80p100;2000;696002.81;992;j
RS;acainc992j;p80p100;2001;684296.69;992;j
RS;acainc992j;p80p100;2002;728914.38;992;j
RS;acainc992j;p80p100;2003;773334.88;992;j
RS;acainc992j;p80p100;2004;942742.38;992;j
RS;acainc992j;p80p100;2005;1091948.3;992;j
RS;acainc992j;p80p100;2006;1172436.8;992;j
RS;acainc992j;p80p100;2007;1172702.1;992;j
RS;acainc992j;p80p100;2008;1265114.0;992;j
RS;acainc992j;p80p100;2009;1269441.5;992;j
RS;acainc992j;p80p100;2010;1305597.3;992;j
RS;acainc992j;p80p100;2011;1345739.4;992;j
RS;acainc992j;p80p100;2012;1356861.0;992;j
RS;acainc992j;p80p100;2013;1383269.8;992;j
RS;acainc992j;p80p100;2014;1338992.6;992;j
RS;acainc992j;p80p100;2015;1416630.3;992;j
RS;acainc992j;p80p100;2016;1469136.1;992;j
RS;acainc992j;p80p100;2017;1470896.8;992;j
RS;acainc992j;p92p100;1990;1618987.5;992;j
RS;acainc992j;p92p100;1991;1397318.5;992;j
RS;acainc992j;p92p100;1992;952535.19;992;j
RS;acainc992j;p92p100;1993;616774.38;992;j
RS;acainc992j;p92p100;1994;633849.81;992;j
RS;acainc992j;p92p100;1995;667792.19;992;j
RS;acainc992j;p92p100;1996;668882.38;992;j
RS;acainc992j;p92p100;1997;701224.63;992;j
RS;acainc992j;p92p100;1998;779041.88;992;j
RS;acainc992j;p92p100;1999;910685.88;992;j
RS;acainc992j;p92p100;2000;1020410.9;992;j
RS;acainc992j;p92p100;2001;1014796.0;992;j
RS;acainc992j;p92p100;2002;1084637.8;992;j
RS;acainc992j;p92p100;2003;1144314.3;992;j
RS;acainc992j;p92p100;2004;1393370.1;992;j
RS;acainc992j;p92p100;2005;1623520.6;992;j
RS;acainc992j;p92p100;2006;1750906.6;992;j
RS;acainc992j;p92p100;2007;1735576.5;992;j
RS;acainc992j;p92p100;2008;1870726.8;992;j
RS;acainc992j;p92p100;2009;1891318.8;992;j
RS;acainc992j;p92p100;2010;1955884.4;992;j
RS;acainc992j;p92p100;2011;2024128.6;992;j
RS;acainc992j;p92p100;2012;2070824.1;992;j
RS;acainc992j;p92p100;2013;2077519.6;992;j
RS;acainc992j;p92p100;2014;2077075.6;992;j
RS;acainc992j;p92p100;2015;2285377.5;992;j
RS;acainc992j;p92p100;2016;2370211.8;992;j
RS;acainc992j;p92p100;2017;2373458.0;992;j
RS;acainc992j;p99.999p100;1990;155174656.0;992;j
RS;acainc992j;p99.999p100;1991;122517000.0;992;j
RS;acainc992j;p99.999p100;1992;73789112.0;992;j
RS;acainc992j;p99.999p100;1993;43884716.0;992;j
RS;acainc992j;p99.999p100;1994;42612736.0;992;j
RS;acainc992j;p99.999p100;1995;42749328.0;992;j
RS;acainc992j;p99.999p100;1996;40410180.0;992;j
RS;acainc992j;p99.999p100;1997;39775424.0;992;j
RS;acainc992j;p99.999p100;1998;47507840.0;992;j
RS;acainc992j;p99.999p100;1999;71726752.0;992;j
RS;acainc992j;p99.999p100;2000;82415328.0;992;j
RS;acainc992j;p99.999p100;2001;98987232.0;992;j
RS;acainc992j;p99.999p100;2002;92519808.0;992;j
RS;acainc992j;p99.999p100;2003;97508848.0;992;j
RS;acainc992j;p99.999p100;2004;119047344.0;992;j
RS;acainc992j;p99.999p100;2005;150956080.0;992;j
RS;acainc992j;p99.999p100;2006;137441456.0;992;j
RS;acainc992j;p99.999p100;2007;111312528.0;992;j
RS;acainc992j;p99.999p100;2008;97522368.0;992;j
RS;acainc992j;p99.999p100;2009;130671016.0;992;j
RS;acainc992j;p99.999p100;2010;119561040.0;992;j
RS;acainc992j;p99.999p100;2011;114934608.0;992;j
RS;acainc992j;p99.999p100;2012;219650656.0;992;j
RS;acainc992j;p99.999p100;2013;148149744.0;992;j
RS;acainc992j;p99.999p100;2014;390691872.0;992;j
RS;acainc992j;p99.999p100;2015;787926400.0;992;j
RS;acainc992j;p99.999p100;2016;818132224.0;992;j
RS;acainc992j;p99.999p100;2017;821216000.0;992;j
RS;adiinc992j;p10p20;1990;247991.09;992;j
RS;adiinc992j;p10p20;1991;218369.3;992;j
RS;adiinc992j;p10p20;1992;151769.3;992;j
RS;adiinc992j;p10p20;1993;99865.5;992;j
RS;adiinc992j;p10p20;1994;104373.0;992;j
RS;adiinc992j;p10p20;1995;111716.4;992;j
RS;adiinc992j;p10p20;1996;114360.7;992;j
RS;adiinc992j;p10p20;1997;123392.9;992;j
RS;adiinc992j;p10p20;1998;135875.09;992;j
RS;adiinc992j;p10p20;1999;146436.5;992;j
RS;adiinc992j;p10p20;2000;159508.09;992;j
RS;adiinc992j;p10p20;2001;157557.3;992;j
RS;adiinc992j;p10p20;2002;157081.2;992;j
RS;adiinc992j;p10p20;2003;160902.59;992;j
RS;adiinc992j;p10p20;2004;161507.59;992;j
RS;adiinc992j;p10p20;2005;173261.0;992;j
RS;adiinc992j;p10p20;2006;168028.09;992;j
RS;adiinc992j;p10p20;2007;168939.7;992;j
RS;adiinc992j;p10p20;2008;172421.5;992;j
RS;adiinc992j;p10p20;2009;163470.7;992;j
RS;adiinc992j;p10p20;2010;148149.91;992;j
RS;adiinc992j;p10p20;2011;132381.59;992;j
RS;adiinc992j;p10p20;2012;129180.6;992;j
RS;adiinc992j;p10p20;2013;131385.09;992;j
RS;adiinc992j;p10p20;2014;173055.5;992;j
RS;adiinc992j;p10p20;2015;145284.59;992;j
RS;adiinc992j;p10p20;2016;142893.09;992;j
RS;adiinc992j;p10p20;2017;142819.3;992;j
RS;adiinc992j;p1p2;1990;119012.1;992;j
RS;adiinc992j;p1p2;1991;99764.297;992;j
RS;adiinc992j;p1p2;1992;65512.602;992;j
RS;adiinc992j;p1p2;1993;40511.699;992;j
RS;adiinc992j;p1p2;1994;39508.199;992;j
RS;adiinc992j;p1p2;1995;39286.199;992;j
RS;adiinc992j;p1p2;1996;37159.398;992;j
RS;adiinc992j;p1p2;1997;37246.0;992;j
RS;adiinc992j;p1p2;1998;36490.898;992;j
RS;adiinc992j;p1p2;1999;38187.398;992;j
RS;adiinc992j;p1p2;2000;41872.102;992;j
RS;adiinc992j;p1p2;2001;41488.699;992;j
RS;adiinc992j;p1p2;2002;38170.301;992;j
RS;adiinc992j;p1p2;2003;46830.699;992;j
RS;adiinc992j;p1p2;2004;51387.5;992;j
RS;adiinc992j;p1p2;2005;57732.398;992;j
RS;adiinc992j;p1p2;2006;60542.801;992;j
RS;adiinc992j;p1p2;2007;64139.102;992;j
RS;adiinc992j;p1p2;2008;71738.703;992;j
RS;adiinc992j;p1p2;2009;72790.203;992;j
RS;adiinc992j;p1p2;2010;73785.0;992;j
RS;adiinc992j;p1p2;2011;68775.5;992;j
RS;adiinc992j;p1p2;2012;65808.297;992;j
RS;adiinc992j;p1p2;2013;92957.102;992;j
RS;adiinc992j;p1p2;2014;137531.09;992;j
RS;adiinc992j;p1p2;2015;110561.9;992;j
RS;adiinc992j;p1p2;2016;106470.3;992;j
RS;adiinc992j;p1p2;2017;106269.2;992;j
RS;adiinc992j;p36p100;1990;986976.5;992;j
RS;adiinc992j;p36p100;1991;855569.31;992;j
RS;adiinc992j;p36p100;1992;584850.13;992;j
RS;adiinc992j;p36p100;1993;378589.41;992;j
RS;adiinc992j;p36p100;1994;389188.19;992;j
RS;adiinc992j;p36p100;1995;410004.69;992;j
RS;adiinc992j;p36p100;1996;412450.69;992;j
RS;adiinc992j;p36p100;1997;436150.31;992;j
RS;adiinc992j;p36p100;1998;457917.59;992;j
RS;adiinc992j;p36p100;1999;502770.0;992;j
RS;adiinc992j;p36p100;2000;552943.38;992;j
RS;adiinc992j;p36p100;2001;552325.13;992;j
RS;adiinc992j;p36p100;2002;599212.81;992;j
RS;adiinc992j;p36p100;2003;631054.38;992;j
RS;adiinc992j;p36p100;2004;717329.81;992;j
RS;adiinc992j;p36p100;2005;803141.5;992;j
RS;adiinc992j;p36p100;2006;854181.19;992;j
RS;adiinc992j;p36p100;2007;882875.88;992;j
RS;adiinc992j;p36p100;2008;942962.69;992;j
RS;adiinc992j;p36p100;2009;930109.69;992;j
RS;adiinc992j;p36p100;2010;939777.5;992;j
RS;adiinc992j;p36p100;2011;951219.81;992;j
RS;adiinc992j;p36p100;2012;950474.69;992;j
RS;adiinc992j;p36p100;2013;975962.13;992;j
RS;adiinc992j;p36p100;2014;937384.69;992;j
RS;adiinc992j;p36p100;2015;957607.81;992;j
RS;adiinc992j;p36p100;2016;990829.81;992;j
RS;adiinc992j;p36p100;2017;997147.31;992;j
RS;adiinc992j;p62p100;1990;1241624.1;992;j
RS;adiinc992j;p62p100;1991;1074812.8;992;j
RS;adiinc992j;p62p100;1992;733820.31;992;j
RS;adiinc992j;p62p100;1993;474639.09;992;j
RS;adiinc992j;p62p100;1994;487506.91;992;j
RS;adiinc992j;p62p100;1995;513177.0;992;j
RS;adiinc992j;p62p100;1996;515476.59;992;j
RS;adiinc992j;p62p100;1997;544147.0;992;j
RS;adiinc992j;p62p100;1998;575030.0;992;j
RS;adiinc992j;p62p100;1999;633820.38;992;j
RS;adiinc992j;p62p100;2000;698625.13;992;j
RS;adiinc992j;p62p100;2001;699099.31;992;j
RS;adiinc992j;p62p100;2002;761174.0;992;j
RS;adiinc992j;p62p100;2003;803394.0;992;j
RS;adiinc992j;p62p100;2004;918533.63;992;j
RS;adiinc992j;p62p100;2005;1034459.6;992;j
RS;adiinc992j;p62p100;2006;1105272.1;992;j
RS;adiinc992j;p62p100;2007;1141579.5;992;j
RS;adiinc992j;p62p100;2008;1222217.0;992;j
RS;adiinc992j;p62p100;2009;1210687.1;992;j
RS;adiinc992j;p62p100;2010;1232266.1;992;j
RS;adiinc992j;p62p100;2011;1254918.6;992;j
RS;adiinc992j;p62p100;2012;1258337.8;992;j
RS;adiinc992j;p62p100;2013;1293643.0;992;j
RS;adiinc992j;p62p100;2014;1239438.8;992;j
RS;adiinc992j;p62p100;2015;1277329.8;992;j
RS;adiinc992j;p62p100;2016;1324647.6;992;j
RS;adiinc992j;p62p100;2017;1333515.4;992;j
RS;adiinc992j;p64p100;1990;1268303.4;992;j
RS;adiinc992j;p64p100;1991;1097774.3;992;j
RS;adiinc992j;p64p100;1992;749424.13;992;j
RS;adiinc992j;p64p100;1993;484711.31;992;j
RS;adiinc992j;p64p100;1994;497819.41;992;j
RS;adiinc992j;p64p100;1995;524009.0;992;j
RS;adiinc992j;p64p100;1996;526290.5;992;j
RS;adiinc992j;p64p100;1997;555479.5;992;j
RS;adiinc992j;p64p100;1998;587192.63;992;j
RS;adiinc992j;p64p100;1999;647533.81;992;j
RS;adiinc992j;p64p100;2000;714152.19;992;j
RS;adiinc992j;p64p100;2001;714819.0;992;j
RS;adiinc992j;p64p100;2002;778498.13;992;j
RS;adiinc992j;p64p100;2003;821763.5;992;j
RS;adiinc992j;p64p100;2004;940070.31;992;j
RS;adiinc992j;p64p100;2005;1059342.9;992;j
RS;adiinc992j;p64p100;2006;1132265.6;992;j
RS;adiinc992j;p64p100;2007;1169285.3;992;j
RS;adiinc992j;p64p100;2008;1252111.3;992;j
RS;adiinc992j;p64p100;2009;1240876.4;992;j
RS;adiinc992j;p64p100;2010;1263860.4;992;j
RS;adiinc992j;p64p100;2011;1287857.9;992;j
RS;adiinc992j;p64p100;2012;1291648.5;992;j
RS;adiinc992j;p64p100;2013;1327564.0;992;j
RS;adiinc992j;p64p100;2014;1271913.9;992;j
RS;adiinc992j;p64p100;2015;1312775.8;992;j
RS;adiinc992j;p64p100;2016;1361660.3;992;j
RS;adiinc992j;p64p100;2017;1370815.8;992;j
RS;adiinc992j;p76p100;1990;1472219.3;992;j
RS;adiinc992j;p76p100;1991;1272767.9;992;j
RS;adiinc992j;p76p100;1992;868476.0;992;j
RS;adiinc992j;p76p100;1993;561632.13;992;j
RS;adiinc992j;p76p100;1994;576682.5;992;j
RS;adiinc992j;p76p100;1995;606885.0;992;j
RS;adiinc992j;p76p100;1996;608944.69;992;j
RS;adiinc992j;p76p100;1997;641985.31;992;j
RS;adiinc992j;p76p100;1998;680775.88;992;j
RS;adiinc992j;p76p100;1999;754795.31;992;j
RS;adiinc992j;p76p100;2000;836166.88;992;j
RS;adiinc992j;p76p100;2001;839256.5;992;j
RS;adiinc992j;p76p100;2002;915146.63;992;j
RS;adiinc992j;p76p100;2003;966970.81;992;j
RS;adiinc992j;p76p100;2004;1109092.0;992;j
RS;adiinc992j;p76p100;2005;1255940.1;992;j
RS;adiinc992j;p76p100;2006;1346357.3;992;j
RS;adiinc992j;p76p100;2007;1387559.6;992;j
RS;adiinc992j;p76p100;2008;1486697.8;992;j
RS;adiinc992j;p76p100;2009;1479371.6;992;j
RS;adiinc992j;p76p100;2010;1513462.3;992;j
RS;adiinc992j;p76p100;2011;1549364.9;992;j
RS;adiinc992j;p76p100;2012;1556987.3;992;j
RS;adiinc992j;p76p100;2013;1592523.3;992;j
RS;adiinc992j;p76p100;2014;1532902.8;992;j
RS;adiinc992j;p76p100;2015;1603954.4;992;j
RS;adiinc992j;p76p100;2016;1665716.6;992;j
RS;adiinc992j;p76p100;2017;1677236.3;992;j
RS;adiinc992j;p88p89;1990;1213118.3;992;j
RS;adiinc992j;p88p89;1991;1049584.8;992;j
RS;adiinc992j;p88p89;1992;715769.13;992;j
RS;adiinc992j;p88p89;1993;461646.81;992;j
RS;adiinc992j;p88p89;1994;472946.19;992;j
RS;adiinc992j;p88p89;1995;496176.31;992;j
RS;adiinc992j;p88p89;1996;497665.81;992;j
RS;adiinc992j;p88p89;1997;524601.63;992;j
RS;adiinc992j;p88p89;1998;555118.13;992;j
RS;adiinc992j;p88p89;1999;603605.38;992;j
RS;adiinc992j;p88p89;2000;654619.0;992;j
RS;adiinc992j;p88p89;2001;648585.63;992;j
RS;adiinc992j;p88p89;2002;702865.69;992;j
RS;adiinc992j;p88p89;2003;756462.13;992;j
RS;adiinc992j;p88p89;2004;873694.63;992;j
RS;adiinc992j;p88p89;2005;986647.38;992;j
RS;adiinc992j;p88p89;2006;1052164.4;992;j
RS;adiinc992j;p88p89;2007;1099496.8;992;j
RS;adiinc992j;p88p89;2008;1175676.1;992;j
RS;adiinc992j;p88p89;2009;1162257.6;992;j
RS;adiinc992j;p88p89;2010;1184296.3;992;j
RS;adiinc992j;p88p89;2011;1207501.9;992;j
RS;adiinc992j;p88p89;2012;1185391.3;992;j
RS;adiinc992j;p88p89;2013;1232372.0;992;j
RS;adiinc992j;p88p89;2014;1144239.3;992;j
RS;adiinc992j;p88p89;2015;1123630.4;992;j
RS;adiinc992j;p88p89;2016;1164021.3;992;j
RS;adiinc992j;p88p89;2017;1171352.1;992;j
RS;agsmhn992i;p0p100;1997;101399.5;992;i
RS;agsmhn992i;p0p100;1998;100120.3;992;i
RS;agsmhn992i;p0p100;1999;132860.9;992;i
RS;agsmhn992i;p0p100;2000;147563.0;992;i
RS;agsmhn992i;p0p100;2001;147061.6;992;i
RS;agsmhn992i;p0p100;2002;132673.3;992;i
RS;agsmhn992i;p0p100;2003;126076.4;992;i
RS;agsmhn992i;p0p100;2004;135599.9;992;i
RS;agsmhn992i;p0p100;2005;144524.0;992;i
RS;agsmhn992i;p0p100;2006;169818.2;992;i
RS;agsmhn992i;p0p100;2007;173728.9;992;i
RS;agsmhn992i;p0p100;2008;183884.9;992;i
RS;agsmhn992i;p0p100;2009;183858.3;992;i
RS;agsmhn992i;p0p100;2010;188085.5;992;i
RS;agsmhn992i;p0p100;2011;200311.7;992;i
RS;aptinc992j;p35p100;1990;1006335.5;992;j
RS;aptinc992j;p35p100;1991;873654.0;992;j
RS;aptinc992j;p35p100;1992;598163.88;992;j
RS;aptinc992j;p35p100;1993;387816.31;992;j
RS;aptinc992j;p35p100;1994;399325.19;992;j
RS;aptinc992j;p35p100;1995;421374.5;992;j
RS;aptinc992j;p35p100;1996;424622.09;992;j
RS;aptinc992j;p35p100;1997;450022.59;992;j
RS;aptinc992j;p35p100;1998;471196.81;992;j
RS;aptinc992j;p35p100;1999;515984.81;992;j
RS;aptinc992j;p35p100;2000;568612.19;992;j
RS;aptinc992j;p35p100;2001;567695.81;992;j
RS;aptinc992j;p35p100;2002;616120.38;992;j
RS;aptinc992j;p35p100;2003;649534.5;992;j
RS;aptinc992j;p35p100;2004;735741.0;992;j
RS;aptinc992j;p35p100;2005;825062.69;992;j
RS;aptinc992j;p35p100;2006;876792.5;992;j
RS;aptinc992j;p35p100;2007;907769.81;992;j
RS;aptinc992j;p35p100;2008;972487.88;992;j
RS;aptinc992j;p35p100;2009;959463.63;992;j
RS;aptinc992j;p35p100;2010;966738.31;992;j
RS;aptinc992j;p35p100;2011;976934.0;992;j
RS;aptinc992j;p35p100;2012;977980.13;992;j
RS;aptinc992j;p35p100;2013;1003253.4;992;j
RS;aptinc992j;p35p100;2014;985818.38;992;j
RS;aptinc992j;p35p100;2015;989462.63;992;j
RS;aptinc992j;p35p100;2016;1020052.9;992;j
RS;aptinc992j;p35p100;2017;1026262.1;992;j
RS;aptinc992j;p69p70;1990;853757.31;992;j
RS;aptinc992j;p69p70;1991;739257.69;992;j
RS;aptinc992j;p69p70;1992;504469.0;992;j
RS;aptinc992j;p69p70;1993;325844.0;992;j
RS;aptinc992j;p69p70;1994;334246.81;992;j
RS;aptinc992j;p69p70;1995;351267.19;992;j
RS;aptinc992j;p69p70;1996;353196.91;992;j
RS;aptinc992j;p69p70;1997;373478.69;992;j
RS;aptinc992j;p69p70;1998;389856.19;992;j
RS;aptinc992j;p69p70;1999;421865.69;992;j
RS;aptinc992j;p69p70;2000;457736.0;992;j
RS;aptinc992j;p69p70;2001;453320.5;992;j
RS;aptinc992j;p69p70;2002;491723.5;992;j
RS;aptinc992j;p69p70;2003;516500.81;992;j
RS;aptinc992j;p69p70;2004;575442.31;992;j
RS;aptinc992j;p69p70;2005;638909.63;992;j
RS;aptinc992j;p69p70;2006;679012.38;992;j
RS;aptinc992j;p69p70;2007;714744.19;992;j
RS;aptinc992j;p69p70;2008;766659.38;992;j
RS;aptinc992j;p69p70;2009;749691.88;992;j
RS;aptinc992j;p69p70;2010;743339.69;992;j
RS;aptinc992j;p69p70;2011;743646.38;992;j
RS;aptinc992j;p69p70;2012;754764.5;992;j
RS;aptinc992j;p69p70;2013;780872.38;992;j
RS;aptinc992j;p69p70;2014;746841.19;992;j
RS;aptinc992j;p69p70;2015;751081.69;992;j
RS;aptinc992j;p69p70;2016;774027.5;992;j
RS;aptinc992j;p69p70;2017;778473.0;992;j
RS;aptinc992j;p88p89;1990;1260507.0;992;j
RS;aptinc992j;p88p89;1991;1090810.0;992;j
RS;aptinc992j;p88p89;1992;744361.63;992;j
RS;aptinc992j;p88p89;1993;481009.5;992;j
RS;aptinc992j;p88p89;1994;493835.31;992;j
RS;aptinc992j;p88p89;1995;519461.59;992;j
RS;aptinc992j;p88p89;1996;522247.5;992;j
RS;aptinc992j;p88p89;1997;552177.69;992;j
RS;aptinc992j;p88p89;1998;580749.69;992;j
RS;aptinc992j;p88p89;1999;628127.19;992;j
RS;aptinc992j;p88p89;2000;684890.31;992;j
RS;aptinc992j;p88p89;2001;677448.88;992;j
RS;aptinc992j;p88p89;2002;736675.69;992;j
RS;aptinc992j;p88p89;2003;785837.63;992;j
RS;aptinc992j;p88p89;2004;896863.81;992;j
RS;aptinc992j;p88p89;2005;1023420.8;992;j
RS;aptinc992j;p88p89;2006;1093617.8;992;j
RS;aptinc992j;p88p89;2007;1152400.3;992;j
RS;aptinc992j;p88p89;2008;1237100.1;992;j
RS;aptinc992j;p88p89;2009;1230861.8;992;j
RS;aptinc992j;p88p89;2010;1241520.0;992;j
RS;aptinc992j;p88p89;2011;1262329.9;992;j
RS;aptinc992j;p88p89;2012;1284733.0;992;j
RS;aptinc992j;p88p89;2013;1305249.3;992;j
RS;aptinc992j;p88p89;2014;1253622.8;992;j
RS;aptinc992j;p88p89;2015;1266438.8;992;j
RS;aptinc992j;p88p89;2016;1305090.3;992;j
RS;aptinc992j;p88p89;2017;1312821.0;992;j
RS;aptinc992j;p8p100;1990;791934.5;992;j
RS;aptinc992j;p8p100;1991;687406.88;992;j
RS;aptinc992j;p8p100;1992;470581.19;992;j
RS;aptinc992j;p8p100;1993;305053.41;992;j
RS;aptinc992j;p8p100;1994;314058.69;992;j
RS;aptinc992j;p8p100;1995;331341.41;992;j
RS;aptinc992j;p8p100;1996;333894.41;992;j
RS;aptinc992j;p8p100;1997;353846.31;992;j
RS;aptinc992j;p8p100;1998;371799.0;992;j
RS;aptinc992j;p8p100;1999;406999.19;992;j
RS;aptinc992j;p8p100;2000;447624.09;992;j
RS;aptinc992j;p8p100;2001;446828.19;992;j
RS;aptinc992j;p8p100;2002;481633.09;992;j
RS;aptinc992j;p8p100;2003;506172.19;992;j
RS;aptinc992j;p8p100;2004;570114.13;992;j
RS;aptinc992j;p8p100;2005;636229.13;992;j
RS;aptinc992j;p8p100;2006;672215.0;992;j
RS;aptinc992j;p8p100;2007;694028.81;992;j
RS;aptinc992j;p8p100;2008;739558.63;992;j
RS;aptinc992j;p8p100;2009;726926.31;992;j
RS;aptinc992j;p8p100;2010;729046.69;992;j
RS;aptinc992j;p8p100;2011;731915.13;992;j
RS;aptinc992j;p8p100;2012;731008.88;992;j
RS;aptinc992j;p8p100;2013;749016.38;992;j
RS;aptinc992j;p8p100;2014;734287.69;992;j
RS;aptinc992j;p8p100;2015;739434.38;992;j
RS;aptinc992j;p8p100;2016;762324.13;992;j
RS;aptinc992j;p8p100;2017;766850.19;992;j
RS;aptinc992j;p99.95p100;1990;28320052.0;992;j
RS;aptinc992j;p99.95p100;1991;25416168.0;992;j
RS;aptinc992j;p99.95p100;1992;17788000.0;992;j
RS;aptinc992j;p99.95p100;1993;11910282.0;992;j
RS;aptinc992j;p99.95p100;1994;12499554.0;992;j
RS;aptinc992j;p99.95p100;1995;13607755.0;992;j
RS;aptinc992j;p99.95p100;1996;14032308.0;992;j
RS;aptinc992j;p99.95p100;1997;15238802.0;992;j
RS;aptinc992j;p99.95p100;1998;15848562.0;992;j
RS;aptinc992j;p99.95p100;1999;18762764.0;992;j
RS;aptinc992j;p99.95p100;2000;22167614.0;992;j
RS;aptinc992j;p99.95p100;2001;23888114.0;992;j
RS;aptinc992j;p99.95p100;2002;25069034.0;992;j
RS;aptinc992j;p99.95p100;2003;25690876.0;992;j
RS;aptinc992j;p99.95p100;2004;29812284.0;992;j
RS;aptinc992j;p99.95p100;2005;32154056.0;992;j
RS;aptinc992j;p99.95p100;2006;34362224.0;992;j
RS;aptinc992j;p99.95p100;2007;32579746.0;992;j
RS;aptinc992j;p99.95p100;2008;35557464.0;992;j
RS;aptinc992j;p99.95p100;2009;34497796.0;992;j
RS;aptinc992j;p99.95p100;2010;33910364.0;992;j
RS;aptinc992j;p99.95p100;2011;35978276.0;992;j
RS;aptinc992j;p99.95p100;2012;28783374.0;992;j
RS;aptinc992j;p99.95p100;2013;31788222.0;992;j
RS;aptinc992j;p99.95p100;2014;47837492.0;992;j
RS;aptinc992j;p99.95p100;2015;46640344.0;992;j
RS;aptinc992j;p99.95p100;2016;48132536.0;992;j
RS;aptinc992j;p99.95p100;2017;48467208.0;992;j
RS;aptinc992j;p99.97p99.98;1990;19586746.0;992;j
RS;aptinc992j;p99.97p99.98;1991;17451824.0;992;j
RS;aptinc992j;p99.97p99.98;1992;12185613.0;992;j
RS;aptinc992j;p99.97p99.98;1993;8102924.0;992;j
RS;aptinc992j;p99.97p99.98;1994;8499240.0;992;j
RS;aptinc992j;p99.97p99.98;1995;9196419.0;992;j
RS;aptinc992j;p99.97p99.98;1996;9427831.0;992;j
RS;aptinc992j;p99.97p99.98;1997;10169514.0;992;j
RS;aptinc992j;p99.97p99.98;1998;10692472.0;992;j
RS;aptinc992j;p99.97p99.98;1999;12435253.0;992;j
RS;aptinc992j;p99.97p99.98;2000;14629529.0;992;j
RS;aptinc992j;p99.97p99.98;2001;15466462.0;992;j
RS;aptinc992j;p99.97p99.98;2002;16525330.0;992;j
RS;aptinc992j;p99.97p99.98;2003;17097600.0;992;j
RS;aptinc992j;p99.97p99.98;2004;19861374.0;992;j
RS;aptinc992j;p99.97p99.98;2005;21842918.0;992;j
RS;aptinc992j;p99.97p99.98;2006;23332638.0;992;j
RS;aptinc992j;p99.97p99.98;2007;22411980.0;992;j
RS;aptinc992j;p99.97p99.98;2008;24336926.0;992;j
RS;aptinc992j;p99.97p99.98;2009;23803486.0;992;j
RS;aptinc992j;p99.97p99.98;2010;23981998.0;992;j
RS;aptinc992j;p99.97p99.98;2011;25229118.0;992;j
RS;aptinc992j;p99.97p99.98;2012;21683392.0;992;j
RS;aptinc992j;p99.97p99.98;2013;23219428.0;992;j
RS;aptinc992j;p99.97p99.98;2014;30817934.0;992;j
RS;aptinc992j;p99.97p99.98;2015;29955420.0;992;j
RS;aptinc992j;p99.97p99.98;2016;30915170.0;992;j
RS;aptinc992j;p99.97p99.98;2017;31141610.0;992;j
RS;asavin999i;p0p100;1997;-39192.301;999;i
RS;asavin999i;p0p100;1998;-46557.398;999;i
RS;asavin999i;p0p100;1999;-52359.602;999;i
RS;asavin999i;p0p100;2000;-51640.199;999;i
RS;asavin999i;p0p100;2001;-96807.797;999;i
RS;asavin999i;p0p100;2002;-113319.2;999;i
RS;asavin999i;p0p100;2003;-98475.797;999;i
RS;asavin999i;p0p100;2004;-65849.203;999;i
RS;asavin999i;p0p100;2005;-60451.5;999;i
RS;asavin999i;p0p100;2006;-61985.199;999;i
RS;asavin999i;p0p100;2007;-81914.297;999;i
RS;asavin999i;p0p100;2008;-91630.5;999;i
RS;asavin999i;p0p100;2009;-99919.297;999;i
RS;asavin999i;p0p100;2010;-104815.9;999;i
RS;asavin999i;p0p100;2011;-84015.602;999;i
RS;bcainc992j;p95p100;1990;1.7347317;992;j
RS;bcainc992j;p95p100;1991;1.7205364;992;j
RS;bcainc992j;p95p100;1992;1.706108;992;j
RS;bcainc992j;p95p100;1993;1.7018512;992;j
RS;bcainc992j;p95p100;1994;1.6982329;992;j
RS;bcainc992j;p95p100;1995;1.6960346;992;j
RS;bcainc992j;p95p100;1996;1.6860554;992;j
RS;bcainc992j;p95p100;1997;1.6758423;992;j
RS;bcainc992j;p95p100;1998;1.6952722;992;j
RS;bcainc992j;p95p100;1999;1.7560035;992;j
RS;bcainc992j;p95p100;2000;1.8076315;992;j
RS;bcainc992j;p95p100;2001;1.8575494;992;j
RS;bcainc992j;p95p100;2002;1.8542933;992;j
RS;bcainc992j;p95p100;2003;1.8326952;992;j
RS;bcainc992j;p95p100;2004;1.8217046;992;j
RS;bcainc992j;p95p100;2005;1.8419659;992;j
RS;bcainc992j;p95p100;2006;1.8348449;992;j
RS;bcainc992j;p95p100;2007;1.7893827;992;j
RS;bcainc992j;p95p100;2008;1.766048;992;j
RS;bcainc992j;p95p100;2009;1.8203114;992;j
RS;bcainc992j;p95p100;2010;1.8100599;992;j
RS;bcainc992j;p95p100;2011;1.8060368;992;j
RS;bcainc992j;p95p100;2012;1.9514492;992;j
RS;bcainc992j;p95p100;2013;1.8556648;992;j
RS;bcainc992j;p95p100;2014;2.0895088;992;j
RS;bcainc992j;p95p100;2015;2.3738227;992;j
RS;bcainc992j;p95p100;2016;2.3738878;992;j
RS;bcainc992j;p95p100;2017;2.375051;992;j
RS;bcainc992j;p98p100;1990;1.8631121;992;j
RS;bcainc992j;p98p100;1991;1.8376834;992;j
RS;bcainc992j;p98p100;1992;1.8068466;992;j
RS;bcainc992j;p98p100;1993;1.7899009;992;j
RS;bcainc992j;p98p100;1994;1.7783084;992;j
RS;bcainc992j;p98p100;1995;1.7690122;992;j
RS;bcainc992j;p98p100;1996;1.7536213;992;j
RS;bcainc992j;p98p100;1997;1.7375376;992;j
RS;bcainc992j;p98p100;1998;1.7607026;992;j
RS;bcainc992j;p98p100;1999;1.8410565;992;j
RS;bcainc992j;p98p100;2000;1.8766767;992;j
RS;bcainc992j;p98p100;2001;1.9433916;992;j
RS;bcainc992j;p98p100;2002;1.9143215;992;j
RS;bcainc992j;p98p100;2003;1.9017689;992;j
RS;bcainc992j;p98p100;2004;1.8957145;992;j
RS;bcainc992j;p98p100;2005;1.9243022;992;j
RS;bcainc992j;p98p100;2006;1.8867996;992;j
RS;bcainc992j;p98p100;2007;1.8240939;992;j
RS;bcainc992j;p98p100;2008;1.7757251;992;j
RS;bcainc992j;p98p100;2009;1.8546472;992;j
RS;bcainc992j;p98p100;2010;1.8267932;992;j
RS;bcainc992j;p98p100;2011;1.8115629;992;j
RS;bcainc992j;p98p100;2012;2.0148549;992;j
RS;bcainc992j;p98p100;2013;1.8797547;992;j
RS;bcainc992j;p98p100;2014;2.242064;992;j
RS;bcainc992j;p98p100;2015;2.6258814;992;j
RS;bcainc992j;p98p100;2016;2.6262808;992;j
RS;bcainc992j;p98p100;2017;2.6281276;992;j
RS;bptinc992j;p58p100;1990;1.8345428;992;j
RS;bptinc992j;p58p100;1991;1.842783;992;j
RS;bptinc992j;p58p100;1992;1.8503846;992;j
RS;bptinc992j;p58p100;1993;1.8581821;992;j
RS;bptinc992j;p58p100;1994;1.8666079;992;j
RS;bptinc992j;p58p100;1995;1.8745414;992;j
RS;bptinc992j;p58p100;1996;1.8791094;992;j
RS;bptinc992j;p58p100;1997;1.8839672;992;j
RS;bptinc992j;p58p100;1998;1.8975461;992;j
RS;bptinc992j;p58p100;1999;1.9070239;992;j
RS;bptinc992j;p58p100;2000;1.941696;992;j
RS;bptinc992j;p58p100;2001;1.9642582;992;j
RS;bptinc992j;p58p100;2002;1.9933243;992;j
RS;bptinc992j;p58p100;2003;1.9967309;992;j
RS;bptinc992j;p58p100;2004;2.0503285;992;j
RS;bptinc992j;p58p100;2005;2.0910206;992;j
RS;bptinc992j;p58p100;2006;2.10425;992;j
RS;bptinc992j;p58p100;2007;2.0944552;992;j
RS;bptinc992j;p58p100;2008;2.1121728;992;j
RS;bptinc992j;p58p100;2009;2.1200848;992;j
RS;bptinc992j;p58p100;2010;2.1794815;992;j
RS;bptinc992j;p58p100;2011;2.2335939;992;j
RS;bptinc992j;p58p100;2012;2.2321589;992;j
RS;bptinc992j;p58p100;2013;2.1923189;992;j
RS;bptinc992j;p58p100;2014;2.2738259;992;j
RS;bptinc992j;p58p100;2015;2.2072005;992;j
RS;bptinc992j;p58p100;2016;2.2075994;992;j
RS;bptinc992j;p58p100;2017;2.2099829;992;j
RS;bptinc992j;p74p100;1990;1.6385767;992;j
RS;bptinc992j;p74p100;1991;1.6469922;992;j
RS;bptinc992j;p74p100;1992;1.6563222;992;j
RS;bptinc992j;p74p100;1993;1.666627;992;j
RS;bptinc992j;p74p100;1994;1.6762662;992;j
RS;bptinc992j;p74p100;1995;1.6867715;992;j
RS;bptinc992j;p74p100;1996;1.6923506;992;j
RS;bptinc992j;p74p100;1997;1.6981781;992;j
RS;bptinc992j;p74p100;1998;1.7074547;992;j
RS;bptinc992j;p74p100;1999;1.7332107;992;j
RS;bptinc992j;p74p100;2000;1.775092;992;j
RS;bptinc992j;p74p100;2001;1.7984645;992;j
RS;bptinc992j;p74p100;2002;1.8096098;992;j
RS;bptinc992j;p74p100;2003;1.8194804;992;j
RS;bptinc992j;p74p100;2004;1.8546683;992;j
RS;bptinc992j;p74p100;2005;1.8917114;992;j
RS;bptinc992j;p74p100;2006;1.8906218;992;j
RS;bptinc992j;p74p100;2007;1.856177;992;j
RS;bptinc992j;p74p100;2008;1.8627738;992;j
RS;bptinc992j;p74p100;2009;1.8747302;992;j
RS;bptinc992j;p74p100;2010;1.9300547;992;j
RS;bptinc992j;p74p100;2011;1.9700309;992;j
RS;bptinc992j;p74p100;2012;1.9305319;992;j
RS;bptinc992j;p74p100;2013;1.9103272;992;j
RS;bptinc992j;p74p100;2014;1.9897581;992;j
RS;bptinc992j;p74p100;2015;1.9876099;992;j
RS;bptinc992j;p74p100;2016;1.9884787;992;j
RS;bptinc992j;p74p100;2017;1.9896218;992;j
RS;bptinc992j;p99.98p100;1990;2.0850661;992;j
RS;bptinc992j;p99.98p100;1991;2.10796;992;j
RS;bptinc992j;p99.98p100;1992;2.1153557;992;j
RS;bptinc992j;p99.98p100;1993;2.1374042;992;j
RS;bptinc992j;p99.98p100;1994;2.139122;992;j
RS;bptinc992j;p99.98p100;1995;2.158721;992;j
RS;bptinc992j;p99.98p100;1996;2.1776404;992;j
RS;bptinc992j;p99.98p100;1997;2.1995208;992;j
RS;bptinc992j;p99.98p100;1998;2.1642187;992;j
RS;bptinc992j;p99.98p100;1999;2.2219145;992;j
RS;bptinc992j;p99.98p100;2000;2.2357666;992;j
RS;bptinc992j;p99.98p100;2001;2.2988374;992;j
RS;bptinc992j;p99.98p100;2002;2.2394981;992;j
RS;bptinc992j;p99.98p100;2003;2.2083538;992;j
RS;bptinc992j;p99.98p100;2004;2.204917;992;j
RS;bptinc992j;p99.98p100;2005;2.1420789;992;j
RS;bptinc992j;p99.98p100;2006;2.1434972;992;j
RS;bptinc992j;p99.98p100;2007;2.1020615;992;j
RS;bptinc992j;p99.98p100;2008;2.1181376;992;j
RS;bptinc992j;p99.98p100;2009;2.0924594;992;j
RS;bptinc992j;p99.98p100;2010;2.0152185;992;j
RS;bptinc992j;p99.98p100;2011;2.0416932;992;j
RS;bptinc992j;p99.98p100;2012;1.8234445;992;j
RS;bptinc992j;p99.98p100;2013;1.9160568;992;j
RS;bptinc992j;p99.98p100;2014;2.3154504;992;j
RS;bptinc992j;p99.98p100;2015;2.3256731;992;j
RS;bptinc992j;p99.98p100;2016;2.3255229;992;j
RS;bptinc992j;p99.98p100;2017;2.3242865;992;j
RS;mnsrgo999i;p0p100;1997;0.0;999;i
RS;mnsrgo999i;p0p100;1998;0.0;999;i
RS;mnsrgo999i;p0p100;1999;0.0;999;i
RS;mnsrgo999i;p0p100;2000;0.0;999;i
RS;mnsrgo999i;p0p100;2001;0.0;999;i
RS;mnsrgo999i;p0p100;2002;0.0;999;i
RS;mnsrgo999i;p0p100;2003;0.0;999;i
RS;mnsrgo999i;p0p100;2004;0.0;999;i
RS;mnsrgo999i;p0p100;2005;0.0;999;i
RS;mnsrgo999i;p0p100;2006;0.0;999;i
RS;mnsrgo999i;p0p100;2007;0.0;999;i
RS;mnsrgo999i;p0p100;2008;0.0;999;i
RS;mnsrgo999i;p0p100;2009;0.0;999;i
RS;mnsrgo999i;p0p100;2010;0.0;999;i
RS;mnsrgo999i;p0p100;2011;0.0;999;i
RS;npopul802i;p0p100;1950;72934.0;802;i
RS;npopul802i;p0p100;1951;76983.0;802;i
RS;npopul802i;p0p100;1952;79875.0;802;i
RS;npopul802i;p0p100;1953;80901.0;802;i
RS;npopul802i;p0p100;1954;79863.0;802;i
RS;npopul802i;p0p100;1955;77023.0;802;i
RS;npopul802i;p0p100;1956;80200.0;802;i
RS;npopul802i;p0p100;1957;81746.0;802;i
RS;npopul802i;p0p100;1958;81398.0;802;i
RS;npopul802i;p0p100;1959;79207.0;802;i
RS;npopul802i;p0p100;1960;75426.0;802;i
RS;npopul802i;p0p100;1961;77221.0;802;i
RS;npopul802i;p0p100;1962;77313.0;802;i
RS;npopul802i;p0p100;1963;76235.0;802;i
RS;npopul802i;p0p100;1964;74852.0;802;i
RS;npopul802i;p0p100;1965;73574.0;802;i
RS;npopul802i;p0p100;1966;77123.0;802;i
RS;npopul802i;p0p100;1967;80336.0;802;i
RS;npopul802i;p0p100;1968;82482.0;802;i
RS;npopul802i;p0p100;1969;82843.0;802;i
RS;npopul802i;p0p100;1970;81409.0;802;i
RS;npopul802i;p0p100;1971;83282.0;802;i
RS;npopul802i;p0p100;1972;83460.0;802;i
RS;npopul802i;p0p100;1973;82909.0;802;i
RS;npopul802i;p0p100;1974;83097.0;802;i
RS;npopul802i;p0p100;1975;84595.0;802;i
RS;npopul802i;p0p100;1976;91189.0;802;i
RS;npopul802i;p0p100;1977;97551.0;802;i
RS;npopul802i;p0p100;1978;103329.0;802;i
RS;npopul802i;p0p100;1979;108351.0;802;i
RS;npopul802i;p0p100;1980;112759.0;802;i
RS;npopul802i;p0p100;1981;121422.0;802;i
RS;npopul802i;p0p100;1982;128163.0;802;i
RS;npopul802i;p0p100;1983;132964.0;802;i
RS;npopul802i;p0p100;1984;136545.0;802;i
RS;npopul802i;p0p100;1985;139323.0;802;i
RS;npopul802i;p0p100;1986;147640.0;802;i
RS;npopul802i;p0p100;1987;153954.0;802;i
RS;npopul802i;p0p100;1988;157684.0;802;i
RS;npopul802i;p0p100;1989;158814.0;802;i
RS;npopul802i;p0p100;1990;157697.0;802;i
RS;npopul802i;p0p100;1991;161923.0;802;i
RS;npopul802i;p0p100;1992;164793.0;802;i
RS;npopul802i;p0p100;1993;165004.0;802;i
RS;npopul802i;p0p100;1994;161229.0;802;i
RS;npopul802i;p0p100;1995;153278.0;802;i
RS;npopul802i;p0p100;1996;149944.0;802;i
RS;npopul802i;p0p100;1997;142625.0;802;i
RS;npopul802i;p0p100;1998;134674.0;802;i
RS;npopul802i;p0p100;1999;102461.0;802;i
RS;npopul802i;p0p100;2000;103646.0;802;i
RS;npopul802i;p0p100;2001;111714.0;802;i
RS;npopul802i;p0p100;2002;120456.0;802;i
RS;npopul802i;p0p100;2003;129281.0;802;i
RS;npopul802i;p0p100;2004;138415.0;802;i
RS;npopul802i;p0p100;2005;147593.0;802;i
RS;npopul802i;p0p100;2006;162704.0;802;i
RS;npopul802i;p0p100;2007;176517.0;802;i
RS;npopul802i;p0p100;2008;188140.0;802;i
RS;npopul802i;p0p100;2009;197703.0;802;i
RS;npopul802i;p0p100;2010;205535.0;802;i
RS;npopul802i;p0p100;2011;216801.0;802;i
RS;npopul802i;p0p100;2012;226599.0;802;i
RS;npopul802i;p0p100;2013;234373.0;802;i
RS;npopul802i;p0p100;2014;240734.0;802;i
RS;npopul802i;p0p100;2015;245928.0;802;i
RS;npopul802i;p0p100;2016;251939.0;802;i
RS;npopul802i;p0p100;2017;255940.0;802;i
RS;npopul802i;p0p100;2018;256567.0;802;i
RS;npopul802i;p0p100;2019;253573.0;802;i
RS;npopul901i;p0p100;1950;4826.0;901;i
RS;npopul901i;p0p100;1951;5579.0;901;i
RS;npopul901i;p0p100;1952;6032.0;901;i
RS;npopul901i;p0p100;1953;6109.0;901;i
RS;npopul901i;p0p100;1954;5604.0;901;i
RS;npopul901i;p0p100;1955;4347.0;901;i
RS;npopul901i;p0p100;1956;4983.0;901;i
RS;npopul901i;p0p100;1957;5312.0;901;i
RS;npopul901i;p0p100;1958;5449.0;901;i
RS;npopul901i;p0p100;1959;5226.0;901;i
RS;npopul901i;p0p100;1960;4499.0;901;i
RS;npopul901i;p0p100;1961;5624.0;901;i
RS;npopul901i;p0p100;1962;6450.0;901;i
RS;npopul901i;p0p100;1963;6907.0;901;i
RS;npopul901i;p0p100;1964;6768.0;901;i
RS;npopul901i;p0p100;1965;5907.0;901;i
RS;npopul901i;p0p100;1966;6824.0;901;i
RS;npopul901i;p0p100;1967;7373.0;901;i
RS;npopul901i;p0p100;1968;7550.0;901;i
RS;npopul901i;p0p100;1969;7198.0;901;i
RS;npopul901i;p0p100;1970;6209.0;901;i
RS;npopul901i;p0p100;1971;6887.0;901;i
RS;npopul901i;p0p100;1972;7171.0;901;i
RS;npopul901i;p0p100;1973;7233.0;901;i
RS;npopul901i;p0p100;1974;6967.0;901;i
RS;npopul901i;p0p100;1975;6350.0;901;i
RS;npopul901i;p0p100;1976;7610.0;901;i
RS;npopul901i;p0p100;1977;8623.0;901;i
RS;npopul901i;p0p100;1978;9115.0;901;i
RS;npopul901i;p0p100;1979;8795.0;901;i
RS;npopul901i;p0p100;1980;7492.0;901;i
RS;npopul901i;p0p100;1981;7972.0;901;i
RS;npopul901i;p0p100;1982;8034.0;901;i
RS;npopul901i;p0p100;1983;8032.0;901;i
RS;npopul901i;p0p100;1984;7865.0;901;i
RS;npopul901i;p0p100;1985;7461.0;901;i
RS;npopul901i;p0p100;1986;9329.0;901;i
RS;npopul901i;p0p100;1987;10871.0;901;i
RS;npopul901i;p0p100;1988;11950.0;901;i
RS;npopul901i;p0p100;1989;12130.0;901;i
RS;npopul901i;p0p100;1990;11192.0;901;i
RS;npopul901i;p0p100;1991;13035.0;901;i
RS;npopul901i;p0p100;1992;14077.0;901;i
RS;npopul901i;p0p100;1993;14591.0;901;i
RS;npopul901i;p0p100;1994;14284.0;901;i
RS;npopul901i;p0p100;1995;13136.0;901;i
RS;npopul901i;p0p100;1996;15698.0;901;i
RS;npopul901i;p0p100;1997;17283.0;901;i
RS;npopul901i;p0p100;1998;17863.0;901;i
RS;npopul901i;p0p100;1999;13475.0;901;i
RS;npopul901i;p0p100;2000;11934.0;901;i
RS;npopul901i;p0p100;2001;13442.0;901;i
RS;npopul901i;p0p100;2002;14324.0;901;i
RS;npopul901i;p0p100;2003;14198.0;901;i
RS;npopul901i;p0p100;2004;12833.0;901;i
RS;npopul901i;p0p100;2005;10360.0;901;i
RS;npopul901i;p0p100;2006;10256.0;901;i
RS;npopul901i;p0p100;2007;9631.0;901;i
RS;npopul901i;p0p100;2008;9133.0;901;i
RS;npopul901i;p0p100;2009;8720.0;901;i
RS;npopul901i;p0p100;2010;8334.0;901;i
RS;npopul901i;p0p100;2011;10964.0;901;i
RS;npopul901i;p0p100;2012;13268.0;901;i
RS;npopul901i;p0p100;2013;15125.0;901;i
RS;npopul901i;p0p100;2014;15836.0;901;i
RS;npopul901i;p0p100;2015;15310.0;901;i
RS;npopul901i;p0p100;2016;19065.0;901;i
RS;npopul901i;p0p100;2017;21734.0;901;i
RS;npopul901i;p0p100;2018;23440.0;901;i
RS;npopul901i;p0p100;2019;23611.0;901;i
RS;npopul999m;p0p100;1950;3269793.0;999;m
RS;npopul999m;p0p100;1951;3334795.0;999;m
RS;npopul999m;p0p100;1952;3394231.0;999;m
RS;npopul999m;p0p100;1953;3448313.0;999;m
RS;npopul999m;p0p100;1954;3497348.0;999;m
RS;npopul999m;p0p100;1955;3541780.0;999;m
RS;npopul999m;p0p100;1956;3582154.0;999;m
RS;npopul999m;p0p100;1957;3619145.0;999;m
RS;npopul999m;p0p100;1958;3653506.0;999;m
RS;npopul999m;p0p100;1959;3686057.0;999;m
RS;npopul999m;p0p100;1960;3717535.0;999;m
RS;npopul999m;p0p100;1961;3748498.0;999;m
RS;npopul999m;p0p100;1962;3779203.0;999;m
RS;npopul999m;p0p100;1963;3809561.0;999;m
RS;npopul999m;p0p100;1964;3839258.0;999;m
RS;npopul999m;p0p100;1965;3868162.0;999;m
RS;npopul999m;p0p100;1966;3896283.0;999;m
RS;npopul999m;p0p100;1967;3924070.0;999;m
RS;npopul999m;p0p100;1968;3952313.0;999;m
RS;npopul999m;p0p100;1969;3982035.0;999;m
RS;npopul999m;p0p100;1970;4013949.0;999;m
RS;npopul999m;p0p100;1971;4048296.0;999;m
RS;npopul999m;p0p100;1972;4084835.0;999;m
RS;npopul999m;p0p100;1973;4123165.0;999;m
RS;npopul999m;p0p100;1974;4162669.0;999;m
RS;npopul999m;p0p100;1975;4202785.0;999;m
RS;npopul999m;p0p100;1976;4243391.0;999;m
RS;npopul999m;p0p100;1977;4284374.0;999;m
RS;npopul999m;p0p100;1978;4325216.0;999;m
RS;npopul999m;p0p100;1979;4365296.0;999;m
RS;npopul999m;p0p100;1980;4404121.0;999;m
RS;npopul999m;p0p100;1981;4441666.0;999;m
RS;npopul999m;p0p100;1982;4477894.0;999;m
RS;npopul999m;p0p100;1983;4512310.0;999;m
RS;npopul999m;p0p100;1984;4544356.0;999;m
RS;npopul999m;p0p100;1985;4573750.0;999;m
RS;npopul999m;p0p100;1986;4599072.0;999;m
RS;npopul999m;p0p100;1987;4620543.0;999;m
RS;npopul999m;p0p100;1988;4641475.0;999;m
RS;npopul999m;p0p100;1989;4666431.0;999;m
RS;npopul999m;p0p100;1990;4698052.0;999;m
RS;npopul999m;p0p100;1991;4738815.0;999;m
RS;npopul999m;p0p100;1992;4786064.0;999;m
RS;npopul999m;p0p100;1993;4831096.0;999;m
RS;npopul999m;p0p100;1994;4861977.0;999;m
RS;npopul999m;p0p100;1995;4870553.0;999;m
RS;npopul999m;p0p100;1996;4853431.0;999;m
RS;npopul999m;p0p100;1997;4814370.0;999;m
RS;npopul999m;p0p100;1998;4761261.0;999;m
RS;npopul999m;p0p100;1999;3703471.0;999;m
RS;npopul999m;p0p100;2000;3688620.0;999;m
RS;npopul999m;p0p100;2001;3679619.0;999;m
RS;npopul999m;p0p100;2002;3675640.0;999;m
RS;npopul999m;p0p100;2003;3664264.0;999;m
RS;npopul999m;p0p100;2004;3654444.0;999;m
RS;npopul999m;p0p100;2005;3642817.0;999;m
RS;npopul999m;p0p100;2006;3628551.0;999;m
RS;npopul999m;p0p100;2007;3614541.0;999;m
RS;npopul999m;p0p100;2008;3600242.0;999;m
RS;npopul999m;p0p100;2009;3586930.0;999;m
RS;npopul999m;p0p100;2010;3573416.0;999;m
RS;npopul999m;p0p100;2011;3547060.0;999;m
RS;npopul999m;p0p100;2012;3530190.0;999;m
RS;npopul999m;p0p100;2013;3513104.0;999;m
RS;npopul999m;p0p100;2014;3495954.0;999;m
RS;npopul999m;p0p100;2015;3477898.0;999;m
RS;npopul999m;p0p100;2016;3459406.0;999;m
RS;npopul999m;p0p100;2017;3450106.0;999;m
RS;npopul999m;p0p100;2018;3439052.0;999;m
RS;npopul999m;p0p100;2019;3426551.0;999;m
RS;scainc992j;p18p100;1990;0.96429998;992;j
RS;scainc992j;p18p100;1991;0.96390003;992;j
RS;scainc992j;p18p100;1992;0.96350002;992;j
RS;scainc992j;p18p100;1993;0.96310002;992;j
RS;scainc992j;p18p100;1994;0.96270001;992;j
RS;scainc992j;p18p100;1995;0.96219999;992;j
RS;scainc992j;p18p100;1996;0.96179998;992;j
RS;scainc992j;p18p100;1997;0.96130002;992;j
RS;scainc992j;p18p100;1998;0.95779997;992;j
RS;scainc992j;p18p100;1999;0.95719999;992;j
RS;scainc992j;p18p100;2000;0.95899999;992;j
RS;scainc992j;p18p100;2001;0.9598;992;j
RS;scainc992j;p18p100;2002;0.9666;992;j
RS;scainc992j;p18p100;2003;0.9673;992;j
RS;scainc992j;p18p100;2004;0.97219998;992;j
RS;scainc992j;p18p100;2005;0.97399998;992;j
RS;scainc992j;p18p100;2006;0.97729999;992;j
RS;scainc992j;p18p100;2007;0.98000002;992;j
RS;scainc992j;p18p100;2008;0.98079997;992;j
RS;scainc992j;p18p100;2009;0.98070002;992;j
RS;scainc992j;p18p100;2010;0.98329997;992;j
RS;scainc992j;p18p100;2011;0.98589998;992;j
RS;scainc992j;p18p100;2012;0.98769999;992;j
RS;scainc992j;p18p100;2013;0.98329997;992;j
RS;scainc992j;p18p100;2014;0.9702;992;j
RS;scainc992j;p18p100;2015;0.9788;992;j
RS;scainc992j;p18p100;2016;0.9788;992;j
RS;scainc992j;p18p100;2017;0.9788;992;j
RS;scainc992j;p21p100;1990;0.95340002;992;j
RS;scainc992j;p21p100;1991;0.95289999;992;j
RS;scainc992j;p21p100;1992;0.95230001;992;j
RS;scainc992j;p21p100;1993;0.95160002;992;j
RS;scainc992j;p21p100;1994;0.95099998;992;j
RS;scainc992j;p21p100;1995;0.95039999;992;j
RS;scainc992j;p21p100;1996;0.9497;992;j
RS;scainc992j;p21p100;1997;0.949;992;j
RS;scainc992j;p21p100;1998;0.94480002;992;j
RS;scainc992j;p21p100;1999;0.9443;992;j
RS;scainc992j;p21p100;2000;0.94620001;992;j
RS;scainc992j;p21p100;2001;0.94709998;992;j
RS;scainc992j;p21p100;2002;0.95490003;992;j
RS;scainc992j;p21p100;2003;0.9558;992;j
RS;scainc992j;p21p100;2004;0.9619;992;j
RS;scainc992j;p21p100;2005;0.9637;992;j
RS;scainc992j;p21p100;2006;0.96799999;992;j
RS;scainc992j;p21p100;2007;0.97070003;992;j
RS;scainc992j;p21p100;2008;0.97210002;992;j
RS;scainc992j;p21p100;2009;0.97259998;992;j
RS;scainc992j;p21p100;2010;0.9763;992;j
RS;scainc992j;p21p100;2011;0.97970003;992;j
RS;scainc992j;p21p100;2012;0.98140001;992;j
RS;scainc992j;p21p100;2013;0.97820002;992;j
RS;scainc992j;p21p100;2014;0.96319997;992;j
RS;scainc992j;p21p100;2015;0.97310001;992;j
RS;scainc992j;p21p100;2016;0.97310001;992;j
RS;scainc992j;p21p100;2017;0.97310001;992;j
RS;scainc992j;p36p37;1990;0.0065000001;992;j
RS;scainc992j;p36p37;1991;0.0065000001;992;j
RS;scainc992j;p36p37;1992;0.0065000001;992;j
RS;scainc992j;p36p37;1993;0.0066;992;j
RS;scainc992j;p36p37;1994;0.0066;992;j
RS;scainc992j;p36p37;1995;0.0066;992;j
RS;scainc992j;p36p37;1996;0.0066;992;j
RS;scainc992j;p36p37;1997;0.0066999998;992;j
RS;scainc992j;p36p37;1998;0.0065000001;992;j
RS;scainc992j;p36p37;1999;0.0065000001;992;j
RS;scainc992j;p36p37;2000;0.0063999998;992;j
RS;scainc992j;p36p37;2001;0.0063999998;992;j
RS;scainc992j;p36p37;2002;0.0063;992;j
RS;scainc992j;p36p37;2003;0.0062000002;992;j
RS;scainc992j;p36p37;2004;0.0060999999;992;j
RS;scainc992j;p36p37;2005;0.0060000001;992;j
RS;scainc992j;p36p37;2006;0.0059000002;992;j
RS;scainc992j;p36p37;2007;0.0057999999;992;j
RS;scainc992j;p36p37;2008;0.0057000001;992;j
RS;scainc992j;p36p37;2009;0.0055999998;992;j
RS;scainc992j;p36p37;2010;0.0055;992;j
RS;scainc992j;p36p37;2011;0.0052999998;992;j
RS;scainc992j;p36p37;2012;0.0052;992;j
RS;scainc992j;p36p37;2013;0.0049999999;992;j
RS;scainc992j;p36p37;2014;0.0051000002;992;j
RS;scainc992j;p36p37;2015;0.0049999999;992;j
RS;scainc992j;p36p37;2016;0.0049999999;992;j
RS;scainc992j;p36p37;2017;0.0049999999;992;j
RS;scainc992j;p99.996p100;1990;0.0057000001;992;j
RS;scainc992j;p99.996p100;1991;0.0052;992;j
RS;scainc992j;p99.996p100;1992;0.0046999999;992;j
RS;scainc992j;p99.996p100;1993;0.0044;992;j
RS;scainc992j;p99.996p100;1994;0.0041999999;992;j
RS;scainc992j;p99.996p100;1995;0.0040000002;992;j
RS;scainc992j;p99.996p100;1996;0.0038000001;992;j
RS;scainc992j;p99.996p100;1997;0.0035999999;992;j
RS;scainc992j;p99.996p100;1998;0.0038999999;992;j
RS;scainc992j;p99.996p100;1999;0.0049000001;992;j
RS;scainc992j;p99.996p100;2000;0.0052;992;j
RS;scainc992j;p99.996p100;2001;0.0062000002;992;j
RS;scainc992j;p99.996p100;2002;0.0057000001;992;j
RS;scainc992j;p99.996p100;2003;0.0057000001;992;j
RS;scainc992j;p99.996p100;2004;0.0057999999;992;j
RS;scainc992j;p99.996p100;2005;0.0063999998;992;j
RS;scainc992j;p99.996p100;2006;0.0057000001;992;j
RS;scainc992j;p99.996p100;2007;0.0048000002;992;j
RS;scainc992j;p99.996p100;2008;0.0041;992;j
RS;scainc992j;p99.996p100;2009;0.0052999998;992;j
RS;scainc992j;p99.996p100;2010;0.0049000001;992;j
RS;scainc992j;p99.996p100;2011;0.0048000002;992;j
RS;scainc992j;p99.996p100;2012;0.0081000002;992;j
RS;scainc992j;p99.996p100;2013;0.0057999999;992;j
RS;scainc992j;p99.996p100;2014;0.013;992;j
RS;scainc992j;p99.996p100;2015;0.023700001;992;j
RS;scainc992j;p99.996p100;2016;0.023700001;992;j
RS;scainc992j;p99.996p100;2017;0.023700001;992;j
RS;scainc992j;p99.9p99.91;1990;0.0012000001;992;j
RS;scainc992j;p99.9p99.91;1991;0.0012000001;992;j
RS;scainc992j;p99.9p99.91;1992;0.0012000001;992;j
RS;scainc992j;p99.9p99.91;1993;0.0012000001;992;j
RS;scainc992j;p99.9p99.91;1994;0.0012000001;992;j
RS;scainc992j;p99.9p99.91;1995;0.0012000001;992;j
RS;scainc992j;p99.9p99.91;1996;0.0011;992;j
RS;scainc992j;p99.9p99.91;1997;0.0011;992;j
RS;scainc992j;p99.9p99.91;1998;0.0012000001;992;j
RS;scainc992j;p99.9p99.91;1999;0.0013;992;j
RS;scainc992j;p99.9p99.91;2000;0.0013;992;j
RS;scainc992j;p99.9p99.91;2001;0.0014;992;j
RS;scainc992j;p99.9p99.91;2002;0.0014;992;j
RS;scainc992j;p99.9p99.91;2003;0.0014;992;j
RS;scainc992j;p99.9p99.91;2004;0.0014;992;j
RS;scainc992j;p99.9p99.91;2005;0.0015;992;j
RS;scainc992j;p99.9p99.91;2006;0.0015;992;j
RS;scainc992j;p99.9p99.91;2007;0.0014;992;j
RS;scainc992j;p99.9p99.91;2008;0.0014;992;j
RS;scainc992j;p99.9p99.91;2009;0.0015;992;j
RS;scainc992j;p99.9p99.91;2010;0.0015;992;j
RS;scainc992j;p99.9p99.91;2011;0.0016;992;j
RS;scainc992j;p99.9p99.91;2012;0.0018;992;j
RS;scainc992j;p99.9p99.91;2013;0.0016;992;j
RS;scainc992j;p99.9p99.91;2014;0.0020000001;992;j
RS;scainc992j;p99.9p99.91;2015;0.0024000001;992;j
RS;scainc992j;p99.9p99.91;2016;0.0024000001;992;j
RS;scainc992j;p99.9p99.91;2017;0.0024000001;992;j
RS;sdiinc992j;p15p16;1990;0.0033;992;j
RS;sdiinc992j;p15p16;1991;0.0034;992;j
RS;sdiinc992j;p15p16;1992;0.0035000001;992;j
RS;sdiinc992j;p15p16;1993;0.0035000001;992;j
RS;sdiinc992j;p15p16;1994;0.0035999999;992;j
RS;sdiinc992j;p15p16;1995;0.0035999999;992;j
RS;sdiinc992j;p15p16;1996;0.0037;992;j
RS;sdiinc992j;p15p16;1997;0.0038000001;992;j
RS;sdiinc992j;p15p16;1998;0.0038999999;992;j
RS;sdiinc992j;p15p16;1999;0.0038999999;992;j
RS;sdiinc992j;p15p16;2000;0.0038999999;992;j
RS;sdiinc992j;p15p16;2001;0.0038000001;992;j
RS;sdiinc992j;p15p16;2002;0.0035000001;992;j
RS;sdiinc992j;p15p16;2003;0.0034;992;j
RS;sdiinc992j;p15p16;2004;0.0031000001;992;j
RS;sdiinc992j;p15p16;2005;0.003;992;j
RS;sdiinc992j;p15p16;2006;0.0027000001;992;j
RS;sdiinc992j;p15p16;2007;0.0027000001;992;j
RS;sdiinc992j;p15p16;2008;0.0026;992;j
RS;sdiinc992j;p15p16;2009;0.0024000001;992;j
RS;sdiinc992j;p15p16;2010;0.0022;992;j
RS;sdiinc992j;p15p16;2011;0.0020000001;992;j
RS;sdiinc992j;p15p16;2012;0.0019;992;j
RS;sdiinc992j;p15p16;2013;0.0019;992;j
RS;sdiinc992j;p15p16;2014;0.0024999999;992;j
RS;sdiinc992j;p15p16;2015;0.0020999999;992;j
RS;sdiinc992j;p15p16;2016;0.0020000001;992;j
RS;sdiinc992j;p15p16;2017;0.0020000001;992;j
RS;sdiinc992j;p35p100;1990;0.86580002;992;j
RS;sdiinc992j;p35p100;1991;0.86470002;992;j
RS;sdiinc992j;p35p100;1992;0.86339998;992;j
RS;sdiinc992j;p35p100;1993;0.86210001;992;j
RS;sdiinc992j;p35p100;1994;0.86080003;992;j
RS;sdiinc992j;p35p100;1995;0.85949999;992;j
RS;sdiinc992j;p35p100;1996;0.85799998;992;j
RS;sdiinc992j;p35p100;1997;0.85619998;992;j
RS;sdiinc992j;p35p100;1998;0.8545;992;j
RS;sdiinc992j;p35p100;1999;0.85680002;992;j
RS;sdiinc992j;p35p100;2000;0.85699999;992;j
RS;sdiinc992j;p35p100;2001;0.8574;992;j
RS;sdiinc992j;p35p100;2002;0.86449999;992;j
RS;sdiinc992j;p35p100;2003;0.86669999;992;j
RS;sdiinc992j;p35p100;2004;0.875;992;j
RS;sdiinc992j;p35p100;2005;0.87830001;992;j
RS;sdiinc992j;p35p100;2006;0.88480002;992;j
RS;sdiinc992j;p35p100;2007;0.88620001;992;j
RS;sdiinc992j;p35p100;2008;0.88889998;992;j
RS;sdiinc992j;p35p100;2009;0.89240003;992;j
RS;sdiinc992j;p35p100;2010;0.89899999;992;j
RS;sdiinc992j;p35p100;2011;0.90670002;992;j
RS;sdiinc992j;p35p100;2012;0.90710002;992;j
RS;sdiinc992j;p35p100;2013;0.90939999;992;j
RS;sdiinc992j;p35p100;2014;0.89109999;992;j
RS;sdiinc992j;p35p100;2015;0.90380001;992;j
RS;sdiinc992j;p35p100;2016;0.90700001;992;j
RS;sdiinc992j;p35p100;2017;0.90740001;992;j
RS;sdiinc992j;p99.97p100;1990;0.0134;992;j
RS;sdiinc992j;p99.97p100;1991;0.0127;992;j
RS;sdiinc992j;p99.97p100;1992;0.0118;992;j
RS;sdiinc992j;p99.97p100;1993;0.0113;992;j
RS;sdiinc992j;p99.97p100;1994;0.011;992;j
RS;sdiinc992j;p99.97p100;1995;0.0107;992;j
RS;sdiinc992j;p99.97p100;1996;0.0103;992;j
RS;sdiinc992j;p99.97p100;1997;0.0098999999;992;j
RS;sdiinc992j;p99.97p100;1998;0.0106;992;j
RS;sdiinc992j;p99.97p100;1999;0.0127;992;j
RS;sdiinc992j;p99.97p100;2000;0.0135;992;j
RS;sdiinc992j;p99.97p100;2001;0.0153;992;j
RS;sdiinc992j;p99.97p100;2002;0.0145;992;j
RS;sdiinc992j;p99.97p100;2003;0.0144;992;j
RS;sdiinc992j;p99.97p100;2004;0.0146;992;j
RS;sdiinc992j;p99.97p100;2005;0.015699999;992;j
RS;sdiinc992j;p99.97p100;2006;0.0148;992;j
RS;sdiinc992j;p99.97p100;2007;0.013;992;j
RS;sdiinc992j;p99.97p100;2008;0.0117;992;j
RS;sdiinc992j;p99.97p100;2009;0.014;992;j
RS;sdiinc992j;p99.97p100;2010;0.0135;992;j
RS;sdiinc992j;p99.97p100;2011;0.0134;992;j
RS;sdiinc992j;p99.97p100;2012;0.0195;992;j
RS;sdiinc992j;p99.97p100;2013;0.0152;992;j
RS;sdiinc992j;p99.97p100;2014;0.026900001;992;j
RS;sdiinc992j;p99.97p100;2015;0.042399999;992;j
RS;sdiinc992j;p99.97p100;2016;0.043000001;992;j
RS;sdiinc992j;p99.97p100;2017;0.043099999;992;j
RS;sptinc992j;p68p69;1990;0.0115;992;j
RS;sptinc992j;p68p69;1991;0.0114;992;j
RS;sptinc992j;p68p69;1992;0.0114;992;j
RS;sptinc992j;p68p69;1993;0.0113;992;j
RS;sptinc992j;p68p69;1994;0.0113;992;j
RS;sptinc992j;p68p69;1995;0.0112;992;j
RS;sptinc992j;p68p69;1996;0.0112;992;j
RS;sptinc992j;p68p69;1997;0.0112;992;j
RS;sptinc992j;p68p69;1998;0.0111;992;j
RS;sptinc992j;p68p69;1999;0.011;992;j
RS;sptinc992j;p68p69;2000;0.0108;992;j
RS;sptinc992j;p68p69;2001;0.0107;992;j
RS;sptinc992j;p68p69;2002;0.0108;992;j
RS;sptinc992j;p68p69;2003;0.0108;992;j
RS;sptinc992j;p68p69;2004;0.0107;992;j
RS;sptinc992j;p68p69;2005;0.0106;992;j
RS;sptinc992j;p68p69;2006;0.0107;992;j
RS;sptinc992j;p68p69;2007;0.0109;992;j
RS;sptinc992j;p68p69;2008;0.011;992;j
RS;sptinc992j;p68p69;2009;0.011;992;j
RS;sptinc992j;p68p69;2010;0.0108;992;j
RS;sptinc992j;p68p69;2011;0.0108;992;j
RS;sptinc992j;p68p69;2012;0.0109;992;j
RS;sptinc992j;p68p69;2013;0.0111;992;j
RS;sptinc992j;p68p69;2014;0.0108;992;j
RS;sptinc992j;p68p69;2015;0.0108;992;j
RS;sptinc992j;p68p69;2016;0.0108;992;j
RS;sptinc992j;p68p69;2017;0.0108;992;j
RS;sptinc992j;p86p100;1990;0.3682;992;j
RS;sptinc992j;p86p100;1991;0.37029999;992;j
RS;sptinc992j;p86p100;1992;0.37220001;992;j
RS;sptinc992j;p86p100;1993;0.37419999;992;j
RS;sptinc992j;p86p100;1994;0.37619999;992;j
RS;sptinc992j;p86p100;1995;0.37830001;992;j
RS;sptinc992j;p86p100;1996;0.3795;992;j
RS;sptinc992j;p86p100;1997;0.38080001;992;j
RS;sptinc992j;p86p100;1998;0.38280001;992;j
RS;sptinc992j;p86p100;1999;0.38609999;992;j
RS;sptinc992j;p86p100;2000;0.39449999;992;j
RS;sptinc992j;p86p100;2001;0.39820001;992;j
RS;sptinc992j;p86p100;2002;0.4039;992;j
RS;sptinc992j;p86p100;2003;0.40790001;992;j
RS;sptinc992j;p86p100;2004;0.41749999;992;j
RS;sptinc992j;p86p100;2005;0.4253;992;j
RS;sptinc992j;p86p100;2006;0.43009999;992;j
RS;sptinc992j;p86p100;2007;0.42559999;992;j
RS;sptinc992j;p86p100;2008;0.4296;992;j
RS;sptinc992j;p86p100;2009;0.43439999;992;j
RS;sptinc992j;p86p100;2010;0.44510001;992;j
RS;sptinc992j;p86p100;2011;0.4553;992;j
RS;sptinc992j;p86p100;2012;0.4522;992;j
RS;sptinc992j;p86p100;2013;0.44850001;992;j
RS;sptinc992j;p86p100;2014;0.46430001;992;j
RS;sptinc992j;p86p100;2015;0.45809999;992;j
RS;sptinc992j;p86p100;2016;0.45820001;992;j
RS;sptinc992j;p86p100;2017;0.45860001;992;j
RS;sptinc992j;p99.991p99.992;1990;0.0005;992;j
RS;sptinc992j;p99.991p99.992;1991;0.0005;992;j
RS;sptinc992j;p99.991p99.992;1992;0.0005;992;j
RS;sptinc992j;p99.991p99.992;1993;0.0005;992;j
RS;sptinc992j;p99.991p99.992;1994;0.0005;992;j
RS;sptinc992j;p99.991p99.992;1995;0.0005;992;j
RS;sptinc992j;p99.991p99.992;1996;0.0005;992;j
RS;sptinc992j;p99.991p99.992;1997;0.0006;992;j
RS;sptinc992j;p99.991p99.992;1998;0.0005;992;j
RS;sptinc992j;p99.991p99.992;1999;0.0006;992;j
RS;sptinc992j;p99.991p99.992;2000;0.0006;992;j
RS;sptinc992j;p99.991p99.992;2001;0.0007;992;j
RS;sptinc992j;p99.991p99.992;2002;0.0007;992;j
RS;sptinc992j;p99.991p99.992;2003;0.0007;992;j
RS;sptinc992j;p99.991p99.992;2004;0.0007;992;j
RS;sptinc992j;p99.991p99.992;2005;0.0007;992;j
RS;sptinc992j;p99.991p99.992;2006;0.0007;992;j
RS;sptinc992j;p99.991p99.992;2007;0.0006;992;j
RS;sptinc992j;p99.991p99.992;2008;0.0006;992;j
RS;sptinc992j;p99.991p99.992;2009;0.0006;992;j
RS;sptinc992j;p99.991p99.992;2010;0.0006;992;j
RS;sptinc992j;p99.991p99.992;2011;0.0006;992;j
RS;sptinc992j;p99.991p99.992;2012;0.0005;992;j
RS;sptinc992j;p99.991p99.992;2013;0.0006;992;j
RS;sptinc992j;p99.991p99.992;2014;0.0008;992;j
RS;sptinc992j;p99.991p99.992;2015;0.0008;992;j
RS;sptinc992j;p99.991p99.992;2016;0.0008;992;j
RS;sptinc992j;p99.991p99.992;2017;0.0008;992;j
RS;sptinc992j;p99p100;1990;0.085000001;992;j
RS;sptinc992j;p99p100;1991;0.086499996;992;j
RS;sptinc992j;p99p100;1992;0.087899998;992;j
RS;sptinc992j;p99p100;1993;0.089400001;992;j
RS;sptinc992j;p99p100;1994;0.090800002;992;j
RS;sptinc992j;p99p100;1995;0.092500001;992;j
RS;sptinc992j;p99p100;1996;0.093500003;992;j
RS;sptinc992j;p99p100;1997;0.094599999;992;j
RS;sptinc992j;p99p100;1998;0.095200002;992;j
RS;sptinc992j;p99p100;1999;0.099200003;992;j
RS;sptinc992j;p99p100;2000;0.105;992;j
RS;sptinc992j;p99p100;2001;0.1092;992;j
RS;sptinc992j;p99p100;2002;0.1098;992;j
RS;sptinc992j;p99p100;2003;0.1092;992;j
RS;sptinc992j;p99p100;2004;0.1126;992;j
RS;sptinc992j;p99p100;2005;0.1128;992;j
RS;sptinc992j;p99p100;2006;0.1141;992;j
RS;sptinc992j;p99p100;2007;0.1083;992;j
RS;sptinc992j;p99p100;2008;0.1099;992;j
RS;sptinc992j;p99p100;2009;0.1103;992;j
RS;sptinc992j;p99p100;2010;0.113;992;j
RS;sptinc992j;p99p100;2011;0.1173;992;j
RS;sptinc992j;p99p100;2012;0.1095;992;j
RS;sptinc992j;p99p100;2013;0.1105;992;j
RS;sptinc992j;p99p100;2014;0.132;992;j
RS;sptinc992j;p99p100;2015;0.1278;992;j
RS;sptinc992j;p99p100;2016;0.1279;992;j
RS;sptinc992j;p99p100;2017;0.12800001;992;j
RS;tcainc992j;p41p100;1990;366479.5;992;j
RS;tcainc992j;p41p100;1991;318988.69;992;j
RS;tcainc992j;p41p100;1992;219121.0;992;j
RS;tcainc992j;p41p100;1993;142298.0;992;j
RS;tcainc992j;p41p100;1994;146724.8;992;j
RS;tcainc992j;p41p100;1995;154999.2;992;j
RS;tcainc992j;p41p100;1996;156841.3;992;j
RS;tcainc992j;p41p100;1997;165961.0;992;j
RS;tcainc992j;p41p100;1998;178143.41;992;j
RS;tcainc992j;p41p100;1999;202550.91;992;j
RS;tcainc992j;p41p100;2000;218100.59;992;j
RS;tcainc992j;p41p100;2001;211630.8;992;j
RS;tcainc992j;p41p100;2002;219331.3;992;j
RS;tcainc992j;p41p100;2003;229371.59;992;j
RS;tcainc992j;p41p100;2004;269924.81;992;j
RS;tcainc992j;p41p100;2005;300898.09;992;j
RS;tcainc992j;p41p100;2006;311330.41;992;j
RS;tcainc992j;p41p100;2007;308952.59;992;j
RS;tcainc992j;p41p100;2008;328616.59;992;j
RS;tcainc992j;p41p100;2009;320411.31;992;j
RS;tcainc992j;p41p100;2010;312892.09;992;j
RS;tcainc992j;p41p100;2011;310624.81;992;j
RS;tcainc992j;p41p100;2012;301874.0;992;j
RS;tcainc992j;p41p100;2013;305420.91;992;j
RS;tcainc992j;p41p100;2014;301961.81;992;j
RS;tcainc992j;p41p100;2015;298287.19;992;j
RS;tcainc992j;p41p100;2016;309385.0;992;j
RS;tcainc992j;p41p100;2017;309531.5;992;j
RS;tcainc992j;p45p46;1990;392643.19;992;j
RS;tcainc992j;p45p46;1991;343799.5;992;j
RS;tcainc992j;p45p46;1992;236835.41;992;j
RS;tcainc992j;p45p46;1993;154104.3;992;j
RS;tcainc992j;p45p46;1994;159087.59;992;j
RS;tcainc992j;p45p46;1995;168262.7;992;j
RS;tcainc992j;p45p46;1996;170502.7;992;j
RS;tcainc992j;p45p46;1997;180681.59;992;j
RS;tcainc992j;p45p46;1998;191349.59;992;j
RS;tcainc992j;p45p46;1999;216653.59;992;j
RS;tcainc992j;p45p46;2000;233187.7;992;j
RS;tcainc992j;p45p46;2001;226974.09;992;j
RS;tcainc992j;p45p46;2002;235634.41;992;j
RS;tcainc992j;p45p46;2003;246535.0;992;j
RS;tcainc992j;p45p46;2004;290868.0;992;j
RS;tcainc992j;p45p46;2005;326047.5;992;j
RS;tcainc992j;p45p46;2006;340695.0;992;j
RS;tcainc992j;p45p46;2007;340345.69;992;j
RS;tcainc992j;p45p46;2008;359954.69;992;j
RS;tcainc992j;p45p46;2009;352872.31;992;j
RS;tcainc992j;p45p46;2010;344862.09;992;j
RS;tcainc992j;p45p46;2011;341625.91;992;j
RS;tcainc992j;p45p46;2012;334995.91;992;j
RS;tcainc992j;p45p46;2013;343917.69;992;j
RS;tcainc992j;p45p46;2014;331411.41;992;j
RS;tcainc992j;p45p46;2015;327519.31;992;j
RS;tcainc992j;p45p46;2016;339736.31;992;j
RS;tcainc992j;p45p46;2017;339847.81;992;j
RS;tcainc992j;p71p72;1990;617195.88;992;j
RS;tcainc992j;p71p72;1991;537776.13;992;j
RS;tcainc992j;p71p72;1992;367585.31;992;j
RS;tcainc992j;p71p72;1993;238287.41;992;j
RS;tcainc992j;p71p72;1994;245105.2;992;j
RS;tcainc992j;p71p72;1995;258405.5;992;j
RS;tcainc992j;p71p72;1996;260576.5;992;j
RS;tcainc992j;p71p72;1997;274916.0;992;j
RS;tcainc992j;p71p72;1998;299444.81;992;j
RS;tcainc992j;p71p72;1999;337506.59;992;j
RS;tcainc992j;p71p72;2000;361657.91;992;j
RS;tcainc992j;p71p72;2001;348335.59;992;j
RS;tcainc992j;p71p72;2002;366062.31;992;j
RS;tcainc992j;p71p72;2003;387307.5;992;j
RS;tcainc992j;p71p72;2004;466480.69;992;j
RS;tcainc992j;p71p72;2005;528115.63;992;j
RS;tcainc992j;p71p72;2006;557138.0;992;j
RS;tcainc992j;p71p72;2007;561632.88;992;j
RS;tcainc992j;p71p72;2008;604891.31;992;j
RS;tcainc992j;p71p72;2009;594231.38;992;j
RS;tcainc992j;p71p72;2010;596762.81;992;j
RS;tcainc992j;p71p72;2011;598678.88;992;j
RS;tcainc992j;p71p72;2012;596425.31;992;j
RS;tcainc992j;p71p72;2013;626689.63;992;j
RS;tcainc992j;p71p72;2014;588420.31;992;j
RS;tcainc992j;p71p72;2015;570881.38;992;j
RS;tcainc992j;p71p72;2016;592065.31;992;j
RS;tcainc992j;p71p72;2017;592521.31;992;j
RS;tcainc992j;p74p100;1990;657963.38;992;j
RS;tcainc992j;p74p100;1991;571560.31;992;j
RS;tcainc992j;p74p100;1992;391124.5;992;j
RS;tcainc992j;p74p100;1993;253273.09;992;j
RS;tcainc992j;p74p100;1994;260127.2;992;j
RS;tcainc992j;p74p100;1995;273822.5;992;j
RS;tcainc992j;p74p100;1996;275930.19;992;j
RS;tcainc992j;p74p100;1997;291140.81;992;j
RS;tcainc992j;p74p100;1998;316262.69;992;j
RS;tcainc992j;p74p100;1999;355600.0;992;j
RS;tcainc992j;p74p100;2000;381892.0;992;j
RS;tcainc992j;p74p100;2001;369244.59;992;j
RS;tcainc992j;p74p100;2002;390073.69;992;j
RS;tcainc992j;p74p100;2003;411894.09;992;j
RS;tcainc992j;p74p100;2004;497075.31;992;j
RS;tcainc992j;p74p100;2005;562110.13;992;j
RS;tcainc992j;p74p100;2006;594165.13;992;j
RS;tcainc992j;p74p100;2007;600249.13;992;j
RS;tcainc992j;p74p100;2008;644258.31;992;j
RS;tcainc992j;p74p100;2009;634303.0;992;j
RS;tcainc992j;p74p100;2010;637755.5;992;j
RS;tcainc992j;p74p100;2011;643049.31;992;j
RS;tcainc992j;p74p100;2012;641334.13;992;j
RS;tcainc992j;p74p100;2013;676950.0;992;j
RS;tcainc992j;p74p100;2014;627755.38;992;j
RS;tcainc992j;p74p100;2015;609907.63;992;j
RS;tcainc992j;p74p100;2016;632896.13;992;j
RS;tcainc992j;p74p100;2017;633343.63;992;j
RS;tcainc992j;p81p82;1990;751428.63;992;j
RS;tcainc992j;p81p82;1991;650724.63;992;j
RS;tcainc992j;p81p82;1992;444143.69;992;j
RS;tcainc992j;p81p82;1993;286688.59;992;j
RS;tcainc992j;p81p82;1994;293639.19;992;j
RS;tcainc992j;p81p82;1995;309189.0;992;j
RS;tcainc992j;p81p82;1996;310565.69;992;j
RS;tcainc992j;p81p82;1997;326370.81;992;j
RS;tcainc992j;p81p82;1998;351786.0;992;j
RS;tcainc992j;p81p82;1999;397725.31;992;j
RS;tcainc992j;p81p82;2000;427644.59;992;j
RS;tcainc992j;p81p82;2001;413213.31;992;j
RS;tcainc992j;p81p82;2002;439229.09;992;j
RS;tcainc992j;p81p82;2003;463566.09;992;j
RS;tcainc992j;p81p82;2004;563052.88;992;j
RS;tcainc992j;p81p82;2005;642566.69;992;j
RS;tcainc992j;p81p82;2006;681437.13;992;j
RS;tcainc992j;p81p82;2007;689443.5;992;j
RS;tcainc992j;p81p82;2008;747850.5;992;j
RS;tcainc992j;p81p82;2009;736221.31;992;j
RS;tcainc992j;p81p82;2010;748669.31;992;j
RS;tcainc992j;p81p82;2011;760202.88;992;j
RS;tcainc992j;p81p82;2012;757455.63;992;j
RS;tcainc992j;p81p82;2013;800314.31;992;j
RS;tcainc992j;p81p82;2014;725891.13;992;j
RS;tcainc992j;p81p82;2015;714919.38;992;j
RS;tcainc992j;p81p82;2016;741376.38;992;j
RS;tcainc992j;p81p82;2017;741825.19;992;j
RS;tdiinc992j;p24p100;1990;354482.41;992;j
RS;tdiinc992j;p24p100;1991;311885.0;992;j
RS;tdiinc992j;p24p100;1992;216155.09;992;j
RS;tdiinc992j;p24p100;1993;141955.7;992;j
RS;tdiinc992j;p24p100;1994;148094.91;992;j
RS;tdiinc992j;p24p100;1995;158263.59;992;j
RS;tdiinc992j;p24p100;1996;161730.8;992;j
RS;tdiinc992j;p24p100;1997;174109.09;992;j
RS;tdiinc992j;p24p100;1998;185451.41;992;j
RS;tdiinc992j;p24p100;1999;200459.59;992;j
RS;tdiinc992j;p24p100;2000;222954.8;992;j
RS;tdiinc992j;p24p100;2001;223147.2;992;j
RS;tdiinc992j;p24p100;2002;232804.5;992;j
RS;tdiinc992j;p24p100;2003;237998.3;992;j
RS;tdiinc992j;p24p100;2004;254604.8;992;j
RS;tdiinc992j;p24p100;2005;278386.5;992;j
RS;tdiinc992j;p24p100;2006;279563.41;992;j
RS;tdiinc992j;p24p100;2007;286266.31;992;j
RS;tdiinc992j;p24p100;2008;296761.41;992;j
RS;tdiinc992j;p24p100;2009;274080.91;992;j
RS;tdiinc992j;p24p100;2010;255053.41;992;j
RS;tdiinc992j;p24p100;2011;235220.3;992;j
RS;tdiinc992j;p24p100;2012;243263.2;992;j
RS;tdiinc992j;p24p100;2013;213820.0;992;j
RS;tdiinc992j;p24p100;2014;242739.91;992;j
RS;tdiinc992j;p24p100;2015;217496.59;992;j
RS;tdiinc992j;p24p100;2016;218136.0;992;j
RS;tdiinc992j;p24p100;2017;218852.41;992;j
RS;tdiinc992j;p25p26;1990;365465.5;992;j
RS;tdiinc992j;p25p26;1991;321096.91;992;j
RS;tdiinc992j;p25p26;1992;222629.7;992;j
RS;tdiinc992j;p25p26;1993;146192.7;992;j
RS;tdiinc992j;p25p26;1994;152447.2;992;j
RS;tdiinc992j;p25p26;1995;162715.7;992;j
RS;tdiinc992j;p25p26;1996;166291.91;992;j
RS;tdiinc992j;p25p26;1997;179046.0;992;j
RS;tdiinc992j;p25p26;1998;189391.5;992;j
RS;tdiinc992j;p25p26;1999;204922.5;992;j
RS;tdiinc992j;p25p26;2000;227382.2;992;j
RS;tdiinc992j;p25p26;2001;227684.5;992;j
RS;tdiinc992j;p25p26;2002;239062.59;992;j
RS;tdiinc992j;p25p26;2003;244896.2;992;j
RS;tdiinc992j;p25p26;2004;264384.19;992;j
RS;tdiinc992j;p25p26;2005;288242.09;992;j
RS;tdiinc992j;p25p26;2006;290667.81;992;j
RS;tdiinc992j;p25p26;2007;300073.91;992;j
RS;tdiinc992j;p25p26;2008;309839.69;992;j
RS;tdiinc992j;p25p26;2009;289100.31;992;j
RS;tdiinc992j;p25p26;2010;268623.91;992;j
RS;tdiinc992j;p25p26;2011;249377.8;992;j
RS;tdiinc992j;p25p26;2012;257144.59;992;j
RS;tdiinc992j;p25p26;2013;227675.09;992;j
RS;tdiinc992j;p25p26;2014;253205.8;992;j
RS;tdiinc992j;p25p26;2015;232779.2;992;j
RS;tdiinc992j;p25p26;2016;234454.91;992;j
RS;tdiinc992j;p25p26;2017;234637.91;992;j
RS;tdiinc992j;p2p3;1990;123178.3;992;j
RS;tdiinc992j;p2p3;1991;104060.8;992;j
RS;tdiinc992j;p2p3;1992;68609.898;992;j
RS;tdiinc992j;p2p3;1993;42701.898;992;j
RS;tdiinc992j;p2p3;1994;42107.301;992;j
RS;tdiinc992j;p2p3;1995;42736.5;992;j
RS;tdiinc992j;p2p3;1996;40734.699;992;j
RS;tdiinc992j;p2p3;1997;41457.199;992;j
RS;tdiinc992j;p2p3;1998;40898.699;992;j
RS;tdiinc992j;p2p3;1999;43308.102;992;j
RS;tdiinc992j;p2p3;2000;48713.699;992;j
RS;tdiinc992j;p2p3;2001;48420.102;992;j
RS;tdiinc992j;p2p3;2002;41635.898;992;j
RS;tdiinc992j;p2p3;2003;50528.5;992;j
RS;tdiinc992j;p2p3;2004;54299.398;992;j
RS;tdiinc992j;p2p3;2005;60213.199;992;j
RS;tdiinc992j;p2p3;2006;62976.801;992;j
RS;tdiinc992j;p2p3;2007;66207.0;992;j
RS;tdiinc992j;p2p3;2008;73438.797;992;j
RS;tdiinc992j;p2p3;2009;75089.398;992;j
RS;tdiinc992j;p2p3;2010;75200.203;992;j
RS;tdiinc992j;p2p3;2011;70190.203;992;j
RS;tdiinc992j;p2p3;2012;68719.602;992;j
RS;tdiinc992j;p2p3;2013;94508.297;992;j
RS;tdiinc992j;p2p3;2014;138889.3;992;j
RS;tdiinc992j;p2p3;2015;111719.6;992;j
RS;tdiinc992j;p2p3;2016;107672.4;992;j
RS;tdiinc992j;p2p3;2017;107499.6;992;j
RS;tdiinc992j;p50p100;1990;625114.38;992;j
RS;tdiinc992j;p50p100;1991;543979.0;992;j
RS;tdiinc992j;p50p100;1992;373029.59;992;j
RS;tdiinc992j;p50p100;1993;242209.0;992;j
RS;tdiinc992j;p50p100;1994;249751.3;992;j
RS;tdiinc992j;p50p100;1995;263571.41;992;j
RS;tdiinc992j;p50p100;1996;266246.41;992;j
RS;tdiinc992j;p50p100;1997;282755.59;992;j
RS;tdiinc992j;p50p100;1998;290033.0;992;j
RS;tdiinc992j;p50p100;1999;315975.91;992;j
RS;tdiinc992j;p50p100;2000;345516.5;992;j
RS;tdiinc992j;p50p100;2001;342737.59;992;j
RS;tdiinc992j;p50p100;2002;368894.19;992;j
RS;tdiinc992j;p50p100;2003;383586.0;992;j
RS;tdiinc992j;p50p100;2004;430649.59;992;j
RS;tdiinc992j;p50p100;2005;470072.91;992;j
RS;tdiinc992j;p50p100;2006;492352.0;992;j
RS;tdiinc992j;p50p100;2007;509933.19;992;j
RS;tdiinc992j;p50p100;2008;540873.88;992;j
RS;tdiinc992j;p50p100;2009;527369.63;992;j
RS;tdiinc992j;p50p100;2010;519364.69;992;j
RS;tdiinc992j;p50p100;2011;514829.81;992;j
RS;tdiinc992j;p50p100;2012;506625.0;992;j
RS;tdiinc992j;p50p100;2013;522553.91;992;j
RS;tdiinc992j;p50p100;2014;500286.59;992;j
RS;tdiinc992j;p50p100;2015;500732.0;992;j
RS;tdiinc992j;p50p100;2016;513778.59;992;j
RS;tdiinc992j;p50p100;2017;516439.91;992;j
RS;tdiinc992j;p72p100;1990;888134.13;992;j
RS;tdiinc992j;p72p100;1991;771224.88;992;j
RS;tdiinc992j;p72p100;1992;527749.63;992;j
RS;tdiinc992j;p72p100;1993;341621.19;992;j
RS;tdiinc992j;p72p100;1994;351312.09;992;j
RS;tdiinc992j;p72p100;1995;370008.81;992;j
RS;tdiinc992j;p72p100;1996;372957.69;992;j
RS;tdiinc992j;p72p100;1997;395394.41;992;j
RS;tdiinc992j;p72p100;1998;412969.41;992;j
RS;tdiinc992j;p72p100;1999;446516.69;992;j
RS;tdiinc992j;p72p100;2000;484915.69;992;j
RS;tdiinc992j;p72p100;2001;481479.81;992;j
RS;tdiinc992j;p72p100;2002;520538.19;992;j
RS;tdiinc992j;p72p100;2003;547955.31;992;j
RS;tdiinc992j;p72p100;2004;622779.81;992;j
RS;tdiinc992j;p72p100;2005;689486.13;992;j
RS;tdiinc992j;p72p100;2006;727694.19;992;j
RS;tdiinc992j;p72p100;2007;756860.13;992;j
RS;tdiinc992j;p72p100;2008;811745.13;992;j
RS;tdiinc992j;p72p100;2009;791841.81;992;j
RS;tdiinc992j;p72p100;2010;792763.13;992;j
RS;tdiinc992j;p72p100;2011;790561.0;992;j
RS;tdiinc992j;p72p100;2012;788982.88;992;j
RS;tdiinc992j;p72p100;2013;827140.13;992;j
RS;tdiinc992j;p72p100;2014;777060.13;992;j
RS;tdiinc992j;p72p100;2015;756444.38;992;j
RS;tdiinc992j;p72p100;2016;780549.81;992;j
RS;tdiinc992j;p72p100;2017;785109.88;992;j
RS;tdiinc992j;p81p82;1990;1043721.8;992;j
RS;tdiinc992j;p81p82;1991;904041.63;992;j
RS;tdiinc992j;p81p82;1992;617184.88;992;j
RS;tdiinc992j;p81p82;1993;398502.19;992;j
RS;tdiinc992j;p81p82;1994;408301.09;992;j
RS;tdiinc992j;p81p82;1995;430001.41;992;j
RS;tdiinc992j;p81p82;1996;432007.81;992;j
RS;tdiinc992j;p81p82;1997;456028.19;992;j
RS;tdiinc992j;p81p82;1998;473239.81;992;j
RS;tdiinc992j;p81p82;1999;514787.59;992;j
RS;tdiinc992j;p81p82;2000;559956.5;992;j
RS;tdiinc992j;p81p82;2001;554219.63;992;j
RS;tdiinc992j;p81p82;2002;604776.31;992;j
RS;tdiinc992j;p81p82;2003;636125.13;992;j
RS;tdiinc992j;p81p82;2004;727201.0;992;j
RS;tdiinc992j;p81p82;2005;812895.63;992;j
RS;tdiinc992j;p81p82;2006;862409.31;992;j
RS;tdiinc992j;p81p82;2007;899225.13;992;j
RS;tdiinc992j;p81p82;2008;968370.88;992;j
RS;tdiinc992j;p81p82;2009;947487.69;992;j
RS;tdiinc992j;p81p82;2010;960827.13;992;j
RS;tdiinc992j;p81p82;2011;969859.38;992;j
RS;tdiinc992j;p81p82;2012;966103.5;992;j
RS;tdiinc992j;p81p82;2013;1019140.1;992;j
RS;tdiinc992j;p81p82;2014;928115.13;992;j
RS;tdiinc992j;p81p82;2015;914778.88;992;j
RS;tdiinc992j;p81p82;2016;945985.63;992;j
RS;tdiinc992j;p81p82;2017;951747.13;992;j
RS;tptinc992j;p20p30;1990;238906.59;992;j
RS;tptinc992j;p20p30;1991;206187.3;992;j
RS;tptinc992j;p20p30;1992;140750.5;992;j
RS;tptinc992j;p20p30;1993;90841.797;992;j
RS;tptinc992j;p20p30;1994;92963.102;992;j
RS;tptinc992j;p20p30;1995;97470.898;992;j
RS;tptinc992j;p20p30;1996;97916.602;992;j
RS;tptinc992j;p20p30;1997;103248.0;992;j
RS;tptinc992j;p20p30;1998;115987.3;992;j
RS;tptinc992j;p20p30;1999;126845.4;992;j
RS;tptinc992j;p20p30;2000;134713.8;992;j
RS;tptinc992j;p20p30;2001;134316.41;992;j
RS;tptinc992j;p20p30;2002;133497.91;992;j
RS;tptinc992j;p20p30;2003;137513.3;992;j
RS;tptinc992j;p20p30;2004;144246.3;992;j
RS;tptinc992j;p20p30;2005;151406.59;992;j
RS;tptinc992j;p20p30;2006;147042.2;992;j
RS;tptinc992j;p20p30;2007;142916.2;992;j
RS;tptinc992j;p20p30;2008;142668.7;992;j
RS;tptinc992j;p20p30;2009;122276.3;992;j
RS;tptinc992j;p20p30;2010;109274.8;992;j
RS;tptinc992j;p20p30;2011;96720.5;992;j
RS;tptinc992j;p20p30;2012;91842.5;992;j
RS;tptinc992j;p20p30;2013;88286.602;992;j
RS;tptinc992j;p20p30;2014;87341.203;992;j
RS;tptinc992j;p20p30;2015;89575.602;992;j
RS;tptinc992j;p20p30;2016;92574.398;992;j
RS;tptinc992j;p20p30;2017;92170.898;992;j
RS;tptinc992j;p39p100;1990;482844.41;992;j
RS;tptinc992j;p39p100;1991;416268.69;992;j
RS;tptinc992j;p39p100;1992;283452.81;992;j
RS;tptinc992j;p39p100;1993;182719.5;992;j
RS;tptinc992j;p39p100;1994;186760.5;992;j
RS;tptinc992j;p39p100;1995;195827.0;992;j
RS;tptinc992j;p39p100;1996;196415.0;992;j
RS;tptinc992j;p39p100;1997;207117.8;992;j
RS;tptinc992j;p39p100;1998;211990.2;992;j
RS;tptinc992j;p39p100;1999;231700.09;992;j
RS;tptinc992j;p39p100;2000;251962.3;992;j
RS;tptinc992j;p39p100;2001;250628.3;992;j
RS;tptinc992j;p39p100;2002;267758.0;992;j
RS;tptinc992j;p39p100;2003;278627.59;992;j
RS;tptinc992j;p39p100;2004;308063.0;992;j
RS;tptinc992j;p39p100;2005;335204.69;992;j
RS;tptinc992j;p39p100;2006;350571.59;992;j
RS;tptinc992j;p39p100;2007;365502.91;992;j
RS;tptinc992j;p39p100;2008;384221.69;992;j
RS;tptinc992j;p39p100;2009;372778.0;992;j
RS;tptinc992j;p39p100;2010;365453.41;992;j
RS;tptinc992j;p39p100;2011;353724.09;992;j
RS;tptinc992j;p39p100;2012;350760.0;992;j
RS;tptinc992j;p39p100;2013;363664.69;992;j
RS;tptinc992j;p39p100;2014;344080.5;992;j
RS;tptinc992j;p39p100;2015;358027.41;992;j
RS;tptinc992j;p39p100;2016;369037.5;992;j
RS;tptinc992j;p39p100;2017;370939.5;992;j
RS;tptinc992j;p71p72;1990;878172.81;992;j
RS;tptinc992j;p71p72;1991;759566.38;992;j
RS;tptinc992j;p71p72;1992;518052.19;992;j
RS;tptinc992j;p71p72;1993;334406.91;992;j
RS;tptinc992j;p71p72;1994;343074.41;992;j
RS;tptinc992j;p71p72;1995;360315.31;992;j
RS;tptinc992j;p71p72;1996;362378.5;992;j
RS;tptinc992j;p71p72;1997;383203.31;992;j
RS;tptinc992j;p71p72;1998;400847.91;992;j
RS;tptinc992j;p71p72;1999;433675.31;992;j
RS;tptinc992j;p71p72;2000;470911.31;992;j
RS;tptinc992j;p71p72;2001;466233.0;992;j
RS;tptinc992j;p71p72;2002;505230.41;992;j
RS;tptinc992j;p71p72;2003;531396.63;992;j
RS;tptinc992j;p71p72;2004;592376.38;992;j
RS;tptinc992j;p71p72;2005;658741.13;992;j
RS;tptinc992j;p71p72;2006;700090.13;992;j
RS;tptinc992j;p71p72;2007;734571.31;992;j
RS;tptinc992j;p71p72;2008;789941.38;992;j
RS;tptinc992j;p71p72;2009;774593.38;992;j
RS;tptinc992j;p71p72;2010;768944.69;992;j
RS;tptinc992j;p71p72;2011;767047.19;992;j
RS;tptinc992j;p71p72;2012;782160.81;992;j
RS;tptinc992j;p71p72;2013;808087.31;992;j
RS;tptinc992j;p71p72;2014;773479.31;992;j
RS;tptinc992j;p71p72;2015;774498.69;992;j
RS;tptinc992j;p71p72;2016;798532.38;992;j
RS;tptinc992j;p71p72;2017;803132.19;992;j
RS;tptinc992j;p84p85;1990;1133009.6;992;j
RS;tptinc992j;p84p85;1991;980429.63;992;j
RS;tptinc992j;p84p85;1992;669102.38;992;j
RS;tptinc992j;p84p85;1993;432425.69;992;j
RS;tptinc992j;p84p85;1994;443356.0;992;j
RS;tptinc992j;p84p85;1995;466137.19;992;j
RS;tptinc992j;p84p85;1996;468534.69;992;j
RS;tptinc992j;p84p85;1997;495582.59;992;j
RS;tptinc992j;p84p85;1998;513624.41;992;j
RS;tptinc992j;p84p85;1999;560240.81;992;j
RS;tptinc992j;p84p85;2000;608294.88;992;j
RS;tptinc992j;p84p85;2001;602189.88;992;j
RS;tptinc992j;p84p85;2002;658898.88;992;j
RS;tptinc992j;p84p85;2003;690963.88;992;j
RS;tptinc992j;p84p85;2004;783867.31;992;j
RS;tptinc992j;p84p85;2005;882937.5;992;j
RS;tptinc992j;p84p85;2006;938311.0;992;j
RS;tptinc992j;p84p85;2007;992229.38;992;j
RS;tptinc992j;p84p85;2008;1069724.4;992;j
RS;tptinc992j;p84p85;2009;1051587.3;992;j
RS;tptinc992j;p84p85;2010;1062074.8;992;j
RS;tptinc992j;p84p85;2011;1076292.8;992;j
RS;tptinc992j;p84p85;2012;1094961.5;992;j
RS;tptinc992j;p84p85;2013;1126443.6;992;j
RS;tptinc992j;p84p85;2014;1079066.5;992;j
RS;tptinc992j;p84p85;2015;1075895.0;992;j
RS;tptinc992j;p84p85;2016;1108967.5;992;j
RS;tptinc992j;p84p85;2017;1115195.6;992;j
RS;acainc992j;p11p100;1990;572786.19;992;j
RS;acainc992j;p11p100;1991;497187.31;992;j
RS;acainc992j;p11p100;1992;340348.81;992;j
RS;acainc992j;p11p100;1993;220626.3;992;j
RS;acainc992j;p11p100;1994;227134.8;992;j
RS;acainc992j;p11p100;1995;239628.7;992;j
RS;acainc992j;p11p100;1996;241469.59;992;j
RS;acainc992j;p11p100;1997;254682.3;992;j
RS;acainc992j;p11p100;1998;278991.31;992;j
RS;acainc992j;p11p100;1999;318467.19;992;j
RS;acainc992j;p11p100;2000;345852.69;992;j
RS;acainc992j;p11p100;2001;337224.91;992;j
RS;acainc992j;p11p100;2002;353624.5;992;j
RS;acainc992j;p11p100;2003;372712.09;992;j
RS;acainc992j;p11p100;2004;446320.69;992;j
RS;acainc992j;p11p100;2005;508704.31;992;j
RS;acainc992j;p11p100;2006;537254.38;992;j
RS;acainc992j;p11p100;2007;537247.38;992;j
RS;acainc992j;p11p100;2008;575467.63;992;j
RS;acainc992j;p11p100;2009;569116.0;992;j
RS;acainc992j;p11p100;2010;571992.19;992;j
RS;acainc992j;p11p100;2011;578408.38;992;j
RS;acainc992j;p11p100;2012;578231.13;992;j
RS;acainc992j;p11p100;2013;589403.69;992;j
RS;acainc992j;p11p100;2014;573962.31;992;j
RS;acainc992j;p11p100;2015;582399.5;992;j
RS;acainc992j;p11p100;2016;604009.13;992;j
RS;acainc992j;p11p100;2017;604543.31;992;j
RS;acainc992j;p71p72;1990;626334.69;992;j
RS;acainc992j;p71p72;1991;544593.19;992;j
RS;acainc992j;p71p72;1992;372609.59;992;j
RS;acainc992j;p71p72;1993;241265.8;992;j
RS;acainc992j;p71p72;1994;248027.09;992;j
RS;acainc992j;p71p72;1995;261416.5;992;j
RS;acainc992j;p71p72;1996;263574.0;992;j
RS;acainc992j;p71p72;1997;278169.69;992;j
RS;acainc992j;p71p72;1998;302650.81;992;j
RS;acainc992j;p71p72;1999;340689.31;992;j
RS;acainc992j;p71p72;2000;365286.91;992;j
RS;acainc992j;p71p72;2001;352905.5;992;j
RS;acainc992j;p71p72;2002;370999.09;992;j
RS;acainc992j;p71p72;2003;392393.59;992;j
RS;acainc992j;p71p72;2004;472515.19;992;j
RS;acainc992j;p71p72;2005;534349.81;992;j
RS;acainc992j;p71p72;2006;564244.31;992;j
RS;acainc992j;p71p72;2007;567341.13;992;j
RS;acainc992j;p71p72;2008;612015.13;992;j
RS;acainc992j;p71p72;2009;601923.31;992;j
RS;acainc992j;p71p72;2010;604586.19;992;j
RS;acainc992j;p71p72;2011;606188.38;992;j
RS;acainc992j;p71p72;2012;604583.13;992;j
RS;acainc992j;p71p72;2013;634344.5;992;j
RS;acainc992j;p71p72;2014;596284.88;992;j
RS;acainc992j;p71p72;2015;579839.69;992;j
RS;acainc992j;p71p72;2016;601269.81;992;j
RS;acainc992j;p71p72;2017;601736.69;992;j
RS;aconhn999i;p0p100;1997;201849.5;999;i
RS;aconhn999i;p0p100;1998;227189.8;999;i
RS;aconhn999i;p0p100;1999;257592.7;999;i
RS;aconhn999i;p0p100;2000;277549.0;999;i
RS;aconhn999i;p0p100;2001;314150.59;999;i
RS;aconhn999i;p0p100;2002;342738.19;999;i
RS;aconhn999i;p0p100;2003;341611.81;999;i
RS;aconhn999i;p0p100;2004;358993.81;999;i
RS;aconhn999i;p0p100;2005;395789.59;999;i
RS;aconhn999i;p0p100;2006;417741.0;999;i
RS;aconhn999i;p0p100;2007;439796.31;999;i
RS;aconhn999i;p0p100;2008;473660.19;999;i
RS;aconhn999i;p0p100;2009;480428.5;999;i
RS;aconhn999i;p0p100;2010;488619.09;999;i
RS;aconhn999i;p0p100;2011;476105.0;999;i
RS;adiinc992j;p15p100;1990;834156.19;992;j
RS;adiinc992j;p15p100;1991;724016.13;992;j
RS;adiinc992j;p15p100;1992;495597.0;992;j
RS;adiinc992j;p15p100;1993;321228.91;992;j
RS;adiinc992j;p15p100;1994;330658.5;992;j
RS;adiinc992j;p15p100;1995;348800.41;992;j
RS;adiinc992j;p15p100;1996;351421.19;992;j
RS;adiinc992j;p15p100;1997;372273.19;992;j
RS;adiinc992j;p15p100;1998;391100.31;992;j
RS;adiinc992j;p15p100;1999;428612.0;992;j
RS;adiinc992j;p15p100;2000;471459.41;992;j
RS;adiinc992j;p15p100;2001;470792.31;992;j
RS;adiinc992j;p15p100;2002;508629.5;992;j
RS;adiinc992j;p15p100;2003;534644.81;992;j
RS;adiinc992j;p15p100;2004;604005.69;992;j
RS;adiinc992j;p15p100;2005;674708.31;992;j
RS;adiinc992j;p15p100;2006;713792.88;992;j
RS;adiinc992j;p15p100;2007;737421.38;992;j
RS;adiinc992j;p15p100;2008;785316.81;992;j
RS;adiinc992j;p15p100;2009;771455.5;992;j
RS;adiinc992j;p15p100;2010;774647.5;992;j
RS;adiinc992j;p15p100;2011;779018.69;992;j
RS;adiinc992j;p15p100;2012;778823.13;992;j
RS;adiinc992j;p15p100;2013;793935.13;992;j
RS;adiinc992j;p15p100;2014;770249.63;992;j
RS;adiinc992j;p15p100;2015;780780.19;992;j
RS;adiinc992j;p15p100;2016;806241.69;992;j
RS;adiinc992j;p15p100;2017;811162.38;992;j
RS;adiinc992j;p18p19;1990;288215.19;992;j
RS;adiinc992j;p18p19;1991;252455.5;992;j
RS;adiinc992j;p18p19;1992;174939.91;992;j
RS;adiinc992j;p18p19;1993;114682.6;992;j
RS;adiinc992j;p18p19;1994;119524.1;992;j
RS;adiinc992j;p18p19;1995;127723.4;992;j
RS;adiinc992j;p18p19;1996;130229.7;992;j
RS;adiinc992j;p18p19;1997;139999.7;992;j
RS;adiinc992j;p18p19;1998;153565.2;992;j
RS;adiinc992j;p18p19;1999;164374.91;992;j
RS;adiinc992j;p18p19;2000;178329.09;992;j
RS;adiinc992j;p18p19;2001;177030.3;992;j
RS;adiinc992j;p18p19;2002;177757.09;992;j
RS;adiinc992j;p18p19;2003;186687.7;992;j
RS;adiinc992j;p18p19;2004;188106.91;992;j
RS;adiinc992j;p18p19;2005;211363.3;992;j
RS;adiinc992j;p18p19;2006;204114.59;992;j
RS;adiinc992j;p18p19;2007;213178.59;992;j
RS;adiinc992j;p18p19;2008;212311.59;992;j
RS;adiinc992j;p18p19;2009;203731.59;992;j
RS;adiinc992j;p18p19;2010;182217.3;992;j
RS;adiinc992j;p18p19;2011;164592.59;992;j
RS;adiinc992j;p18p19;2012;167797.8;992;j
RS;adiinc992j;p18p19;2013;151704.3;992;j
RS;adiinc992j;p18p19;2014;191420.41;992;j
RS;adiinc992j;p18p19;2015;165037.91;992;j
RS;adiinc992j;p18p19;2016;163571.91;992;j
RS;adiinc992j;p18p19;2017;163594.59;992;j
RS;adiinc992j;p20p30;1990;364485.09;992;j
RS;adiinc992j;p20p30;1991;320464.41;992;j
RS;adiinc992j;p20p30;1992;222345.0;992;j
RS;adiinc992j;p20p30;1993;145944.8;992;j
RS;adiinc992j;p20p30;1994;152134.59;992;j
RS;adiinc992j;p20p30;1995;162449.41;992;j
RS;adiinc992j;p20p30;1996;165984.8;992;j
RS;adiinc992j;p20p30;1997;178594.0;992;j
RS;adiinc992j;p20p30;1998;189352.91;992;j
RS;adiinc992j;p20p30;1999;203899.0;992;j
RS;adiinc992j;p20p30;2000;226119.3;992;j
RS;adiinc992j;p20p30;2001;226462.59;992;j
RS;adiinc992j;p20p30;2002;237032.2;992;j
RS;adiinc992j;p20p30;2003;243616.3;992;j
RS;adiinc992j;p20p30;2004;261914.7;992;j
RS;adiinc992j;p20p30;2005;286740.69;992;j
RS;adiinc992j;p20p30;2006;288899.0;992;j
RS;adiinc992j;p20p30;2007;297638.81;992;j
RS;adiinc992j;p20p30;2008;307570.19;992;j
RS;adiinc992j;p20p30;2009;286693.41;992;j
RS;adiinc992j;p20p30;2010;268126.09;992;j
RS;adiinc992j;p20p30;2011;248355.41;992;j
RS;adiinc992j;p20p30;2012;254690.41;992;j
RS;adiinc992j;p20p30;2013;229188.3;992;j
RS;adiinc992j;p20p30;2014;253688.5;992;j
RS;adiinc992j;p20p30;2015;232687.3;992;j
RS;adiinc992j;p20p30;2016;234110.7;992;j
RS;adiinc992j;p20p30;2017;234700.91;992;j
RS;adiinc992j;p28p29;1990;405785.81;992;j
RS;adiinc992j;p28p29;1991;355935.91;992;j
RS;adiinc992j;p28p29;1992;246225.59;992;j
RS;adiinc992j;p28p29;1993;161200.91;992;j
RS;adiinc992j;p28p29;1994;167519.7;992;j
RS;adiinc992j;p28p29;1995;178323.09;992;j
RS;adiinc992j;p28p29;1996;181690.2;992;j
RS;adiinc992j;p28p29;1997;194908.91;992;j
RS;adiinc992j;p28p29;1998;204064.2;992;j
RS;adiinc992j;p28p29;1999;219337.2;992;j
RS;adiinc992j;p28p29;2000;242264.5;992;j
RS;adiinc992j;p28p29;2001;242358.41;992;j
RS;adiinc992j;p28p29;2002;257430.09;992;j
RS;adiinc992j;p28p29;2003;265129.81;992;j
RS;adiinc992j;p28p29;2004;289121.19;992;j
RS;adiinc992j;p28p29;2005;316837.81;992;j
RS;adiinc992j;p28p29;2006;323457.41;992;j
RS;adiinc992j;p28p29;2007;335262.19;992;j
RS;adiinc992j;p28p29;2008;346040.59;992;j
RS;adiinc992j;p28p29;2009;330383.09;992;j
RS;adiinc992j;p28p29;2010;311781.5;992;j
RS;adiinc992j;p28p29;2011;292975.5;992;j
RS;adiinc992j;p28p29;2012;297407.91;992;j
RS;adiinc992j;p28p29;2013;279225.41;992;j
RS;adiinc992j;p28p29;2014;295376.09;992;j
RS;adiinc992j;p28p29;2015;279026.91;992;j
RS;adiinc992j;p28p29;2016;282440.0;992;j
RS;adiinc992j;p28p29;2017;283426.81;992;j
RS;adiinc992j;p47p100;1990;1079834.1;992;j
RS;adiinc992j;p47p100;1991;935535.19;992;j
RS;adiinc992j;p47p100;1992;639178.13;992;j
RS;adiinc992j;p47p100;1993;413599.19;992;j
RS;adiinc992j;p47p100;1994;425003.59;992;j
RS;adiinc992j;p47p100;1995;447565.81;992;j
RS;adiinc992j;p47p100;1996;449959.19;992;j
RS;adiinc992j;p47p100;1997;475471.31;992;j
RS;adiinc992j;p47p100;1998;500785.5;992;j
RS;adiinc992j;p47p100;1999;550446.5;992;j
RS;adiinc992j;p47p100;2000;605660.13;992;j
RS;adiinc992j;p47p100;2001;605129.0;992;j
RS;adiinc992j;p47p100;2002;657498.81;992;j
RS;adiinc992j;p47p100;2003;692957.69;992;j
RS;adiinc992j;p47p100;2004;789584.19;992;j
RS;adiinc992j;p47p100;2005;885938.19;992;j
RS;adiinc992j;p47p100;2006;943989.13;992;j
RS;adiinc992j;p47p100;2007;975795.63;992;j
RS;adiinc992j;p47p100;2008;1043310.5;992;j
RS;adiinc992j;p47p100;2009;1030626.2;992;j
RS;adiinc992j;p47p100;2010;1044232.8;992;j
RS;adiinc992j;p47p100;2011;1059560.8;992;j
RS;adiinc992j;p47p100;2012;1060282.5;992;j
RS;adiinc992j;p47p100;2013;1089808.5;992;j
RS;adiinc992j;p47p100;2014;1044881.7;992;j
RS;adiinc992j;p47p100;2015;1070237.8;992;j
RS;adiinc992j;p47p100;2016;1108420.6;992;j
RS;adiinc992j;p47p100;2017;1115629.1;992;j
RS;adiinc992j;p89p90;1990;1241710.1;992;j
RS;adiinc992j;p89p90;1991;1074971.9;992;j
RS;adiinc992j;p89p90;1992;733198.0;992;j
RS;adiinc992j;p89p90;1993;472815.0;992;j
RS;adiinc992j;p89p90;1994;484925.59;992;j
RS;adiinc992j;p89p90;1995;509655.59;992;j
RS;adiinc992j;p89p90;1996;511846.91;992;j
RS;adiinc992j;p89p90;1997;540247.38;992;j
RS;adiinc992j;p89p90;1998;571744.38;992;j
RS;adiinc992j;p89p90;1999;623956.63;992;j
RS;adiinc992j;p89p90;2000;677973.19;992;j
RS;adiinc992j;p89p90;2001;672655.31;992;j
RS;adiinc992j;p89p90;2002;729879.31;992;j
RS;adiinc992j;p89p90;2003;781745.31;992;j
RS;adiinc992j;p89p90;2004;905697.19;992;j
RS;adiinc992j;p89p90;2005;1023109.9;992;j
RS;adiinc992j;p89p90;2006;1089839.1;992;j
RS;adiinc992j;p89p90;2007;1135197.4;992;j
RS;adiinc992j;p89p90;2008;1215494.9;992;j
RS;adiinc992j;p89p90;2009;1198258.5;992;j
RS;adiinc992j;p89p90;2010;1226656.3;992;j
RS;adiinc992j;p89p90;2011;1254150.3;992;j
RS;adiinc992j;p89p90;2012;1221007.8;992;j
RS;adiinc992j;p89p90;2013;1273246.4;992;j
RS;adiinc992j;p89p90;2014;1183779.3;992;j
RS;adiinc992j;p89p90;2015;1163621.5;992;j
RS;adiinc992j;p89p90;2016;1205893.9;992;j
RS;adiinc992j;p89p90;2017;1213792.8;992;j
RS;afinrx992i;p0p100;2002;2806.3;992;i
RS;afinrx992i;p0p100;2003;2197.0;992;i
RS;afinrx992i;p0p100;2004;2216.2;992;i
RS;afinrx992i;p0p100;2005;4674.7998;992;i
RS;afinrx992i;p0p100;2006;7511.3999;992;i
RS;afinrx992i;p0p100;2007;15116.5;992;i
RS;afinrx992i;p0p100;2008;15750.4;992;i
RS;afinrx992i;p0p100;2009;14443.3;992;i
RS;afinrx992i;p0p100;2010;13573.5;992;i
RS;afinrx992i;p0p100;2011;13579.4;992;i
RS;afinrx992i;p0p100;2012;18582.1;992;i
RS;afinrx992i;p0p100;2013;16557.801;992;i
RS;afinrx992i;p0p100;2014;17671.301;992;i
RS;afinrx992i;p0p100;2015;19158.801;992;i
RS;afinrx992i;p0p100;2016;16630.4;992;i
RS;afinrx992i;p0p100;2017;14523.8;992;i
RS;afinrx992i;p0p100;2018;13561.0;992;i
RS;agsrhn999i;p0p100;1997;27669.4;999;i
RS;agsrhn999i;p0p100;1998;27925.699;999;i
RS;agsrhn999i;p0p100;1999;37877.102;999;i
RS;agsrhn999i;p0p100;2000;39456.301;999;i
RS;agsrhn999i;p0p100;2001;39919.801;999;i
RS;agsrhn999i;p0p100;2002;40174.301;999;i
RS;agsrhn999i;p0p100;2003;45370.199;999;i
RS;agsrhn999i;p0p100;2004;47563.5;999;i
RS;agsrhn999i;p0p100;2005;51069.199;999;i
RS;agsrhn999i;p0p100;2006;52700.898;999;i
RS;agsrhn999i;p0p100;2007;53015.0;999;i
RS;agsrhn999i;p0p100;2008;53546.699;999;i
RS;agsrhn999i;p0p100;2009;60573.5;999;i
RS;agsrhn999i;p0p100;2010;62446.0;999;i
RS;agsrhn999i;p0p100;2011;61227.898;999;i
RS;aprpnf992i;p0p100;1997;-17727.5;992;i
RS;aprpnf992i;p0p100;1998;-19927.1;992;i
RS;aprpnf992i;p0p100;1999;-11432.8;992;i
RS;aprpnf992i;p0p100;2000;-13946.4;992;i
RS;aprpnf992i;p0p100;2001;-10536.1;992;i
RS;aprpnf992i;p0p100;2002;-11658.7;992;i
RS;aprpnf992i;p0p100;2003;-14400.9;992;i
RS;aprpnf992i;p0p100;2004;-11107.0;992;i
RS;aprpnf992i;p0p100;2005;-27136.199;992;i
RS;aprpnf992i;p0p100;2006;-21240.199;992;i
RS;aprpnf992i;p0p100;2007;-30776.9;992;i
RS;aprpnf992i;p0p100;2008;-51531.602;992;i
RS;aprpnf992i;p0p100;2009;-28810.0;992;i
RS;aprpnf992i;p0p100;2010;-38189.102;992;i
RS;aprpnf992i;p0p100;2011;-53741.0;992;i
RS;aptinc992j;p10p100;1990;806518.63;992;j
RS;aptinc992j;p10p100;1991;700029.63;992;j
RS;aptinc992j;p10p100;1992;479202.5;992;j
RS;aptinc992j;p10p100;1993;310628.81;992;j
RS;aptinc992j;p10p100;1994;319783.19;992;j
RS;aptinc992j;p10p100;1995;337364.0;992;j
RS;aptinc992j;p10p100;1996;339944.19;992;j
RS;aptinc992j;p10p100;1997;360239.91;992;j
RS;aptinc992j;p10p100;1998;378330.91;992;j
RS;aptinc992j;p10p100;1999;414115.91;992;j
RS;aptinc992j;p10p100;2000;455492.91;992;j
RS;aptinc992j;p10p100;2001;454654.0;992;j
RS;aptinc992j;p10p100;2002;490438.91;992;j
RS;aptinc992j;p10p100;2003;515616.5;992;j
RS;aptinc992j;p10p100;2004;580928.19;992;j
RS;aptinc992j;p10p100;2005;648479.88;992;j
RS;aptinc992j;p10p100;2006;685416.81;992;j
RS;aptinc992j;p10p100;2007;707921.81;992;j
RS;aptinc992j;p10p100;2008;754650.81;992;j
RS;aptinc992j;p10p100;2009;741906.0;992;j
RS;aptinc992j;p10p100;2010;744210.81;992;j
RS;aptinc992j;p10p100;2011;747324.63;992;j
RS;aptinc992j;p10p100;2012;746456.88;992;j
RS;aptinc992j;p10p100;2013;764966.69;992;j
RS;aptinc992j;p10p100;2014;749909.0;992;j
RS;aptinc992j;p10p100;2015;755158.31;992;j
RS;aptinc992j;p10p100;2016;778532.81;992;j
RS;aptinc992j;p10p100;2017;783162.13;992;j
RS;aptinc992j;p33p34;1990;421476.19;992;j
RS;aptinc992j;p33p34;1991;365076.0;992;j
RS;aptinc992j;p33p34;1992;249522.41;992;j
RS;aptinc992j;p33p34;1993;161410.2;992;j
RS;aptinc992j;p33p34;1994;165910.2;992;j
RS;aptinc992j;p33p34;1995;174651.59;992;j
RS;aptinc992j;p33p34;1996;175916.5;992;j
RS;aptinc992j;p33p34;1997;186312.41;992;j
RS;aptinc992j;p33p34;1998;193002.0;992;j
RS;aptinc992j;p33p34;1999;210835.91;992;j
RS;aptinc992j;p33p34;2000;229082.59;992;j
RS;aptinc992j;p33p34;2001;226925.2;992;j
RS;aptinc992j;p33p34;2002;241706.41;992;j
RS;aptinc992j;p33p34;2003;249876.8;992;j
RS;aptinc992j;p33p34;2004;274046.69;992;j
RS;aptinc992j;p33p34;2005;297110.0;992;j
RS;aptinc992j;p33p34;2006;305765.81;992;j
RS;aptinc992j;p33p34;2007;320806.69;992;j
RS;aptinc992j;p33p34;2008;330711.09;992;j
RS;aptinc992j;p33p34;2009;317841.19;992;j
RS;aptinc992j;p33p34;2010;305810.31;992;j
RS;aptinc992j;p33p34;2011;290342.31;992;j
RS;aptinc992j;p33p34;2012;289426.09;992;j
RS;aptinc992j;p33p34;2013;296717.41;992;j
RS;aptinc992j;p33p34;2014;276765.81;992;j
RS;aptinc992j;p33p34;2015;295812.81;992;j
RS;aptinc992j;p33p34;2016;304875.69;992;j
RS;aptinc992j;p33p34;2017;306416.81;992;j
RS;aptinc992j;p42p43;1990;519973.81;992;j
RS;aptinc992j;p42p43;1991;447564.41;992;j
RS;aptinc992j;p42p43;1992;304058.91;992;j
RS;aptinc992j;p42p43;1993;195626.59;992;j
RS;aptinc992j;p42p43;1994;199814.59;992;j
RS;aptinc992j;p42p43;1995;209292.5;992;j
RS;aptinc992j;p42p43;1996;209645.7;992;j
RS;aptinc992j;p42p43;1997;220812.3;992;j
RS;aptinc992j;p42p43;1998;228114.8;992;j
RS;aptinc992j;p42p43;1999;249636.8;992;j
RS;aptinc992j;p42p43;2000;271418.41;992;j
RS;aptinc992j;p42p43;2001;270105.0;992;j
RS;aptinc992j;p42p43;2002;287886.41;992;j
RS;aptinc992j;p42p43;2003;300482.31;992;j
RS;aptinc992j;p42p43;2004;334316.41;992;j
RS;aptinc992j;p42p43;2005;364744.91;992;j
RS;aptinc992j;p42p43;2006;380937.19;992;j
RS;aptinc992j;p42p43;2007;395640.09;992;j
RS;aptinc992j;p42p43;2008;418093.0;992;j
RS;aptinc992j;p42p43;2009;408671.81;992;j
RS;aptinc992j;p42p43;2010;400972.0;992;j
RS;aptinc992j;p42p43;2011;393245.91;992;j
RS;aptinc992j;p42p43;2012;388150.59;992;j
RS;aptinc992j;p42p43;2013;405914.59;992;j
RS;aptinc992j;p42p43;2014;384762.41;992;j
RS;aptinc992j;p42p43;2015;397512.19;992;j
RS;aptinc992j;p42p43;2016;409707.31;992;j
RS;aptinc992j;p42p43;2017;411813.31;992;j
RS;aptinc992j;p47p100;1990;1120329.6;992;j
RS;aptinc992j;p47p100;1991;973253.88;992;j
RS;aptinc992j;p47p100;1992;666768.63;992;j
RS;aptinc992j;p47p100;1993;432568.0;992;j
RS;aptinc992j;p47p100;1994;445677.31;992;j
RS;aptinc992j;p47p100;1995;470574.19;992;j
RS;aptinc992j;p47p100;1996;474420.09;992;j
RS;aptinc992j;p47p100;1997;503038.09;992;j
RS;aptinc992j;p47p100;1998;527629.5;992;j
RS;aptinc992j;p47p100;1999;577840.88;992;j
RS;aptinc992j;p47p100;2000;637586.81;992;j
RS;aptinc992j;p47p100;2001;636791.5;992;j
RS;aptinc992j;p47p100;2002;692191.69;992;j
RS;aptinc992j;p47p100;2003;730416.31;992;j
RS;aptinc992j;p47p100;2004;828987.88;992;j
RS;aptinc992j;p47p100;2005;931919.5;992;j
RS;aptinc992j;p47p100;2006;991735.38;992;j
RS;aptinc992j;p47p100;2007;1026277.0;992;j
RS;aptinc992j;p47p100;2008;1101175.5;992;j
RS;aptinc992j;p47p100;2009;1087605.0;992;j
RS;aptinc992j;p47p100;2010;1098490.8;992;j
RS;aptinc992j;p47p100;2011;1113194.4;992;j
RS;aptinc992j;p47p100;2012;1115430.4;992;j
RS;aptinc992j;p47p100;2013;1142891.4;992;j
RS;aptinc992j;p47p100;2014;1126274.4;992;j
RS;aptinc992j;p47p100;2015;1127478.3;992;j
RS;aptinc992j;p47p100;2016;1162356.0;992;j
RS;aptinc992j;p47p100;2017;1169510.8;992;j
RS;aseggo999i;p0p100;1997;52448.398;999;i
RS;aseggo999i;p0p100;1998;44802.199;999;i
RS;aseggo999i;p0p100;1999;47463.301;999;i
RS;aseggo999i;p0p100;2000;48399.602;999;i
RS;aseggo999i;p0p100;2001;69999.898;999;i
RS;aseggo999i;p0p100;2002;86104.297;999;i
RS;aseggo999i;p0p100;2003;94020.602;999;i
RS;aseggo999i;p0p100;2004;107077.9;999;i
RS;aseggo999i;p0p100;2005;110595.6;999;i
RS;aseggo999i;p0p100;2006;111720.9;999;i
RS;aseggo999i;p0p100;2007;123677.4;999;i
RS;aseggo999i;p0p100;2008;126638.9;999;i
RS;aseggo999i;p0p100;2009;111970.3;999;i
RS;aseggo999i;p0p100;2010;115721.0;999;i
RS;aseggo999i;p0p100;2011;115493.0;999;i
RS;asscgo999i;p0p100;1997;41136.699;999;i
RS;asscgo999i;p0p100;1998;43704.801;999;i
RS;asscgo999i;p0p100;1999;45568.398;999;i
RS;asscgo999i;p0p100;2000;47012.301;999;i
RS;asscgo999i;p0p100;2001;46733.398;999;i
RS;asscgo999i;p0p100;2002;54484.898;999;i
RS;asscgo999i;p0p100;2003;55169.102;999;i
RS;asscgo999i;p0p100;2004;62400.801;999;i
RS;asscgo999i;p0p100;2005;66817.297;999;i
RS;asscgo999i;p0p100;2006;75485.797;999;i
RS;asscgo999i;p0p100;2007;81853.797;999;i
RS;asscgo999i;p0p100;2008;85308.0;999;i
RS;asscgo999i;p0p100;2009;83609.398;999;i
RS;asscgo999i;p0p100;2010;86334.797;999;i
RS;asscgo999i;p0p100;2011;84387.203;999;i
RS;bcainc992j;p99.997p100;1990;2.1725636;992;j
RS;bcainc992j;p99.997p100;1991;2.1194236;992;j
RS;bcainc992j;p99.997p100;1992;2.046587;992;j
RS;bcainc992j;p99.997p100;1993;1.9961443;992;j
RS;bcainc992j;p99.997p100;1994;1.9641751;992;j
RS;bcainc992j;p99.997p100;1995;1.936844;992;j
RS;bcainc992j;p99.997p100;1996;1.9092309;992;j
RS;bcainc992j;p99.997p100;1997;1.879747;992;j
RS;bcainc992j;p99.997p100;1998;1.9094323;992;j
RS;bcainc992j;p99.997p100;1999;2.0288379;992;j
RS;bcainc992j;p99.997p100;2000;2.0189385;992;j
RS;bcainc992j;p99.997p100;2001;2.1171229;992;j
RS;bcainc992j;p99.997p100;2002;2.0320487;992;j
RS;bcainc992j;p99.997p100;2003;2.0412371;992;j
RS;bcainc992j;p99.997p100;2004;2.0474737;992;j
RS;bcainc992j;p99.997p100;2005;2.0922229;992;j
RS;bcainc992j;p99.997p100;2006;1.9890832;992;j
RS;bcainc992j;p99.997p100;2007;1.8932549;992;j
RS;bcainc992j;p99.997p100;2008;1.7946596;992;j
RS;bcainc992j;p99.997p100;2009;1.9213842;992;j
RS;bcainc992j;p99.997p100;2010;1.8587765;992;j
RS;bcainc992j;p99.997p100;2011;1.8219901;992;j
RS;bcainc992j;p99.997p100;2012;2.131341;992;j
RS;bcainc992j;p99.997p100;2013;1.9247459;992;j
RS;bcainc992j;p99.997p100;2014;2.5253587;992;j
RS;bcainc992j;p99.997p100;2015;3.0651095;992;j
RS;bcainc992j;p99.997p100;2016;3.0661564;992;j
RS;bcainc992j;p99.997p100;2017;3.0692461;992;j
RS;bdiinc992j;p24p100;1990;2.5325418;992;j
RS;bdiinc992j;p24p100;1991;2.4969885;992;j
RS;bdiinc992j;p24p100;1992;2.4646995;992;j
RS;bdiinc992j;p24p100;1993;2.4311287;992;j
RS;bdiinc992j;p24p100;1994;2.3973114;992;j
RS;bdiinc992j;p24p100;1995;2.3649375;992;j
RS;bdiinc992j;p24p100;1996;2.3300827;992;j
RS;bdiinc992j;p24p100;1997;2.2910988;992;j
RS;bdiinc992j;p24p100;1998;2.2564478;992;j
RS;bdiinc992j;p24p100;1999;2.289376;992;j
RS;bdiinc992j;p24p100;2000;2.2641139;992;j
RS;bdiinc992j;p24p100;2001;2.2593901;992;j
RS;bdiinc992j;p24p100;2002;2.3457482;992;j
RS;bdiinc992j;p24p100;2003;2.4135613;992;j
RS;bdiinc992j;p24p100;2004;2.5574596;992;j
RS;bdiinc992j;p24p100;2005;2.6145473;992;j
RS;bdiinc992j;p24p100;2006;2.7616134;992;j
RS;bdiinc992j;p24p100;2007;2.7869627;992;j
RS;bdiinc992j;p24p100;2008;2.8666017;992;j
RS;bdiinc992j;p24p100;2009;3.0546484;992;j
RS;bdiinc992j;p24p100;2010;3.3051822;992;j
RS;bdiinc992j;p24p100;2011;3.6139495;992;j
RS;bdiinc992j;p24p100;2012;3.4921422;992;j
RS;bdiinc992j;p24p100;2013;4.0624199;992;j
RS;bdiinc992j;p24p100;2014;3.4515536;992;j
RS;bdiinc992j;p24p100;2015;3.9206293;992;j
RS;bdiinc992j;p24p100;2016;4.0402989;992;j
RS;bdiinc992j;p24p100;2017;4.0521569;992;j
RS;bdiinc992j;p69p100;1990;1.5994229;992;j
RS;bdiinc992j;p69p100;1991;1.5813103;992;j
RS;bdiinc992j;p69p100;1992;1.5798081;992;j
RS;bdiinc992j;p69p100;1993;1.5803883;992;j
RS;bdiinc992j;p69p100;1994;1.5799038;992;j
RS;bdiinc992j;p69p100;1995;1.5782974;992;j
RS;bdiinc992j;p69p100;1996;1.5725203;992;j
RS;bdiinc992j;p69p100;1997;1.5665748;992;j
RS;bdiinc992j;p69p100;1998;1.5845921;992;j
RS;bdiinc992j;p69p100;1999;1.6205497;992;j
RS;bdiinc992j;p69p100;2000;1.6488888;992;j
RS;bdiinc992j;p69p100;2001;1.6654626;992;j
RS;bdiinc992j;p69p100;2002;1.6736621;992;j
RS;bdiinc992j;p69p100;2003;1.6791668;992;j
RS;bdiinc992j;p69p100;2004;1.7010978;992;j
RS;bdiinc992j;p69p100;2005;1.7328601;992;j
RS;bdiinc992j;p69p100;2006;1.754066;992;j
RS;bdiinc992j;p69p100;2007;1.7401557;992;j
RS;bdiinc992j;p69p100;2008;1.7409611;992;j
RS;bdiinc992j;p69p100;2009;1.7769049;992;j
RS;bdiinc992j;p69p100;2010;1.8090758;992;j
RS;bdiinc992j;p69p100;2011;1.8442035;992;j
RS;bdiinc992j;p69p100;2012;1.8639678;992;j
RS;bdiinc992j;p69p100;2013;1.8253617;992;j
RS;bdiinc992j;p69p100;2014;1.8633876;992;j
RS;bdiinc992j;p69p100;2015;1.9856315;992;j
RS;bdiinc992j;p69p100;2016;1.9978189;992;j
RS;bdiinc992j;p69p100;2017;1.999898;992;j
RS;bdiinc992j;p99.3p100;1990;1.9606256;992;j
RS;bdiinc992j;p99.3p100;1991;1.9251915;992;j
RS;bdiinc992j;p99.3p100;1992;1.8795211;992;j
RS;bdiinc992j;p99.3p100;1993;1.850994;992;j
RS;bdiinc992j;p99.3p100;1994;1.8323317;992;j
RS;bdiinc992j;p99.3p100;1995;1.8168;992;j
RS;bdiinc992j;p99.3p100;1996;1.7970114;992;j
RS;bdiinc992j;p99.3p100;1997;1.7758147;992;j
RS;bdiinc992j;p99.3p100;1998;1.8041064;992;j
RS;bdiinc992j;p99.3p100;1999;1.9019486;992;j
RS;bdiinc992j;p99.3p100;2000;1.9201139;992;j
RS;bdiinc992j;p99.3p100;2001;1.9986072;992;j
RS;bdiinc992j;p99.3p100;2002;1.9464223;992;j
RS;bdiinc992j;p99.3p100;2003;1.941921;992;j
RS;bdiinc992j;p99.3p100;2004;1.9411346;992;j
RS;bdiinc992j;p99.3p100;2005;1.9765161;992;j
RS;bdiinc992j;p99.3p100;2006;1.9144076;992;j
RS;bdiinc992j;p99.3p100;2007;1.8379581;992;j
RS;bdiinc992j;p99.3p100;2008;1.771118;992;j
RS;bdiinc992j;p99.3p100;2009;1.8679366;992;j
RS;bdiinc992j;p99.3p100;2010;1.827106;992;j
RS;bdiinc992j;p99.3p100;2011;1.8045938;992;j
RS;bdiinc992j;p99.3p100;2012;2.0473461;992;j
RS;bdiinc992j;p99.3p100;2013;1.884949;992;j
RS;bdiinc992j;p99.3p100;2014;2.3406281;992;j
RS;bdiinc992j;p99.3p100;2015;2.7897658;992;j
RS;bdiinc992j;p99.3p100;2016;2.7943716;992;j
RS;bdiinc992j;p99.3p100;2017;2.7967999;992;j
RS;bptinc992j;p98p100;1990;1.8797821;992;j
RS;bptinc992j;p98p100;1991;1.8969438;992;j
RS;bptinc992j;p98p100;1992;1.9089078;992;j
RS;bptinc992j;p98p100;1993;1.9263605;992;j
RS;bptinc992j;p98p100;1994;1.9375484;992;j
RS;bptinc992j;p98p100;1995;1.9552226;992;j
RS;bptinc992j;p98p100;1996;1.9680704;992;j
RS;bptinc992j;p98p100;1997;1.9817365;992;j
RS;bptinc992j;p98p100;1998;1.9737009;992;j
RS;bptinc992j;p98p100;1999;2.024133;992;j
RS;bptinc992j;p98p100;2000;2.0676017;992;j
RS;bptinc992j;p98p100;2001;2.1198957;992;j
RS;bptinc992j;p98p100;2002;2.0928624;992;j
RS;bptinc992j;p98p100;2003;2.0649486;992;j
RS;bptinc992j;p98p100;2004;2.0715141;992;j
RS;bptinc992j;p98p100;2005;2.0354264;992;j
RS;bptinc992j;p98p100;2006;2.0364804;992;j
RS;bptinc992j;p98p100;2007;1.979562;992;j
RS;bptinc992j;p98p100;2008;1.990027;992;j
RS;bptinc992j;p98p100;2009;1.9744216;992;j
RS;bptinc992j;p98p100;2010;1.9517002;992;j
RS;bptinc992j;p98p100;2011;1.9738241;992;j
RS;bptinc992j;p98p100;2012;1.8505832;992;j
RS;bptinc992j;p98p100;2013;1.8949033;992;j
RS;bptinc992j;p98p100;2014;2.1686571;992;j
RS;bptinc992j;p98p100;2015;2.1470535;992;j
RS;bptinc992j;p98p100;2016;2.1478209;992;j
RS;bptinc992j;p98p100;2017;2.1484306;992;j
RS;bptinc992j;p99.998p100;1990;2.1026437;992;j
RS;bptinc992j;p99.998p100;1991;2.1256804;992;j
RS;bptinc992j;p99.998p100;1992;2.132468;992;j
RS;bptinc992j;p99.998p100;1993;2.154566;992;j
RS;bptinc992j;p99.998p100;1994;2.1553237;992;j
RS;bptinc992j;p99.998p100;1995;2.1747742;992;j
RS;bptinc992j;p99.998p100;1996;2.1939504;992;j
RS;bptinc992j;p99.998p100;1997;2.2162302;992;j
RS;bptinc992j;p99.998p100;1998;2.1789694;992;j
RS;bptinc992j;p99.998p100;1999;2.2364705;992;j
RS;bptinc992j;p99.998p100;2000;2.2476487;992;j
RS;bptinc992j;p99.998p100;2001;2.3108869;992;j
RS;bptinc992j;p99.998p100;2002;2.2496247;992;j
RS;bptinc992j;p99.998p100;2003;2.2185187;992;j
RS;bptinc992j;p99.998p100;2004;2.2143178;992;j
RS;bptinc992j;p99.998p100;2005;2.1498654;992;j
RS;bptinc992j;p99.998p100;2006;2.1513023;992;j
RS;bptinc992j;p99.998p100;2007;2.1115122;992;j
RS;bptinc992j;p99.998p100;2008;2.1279144;992;j
RS;bptinc992j;p99.998p100;2009;2.1016161;992;j
RS;bptinc992j;p99.998p100;2010;2.0202761;992;j
RS;bptinc992j;p99.998p100;2011;2.0469728;992;j
RS;bptinc992j;p99.998p100;2012;1.8210148;992;j
RS;bptinc992j;p99.998p100;2013;1.9178524;992;j
RS;bptinc992j;p99.998p100;2014;2.3249295;992;j
RS;bptinc992j;p99.998p100;2015;2.3374164;992;j
RS;bptinc992j;p99.998p100;2016;2.337198;992;j
RS;bptinc992j;p99.998p100;2017;2.3358347;992;j
RS;gptinc992j;p0p100;1990;0.42137879;992;j
RS;gptinc992j;p0p100;1991;0.42295569;992;j
RS;gptinc992j;p0p100;1992;0.4244512;992;j
RS;gptinc992j;p0p100;1993;0.42600566;992;j
RS;gptinc992j;p0p100;1994;0.42757785;992;j
RS;gptinc992j;p0p100;1995;0.42923194;992;j
RS;gptinc992j;p0p100;1996;0.4301497;992;j
RS;gptinc992j;p0p100;1997;0.43118185;992;j
RS;gptinc992j;p0p100;1998;0.42887974;992;j
RS;gptinc992j;p0p100;1999;0.43099782;992;j
RS;gptinc992j;p0p100;2000;0.43859911;992;j
RS;gptinc992j;p0p100;2001;0.44113705;992;j
RS;gptinc992j;p0p100;2002;0.45359445;992;j
RS;gptinc992j;p0p100;2003;0.45898736;992;j
RS;gptinc992j;p0p100;2004;0.47135681;992;j
RS;gptinc992j;p0p100;2005;0.48188701;992;j
RS;gptinc992j;p0p100;2006;0.4912053;992;j
RS;gptinc992j;p0p100;2007;0.49169612;992;j
RS;gptinc992j;p0p100;2008;0.50073946;992;j
RS;gptinc992j;p0p100;2009;0.50767225;992;j
RS;gptinc992j;p0p100;2010;0.5194487;992;j
RS;gptinc992j;p0p100;2011;0.53321183;992;j
RS;gptinc992j;p0p100;2012;0.5340277;992;j
RS;gptinc992j;p0p100;2013;0.5330506;992;j
RS;gptinc992j;p0p100;2014;0.54684156;992;j
RS;gptinc992j;p0p100;2015;0.53799397;992;j
RS;gptinc992j;p0p100;2016;0.53803921;992;j
RS;gptinc992j;p0p100;2017;0.53843582;992;j
RS;msegnp999i;p0p100;1997;383885984.0;999;i
RS;msegnp999i;p0p100;1998;743618624.0;999;i
RS;msegnp999i;p0p100;1999;362334432.0;999;i
RS;msegnp999i;p0p100;2000;410077120.0;999;i
RS;msegnp999i;p0p100;2001;591965376.0;999;i
RS;msegnp999i;p0p100;2002;605677056.0;999;i
RS;msegnp999i;p0p100;2003;655247040.0;999;i
RS;msegnp999i;p0p100;2004;885298112.0;999;i
RS;msegnp999i;p0p100;2005;1169668864.0;999;i
RS;msegnp999i;p0p100;2006;1370973952.0;999;i
RS;msegnp999i;p0p100;2007;1456585856.0;999;i
RS;msegnp999i;p0p100;2008;1587664768.0;999;i
RS;msegnp999i;p0p100;2009;1529373440.0;999;i
RS;msegnp999i;p0p100;2010;1414915840.0;999;i
RS;msegnp999i;p0p100;2011;1440344320.0;999;i
RS;mssbfc999i;p0p100;1997;0.0;999;i
RS;mssbfc999i;p0p100;1998;0.0;999;i
RS;mssbfc999i;p0p100;1999;0.0;999;i
RS;mssbfc999i;p0p100;2000;0.0;999;i
RS;mssbfc999i;p0p100;2001;0.0;999;i
RS;mssbfc999i;p0p100;2002;0.0;999;i
RS;mssbfc999i;p0p100;2003;0.0;999;i
RS;mssbfc999i;p0p100;2004;0.0;999;i
RS;mssbfc999i;p0p100;2005;0.0;999;i
RS;mssbfc999i;p0p100;2006;0.0;999;i
RS;mssbfc999i;p0p100;2007;0.0;999;i
RS;mssbfc999i;p0p100;2008;0.0;999;i
RS;mssbfc999i;p0p100;2009;0.0;999;i
RS;mssbfc999i;p0p100;2010;0.0;999;i
RS;mssbfc999i;p0p100;2011;0.0;999;i
RS;scainc992j;p30p31;1990;0.0055;992;j
RS;scainc992j;p30p31;1991;0.0055999998;992;j
RS;scainc992j;p30p31;1992;0.0055999998;992;j
RS;scainc992j;p30p31;1993;0.0057000001;992;j
RS;scainc992j;p30p31;1994;0.0057000001;992;j
RS;scainc992j;p30p31;1995;0.0057999999;992;j
RS;scainc992j;p30p31;1996;0.0057999999;992;j
RS;scainc992j;p30p31;1997;0.0059000002;992;j
RS;scainc992j;p30p31;1998;0.0057999999;992;j
RS;scainc992j;p30p31;1999;0.0057999999;992;j
RS;scainc992j;p30p31;2000;0.0057999999;992;j
RS;scainc992j;p30p31;2001;0.0057999999;992;j
RS;scainc992j;p30p31;2002;0.0057000001;992;j
RS;scainc992j;p30p31;2003;0.0055999998;992;j
RS;scainc992j;p30p31;2004;0.0054000001;992;j
RS;scainc992j;p30p31;2005;0.0052999998;992;j
RS;scainc992j;p30p31;2006;0.0051000002;992;j
RS;scainc992j;p30p31;2007;0.0051000002;992;j
RS;scainc992j;p30p31;2008;0.0049999999;992;j
RS;scainc992j;p30p31;2009;0.0049000001;992;j
RS;scainc992j;p30p31;2010;0.0046000001;992;j
RS;scainc992j;p30p31;2011;0.0043000001;992;j
RS;scainc992j;p30p31;2012;0.0043000001;992;j
RS;scainc992j;p30p31;2013;0.0040000002;992;j
RS;scainc992j;p30p31;2014;0.0041999999;992;j
RS;scainc992j;p30p31;2015;0.0038999999;992;j
RS;scainc992j;p30p31;2016;0.0038999999;992;j
RS;scainc992j;p30p31;2017;0.0038999999;992;j
RS;scainc992j;p47p48;1990;0.0078999996;992;j
RS;scainc992j;p47p48;1991;0.0080000004;992;j
RS;scainc992j;p47p48;1992;0.0080000004;992;j
RS;scainc992j;p47p48;1993;0.0081000002;992;j
RS;scainc992j;p47p48;1994;0.0081000002;992;j
RS;scainc992j;p47p48;1995;0.0081000002;992;j
RS;scainc992j;p47p48;1996;0.0082;992;j
RS;scainc992j;p47p48;1997;0.0082;992;j
RS;scainc992j;p47p48;1998;0.0080000004;992;j
RS;scainc992j;p47p48;1999;0.0078999996;992;j
RS;scainc992j;p47p48;2000;0.0078999996;992;j
RS;scainc992j;p47p48;2001;0.0077999998;992;j
RS;scainc992j;p47p48;2002;0.0077;992;j
RS;scainc992j;p47p48;2003;0.0077;992;j
RS;scainc992j;p47p48;2004;0.0076000001;992;j
RS;scainc992j;p47p48;2005;0.0074999998;992;j
RS;scainc992j;p47p48;2006;0.0074;992;j
RS;scainc992j;p47p48;2007;0.0074;992;j
RS;scainc992j;p47p48;2008;0.0074;992;j
RS;scainc992j;p47p48;2009;0.0073000002;992;j
RS;scainc992j;p47p48;2010;0.0071;992;j
RS;scainc992j;p47p48;2011;0.0071;992;j
RS;scainc992j;p47p48;2012;0.0068999999;992;j
RS;scainc992j;p47p48;2013;0.0068999999;992;j
RS;scainc992j;p47p48;2014;0.0068000001;992;j
RS;scainc992j;p47p48;2015;0.0066999998;992;j
RS;scainc992j;p47p48;2016;0.0066999998;992;j
RS;scainc992j;p47p48;2017;0.0066999998;992;j
RS;scainc992j;p75p76;1990;0.0131;992;j
RS;scainc992j;p75p76;1991;0.0131;992;j
RS;scainc992j;p75p76;1992;0.0131;992;j
RS;scainc992j;p75p76;1993;0.013;992;j
RS;scainc992j;p75p76;1994;0.013;992;j
RS;scainc992j;p75p76;1995;0.013;992;j
RS;scainc992j;p75p76;1996;0.013;992;j
RS;scainc992j;p75p76;1997;0.013;992;j
RS;scainc992j;p75p76;1998;0.0128;992;j
RS;scainc992j;p75p76;1999;0.0126;992;j
RS;scainc992j;p75p76;2000;0.0125;992;j
RS;scainc992j;p75p76;2001;0.0124;992;j
RS;scainc992j;p75p76;2002;0.0126;992;j
RS;scainc992j;p75p76;2003;0.0126;992;j
RS;scainc992j;p75p76;2004;0.0127;992;j
RS;scainc992j;p75p76;2005;0.0127;992;j
RS;scainc992j;p75p76;2006;0.0127;992;j
RS;scainc992j;p75p76;2007;0.0129;992;j
RS;scainc992j;p75p76;2008;0.0129;992;j
RS;scainc992j;p75p76;2009;0.0128;992;j
RS;scainc992j;p75p76;2010;0.0128;992;j
RS;scainc992j;p75p76;2011;0.0128;992;j
RS;scainc992j;p75p76;2012;0.0128;992;j
RS;scainc992j;p75p76;2013;0.0132;992;j
RS;scainc992j;p75p76;2014;0.0125;992;j
RS;scainc992j;p75p76;2015;0.0121;992;j
RS;scainc992j;p75p76;2016;0.0121;992;j
RS;scainc992j;p75p76;2017;0.0121;992;j
RS;scainc992j;p76p77;1990;0.0134;992;j
RS;scainc992j;p76p77;1991;0.0133;992;j
RS;scainc992j;p76p77;1992;0.0133;992;j
RS;scainc992j;p76p77;1993;0.0133;992;j
RS;scainc992j;p76p77;1994;0.0133;992;j
RS;scainc992j;p76p77;1995;0.0132;992;j
RS;scainc992j;p76p77;1996;0.0132;992;j
RS;scainc992j;p76p77;1997;0.0132;992;j
RS;scainc992j;p76p77;1998;0.013;992;j
RS;scainc992j;p76p77;1999;0.0129;992;j
RS;scainc992j;p76p77;2000;0.0128;992;j
RS;scainc992j;p76p77;2001;0.0127;992;j
RS;scainc992j;p76p77;2002;0.0128;992;j
RS;scainc992j;p76p77;2003;0.0128;992;j
RS;scainc992j;p76p77;2004;0.013;992;j
RS;scainc992j;p76p77;2005;0.0129;992;j
RS;scainc992j;p76p77;2006;0.0129;992;j
RS;scainc992j;p76p77;2007;0.0131;992;j
RS;scainc992j;p76p77;2008;0.0132;992;j
RS;scainc992j;p76p77;2009;0.0131;992;j
RS;scainc992j;p76p77;2010;0.0131;992;j
RS;scainc992j;p76p77;2011;0.0132;992;j
RS;scainc992j;p76p77;2012;0.0131;992;j
RS;scainc992j;p76p77;2013;0.0135;992;j
RS;scainc992j;p76p77;2014;0.0128;992;j
RS;scainc992j;p76p77;2015;0.0124;992;j
RS;scainc992j;p76p77;2016;0.0124;992;j
RS;scainc992j;p76p77;2017;0.0124;992;j
RS;sdiinc992j;p55p100;1990;0.70969999;992;j
RS;sdiinc992j;p55p100;1991;0.70789999;992;j
RS;sdiinc992j;p55p100;1992;0.7062;992;j
RS;sdiinc992j;p55p100;1993;0.70459998;992;j
RS;sdiinc992j;p55p100;1994;0.70300001;992;j
RS;sdiinc992j;p55p100;1995;0.7015;992;j
RS;sdiinc992j;p55p100;1996;0.69950002;992;j
RS;sdiinc992j;p55p100;1997;0.69709998;992;j
RS;sdiinc992j;p55p100;1998;0.69959998;992;j
RS;sdiinc992j;p55p100;1999;0.70310003;992;j
RS;sdiinc992j;p55p100;2000;0.704;992;j
RS;sdiinc992j;p55p100;2001;0.70490003;992;j
RS;sdiinc992j;p55p100;2002;0.71280003;992;j
RS;sdiinc992j;p55p100;2003;0.7159;992;j
RS;sdiinc992j;p55p100;2004;0.72579998;992;j
RS;sdiinc992j;p55p100;2005;0.7317;992;j
RS;sdiinc992j;p55p100;2006;0.7396;992;j
RS;sdiinc992j;p55p100;2007;0.74080002;992;j
RS;sdiinc992j;p55p100;2008;0.74440002;992;j
RS;sdiinc992j;p55p100;2009;0.74959999;992;j
RS;sdiinc992j;p55p100;2010;0.75910002;992;j
RS;sdiinc992j;p55p100;2011;0.76899999;992;j
RS;sdiinc992j;p55p100;2012;0.77149999;992;j
RS;sdiinc992j;p55p100;2013;0.77450001;992;j
RS;sdiinc992j;p55p100;2014;0.75709999;992;j
RS;sdiinc992j;p55p100;2015;0.77179998;992;j
RS;sdiinc992j;p55p100;2016;0.77590001;992;j
RS;sdiinc992j;p55p100;2017;0.77640003;992;j
RS;sptinc992j;p45p100;1990;0.82279998;992;j
RS;sptinc992j;p45p100;1991;0.8233;992;j
RS;sptinc992j;p45p100;1992;0.82380003;992;j
RS;sptinc992j;p45p100;1993;0.82429999;992;j
RS;sptinc992j;p45p100;1994;0.8247;992;j
RS;sptinc992j;p45p100;1995;0.82520002;992;j
RS;sptinc992j;p45p100;1996;0.82550001;992;j
RS;sptinc992j;p45p100;1997;0.82590002;992;j
RS;sptinc992j;p45p100;1998;0.8233;992;j
RS;sptinc992j;p45p100;1999;0.82349998;992;j
RS;sptinc992j;p45p100;2000;0.82609999;992;j
RS;sptinc992j;p45p100;2001;0.82639998;992;j
RS;sptinc992j;p45p100;2002;0.8348;992;j
RS;sptinc992j;p45p100;2003;0.83840001;992;j
RS;sptinc992j;p45p100;2004;0.84509999;992;j
RS;sptinc992j;p45p100;2005;0.85149997;992;j
RS;sptinc992j;p45p100;2006;0.85820001;992;j
RS;sptinc992j;p45p100;2007;0.86080003;992;j
RS;sptinc992j;p45p100;2008;0.86729997;992;j
RS;sptinc992j;p45p100;2009;0.87180001;992;j
RS;sptinc992j;p45p100;2010;0.87769997;992;j
RS;sptinc992j;p45p100;2011;0.88609999;992;j
RS;sptinc992j;p45p100;2012;0.88889998;992;j
RS;sptinc992j;p45p100;2013;0.8897;992;j
RS;sptinc992j;p45p100;2014;0.89380002;992;j
RS;sptinc992j;p45p100;2015;0.88889998;992;j
RS;sptinc992j;p45p100;2016;0.88889998;992;j
RS;sptinc992j;p45p100;2017;0.88910002;992;j
RS;tcainc992j;p37p38;1990;340533.5;992;j
RS;tcainc992j;p37p38;1991;296596.91;992;j
RS;tcainc992j;p37p38;1992;203788.91;992;j
RS;tcainc992j;p37p38;1993;132362.09;992;j
RS;tcainc992j;p37p38;1994;136801.3;992;j
RS;tcainc992j;p37p38;1995;144826.41;992;j
RS;tcainc992j;p37p38;1996;146669.5;992;j
RS;tcainc992j;p37p38;1997;155386.41;992;j
RS;tcainc992j;p37p38;1998;165402.5;992;j
RS;tcainc992j;p37p38;1999;188040.7;992;j
RS;tcainc992j;p37p38;2000;201651.09;992;j
RS;tcainc992j;p37p38;2001;196493.3;992;j
RS;tcainc992j;p37p38;2002;200961.2;992;j
RS;tcainc992j;p37p38;2003;210688.2;992;j
RS;tcainc992j;p37p38;2004;245971.2;992;j
RS;tcainc992j;p37p38;2005;274120.09;992;j
RS;tcainc992j;p37p38;2006;284849.59;992;j
RS;tcainc992j;p37p38;2007;283086.31;992;j
RS;tcainc992j;p37p38;2008;298689.81;992;j
RS;tcainc992j;p37p38;2009;290920.5;992;j
RS;tcainc992j;p37p38;2010;283703.31;992;j
RS;tcainc992j;p37p38;2011;279530.31;992;j
RS;tcainc992j;p37p38;2012;272839.31;992;j
RS;tcainc992j;p37p38;2013;269945.0;992;j
RS;tcainc992j;p37p38;2014;270023.19;992;j
RS;tcainc992j;p37p38;2015;263925.0;992;j
RS;tcainc992j;p37p38;2016;273816.91;992;j
RS;tcainc992j;p37p38;2017;273812.0;992;j
RS;tcainc992j;p57p58;1990;489210.91;992;j
RS;tcainc992j;p57p58;1991;425317.09;992;j
RS;tcainc992j;p57p58;1992;291099.69;992;j
RS;tcainc992j;p57p58;1993;188649.8;992;j
RS;tcainc992j;p57p58;1994;194239.91;992;j
RS;tcainc992j;p57p58;1995;204889.5;992;j
RS;tcainc992j;p57p58;1996;206778.5;992;j
RS;tcainc992j;p57p58;1997;218337.8;992;j
RS;tcainc992j;p57p58;1998;237278.09;992;j
RS;tcainc992j;p57p58;1999;267600.19;992;j
RS;tcainc992j;p57p58;2000;287581.0;992;j
RS;tcainc992j;p57p58;2001;277299.5;992;j
RS;tcainc992j;p57p58;2002;290696.31;992;j
RS;tcainc992j;p57p58;2003;306425.41;992;j
RS;tcainc992j;p57p58;2004;364290.19;992;j
RS;tcainc992j;p57p58;2005;410266.59;992;j
RS;tcainc992j;p57p58;2006;430994.5;992;j
RS;tcainc992j;p57p58;2007;433608.0;992;j
RS;tcainc992j;p57p58;2008;463551.5;992;j
RS;tcainc992j;p57p58;2009;455440.81;992;j
RS;tcainc992j;p57p58;2010;449296.69;992;j
RS;tcainc992j;p57p58;2011;449787.31;992;j
RS;tcainc992j;p57p58;2012;444696.69;992;j
RS;tcainc992j;p57p58;2013;454449.09;992;j
RS;tcainc992j;p57p58;2014;434852.31;992;j
RS;tcainc992j;p57p58;2015;430026.0;992;j
RS;tcainc992j;p57p58;2016;446066.41;992;j
RS;tcainc992j;p57p58;2017;446330.31;992;j
RS;tptinc992j;p10p100;1990;151392.3;992;j
RS;tptinc992j;p10p100;1991;132187.09;992;j
RS;tptinc992j;p10p100;1992;91000.203;992;j
RS;tptinc992j;p10p100;1993;59255.801;992;j
RS;tptinc992j;p10p100;1994;61378.801;992;j
RS;tptinc992j;p10p100;1995;65347.898;992;j
RS;tptinc992j;p10p100;1996;66577.602;992;j
RS;tptinc992j;p10p100;1997;71432.102;992;j
RS;tptinc992j;p10p100;1998;83051.398;992;j
RS;tptinc992j;p10p100;1999;92784.297;992;j
RS;tptinc992j;p10p100;2000;100208.6;992;j
RS;tptinc992j;p10p100;2001;101619.1;992;j
RS;tptinc992j;p10p100;2002;92827.398;992;j
RS;tptinc992j;p10p100;2003;91318.703;992;j
RS;tptinc992j;p10p100;2004;92245.703;992;j
RS;tptinc992j;p10p100;2005;92559.0;992;j
RS;tptinc992j;p10p100;2006;85836.703;992;j
RS;tptinc992j;p10p100;2007;76302.398;992;j
RS;tptinc992j;p10p100;2008;66903.398;992;j
RS;tptinc992j;p10p100;2009;56882.699;992;j
RS;tptinc992j;p10p100;2010;52010.5;992;j
RS;tptinc992j;p10p100;2011;42879.699;992;j
RS;tptinc992j;p10p100;2012;37833.898;992;j
RS;tptinc992j;p10p100;2013;32148.801;992;j
RS;tptinc992j;p10p100;2014;32646.199;992;j
RS;tptinc992j;p10p100;2015;32754.699;992;j
RS;tptinc992j;p10p100;2016;33851.199;992;j
RS;tptinc992j;p10p100;2017;33703.699;992;j
RS;tptinc992j;p23p24;1990;281891.31;992;j
RS;tptinc992j;p23p24;1991;244297.91;992;j
RS;tptinc992j;p23p24;1992;167031.5;992;j
RS;tptinc992j;p23p24;1993;107923.3;992;j
RS;tptinc992j;p23p24;1994;110985.7;992;j
RS;tptinc992j;p23p24;1995;116830.0;992;j
RS;tptinc992j;p23p24;1996;117580.6;992;j
RS;tptinc992j;p23p24;1997;124496.1;992;j
RS;tptinc992j;p23p24;1998;135423.5;992;j
RS;tptinc992j;p23p24;1999;146440.2;992;j
RS;tptinc992j;p23p24;2000;157390.41;992;j
RS;tptinc992j;p23p24;2001;156084.7;992;j
RS;tptinc992j;p23p24;2002;159445.0;992;j
RS;tptinc992j;p23p24;2003;162123.7;992;j
RS;tptinc992j;p23p24;2004;172374.09;992;j
RS;tptinc992j;p23p24;2005;183983.2;992;j
RS;tptinc992j;p23p24;2006;183875.3;992;j
RS;tptinc992j;p23p24;2007;185407.7;992;j
RS;tptinc992j;p23p24;2008;185011.09;992;j
RS;tptinc992j;p23p24;2009;171801.0;992;j
RS;tptinc992j;p23p24;2010;164650.0;992;j
RS;tptinc992j;p23p24;2011;142742.91;992;j
RS;tptinc992j;p23p24;2012;126085.8;992;j
RS;tptinc992j;p23p24;2013;134794.59;992;j
RS;tptinc992j;p23p24;2014;119542.5;992;j
RS;tptinc992j;p23p24;2015;129685.4;992;j
RS;tptinc992j;p23p24;2016;133766.41;992;j
RS;tptinc992j;p23p24;2017;134126.3;992;j
RS;tptinc992j;p79p100;1990;1030632.4;992;j
RS;tptinc992j;p79p100;1991;892362.31;992;j
RS;tptinc992j;p79p100;1992;609865.63;992;j
RS;tptinc992j;p79p100;1993;394501.81;992;j
RS;tptinc992j;p79p100;1994;405179.41;992;j
RS;tptinc992j;p79p100;1995;426280.31;992;j
RS;tptinc992j;p79p100;1996;428940.0;992;j
RS;tptinc992j;p79p100;1997;454082.19;992;j
RS;tptinc992j;p79p100;1998;471649.59;992;j
RS;tptinc992j;p79p100;1999;512544.09;992;j
RS;tptinc992j;p79p100;2000;557222.88;992;j
RS;tptinc992j;p79p100;2001;551269.38;992;j
RS;tptinc992j;p79p100;2002;600734.81;992;j
RS;tptinc992j;p79p100;2003;631855.19;992;j
RS;tptinc992j;p79p100;2004;710897.38;992;j
RS;tptinc992j;p79p100;2005;796006.13;992;j
RS;tptinc992j;p79p100;2006;844829.31;992;j
RS;tptinc992j;p79p100;2007;890023.13;992;j
RS;tptinc992j;p79p100;2008;957585.13;992;j
RS;tptinc992j;p79p100;2009;939549.13;992;j
RS;tptinc992j;p79p100;2010;936149.88;992;j
RS;tptinc992j;p79p100;2011;940782.69;992;j
RS;tptinc992j;p79p100;2012;962341.13;992;j
RS;tptinc992j;p79p100;2013;989443.88;992;j
RS;tptinc992j;p79p100;2014;941855.69;992;j
RS;tptinc992j;p79p100;2015;940676.69;992;j
RS;tptinc992j;p79p100;2016;969445.31;992;j
RS;tptinc992j;p79p100;2017;974810.5;992;j
RS;tptinc992j;p98p99;1990;2389181.0;992;j
RS;tptinc992j;p98p99;1991;2084842.9;992;j
RS;tptinc992j;p98p99;1992;1437295.3;992;j
RS;tptinc992j;p98p99;1993;936509.69;992;j
RS;tptinc992j;p98p99;1994;971879.81;992;j
RS;tptinc992j;p98p99;1995;1031239.9;992;j
RS;tptinc992j;p98p99;1996;1041708.4;992;j
RS;tptinc992j;p98p99;1997;1106140.0;992;j
RS;tptinc992j;p98p99;1998;1178102.0;992;j
RS;tptinc992j;p98p99;1999;1298943.1;992;j
RS;tptinc992j;p98p99;2000;1470162.6;992;j
RS;tptinc992j;p98p99;2001;1476662.5;992;j
RS;tptinc992j;p98p99;2002;1625786.6;992;j
RS;tptinc992j;p98p99;2003;1729181.9;992;j
RS;tptinc992j;p98p99;2004;1998920.0;992;j
RS;tptinc992j;p98p99;2005;2289621.0;992;j
RS;tptinc992j;p98p99;2006;2442980.5;992;j
RS;tptinc992j;p98p99;2007;2483956.0;992;j
RS;tptinc992j;p98p99;2008;2664455.3;992;j
RS;tptinc992j;p98p99;2009;2655140.3;992;j
RS;tptinc992j;p98p99;2010;2774466.3;992;j
RS;tptinc992j;p98p99;2011;2844913.3;992;j
RS;tptinc992j;p98p99;2012;2904485.0;992;j
RS;tptinc992j;p98p99;2013;2900879.3;992;j
RS;tptinc992j;p98p99;2014;2826437.3;992;j
RS;tptinc992j;p98p99;2015;2789921.3;992;j
RS;tptinc992j;p98p99;2016;2877642.8;992;j
RS;tptinc992j;p98p99;2017;2897794.3;992;j
RS;acainc992j;p60p70;1990;560207.38;992;j
RS;acainc992j;p60p70;1991;487010.09;992;j
RS;acainc992j;p60p70;1992;333006.69;992;j
RS;acainc992j;p60p70;1993;215456.5;992;j
RS;acainc992j;p60p70;1994;221421.3;992;j
RS;acainc992j;p60p70;1995;233182.91;992;j
RS;acainc992j;p60p70;1996;234946.91;992;j
RS;acainc992j;p60p70;1997;247804.8;992;j
RS;acainc992j;p60p70;1998;270434.19;992;j
RS;acainc992j;p60p70;1999;305502.91;992;j
RS;acainc992j;p60p70;2000;326591.09;992;j
RS;acainc992j;p60p70;2001;316335.09;992;j
RS;acainc992j;p60p70;2002;332685.19;992;j
RS;acainc992j;p60p70;2003;350752.5;992;j
RS;acainc992j;p60p70;2004;419621.69;992;j
RS;acainc992j;p60p70;2005;473150.31;992;j
RS;acainc992j;p60p70;2006;499420.59;992;j
RS;acainc992j;p60p70;2007;502549.81;992;j
RS;acainc992j;p60p70;2008;539521.13;992;j
RS;acainc992j;p60p70;2009;529121.88;992;j
RS;acainc992j;p60p70;2010;527888.19;992;j
RS;acainc992j;p60p70;2011;530845.5;992;j
RS;acainc992j;p60p70;2012;527311.81;992;j
RS;acainc992j;p60p70;2013;549553.13;992;j
RS;acainc992j;p60p70;2014;522325.09;992;j
RS;acainc992j;p60p70;2015;508638.5;992;j
RS;acainc992j;p60p70;2016;527427.5;992;j
RS;acainc992j;p60p70;2017;527797.63;992;j
RS;acainc992j;p80p81;1990;745361.81;992;j
RS;acainc992j;p80p81;1991;644925.88;992;j
RS;acainc992j;p80p81;1992;440359.31;992;j
RS;acainc992j;p80p81;1993;284350.0;992;j
RS;acainc992j;p80p81;1994;291684.41;992;j
RS;acainc992j;p80p81;1995;306467.91;992;j
RS;acainc992j;p80p81;1996;307915.69;992;j
RS;acainc992j;p80p81;1997;323858.19;992;j
RS;acainc992j;p80p81;1998;349662.91;992;j
RS;acainc992j;p80p81;1999;395128.69;992;j
RS;acainc992j;p80p81;2000;425533.81;992;j
RS;acainc992j;p80p81;2001;410451.81;992;j
RS;acainc992j;p80p81;2002;436377.09;992;j
RS;acainc992j;p80p81;2003;460594.59;992;j
RS;acainc992j;p80p81;2004;558393.88;992;j
RS;acainc992j;p80p81;2005;637594.5;992;j
RS;acainc992j;p80p81;2006;675202.63;992;j
RS;acainc992j;p80p81;2007;681551.13;992;j
RS;acainc992j;p80p81;2008;741136.13;992;j
RS;acainc992j;p80p81;2009;728389.63;992;j
RS;acainc992j;p80p81;2010;740245.63;992;j
RS;acainc992j;p80p81;2011;750658.81;992;j
RS;acainc992j;p80p81;2012;749394.0;992;j
RS;acainc992j;p80p81;2013;789126.81;992;j
RS;acainc992j;p80p81;2014;718460.88;992;j
RS;acainc992j;p80p81;2015;711068.0;992;j
RS;acainc992j;p80p81;2016;737259.19;992;j
RS;acainc992j;p80p81;2017;737804.5;992;j
RS;acainc992j;p99.99p100;1990;44869000.0;992;j
RS;acainc992j;p99.99p100;1991;36376248.0;992;j
RS;acainc992j;p99.99p100;1992;22768892.0;992;j
RS;acainc992j;p99.99p100;1993;13930321.0;992;j
RS;acainc992j;p99.99p100;1994;13781885.0;992;j
RS;acainc992j;p99.99p100;1995;14055735.0;992;j
RS;acainc992j;p99.99p100;1996;13516228.0;992;j
RS;acainc992j;p99.99p100;1997;13557257.0;992;j
RS;acainc992j;p99.99p100;1998;15886189.0;992;j
RS;acainc992j;p99.99p100;1999;22342846.0;992;j
RS;acainc992j;p99.99p100;2000;25815566.0;992;j
RS;acainc992j;p99.99p100;2001;29418046.0;992;j
RS;acainc992j;p99.99p100;2002;28776020.0;992;j
RS;acainc992j;p99.99p100;2003;30174212.0;992;j
RS;acainc992j;p99.99p100;2004;36704836.0;992;j
RS;acainc992j;p99.99p100;2005;45437124.0;992;j
RS;acainc992j;p99.99p100;2006;43790272.0;992;j
RS;acainc992j;p99.99p100;2007;37602856.0;992;j
RS;acainc992j;p99.99p100;2008;35211232.0;992;j
RS;acainc992j;p99.99p100;2009;43364104.0;992;j
RS;acainc992j;p99.99p100;2010;41305720.0;992;j
RS;acainc992j;p99.99p100;2011;40708648.0;992;j
RS;acainc992j;p99.99p100;2012;64806704.0;992;j
RS;acainc992j;p99.99p100;2013;49061708.0;992;j
RS;acainc992j;p99.99p100;2014;97467624.0;992;j
RS;acainc992j;p99.99p100;2015;167629840.0;992;j
RS;acainc992j;p99.99p100;2016;173996400.0;992;j
RS;acainc992j;p99.99p100;2017;174534608.0;992;j
RS;acfcfc992i;p0p100;1997;415.5;992;i
RS;acfcfc992i;p0p100;1998;785.20001;992;i
RS;acfcfc992i;p0p100;1999;831.70001;992;i
RS;acfcfc992i;p0p100;2000;892.5;992;i
RS;acfcfc992i;p0p100;2001;1165.2;992;i
RS;acfcfc992i;p0p100;2002;1269.1;992;i
RS;acfcfc992i;p0p100;2003;1349.3;992;i
RS;acfcfc992i;p0p100;2004;1553.9;992;i
RS;acfcfc992i;p0p100;2005;2005.5;992;i
RS;acfcfc992i;p0p100;2006;2543.8999;992;i
RS;acfcfc992i;p0p100;2007;2814.6001;992;i
RS;acfcfc992i;p0p100;2008;2871.8999;992;i
RS;acfcfc992i;p0p100;2009;2874.3999;992;i
RS;acfcfc992i;p0p100;2010;2936.1001;992;i
RS;acfcfc992i;p0p100;2011;2858.8;992;i
RS;adiinc992j;p24p100;1990;897741.5;992;j
RS;adiinc992j;p24p100;1991;778773.38;992;j
RS;adiinc992j;p24p100;1992;532757.5;992;j
RS;adiinc992j;p24p100;1993;345112.59;992;j
RS;adiinc992j;p24p100;1994;355029.69;992;j
RS;adiinc992j;p24p100;1995;374283.5;992;j
RS;adiinc992j;p24p100;1996;376846.19;992;j
RS;adiinc992j;p24p100;1997;398901.09;992;j
RS;adiinc992j;p24p100;1998;418461.41;992;j
RS;adiinc992j;p24p100;1999;458927.5;992;j
RS;adiinc992j;p24p100;2000;504794.91;992;j
RS;adiinc992j;p24p100;2001;504176.5;992;j
RS;adiinc992j;p24p100;2002;546100.81;992;j
RS;adiinc992j;p24p100;2003;574423.63;992;j
RS;adiinc992j;p24p100;2004;651141.38;992;j
RS;adiinc992j;p24p100;2005;727854.69;992;j
RS;adiinc992j;p24p100;2006;772046.19;992;j
RS;adiinc992j;p24p100;2007;797813.63;992;j
RS;adiinc992j;p24p100;2008;850696.63;992;j
RS;adiinc992j;p24p100;2009;837220.69;992;j
RS;adiinc992j;p24p100;2010;842997.88;992;j
RS;adiinc992j;p24p100;2011;850074.19;992;j
RS;adiinc992j;p24p100;2012;849509.5;992;j
RS;adiinc992j;p24p100;2013;868626.81;992;j
RS;adiinc992j;p24p100;2014;837829.81;992;j
RS;adiinc992j;p24p100;2015;852723.38;992;j
RS;adiinc992j;p24p100;2016;881334.69;992;j
RS;adiinc992j;p24p100;2017;886824.38;992;j
RS;adiinc992j;p31p100;1990;948905.31;992;j
RS;adiinc992j;p31p100;1991;822742.5;992;j
RS;adiinc992j;p31p100;1992;562539.31;992;j
RS;adiinc992j;p31p100;1993;364225.69;992;j
RS;adiinc992j;p31p100;1994;374506.69;992;j
RS;adiinc992j;p31p100;1995;394627.31;992;j
RS;adiinc992j;p31p100;1996;397102.19;992;j
RS;adiinc992j;p31p100;1997;420069.91;992;j
RS;adiinc992j;p31p100;1998;440666.0;992;j
RS;adiinc992j;p31p100;1999;483642.69;992;j
RS;adiinc992j;p31p100;2000;531862.69;992;j
RS;adiinc992j;p31p100;2001;531166.81;992;j
RS;adiinc992j;p31p100;2002;575947.13;992;j
RS;adiinc992j;p31p100;2003;606359.0;992;j
RS;adiinc992j;p31p100;2004;688564.13;992;j
RS;adiinc992j;p31p100;2005;770354.63;992;j
RS;adiinc992j;p31p100;2006;818527.63;992;j
RS;adiinc992j;p31p100;2007;845875.5;992;j
RS;adiinc992j;p31p100;2008;902958.31;992;j
RS;adiinc992j;p31p100;2009;889941.5;992;j
RS;adiinc992j;p31p100;2010;898127.38;992;j
RS;adiinc992j;p31p100;2011;907863.88;992;j
RS;adiinc992j;p31p100;2012;906717.0;992;j
RS;adiinc992j;p31p100;2013;929981.88;992;j
RS;adiinc992j;p31p100;2014;894194.5;992;j
RS;adiinc992j;p31p100;2015;912408.13;992;j
RS;adiinc992j;p31p100;2016;943640.69;992;j
RS;adiinc992j;p31p100;2017;949600.88;992;j
RS;adiinc992j;p34p100;1990;971521.0;992;j
RS;adiinc992j;p34p100;1991;842241.38;992;j
RS;adiinc992j;p34p100;1992;575789.38;992;j
RS;adiinc992j;p34p100;1993;372754.59;992;j
RS;adiinc992j;p34p100;1994;383221.31;992;j
RS;adiinc992j;p34p100;1995;403753.81;992;j
RS;adiinc992j;p34p100;1996;406209.69;992;j
RS;adiinc992j;p34p100;1997;429609.5;992;j
RS;adiinc992j;p34p100;1998;450860.19;992;j
RS;adiinc992j;p34p100;1999;494935.09;992;j
RS;adiinc992j;p34p100;2000;544308.13;992;j
RS;adiinc992j;p34p100;2001;543636.63;992;j
RS;adiinc992j;p34p100;2002;589657.63;992;j
RS;adiinc992j;p34p100;2003;620939.19;992;j
RS;adiinc992j;p34p100;2004;705533.69;992;j
RS;adiinc992j;p34p100;2005;789682.13;992;j
RS;adiinc992j;p34p100;2006;839581.88;992;j
RS;adiinc992j;p34p100;2007;867663.31;992;j
RS;adiinc992j;p34p100;2008;926531.13;992;j
RS;adiinc992j;p34p100;2009;913635.81;992;j
RS;adiinc992j;p34p100;2010;922731.38;992;j
RS;adiinc992j;p34p100;2011;933542.19;992;j
RS;adiinc992j;p34p100;2012;932578.19;992;j
RS;adiinc992j;p34p100;2013;957248.19;992;j
RS;adiinc992j;p34p100;2014;919791.38;992;j
RS;adiinc992j;p34p100;2015;939249.13;992;j
RS;adiinc992j;p34p100;2016;971662.69;992;j
RS;adiinc992j;p34p100;2017;977836.0;992;j
RS;adiinc992j;p40p50;1990;571711.38;992;j
RS;adiinc992j;p40p50;1991;498618.41;992;j
RS;adiinc992j;p40p50;1992;342668.31;992;j
RS;adiinc992j;p40p50;1993;222651.09;992;j
RS;adiinc992j;p40p50;1994;229784.2;992;j
RS;adiinc992j;p40p50;1995;242931.0;992;j
RS;adiinc992j;p40p50;1996;245730.5;992;j
RS;adiinc992j;p40p50;1997;261496.8;992;j
RS;adiinc992j;p40p50;1998;266772.19;992;j
RS;adiinc992j;p40p50;1999;289920.09;992;j
RS;adiinc992j;p40p50;2000;317533.81;992;j
RS;adiinc992j;p40p50;2001;315857.31;992;j
RS;adiinc992j;p40p50;2002;338381.31;992;j
RS;adiinc992j;p40p50;2003;353203.81;992;j
RS;adiinc992j;p40p50;2004;393591.69;992;j
RS;adiinc992j;p40p50;2005;431101.81;992;j
RS;adiinc992j;p40p50;2006;450407.0;992;j
RS;adiinc992j;p40p50;2007;465538.91;992;j
RS;adiinc992j;p40p50;2008;492317.19;992;j
RS;adiinc992j;p40p50;2009;478518.19;992;j
RS;adiinc992j;p40p50;2010;469494.09;992;j
RS;adiinc992j;p40p50;2011;463931.19;992;j
RS;adiinc992j;p40p50;2012;455543.19;992;j
RS;adiinc992j;p40p50;2013;466592.69;992;j
RS;adiinc992j;p40p50;2014;452365.31;992;j
RS;adiinc992j;p40p50;2015;449894.09;992;j
RS;adiinc992j;p40p50;2016;460740.31;992;j
RS;adiinc992j;p40p50;2017;463022.5;992;j
RS;adiinc992j;p97p100;1990;3284391.5;992;j
RS;adiinc992j;p97p100;1991;2823079.3;992;j
RS;adiinc992j;p97p100;1992;1916180.1;992;j
RS;adiinc992j;p97p100;1993;1239374.3;992;j
RS;adiinc992j;p97p100;1994;1272519.6;992;j
RS;adiinc992j;p97p100;1995;1340056.0;992;j
RS;adiinc992j;p97p100;1996;1338123.6;992;j
RS;adiinc992j;p97p100;1997;1403032.9;992;j
RS;adiinc992j;p97p100;1998;1519038.3;992;j
RS;adiinc992j;p97p100;1999;1751519.1;992;j
RS;adiinc992j;p97p100;2000;2005568.4;992;j
RS;adiinc992j;p97p100;2001;2067932.1;992;j
RS;adiinc992j;p97p100;2002;2255026.0;992;j
RS;adiinc992j;p97p100;2003;2356285.3;992;j
RS;adiinc992j;p97p100;2004;2695050.5;992;j
RS;adiinc992j;p97p100;2005;3094933.8;992;j
RS;adiinc992j;p97p100;2006;3331017.8;992;j
RS;adiinc992j;p97p100;2007;3347255.3;992;j
RS;adiinc992j;p97p100;2008;3556610.8;992;j
RS;adiinc992j;p97p100;2009;3633713.0;992;j
RS;adiinc992j;p97p100;2010;3733372.5;992;j
RS;adiinc992j;p97p100;2011;3843991.5;992;j
RS;adiinc992j;p97p100;2012;4079437.0;992;j
RS;adiinc992j;p97p100;2013;3992899.0;992;j
RS;adiinc992j;p97p100;2014;4221808.5;992;j
RS;adiinc992j;p97p100;2015;4882383.0;992;j
RS;adiinc992j;p97p100;2016;5089492.0;992;j
RS;adiinc992j;p97p100;2017;5128350.0;992;j
RS;adiinc992j;p98p100;1990;3938904.8;992;j
RS;adiinc992j;p98p100;1991;3376345.0;992;j
RS;adiinc992j;p98p100;1992;2284035.0;992;j
RS;adiinc992j;p98p100;1993;1474681.4;992;j
RS;adiinc992j;p98p100;1994;1512222.3;992;j
RS;adiinc992j;p98p100;1995;1590897.9;992;j
RS;adiinc992j;p98p100;1996;1585624.4;992;j
RS;adiinc992j;p98p100;1997;1659123.4;992;j
RS;adiinc992j;p98p100;1998;1802614.9;992;j
RS;adiinc992j;p98p100;1999;2099593.0;992;j
RS;adiinc992j;p98p100;2000;2414667.5;992;j
RS;adiinc992j;p98p100;2001;2507282.8;992;j
RS;adiinc992j;p98p100;2002;2726146.0;992;j
RS;adiinc992j;p98p100;2003;2843906.8;992;j
RS;adiinc992j;p98p100;2004;3250503.3;992;j
RS;adiinc992j;p98p100;2005;3744409.5;992;j
RS;adiinc992j;p98p100;2006;4016089.5;992;j
RS;adiinc992j;p98p100;2007;4006532.0;992;j
RS;adiinc992j;p98p100;2008;4234134.5;992;j
RS;adiinc992j;p98p100;2009;4365810.5;992;j
RS;adiinc992j;p98p100;2010;4472604.0;992;j
RS;adiinc992j;p98p100;2011;4598626.0;992;j
RS;adiinc992j;p98p100;2012;4984759.5;992;j
RS;adiinc992j;p98p100;2013;4812937.5;992;j
RS;adiinc992j;p98p100;2014;5256948.5;992;j
RS;adiinc992j;p98p100;2015;6237334.5;992;j
RS;adiinc992j;p98p100;2016;6504678.0;992;j
RS;adiinc992j;p98p100;2017;6555153.5;992;j
RS;adiinc992j;p99.93p100;1990;21028298.0;992;j
RS;adiinc992j;p99.93p100;1991;17438610.0;992;j
RS;adiinc992j;p99.93p100;1992;11274378.0;992;j
RS;adiinc992j;p99.93p100;1993;7061577.0;992;j
RS;adiinc992j;p99.93p100;1994;7096056.5;992;j
RS;adiinc992j;p99.93p100;1995;7336831.0;992;j
RS;adiinc992j;p99.93p100;1996;7158342.5;992;j
RS;adiinc992j;p99.93p100;1997;7317097.0;992;j
RS;adiinc992j;p99.93p100;1998;8187298.0;992;j
RS;adiinc992j;p99.93p100;1999;10512573.0;992;j
RS;adiinc992j;p99.93p100;2000;12233472.0;992;j
RS;adiinc992j;p99.93p100;2001;13628385.0;992;j
RS;adiinc992j;p99.93p100;2002;14104634.0;992;j
RS;adiinc992j;p99.93p100;2003;14688206.0;992;j
RS;adiinc992j;p99.93p100;2004;16796592.0;992;j
RS;adiinc992j;p99.93p100;2005;19974432.0;992;j
RS;adiinc992j;p99.93p100;2006;20162700.0;992;j
RS;adiinc992j;p99.93p100;2007;18653558.0;992;j
RS;adiinc992j;p99.93p100;2008;18301524.0;992;j
RS;adiinc992j;p99.93p100;2009;20917688.0;992;j
RS;adiinc992j;p99.93p100;2010;20512602.0;992;j
RS;adiinc992j;p99.93p100;2011;20560656.0;992;j
RS;adiinc992j;p99.93p100;2012;28035396.0;992;j
RS;adiinc992j;p99.93p100;2013;23377656.0;992;j
RS;adiinc992j;p99.93p100;2014;36603392.0;992;j
RS;adiinc992j;p99.93p100;2015;54725384.0;992;j
RS;adiinc992j;p99.93p100;2016;57167124.0;992;j
RS;adiinc992j;p99.93p100;2017;57670148.0;992;j
RS;aptinc992j;p50p60;1990;651197.0;992;j
RS;aptinc992j;p50p60;1991;563344.38;992;j
RS;aptinc992j;p50p60;1992;384366.41;992;j
RS;aptinc992j;p50p60;1993;248345.3;992;j
RS;aptinc992j;p50p60;1994;254812.5;992;j
RS;aptinc992j;p50p60;1995;267872.81;992;j
RS;aptinc992j;p50p60;1996;269399.09;992;j
RS;aptinc992j;p50p60;1997;284930.91;992;j
RS;aptinc992j;p50p60;1998;296510.09;992;j
RS;aptinc992j;p50p60;1999;323294.91;992;j
RS;aptinc992j;p50p60;2000;351021.59;992;j
RS;aptinc992j;p50p60;2001;347729.19;992;j
RS;aptinc992j;p50p60;2002;372729.0;992;j
RS;aptinc992j;p50p60;2003;391091.69;992;j
RS;aptinc992j;p50p60;2004;433309.5;992;j
RS;aptinc992j;p50p60;2005;478203.5;992;j
RS;aptinc992j;p50p60;2006;504936.0;992;j
RS;aptinc992j;p50p60;2007;524831.38;992;j
RS;aptinc992j;p50p60;2008;558095.19;992;j
RS;aptinc992j;p50p60;2009;547585.0;992;j
RS;aptinc992j;p50p60;2010;538512.63;992;j
RS;aptinc992j;p50p60;2011;533207.19;992;j
RS;aptinc992j;p50p60;2012;536321.31;992;j
RS;aptinc992j;p50p60;2013;557761.0;992;j
RS;aptinc992j;p50p60;2014;529479.69;992;j
RS;aptinc992j;p50p60;2015;545227.13;992;j
RS;aptinc992j;p50p60;2016;561892.0;992;j
RS;aptinc992j;p50p60;2017;564945.38;992;j
RS;aptinc992j;p68p100;1990;1405263.5;992;j
RS;aptinc992j;p68p100;1991;1222545.6;992;j
RS;aptinc992j;p68p100;1992;838686.81;992;j
RS;aptinc992j;p68p100;1993;544839.88;992;j
RS;aptinc992j;p68p100;1994;562128.5;992;j
RS;aptinc992j;p68p100;1995;594375.0;992;j
RS;aptinc992j;p68p100;1996;599757.69;992;j
RS;aptinc992j;p68p100;1997;636494.31;992;j
RS;aptinc992j;p68p100;1998;668864.31;992;j
RS;aptinc992j;p68p100;1999;733850.19;992;j
RS;aptinc992j;p68p100;2000;814020.69;992;j
RS;aptinc992j;p68p100;2001;815181.69;992;j
RS;aptinc992j;p68p100;2002;888768.5;992;j
RS;aptinc992j;p68p100;2003;939461.0;992;j
RS;aptinc992j;p68p100;2004;1073420.8;992;j
RS;aptinc992j;p68p100;2005;1212565.1;992;j
RS;aptinc992j;p68p100;2006;1292268.1;992;j
RS;aptinc992j;p68p100;2007;1334601.9;992;j
RS;aptinc992j;p68p100;2008;1434581.1;992;j
RS;aptinc992j;p68p100;2009;1419525.3;992;j
RS;aptinc992j;p68p100;2010;1443174.8;992;j
RS;aptinc992j;p68p100;2011;1470379.3;992;j
RS;aptinc992j;p68p100;2012;1472182.3;992;j
RS;aptinc992j;p68p100;2013;1502668.0;992;j
RS;aptinc992j;p68p100;2014;1493349.3;992;j
RS;aptinc992j;p68p100;2015;1486155.5;992;j
RS;aptinc992j;p68p100;2016;1532261.8;992;j
RS;aptinc992j;p68p100;2017;1541953.6;992;j
RS;asscco992i;p0p100;1997;0.0;992;i
RS;asscco992i;p0p100;1998;0.0;992;i
RS;asscco992i;p0p100;1999;0.0;992;i
RS;asscco992i;p0p100;2000;0.0;992;i
RS;asscco992i;p0p100;2001;0.0;992;i
RS;asscco992i;p0p100;2002;0.0;992;i
RS;asscco992i;p0p100;2003;0.0;992;i
RS;asscco992i;p0p100;2004;0.0;992;i
RS;asscco992i;p0p100;2005;0.0;992;i
RS;asscco992i;p0p100;2006;0.0;992;i
RS;asscco992i;p0p100;2007;0.0;992;i
RS;asscco992i;p0p100;2008;0.0;992;i
RS;asscco992i;p0p100;2009;0.0;992;i
RS;asscco992i;p0p100;2010;0.0;992;i
RS;asscco992i;p0p100;2011;0.0;992;i
RS;asscnp999i;p0p100;1997;0.0;999;i
RS;asscnp999i;p0p100;1998;0.0;999;i
RS;asscnp999i;p0p100;1999;0.0;999;i
RS;asscnp999i;p0p100;2000;0.0;999;i
RS;asscnp999i;p0p100;2001;0.0;999;i
RS;asscnp999i;p0p100;2002;0.0;999;i
RS;asscnp999i;p0p100;2003;0.0;999;i
RS;asscnp999i;p0p100;2004;0.0;999;i
RS;asscnp999i;p0p100;2005;0.0;999;i
RS;asscnp999i;p0p100;2006;0.0;999;i
RS;asscnp999i;p0p100;2007;0.0;999;i
RS;asscnp999i;p0p100;2008;0.0;999;i
RS;asscnp999i;p0p100;2009;0.0;999;i
RS;asscnp999i;p0p100;2010;0.0;999;i
RS;asscnp999i;p0p100;2011;0.0;999;i
RS;bcainc992j;p90p100;1990;1.6262829;992;j
RS;bcainc992j;p90p100;1991;1.6204277;992;j
RS;bcainc992j;p90p100;1992;1.6182123;992;j
RS;bcainc992j;p90p100;1993;1.6234784;992;j
RS;bcainc992j;p90p100;1994;1.6260636;992;j
RS;bcainc992j;p90p100;1995;1.6294848;992;j
RS;bcainc992j;p90p100;1996;1.6240865;992;j
RS;bcainc992j;p90p100;1997;1.6188774;992;j
RS;bcainc992j;p90p100;1998;1.634799;992;j
RS;bcainc992j;p90p100;1999;1.6781876;992;j
RS;bcainc992j;p90p100;2000;1.7415233;992;j
RS;bcainc992j;p90p100;2001;1.7761586;992;j
RS;bcainc992j;p90p100;2002;1.7950792;992;j
RS;bcainc992j;p90p100;2003;1.766009;992;j
RS;bcainc992j;p90p100;2004;1.7510749;992;j
RS;bcainc992j;p90p100;2005;1.763882;992;j
RS;bcainc992j;p90p100;2006;1.7832193;992;j
RS;bcainc992j;p90p100;2007;1.7543495;992;j
RS;bcainc992j;p90p100;2008;1.755891;992;j
RS;bcainc992j;p90p100;2009;1.7853148;992;j
RS;bcainc992j;p90p100;2010;1.7925177;992;j
RS;bcainc992j;p90p100;2011;1.8001305;992;j
RS;bcainc992j;p90p100;2012;1.8874224;992;j
RS;bcainc992j;p90p100;2013;1.8304302;992;j
RS;bcainc992j;p90p100;2014;1.9472483;992;j
RS;bcainc992j;p90p100;2015;2.1448824;992;j
RS;bcainc992j;p90p100;2016;2.1447027;992;j
RS;bcainc992j;p90p100;2017;2.1453342;992;j
RS;bcainc992j;p99.991p100;1990;2.1622546;992;j
RS;bcainc992j;p99.991p100;1991;2.1097307;992;j
RS;bcainc992j;p99.991p100;1992;2.0379915;992;j
RS;bcainc992j;p99.991p100;1993;1.9885675;992;j
RS;bcainc992j;p99.991p100;1994;1.9572315;992;j
RS;bcainc992j;p99.991p100;1995;1.9304872;992;j
RS;bcainc992j;p99.991p100;1996;1.9032105;992;j
RS;bcainc992j;p99.991p100;1997;1.874119;992;j
RS;bcainc992j;p99.991p100;1998;1.903728;992;j
RS;bcainc992j;p99.991p100;1999;2.0223486;992;j
RS;bcainc992j;p99.991p100;2000;2.0142007;992;j
RS;bcainc992j;p99.991p100;2001;2.1117666;992;j
RS;bcainc992j;p99.991p100;2002;2.0282798;992;j
RS;bcainc992j;p99.991p100;2003;2.0367193;992;j
RS;bcainc992j;p99.991p100;2004;2.0425324;992;j
RS;bcainc992j;p99.991p100;2005;2.0869362;992;j
RS;bcainc992j;p99.991p100;2006;1.9857019;992;j
RS;bcainc992j;p99.991p100;2007;1.8907834;992;j
RS;bcainc992j;p99.991p100;2008;1.7939368;992;j
RS;bcainc992j;p99.991p100;2009;1.9190844;992;j
RS;bcainc992j;p99.991p100;2010;1.8576325;992;j
RS;bcainc992j;p99.991p100;2011;1.8216093;992;j
RS;bcainc992j;p99.991p100;2012;2.1279895;992;j
RS;bcainc992j;p99.991p100;2013;1.9232366;992;j
RS;bcainc992j;p99.991p100;2014;2.5188081;992;j
RS;bcainc992j;p99.991p100;2015;3.0573571;992;j
RS;bcainc992j;p99.991p100;2016;3.0583959;992;j
RS;bcainc992j;p99.991p100;2017;3.0614715;992;j
RS;bdiinc992j;p84p100;1990;1.5381372;992;j
RS;bdiinc992j;p84p100;1991;1.5377825;992;j
RS;bdiinc992j;p84p100;1992;1.538515;992;j
RS;bdiinc992j;p84p100;1993;1.5445808;992;j
RS;bdiinc992j;p84p100;1994;1.5487798;992;j
RS;bdiinc992j;p84p100;1995;1.5536295;992;j
RS;bdiinc992j;p84p100;1996;1.5513731;992;j
RS;bdiinc992j;p84p100;1997;1.5493125;992;j
RS;bdiinc992j;p84p100;1998;1.5900354;992;j
RS;bdiinc992j;p84p100;1999;1.6269925;992;j
RS;bdiinc992j;p84p100;2000;1.6694117;992;j
RS;bdiinc992j;p84p100;2001;1.7035578;992;j
RS;bdiinc992j;p84p100;2002;1.7046847;992;j
RS;bdiinc992j;p84p100;2003;1.7041003;992;j
RS;bdiinc992j;p84p100;2004;1.7066798;992;j
RS;bdiinc992j;p84p100;2005;1.7376258;992;j
RS;bdiinc992j;p84p100;2006;1.7498552;992;j
RS;bdiinc992j;p84p100;2007;1.7156672;992;j
RS;bdiinc992j;p84p100;2008;1.7121174;992;j
RS;bdiinc992j;p84p100;2009;1.7330956;992;j
RS;bdiinc992j;p84p100;2010;1.7558601;992;j
RS;bdiinc992j;p84p100;2011;1.7746512;992;j
RS;bdiinc992j;p84p100;2012;1.7897706;992;j
RS;bdiinc992j;p84p100;2013;1.7363117;992;j
RS;bdiinc992j;p84p100;2014;1.8430946;992;j
RS;bdiinc992j;p84p100;2015;1.985891;992;j
RS;bdiinc992j;p84p100;2016;1.9940794;992;j
RS;bdiinc992j;p84p100;2017;1.9962819;992;j
RS;bdiinc992j;p99.91p100;1990;2.0990074;992;j
RS;bdiinc992j;p99.91p100;1991;2.0511792;992;j
RS;bdiinc992j;p99.91p100;1992;1.9868941;992;j
RS;bdiinc992j;p99.91p100;1993;1.9436939;992;j
RS;bdiinc992j;p99.91p100;1994;1.9161532;992;j
RS;bdiinc992j;p99.91p100;1995;1.8928087;992;j
RS;bdiinc992j;p99.91p100;1996;1.8676934;992;j
RS;bdiinc992j;p99.91p100;1997;1.8408511;992;j
RS;bdiinc992j;p99.91p100;1998;1.8707837;992;j
RS;bdiinc992j;p99.91p100;1999;1.984453;992;j
RS;bdiinc992j;p99.91p100;2000;1.984327;992;j
RS;bdiinc992j;p99.91p100;2001;2.0766332;992;j
RS;bdiinc992j;p99.91p100;2002;2.0017283;992;j
RS;bdiinc992j;p99.91p100;2003;2.0062687;992;j
RS;bdiinc992j;p99.91p100;2004;2.0104289;992;j
RS;bdiinc992j;p99.91p100;2005;2.0525739;992;j
RS;bdiinc992j;p99.91p100;2006;1.9625891;992;j
RS;bdiinc992j;p99.91p100;2007;1.872655;992;j
RS;bdiinc992j;p99.91p100;2008;1.7849582;992;j
RS;bdiinc992j;p99.91p100;2009;1.9016533;992;j
RS;bdiinc992j;p99.91p100;2010;1.8463722;992;j
RS;bdiinc992j;p99.91p100;2011;1.8145624;992;j
RS;bdiinc992j;p99.91p100;2012;2.1024749;992;j
RS;bdiinc992j;p99.91p100;2013;1.9097401;992;j
RS;bdiinc992j;p99.91p100;2014;2.4675183;992;j
RS;bdiinc992j;p99.91p100;2015;2.9832408;992;j
RS;bdiinc992j;p99.91p100;2016;2.985671;992;j
RS;bdiinc992j;p99.91p100;2017;2.988368;992;j
RS;bptinc992j;p33p100;1990;2.3803883;992;j
RS;bptinc992j;p33p100;1991;2.3863897;992;j
RS;bptinc992j;p33p100;1992;2.3884652;992;j
RS;bptinc992j;p33p100;1993;2.3922725;992;j
RS;bptinc992j;p33p100;1994;2.3943906;992;j
RS;bptinc992j;p33p100;1995;2.4007943;992;j
RS;bptinc992j;p33p100;1996;2.3994284;992;j
RS;bptinc992j;p33p100;1997;2.3998759;992;j
RS;bptinc992j;p33p100;1998;2.4184749;992;j
RS;bptinc992j;p33p100;1999;2.4254875;992;j
RS;bptinc992j;p33p100;2000;2.459517;992;j
RS;bptinc992j;p33p100;2001;2.4783931;992;j
RS;bptinc992j;p33p100;2002;2.5300715;992;j
RS;bptinc992j;p33p100;2003;2.5833135;992;j
RS;bptinc992j;p33p100;2004;2.6779091;992;j
RS;bptinc992j;p33p100;2005;2.7633827;992;j
RS;bptinc992j;p33p100;2006;2.8616738;992;j
RS;bptinc992j;p33p100;2007;2.8188183;992;j
RS;bptinc992j;p33p100;2008;2.9300804;992;j
RS;bptinc992j;p33p100;2009;3.0175393;992;j
RS;bptinc992j;p33p100;2010;3.1483395;992;j
RS;bptinc992j;p33p100;2011;3.3681581;992;j
RS;bptinc992j;p33p100;2012;3.3806353;992;j
RS;bptinc992j;p33p100;2013;3.3781874;992;j
RS;bptinc992j;p33p100;2014;3.5479352;992;j
RS;bptinc992j;p33p100;2015;3.3345649;992;j
RS;bptinc992j;p33p100;2016;3.3354933;992;j
RS;bptinc992j;p33p100;2017;3.3383861;992;j
RS;bptinc992j;p73p100;1990;1.6541563;992;j
RS;bptinc992j;p73p100;1991;1.6634485;992;j
RS;bptinc992j;p73p100;1992;1.6706383;992;j
RS;bptinc992j;p73p100;1993;1.6782173;992;j
RS;bptinc992j;p73p100;1994;1.6863309;992;j
RS;bptinc992j;p73p100;1995;1.6969792;992;j
RS;bptinc992j;p73p100;1996;1.7022651;992;j
RS;bptinc992j;p73p100;1997;1.7071701;992;j
RS;bptinc992j;p73p100;1998;1.7216674;992;j
RS;bptinc992j;p73p100;1999;1.7442043;992;j
RS;bptinc992j;p73p100;2000;1.7863232;992;j
RS;bptinc992j;p73p100;2001;1.8082649;992;j
RS;bptinc992j;p73p100;2002;1.8203396;992;j
RS;bptinc992j;p73p100;2003;1.832701;992;j
RS;bptinc992j;p73p100;2004;1.872099;992;j
RS;bptinc992j;p73p100;2005;1.9053394;992;j
RS;bptinc992j;p73p100;2006;1.9081945;992;j
RS;bptinc992j;p73p100;2007;1.875927;992;j
RS;bptinc992j;p73p100;2008;1.8813404;992;j
RS;bptinc992j;p73p100;2009;1.8921931;992;j
RS;bptinc992j;p73p100;2010;1.9424863;992;j
RS;bptinc992j;p73p100;2011;1.9854457;992;j
RS;bptinc992j;p73p100;2012;1.9458725;992;j
RS;bptinc992j;p73p100;2013;1.9276907;992;j
RS;bptinc992j;p73p100;2014;2.006671;992;j
RS;bptinc992j;p73p100;2015;1.9951673;992;j
RS;bptinc992j;p73p100;2016;1.9969211;992;j
RS;bptinc992j;p73p100;2017;1.9982355;992;j
RS;bptinc992j;p99p100;1990;1.9393741;992;j
RS;bptinc992j;p99p100;1991;1.9585081;992;j
RS;bptinc992j;p99p100;1992;1.9695239;992;j
RS;bptinc992j;p99p100;1993;1.9886534;992;j
RS;bptinc992j;p99p100;1994;1.9974923;992;j
RS;bptinc992j;p99p100;1995;2.0161011;992;j
RS;bptinc992j;p99p100;1996;2.0309358;992;j
RS;bptinc992j;p99p100;1997;2.0472147;992;j
RS;bptinc992j;p99p100;1998;2.0313253;992;j
RS;bptinc992j;p99p100;1999;2.0848629;992;j
RS;bptinc992j;p99p100;2000;2.1204484;992;j
RS;bptinc992j;p99p100;2001;2.1768305;992;j
RS;bptinc992j;p99p100;2002;2.1396027;992;j
RS;bptinc992j;p99p100;2003;2.1103249;992;j
RS;bptinc992j;p99p100;2004;2.1139412;992;j
RS;bptinc992j;p99p100;2005;2.0692639;992;j
RS;bptinc992j;p99p100;2006;2.0704405;992;j
RS;bptinc992j;p99p100;2007;2.0175378;992;j
RS;bptinc992j;p99p100;2008;2.0298066;992;j
RS;bptinc992j;p99p100;2009;2.0110066;992;j
RS;bptinc992j;p99p100;2010;1.9716117;992;j
RS;bptinc992j;p99p100;2011;1.9952209;992;j
RS;bptinc992j;p99p100;2012;1.8420711;992;j
RS;bptinc992j;p99p100;2013;1.9015114;992;j
RS;bptinc992j;p99p100;2014;2.2164495;992;j
RS;bptinc992j;p99p100;2015;2.204334;992;j
RS;bptinc992j;p99p100;2016;2.2048345;992;j
RS;bptinc992j;p99p100;2017;2.2048917;992;j
RS;mccmhn999i;p0p100;1997;47620001792.0;999;i
RS;mccmhn999i;p0p100;1998;51621695488.0;999;i
RS;mccmhn999i;p0p100;1999;52742197248.0;999;i
RS;mccmhn999i;p0p100;2000;61227003904.0;999;i
RS;mccmhn999i;p0p100;2001;58669715456.0;999;i
RS;mccmhn999i;p0p100;2002;55645483008.0;999;i
RS;mccmhn999i;p0p100;2003;42821488640.0;999;i
RS;mccmhn999i;p0p100;2004;49482952704.0;999;i
RS;mccmhn999i;p0p100;2005;51384561664.0;999;i
RS;mccmhn999i;p0p100;2006;62133280768.0;999;i
RS;mccmhn999i;p0p100;2007;61518635008.0;999;i
RS;mccmhn999i;p0p100;2008;64648626176.0;999;i
RS;mccmhn999i;p0p100;2009;61031673856.0;999;i
RS;mccmhn999i;p0p100;2010;61767372800.0;999;i
RS;mccmhn999i;p0p100;2011;70271057920.0;999;i
RS;mnsrhn999i;p0p100;1997;145198268416.0;999;i
RS;mnsrhn999i;p0p100;1998;131709083648.0;999;i
RS;mnsrhn999i;p0p100;1999;155725430784.0;999;i
RS;mnsrhn999i;p0p100;2000;162231091200.0;999;i
RS;mnsrhn999i;p0p100;2001;162910388224.0;999;i
RS;mnsrhn999i;p0p100;2002;158538956800.0;999;i
RS;mnsrhn999i;p0p100;2003;191339462656.0;999;i
RS;mnsrhn999i;p0p100;2004;199681245184.0;999;i
RS;mnsrhn999i;p0p100;2005;215955668992.0;999;i
RS;mnsrhn999i;p0p100;2006;236141117440.0;999;i
RS;mnsrhn999i;p0p100;2007;245973712896.0;999;i
RS;mnsrhn999i;p0p100;2008;243020201984.0;999;i
RS;mnsrhn999i;p0p100;2009;273026482176.0;999;i
RS;mnsrhn999i;p0p100;2010;279888691200.0;999;i
RS;mnsrhn999i;p0p100;2011;284768468992.0;999;i
RS;mspigo999i;p0p100;1997;34482601984.0;999;i
RS;mspigo999i;p0p100;1998;35162234880.0;999;i
RS;mspigo999i;p0p100;1999;26012329984.0;999;i
RS;mspigo999i;p0p100;2000;27184107520.0;999;i
RS;mspigo999i;p0p100;2001;88227790848.0;999;i
RS;mspigo999i;p0p100;2002;113603616768.0;999;i
RS;mspigo999i;p0p100;2003;92415262720.0;999;i
RS;mspigo999i;p0p100;2004;93832593408.0;999;i
RS;mspigo999i;p0p100;2005;107730231296.0;999;i
RS;mspigo999i;p0p100;2006;95897731072.0;999;i
RS;mspigo999i;p0p100;2007;100194385920.0;999;i
RS;mspigo999i;p0p100;2008;111424307200.0;999;i
RS;mspigo999i;p0p100;2009;86066831360.0;999;i
RS;mspigo999i;p0p100;2010;101071601664.0;999;i
RS;mspigo999i;p0p100;2011;108887490560.0;999;i
RS;npopul302i;p0p100;1950;719363.0;302;i
RS;npopul302i;p0p100;1951;724160.0;302;i
RS;npopul302i;p0p100;1952;745442.0;302;i
RS;npopul302i;p0p100;1953;780323.0;302;i
RS;npopul302i;p0p100;1954;826432.0;302;i
RS;npopul302i;p0p100;1955;881982.0;302;i
RS;npopul302i;p0p100;1956;946385.0;302;i
RS;npopul302i;p0p100;1957;1020488.0;302;i
RS;npopul302i;p0p100;1958;1097555.0;302;i
RS;npopul302i;p0p100;1959;1167847.0;302;i
RS;npopul302i;p0p100;1960;1225050.0;302;i
RS;npopul302i;p0p100;1961;1271473.0;302;i
RS;npopul302i;p0p100;1962;1301732.0;302;i
RS;npopul302i;p0p100;1963;1318818.0;302;i
RS;npopul302i;p0p100;1964;1327790.0;302;i
RS;npopul302i;p0p100;1965;1331456.0;302;i
RS;npopul302i;p0p100;1966;1324492.0;302;i
RS;npopul302i;p0p100;1967;1313723.0;302;i
RS;npopul302i;p0p100;1968;1298004.0;302;i
RS;npopul302i;p0p100;1969;1275209.0;302;i
RS;npopul302i;p0p100;1970;1245137.0;302;i
RS;npopul302i;p0p100;1971;1210141.0;302;i
RS;npopul302i;p0p100;1972;1169491.0;302;i
RS;npopul302i;p0p100;1973;1129095.0;302;i
RS;npopul302i;p0p100;1974;1097969.0;302;i
RS;npopul302i;p0p100;1975;1081781.0;302;i
RS;npopul302i;p0p100;1976;1079514.0;302;i
RS;npopul302i;p0p100;1977;1091037.0;302;i
RS;npopul302i;p0p100;1978;1115675.0;302;i
RS;npopul302i;p0p100;1979;1151791.0;302;i
RS;npopul302i;p0p100;1980;1197471.0;302;i
RS;npopul302i;p0p100;1981;1252724.0;302;i
RS;npopul302i;p0p100;1982;1318799.0;302;i
RS;npopul302i;p0p100;1983;1386845.0;302;i
RS;npopul302i;p0p100;1984;1443786.0;302;i
RS;npopul302i;p0p100;1985;1481425.0;302;i
RS;npopul302i;p0p100;1986;1501207.0;302;i
RS;npopul302i;p0p100;1987;1501081.0;302;i
RS;npopul302i;p0p100;1988;1486465.0;302;i
RS;npopul302i;p0p100;1989;1466427.0;302;i
RS;npopul302i;p0p100;1990;1446748.0;302;i
RS;npopul302i;p0p100;1991;1426561.0;302;i
RS;npopul302i;p0p100;1992;1405806.0;302;i
RS;npopul302i;p0p100;1993;1384578.0;302;i
RS;npopul302i;p0p100;1994;1363438.0;302;i
RS;npopul302i;p0p100;1995;1343183.0;302;i
RS;npopul302i;p0p100;1996;1324126.0;302;i
RS;npopul302i;p0p100;1997;1304723.0;302;i
RS;npopul302i;p0p100;1998;1285655.0;302;i
RS;npopul302i;p0p100;1999;997447.0;302;i
RS;npopul302i;p0p100;2000;990584.0;302;i
RS;npopul302i;p0p100;2001;989477.0;302;i
RS;npopul302i;p0p100;2002;992280.0;302;i
RS;npopul302i;p0p100;2003;995394.0;302;i
RS;npopul302i;p0p100;2004;1000839.0;302;i
RS;npopul302i;p0p100;2005;1007143.0;302;i
RS;npopul302i;p0p100;2006;1011835.0;302;i
RS;npopul302i;p0p100;2007;1016631.0;302;i
RS;npopul302i;p0p100;2008;1020284.0;302;i
RS;npopul302i;p0p100;2009;1021788.0;302;i
RS;npopul302i;p0p100;2010;1020077.0;302;i
RS;npopul302i;p0p100;2011;1013208.0;302;i
RS;npopul302i;p0p100;2012;1005836.0;302;i
RS;npopul302i;p0p100;2013;996248.0;302;i
RS;npopul302i;p0p100;2014;986222.0;302;i
RS;npopul302i;p0p100;2015;976597.0;302;i
RS;npopul302i;p0p100;2016;972291.0;302;i
RS;npopul302i;p0p100;2017;971414.0;302;i
RS;npopul302i;p0p100;2018;970749.0;302;i
RS;npopul302i;p0p100;2019;969989.0;302;i
RS;npopul702i;p0p100;1950;260700.0;702;i
RS;npopul702i;p0p100;1951;254953.0;702;i
RS;npopul702i;p0p100;1952;248281.0;702;i
RS;npopul702i;p0p100;1953;241723.0;702;i
RS;npopul702i;p0p100;1954;237001.0;702;i
RS;npopul702i;p0p100;1955;234943.0;702;i
RS;npopul702i;p0p100;1956;234761.0;702;i
RS;npopul702i;p0p100;1957;236055.0;702;i
RS;npopul702i;p0p100;1958;238147.0;702;i
RS;npopul702i;p0p100;1959;239798.0;702;i
RS;npopul702i;p0p100;1960;240462.0;702;i
RS;npopul702i;p0p100;1961;240448.0;702;i
RS;npopul702i;p0p100;1962;238765.0;702;i
RS;npopul702i;p0p100;1963;237428.0;702;i
RS;npopul702i;p0p100;1964;238856.0;702;i
RS;npopul702i;p0p100;1965;244269.0;702;i
RS;npopul702i;p0p100;1966;251056.0;702;i
RS;npopul702i;p0p100;1967;260648.0;702;i
RS;npopul702i;p0p100;1968;272939.0;702;i
RS;npopul702i;p0p100;1969;287428.0;702;i
RS;npopul702i;p0p100;1970;303621.0;702;i
RS;npopul702i;p0p100;1971;318639.0;702;i
RS;npopul702i;p0p100;1972;334012.0;702;i
RS;npopul702i;p0p100;1973;349469.0;702;i
RS;npopul702i;p0p100;1974;364835.0;702;i
RS;npopul702i;p0p100;1975;380080.0;702;i
RS;npopul702i;p0p100;1976;391601.0;702;i
RS;npopul702i;p0p100;1977;402722.0;702;i
RS;npopul702i;p0p100;1978;413194.0;702;i
RS;npopul702i;p0p100;1979;422115.0;702;i
RS;npopul702i;p0p100;1980;428849.0;702;i
RS;npopul702i;p0p100;1981;429944.0;702;i
RS;npopul702i;p0p100;1982;430105.0;702;i
RS;npopul702i;p0p100;1983;428482.0;702;i
RS;npopul702i;p0p100;1984;423117.0;702;i
RS;npopul702i;p0p100;1985;413379.0;702;i
RS;npopul702i;p0p100;1986;396516.0;702;i
RS;npopul702i;p0p100;1987;375902.0;702;i
RS;npopul702i;p0p100;1988;357302.0;702;i
RS;npopul702i;p0p100;1989;347671.0;702;i
RS;npopul702i;p0p100;1990;350417.0;702;i
RS;npopul702i;p0p100;1991;360454.0;702;i
RS;npopul702i;p0p100;1992;379097.0;702;i
RS;npopul702i;p0p100;1993;405340.0;702;i
RS;npopul702i;p0p100;1994;437636.0;702;i
RS;npopul702i;p0p100;1995;474229.0;702;i
RS;npopul702i;p0p100;1996;511807.0;702;i
RS;npopul702i;p0p100;1997;550500.0;702;i
RS;npopul702i;p0p100;1998;587598.0;702;i
RS;npopul702i;p0p100;1999;488379.0;702;i
RS;npopul702i;p0p100;2000;514041.0;702;i
RS;npopul702i;p0p100;2001;528697.0;702;i
RS;npopul702i;p0p100;2002;540837.0;702;i
RS;npopul702i;p0p100;2003;549622.0;702;i
RS;npopul702i;p0p100;2004;556760.0;702;i
RS;npopul702i;p0p100;2005;561793.0;702;i
RS;npopul702i;p0p100;2006;563407.0;702;i
RS;npopul702i;p0p100;2007;564683.0;702;i
RS;npopul702i;p0p100;2008;565220.0;702;i
RS;npopul702i;p0p100;2009;563854.0;702;i
RS;npopul702i;p0p100;2010;559666.0;702;i
RS;npopul702i;p0p100;2011;545924.0;702;i
RS;npopul702i;p0p100;2012;531314.0;702;i
RS;npopul702i;p0p100;2013;518271.0;702;i
RS;npopul702i;p0p100;2014;511945.0;702;i
RS;npopul702i;p0p100;2015;514792.0;702;i
RS;npopul702i;p0p100;2016;514147.0;702;i
RS;npopul702i;p0p100;2017;521232.0;702;i
RS;npopul702i;p0p100;2018;534756.0;702;i
RS;npopul702i;p0p100;2019;555131.0;702;i
RS;npopul901f;p0p100;1950;2786.0;901;f
RS;npopul901f;p0p100;1951;3297.0;901;f
RS;npopul901f;p0p100;1952;3629.0;901;f
RS;npopul901f;p0p100;1953;3745.0;901;f
RS;npopul901f;p0p100;1954;3509.0;901;f
RS;npopul901f;p0p100;1955;2814.0;901;f
RS;npopul901f;p0p100;1956;3276.0;901;f
RS;npopul901f;p0p100;1957;3530.0;901;f
RS;npopul901f;p0p100;1958;3645.0;901;f
RS;npopul901f;p0p100;1959;3507.0;901;f
RS;npopul901f;p0p100;1960;3038.0;901;f
RS;npopul901f;p0p100;1961;3776.0;901;f
RS;npopul901f;p0p100;1962;4295.0;901;f
RS;npopul901f;p0p100;1963;4573.0;901;f
RS;npopul901f;p0p100;1964;4477.0;901;f
RS;npopul901f;p0p100;1965;3947.0;901;f
RS;npopul901f;p0p100;1966;4559.0;901;f
RS;npopul901f;p0p100;1967;4931.0;901;f
RS;npopul901f;p0p100;1968;5045.0;901;f
RS;npopul901f;p0p100;1969;4807.0;901;f
RS;npopul901f;p0p100;1970;4158.0;901;f
RS;npopul901f;p0p100;1971;4514.0;901;f
RS;npopul901f;p0p100;1972;4602.0;901;f
RS;npopul901f;p0p100;1973;4578.0;901;f
RS;npopul901f;p0p100;1974;4409.0;901;f
RS;npopul901f;p0p100;1975;4110.0;901;f
RS;npopul901f;p0p100;1976;4950.0;901;f
RS;npopul901f;p0p100;1977;5635.0;901;f
RS;npopul901f;p0p100;1978;5999.0;901;f
RS;npopul901f;p0p100;1979;5858.0;901;f
RS;npopul901f;p0p100;1980;5097.0;901;f
RS;npopul901f;p0p100;1981;5430.0;901;f
RS;npopul901f;p0p100;1982;5453.0;901;f
RS;npopul901f;p0p100;1983;5420.0;901;f
RS;npopul901f;p0p100;1984;5293.0;901;f
RS;npopul901f;p0p100;1985;5081.0;901;f
RS;npopul901f;p0p100;1986;6304.0;901;f
RS;npopul901f;p0p100;1987;7305.0;901;f
RS;npopul901f;p0p100;1988;8008.0;901;f
RS;npopul901f;p0p100;1989;8158.0;901;f
RS;npopul901f;p0p100;1990;7679.0;901;f
RS;npopul901f;p0p100;1991;8844.0;901;f
RS;npopul901f;p0p100;1992;9481.0;901;f
RS;npopul901f;p0p100;1993;9772.0;901;f
RS;npopul901f;p0p100;1994;9569.0;901;f
RS;npopul901f;p0p100;1995;8923.0;901;f
RS;npopul901f;p0p100;1996;10519.0;901;f
RS;npopul901f;p0p100;1997;11479.0;901;f
RS;npopul901f;p0p100;1998;11839.0;901;f
RS;npopul901f;p0p100;1999;8997.0;901;f
RS;npopul901f;p0p100;2000;8173.0;901;f
RS;npopul901f;p0p100;2001;9215.0;901;f
RS;npopul901f;p0p100;2002;9823.0;901;f
RS;npopul901f;p0p100;2003;9755.0;901;f
RS;npopul901f;p0p100;2004;8867.0;901;f
RS;npopul901f;p0p100;2005;7245.0;901;f
RS;npopul901f;p0p100;2006;7149.0;901;f
RS;npopul901f;p0p100;2007;6656.0;901;f
RS;npopul901f;p0p100;2008;6246.0;901;f
RS;npopul901f;p0p100;2009;5930.0;901;f
RS;npopul901f;p0p100;2010;5720.0;901;f
RS;npopul901f;p0p100;2011;7504.0;901;f
RS;npopul901f;p0p100;2012;9064.0;901;f
RS;npopul901f;p0p100;2013;10299.0;901;f
RS;npopul901f;p0p100;2014;10769.0;901;f
RS;npopul901f;p0p100;2015;10459.0;901;f
RS;npopul901f;p0p100;2016;12811.0;901;f
RS;npopul901f;p0p100;2017;14429.0;901;f
RS;npopul901f;p0p100;2018;15433.0;901;f
RS;npopul901f;p0p100;2019;15524.0;901;f
RS;scainc992j;p38p100;1990;0.8628;992;j
RS;scainc992j;p38p100;1991;0.86140001;992;j
RS;scainc992j;p38p100;1992;0.85979998;992;j
RS;scainc992j;p38p100;1993;0.85829997;992;j
RS;scainc992j;p38p100;1994;0.85680002;992;j
RS;scainc992j;p38p100;1995;0.85530001;992;j
RS;scainc992j;p38p100;1996;0.85360003;992;j
RS;scainc992j;p38p100;1997;0.85189998;992;j
RS;scainc992j;p38p100;1998;0.84780002;992;j
RS;scainc992j;p38p100;1999;0.8477;992;j
RS;scainc992j;p38p100;2000;0.85009998;992;j
RS;scainc992j;p38p100;2001;0.85110003;992;j
RS;scainc992j;p38p100;2002;0.86150002;992;j
RS;scainc992j;p38p100;2003;0.86390001;992;j
RS;scainc992j;p38p100;2004;0.8732;992;j
RS;scainc992j;p38p100;2005;0.8768;992;j
RS;scainc992j;p38p100;2006;0.88429999;992;j
RS;scainc992j;p38p100;2007;0.88789999;992;j
RS;scainc992j;p38p100;2008;0.89139998;992;j
RS;scainc992j;p38p100;2009;0.89490002;992;j
RS;scainc992j;p38p100;2010;0.90310001;992;j
RS;scainc992j;p38p100;2011;0.91079998;992;j
RS;scainc992j;p38p100;2012;0.91250002;992;j
RS;scainc992j;p38p100;2013;0.91549999;992;j
RS;scainc992j;p38p100;2014;0.8955;992;j
RS;scainc992j;p38p100;2015;0.91009998;992;j
RS;scainc992j;p38p100;2016;0.91009998;992;j
RS;scainc992j;p38p100;2017;0.9102;992;j
RS;scainc992j;p4p5;1990;0.0013;992;j
RS;scainc992j;p4p5;1991;0.0013;992;j
RS;scainc992j;p4p5;1992;0.0013;992;j
RS;scainc992j;p4p5;1993;0.0013;992;j
RS;scainc992j;p4p5;1994;0.0013;992;j
RS;scainc992j;p4p5;1995;0.0013;992;j
RS;scainc992j;p4p5;1996;0.0013;992;j
RS;scainc992j;p4p5;1997;0.0014;992;j
RS;scainc992j;p4p5;1998;0.0014;992;j
RS;scainc992j;p4p5;1999;0.0015;992;j
RS;scainc992j;p4p5;2000;0.0014;992;j
RS;scainc992j;p4p5;2001;0.0013;992;j
RS;scainc992j;p4p5;2002;0.001;992;j
RS;scainc992j;p4p5;2003;0.001;992;j
RS;scainc992j;p4p5;2004;0.0008;992;j
RS;scainc992j;p4p5;2005;0.0007;992;j
RS;scainc992j;p4p5;2006;0.0006;992;j
RS;scainc992j;p4p5;2007;0.0005;992;j
RS;scainc992j;p4p5;2008;0.0005;992;j
RS;scainc992j;p4p5;2009;0.0006;992;j
RS;scainc992j;p4p5;2010;0.0005;992;j
RS;scainc992j;p4p5;2011;0.0005;992;j
RS;scainc992j;p4p5;2012;0.0003;992;j
RS;scainc992j;p4p5;2013;0.0007;992;j
RS;scainc992j;p4p5;2014;0.0015;992;j
RS;scainc992j;p4p5;2015;0.001;992;j
RS;scainc992j;p4p5;2016;0.001;992;j
RS;scainc992j;p4p5;2017;0.001;992;j
RS;sdiinc992j;p27p28;1990;0.0052999998;992;j
RS;sdiinc992j;p27p28;1991;0.0054000001;992;j
RS;sdiinc992j;p27p28;1992;0.0055;992;j
RS;sdiinc992j;p27p28;1993;0.0055;992;j
RS;sdiinc992j;p27p28;1994;0.0055999998;992;j
RS;sdiinc992j;p27p28;1995;0.0057000001;992;j
RS;sdiinc992j;p27p28;1996;0.0057000001;992;j
RS;sdiinc992j;p27p28;1997;0.0057999999;992;j
RS;sdiinc992j;p27p28;1998;0.0057999999;992;j
RS;sdiinc992j;p27p28;1999;0.0057000001;992;j
RS;sdiinc992j;p27p28;2000;0.0057000001;992;j
RS;sdiinc992j;p27p28;2001;0.0057000001;992;j
RS;sdiinc992j;p27p28;2002;0.0057000001;992;j
RS;sdiinc992j;p27p28;2003;0.0055999998;992;j
RS;sdiinc992j;p27p28;2004;0.0054000001;992;j
RS;sdiinc992j;p27p28;2005;0.0052999998;992;j
RS;sdiinc992j;p27p28;2006;0.0051000002;992;j
RS;sdiinc992j;p27p28;2007;0.0051000002;992;j
RS;sdiinc992j;p27p28;2008;0.0049000001;992;j
RS;sdiinc992j;p27p28;2009;0.0048000002;992;j
RS;sdiinc992j;p27p28;2010;0.0044999998;992;j
RS;sdiinc992j;p27p28;2011;0.0041999999;992;j
RS;sdiinc992j;p27p28;2012;0.0043000001;992;j
RS;sdiinc992j;p27p28;2013;0.0038000001;992;j
RS;sdiinc992j;p27p28;2014;0.0041999999;992;j
RS;sdiinc992j;p27p28;2015;0.0038999999;992;j
RS;sdiinc992j;p27p28;2016;0.0038000001;992;j
RS;sdiinc992j;p27p28;2017;0.0038000001;992;j
RS;sdiinc992j;p38p39;1990;0.0070000002;992;j
RS;sdiinc992j;p38p39;1991;0.0070000002;992;j
RS;sdiinc992j;p38p39;1992;0.0070000002;992;j
RS;sdiinc992j;p38p39;1993;0.0071;992;j
RS;sdiinc992j;p38p39;1994;0.0071;992;j
RS;sdiinc992j;p38p39;1995;0.0071;992;j
RS;sdiinc992j;p38p39;1996;0.0071;992;j
RS;sdiinc992j;p38p39;1997;0.0071;992;j
RS;sdiinc992j;p38p39;1998;0.0068999999;992;j
RS;sdiinc992j;p38p39;1999;0.0068999999;992;j
RS;sdiinc992j;p38p39;2000;0.0068000001;992;j
RS;sdiinc992j;p38p39;2001;0.0068000001;992;j
RS;sdiinc992j;p38p39;2002;0.0066999998;992;j
RS;sdiinc992j;p38p39;2003;0.0066999998;992;j
RS;sdiinc992j;p38p39;2004;0.0066;992;j
RS;sdiinc992j;p38p39;2005;0.0063999998;992;j
RS;sdiinc992j;p38p39;2006;0.0063999998;992;j
RS;sdiinc992j;p38p39;2007;0.0063999998;992;j
RS;sdiinc992j;p38p39;2008;0.0063;992;j
RS;sdiinc992j;p38p39;2009;0.0062000002;992;j
RS;sdiinc992j;p38p39;2010;0.0060999999;992;j
RS;sdiinc992j;p38p39;2011;0.0059000002;992;j
RS;sdiinc992j;p38p39;2012;0.0057999999;992;j
RS;sdiinc992j;p38p39;2013;0.0057000001;992;j
RS;sdiinc992j;p38p39;2014;0.0057999999;992;j
RS;sdiinc992j;p38p39;2015;0.0057000001;992;j
RS;sdiinc992j;p38p39;2016;0.0055999998;992;j
RS;sdiinc992j;p38p39;2017;0.0055999998;992;j
RS;sdiinc992j;p64p100;1990;0.62110001;992;j
RS;sdiinc992j;p64p100;1991;0.61930001;992;j
RS;sdiinc992j;p64p100;1992;0.61750001;992;j
RS;sdiinc992j;p64p100;1993;0.61610001;992;j
RS;sdiinc992j;p64p100;1994;0.6146;992;j
RS;sdiinc992j;p64p100;1995;0.61309999;992;j
RS;sdiinc992j;p64p100;1996;0.611;992;j
RS;sdiinc992j;p64p100;1997;0.6085;992;j
RS;sdiinc992j;p64p100;1998;0.61159998;992;j
RS;sdiinc992j;p64p100;1999;0.616;992;j
RS;sdiinc992j;p64p100;2000;0.61790001;992;j
RS;sdiinc992j;p64p100;2001;0.61949998;992;j
RS;sdiinc992j;p64p100;2002;0.62709999;992;j
RS;sdiinc992j;p64p100;2003;0.63020003;992;j
RS;sdiinc992j;p64p100;2004;0.64039999;992;j
RS;sdiinc992j;p64p100;2005;0.64709997;992;j
RS;sdiinc992j;p64p100;2006;0.6552;992;j
RS;sdiinc992j;p64p100;2007;0.65570003;992;j
RS;sdiinc992j;p64p100;2008;0.6595;992;j
RS;sdiinc992j;p64p100;2009;0.66530001;992;j
RS;sdiinc992j;p64p100;2010;0.67580003;992;j
RS;sdiinc992j;p64p100;2011;0.68629998;992;j
RS;sdiinc992j;p64p100;2012;0.6893;992;j
RS;sdiinc992j;p64p100;2013;0.6918;992;j
RS;sdiinc992j;p64p100;2014;0.67610002;992;j
RS;sdiinc992j;p64p100;2015;0.6929;992;j
RS;sdiinc992j;p64p100;2016;0.69709998;992;j
RS;sdiinc992j;p64p100;2017;0.69770002;992;j
RS;sdiinc992j;p82p100;1990;0.39820001;992;j
RS;sdiinc992j;p82p100;1991;0.3964;992;j
RS;sdiinc992j;p82p100;1992;0.39500001;992;j
RS;sdiinc992j;p82p100;1993;0.39410001;992;j
RS;sdiinc992j;p82p100;1994;0.39300001;992;j
RS;sdiinc992j;p82p100;1995;0.39210001;992;j
RS;sdiinc992j;p82p100;1996;0.39019999;992;j
RS;sdiinc992j;p82p100;1997;0.38789999;992;j
RS;sdiinc992j;p82p100;1998;0.3928;992;j
RS;sdiinc992j;p82p100;1999;0.39930001;992;j
RS;sdiinc992j;p82p100;2000;0.40369999;992;j
RS;sdiinc992j;p82p100;2001;0.40709999;992;j
RS;sdiinc992j;p82p100;2002;0.41260001;992;j
RS;sdiinc992j;p82p100;2003;0.41530001;992;j
RS;sdiinc992j;p82p100;2004;0.4237;992;j
RS;sdiinc992j;p82p100;2005;0.4314;992;j
RS;sdiinc992j;p82p100;2006;0.4391;992;j
RS;sdiinc992j;p82p100;2007;0.4377;992;j
RS;sdiinc992j;p82p100;2008;0.4402;992;j
RS;sdiinc992j;p82p100;2009;0.44729999;992;j
RS;sdiinc992j;p82p100;2010;0.4576;992;j
RS;sdiinc992j;p82p100;2011;0.46810001;992;j
RS;sdiinc992j;p82p100;2012;0.4718;992;j
RS;sdiinc992j;p82p100;2013;0.4691;992;j
RS;sdiinc992j;p82p100;2014;0.46430001;992;j
RS;sdiinc992j;p82p100;2015;0.48719999;992;j
RS;sdiinc992j;p82p100;2016;0.49110001;992;j
RS;sdiinc992j;p82p100;2017;0.49169999;992;j
RS;sdiinc992j;p97p98;1990;0.026900001;992;j
RS;sdiinc992j;p97p98;1991;0.026900001;992;j
RS;sdiinc992j;p97p98;1992;0.027000001;992;j
RS;sdiinc992j;p97p98;1993;0.027100001;992;j
RS;sdiinc992j;p97p98;1994;0.0272;992;j
RS;sdiinc992j;p97p98;1995;0.0272;992;j
RS;sdiinc992j;p97p98;1996;0.0272;992;j
RS;sdiinc992j;p97p98;1997;0.027100001;992;j
RS;sdiinc992j;p97p98;1998;0.0275;992;j
RS;sdiinc992j;p97p98;1999;0.027899999;992;j
RS;sdiinc992j;p97p98;2000;0.0285;992;j
RS;sdiinc992j;p97p98;2001;0.0286;992;j
RS;sdiinc992j;p97p98;2002;0.0294;992;j
RS;sdiinc992j;p97p98;2003;0.0294;992;j
RS;sdiinc992j;p97p98;2004;0.029999999;992;j
RS;sdiinc992j;p97p98;2005;0.0305;992;j
RS;sdiinc992j;p97p98;2006;0.031500001;992;j
RS;sdiinc992j;p97p98;2007;0.031599998;992;j
RS;sdiinc992j;p97p98;2008;0.032200001;992;j
RS;sdiinc992j;p97p98;2009;0.032299999;992;j
RS;sdiinc992j;p97p98;2010;0.033500001;992;j
RS;sdiinc992j;p97p98;2011;0.034600001;992;j
RS;sdiinc992j;p97p98;2012;0.033599999;992;j
RS;sdiinc992j;p97p98;2013;0.0341;992;j
RS;sdiinc992j;p97p98;2014;0.031800002;992;j
RS;sdiinc992j;p97p98;2015;0.0319;992;j
RS;sdiinc992j;p97p98;2016;0.032099999;992;j
RS;sdiinc992j;p97p98;2017;0.032200001;992;j
RS;sdiinc992j;p99.8p99.9;1990;0.0093999999;992;j
RS;sdiinc992j;p99.8p99.9;1991;0.0093;992;j
RS;sdiinc992j;p99.8p99.9;1992;0.0091000004;992;j
RS;sdiinc992j;p99.8p99.9;1993;0.0091000004;992;j
RS;sdiinc992j;p99.8p99.9;1994;0.0089999996;992;j
RS;sdiinc992j;p99.8p99.9;1995;0.0089999996;992;j
RS;sdiinc992j;p99.8p99.9;1996;0.0088999998;992;j
RS;sdiinc992j;p99.8p99.9;1997;0.0087000001;992;j
RS;sdiinc992j;p99.8p99.9;1998;0.0091000004;992;j
RS;sdiinc992j;p99.8p99.9;1999;0.0098000001;992;j
RS;sdiinc992j;p99.8p99.9;2000;0.0104;992;j
RS;sdiinc992j;p99.8p99.9;2001;0.0109;992;j
RS;sdiinc992j;p99.8p99.9;2002;0.011;992;j
RS;sdiinc992j;p99.8p99.9;2003;0.0109;992;j
RS;sdiinc992j;p99.8p99.9;2004;0.011;992;j
RS;sdiinc992j;p99.8p99.9;2005;0.0114;992;j
RS;sdiinc992j;p99.8p99.9;2006;0.0116;992;j
RS;sdiinc992j;p99.8p99.9;2007;0.0111;992;j
RS;sdiinc992j;p99.8p99.9;2008;0.0109;992;j
RS;sdiinc992j;p99.8p99.9;2009;0.0116;992;j
RS;sdiinc992j;p99.8p99.9;2010;0.0118;992;j
RS;sdiinc992j;p99.8p99.9;2011;0.0121;992;j
RS;sdiinc992j;p99.8p99.9;2012;0.0135;992;j
RS;sdiinc992j;p99.8p99.9;2013;0.0125;992;j
RS;sdiinc992j;p99.8p99.9;2014;0.0143;992;j
RS;sdiinc992j;p99.8p99.9;2015;0.0167;992;j
RS;sdiinc992j;p99.8p99.9;2016;0.016899999;992;j
RS;sdiinc992j;p99.8p99.9;2017;0.016899999;992;j
RS;sdiinc992j;p99.995p99.996;1990;0.0006;992;j
RS;sdiinc992j;p99.995p99.996;1991;0.0005;992;j
RS;sdiinc992j;p99.995p99.996;1992;0.0005;992;j
RS;sdiinc992j;p99.995p99.996;1993;0.0005;992;j
RS;sdiinc992j;p99.995p99.996;1994;0.0005;992;j
RS;sdiinc992j;p99.995p99.996;1995;0.0005;992;j
RS;sdiinc992j;p99.995p99.996;1996;0.0004;992;j
RS;sdiinc992j;p99.995p99.996;1997;0.0004;992;j
RS;sdiinc992j;p99.995p99.996;1998;0.0005;992;j
RS;sdiinc992j;p99.995p99.996;1999;0.0005;992;j
RS;sdiinc992j;p99.995p99.996;2000;0.0006;992;j
RS;sdiinc992j;p99.995p99.996;2001;0.0007;992;j
RS;sdiinc992j;p99.995p99.996;2002;0.0006;992;j
RS;sdiinc992j;p99.995p99.996;2003;0.0006;992;j
RS;sdiinc992j;p99.995p99.996;2004;0.0006;992;j
RS;sdiinc992j;p99.995p99.996;2005;0.0007;992;j
RS;sdiinc992j;p99.995p99.996;2006;0.0006;992;j
RS;sdiinc992j;p99.995p99.996;2007;0.0006;992;j
RS;sdiinc992j;p99.995p99.996;2008;0.0005;992;j
RS;sdiinc992j;p99.995p99.996;2009;0.0006;992;j
RS;sdiinc992j;p99.995p99.996;2010;0.0006;992;j
RS;sdiinc992j;p99.995p99.996;2011;0.0006;992;j
RS;sdiinc992j;p99.995p99.996;2012;0.0008;992;j
RS;sdiinc992j;p99.995p99.996;2013;0.0007;992;j
RS;sdiinc992j;p99.995p99.996;2014;0.0011;992;j
RS;sdiinc992j;p99.995p99.996;2015;0.0017;992;j
RS;sdiinc992j;p99.995p99.996;2016;0.0017;992;j
RS;sdiinc992j;p99.995p99.996;2017;0.0017;992;j
RS;sptinc992j;p55p56;1990;0.0088999998;992;j
RS;sptinc992j;p55p56;1991;0.0088999998;992;j
RS;sptinc992j;p55p56;1992;0.0088999998;992;j
RS;sptinc992j;p55p56;1993;0.0088;992;j
RS;sptinc992j;p55p56;1994;0.0088;992;j
RS;sptinc992j;p55p56;1995;0.0088;992;j
RS;sptinc992j;p55p56;1996;0.0088;992;j
RS;sptinc992j;p55p56;1997;0.0088;992;j
RS;sptinc992j;p55p56;1998;0.0087000001;992;j
RS;sptinc992j;p55p56;1999;0.0086000003;992;j
RS;sptinc992j;p55p56;2000;0.0085000005;992;j
RS;sptinc992j;p55p56;2001;0.0085000005;992;j
RS;sptinc992j;p55p56;2002;0.0083999997;992;j
RS;sptinc992j;p55p56;2003;0.0083999997;992;j
RS;sptinc992j;p55p56;2004;0.0082999999;992;j
RS;sptinc992j;p55p56;2005;0.0082;992;j
RS;sptinc992j;p55p56;2006;0.0082;992;j
RS;sptinc992j;p55p56;2007;0.0082999999;992;j
RS;sptinc992j;p55p56;2008;0.0082;992;j
RS;sptinc992j;p55p56;2009;0.0082999999;992;j
RS;sptinc992j;p55p56;2010;0.0081000002;992;j
RS;sptinc992j;p55p56;2011;0.0080000004;992;j
RS;sptinc992j;p55p56;2012;0.0080000004;992;j
RS;sptinc992j;p55p56;2013;0.0082;992;j
RS;sptinc992j;p55p56;2014;0.0078999996;992;j
RS;sptinc992j;p55p56;2015;0.0081000002;992;j
RS;sptinc992j;p55p56;2016;0.0081000002;992;j
RS;sptinc992j;p55p56;2017;0.0081000002;992;j
RS;sptinc992j;p75p76;1990;0.0131;992;j
RS;sptinc992j;p75p76;1991;0.013;992;j
RS;sptinc992j;p75p76;1992;0.013;992;j
RS;sptinc992j;p75p76;1993;0.013;992;j
RS;sptinc992j;p75p76;1994;0.0129;992;j
RS;sptinc992j;p75p76;1995;0.0129;992;j
RS;sptinc992j;p75p76;1996;0.0129;992;j
RS;sptinc992j;p75p76;1997;0.0129;992;j
RS;sptinc992j;p75p76;1998;0.0128;992;j
RS;sptinc992j;p75p76;1999;0.0126;992;j
RS;sptinc992j;p75p76;2000;0.0125;992;j
RS;sptinc992j;p75p76;2001;0.0124;992;j
RS;sptinc992j;p75p76;2002;0.0125;992;j
RS;sptinc992j;p75p76;2003;0.0125;992;j
RS;sptinc992j;p75p76;2004;0.0125;992;j
RS;sptinc992j;p75p76;2005;0.0124;992;j
RS;sptinc992j;p75p76;2006;0.0126;992;j
RS;sptinc992j;p75p76;2007;0.0128;992;j
RS;sptinc992j;p75p76;2008;0.0129;992;j
RS;sptinc992j;p75p76;2009;0.0129;992;j
RS;sptinc992j;p75p76;2010;0.0128;992;j
RS;sptinc992j;p75p76;2011;0.0127;992;j
RS;sptinc992j;p75p76;2012;0.013;992;j
RS;sptinc992j;p75p76;2013;0.0131;992;j
RS;sptinc992j;p75p76;2014;0.0128;992;j
RS;sptinc992j;p75p76;2015;0.0126;992;j
RS;sptinc992j;p75p76;2016;0.0126;992;j
RS;sptinc992j;p75p76;2017;0.0126;992;j
RS;sptinc992j;p97p100;1990;0.152;992;j
RS;sptinc992j;p97p100;1991;0.1539;992;j
RS;sptinc992j;p97p100;1992;0.1557;992;j
RS;sptinc992j;p97p100;1993;0.1576;992;j
RS;sptinc992j;p97p100;1994;0.1596;992;j
RS;sptinc992j;p97p100;1995;0.16159999;992;j
RS;sptinc992j;p97p100;1996;0.1629;992;j
RS;sptinc992j;p97p100;1997;0.16410001;992;j
RS;sptinc992j;p97p100;1998;0.1656;992;j
RS;sptinc992j;p97p100;1999;0.1701;992;j
RS;sptinc992j;p97p100;2000;0.1781;992;j
RS;sptinc992j;p97p100;2001;0.18279999;992;j
RS;sptinc992j;p97p100;2002;0.1851;992;j
RS;sptinc992j;p97p100;2003;0.18539999;992;j
RS;sptinc992j;p97p100;2004;0.1909;992;j
RS;sptinc992j;p97p100;2005;0.19320001;992;j
RS;sptinc992j;p97p100;2006;0.1954;992;j
RS;sptinc992j;p97p100;2007;0.1883;992;j
RS;sptinc992j;p97p100;2008;0.19050001;992;j
RS;sptinc992j;p97p100;2009;0.192;992;j
RS;sptinc992j;p97p100;2010;0.1982;992;j
RS;sptinc992j;p97p100;2011;0.2043;992;j
RS;sptinc992j;p97p100;2012;0.1983;992;j
RS;sptinc992j;p97p100;2013;0.1972;992;j
RS;sptinc992j;p97p100;2014;0.2185;992;j
RS;sptinc992j;p97p100;2015;0.21250001;992;j
RS;sptinc992j;p97p100;2016;0.21269999;992;j
RS;sptinc992j;p97p100;2017;0.213;992;j
RS;sptinc992j;p99.5p100;1990;0.059700001;992;j
RS;sptinc992j;p99.5p100;1991;0.061000001;992;j
RS;sptinc992j;p99.5p100;1992;0.062100001;992;j
RS;sptinc992j;p99.5p100;1993;0.0634;992;j
RS;sptinc992j;p99.5p100;1994;0.064499997;992;j
RS;sptinc992j;p99.5p100;1995;0.065800004;992;j
RS;sptinc992j;p99.5p100;1996;0.066799998;992;j
RS;sptinc992j;p99.5p100;1997;0.067699999;992;j
RS;sptinc992j;p99.5p100;1998;0.067900002;992;j
RS;sptinc992j;p99.5p100;1999;0.071400002;992;j
RS;sptinc992j;p99.5p100;2000;0.075900003;992;j
RS;sptinc992j;p99.5p100;2001;0.079700001;992;j
RS;sptinc992j;p99.5p100;2002;0.079599999;992;j
RS;sptinc992j;p99.5p100;2003;0.0788;992;j
RS;sptinc992j;p99.5p100;2004;0.081299998;992;j
RS;sptinc992j;p99.5p100;2005;0.080899999;992;j
RS;sptinc992j;p99.5p100;2006;0.081799999;992;j
RS;sptinc992j;p99.5p100;2007;0.077;992;j
RS;sptinc992j;p99.5p100;2008;0.078299999;992;j
RS;sptinc992j;p99.5p100;2009;0.078299999;992;j
RS;sptinc992j;p99.5p100;2010;0.079599999;992;j
RS;sptinc992j;p99.5p100;2011;0.082999997;992;j
RS;sptinc992j;p99.5p100;2012;0.075099997;992;j
RS;sptinc992j;p99.5p100;2013;0.076800004;992;j
RS;sptinc992j;p99.5p100;2014;0.096799999;992;j
RS;sptinc992j;p99.5p100;2015;0.093599997;992;j
RS;sptinc992j;p99.5p100;2016;0.093699999;992;j
RS;sptinc992j;p99.5p100;2017;0.093800001;992;j
RS;sptinc992j;p99.997p99.998;1990;0.0009;992;j
RS;sptinc992j;p99.997p99.998;1991;0.0009;992;j
RS;sptinc992j;p99.997p99.998;1992;0.0009;992;j
RS;sptinc992j;p99.997p99.998;1993;0.001;992;j
RS;sptinc992j;p99.997p99.998;1994;0.001;992;j
RS;sptinc992j;p99.997p99.998;1995;0.001;992;j
RS;sptinc992j;p99.997p99.998;1996;0.0011;992;j
RS;sptinc992j;p99.997p99.998;1997;0.0011;992;j
RS;sptinc992j;p99.997p99.998;1998;0.0011;992;j
RS;sptinc992j;p99.997p99.998;1999;0.0012000001;992;j
RS;sptinc992j;p99.997p99.998;2000;0.0013;992;j
RS;sptinc992j;p99.997p99.998;2001;0.0014;992;j
RS;sptinc992j;p99.997p99.998;2002;0.0013;992;j
RS;sptinc992j;p99.997p99.998;2003;0.0013;992;j
RS;sptinc992j;p99.997p99.998;2004;0.0013;992;j
RS;sptinc992j;p99.997p99.998;2005;0.0013;992;j
RS;sptinc992j;p99.997p99.998;2006;0.0013;992;j
RS;sptinc992j;p99.997p99.998;2007;0.0012000001;992;j
RS;sptinc992j;p99.997p99.998;2008;0.0012000001;992;j
RS;sptinc992j;p99.997p99.998;2009;0.0012000001;992;j
RS;sptinc992j;p99.997p99.998;2010;0.0011;992;j
RS;sptinc992j;p99.997p99.998;2011;0.0012000001;992;j
RS;sptinc992j;p99.997p99.998;2012;0.0009;992;j
RS;sptinc992j;p99.997p99.998;2013;0.001;992;j
RS;sptinc992j;p99.997p99.998;2014;0.0017;992;j
RS;sptinc992j;p99.997p99.998;2015;0.0016;992;j
RS;sptinc992j;p99.997p99.998;2016;0.0016;992;j
RS;sptinc992j;p99.997p99.998;2017;0.0016;992;j
RS;tcainc992j;p17p100;1990;157644.09;992;j
RS;tcainc992j;p17p100;1991;138885.0;992;j
RS;tcainc992j;p17p100;1992;96923.898;992;j
RS;tcainc992j;p17p100;1993;63915.5;992;j
RS;tcainc992j;p17p100;1994;66849.797;992;j
RS;tcainc992j;p17p100;1995;71732.0;992;j
RS;tcainc992j;p17p100;1996;73794.797;992;j
RS;tcainc992j;p17p100;1997;79254.797;992;j
RS;tcainc992j;p17p100;1998;93645.898;992;j
RS;tcainc992j;p17p100;1999;109199.1;992;j
RS;tcainc992j;p17p100;2000;114832.6;992;j
RS;tcainc992j;p17p100;2001;108867.7;992;j
RS;tcainc992j;p17p100;2002;103339.0;992;j
RS;tcainc992j;p17p100;2003;108787.4;992;j
RS;tcainc992j;p17p100;2004;114690.4;992;j
RS;tcainc992j;p17p100;2005;124517.3;992;j
RS;tcainc992j;p17p100;2006;115783.1;992;j
RS;tcainc992j;p17p100;2007;110909.7;992;j
RS;tcainc992j;p17p100;2008;111701.3;992;j
RS;tcainc992j;p17p100;2009;108939.5;992;j
RS;tcainc992j;p17p100;2010;92926.602;992;j
RS;tcainc992j;p17p100;2011;81185.203;992;j
RS;tcainc992j;p17p100;2012;76966.703;992;j
RS;tcainc992j;p17p100;2013;72593.703;992;j
RS;tcainc992j;p17p100;2014;105561.7;992;j
RS;tcainc992j;p17p100;2015;80919.898;992;j
RS;tcainc992j;p17p100;2016;84035.703;992;j
RS;tcainc992j;p17p100;2017;83926.797;992;j
RS;tcainc992j;p29p30;1990;271725.69;992;j
RS;tcainc992j;p29p30;1991;238249.3;992;j
RS;tcainc992j;p29p30;1992;165770.09;992;j
RS;tcainc992j;p29p30;1993;108482.0;992;j
RS;tcainc992j;p29p30;1994;112934.6;992;j
RS;tcainc992j;p29p30;1995;120472.6;992;j
RS;tcainc992j;p29p30;1996;122925.2;992;j
RS;tcainc992j;p29p30;1997;131124.7;992;j
RS;tcainc992j;p29p30;1998;143993.8;992;j
RS;tcainc992j;p29p30;1999;163031.0;992;j
RS;tcainc992j;p29p30;2000;176159.41;992;j
RS;tcainc992j;p29p30;2001;171784.09;992;j
RS;tcainc992j;p29p30;2002;175346.0;992;j
RS;tcainc992j;p29p30;2003;180788.0;992;j
RS;tcainc992j;p29p30;2004;209035.5;992;j
RS;tcainc992j;p29p30;2005;234048.8;992;j
RS;tcainc992j;p29p30;2006;236936.0;992;j
RS;tcainc992j;p29p30;2007;235859.3;992;j
RS;tcainc992j;p29p30;2008;243566.91;992;j
RS;tcainc992j;p29p30;2009;233570.2;992;j
RS;tcainc992j;p29p30;2010;218595.8;992;j
RS;tcainc992j;p29p30;2011;205818.0;992;j
RS;tcainc992j;p29p30;2012;207358.59;992;j
RS;tcainc992j;p29p30;2013;193564.0;992;j
RS;tcainc992j;p29p30;2014;207940.7;992;j
RS;tcainc992j;p29p30;2015;193245.91;992;j
RS;tcainc992j;p29p30;2016;200441.5;992;j
RS;tcainc992j;p29p30;2017;200520.59;992;j
RS;tcainc992j;p80p81;1990;737365.19;992;j
RS;tcainc992j;p80p81;1991;638518.38;992;j
RS;tcainc992j;p80p81;1992;435891.81;992;j
RS;tcainc992j;p80p81;1993;281600.81;992;j
RS;tcainc992j;p80p81;1994;288845.09;992;j
RS;tcainc992j;p80p81;1995;303597.69;992;j
RS;tcainc992j;p80p81;1996;305362.59;992;j
RS;tcainc992j;p80p81;1997;321258.09;992;j
RS;tcainc992j;p80p81;1998;346773.59;992;j
RS;tcainc992j;p80p81;1999;391763.69;992;j
RS;tcainc992j;p80p81;2000;421861.31;992;j
RS;tcainc992j;p80p81;2001;406495.91;992;j
RS;tcainc992j;p80p81;2002;432348.41;992;j
RS;tcainc992j;p80p81;2003;456290.91;992;j
RS;tcainc992j;p80p81;2004;553346.13;992;j
RS;tcainc992j;p80p81;2005;631436.0;992;j
RS;tcainc992j;p80p81;2006;667617.38;992;j
RS;tcainc992j;p80p81;2007;674591.31;992;j
RS;tcainc992j;p80p81;2008;733458.81;992;j
RS;tcainc992j;p80p81;2009;720538.31;992;j
RS;tcainc992j;p80p81;2010;731227.38;992;j
RS;tcainc992j;p80p81;2011;740327.31;992;j
RS;tcainc992j;p80p81;2012;739834.88;992;j
RS;tcainc992j;p80p81;2013;776491.0;992;j
RS;tcainc992j;p80p81;2014;707753.63;992;j
RS;tcainc992j;p80p81;2015;700287.81;992;j
RS;tcainc992j;p80p81;2016;726158.0;992;j
RS;tcainc992j;p80p81;2017;726568.81;992;j
RS;tcainc992j;p88p100;1990;866442.38;992;j
RS;tcainc992j;p88p100;1991;749243.88;992;j
RS;tcainc992j;p88p100;1992;511024.5;992;j
RS;tcainc992j;p88p100;1993;330082.59;992;j
RS;tcainc992j;p88p100;1994;338305.31;992;j
RS;tcainc992j;p88p100;1995;354875.69;992;j
RS;tcainc992j;p88p100;1996;355664.19;992;j
RS;tcainc992j;p88p100;1997;373304.0;992;j
RS;tcainc992j;p88p100;1998;410294.19;992;j
RS;tcainc992j;p88p100;1999;462728.19;992;j
RS;tcainc992j;p88p100;2000;495745.59;992;j
RS;tcainc992j;p88p100;2001;479331.59;992;j
RS;tcainc992j;p88p100;2002;505734.09;992;j
RS;tcainc992j;p88p100;2003;546897.69;992;j
RS;tcainc992j;p88p100;2004;669675.63;992;j
RS;tcainc992j;p88p100;2005;772255.0;992;j
RS;tcainc992j;p88p100;2006;824884.31;992;j
RS;tcainc992j;p88p100;2007;837316.38;992;j
RS;tcainc992j;p88p100;2008;899862.31;992;j
RS;tcainc992j;p88p100;2009;896401.5;992;j
RS;tcainc992j;p88p100;2010;915093.0;992;j
RS;tcainc992j;p88p100;2011;938565.69;992;j
RS;tcainc992j;p88p100;2012;924464.88;992;j
RS;tcainc992j;p88p100;2013;958905.31;992;j
RS;tcainc992j;p88p100;2014;887636.0;992;j
RS;tcainc992j;p88p100;2015;876275.19;992;j
RS;tcainc992j;p88p100;2016;908414.69;992;j
RS;tcainc992j;p88p100;2017;909090.31;992;j
RS;tcainc992j;p92p93;1990;974233.31;992;j
RS;tcainc992j;p92p93;1991;845139.63;992;j
RS;tcainc992j;p92p93;1992;578226.38;992;j
RS;tcainc992j;p92p93;1993;373886.59;992;j
RS;tcainc992j;p92p93;1994;384093.19;992;j
RS;tcainc992j;p92p93;1995;404262.09;992;j
RS;tcainc992j;p92p93;1996;406619.09;992;j
RS;tcainc992j;p92p93;1997;428062.19;992;j
RS;tcainc992j;p92p93;1998;470651.0;992;j
RS;tcainc992j;p92p93;1999;534324.38;992;j
RS;tcainc992j;p92p93;2000;578433.31;992;j
RS;tcainc992j;p92p93;2001;562579.63;992;j
RS;tcainc992j;p92p93;2002;597435.31;992;j
RS;tcainc992j;p92p93;2003;639699.0;992;j
RS;tcainc992j;p92p93;2004;784928.38;992;j
RS;tcainc992j;p92p93;2005;906774.13;992;j
RS;tcainc992j;p92p93;2006;972150.0;992;j
RS;tcainc992j;p92p93;2007;982473.38;992;j
RS;tcainc992j;p92p93;2008;1063229.8;992;j
RS;tcainc992j;p92p93;2009;1052179.3;992;j
RS;tcainc992j;p92p93;2010;1087387.4;992;j
RS;tcainc992j;p92p93;2011;1123126.5;992;j
RS;tcainc992j;p92p93;2012;1084408.6;992;j
RS;tcainc992j;p92p93;2013;1129507.6;992;j
RS;tcainc992j;p92p93;2014;1041069.3;992;j
RS;tcainc992j;p92p93;2015;1029006.4;992;j
RS;tcainc992j;p92p93;2016;1067254.3;992;j
RS;tcainc992j;p92p93;2017;1068332.4;992;j
RS;tcainc992j;p99.96p99.97;1990;10024155.0;992;j
RS;tcainc992j;p99.96p99.97;1991;8456369.0;992;j
RS;tcainc992j;p99.96p99.97;1992;5598913.0;992;j
RS;tcainc992j;p99.96p99.97;1993;3564960.0;992;j
RS;tcainc992j;p99.96p99.97;1994;3620081.0;992;j
RS;tcainc992j;p99.96p99.97;1995;3776522.3;992;j
RS;tcainc992j;p99.96p99.97;1996;3719770.3;992;j
RS;tcainc992j;p99.96p99.97;1997;3829692.8;992;j
RS;tcainc992j;p99.96p99.97;1998;4367256.5;992;j
RS;tcainc992j;p99.96p99.97;1999;5545746.5;992;j
RS;tcainc992j;p99.96p99.97;2000;6432995.5;992;j
RS;tcainc992j;p99.96p99.97;2001;6779691.5;992;j
RS;tcainc992j;p99.96p99.97;2002;7076558.0;992;j
RS;tcainc992j;p99.96p99.97;2003;7377883.5;992;j
RS;tcainc992j;p99.96p99.97;2004;8936749.0;992;j
RS;tcainc992j;p99.96p99.97;2005;10677168.0;992;j
RS;tcainc992j;p99.96p99.97;2006;11153179.0;992;j
RS;tcainc992j;p99.96p99.97;2007;10401653.0;992;j
RS;tcainc992j;p99.96p99.97;2008;10646573.0;992;j
RS;tcainc992j;p99.96p99.97;2009;11687565.0;992;j
RS;tcainc992j;p99.96p99.97;2010;11755177.0;992;j
RS;tcainc992j;p99.96p99.97;2011;11973179.0;992;j
RS;tcainc992j;p99.96p99.97;2012;14699480.0;992;j
RS;tcainc992j;p99.96p99.97;2013;13156084.0;992;j
RS;tcainc992j;p99.96p99.97;2014;16958776.0;992;j
RS;tcainc992j;p99.96p99.97;2015;21832996.0;992;j
RS;tcainc992j;p99.96p99.97;2016;22650026.0;992;j
RS;tcainc992j;p99.96p99.97;2017;22688308.0;992;j
RS;tcainc992j;p99.992p100;1990;23377198.0;992;j
RS;tcainc992j;p99.992p100;1991;19375074.0;992;j
RS;tcainc992j;p99.992p100;1992;12508454.0;992;j
RS;tcainc992j;p99.992p100;1993;7822235.0;992;j
RS;tcainc992j;p99.992p100;1994;7848995.0;992;j
RS;tcainc992j;p99.992p100;1995;8103361.0;992;j
RS;tcainc992j;p99.992p100;1996;7891105.5;992;j
RS;tcainc992j;p99.992p100;1997;8023516.0;992;j
RS;tcainc992j;p99.992p100;1998;9272819.0;992;j
RS;tcainc992j;p99.992p100;1999;12360856.0;992;j
RS;tcainc992j;p99.992p100;2000;14334962.0;992;j
RS;tcainc992j;p99.992p100;2001;15659720.0;992;j
RS;tcainc992j;p99.992p100;2002;15880671.0;992;j
RS;tcainc992j;p99.992p100;2003;16590081.0;992;j
RS;tcainc992j;p99.992p100;2004;20129456.0;992;j
RS;tcainc992j;p99.992p100;2005;24444532.0;992;j
RS;tcainc992j;p99.992p100;2006;24628050.0;992;j
RS;tcainc992j;p99.992p100;2007;22086162.0;992;j
RS;tcainc992j;p99.992p100;2008;21662420.0;992;j
RS;tcainc992j;p99.992p100;2009;25138420.0;992;j
RS;tcainc992j;p99.992p100;2010;24644396.0;992;j
RS;tcainc992j;p99.992p100;2011;24711162.0;992;j
RS;tcainc992j;p99.992p100;2012;34266308.0;992;j
RS;tcainc992j;p99.992p100;2013;28388486.0;992;j
RS;tcainc992j;p99.992p100;2014;44243884.0;992;j
RS;tcainc992j;p99.992p100;2015;63666672.0;992;j
RS;tcainc992j;p99.992p100;2016;66064448.0;992;j
RS;tcainc992j;p99.992p100;2017;66206528.0;992;j
RS;tdiinc992j;p32p100;1990;446699.81;992;j
RS;tdiinc992j;p32p100;1991;389685.31;992;j
RS;tdiinc992j;p32p100;1992;268214.31;992;j
RS;tdiinc992j;p32p100;1993;174686.8;992;j
RS;tdiinc992j;p32p100;1994;180854.09;992;j
RS;tdiinc992j;p32p100;1995;191899.41;992;j
RS;tdiinc992j;p32p100;1996;195010.91;992;j
RS;tdiinc992j;p32p100;1997;208499.59;992;j
RS;tdiinc992j;p32p100;1998;215561.3;992;j
RS;tdiinc992j;p32p100;1999;233460.8;992;j
RS;tdiinc992j;p32p100;2000;256659.91;992;j
RS;tdiinc992j;p32p100;2001;255549.2;992;j
RS;tdiinc992j;p32p100;2002;272873.09;992;j
RS;tdiinc992j;p32p100;2003;283515.5;992;j
RS;tdiinc992j;p32p100;2004;312225.0;992;j
RS;tdiinc992j;p32p100;2005;342503.5;992;j
RS;tdiinc992j;p32p100;2006;351496.81;992;j
RS;tdiinc992j;p32p100;2007;363163.31;992;j
RS;tdiinc992j;p32p100;2008;380783.5;992;j
RS;tdiinc992j;p32p100;2009;365450.69;992;j
RS;tdiinc992j;p32p100;2010;352234.09;992;j
RS;tdiinc992j;p32p100;2011;337837.59;992;j
RS;tdiinc992j;p32p100;2012;332849.19;992;j
RS;tdiinc992j;p32p100;2013;322810.69;992;j
RS;tdiinc992j;p32p100;2014;326760.59;992;j
RS;tdiinc992j;p32p100;2015;316101.81;992;j
RS;tdiinc992j;p32p100;2016;321258.09;992;j
RS;tdiinc992j;p32p100;2017;322296.81;992;j
RS;tdiinc992j;p71p100;1990;866537.0;992;j
RS;tdiinc992j;p71p100;1991;754902.81;992;j
RS;tdiinc992j;p71p100;1992;516068.59;992;j
RS;tdiinc992j;p71p100;1993;334557.41;992;j
RS;tdiinc992j;p71p100;1994;344163.31;992;j
RS;tdiinc992j;p71p100;1995;362871.59;992;j
RS;tdiinc992j;p71p100;1996;365916.5;992;j
RS;tdiinc992j;p71p100;1997;387787.31;992;j
RS;tdiinc992j;p71p100;1998;405826.09;992;j
RS;tdiinc992j;p71p100;1999;439565.91;992;j
RS;tdiinc992j;p71p100;2000;477153.41;992;j
RS;tdiinc992j;p71p100;2001;471003.31;992;j
RS;tdiinc992j;p71p100;2002;509108.09;992;j
RS;tdiinc992j;p71p100;2003;536771.0;992;j
RS;tdiinc992j;p71p100;2004;608634.69;992;j
RS;tdiinc992j;p71p100;2005;675142.13;992;j
RS;tdiinc992j;p71p100;2006;712802.81;992;j
RS;tdiinc992j;p71p100;2007;741417.81;992;j
RS;tdiinc992j;p71p100;2008;793187.63;992;j
RS;tdiinc992j;p71p100;2009;774334.88;992;j
RS;tdiinc992j;p71p100;2010;776239.38;992;j
RS;tdiinc992j;p71p100;2011;774167.5;992;j
RS;tdiinc992j;p71p100;2012;771544.31;992;j
RS;tdiinc992j;p71p100;2013;809345.19;992;j
RS;tdiinc992j;p71p100;2014;762056.13;992;j
RS;tdiinc992j;p71p100;2015;741118.13;992;j
RS;tdiinc992j;p71p100;2016;764757.38;992;j
RS;tdiinc992j;p71p100;2017;769369.63;992;j
RS;tdiinc992j;p83p100;1990;1081504.5;992;j
RS;tdiinc992j;p83p100;1991;934303.88;992;j
RS;tdiinc992j;p83p100;1992;636805.88;992;j
RS;tdiinc992j;p83p100;1993;410854.0;992;j
RS;tdiinc992j;p83p100;1994;421151.69;992;j
RS;tdiinc992j;p83p100;1995;442361.69;992;j
RS;tdiinc992j;p83p100;1996;444102.81;992;j
RS;tdiinc992j;p83p100;1997;468498.31;992;j
RS;tdiinc992j;p83p100;1998;487401.31;992;j
RS;tdiinc992j;p83p100;1999;530206.88;992;j
RS;tdiinc992j;p83p100;2000;575615.88;992;j
RS;tdiinc992j;p83p100;2001;569492.13;992;j
RS;tdiinc992j;p83p100;2002;622527.63;992;j
RS;tdiinc992j;p83p100;2003;657549.81;992;j
RS;tdiinc992j;p83p100;2004;752285.31;992;j
RS;tdiinc992j;p83p100;2005;841789.69;992;j
RS;tdiinc992j;p83p100;2006;894073.31;992;j
RS;tdiinc992j;p83p100;2007;934860.38;992;j
RS;tdiinc992j;p83p100;2008;1005972.7;992;j
RS;tdiinc992j;p83p100;2009;991502.38;992;j
RS;tdiinc992j;p83p100;2010;1004334.1;992;j
RS;tdiinc992j;p83p100;2011;1020703.9;992;j
RS;tdiinc992j;p83p100;2012;1012289.8;992;j
RS;tdiinc992j;p83p100;2013;1064756.5;992;j
RS;tdiinc992j;p83p100;2014;972904.13;992;j
RS;tdiinc992j;p83p100;2015;957762.0;992;j
RS;tdiinc992j;p83p100;2016;990869.63;992;j
RS;tdiinc992j;p83p100;2017;997015.63;992;j
RS;tdiinc992j;p99.92p99.93;1990;9318211.0;992;j
RS;tdiinc992j;p99.92p99.93;1991;7920630.0;992;j
RS;tdiinc992j;p99.92p99.93;1992;5299041.0;992;j
RS;tdiinc992j;p99.92p99.93;1993;3398638.5;992;j
RS;tdiinc992j;p99.92p99.93;1994;3468254.5;992;j
RS;tdiinc992j;p99.92p99.93;1995;3633778.0;992;j
RS;tdiinc992j;p99.92p99.93;1996;3596755.5;992;j
RS;tdiinc992j;p99.92p99.93;1997;3734358.3;992;j
RS;tdiinc992j;p99.92p99.93;1998;4106872.8;992;j
RS;tdiinc992j;p99.92p99.93;1999;4950059.0;992;j
RS;tdiinc992j;p99.92p99.93;2000;5762914.0;992;j
RS;tdiinc992j;p99.92p99.93;2001;6115351.5;992;j
RS;tdiinc992j;p99.92p99.93;2002;6584035.0;992;j
RS;tdiinc992j;p99.92p99.93;2003;6838722.0;992;j
RS;tdiinc992j;p99.92p99.93;2004;7802392.0;992;j
RS;tdiinc992j;p99.92p99.93;2005;9074932.0;992;j
RS;tdiinc992j;p99.92p99.93;2006;9613425.0;992;j
RS;tdiinc992j;p99.92p99.93;2007;9353445.0;992;j
RS;tdiinc992j;p99.92p99.93;2008;9665520.0;992;j
RS;tdiinc992j;p99.92p99.93;2009;10317989.0;992;j
RS;tdiinc992j;p99.92p99.93;2010;10445885.0;992;j
RS;tdiinc992j;p99.92p99.93;2011;10669420.0;992;j
RS;tdiinc992j;p99.92p99.93;2012;12421147.0;992;j
RS;tdiinc992j;p99.92p99.93;2013;11481291.0;992;j
RS;tdiinc992j;p99.92p99.93;2014;13678187.0;992;j
RS;tdiinc992j;p99.92p99.93;2015;16752999.0;992;j
RS;tdiinc992j;p99.92p99.93;2016;17486076.0;992;j
RS;tdiinc992j;p99.92p99.93;2017;17623306.0;992;j
RS;tdiinc992j;p99.993p99.994;1990;33178152.0;992;j
RS;tdiinc992j;p99.993p99.994;1991;27467514.0;992;j
RS;tdiinc992j;p99.993p99.994;1992;17700976.0;992;j
RS;tdiinc992j;p99.993p99.994;1993;11055759.0;992;j
RS;tdiinc992j;p99.993p99.994;1994;11085573.0;992;j
RS;tdiinc992j;p99.993p99.994;1995;11438095.0;992;j
RS;tdiinc992j;p99.993p99.994;1996;11130274.0;992;j
RS;tdiinc992j;p99.993p99.994;1997;11341521.0;992;j
RS;tdiinc992j;p99.993p99.994;1998;12737934.0;992;j
RS;tdiinc992j;p99.993p99.994;1999;16527664.0;992;j
RS;tdiinc992j;p99.993p99.994;2000;19253884.0;992;j
RS;tdiinc992j;p99.993p99.994;2001;21562606.0;992;j
RS;tdiinc992j;p99.993p99.994;2002;22240046.0;992;j
RS;tdiinc992j;p99.993p99.994;2003;23156056.0;992;j
RS;tdiinc992j;p99.993p99.994;2004;26480320.0;992;j
RS;tdiinc992j;p99.993p99.994;2005;31564590.0;992;j
RS;tdiinc992j;p99.993p99.994;2006;31704210.0;992;j
RS;tdiinc992j;p99.993p99.994;2007;29078560.0;992;j
RS;tdiinc992j;p99.993p99.994;2008;28207174.0;992;j
RS;tdiinc992j;p99.993p99.994;2009;32719464.0;992;j
RS;tdiinc992j;p99.993p99.994;2010;31894118.0;992;j
RS;tdiinc992j;p99.993p99.994;2011;31840158.0;992;j
RS;tdiinc992j;p99.993p99.994;2012;44471928.0;992;j
RS;tdiinc992j;p99.993p99.994;2013;36616180.0;992;j
RS;tdiinc992j;p99.993p99.994;2014;57945764.0;992;j
RS;tdiinc992j;p99.993p99.994;2015;83978816.0;992;j
RS;tdiinc992j;p99.993p99.994;2016;87720584.0;992;j
RS;tdiinc992j;p99.993p99.994;2017;88473504.0;992;j
RS;tptinc992j;p99.94p99.95;1990;12475056.0;992;j
RS;tptinc992j;p99.94p99.95;1991;11064265.0;992;j
RS;tptinc992j;p99.94p99.95;1992;7711484.0;992;j
RS;tptinc992j;p99.94p99.95;1993;5105533.0;992;j
RS;tptinc992j;p99.94p99.95;1994;5350647.0;992;j
RS;tptinc992j;p99.94p99.95;1995;5767054.5;992;j
RS;tptinc992j;p99.94p99.95;1996;5891653.0;992;j
RS;tptinc992j;p99.94p99.95;1997;6330462.0;992;j
RS;tptinc992j;p99.94p99.95;1998;6693415.0;992;j
RS;tptinc992j;p99.94p99.95;1999;7700155.5;992;j
RS;tptinc992j;p99.94p99.95;2000;9023286.0;992;j
RS;tptinc992j;p99.94p99.95;2001;9435894.0;992;j
RS;tptinc992j;p99.94p99.95;2002;10176157.0;992;j
RS;tptinc992j;p99.94p99.95;2003;10588335.0;992;j
RS;tptinc992j;p99.94p99.95;2004;12302566.0;992;j
RS;tptinc992j;p99.94p99.95;2005;13679830.0;992;j
RS;tptinc992j;p99.94p99.95;2006;14608927.0;992;j
RS;tptinc992j;p99.94p99.95;2007;14161278.0;992;j
RS;tptinc992j;p99.94p99.95;2008;15330759.0;992;j
RS;tptinc992j;p99.94p99.95;2009;15067437.0;992;j
RS;tptinc992j;p99.94p99.95;2010;15395075.0;992;j
RS;tptinc992j;p99.94p99.95;2011;16105025.0;992;j
RS;tptinc992j;p99.94p99.95;2012;14516541.0;992;j
RS;tptinc992j;p99.94p99.95;2013;15221516.0;992;j
RS;tptinc992j;p99.94p99.95;2014;18723508.0;992;j
RS;tptinc992j;p99.94p99.95;2015;18190340.0;992;j
RS;tptinc992j;p99.94p99.95;2016;18772944.0;992;j
RS;tptinc992j;p99.94p99.95;2017;18913058.0;992;j
RS;acainc992j;p25p26;1990;240939.5;992;j
RS;acainc992j;p25p26;1991;212471.3;992;j
RS;acainc992j;p25p26;1992;147817.41;992;j
RS;acainc992j;p25p26;1993;97255.398;992;j
RS;acainc992j;p25p26;1994;101579.7;992;j
RS;acainc992j;p25p26;1995;108713.7;992;j
RS;acainc992j;p25p26;1996;111377.7;992;j
RS;acainc992j;p25p26;1997;119417.9;992;j
RS;acainc992j;p25p26;1998;133077.59;992;j
RS;acainc992j;p25p26;1999;151388.0;992;j
RS;acainc992j;p25p26;2000;164499.41;992;j
RS;acainc992j;p25p26;2001;160608.3;992;j
RS;acainc992j;p25p26;2002;161602.8;992;j
RS;acainc992j;p25p26;2003;166619.91;992;j
RS;acainc992j;p25p26;2004;189673.8;992;j
RS;acainc992j;p25p26;2005;211082.0;992;j
RS;acainc992j;p25p26;2006;210598.3;992;j
RS;acainc992j;p25p26;2007;207799.3;992;j
RS;acainc992j;p25p26;2008;214381.5;992;j
RS;acainc992j;p25p26;2009;200762.8;992;j
RS;acainc992j;p25p26;2010;184626.59;992;j
RS;acainc992j;p25p26;2011;170441.59;992;j
RS;acainc992j;p25p26;2012;175545.09;992;j
RS;acainc992j;p25p26;2013;151171.5;992;j
RS;acainc992j;p25p26;2014;172153.59;992;j
RS;acainc992j;p25p26;2015;154832.0;992;j
RS;acainc992j;p25p26;2016;160787.0;992;j
RS;acainc992j;p25p26;2017;160630.5;992;j
RS;aprpco992i;p0p100;1997;-5192.3999;992;i
RS;aprpco992i;p0p100;1998;-7135.1001;992;i
RS;aprpco992i;p0p100;1999;-4328.3999;992;i
RS;aprpco992i;p0p100;2000;-7425.7998;992;i
RS;aprpco992i;p0p100;2001;-6526.7002;992;i
RS;aprpco992i;p0p100;2002;-6547.2002;992;i
RS;aprpco992i;p0p100;2003;-9011.5996;992;i
RS;aprpco992i;p0p100;2004;-7346.8999;992;i
RS;aprpco992i;p0p100;2005;-21350.4;992;i
RS;aprpco992i;p0p100;2006;-14899.3;992;i
RS;aprpco992i;p0p100;2007;-31454.1;992;i
RS;aprpco992i;p0p100;2008;-43271.699;992;i
RS;aprpco992i;p0p100;2009;-17697.6;992;i
RS;aprpco992i;p0p100;2010;-25779.199;992;i
RS;aprpco992i;p0p100;2011;-41539.0;992;i
RS;aptinc992j;p80p81;1990;1061312.3;992;j
RS;aptinc992j;p80p81;1991;918815.63;992;j
RS;aptinc992j;p80p81;1992;627488.13;992;j
RS;aptinc992j;p80p81;1993;405593.59;992;j
RS;aptinc992j;p80p81;1994;416341.5;992;j
RS;aptinc992j;p80p81;1995;437912.59;992;j
RS;aptinc992j;p80p81;1996;440625.69;992;j
RS;aptinc992j;p80p81;1997;466318.5;992;j
RS;aptinc992j;p80p81;1998;483505.09;992;j
RS;aptinc992j;p80p81;1999;525891.88;992;j
RS;aptinc992j;p80p81;2000;571223.31;992;j
RS;aptinc992j;p80p81;2001;564996.63;992;j
RS;aptinc992j;p80p81;2002;617643.13;992;j
RS;aptinc992j;p80p81;2003;648753.69;992;j
RS;aptinc992j;p80p81;2004;731384.38;992;j
RS;aptinc992j;p80p81;2005;820489.88;992;j
RS;aptinc992j;p80p81;2006;869299.31;992;j
RS;aptinc992j;p80p81;2007;917940.13;992;j
RS;aptinc992j;p80p81;2008;990247.13;992;j
RS;aptinc992j;p80p81;2009;970011.31;992;j
RS;aptinc992j;p80p81;2010;970653.88;992;j
RS;aptinc992j;p80p81;2011;976523.38;992;j
RS;aptinc992j;p80p81;2012;999605.38;992;j
RS;aptinc992j;p80p81;2013;1025402.0;992;j
RS;aptinc992j;p80p81;2014;976923.63;992;j
RS;aptinc992j;p80p81;2015;973425.13;992;j
RS;aptinc992j;p80p81;2016;1003163.1;992;j
RS;aptinc992j;p80p81;2017;1009039.2;992;j
RS;aptinc992j;p99.1p100;1990;6577164.5;992;j
RS;aptinc992j;p99.1p100;1991;5814691.5;992;j
RS;aptinc992j;p99.1p100;1992;4043749.5;992;j
RS;aptinc992j;p99.1p100;1993;2669186.0;992;j
RS;aptinc992j;p99.1p100;1994;2791741.0;992;j
RS;aptinc992j;p99.1p100;1995;3000377.3;992;j
RS;aptinc992j;p99.1p100;1996;3059314.8;992;j
RS;aptinc992j;p99.1p100;1997;3280911.0;992;j
RS;aptinc992j;p99.1p100;1998;3471561.0;992;j
RS;aptinc992j;p99.1p100;1999;3965285.0;992;j
RS;aptinc992j;p99.1p100;2000;4617405.0;992;j
RS;aptinc992j;p99.1p100;2001;4801316.0;992;j
RS;aptinc992j;p99.1p100;2002;5188723.0;992;j
RS;aptinc992j;p99.1p100;2003;5417013.0;992;j
RS;aptinc992j;p99.1p100;2004;6287467.0;992;j
RS;aptinc992j;p99.1p100;2005;7022615.0;992;j
RS;aptinc992j;p99.1p100;2006;7498467.5;992;j
RS;aptinc992j;p99.1p100;2007;7333111.0;992;j
RS;aptinc992j;p99.1p100;2008;7925644.0;992;j
RS;aptinc992j;p99.1p100;2009;7808818.5;992;j
RS;aptinc992j;p99.1p100;2010;8012507.0;992;j
RS;aptinc992j;p99.1p100;2011;8348320.0;992;j
RS;aptinc992j;p99.1p100;2012;7749150.0;992;j
RS;aptinc992j;p99.1p100;2013;8021834.0;992;j
RS;aptinc992j;p99.1p100;2014;9470609.0;992;j
RS;aptinc992j;p99.1p100;2015;9230411.0;992;j
RS;aptinc992j;p99.1p100;2016;9525018.0;992;j
RS;aptinc992j;p99.1p100;2017;9594903.0;992;j
RS;aptinc992j;p99.995p99.996;1990;47377828.0;992;j
RS;aptinc992j;p99.995p99.996;1991;42589364.0;992;j
RS;aptinc992j;p99.995p99.996;1992;29827628.0;992;j
RS;aptinc992j;p99.995p99.996;1993;19999806.0;992;j
RS;aptinc992j;p99.995p99.996;1994;20997540.0;992;j
RS;aptinc992j;p99.995p99.996;1995;22886336.0;992;j
RS;aptinc992j;p99.995p99.996;1996;23622350.0;992;j
RS;aptinc992j;p99.995p99.996;1997;25677348.0;992;j
RS;aptinc992j;p99.995p99.996;1998;26673394.0;992;j
RS;aptinc992j;p99.995p99.996;1999;31665268.0;992;j
RS;aptinc992j;p99.995p99.996;2000;37460412.0;992;j
RS;aptinc992j;p99.995p99.996;2001;40440380.0;992;j
RS;aptinc992j;p99.995p99.996;2002;42390760.0;992;j
RS;aptinc992j;p99.995p99.996;2003;43389160.0;992;j
RS;aptinc992j;p99.995p99.996;2004;50353656.0;992;j
RS;aptinc992j;p99.995p99.996;2005;54160044.0;992;j
RS;aptinc992j;p99.995p99.996;2006;57884012.0;992;j
RS;aptinc992j;p99.995p99.996;2007;54706732.0;992;j
RS;aptinc992j;p99.995p99.996;2008;59766876.0;992;j
RS;aptinc992j;p99.995p99.996;2009;57892364.0;992;j
RS;aptinc992j;p99.995p99.996;2010;56602348.0;992;j
RS;aptinc992j;p99.995p99.996;2011;60199084.0;992;j
RS;aptinc992j;p99.995p99.996;2012;46928316.0;992;j
RS;aptinc992j;p99.995p99.996;2013;52506628.0;992;j
RS;aptinc992j;p99.995p99.996;2014;81071696.0;992;j
RS;aptinc992j;p99.995p99.996;2015;79006328.0;992;j
RS;aptinc992j;p99.995p99.996;2016;81535400.0;992;j
RS;aptinc992j;p99.995p99.996;2017;82103552.0;992;j
RS;aptinc992j;p99.997p99.998;1990;64609608.0;992;j
RS;aptinc992j;p99.997p99.998;1991;58259640.0;992;j
RS;aptinc992j;p99.997p99.998;1992;40841728.0;992;j
RS;aptinc992j;p99.997p99.998;1993;27464368.0;992;j
RS;aptinc992j;p99.997p99.998;1994;28840060.0;992;j
RS;aptinc992j;p99.997p99.998;1995;31513526.0;992;j
RS;aptinc992j;p99.997p99.998;1996;32605106.0;992;j
RS;aptinc992j;p99.997p99.998;1997;35538288.0;992;j
RS;aptinc992j;p99.997p99.998;1998;36752408.0;992;j
RS;aptinc992j;p99.997p99.998;1999;43942664.0;992;j
RS;aptinc992j;p99.997p99.998;2000;52067220.0;992;j
RS;aptinc992j;p99.997p99.998;2001;56621456.0;992;j
RS;aptinc992j;p99.997p99.998;2002;58943368.0;992;j
RS;aptinc992j;p99.997p99.998;2003;60105844.0;992;j
RS;aptinc992j;p99.997p99.998;2004;69722688.0;992;j
RS;aptinc992j;p99.997p99.998;2005;74397632.0;992;j
RS;aptinc992j;p99.997p99.998;2006;79527784.0;992;j
RS;aptinc992j;p99.997p99.998;2007;74755920.0;992;j
RS;aptinc992j;p99.997p99.998;2008;81847144.0;992;j
RS;aptinc992j;p99.997p99.998;2009;79005528.0;992;j
RS;aptinc992j;p99.997p99.998;2010;76395424.0;992;j
RS;aptinc992j;p99.997p99.998;2011;81562784.0;992;j
RS;aptinc992j;p99.997p99.998;2012;61375552.0;992;j
RS;aptinc992j;p99.997p99.998;2013;69780896.0;992;j
RS;aptinc992j;p99.997p99.998;2014;113714480.0;992;j
RS;aptinc992j;p99.997p99.998;2015;110948976.0;992;j
RS;aptinc992j;p99.997p99.998;2016;114498400.0;992;j
RS;aptinc992j;p99.997p99.998;2017;115280208.0;992;j
RS;asscfc992i;p0p100;1997;0.0;992;i
RS;asscfc992i;p0p100;1998;0.0;992;i
RS;asscfc992i;p0p100;1999;0.0;992;i
RS;asscfc992i;p0p100;2000;0.0;992;i
RS;asscfc992i;p0p100;2001;0.0;992;i
RS;asscfc992i;p0p100;2002;0.0;992;i
RS;asscfc992i;p0p100;2003;0.0;992;i
RS;asscfc992i;p0p100;2004;0.0;992;i
RS;asscfc992i;p0p100;2005;0.0;992;i
RS;asscfc992i;p0p100;2006;0.0;992;i
RS;asscfc992i;p0p100;2007;0.0;992;i
RS;asscfc992i;p0p100;2008;0.0;992;i
RS;asscfc992i;p0p100;2009;0.0;992;i
RS;asscfc992i;p0p100;2010;0.0;992;i
RS;asscfc992i;p0p100;2011;0.0;992;i
RS;bcainc992j;p34p100;1990;2.22209;992;j
RS;bcainc992j;p34p100;1991;2.2072964;992;j
RS;bcainc992j;p34p100;1992;2.1925216;992;j
RS;bcainc992j;p34p100;1993;2.1791761;992;j
RS;bcainc992j;p34p100;1994;2.1620057;992;j
RS;bcainc992j;p34p100;1995;2.1483741;992;j
RS;bcainc992j;p34p100;1996;2.1296515;992;j
RS;bcainc992j;p34p100;1997;2.1115975;992;j
RS;bcainc992j;p34p100;1998;2.1448128;992;j
RS;bcainc992j;p34p100;1999;2.1487615;992;j
RS;bcainc992j;p34p100;2000;2.1709359;992;j
RS;bcainc992j;p34p100;2001;2.1897187;992;j
RS;bcainc992j;p34p100;2002;2.2455308;992;j
RS;bcainc992j;p34p100;2003;2.2662041;992;j
RS;bcainc992j;p34p100;2004;2.3381374;992;j
RS;bcainc992j;p34p100;2005;2.3948026;992;j
RS;bcainc992j;p34p100;2006;2.4708929;992;j
RS;bcainc992j;p34p100;2007;2.512723;992;j
RS;bcainc992j;p34p100;2008;2.5563314;992;j
RS;bcainc992j;p34p100;2009;2.6272259;992;j
RS;bcainc992j;p34p100;2010;2.7471795;992;j
RS;bcainc992j;p34p100;2011;2.8630002;992;j
RS;bcainc992j;p34p100;2012;2.9500637;992;j
RS;bcainc992j;p34p100;2013;3.0490086;992;j
RS;bcainc992j;p34p100;2014;2.9507904;992;j
RS;bcainc992j;p34p100;2015;3.0911431;992;j
RS;bcainc992j;p34p100;2016;3.0886979;992;j
RS;bcainc992j;p34p100;2017;3.0913477;992;j
RS;mcfcho999i;p0p100;1997;172772769792.0;999;i
RS;mcfcho999i;p0p100;1998;189981802496.0;999;i
RS;mcfcho999i;p0p100;1999;182241558528.0;999;i
RS;mcfcho999i;p0p100;2000;195134717952.0;999;i
RS;mcfcho999i;p0p100;2001;194796224512.0;999;i
RS;mcfcho999i;p0p100;2002;197794922496.0;999;i
RS;mcfcho999i;p0p100;2003;190220828672.0;999;i
RS;mcfcho999i;p0p100;2004;203889967104.0;999;i
RS;mcfcho999i;p0p100;2005;214532440064.0;999;i
RS;mcfcho999i;p0p100;2006;215808180224.0;999;i
RS;mcfcho999i;p0p100;2007;206130511872.0;999;i
RS;mcfcho999i;p0p100;2008;214465085440.0;999;i
RS;mcfcho999i;p0p100;2009;230745489408.0;999;i
RS;mcfcho999i;p0p100;2010;236495634432.0;999;i
RS;mcfcho999i;p0p100;2011;227841032192.0;999;i
RS;mnsrco999i;p0p100;1997;-302670807040.0;999;i
RS;mnsrco999i;p0p100;1998;21503166464.0;999;i
RS;mnsrco999i;p0p100;1999;41603039232.0;999;i
RS;mnsrco999i;p0p100;2000;150711173120.0;999;i
RS;mnsrco999i;p0p100;2001;-60860776448.0;999;i
RS;mnsrco999i;p0p100;2002;-106932404224.0;999;i
RS;mnsrco999i;p0p100;2003;-159913476096.0;999;i
RS;mnsrco999i;p0p100;2004;82940362752.0;999;i
RS;mnsrco999i;p0p100;2005;219044429824.0;999;i
RS;mnsrco999i;p0p100;2006;212322959360.0;999;i
RS;mnsrco999i;p0p100;2007;188009791488.0;999;i
RS;mnsrco999i;p0p100;2008;235128438784.0;999;i
RS;mnsrco999i;p0p100;2009;188037890048.0;999;i
RS;mnsrco999i;p0p100;2010;252453322752.0;999;i
RS;mnsrco999i;p0p100;2011;392922398720.0;999;i
RS;mpriho999i;p0p100;1997;2311230849024.0;999;i
RS;mpriho999i;p0p100;1998;2073361383424.0;999;i
RS;mpriho999i;p0p100;1999;1765156847616.0;999;i
RS;mpriho999i;p0p100;2000;1861199724544.0;999;i
RS;mpriho999i;p0p100;2001;1953855438848.0;999;i
RS;mpriho999i;p0p100;2002;2038996008960.0;999;i
RS;mpriho999i;p0p100;2003;2170279952384.0;999;i
RS;mpriho999i;p0p100;2004;2244244406272.0;999;i
RS;mpriho999i;p0p100;2005;2452742209536.0;999;i
RS;mpriho999i;p0p100;2006;2608899555328.0;999;i
RS;mpriho999i;p0p100;2007;2768905175040.0;999;i
RS;mpriho999i;p0p100;2008;2950121914368.0;999;i
RS;mpriho999i;p0p100;2009;2782386454528.0;999;i
RS;mpriho999i;p0p100;2010;2765305675776.0;999;i
RS;mpriho999i;p0p100;2011;2835835256832.0;999;i
RS;scainc992j;p53p100;1990;0.74720001;992;j
RS;scainc992j;p53p100;1991;0.74529999;992;j
RS;scainc992j;p53p100;1992;0.74339998;992;j
RS;scainc992j;p53p100;1993;0.74159998;992;j
RS;scainc992j;p53p100;1994;0.73989999;992;j
RS;scainc992j;p53p100;1995;0.73809999;992;j
RS;scainc992j;p53p100;1996;0.736;992;j
RS;scainc992j;p53p100;1997;0.73379999;992;j
RS;scainc992j;p53p100;1998;0.73290002;992;j
RS;scainc992j;p53p100;1999;0.73339999;992;j
RS;scainc992j;p53p100;2000;0.73659998;992;j
RS;scainc992j;p53p100;2001;0.73809999;992;j
RS;scainc992j;p53p100;2002;0.74940002;992;j
RS;scainc992j;p53p100;2003;0.75269997;992;j
RS;scainc992j;p53p100;2004;0.76300001;992;j
RS;scainc992j;p53p100;2005;0.76880002;992;j
RS;scainc992j;p53p100;2006;0.77749997;992;j
RS;scainc992j;p53p100;2007;0.78119999;992;j
RS;scainc992j;p53p100;2008;0.78539997;992;j
RS;scainc992j;p53p100;2009;0.79009998;992;j
RS;scainc992j;p53p100;2010;0.80080003;992;j
RS;scainc992j;p53p100;2011;0.81010002;992;j
RS;scainc992j;p53p100;2012;0.81379998;992;j
RS;scainc992j;p53p100;2013;0.81699997;992;j
RS;scainc992j;p53p100;2014;0.79799998;992;j
RS;scainc992j;p53p100;2015;0.81419998;992;j
RS;scainc992j;p53p100;2016;0.81419998;992;j
RS;scainc992j;p53p100;2017;0.8143;992;j
RS;scainc992j;p60p100;1990;0.68180001;992;j
RS;scainc992j;p60p100;1991;0.67979997;992;j
RS;scainc992j;p60p100;1992;0.6778;992;j
RS;scainc992j;p60p100;1993;0.67610002;992;j
RS;scainc992j;p60p100;1994;0.67439997;992;j
RS;scainc992j;p60p100;1995;0.67269999;992;j
RS;scainc992j;p60p100;1996;0.67040002;992;j
RS;scainc992j;p60p100;1997;0.66820002;992;j
RS;scainc992j;p60p100;1998;0.66780001;992;j
RS;scainc992j;p60p100;1999;0.66900003;992;j
RS;scainc992j;p60p100;2000;0.6728;992;j
RS;scainc992j;p60p100;2001;0.6749;992;j
RS;scainc992j;p60p100;2002;0.68620002;992;j
RS;scainc992j;p60p100;2003;0.68949997;992;j
RS;scainc992j;p60p100;2004;0.70029998;992;j
RS;scainc992j;p60p100;2005;0.70679998;992;j
RS;scainc992j;p60p100;2006;0.71569997;992;j
RS;scainc992j;p60p100;2007;0.71890002;992;j
RS;scainc992j;p60p100;2008;0.7234;992;j
RS;scainc992j;p60p100;2009;0.72869998;992;j
RS;scainc992j;p60p100;2010;0.7403;992;j
RS;scainc992j;p60p100;2011;0.75;992;j
RS;scainc992j;p60p100;2012;0.7543;992;j
RS;scainc992j;p60p100;2013;0.75739998;992;j
RS;scainc992j;p60p100;2014;0.73970002;992;j
RS;scainc992j;p60p100;2015;0.75730002;992;j
RS;scainc992j;p60p100;2016;0.7572;992;j
RS;scainc992j;p60p100;2017;0.75739998;992;j
RS;scainc992j;p63p100;1990;0.65140003;992;j
RS;scainc992j;p63p100;1991;0.6494;992;j
RS;scainc992j;p63p100;1992;0.64740002;992;j
RS;scainc992j;p63p100;1993;0.64579999;992;j
RS;scainc992j;p63p100;1994;0.64399999;992;j
RS;scainc992j;p63p100;1995;0.64240003;992;j
RS;scainc992j;p63p100;1996;0.6401;992;j
RS;scainc992j;p63p100;1997;0.63789999;992;j
RS;scainc992j;p63p100;1998;0.6376;992;j
RS;scainc992j;p63p100;1999;0.63910002;992;j
RS;scainc992j;p63p100;2000;0.6433;992;j
RS;scainc992j;p63p100;2001;0.64560002;992;j
RS;scainc992j;p63p100;2002;0.65679997;992;j
RS;scainc992j;p63p100;2003;0.6602;992;j
RS;scainc992j;p63p100;2004;0.671;992;j
RS;scainc992j;p63p100;2005;0.6778;992;j
RS;scainc992j;p63p100;2006;0.6868;992;j
RS;scainc992j;p63p100;2007;0.68970001;992;j
RS;scainc992j;p63p100;2008;0.6943;992;j
RS;scainc992j;p63p100;2009;0.69980001;992;j
RS;scainc992j;p63p100;2010;0.71170002;992;j
RS;scainc992j;p63p100;2011;0.72170001;992;j
RS;scainc992j;p63p100;2012;0.72600001;992;j
RS;scainc992j;p63p100;2013;0.72890002;992;j
RS;scainc992j;p63p100;2014;0.71170002;992;j
RS;scainc992j;p63p100;2015;0.73030001;992;j
RS;scainc992j;p63p100;2016;0.73019999;992;j
RS;scainc992j;p63p100;2017;0.73040003;992;j
RS;scainc992j;p69p100;1990;0.58539999;992;j
RS;scainc992j;p69p100;1991;0.58319998;992;j
RS;scainc992j;p69p100;1992;0.58130002;992;j
RS;scainc992j;p69p100;1993;0.57980001;992;j
RS;scainc992j;p69p100;1994;0.5783;992;j
RS;scainc992j;p69p100;1995;0.57679999;992;j
RS;scainc992j;p69p100;1996;0.57450002;992;j
RS;scainc992j;p69p100;1997;0.57230002;992;j
RS;scainc992j;p69p100;1998;0.57239997;992;j
RS;scainc992j;p69p100;1999;0.57459998;992;j
RS;scainc992j;p69p100;2000;0.57980001;992;j
RS;scainc992j;p69p100;2001;0.58240002;992;j
RS;scainc992j;p69p100;2002;0.59299999;992;j
RS;scainc992j;p69p100;2003;0.59640002;992;j
RS;scainc992j;p69p100;2004;0.60699999;992;j
RS;scainc992j;p69p100;2005;0.61449999;992;j
RS;scainc992j;p69p100;2006;0.62339997;992;j
RS;scainc992j;p69p100;2007;0.62589997;992;j
RS;scainc992j;p69p100;2008;0.63020003;992;j
RS;scainc992j;p69p100;2009;0.63630003;992;j
RS;scainc992j;p69p100;2010;0.64850003;992;j
RS;scainc992j;p69p100;2011;0.65869999;992;j
RS;scainc992j;p69p100;2012;0.66339999;992;j
RS;scainc992j;p69p100;2013;0.66509998;992;j
RS;scainc992j;p69p100;2014;0.65009999;992;j
RS;scainc992j;p69p100;2015;0.67089999;992;j
RS;scainc992j;p69p100;2016;0.67079997;992;j
RS;scainc992j;p69p100;2017;0.671;992;j
RS;scainc992j;p6p7;1990;0.0016;992;j
RS;scainc992j;p6p7;1991;0.0016;992;j
RS;scainc992j;p6p7;1992;0.0016;992;j
RS;scainc992j;p6p7;1993;0.0016;992;j
RS;scainc992j;p6p7;1994;0.0016;992;j
RS;scainc992j;p6p7;1995;0.0017;992;j
RS;scainc992j;p6p7;1996;0.0017;992;j
RS;scainc992j;p6p7;1997;0.0018;992;j
RS;scainc992j;p6p7;1998;0.0019;992;j
RS;scainc992j;p6p7;1999;0.0020000001;992;j
RS;scainc992j;p6p7;2000;0.0019;992;j
RS;scainc992j;p6p7;2001;0.0018;992;j
RS;scainc992j;p6p7;2002;0.0014;992;j
RS;scainc992j;p6p7;2003;0.0014;992;j
RS;scainc992j;p6p7;2004;0.0012000001;992;j
RS;scainc992j;p6p7;2005;0.0011;992;j
RS;scainc992j;p6p7;2006;0.0008;992;j
RS;scainc992j;p6p7;2007;0.0006;992;j
RS;scainc992j;p6p7;2008;0.0007;992;j
RS;scainc992j;p6p7;2009;0.0007;992;j
RS;scainc992j;p6p7;2010;0.0006;992;j
RS;scainc992j;p6p7;2011;0.0005;992;j
RS;scainc992j;p6p7;2012;0.0004;992;j
RS;scainc992j;p6p7;2013;0.0008;992;j
RS;scainc992j;p6p7;2014;0.0015;992;j
RS;scainc992j;p6p7;2015;0.0011;992;j
RS;scainc992j;p6p7;2016;0.0011;992;j
RS;scainc992j;p6p7;2017;0.0011;992;j
RS;sdiinc992j;p80p90;1990;0.1534;992;j
RS;sdiinc992j;p80p90;1991;0.1529;992;j
RS;sdiinc992j;p80p90;1992;0.1524;992;j
RS;sdiinc992j;p80p90;1993;0.1517;992;j
RS;sdiinc992j;p80p90;1994;0.15099999;992;j
RS;sdiinc992j;p80p90;1995;0.1503;992;j
RS;sdiinc992j;p80p90;1996;0.1498;992;j
RS;sdiinc992j;p80p90;1997;0.14910001;992;j
RS;sdiinc992j;p80p90;1998;0.1485;992;j
RS;sdiinc992j;p80p90;1999;0.1476;992;j
RS;sdiinc992j;p80p90;2000;0.14560001;992;j
RS;sdiinc992j;p80p90;2001;0.1443;992;j
RS;sdiinc992j;p80p90;2002;0.1459;992;j
RS;sdiinc992j;p80p90;2003;0.1478;992;j
RS;sdiinc992j;p80p90;2004;0.1508;992;j
RS;sdiinc992j;p80p90;2005;0.15180001;992;j
RS;sdiinc992j;p80p90;2006;0.1534;992;j
RS;sdiinc992j;p80p90;2007;0.15530001;992;j
RS;sdiinc992j;p80p90;2008;0.1565;992;j
RS;sdiinc992j;p80p90;2009;0.15710001;992;j
RS;sdiinc992j;p80p90;2010;0.15899999;992;j
RS;sdiinc992j;p80p90;2011;0.1611;992;j
RS;sdiinc992j;p80p90;2012;0.1596;992;j
RS;sdiinc992j;p80p90;2013;0.163;992;j
RS;sdiinc992j;p80p90;2014;0.1529;992;j
RS;sdiinc992j;p80p90;2015;0.1498;992;j
RS;sdiinc992j;p80p90;2016;0.1504;992;j
RS;sdiinc992j;p80p90;2017;0.1505;992;j
RS;sptinc992j;p18p19;1990;0.0031000001;992;j
RS;sptinc992j;p18p19;1991;0.003;992;j
RS;sptinc992j;p18p19;1992;0.003;992;j
RS;sptinc992j;p18p19;1993;0.003;992;j
RS;sptinc992j;p18p19;1994;0.003;992;j
RS;sptinc992j;p18p19;1995;0.003;992;j
RS;sptinc992j;p18p19;1996;0.003;992;j
RS;sptinc992j;p18p19;1997;0.003;992;j
RS;sptinc992j;p18p19;1998;0.0031000001;992;j
RS;sptinc992j;p18p19;1999;0.0031999999;992;j
RS;sptinc992j;p18p19;2000;0.0031000001;992;j
RS;sptinc992j;p18p19;2001;0.0031000001;992;j
RS;sptinc992j;p18p19;2002;0.0027999999;992;j
RS;sptinc992j;p18p19;2003;0.0027000001;992;j
RS;sptinc992j;p18p19;2004;0.0024999999;992;j
RS;sptinc992j;p18p19;2005;0.0024000001;992;j
RS;sptinc992j;p18p19;2006;0.0022;992;j
RS;sptinc992j;p18p19;2007;0.0020000001;992;j
RS;sptinc992j;p18p19;2008;0.0018;992;j
RS;sptinc992j;p18p19;2009;0.0016;992;j
RS;sptinc992j;p18p19;2010;0.0015;992;j
RS;sptinc992j;p18p19;2011;0.0012000001;992;j
RS;sptinc992j;p18p19;2012;0.0012000001;992;j
RS;sptinc992j;p18p19;2013;0.0011;992;j
RS;sptinc992j;p18p19;2014;0.0011;992;j
RS;sptinc992j;p18p19;2015;0.0011;992;j
RS;sptinc992j;p18p19;2016;0.0011;992;j
RS;sptinc992j;p18p19;2017;0.0011;992;j
RS;sptinc992j;p26p27;1990;0.0046000001;992;j
RS;sptinc992j;p26p27;1991;0.0046000001;992;j
RS;sptinc992j;p26p27;1992;0.0046000001;992;j
RS;sptinc992j;p26p27;1993;0.0046000001;992;j
RS;sptinc992j;p26p27;1994;0.0046000001;992;j
RS;sptinc992j;p26p27;1995;0.0046000001;992;j
RS;sptinc992j;p26p27;1996;0.0046000001;992;j
RS;sptinc992j;p26p27;1997;0.0044999998;992;j
RS;sptinc992j;p26p27;1998;0.0046000001;992;j
RS;sptinc992j;p26p27;1999;0.0046000001;992;j
RS;sptinc992j;p26p27;2000;0.0044999998;992;j
RS;sptinc992j;p26p27;2001;0.0044999998;992;j
RS;sptinc992j;p26p27;2002;0.0043000001;992;j
RS;sptinc992j;p26p27;2003;0.0041999999;992;j
RS;sptinc992j;p26p27;2004;0.0040000002;992;j
RS;sptinc992j;p26p27;2005;0.0038000001;992;j
RS;sptinc992j;p26p27;2006;0.0037;992;j
RS;sptinc992j;p26p27;2007;0.0035999999;992;j
RS;sptinc992j;p26p27;2008;0.0035000001;992;j
RS;sptinc992j;p26p27;2009;0.0034;992;j
RS;sptinc992j;p26p27;2010;0.0031999999;992;j
RS;sptinc992j;p26p27;2011;0.0029;992;j
RS;sptinc992j;p26p27;2012;0.0027999999;992;j
RS;sptinc992j;p26p27;2013;0.0027000001;992;j
RS;sptinc992j;p26p27;2014;0.0027000001;992;j
RS;sptinc992j;p26p27;2015;0.0029;992;j
RS;sptinc992j;p26p27;2016;0.0029;992;j
RS;sptinc992j;p26p27;2017;0.0029;992;j
RS;sptinc992j;p60p70;1990;0.1068;992;j
RS;sptinc992j;p60p70;1991;0.1064;992;j
RS;sptinc992j;p60p70;1992;0.106;992;j
RS;sptinc992j;p60p70;1993;0.1056;992;j
RS;sptinc992j;p60p70;1994;0.1052;992;j
RS;sptinc992j;p60p70;1995;0.1048;992;j
RS;sptinc992j;p60p70;1996;0.1045;992;j
RS;sptinc992j;p60p70;1997;0.1042;992;j
RS;sptinc992j;p60p70;1998;0.1038;992;j
RS;sptinc992j;p60p70;1999;0.1029;992;j
RS;sptinc992j;p60p70;2000;0.1013;992;j
RS;sptinc992j;p60p70;2001;0.1003;992;j
RS;sptinc992j;p60p70;2002;0.1009;992;j
RS;sptinc992j;p60p70;2003;0.1009;992;j
RS;sptinc992j;p60p70;2004;0.0995;992;j
RS;sptinc992j;p60p70;2005;0.098899998;992;j
RS;sptinc992j;p60p70;2006;0.0995;992;j
RS;sptinc992j;p60p70;2007;0.101;992;j
RS;sptinc992j;p60p70;2008;0.1016;992;j
RS;sptinc992j;p60p70;2009;0.1014;992;j
RS;sptinc992j;p60p70;2010;0.1001;992;j
RS;sptinc992j;p60p70;2011;0.099399999;992;j
RS;sptinc992j;p60p70;2012;0.1004;992;j
RS;sptinc992j;p60p70;2013;0.1018;992;j
RS;sptinc992j;p60p70;2014;0.099600002;992;j
RS;sptinc992j;p60p70;2015;0.1003;992;j
RS;sptinc992j;p60p70;2016;0.1003;992;j
RS;sptinc992j;p60p70;2017;0.1002;992;j
RS;sptinc992j;p99.992p100;1990;0.0080000004;992;j
RS;sptinc992j;p99.992p100;1991;0.0082999999;992;j
RS;sptinc992j;p99.992p100;1992;0.0086000003;992;j
RS;sptinc992j;p99.992p100;1993;0.0088999998;992;j
RS;sptinc992j;p99.992p100;1994;0.0091000004;992;j
RS;sptinc992j;p99.992p100;1995;0.0094999997;992;j
RS;sptinc992j;p99.992p100;1996;0.0097000003;992;j
RS;sptinc992j;p99.992p100;1997;0.0101;992;j
RS;sptinc992j;p99.992p100;1998;0.0098000001;992;j
RS;sptinc992j;p99.992p100;1999;0.0109;992;j
RS;sptinc992j;p99.992p100;2000;0.0117;992;j
RS;sptinc992j;p99.992p100;2001;0.013;992;j
RS;sptinc992j;p99.992p100;2002;0.0124;992;j
RS;sptinc992j;p99.992p100;2003;0.0119;992;j
RS;sptinc992j;p99.992p100;2004;0.0123;992;j
RS;sptinc992j;p99.992p100;2005;0.0116;992;j
RS;sptinc992j;p99.992p100;2006;0.0117;992;j
RS;sptinc992j;p99.992p100;2007;0.0106;992;j
RS;sptinc992j;p99.992p100;2008;0.0109;992;j
RS;sptinc992j;p99.992p100;2009;0.0107;992;j
RS;sptinc992j;p99.992p100;2010;0.0101;992;j
RS;sptinc992j;p99.992p100;2011;0.0109;992;j
RS;sptinc992j;p99.992p100;2012;0.0077999998;992;j
RS;sptinc992j;p99.992p100;2013;0.0088;992;j
RS;sptinc992j;p99.992p100;2014;0.016000001;992;j
RS;sptinc992j;p99.992p100;2015;0.0155;992;j
RS;sptinc992j;p99.992p100;2016;0.0156;992;j
RS;sptinc992j;p99.992p100;2017;0.0156;992;j
RS;tcainc992j;p99.8p99.9;1990;4441564.5;992;j
RS;tcainc992j;p99.8p99.9;1991;3806562.3;992;j
RS;tcainc992j;p99.8p99.9;1992;2575948.5;992;j
RS;tcainc992j;p99.8p99.9;1993;1664713.0;992;j
RS;tcainc992j;p99.8p99.9;1994;1707347.1;992;j
RS;tcainc992j;p99.8p99.9;1995;1796458.3;992;j
RS;tcainc992j;p99.8p99.9;1996;1787808.5;992;j
RS;tcainc992j;p99.8p99.9;1997;1861401.8;992;j
RS;tcainc992j;p99.8p99.9;1998;2095131.6;992;j
RS;tcainc992j;p99.8p99.9;1999;2541062.5;992;j
RS;tcainc992j;p99.8p99.9;2000;2932180.5;992;j
RS;tcainc992j;p99.8p99.9;2001;2987306.0;992;j
RS;tcainc992j;p99.8p99.9;2002;3192976.5;992;j
RS;tcainc992j;p99.8p99.9;2003;3330268.0;992;j
RS;tcainc992j;p99.8p99.9;2004;4032537.8;992;j
RS;tcainc992j;p99.8p99.9;2005;4745398.0;992;j
RS;tcainc992j;p99.8p99.9;2006;5107797.5;992;j
RS;tcainc992j;p99.8p99.9;2007;4939007.0;992;j
RS;tcainc992j;p99.8p99.9;2008;5245135.5;992;j
RS;tcainc992j;p99.8p99.9;2009;5475591.5;992;j
RS;tcainc992j;p99.8p99.9;2010;5628575.5;992;j
RS;tcainc992j;p99.8p99.9;2011;5808706.5;992;j
RS;tcainc992j;p99.8p99.9;2012;6376634.0;992;j
RS;tcainc992j;p99.8p99.9;2013;6127808.5;992;j
RS;tcainc992j;p99.8p99.9;2014;6640514.5;992;j
RS;tcainc992j;p99.8p99.9;2015;7671255.0;992;j
RS;tcainc992j;p99.8p99.9;2016;7956686.0;992;j
RS;tcainc992j;p99.8p99.9;2017;7966762.0;992;j
RS;tcainc992j;p99.95p99.96;1990;8931582.0;992;j
RS;tcainc992j;p99.95p99.96;1991;7552390.0;992;j
RS;tcainc992j;p99.95p99.96;1992;5016938.0;992;j
RS;tcainc992j;p99.95p99.96;1993;3201789.5;992;j
RS;tcainc992j;p99.95p99.96;1994;3256290.3;992;j
RS;tcainc992j;p99.95p99.96;1995;3401539.8;992;j
RS;tcainc992j;p99.95p99.96;1996;3355510.0;992;j
RS;tcainc992j;p99.95p99.96;1997;3460393.0;992;j
RS;tcainc992j;p99.95p99.96;1998;3938867.8;992;j
RS;tcainc992j;p99.95p99.96;1999;4968909.5;992;j
RS;tcainc992j;p99.95p99.96;2000;5762100.5;992;j
RS;tcainc992j;p99.95p99.96;2001;6043163.5;992;j
RS;tcainc992j;p99.95p99.96;2002;6331129.5;992;j
RS;tcainc992j;p99.95p99.96;2003;6599854.0;992;j
RS;tcainc992j;p99.95p99.96;2004;7993115.0;992;j
RS;tcainc992j;p99.95p99.96;2005;9528825.0;992;j
RS;tcainc992j;p99.95p99.96;2006;9999959.0;992;j
RS;tcainc992j;p99.95p99.96;2007;9375255.0;992;j
RS;tcainc992j;p99.95p99.96;2008;9649466.0;992;j
RS;tcainc992j;p99.95p99.96;2009;10515097.0;992;j
RS;tcainc992j;p99.95p99.96;2010;10611062.0;992;j
RS;tcainc992j;p99.95p99.96;2011;10829643.0;992;j
RS;tcainc992j;p99.95p99.96;2012;13080726.0;992;j
RS;tcainc992j;p99.95p99.96;2013;11829096.0;992;j
RS;tcainc992j;p99.95p99.96;2014;14865869.0;992;j
RS;tcainc992j;p99.95p99.96;2015;18847594.0;992;j
RS;tcainc992j;p99.95p99.96;2016;19552306.0;992;j
RS;tcainc992j;p99.95p99.96;2017;19584138.0;992;j
RS;tdiinc992j;p56p100;1990;682548.31;992;j
RS;tdiinc992j;p56p100;1991;593801.63;992;j
RS;tdiinc992j;p56p100;1992;407396.31;992;j
RS;tdiinc992j;p56p100;1993;264053.41;992;j
RS;tdiinc992j;p56p100;1994;272108.81;992;j
RS;tdiinc992j;p56p100;1995;287446.59;992;j
RS;tdiinc992j;p56p100;1996;290207.69;992;j
RS;tdiinc992j;p56p100;1997;307976.69;992;j
RS;tdiinc992j;p56p100;1998;321066.91;992;j
RS;tdiinc992j;p56p100;1999;347133.5;992;j
RS;tdiinc992j;p56p100;2000;379208.41;992;j
RS;tdiinc992j;p56p100;2001;376209.31;992;j
RS;tdiinc992j;p56p100;2002;404144.19;992;j
RS;tdiinc992j;p56p100;2003;423529.09;992;j
RS;tdiinc992j;p56p100;2004;473328.69;992;j
RS;tdiinc992j;p56p100;2005;523728.09;992;j
RS;tdiinc992j;p56p100;2006;551071.13;992;j
RS;tdiinc992j;p56p100;2007;571172.81;992;j
RS;tdiinc992j;p56p100;2008;603911.0;992;j
RS;tdiinc992j;p56p100;2009;592762.5;992;j
RS;tdiinc992j;p56p100;2010;583739.38;992;j
RS;tdiinc992j;p56p100;2011;581265.69;992;j
RS;tdiinc992j;p56p100;2012;577312.19;992;j
RS;tdiinc992j;p56p100;2013;588290.81;992;j
RS;tdiinc992j;p56p100;2014;565763.31;992;j
RS;tdiinc992j;p56p100;2015;558930.81;992;j
RS;tdiinc992j;p56p100;2016;574598.88;992;j
RS;tdiinc992j;p56p100;2017;577773.88;992;j
RS;tdiinc992j;p68p69;1990;828123.69;992;j
RS;tdiinc992j;p68p69;1991;721853.38;992;j
RS;tdiinc992j;p68p69;1992;493086.5;992;j
RS;tdiinc992j;p68p69;1993;319289.31;992;j
RS;tdiinc992j;p68p69;1994;328047.81;992;j
RS;tdiinc992j;p68p69;1995;345399.59;992;j
RS;tdiinc992j;p68p69;1996;347776.31;992;j
RS;tdiinc992j;p68p69;1997;368079.59;992;j
RS;tdiinc992j;p68p69;1998;385958.69;992;j
RS;tdiinc992j;p68p69;1999;418022.91;992;j
RS;tdiinc992j;p68p69;2000;453628.31;992;j
RS;tdiinc992j;p68p69;2001;450208.5;992;j
RS;tdiinc992j;p68p69;2002;488689.09;992;j
RS;tdiinc992j;p68p69;2003;512525.09;992;j
RS;tdiinc992j;p68p69;2004;579350.5;992;j
RS;tdiinc992j;p68p69;2005;641463.38;992;j
RS;tdiinc992j;p68p69;2006;678627.81;992;j
RS;tdiinc992j;p68p69;2007;703650.81;992;j
RS;tdiinc992j;p68p69;2008;752983.38;992;j
RS;tdiinc992j;p68p69;2009;733828.81;992;j
RS;tdiinc992j;p68p69;2010;733093.13;992;j
RS;tdiinc992j;p68p69;2011;735475.81;992;j
RS;tdiinc992j;p68p69;2012;730311.81;992;j
RS;tdiinc992j;p68p69;2013;763944.0;992;j
RS;tdiinc992j;p68p69;2014;719836.81;992;j
RS;tdiinc992j;p68p69;2015;699342.31;992;j
RS;tdiinc992j;p68p69;2016;721385.13;992;j
RS;tdiinc992j;p68p69;2017;725822.19;992;j
RS;tdiinc992j;p99.94p99.95;1990;10785335.0;992;j
RS;tdiinc992j;p99.94p99.95;1991;9140982.0;992;j
RS;tdiinc992j;p99.94p99.95;1992;6090676.0;992;j
RS;tdiinc992j;p99.94p99.95;1993;3895468.0;992;j
RS;tdiinc992j;p99.94p99.95;1994;3967857.8;992;j
RS;tdiinc992j;p99.94p99.95;1995;4150535.3;992;j
RS;tdiinc992j;p99.94p99.95;1996;4100459.0;992;j
RS;tdiinc992j;p99.94p99.95;1997;4248462.5;992;j
RS;tdiinc992j;p99.94p99.95;1998;4683976.0;992;j
RS;tdiinc992j;p99.94p99.95;1999;5693730.5;992;j
RS;tdiinc992j;p99.94p99.95;2000;6632935.0;992;j
RS;tdiinc992j;p99.94p99.95;2001;7082000.0;992;j
RS;tdiinc992j;p99.94p99.95;2002;7590103.5;992;j
RS;tdiinc992j;p99.94p99.95;2003;7883915.0;992;j
RS;tdiinc992j;p99.94p99.95;2004;8996083.0;992;j
RS;tdiinc992j;p99.94p99.95;2005;10492540.0;992;j
RS;tdiinc992j;p99.94p99.95;2006;11052747.0;992;j
RS;tdiinc992j;p99.94p99.95;2007;10682315.0;992;j
RS;tdiinc992j;p99.94p99.95;2008;10963413.0;992;j
RS;tdiinc992j;p99.94p99.95;2009;11812305.0;992;j
RS;tdiinc992j;p99.94p99.95;2010;11910276.0;992;j
RS;tdiinc992j;p99.94p99.95;2011;12135863.0;992;j
RS;tdiinc992j;p99.94p99.95;2012;14420168.0;992;j
RS;tdiinc992j;p99.94p99.95;2013;13156686.0;992;j
RS;tdiinc992j;p99.94p99.95;2014;16181201.0;992;j
RS;tdiinc992j;p99.94p99.95;2015;20211354.0;992;j
RS;tdiinc992j;p99.94p99.95;2016;21098446.0;992;j
RS;tdiinc992j;p99.94p99.95;2017;21265864.0;992;j
RS;tdiinc992j;p99.99p100;1990;27456838.0;992;j
RS;tdiinc992j;p99.99p100;1991;22822522.0;992;j
RS;tdiinc992j;p99.99p100;1992;14792830.0;992;j
RS;tdiinc992j;p99.99p100;1993;9278017.0;992;j
RS;tdiinc992j;p99.99p100;1994;9328739.0;992;j
RS;tdiinc992j;p99.99p100;1995;9648684.0;992;j
RS;tdiinc992j;p99.99p100;1996;9413384.0;992;j
RS;tdiinc992j;p99.99p100;1997;9619451.0;992;j
RS;tdiinc992j;p99.99p100;1998;10770948.0;992;j
RS;tdiinc992j;p99.99p100;1999;13823131.0;992;j
RS;tdiinc992j;p99.99p100;2000;16109992.0;992;j
RS;tdiinc992j;p99.99p100;2001;17896908.0;992;j
RS;tdiinc992j;p99.99p100;2002;18583740.0;992;j
RS;tdiinc992j;p99.99p100;2003;19337844.0;992;j
RS;tdiinc992j;p99.99p100;2004;22103728.0;992;j
RS;tdiinc992j;p99.99p100;2005;26250856.0;992;j
RS;tdiinc992j;p99.99p100;2006;26588470.0;992;j
RS;tdiinc992j;p99.99p100;2007;24604456.0;992;j
RS;tdiinc992j;p99.99p100;2008;24102752.0;992;j
RS;tdiinc992j;p99.99p100;2009;27606740.0;992;j
RS;tdiinc992j;p99.99p100;2010;27070008.0;992;j
RS;tdiinc992j;p99.99p100;2011;27122014.0;992;j
RS;tdiinc992j;p99.99p100;2012;36851108.0;992;j
RS;tdiinc992j;p99.99p100;2013;30876922.0;992;j
RS;tdiinc992j;p99.99p100;2014;46808000.0;992;j
RS;tdiinc992j;p99.99p100;2015;66177880.0;992;j
RS;tdiinc992j;p99.99p100;2016;69120912.0;992;j
RS;tdiinc992j;p99.99p100;2017;69706792.0;992;j
RS;tptinc992j;p11p100;1990;167136.09;992;j
RS;tptinc992j;p11p100;1991;145712.59;992;j
RS;tptinc992j;p11p100;1992;100201.6;992;j
RS;tptinc992j;p11p100;1993;65236.398;992;j
RS;tptinc992j;p11p100;1994;67513.5;992;j
RS;tptinc992j;p11p100;1995;71467.203;992;j
RS;tptinc992j;p11p100;1996;72494.0;992;j
RS;tptinc992j;p11p100;1997;77218.203;992;j
RS;tptinc992j;p11p100;1998;88586.602;992;j
RS;tptinc992j;p11p100;1999;97422.297;992;j
RS;tptinc992j;p11p100;2000;105469.3;992;j
RS;tptinc992j;p11p100;2001;106891.3;992;j
RS;tptinc992j;p11p100;2002;100754.1;992;j
RS;tptinc992j;p11p100;2003;100082.1;992;j
RS;tptinc992j;p11p100;2004;100264.5;992;j
RS;tptinc992j;p11p100;2005;100085.6;992;j
RS;tptinc992j;p11p100;2006;90938.0;992;j
RS;tptinc992j;p11p100;2007;83374.102;992;j
RS;tptinc992j;p11p100;2008;71969.297;992;j
RS;tptinc992j;p11p100;2009;61554.602;992;j
RS;tptinc992j;p11p100;2010;55696.0;992;j
RS;tptinc992j;p11p100;2011;47528.102;992;j
RS;tptinc992j;p11p100;2012;42519.801;992;j
RS;tptinc992j;p11p100;2013;36876.801;992;j
RS;tptinc992j;p11p100;2014;33230.699;992;j
RS;tptinc992j;p11p100;2015;37593.898;992;j
RS;tptinc992j;p11p100;2016;38937.102;992;j
RS;tptinc992j;p11p100;2017;39149.199;992;j
RS;tptinc992j;p25p26;1990;314834.5;992;j
RS;tptinc992j;p25p26;1991;271916.41;992;j
RS;tptinc992j;p25p26;1992;185236.2;992;j
RS;tptinc992j;p25p26;1993;120176.9;992;j
RS;tptinc992j;p25p26;1994;123538.1;992;j
RS;tptinc992j;p25p26;1995;130264.7;992;j
RS;tptinc992j;p25p26;1996;131077.8;992;j
RS;tptinc992j;p25p26;1997;138576.2;992;j
RS;tptinc992j;p25p26;1998;149189.0;992;j
RS;tptinc992j;p25p26;1999;162844.09;992;j
RS;tptinc992j;p25p26;2000;175379.5;992;j
RS;tptinc992j;p25p26;2001;173833.7;992;j
RS;tptinc992j;p25p26;2002;179629.09;992;j
RS;tptinc992j;p25p26;2003;182169.7;992;j
RS;tptinc992j;p25p26;2004;194449.41;992;j
RS;tptinc992j;p25p26;2005;207763.91;992;j
RS;tptinc992j;p25p26;2006;209018.41;992;j
RS;tptinc992j;p25p26;2007;212340.3;992;j
RS;tptinc992j;p25p26;2008;214147.0;992;j
RS;tptinc992j;p25p26;2009;204241.5;992;j
RS;tptinc992j;p25p26;2010;192127.7;992;j
RS;tptinc992j;p25p26;2011;173744.7;992;j
RS;tptinc992j;p25p26;2012;162601.09;992;j
RS;tptinc992j;p25p26;2013;161744.09;992;j
RS;tptinc992j;p25p26;2014;158441.5;992;j
RS;tptinc992j;p25p26;2015;165202.2;992;j
RS;tptinc992j;p25p26;2016;170392.2;992;j
RS;tptinc992j;p25p26;2017;171206.09;992;j
RS;tptinc992j;p43p100;1990;524897.19;992;j
RS;tptinc992j;p43p100;1991;451764.69;992;j
RS;tptinc992j;p43p100;1992;307199.31;992;j
RS;tptinc992j;p43p100;1993;197410.59;992;j
RS;tptinc992j;p43p100;1994;201882.41;992;j
RS;tptinc992j;p43p100;1995;211406.3;992;j
RS;tptinc992j;p43p100;1996;211812.2;992;j
RS;tptinc992j;p43p100;1997;223035.8;992;j
RS;tptinc992j;p43p100;1998;230612.8;992;j
RS;tptinc992j;p43p100;1999;252777.3;992;j
RS;tptinc992j;p43p100;2000;274933.31;992;j
RS;tptinc992j;p43p100;2001;273652.69;992;j
RS;tptinc992j;p43p100;2002;291049.69;992;j
RS;tptinc992j;p43p100;2003;304195.19;992;j
RS;tptinc992j;p43p100;2004;338628.19;992;j
RS;tptinc992j;p43p100;2005;368966.81;992;j
RS;tptinc992j;p43p100;2006;386765.59;992;j
RS;tptinc992j;p43p100;2007;399960.09;992;j
RS;tptinc992j;p43p100;2008;422802.19;992;j
RS;tptinc992j;p43p100;2009;414363.31;992;j
RS;tptinc992j;p43p100;2010;406710.41;992;j
RS;tptinc992j;p43p100;2011;399164.81;992;j
RS;tptinc992j;p43p100;2012;393977.5;992;j
RS;tptinc992j;p43p100;2013;412935.0;992;j
RS;tptinc992j;p43p100;2014;390899.59;992;j
RS;tptinc992j;p43p100;2015;404216.69;992;j
RS;tptinc992j;p43p100;2016;416529.09;992;j
RS;tptinc992j;p43p100;2017;418666.59;992;j
RS;tptinc992j;p49p50;1990;586840.13;992;j
RS;tptinc992j;p49p50;1991;507166.09;992;j
RS;tptinc992j;p49p50;1992;346346.91;992;j
RS;tptinc992j;p49p50;1993;223757.2;992;j
RS;tptinc992j;p49p50;1994;229511.0;992;j
RS;tptinc992j;p49p50;1995;241051.5;992;j
RS;tptinc992j;p49p50;1996;242250.59;992;j
RS;tptinc992j;p49p50;1997;256225.0;992;j
RS;tptinc992j;p49p50;1998;263854.31;992;j
RS;tptinc992j;p49p50;1999;287747.81;992;j
RS;tptinc992j;p49p50;2000;312804.81;992;j
RS;tptinc992j;p49p50;2001;309913.59;992;j
RS;tptinc992j;p49p50;2002;332235.19;992;j
RS;tptinc992j;p49p50;2003;345535.5;992;j
RS;tptinc992j;p49p50;2004;383985.41;992;j
RS;tptinc992j;p49p50;2005;421028.69;992;j
RS;tptinc992j;p49p50;2006;443907.09;992;j
RS;tptinc992j;p49p50;2007;459374.69;992;j
RS;tptinc992j;p49p50;2008;486819.69;992;j
RS;tptinc992j;p49p50;2009;479840.09;992;j
RS;tptinc992j;p49p50;2010;467669.69;992;j
RS;tptinc992j;p49p50;2011;463899.0;992;j
RS;tptinc992j;p49p50;2012;464439.31;992;j
RS;tptinc992j;p49p50;2013;481480.09;992;j
RS;tptinc992j;p49p50;2014;455434.19;992;j
RS;tptinc992j;p49p50;2015;472198.69;992;j
RS;tptinc992j;p49p50;2016;486776.91;992;j
RS;tptinc992j;p49p50;2017;489395.69;992;j
RS;tptinc992j;p58p59;1990;681566.69;992;j
RS;tptinc992j;p58p59;1991;589765.19;992;j
RS;tptinc992j;p58p59;1992;402595.09;992;j
RS;tptinc992j;p58p59;1993;260226.5;992;j
RS;tptinc992j;p58p59;1994;267050.19;992;j
RS;tptinc992j;p58p59;1995;280936.59;992;j
RS;tptinc992j;p58p59;1996;282638.5;992;j
RS;tptinc992j;p58p59;1997;299016.81;992;j
RS;tptinc992j;p58p59;1998;311828.69;992;j
RS;tptinc992j;p58p59;1999;339993.81;992;j
RS;tptinc992j;p58p59;2000;369178.91;992;j
RS;tptinc992j;p58p59;2001;364791.41;992;j
RS;tptinc992j;p58p59;2002;391456.81;992;j
RS;tptinc992j;p58p59;2003;412738.09;992;j
RS;tptinc992j;p58p59;2004;457477.69;992;j
RS;tptinc992j;p58p59;2005;505463.19;992;j
RS;tptinc992j;p58p59;2006;535044.69;992;j
RS;tptinc992j;p58p59;2007;556016.81;992;j
RS;tptinc992j;p58p59;2008;592301.81;992;j
RS;tptinc992j;p58p59;2009;583250.0;992;j
RS;tptinc992j;p58p59;2010;574841.31;992;j
RS;tptinc992j;p58p59;2011;569835.5;992;j
RS;tptinc992j;p58p59;2012;571211.69;992;j
RS;tptinc992j;p58p59;2013;595023.38;992;j
RS;tptinc992j;p58p59;2014;567664.81;992;j
RS;tptinc992j;p58p59;2015;583594.31;992;j
RS;tptinc992j;p58p59;2016;601558.69;992;j
RS;tptinc992j;p58p59;2017;604655.13;992;j
RS;tptinc992j;p6p100;1990;95358.5;992;j
RS;tptinc992j;p6p100;1991;84865.703;992;j
RS;tptinc992j;p6p100;1992;59279.301;992;j
RS;tptinc992j;p6p100;1993;39304.0;992;j
RS;tptinc992j;p6p100;1994;41413.301;992;j
RS;tptinc992j;p6p100;1995;44812.801;992;j
RS;tptinc992j;p6p100;1996;46457.898;992;j
RS;tptinc992j;p6p100;1997;50367.602;992;j
RS;tptinc992j;p6p100;1998;60288.5;992;j
RS;tptinc992j;p6p100;1999;66397.297;992;j
RS;tptinc992j;p6p100;2000;71275.203;992;j
RS;tptinc992j;p6p100;2001;72185.898;992;j
RS;tptinc992j;p6p100;2002;64464.199;992;j
RS;tptinc992j;p6p100;2003;60269.602;992;j
RS;tptinc992j;p6p100;2004;61555.199;992;j
RS;tptinc992j;p6p100;2005;63358.102;992;j
RS;tptinc992j;p6p100;2006;55474.102;992;j
RS;tptinc992j;p6p100;2007;49949.0;992;j
RS;tptinc992j;p6p100;2008;46014.5;992;j
RS;tptinc992j;p6p100;2009;38886.398;992;j
RS;tptinc992j;p6p100;2010;36992.602;992;j
RS;tptinc992j;p6p100;2011;31769.6;992;j
RS;tptinc992j;p6p100;2012;31325.4;992;j
RS;tptinc992j;p6p100;2013;25541.6;992;j
RS;tptinc992j;p6p100;2014;24486.801;992;j
RS;tptinc992j;p6p100;2015;25952.9;992;j
RS;tptinc992j;p6p100;2016;26849.0;992;j
RS;tptinc992j;p6p100;2017;26844.4;992;j
RS;acainc992j;p36p37;1990;335631.81;992;j
RS;acainc992j;p36p37;1991;292512.81;992;j
RS;acainc992j;p36p37;1992;201173.2;992;j
RS;acainc992j;p36p37;1993;130859.0;992;j
RS;acainc992j;p36p37;1994;135277.91;992;j
RS;acainc992j;p36p37;1995;143265.5;992;j
RS;acainc992j;p36p37;1996;145215.41;992;j
RS;acainc992j;p36p37;1997;154037.3;992;j
RS;acainc992j;p36p37;1998;163812.59;992;j
RS;acainc992j;p36p37;1999;186361.3;992;j
RS;acainc992j;p36p37;2000;200274.09;992;j
RS;acainc992j;p36p37;2001;194736.0;992;j
RS;acainc992j;p36p37;2002;199320.0;992;j
RS;acainc992j;p36p37;2003;209448.0;992;j
RS;acainc992j;p36p37;2004;244725.2;992;j
RS;acainc992j;p36p37;2005;272600.09;992;j
RS;acainc992j;p36p37;2006;282853.59;992;j
RS;acainc992j;p36p37;2007;279478.09;992;j
RS;acainc992j;p36p37;2008;295057.81;992;j
RS;acainc992j;p36p37;2009;287745.91;992;j
RS;acainc992j;p36p37;2010;280374.19;992;j
RS;acainc992j;p36p37;2011;275409.19;992;j
RS;acainc992j;p36p37;2012;268601.31;992;j
RS;acainc992j;p36p37;2013;265980.31;992;j
RS;acainc992j;p36p37;2014;266771.0;992;j
RS;acainc992j;p36p37;2015;261400.41;992;j
RS;acainc992j;p36p37;2016;271107.0;992;j
RS;acainc992j;p36p37;2017;271217.69;992;j
RS;acfcco999i;p0p100;1997;33982.0;999;i
RS;acfcco999i;p0p100;1998;28765.8;999;i
RS;acfcco999i;p0p100;1999;36727.5;999;i
RS;acfcco999i;p0p100;2000;33599.8;999;i
RS;acfcco999i;p0p100;2001;49889.0;999;i
RS;acfcco999i;p0p100;2002;50185.3;999;i
RS;acfcco999i;p0p100;2003;51162.1;999;i
RS;acfcco999i;p0p100;2004;43664.8;999;i
RS;acfcco999i;p0p100;2005;43223.7;999;i
RS;acfcco999i;p0p100;2006;44861.6;999;i
RS;acfcco999i;p0p100;2007;55969.4;999;i
RS;acfcco999i;p0p100;2008;58060.8;999;i
RS;acfcco999i;p0p100;2009;55854.8;999;i
RS;acfcco999i;p0p100;2010;54311.9;999;i
RS;acfcco999i;p0p100;2011;55868.2;999;i
RS;adiinc992j;p2p3;1990;125128.8;992;j
RS;adiinc992j;p2p3;1991;107413.3;992;j
RS;adiinc992j;p2p3;1992;71981.102;992;j
RS;adiinc992j;p2p3;1993;45502.0;992;j
RS;adiinc992j;p2p3;1994;45553.5;992;j
RS;adiinc992j;p2p3;1995;46587.102;992;j
RS;adiinc992j;p2p3;1996;45398.5;992;j
RS;adiinc992j;p2p3;1997;46704.398;992;j
RS;adiinc992j;p2p3;1998;46850.699;992;j
RS;adiinc992j;p2p3;1999;49778.898;992;j
RS;adiinc992j;p2p3;2000;55701.301;992;j
RS;adiinc992j;p2p3;2001;55121.898;992;j
RS;adiinc992j;p2p3;2002;47011.102;992;j
RS;adiinc992j;p2p3;2003;54206.801;992;j
RS;adiinc992j;p2p3;2004;58805.102;992;j
RS;adiinc992j;p2p3;2005;63939.398;992;j
RS;adiinc992j;p2p3;2006;64618.102;992;j
RS;adiinc992j;p2p3;2007;68015.102;992;j
RS;adiinc992j;p2p3;2008;76118.0;992;j
RS;adiinc992j;p2p3;2009;77820.5;992;j
RS;adiinc992j;p2p3;2010;76991.297;992;j
RS;adiinc992j;p2p3;2011;71364.5;992;j
RS;adiinc992j;p2p3;2012;69310.602;992;j
RS;adiinc992j;p2p3;2013;95744.797;992;j
RS;adiinc992j;p2p3;2014;140369.09;992;j
RS;adiinc992j;p2p3;2015;112696.2;992;j
RS;adiinc992j;p2p3;2016;108704.3;992;j
RS;adiinc992j;p2p3;2017;108520.6;992;j
RS;adiinc992j;p31p32;1990;441591.91;992;j
RS;adiinc992j;p31p32;1991;385596.31;992;j
RS;adiinc992j;p31p32;1992;265584.09;992;j
RS;adiinc992j;p31p32;1993;173195.5;992;j
RS;adiinc992j;p31p32;1994;179354.8;992;j
RS;adiinc992j;p31p32;1995;190316.91;992;j
RS;adiinc992j;p31p32;1996;193274.5;992;j
RS;adiinc992j;p31p32;1997;206619.8;992;j
RS;adiinc992j;p31p32;1998;213542.3;992;j
RS;adiinc992j;p31p32;1999;231977.59;992;j
RS;adiinc992j;p31p32;2000;254484.09;992;j
RS;adiinc992j;p31p32;2001;253748.2;992;j
RS;adiinc992j;p31p32;2002;270588.59;992;j
RS;adiinc992j;p31p32;2003;280603.81;992;j
RS;adiinc992j;p31p32;2004;309512.41;992;j
RS;adiinc992j;p31p32;2005;339027.91;992;j
RS;adiinc992j;p31p32;2006;348157.31;992;j
RS;adiinc992j;p31p32;2007;359926.09;992;j
RS;adiinc992j;p31p32;2008;376846.31;992;j
RS;adiinc992j;p31p32;2009;361265.59;992;j
RS;adiinc992j;p31p32;2010;347781.09;992;j
RS;adiinc992j;p31p32;2011;333002.31;992;j
RS;adiinc992j;p31p32;2012;329017.19;992;j
RS;adiinc992j;p31p32;2013;317178.19;992;j
RS;adiinc992j;p31p32;2014;322363.19;992;j
RS;adiinc992j;p31p32;2015;309931.81;992;j
RS;adiinc992j;p31p32;2016;314658.09;992;j
RS;adiinc992j;p31p32;2017;315848.09;992;j
RS;adiinc992j;p4p5;1990;137598.8;992;j
RS;adiinc992j;p4p5;1991;119535.4;992;j
RS;adiinc992j;p4p5;1992;82300.898;992;j
RS;adiinc992j;p4p5;1993;53578.301;992;j
RS;adiinc992j;p4p5;1994;55443.602;992;j
RS;adiinc992j;p4p5;1995;58903.699;992;j
RS;adiinc992j;p4p5;1996;59760.699;992;j
RS;adiinc992j;p4p5;1997;64432.301;992;j
RS;adiinc992j;p4p5;1998;66293.102;992;j
RS;adiinc992j;p4p5;1999;70383.898;992;j
RS;adiinc992j;p4p5;2000;77030.5;992;j
RS;adiinc992j;p4p5;2001;76539.703;992;j
RS;adiinc992j;p4p5;2002;72196.0;992;j
RS;adiinc992j;p4p5;2003;74485.398;992;j
RS;adiinc992j;p4p5;2004;73463.797;992;j
RS;adiinc992j;p4p5;2005;77165.0;992;j
RS;adiinc992j;p4p5;2006;75909.297;992;j
RS;adiinc992j;p4p5;2007;76084.602;992;j
RS;adiinc992j;p4p5;2008;84294.0;992;j
RS;adiinc992j;p4p5;2009;84519.703;992;j
RS;adiinc992j;p4p5;2010;84042.0;992;j
RS;adiinc992j;p4p5;2011;77561.203;992;j
RS;adiinc992j;p4p5;2012;72744.602;992;j
RS;adiinc992j;p4p5;2013;99755.398;992;j
RS;adiinc992j;p4p5;2014;144171.91;992;j
RS;adiinc992j;p4p5;2015;116737.2;992;j
RS;adiinc992j;p4p5;2016;112954.2;992;j
RS;adiinc992j;p4p5;2017;112757.7;992;j
RS;adiinc992j;p5p100;1990;767247.19;992;j
RS;adiinc992j;p5p100;1991;666144.69;992;j
RS;adiinc992j;p5p100;1992;456143.69;992;j
RS;adiinc992j;p5p100;1993;295774.91;992;j
RS;adiinc992j;p5p100;1994;304594.59;992;j
RS;adiinc992j;p5p100;1995;321451.5;992;j
RS;adiinc992j;p5p100;1996;324027.41;992;j
RS;adiinc992j;p5p100;1997;343459.09;992;j
RS;adiinc992j;p5p100;1998;361352.91;992;j
RS;adiinc992j;p5p100;1999;395760.31;992;j
RS;adiinc992j;p5p100;2000;435164.19;992;j
RS;adiinc992j;p5p100;2001;434460.31;992;j
RS;adiinc992j;p5p100;2002;467821.41;992;j
RS;adiinc992j;p5p100;2003;491253.09;992;j
RS;adiinc992j;p5p100;2004;553159.81;992;j
RS;adiinc992j;p5p100;2005;617006.0;992;j
RS;adiinc992j;p5p100;2006;651443.31;992;j
RS;adiinc992j;p5p100;2007;672230.19;992;j
RS;adiinc992j;p5p100;2008;715603.69;992;j
RS;adiinc992j;p5p100;2009;702697.88;992;j
RS;adiinc992j;p5p100;2010;704640.19;992;j
RS;adiinc992j;p5p100;2011;707329.63;992;j
RS;adiinc992j;p5p100;2012;706540.88;992;j
RS;adiinc992j;p5p100;2013;722216.5;992;j
RS;adiinc992j;p5p100;2014;705592.81;992;j
RS;adiinc992j;p5p100;2015;712051.19;992;j
RS;adiinc992j;p5p100;2016;734492.63;992;j
RS;adiinc992j;p5p100;2017;738879.19;992;j
RS;adiinc992j;p99.91p99.92;1990;9041201.0;992;j
RS;adiinc992j;p99.91p99.92;1991;7689725.0;992;j
RS;adiinc992j;p99.91p99.92;1992;5148786.5;992;j
RS;adiinc992j;p99.91p99.92;1993;3304118.3;992;j
RS;adiinc992j;p99.91p99.92;1994;3373059.8;992;j
RS;adiinc992j;p99.91p99.92;1995;3535185.0;992;j
RS;adiinc992j;p99.91p99.92;1996;3500520.5;992;j
RS;adiinc992j;p99.91p99.92;1997;3635978.3;992;j
RS;adiinc992j;p99.91p99.92;1998;3996611.5;992;j
RS;adiinc992j;p99.91p99.92;1999;4808786.5;992;j
RS;adiinc992j;p99.91p99.92;2000;5597546.5;992;j
RS;adiinc992j;p99.91p99.92;2001;5932395.0;992;j
RS;adiinc992j;p99.91p99.92;2002;6392900.0;992;j
RS;adiinc992j;p99.91p99.92;2003;6640241.5;992;j
RS;adiinc992j;p99.91p99.92;2004;7575778.0;992;j
RS;adiinc992j;p99.91p99.92;2005;8806338.0;992;j
RS;adiinc992j;p99.91p99.92;2006;9339438.0;992;j
RS;adiinc992j;p99.91p99.92;2007;9099272.0;992;j
RS;adiinc992j;p99.91p99.92;2008;9415900.0;992;j
RS;adiinc992j;p99.91p99.92;2009;10032572.0;992;j
RS;adiinc992j;p99.91p99.92;2010;10165253.0;992;j
RS;adiinc992j;p99.91p99.92;2011;10387814.0;992;j
RS;adiinc992j;p99.91p99.92;2012;12042965.0;992;j
RS;adiinc992j;p99.91p99.92;2013;11161322.0;992;j
RS;adiinc992j;p99.91p99.92;2014;13211070.0;992;j
RS;adiinc992j;p99.91p99.92;2015;16115875.0;992;j
RS;adiinc992j;p99.91p99.92;2016;16820612.0;992;j
RS;adiinc992j;p99.91p99.92;2017;16952286.0;992;j
RS;agsrco992i;p0p100;1997;4333.2998;992;i
RS;agsrco992i;p0p100;1998;43749.801;992;i
RS;agsrco992i;p0p100;1999;59263.699;992;i
RS;agsrco992i;p0p100;2000;74788.297;992;i
RS;agsrco992i;p0p100;2001;57988.602;992;i
RS;agsrco992i;p0p100;2002;49646.301;992;i
RS;agsrco992i;p0p100;2003;40966.0;992;i
RS;agsrco992i;p0p100;2004;74971.602;992;i
RS;agsrco992i;p0p100;2005;98927.602;992;i
RS;agsrco992i;p0p100;2006;99661.297;992;i
RS;agsrco992i;p0p100;2007;109890.0;992;i
RS;agsrco992i;p0p100;2008;120898.4;992;i
RS;agsrco992i;p0p100;2009;108932.1;992;i
RS;agsrco992i;p0p100;2010;118250.6;992;i
RS;agsrco992i;p0p100;2011;145918.91;992;i
RS;ansrnp999i;p0p100;1997;0.0;999;i
RS;ansrnp999i;p0p100;1998;0.0;999;i
RS;ansrnp999i;p0p100;1999;0.0;999;i
RS;ansrnp999i;p0p100;2000;0.0;999;i
RS;ansrnp999i;p0p100;2001;0.0;999;i
RS;ansrnp999i;p0p100;2002;-0.80000001;999;i
RS;ansrnp999i;p0p100;2003;0.0;999;i
RS;ansrnp999i;p0p100;2004;0.0;999;i
RS;ansrnp999i;p0p100;2005;-1.5;999;i
RS;ansrnp999i;p0p100;2006;-4.0;999;i
RS;ansrnp999i;p0p100;2007;-4.6999998;999;i
RS;ansrnp999i;p0p100;2008;-4.8000002;999;i
RS;ansrnp999i;p0p100;2009;-6.4000001;999;i
RS;ansrnp999i;p0p100;2010;-6.5;999;i
RS;ansrnp999i;p0p100;2011;-3.8;999;i
RS;aprgfc999i;p0p100;1997;13629.1;999;i
RS;aprgfc999i;p0p100;1998;14334.3;999;i
RS;aprgfc999i;p0p100;1999;6050.3999;999;i
RS;aprgfc999i;p0p100;2000;4201.6001;999;i
RS;aprgfc999i;p0p100;2001;4598.8999;999;i
RS;aprgfc999i;p0p100;2002;8408.4004;999;i
RS;aprgfc999i;p0p100;2003;5895.1001;999;i
RS;aprgfc999i;p0p100;2004;4264.2002;999;i
RS;aprgfc999i;p0p100;2005;4922.6001;999;i
RS;aprgfc999i;p0p100;2006;5052.2002;999;i
RS;aprgfc999i;p0p100;2007;1345.7;999;i
RS;aprgfc999i;p0p100;2008;8482.2998;999;i
RS;aprgfc999i;p0p100;2009;10890.4;999;i
RS;aprgfc999i;p0p100;2010;12240.2;999;i
RS;aprgfc999i;p0p100;2011;13180.2;999;i
RS;aprgnf999i;p0p100;1997;-14233.6;999;i
RS;aprgnf999i;p0p100;1998;11598.2;999;i
RS;aprgnf999i;p0p100;1999;33109.102;999;i
RS;aprgnf999i;p0p100;2000;44122.199;999;i
RS;aprgnf999i;p0p100;2001;32476.9;999;i
RS;aprgnf999i;p0p100;2002;22781.301;999;i
RS;aprgnf999i;p0p100;2003;17337.9;999;i
RS;aprgnf999i;p0p100;2004;45145.898;999;i
RS;aprgnf999i;p0p100;2005;52057.699;999;i
RS;aprgnf999i;p0p100;2006;57467.301;999;i
RS;aprgnf999i;p0p100;2007;56783.199;999;i
RS;aprgnf999i;p0p100;2008;49337.301;999;i
RS;aprgnf999i;p0p100;2009;57402.398;999;i
RS;aprgnf999i;p0p100;2010;57306.602;999;i
RS;aprgnf999i;p0p100;2011;65624.297;999;i
RS;aptfrr992i;p0p100;1980;0.0;992;i
RS;aptfrr992i;p0p100;1981;0.0;992;i
RS;aptfrr992i;p0p100;1982;0.0;992;i
RS;aptfrr992i;p0p100;1983;0.0;992;i
RS;aptfrr992i;p0p100;1984;0.0;992;i
RS;aptfrr992i;p0p100;1985;0.0;992;i
RS;aptfrr992i;p0p100;1986;0.0;992;i
RS;aptfrr992i;p0p100;1987;0.0;992;i
RS;aptfrr992i;p0p100;1988;0.0;992;i
RS;aptfrr992i;p0p100;1989;0.0;992;i
RS;aptfrr992i;p0p100;1990;0.0;992;i
RS;aptfrr992i;p0p100;1991;0.0;992;i
RS;aptfrr992i;p0p100;1992;0.0;992;i
RS;aptfrr992i;p0p100;1993;0.0;992;i
RS;aptfrr992i;p0p100;1994;0.0;992;i
RS;aptfrr992i;p0p100;1995;0.0;992;i
RS;aptfrr992i;p0p100;1996;0.0;992;i
RS;aptfrr992i;p0p100;1997;0.0;992;i
RS;aptfrr992i;p0p100;1998;0.0;992;i
RS;aptfrr992i;p0p100;1999;0.0;992;i
RS;aptfrr992i;p0p100;2000;0.0;992;i
RS;aptfrr992i;p0p100;2001;0.0;992;i
RS;aptfrr992i;p0p100;2002;0.0;992;i
RS;aptfrr992i;p0p100;2003;0.0;992;i
RS;aptfrr992i;p0p100;2004;0.0;992;i
RS;aptfrr992i;p0p100;2005;0.0;992;i
RS;aptfrr992i;p0p100;2006;0.0;992;i
RS;aptfrr992i;p0p100;2007;0.0;992;i
RS;aptfrr992i;p0p100;2008;0.0;992;i
RS;aptfrr992i;p0p100;2009;0.0;992;i
RS;aptfrr992i;p0p100;2010;0.0;992;i
RS;aptfrr992i;p0p100;2011;0.0;992;i
RS;aptfrr992i;p0p100;2012;0.0;992;i
RS;aptfrr992i;p0p100;2013;0.0;992;i
RS;aptfrr992i;p0p100;2014;0.0;992;i
RS;aptfrr992i;p0p100;2015;0.0;992;i
RS;aptfrr992i;p0p100;2016;0.0;992;i
RS;aptfrr992i;p0p100;2017;0.0;992;i
RS;aptfrr992i;p0p100;2018;0.0;992;i
RS;aptfrr992i;p0p100;2019;0.0;992;i
RS;aptinc992j;p36p100;1990;1015126.7;992;j
RS;aptinc992j;p36p100;1991;881312.31;992;j
RS;aptinc992j;p36p100;1992;603423.63;992;j
RS;aptinc992j;p36p100;1993;391237.0;992;j
RS;aptinc992j;p36p100;1994;402857.0;992;j
RS;aptinc992j;p36p100;1995;425113.31;992;j
RS;aptinc992j;p36p100;1996;428395.91;992;j
RS;aptinc992j;p36p100;1997;454028.81;992;j
RS;aptinc992j;p36p100;1998;475443.81;992;j
RS;aptinc992j;p36p100;1999;520641.09;992;j
RS;aptinc992j;p36p100;2000;573795.69;992;j
RS;aptinc992j;p36p100;2001;572898.63;992;j
RS;aptinc992j;p36p100;2002;621833.38;992;j
RS;aptinc992j;p36p100;2003;655615.0;992;j
RS;aptinc992j;p36p100;2004;742755.38;992;j
RS;aptinc992j;p36p100;2005;833086.0;992;j
RS;aptinc992j;p36p100;2006;885443.0;992;j
RS;aptinc992j;p36p100;2007;916682.81;992;j
RS;aptinc992j;p36p100;2008;982223.19;992;j
RS;aptinc992j;p36p100;2009;969200.69;992;j
RS;aptinc992j;p36p100;2010;976765.63;992;j
RS;aptinc992j;p36p100;2011;987321.5;992;j
RS;aptinc992j;p36p100;2012;988419.81;992;j
RS;aptinc992j;p36p100;2013;1013941.1;992;j
RS;aptinc992j;p36p100;2014;996571.19;992;j
RS;aptinc992j;p36p100;2015;999970.19;992;j
RS;aptinc992j;p36p100;2016;1030886.8;992;j
RS;aptinc992j;p36p100;2017;1037167.0;992;j
RS;aptinc992j;p60p70;1990;784983.31;992;j
RS;aptinc992j;p60p70;1991;678776.13;992;j
RS;aptinc992j;p60p70;1992;463002.41;992;j
RS;aptinc992j;p60p70;1993;299030.91;992;j
RS;aptinc992j;p60p70;1994;306693.59;992;j
RS;aptinc992j;p60p70;1995;322315.5;992;j
RS;aptinc992j;p60p70;1996;323955.09;992;j
RS;aptinc992j;p60p70;1997;342457.31;992;j
RS;aptinc992j;p60p70;1998;358701.91;992;j
RS;aptinc992j;p60p70;1999;389346.0;992;j
RS;aptinc992j;p60p70;2000;421481.41;992;j
RS;aptinc992j;p60p70;2001;416710.31;992;j
RS;aptinc992j;p60p70;2002;450946.5;992;j
RS;aptinc992j;p60p70;2003;473643.81;992;j
RS;aptinc992j;p60p70;2004;525676.31;992;j
RS;aptinc992j;p60p70;2005;582688.38;992;j
RS;aptinc992j;p60p70;2006;619115.19;992;j
RS;aptinc992j;p60p70;2007;648471.88;992;j
RS;aptinc992j;p60p70;2008;694378.81;992;j
RS;aptinc992j;p60p70;2009;680773.19;992;j
RS;aptinc992j;p60p70;2010;673879.38;992;j
RS;aptinc992j;p60p70;2011;671646.13;992;j
RS;aptinc992j;p60p70;2012;677080.13;992;j
RS;aptinc992j;p60p70;2013;703516.5;992;j
RS;aptinc992j;p60p70;2014;674372.19;992;j
RS;aptinc992j;p60p70;2015;684212.38;992;j
RS;aptinc992j;p60p70;2016;705131.69;992;j
RS;aptinc992j;p60p70;2017;709072.88;992;j
RS;aptinc992j;p65p100;1990;1354325.5;992;j
RS;aptinc992j;p65p100;1991;1177805.8;992;j
RS;aptinc992j;p65p100;1992;807724.81;992;j
RS;aptinc992j;p65p100;1993;524568.19;992;j
RS;aptinc992j;p65p100;1994;541050.81;992;j
RS;aptinc992j;p65p100;1995;571910.69;992;j
RS;aptinc992j;p65p100;1996;576970.88;992;j
RS;aptinc992j;p65p100;1997;612186.38;992;j
RS;aptinc992j;p65p100;1998;643210.5;992;j
RS;aptinc992j;p65p100;1999;705283.31;992;j
RS;aptinc992j;p65p100;2000;781413.38;992;j
RS;aptinc992j;p65p100;2001;782110.38;992;j
RS;aptinc992j;p65p100;2002;852484.88;992;j
RS;aptinc992j;p65p100;2003;900792.0;992;j
RS;aptinc992j;p65p100;2004;1027885.2;992;j
RS;aptinc992j;p65p100;2005;1160169.8;992;j
RS;aptinc992j;p65p100;2006;1236347.8;992;j
RS;aptinc992j;p65p100;2007;1277621.9;992;j
RS;aptinc992j;p65p100;2008;1373138.0;992;j
RS;aptinc992j;p65p100;2009;1358187.8;992;j
RS;aptinc992j;p65p100;2010;1379265.8;992;j
RS;aptinc992j;p65p100;2011;1404097.5;992;j
RS;aptinc992j;p65p100;2012;1406181.9;992;j
RS;aptinc992j;p65p100;2013;1436302.0;992;j
RS;aptinc992j;p65p100;2014;1425246.4;992;j
RS;aptinc992j;p65p100;2015;1419474.9;992;j
RS;aptinc992j;p65p100;2016;1463482.1;992;j
RS;aptinc992j;p65p100;2017;1472691.3;992;j
RS;aptinc992j;p98p99;1990;2733039.8;992;j
RS;aptinc992j;p98p99;1991;2387816.3;992;j
RS;aptinc992j;p98p99;1992;1648379.3;992;j
RS;aptinc992j;p98p99;1993;1075414.0;992;j
RS;aptinc992j;p98p99;1994;1117750.4;992;j
RS;aptinc992j;p98p99;1995;1187690.8;992;j
RS;aptinc992j;p98p99;1996;1200622.8;992;j
RS;aptinc992j;p98p99;1997;1275724.8;992;j
RS;aptinc992j;p98p99;1998;1360019.9;992;j
RS;aptinc992j;p98p99;1999;1505084.3;992;j
RS;aptinc992j;p98p99;2000;1712402.4;992;j
RS;aptinc992j;p98p99;2001;1725630.5;992;j
RS;aptinc992j;p98p99;2002;1899867.6;992;j
RS;aptinc992j;p98p99;2003;2016798.8;992;j
RS;aptinc992j;p98p99;2004;2334059.5;992;j
RS;aptinc992j;p98p99;2005;2670562.5;992;j
RS;aptinc992j;p98p99;2006;2849608.5;992;j
RS;aptinc992j;p98p99;2007;2881115.3;992;j
RS;aptinc992j;p98p99;2008;3092055.0;992;j
RS;aptinc992j;p98p99;2009;3079227.0;992;j
RS;aptinc992j;p98p99;2010;3223014.5;992;j
RS;aptinc992j;p98p99;2011;3310091.0;992;j
RS;aptinc992j;p98p99;2012;3365091.3;992;j
RS;aptinc992j;p98p99;2013;3362891.3;992;j
RS;aptinc992j;p98p99;2014;3321222.3;992;j
RS;aptinc992j;p98p99;2015;3266832.0;992;j
RS;aptinc992j;p98p99;2016;3369923.3;992;j
RS;aptinc992j;p98p99;2017;3394054.5;992;j
RS;aptinc992j;p99.92p99.93;1990;11154459.0;992;j
RS;aptinc992j;p99.92p99.93;1991;9881756.0;992;j
RS;aptinc992j;p99.92p99.93;1992;6883903.5;992;j
RS;aptinc992j;p99.92p99.93;1993;4552682.5;992;j
RS;aptinc992j;p99.92p99.93;1994;4769937.5;992;j
RS;aptinc992j;p99.92p99.93;1995;5136111.0;992;j
RS;aptinc992j;p99.92p99.93;1996;5242614.0;992;j
RS;aptinc992j;p99.92p99.93;1997;5627765.5;992;j
RS;aptinc992j;p99.92p99.93;1998;5957995.0;992;j
RS;aptinc992j;p99.92p99.93;1999;6835454.0;992;j
RS;aptinc992j;p99.92p99.93;2000;8000727.0;992;j
RS;aptinc992j;p99.92p99.93;2001;8343922.0;992;j
RS;aptinc992j;p99.92p99.93;2002;9018277.0;992;j
RS;aptinc992j;p99.92p99.93;2003;9396822.0;992;j
RS;aptinc992j;p99.92p99.93;2004;10918190.0;992;j
RS;aptinc992j;p99.92p99.93;2005;12172515.0;992;j
RS;aptinc992j;p99.92p99.93;2006;12998399.0;992;j
RS;aptinc992j;p99.92p99.93;2007;12630252.0;992;j
RS;aptinc992j;p99.92p99.93;2008;13663217.0;992;j
RS;aptinc992j;p99.92p99.93;2009;13444174.0;992;j
RS;aptinc992j;p99.92p99.93;2010;13780829.0;992;j
RS;aptinc992j;p99.92p99.93;2011;14396370.0;992;j
RS;aptinc992j;p99.92p99.93;2012;13124284.0;992;j
RS;aptinc992j;p99.92p99.93;2013;13693798.0;992;j
RS;aptinc992j;p99.92p99.93;2014;16536742.0;992;j
RS;aptinc992j;p99.92p99.93;2015;16066226.0;992;j
RS;aptinc992j;p99.92p99.93;2016;16580664.0;992;j
RS;aptinc992j;p99.92p99.93;2017;16704858.0;992;j
RS;asecfc999i;p0p100;1997;13274.5;999;i
RS;asecfc999i;p0p100;1998;13708.8;999;i
RS;asecfc999i;p0p100;1999;5275.2998;999;i
RS;asecfc999i;p0p100;2000;3401.0;999;i
RS;asecfc999i;p0p100;2001;3629.6001;999;i
RS;asecfc999i;p0p100;2002;7374.3999;999;i
RS;asecfc999i;p0p100;2003;4776.1001;999;i
RS;asecfc999i;p0p100;2004;2952.2;999;i
RS;asecfc999i;p0p100;2005;3200.8999;999;i
RS;asecfc999i;p0p100;2006;2604.5;999;i
RS;asecfc999i;p0p100;2007;-1409.0;999;i
RS;asecfc999i;p0p100;2008;5504.1001;999;i
RS;asecfc999i;p0p100;2009;7938.2002;999;i
RS;asecfc999i;p0p100;2010;9120.7002;999;i
RS;asecfc999i;p0p100;2011;10058.1;999;i
RS;aspigo999i;p0p100;1997;3524.1001;999;i
RS;aspigo999i;p0p100;1998;3630.3999;999;i
RS;aspigo999i;p0p100;1999;3449.7;999;i
RS;aspigo999i;p0p100;2000;3616.7;999;i
RS;aspigo999i;p0p100;2001;11758.3;999;i
RS;aspigo999i;p0p100;2002;15147.1;999;i
RS;aspigo999i;p0p100;2003;12354.0;999;i
RS;aspigo999i;p0p100;2004;12572.8;999;i
RS;aspigo999i;p0p100;2005;14478.4;999;i
RS;aspigo999i;p0p100;2006;12938.9;999;i
RS;aspigo999i;p0p100;2007;13573.6;999;i
RS;aspigo999i;p0p100;2008;15159.3;999;i
RS;aspigo999i;p0p100;2009;11756.5;999;i
RS;aspigo999i;p0p100;2010;13861.7;999;i
RS;aspigo999i;p0p100;2011;15046.9;999;i
RS;ataxgo992i;p0p100;1997;75821.102;992;i
RS;ataxgo992i;p0p100;1998;76256.203;992;i
RS;ataxgo992i;p0p100;1999;75518.203;992;i
RS;ataxgo992i;p0p100;2000;77634.898;992;i
RS;ataxgo992i;p0p100;2001;92288.297;992;i
RS;ataxgo992i;p0p100;2002;112120.1;992;i
RS;ataxgo992i;p0p100;2003;107754.5;992;i
RS;ataxgo992i;p0p100;2004;123654.4;992;i
RS;ataxgo992i;p0p100;2005;131402.09;992;i
RS;ataxgo992i;p0p100;2006;148971.91;992;i
RS;ataxgo992i;p0p100;2007;154493.5;992;i
RS;ataxgo992i;p0p100;2008;161046.5;992;i
RS;ataxgo992i;p0p100;2009;149396.7;992;i
RS;ataxgo992i;p0p100;2010;151138.59;992;i
RS;ataxgo992i;p0p100;2011;160163.2;992;i
RS;bdiinc992j;p11p100;1990;3.7820704;992;j
RS;bdiinc992j;p11p100;1991;3.7299995;992;j
RS;bdiinc992j;p11p100;1992;3.684473;992;j
RS;bdiinc992j;p11p100;1993;3.6262259;992;j
RS;bdiinc992j;p11p100;1994;3.5759149;992;j
RS;bdiinc992j;p11p100;1995;3.5227733;992;j
RS;bdiinc992j;p11p100;1996;3.4478939;992;j
RS;bdiinc992j;p11p100;1997;3.3738849;992;j
RS;bdiinc992j;p11p100;1998;3.1878583;992;j
RS;bdiinc992j;p11p100;1999;3.2604947;992;j
RS;bdiinc992j;p11p100;2000;3.2709932;992;j
RS;bdiinc992j;p11p100;2001;3.2997868;992;j
RS;bdiinc992j;p11p100;2002;3.5682125;992;j
RS;bdiinc992j;p11p100;2003;3.8658226;992;j
RS;bdiinc992j;p11p100;2004;4.3829489;992;j
RS;bdiinc992j;p11p100;2005;4.8598852;992;j
RS;bdiinc992j;p11p100;2006;5.3305039;992;j
RS;bdiinc992j;p11p100;2007;5.6383386;992;j
RS;bdiinc992j;p11p100;2008;5.8525825;992;j
RS;bdiinc992j;p11p100;2009;6.0360055;992;j
RS;bdiinc992j;p11p100;2010;6.6336784;992;j
RS;bdiinc992j;p11p100;2011;7.6037912;992;j
RS;bdiinc992j;p11p100;2012;7.9283528;992;j
RS;bdiinc992j;p11p100;2013;6.7175417;992;j
RS;bdiinc992j;p11p100;2014;4.7318196;992;j
RS;bdiinc992j;p11p100;2015;5.829195;992;j
RS;bdiinc992j;p11p100;2016;6.1704335;992;j
RS;bdiinc992j;p11p100;2017;6.2147341;992;j
RS;bdiinc992j;p5p100;1990;5.4437771;992;j
RS;bdiinc992j;p5p100;1991;5.3960319;992;j
RS;bdiinc992j;p5p100;1992;5.352735;992;j
RS;bdiinc992j;p5p100;1993;5.3294578;992;j
RS;bdiinc992j;p5p100;1994;5.2764397;992;j
RS;bdiinc992j;p5p100;1995;5.1650887;992;j
RS;bdiinc992j;p5p100;1996;5.1160045;992;j
RS;bdiinc992j;p5p100;1997;5.0625443;992;j
RS;bdiinc992j;p5p100;1998;5.0496793;992;j
RS;bdiinc992j;p5p100;1999;5.19628;992;j
RS;bdiinc992j;p5p100;2000;5.2559738;992;j
RS;bdiinc992j;p5p100;2001;5.2656231;992;j
RS;bdiinc992j;p5p100;2002;5.9886084;992;j
RS;bdiinc992j;p5p100;2003;6.1366649;992;j
RS;bdiinc992j;p5p100;2004;6.9433784;992;j
RS;bdiinc992j;p5p100;2005;7.6270666;992;j
RS;bdiinc992j;p5p100;2006;8.3641281;992;j
RS;bdiinc992j;p5p100;2007;8.5395994;992;j
RS;bdiinc992j;p5p100;2008;8.200243;992;j
RS;bdiinc992j;p5p100;2009;8.1027641;992;j
RS;bdiinc992j;p5p100;2010;8.2739477;992;j
RS;bdiinc992j;p5p100;2011;9.0460968;992;j
RS;bdiinc992j;p5p100;2012;9.5156136;992;j
RS;bdiinc992j;p5p100;2013;7.1763716;992;j
RS;bdiinc992j;p5p100;2014;4.8682756;992;j
RS;bdiinc992j;p5p100;2015;6.0600352;992;j
RS;bdiinc992j;p5p100;2016;6.4566188;992;j
RS;bdiinc992j;p5p100;2017;6.5067496;992;j
RS;bptinc992j;p41p100;1990;2.1069462;992;j
RS;bptinc992j;p41p100;1991;2.1220775;992;j
RS;bptinc992j;p41p100;1992;2.1389949;992;j
RS;bptinc992j;p41p100;1993;2.1574328;992;j
RS;bptinc992j;p41p100;1994;2.174679;992;j
RS;bptinc992j;p41p100;1995;2.1902881;992;j
RS;bptinc992j;p41p100;1996;2.2027919;992;j
RS;bptinc992j;p41p100;1997;2.2145741;992;j
RS;bptinc992j;p41p100;1998;2.2558053;992;j
RS;bptinc992j;p41p100;1999;2.2553773;992;j
RS;bptinc992j;p41p100;2000;2.28649;992;j
RS;bptinc992j;p41p100;2001;2.2960074;992;j
RS;bptinc992j;p41p100;2002;2.3426373;992;j
RS;bptinc992j;p41p100;2003;2.362936;992;j
RS;bptinc992j;p41p100;2004;2.4234421;992;j
RS;bptinc992j;p41p100;2005;2.4858897;992;j
RS;bptinc992j;p41p100;2006;2.5333076;992;j
RS;bptinc992j;p41p100;2007;2.5275412;992;j
RS;bptinc992j;p41p100;2008;2.570662;992;j
RS;bptinc992j;p41p100;2009;2.5939894;992;j
RS;bptinc992j;p41p100;2010;2.6654301;992;j
RS;bptinc992j;p41p100;2011;2.7745576;992;j
RS;bptinc992j;p41p100;2012;2.8039017;992;j
RS;bptinc992j;p41p100;2013;2.7728598;992;j
RS;bptinc992j;p41p100;2014;2.8742456;992;j
RS;bptinc992j;p41p100;2015;2.7688229;992;j
RS;bptinc992j;p41p100;2016;2.7685721;992;j
RS;bptinc992j;p41p100;2017;2.76949;992;j
RS;bptinc992j;p57p100;1990;1.8451748;992;j
RS;bptinc992j;p57p100;1991;1.8547238;992;j
RS;bptinc992j;p57p100;1992;1.8636546;992;j
RS;bptinc992j;p57p100;1993;1.8702364;992;j
RS;bptinc992j;p57p100;1994;1.8772627;992;j
RS;bptinc992j;p57p100;1995;1.8850833;992;j
RS;bptinc992j;p57p100;1996;1.8890104;992;j
RS;bptinc992j;p57p100;1997;1.8938986;992;j
RS;bptinc992j;p57p100;1998;1.9064528;992;j
RS;bptinc992j;p57p100;1999;1.9188313;992;j
RS;bptinc992j;p57p100;2000;1.9504157;992;j
RS;bptinc992j;p57p100;2001;1.9739051;992;j
RS;bptinc992j;p57p100;2002;2.0041914;992;j
RS;bptinc992j;p57p100;2003;2.0149317;992;j
RS;bptinc992j;p57p100;2004;2.0698588;992;j
RS;bptinc992j;p57p100;2005;2.1068704;992;j
RS;bptinc992j;p57p100;2006;2.1197867;992;j
RS;bptinc992j;p57p100;2007;2.1164131;992;j
RS;bptinc992j;p57p100;2008;2.132257;992;j
RS;bptinc992j;p57p100;2009;2.1454544;992;j
RS;bptinc992j;p57p100;2010;2.2087476;992;j
RS;bptinc992j;p57p100;2011;2.2609704;992;j
RS;bptinc992j;p57p100;2012;2.2523899;992;j
RS;bptinc992j;p57p100;2013;2.2231069;992;j
RS;bptinc992j;p57p100;2014;2.3056126;992;j
RS;bptinc992j;p57p100;2015;2.2349339;992;j
RS;bptinc992j;p57p100;2016;2.2345843;992;j
RS;bptinc992j;p57p100;2017;2.2361913;992;j
RS;bptinc992j;p99.91p100;1990;2.0561433;992;j
RS;bptinc992j;p99.91p100;1991;2.0785286;992;j
RS;bptinc992j;p99.91p100;1992;2.0868158;992;j
RS;bptinc992j;p99.91p100;1993;2.1085265;992;j
RS;bptinc992j;p99.91p100;1994;2.1117933;992;j
RS;bptinc992j;p99.91p100;1995;2.131424;992;j
RS;bptinc992j;p99.91p100;1996;2.1497142;992;j
RS;bptinc992j;p99.91p100;1997;2.1706898;992;j
RS;bptinc992j;p99.91p100;1998;2.139024;992;j
RS;bptinc992j;p99.91p100;1999;2.1964929;992;j
RS;bptinc992j;p99.91p100;2000;2.2148125;992;j
RS;bptinc992j;p99.91p100;2001;2.2771163;992;j
RS;bptinc992j;p99.91p100;2002;2.2215602;992;j
RS;bptinc992j;p99.91p100;2003;2.1905527;992;j
RS;bptinc992j;p99.91p100;2004;2.1884532;992;j
RS;bptinc992j;p99.91p100;2005;2.1287274;992;j
RS;bptinc992j;p99.91p100;2006;2.1301069;992;j
RS;bptinc992j;p99.91p100;2007;2.086163;992;j
RS;bptinc992j;p99.91p100;2008;2.1015933;992;j
RS;bptinc992j;p99.91p100;2009;2.0771086;992;j
RS;bptinc992j;p99.91p100;2010;2.0069509;992;j
RS;bptinc992j;p99.91p100;2011;2.0329666;992;j
RS;bptinc992j;p99.91p100;2012;1.8271186;992;j
RS;bptinc992j;p99.91p100;2013;1.9132354;992;j
RS;bptinc992j;p99.91p100;2014;2.298192;992;j
RS;bptinc992j;p99.91p100;2015;2.3042996;992;j
RS;bptinc992j;p99.91p100;2016;2.3042715;992;j
RS;bptinc992j;p99.91p100;2017;2.3032703;992;j
RS;bptinc992j;p99.999p100;1990;2.1049631;992;j
RS;bptinc992j;p99.999p100;1991;2.1279979;992;j
RS;bptinc992j;p99.999p100;1992;2.1346989;992;j
RS;bptinc992j;p99.999p100;1993;2.1567845;992;j
RS;bptinc992j;p99.999p100;1994;2.1574159;992;j
RS;bptinc992j;p99.999p100;1995;2.1768317;992;j
RS;bptinc992j;p99.999p100;1996;2.1960266;992;j
RS;bptinc992j;p99.999p100;1997;2.2183411;992;j
RS;bptinc992j;p99.999p100;1998;2.1808548;992;j
RS;bptinc992j;p99.999p100;1999;2.2382929;992;j
RS;bptinc992j;p99.999p100;2000;2.2491276;992;j
RS;bptinc992j;p99.999p100;2001;2.3123548;992;j
RS;bptinc992j;p99.999p100;2002;2.2508826;992;j
RS;bptinc992j;p99.999p100;2003;2.2197952;992;j
RS;bptinc992j;p99.999p100;2004;2.2154989;992;j
RS;bptinc992j;p99.999p100;2005;2.1508658;992;j
RS;bptinc992j;p99.999p100;2006;2.1523046;992;j
RS;bptinc992j;p99.999p100;2007;2.1127462;992;j
RS;bptinc992j;p99.999p100;2008;2.1291831;992;j
RS;bptinc992j;p99.999p100;2009;2.1028159;992;j
RS;bptinc992j;p99.999p100;2010;2.0209587;992;j
RS;bptinc992j;p99.999p100;2011;2.0476773;992;j
RS;bptinc992j;p99.999p100;2012;1.8206583;992;j
RS;bptinc992j;p99.999p100;2013;1.9181048;992;j
RS;bptinc992j;p99.999p100;2014;2.326077;992;j
RS;bptinc992j;p99.999p100;2015;2.3388348;992;j
RS;bptinc992j;p99.999p100;2016;2.3386083;992;j
RS;bptinc992j;p99.999p100;2017;2.3372302;992;j
RS;mconnp999i;p0p100;1997;7085253632.0;999;i
RS;mconnp999i;p0p100;1998;7161672704.0;999;i
RS;mconnp999i;p0p100;1999;7033891840.0;999;i
RS;mconnp999i;p0p100;2000;11442484224.0;999;i
RS;mconnp999i;p0p100;2001;8106711552.0;999;i
RS;mconnp999i;p0p100;2002;8373974528.0;999;i
RS;mconnp999i;p0p100;2003;8191935488.0;999;i
RS;mconnp999i;p0p100;2004;10441459712.0;999;i
RS;mconnp999i;p0p100;2005;11280576512.0;999;i
RS;mconnp999i;p0p100;2006;12016005120.0;999;i
RS;mconnp999i;p0p100;2007;14216660992.0;999;i
RS;mconnp999i;p0p100;2008;13818195968.0;999;i
RS;mconnp999i;p0p100;2009;12551501824.0;999;i
RS;mconnp999i;p0p100;2010;12636608512.0;999;i
RS;mconnp999i;p0p100;2011;13054974976.0;999;i
RS;mflcip999i;p0p100;2002;44030332928.0;999;i
RS;mflcip999i;p0p100;2003;50796859392.0;999;i
RS;mflcip999i;p0p100;2004;62467428352.0;999;i
RS;mflcip999i;p0p100;2005;87222247424.0;999;i
RS;mflcip999i;p0p100;2006;107281711104.0;999;i
RS;mflcip999i;p0p100;2007;219307933696.0;999;i
RS;mflcip999i;p0p100;2008;213683208192.0;999;i
RS;mflcip999i;p0p100;2009;145744084992.0;999;i
RS;mflcip999i;p0p100;2010;168807399424.0;999;i
RS;mflcip999i;p0p100;2011;261701779456.0;999;i
RS;mflcip999i;p0p100;2012;256211222528.0;999;i
RS;mflcip999i;p0p100;2013;281350668288.0;999;i
RS;mflcip999i;p0p100;2014;278248456192.0;999;i
RS;mflcip999i;p0p100;2015;330256678912.0;999;i
RS;mflcip999i;p0p100;2016;350938791936.0;999;i
RS;mflcip999i;p0p100;2017;394421370880.0;999;i
RS;mflcip999i;p0p100;2018;334744289280.0;999;i
RS;msecnp999i;p0p100;1997;-2118591.0;999;i
RS;msecnp999i;p0p100;1998;341123328.0;999;i
RS;msecnp999i;p0p100;1999;-21751350.0;999;i
RS;msecnp999i;p0p100;2000;-18375030.0;999;i
RS;msecnp999i;p0p100;2001;93518248.0;999;i
RS;msecnp999i;p0p100;2002;-14292551.0;999;i
RS;msecnp999i;p0p100;2003;-1551577.0;999;i
RS;msecnp999i;p0p100;2004;0.0;999;i
RS;msecnp999i;p0p100;2005;279006656.0;999;i
RS;msecnp999i;p0p100;2006;590751040.0;999;i
RS;msecnp999i;p0p100;2007;707483840.0;999;i
RS;msecnp999i;p0p100;2008;844387392.0;999;i
RS;msecnp999i;p0p100;2009;823108352.0;999;i
RS;msecnp999i;p0p100;2010;710921344.0;999;i
RS;msecnp999i;p0p100;2011;702226176.0;999;i
RS;npopul551i;p0p100;1950;230102.0;551;i
RS;npopul551i;p0p100;1951;242250.0;551;i
RS;npopul551i;p0p100;1952;262239.0;551;i
RS;npopul551i;p0p100;1953;285826.0;551;i
RS;npopul551i;p0p100;1954;307628.0;551;i
RS;npopul551i;p0p100;1955;324742.0;551;i
RS;npopul551i;p0p100;1956;336612.0;551;i
RS;npopul551i;p0p100;1957;344173.0;551;i
RS;npopul551i;p0p100;1958;349278.0;551;i
RS;npopul551i;p0p100;1959;354820.0;551;i
RS;npopul551i;p0p100;1960;362300.0;551;i
RS;npopul551i;p0p100;1961;370650.0;551;i
RS;npopul551i;p0p100;1962;379863.0;551;i
RS;npopul551i;p0p100;1963;388276.0;551;i
RS;npopul551i;p0p100;1964;393173.0;551;i
RS;npopul551i;p0p100;1965;392935.0;551;i
RS;npopul551i;p0p100;1966;385871.0;551;i
RS;npopul551i;p0p100;1967;376007.0;551;i
RS;npopul551i;p0p100;1968;363534.0;551;i
RS;npopul551i;p0p100;1969;348591.0;551;i
RS;npopul551i;p0p100;1970;331845.0;551;i
RS;npopul551i;p0p100;1971;312464.0;551;i
RS;npopul551i;p0p100;1972;290358.0;551;i
RS;npopul551i;p0p100;1973;271421.0;551;i
RS;npopul551i;p0p100;1974;264545.0;551;i
RS;npopul551i;p0p100;1975;274651.0;551;i
RS;npopul551i;p0p100;1976;299201.0;551;i
RS;npopul551i;p0p100;1977;339682.0;551;i
RS;npopul551i;p0p100;1978;389227.0;551;i
RS;npopul551i;p0p100;1979;437424.0;551;i
RS;npopul551i;p0p100;1980;477854.0;551;i
RS;npopul551i;p0p100;1981;509853.0;551;i
RS;npopul551i;p0p100;1982;535351.0;551;i
RS;npopul551i;p0p100;1983;555111.0;551;i
RS;npopul551i;p0p100;1984;570738.0;551;i
RS;npopul551i;p0p100;1985;583073.0;551;i
RS;npopul551i;p0p100;1986;589257.0;551;i
RS;npopul551i;p0p100;1987;591071.0;551;i
RS;npopul551i;p0p100;1988;589594.0;551;i
RS;npopul551i;p0p100;1989;586230.0;551;i
RS;npopul551i;p0p100;1990;581777.0;551;i
RS;npopul551i;p0p100;1991;575110.0;551;i
RS;npopul551i;p0p100;1992;569141.0;551;i
RS;npopul551i;p0p100;1993;561697.0;551;i
RS;npopul551i;p0p100;1994;549542.0;551;i
RS;npopul551i;p0p100;1995;531329.0;551;i
RS;npopul551i;p0p100;1996;509415.0;551;i
RS;npopul551i;p0p100;1997;480990.0;551;i
RS;npopul551i;p0p100;1998;453670.0;551;i
RS;npopul551i;p0p100;1999;345128.0;551;i
RS;npopul551i;p0p100;2000;349934.0;551;i
RS;npopul551i;p0p100;2001;365383.0;551;i
RS;npopul551i;p0p100;2002;394487.0;551;i
RS;npopul551i;p0p100;2003;430716.0;551;i
RS;npopul551i;p0p100;2004;466701.0;551;i
RS;npopul551i;p0p100;2005;496544.0;551;i
RS;npopul551i;p0p100;2006;518245.0;551;i
RS;npopul551i;p0p100;2007;535622.0;551;i
RS;npopul551i;p0p100;2008;547580.0;551;i
RS;npopul551i;p0p100;2009;553070.0;551;i
RS;npopul551i;p0p100;2010;551338.0;551;i
RS;npopul551i;p0p100;2011;539423.0;551;i
RS;npopul551i;p0p100;2012;521262.0;551;i
RS;npopul551i;p0p100;2013;499263.0;551;i
RS;npopul551i;p0p100;2014;479212.0;551;i
RS;npopul551i;p0p100;2015;464459.0;551;i
RS;npopul551i;p0p100;2016;451593.0;551;i
RS;npopul551i;p0p100;2017;445044.0;551;i
RS;npopul551i;p0p100;2018;442122.0;551;i
RS;npopul551i;p0p100;2019;440638.0;551;i
RS;npopul602f;p0p100;1950;221002.0;602;f
RS;npopul602f;p0p100;1951;220079.0;602;f
RS;npopul602f;p0p100;1952;219439.0;602;f
RS;npopul602f;p0p100;1953;219100.0;602;f
RS;npopul602f;p0p100;1954;220007.0;602;f
RS;npopul602f;p0p100;1955;222859.0;602;f
RS;npopul602f;p0p100;1956;226045.0;602;f
RS;npopul602f;p0p100;1957;230928.0;602;f
RS;npopul602f;p0p100;1958;237442.0;602;f
RS;npopul602f;p0p100;1959;245396.0;602;f
RS;npopul602f;p0p100;1960;254541.0;602;f
RS;npopul602f;p0p100;1961;263957.0;602;f
RS;npopul602f;p0p100;1962;273846.0;602;f
RS;npopul602f;p0p100;1963;283866.0;602;f
RS;npopul602f;p0p100;1964;293648.0;602;f
RS;npopul602f;p0p100;1965;302928.0;602;f
RS;npopul602f;p0p100;1966;309296.0;602;f
RS;npopul602f;p0p100;1967;315499.0;602;f
RS;npopul602f;p0p100;1968;321397.0;602;f
RS;npopul602f;p0p100;1969;326701.0;602;f
RS;npopul602f;p0p100;1970;331163.0;602;f
RS;npopul602f;p0p100;1971;333317.0;602;f
RS;npopul602f;p0p100;1972;335559.0;602;f
RS;npopul602f;p0p100;1973;336751.0;602;f
RS;npopul602f;p0p100;1974;335339.0;602;f
RS;npopul602f;p0p100;1975;330656.0;602;f
RS;npopul602f;p0p100;1976;321100.0;602;f
RS;npopul602f;p0p100;1977;308871.0;602;f
RS;npopul602f;p0p100;1978;296964.0;602;f
RS;npopul602f;p0p100;1979;289839.0;602;f
RS;npopul602f;p0p100;1980;290160.0;602;f
RS;npopul602f;p0p100;1981;295272.0;602;f
RS;npopul602f;p0p100;1982;306918.0;602;f
RS;npopul602f;p0p100;1983;324297.0;602;f
RS;npopul602f;p0p100;1984;346201.0;602;f
RS;npopul602f;p0p100;1985;371580.0;602;f
RS;npopul602f;p0p100;1986;398306.0;602;f
RS;npopul602f;p0p100;1987;428172.0;602;f
RS;npopul602f;p0p100;1988;458684.0;602;f
RS;npopul602f;p0p100;1989;486672.0;602;f
RS;npopul602f;p0p100;1990;510315.0;602;f
RS;npopul602f;p0p100;1991;526960.0;602;f
RS;npopul602f;p0p100;1992;540286.0;602;f
RS;npopul602f;p0p100;1993;550200.0;602;f
RS;npopul602f;p0p100;1994;556561.0;602;f
RS;npopul602f;p0p100;1995;559022.0;602;f
RS;npopul602f;p0p100;1996;558215.0;602;f
RS;npopul602f;p0p100;1997;553940.0;602;f
RS;npopul602f;p0p100;1998;546574.0;602;f
RS;npopul602f;p0p100;1999;422355.0;602;f
RS;npopul602f;p0p100;2000;415844.0;602;f
RS;npopul602f;p0p100;2001;403646.0;602;f
RS;npopul602f;p0p100;2002;390583.0;602;f
RS;npopul602f;p0p100;2003;377316.0;602;f
RS;npopul602f;p0p100;2004;367892.0;602;f
RS;npopul602f;p0p100;2005;363918.0;602;f
RS;npopul602f;p0p100;2006;363662.0;602;f
RS;npopul602f;p0p100;2007;367964.0;602;f
RS;npopul602f;p0p100;2008;376470.0;602;f
RS;npopul602f;p0p100;2009;389114.0;602;f
RS;npopul602f;p0p100;2010;405475.0;602;f
RS;npopul602f;p0p100;2011;423224.0;602;f
RS;npopul602f;p0p100;2012;446131.0;602;f
RS;npopul602f;p0p100;2013;469837.0;602;f
RS;npopul602f;p0p100;2014;489851.0;602;f
RS;npopul602f;p0p100;2015;503402.0;602;f
RS;npopul602f;p0p100;2016;507342.0;602;f
RS;npopul602f;p0p100;2017;507157.0;602;f
RS;npopul602f;p0p100;2018;502578.0;602;f
RS;npopul602f;p0p100;2019;495744.0;602;f
RS;npopul801f;p0p100;1950;34239.0;801;f
RS;npopul801f;p0p100;1951;35985.0;801;f
RS;npopul801f;p0p100;1952;37473.0;801;f
RS;npopul801f;p0p100;1953;38248.0;801;f
RS;npopul801f;p0p100;1954;38003.0;801;f
RS;npopul801f;p0p100;1955;36864.0;801;f
RS;npopul801f;p0p100;1956;37202.0;801;f
RS;npopul801f;p0p100;1957;36972.0;801;f
RS;npopul801f;p0p100;1958;36232.0;801;f
RS;npopul801f;p0p100;1959;34964.0;801;f
RS;npopul801f;p0p100;1960;33270.0;801;f
RS;npopul801f;p0p100;1961;32861.0;801;f
RS;npopul801f;p0p100;1962;31774.0;801;f
RS;npopul801f;p0p100;1963;30617.0;801;f
RS;npopul801f;p0p100;1964;30066.0;801;f
RS;npopul801f;p0p100;1965;30362.0;801;f
RS;npopul801f;p0p100;1966;32180.0;801;f
RS;npopul801f;p0p100;1967;34395.0;801;f
RS;npopul801f;p0p100;1968;36322.0;801;f
RS;npopul801f;p0p100;1969;37181.0;801;f
RS;npopul801f;p0p100;1970;36856.0;801;f
RS;npopul801f;p0p100;1971;36599.0;801;f
RS;npopul801f;p0p100;1972;35413.0;801;f
RS;npopul801f;p0p100;1973;34308.0;801;f
RS;npopul801f;p0p100;1974;34438.0;801;f
RS;npopul801f;p0p100;1975;36215.0;801;f
RS;npopul801f;p0p100;1976;39700.0;801;f
RS;npopul801f;p0p100;1977;43796.0;801;f
RS;npopul801f;p0p100;1978;47753.0;801;f
RS;npopul801f;p0p100;1979;50846.0;801;f
RS;npopul801f;p0p100;1980;52987.0;801;f
RS;npopul801f;p0p100;1981;55106.0;801;f
RS;npopul801f;p0p100;1982;56380.0;801;f
RS;npopul801f;p0p100;1983;57309.0;801;f
RS;npopul801f;p0p100;1984;58443.0;801;f
RS;npopul801f;p0p100;1985;60048.0;801;f
RS;npopul801f;p0p100;1986;62655.0;801;f
RS;npopul801f;p0p100;1987;65089.0;801;f
RS;npopul801f;p0p100;1988;67055.0;801;f
RS;npopul801f;p0p100;1989;68208.0;801;f
RS;npopul801f;p0p100;1990;68565.0;801;f
RS;npopul801f;p0p100;1991;68928.0;801;f
RS;npopul801f;p0p100;1992;69257.0;801;f
RS;npopul801f;p0p100;1993;69190.0;801;f
RS;npopul801f;p0p100;1994;67866.0;801;f
RS;npopul801f;p0p100;1995;65021.0;801;f
RS;npopul801f;p0p100;1996;61581.0;801;f
RS;npopul801f;p0p100;1997;56237.0;801;f
RS;npopul801f;p0p100;1998;51657.0;801;f
RS;npopul801f;p0p100;1999;40051.0;801;f
RS;npopul801f;p0p100;2000;43566.0;801;f
RS;npopul801f;p0p100;2001;49639.0;801;f
RS;npopul801f;p0p100;2002;57226.0;801;f
RS;npopul801f;p0p100;2003;64667.0;801;f
RS;npopul801f;p0p100;2004;70795.0;801;f
RS;npopul801f;p0p100;2005;75407.0;801;f
RS;npopul801f;p0p100;2006;80160.0;801;f
RS;npopul801f;p0p100;2007;84163.0;801;f
RS;npopul801f;p0p100;2008;87602.0;801;f
RS;npopul801f;p0p100;2009;90606.0;801;f
RS;npopul801f;p0p100;2010;93344.0;801;f
RS;npopul801f;p0p100;2011;95670.0;801;f
RS;npopul801f;p0p100;2012;98007.0;801;f
RS;npopul801f;p0p100;2013;100375.0;801;f
RS;npopul801f;p0p100;2014;102673.0;801;f
RS;npopul801f;p0p100;2015;104740.0;801;f
RS;npopul801f;p0p100;2016;104599.0;801;f
RS;npopul801f;p0p100;2017;104428.0;801;f
RS;npopul801f;p0p100;2018;103951.0;801;f
RS;npopul801f;p0p100;2019;102668.0;801;f
RS;scainc992j;p29p30;1990;0.0052999998;992;j
RS;scainc992j;p29p30;1991;0.0054000001;992;j
RS;scainc992j;p29p30;1992;0.0055;992;j
RS;scainc992j;p29p30;1993;0.0055;992;j
RS;scainc992j;p29p30;1994;0.0055999998;992;j
RS;scainc992j;p29p30;1995;0.0055999998;992;j
RS;scainc992j;p29p30;1996;0.0057000001;992;j
RS;scainc992j;p29p30;1997;0.0057999999;992;j
RS;scainc992j;p29p30;1998;0.0057000001;992;j
RS;scainc992j;p29p30;1999;0.0057000001;992;j
RS;scainc992j;p29p30;2000;0.0057000001;992;j
RS;scainc992j;p29p30;2001;0.0057000001;992;j
RS;scainc992j;p29p30;2002;0.0055999998;992;j
RS;scainc992j;p29p30;2003;0.0054000001;992;j
RS;scainc992j;p29p30;2004;0.0052999998;992;j
RS;scainc992j;p29p30;2005;0.0052;992;j
RS;scainc992j;p29p30;2006;0.0049999999;992;j
RS;scainc992j;p29p30;2007;0.0049999999;992;j
RS;scainc992j;p29p30;2008;0.0048000002;992;j
RS;scainc992j;p29p30;2009;0.0046999999;992;j
RS;scainc992j;p29p30;2010;0.0044;992;j
RS;scainc992j;p29p30;2011;0.0041;992;j
RS;scainc992j;p29p30;2012;0.0041;992;j
RS;scainc992j;p29p30;2013;0.0038000001;992;j
RS;scainc992j;p29p30;2014;0.0041;992;j
RS;scainc992j;p29p30;2015;0.0038000001;992;j
RS;scainc992j;p29p30;2016;0.0038000001;992;j
RS;scainc992j;p29p30;2017;0.0038000001;992;j
RS;scainc992j;p68p100;1990;0.59680003;992;j
RS;scainc992j;p68p100;1991;0.59469998;992;j
RS;scainc992j;p68p100;1992;0.59280002;992;j
RS;scainc992j;p68p100;1993;0.59130001;992;j
RS;scainc992j;p68p100;1994;0.58969998;992;j
RS;scainc992j;p68p100;1995;0.58819997;992;j
RS;scainc992j;p68p100;1996;0.58590001;992;j
RS;scainc992j;p68p100;1997;0.5837;992;j
RS;scainc992j;p68p100;1998;0.5837;992;j
RS;scainc992j;p68p100;1999;0.58569998;992;j
RS;scainc992j;p68p100;2000;0.59079999;992;j
RS;scainc992j;p68p100;2001;0.5934;992;j
RS;scainc992j;p68p100;2002;0.60409999;992;j
RS;scainc992j;p68p100;2003;0.60750002;992;j
RS;scainc992j;p68p100;2004;0.6182;992;j
RS;scainc992j;p68p100;2005;0.62550002;992;j
RS;scainc992j;p68p100;2006;0.63440001;992;j
RS;scainc992j;p68p100;2007;0.63700002;992;j
RS;scainc992j;p68p100;2008;0.64139998;992;j
RS;scainc992j;p68p100;2009;0.64740002;992;j
RS;scainc992j;p68p100;2010;0.65960002;992;j
RS;scainc992j;p68p100;2011;0.66979998;992;j
RS;scainc992j;p68p100;2012;0.67439997;992;j
RS;scainc992j;p68p100;2013;0.67629999;992;j
RS;scainc992j;p68p100;2014;0.6609;992;j
RS;scainc992j;p68p100;2015;0.68129998;992;j
RS;scainc992j;p68p100;2016;0.68120003;992;j
RS;scainc992j;p68p100;2017;0.6814;992;j
RS;sdiinc992j;p41p42;1990;0.0073000002;992;j
RS;sdiinc992j;p41p42;1991;0.0074;992;j
RS;sdiinc992j;p41p42;1992;0.0074;992;j
RS;sdiinc992j;p41p42;1993;0.0074;992;j
RS;sdiinc992j;p41p42;1994;0.0074;992;j
RS;sdiinc992j;p41p42;1995;0.0074;992;j
RS;sdiinc992j;p41p42;1996;0.0074;992;j
RS;sdiinc992j;p41p42;1997;0.0074999998;992;j
RS;sdiinc992j;p41p42;1998;0.0073000002;992;j
RS;sdiinc992j;p41p42;1999;0.0071999999;992;j
RS;sdiinc992j;p41p42;2000;0.0071999999;992;j
RS;sdiinc992j;p41p42;2001;0.0071999999;992;j
RS;sdiinc992j;p41p42;2002;0.0071;992;j
RS;sdiinc992j;p41p42;2003;0.0071;992;j
RS;sdiinc992j;p41p42;2004;0.0070000002;992;j
RS;sdiinc992j;p41p42;2005;0.0068999999;992;j
RS;sdiinc992j;p41p42;2006;0.0068000001;992;j
RS;sdiinc992j;p41p42;2007;0.0068000001;992;j
RS;sdiinc992j;p41p42;2008;0.0066999998;992;j
RS;sdiinc992j;p41p42;2009;0.0066;992;j
RS;sdiinc992j;p41p42;2010;0.0065000001;992;j
RS;sdiinc992j;p41p42;2011;0.0063999998;992;j
RS;sdiinc992j;p41p42;2012;0.0062000002;992;j
RS;sdiinc992j;p41p42;2013;0.0062000002;992;j
RS;sdiinc992j;p41p42;2014;0.0062000002;992;j
RS;sdiinc992j;p41p42;2015;0.0060999999;992;j
RS;sdiinc992j;p41p42;2016;0.0060999999;992;j
RS;sdiinc992j;p41p42;2017;0.0060000001;992;j
RS;sdiinc992j;p66p67;1990;0.0111;992;j
RS;sdiinc992j;p66p67;1991;0.0111;992;j
RS;sdiinc992j;p66p67;1992;0.011;992;j
RS;sdiinc992j;p66p67;1993;0.011;992;j
RS;sdiinc992j;p66p67;1994;0.011;992;j
RS;sdiinc992j;p66p67;1995;0.011;992;j
RS;sdiinc992j;p66p67;1996;0.011;992;j
RS;sdiinc992j;p66p67;1997;0.0109;992;j
RS;sdiinc992j;p66p67;1998;0.0109;992;j
RS;sdiinc992j;p66p67;1999;0.0108;992;j
RS;sdiinc992j;p66p67;2000;0.0107;992;j
RS;sdiinc992j;p66p67;2001;0.0106;992;j
RS;sdiinc992j;p66p67;2002;0.0107;992;j
RS;sdiinc992j;p66p67;2003;0.0107;992;j
RS;sdiinc992j;p66p67;2004;0.0107;992;j
RS;sdiinc992j;p66p67;2005;0.0106;992;j
RS;sdiinc992j;p66p67;2006;0.0106;992;j
RS;sdiinc992j;p66p67;2007;0.0107;992;j
RS;sdiinc992j;p66p67;2008;0.0107;992;j
RS;sdiinc992j;p66p67;2009;0.0107;992;j
RS;sdiinc992j;p66p67;2010;0.0106;992;j
RS;sdiinc992j;p66p67;2011;0.0106;992;j
RS;sdiinc992j;p66p67;2012;0.0105;992;j
RS;sdiinc992j;p66p67;2013;0.0107;992;j
RS;sdiinc992j;p66p67;2014;0.0103;992;j
RS;sdiinc992j;p66p67;2015;0.0099999998;992;j
RS;sdiinc992j;p66p67;2016;0.0099999998;992;j
RS;sdiinc992j;p66p67;2017;0.0099999998;992;j
RS;sdiinc992j;p99.94p100;1990;0.0186;992;j
RS;sdiinc992j;p99.94p100;1991;0.0178;992;j
RS;sdiinc992j;p99.94p100;1992;0.0167;992;j
RS;sdiinc992j;p99.94p100;1993;0.016100001;992;j
RS;sdiinc992j;p99.94p100;1994;0.015699999;992;j
RS;sdiinc992j;p99.94p100;1995;0.0154;992;j
RS;sdiinc992j;p99.94p100;1996;0.0149;992;j
RS;sdiinc992j;p99.94p100;1997;0.0143;992;j
RS;sdiinc992j;p99.94p100;1998;0.0153;992;j
RS;sdiinc992j;p99.94p100;1999;0.017999999;992;j
RS;sdiinc992j;p99.94p100;2000;0.018999999;992;j
RS;sdiinc992j;p99.94p100;2001;0.021299999;992;j
RS;sdiinc992j;p99.94p100;2002;0.020500001;992;j
RS;sdiinc992j;p99.94p100;2003;0.020300001;992;j
RS;sdiinc992j;p99.94p100;2004;0.0206;992;j
RS;sdiinc992j;p99.94p100;2005;0.022;992;j
RS;sdiinc992j;p99.94p100;2006;0.021;992;j
RS;sdiinc992j;p99.94p100;2007;0.0187;992;j
RS;sdiinc992j;p99.94p100;2008;0.017200001;992;j
RS;sdiinc992j;p99.94p100;2009;0.020099999;992;j
RS;sdiinc992j;p99.94p100;2010;0.0196;992;j
RS;sdiinc992j;p99.94p100;2011;0.0196;992;j
RS;sdiinc992j;p99.94p100;2012;0.027000001;992;j
RS;sdiinc992j;p99.94p100;2013;0.0219;992;j
RS;sdiinc992j;p99.94p100;2014;0.035500001;992;j
RS;sdiinc992j;p99.94p100;2015;0.053300001;992;j
RS;sdiinc992j;p99.94p100;2016;0.054099999;992;j
RS;sdiinc992j;p99.94p100;2017;0.054200001;992;j
RS;sptinc992j;p58p59;1990;0.0093999999;992;j
RS;sptinc992j;p58p59;1991;0.0093;992;j
RS;sptinc992j;p58p59;1992;0.0093;992;j
RS;sptinc992j;p58p59;1993;0.0093;992;j
RS;sptinc992j;p58p59;1994;0.0092000002;992;j
RS;sptinc992j;p58p59;1995;0.0092000002;992;j
RS;sptinc992j;p58p59;1996;0.0092000002;992;j
RS;sptinc992j;p58p59;1997;0.0092000002;992;j
RS;sptinc992j;p58p59;1998;0.0091000004;992;j
RS;sptinc992j;p58p59;1999;0.0091000004;992;j
RS;sptinc992j;p58p59;2000;0.0089999996;992;j
RS;sptinc992j;p58p59;2001;0.0088999998;992;j
RS;sptinc992j;p58p59;2002;0.0088;992;j
RS;sptinc992j;p58p59;2003;0.0088999998;992;j
RS;sptinc992j;p58p59;2004;0.0087000001;992;j
RS;sptinc992j;p58p59;2005;0.0087000001;992;j
RS;sptinc992j;p58p59;2006;0.0087000001;992;j
RS;sptinc992j;p58p59;2007;0.0088;992;j
RS;sptinc992j;p58p59;2008;0.0088;992;j
RS;sptinc992j;p58p59;2009;0.0088;992;j
RS;sptinc992j;p58p59;2010;0.0086000003;992;j
RS;sptinc992j;p58p59;2011;0.0085000005;992;j
RS;sptinc992j;p58p59;2012;0.0085000005;992;j
RS;sptinc992j;p58p59;2013;0.0087000001;992;j
RS;sptinc992j;p58p59;2014;0.0085000005;992;j
RS;sptinc992j;p58p59;2015;0.0086000003;992;j
RS;sptinc992j;p58p59;2016;0.0086000003;992;j
RS;sptinc992j;p58p59;2017;0.0086000003;992;j
RS;sptinc992j;p77p78;1990;0.0136;992;j
RS;sptinc992j;p77p78;1991;0.0136;992;j
RS;sptinc992j;p77p78;1992;0.0136;992;j
RS;sptinc992j;p77p78;1993;0.0135;992;j
RS;sptinc992j;p77p78;1994;0.0135;992;j
RS;sptinc992j;p77p78;1995;0.0135;992;j
RS;sptinc992j;p77p78;1996;0.0134;992;j
RS;sptinc992j;p77p78;1997;0.0134;992;j
RS;sptinc992j;p77p78;1998;0.0133;992;j
RS;sptinc992j;p77p78;1999;0.0131;992;j
RS;sptinc992j;p77p78;2000;0.013;992;j
RS;sptinc992j;p77p78;2001;0.0129;992;j
RS;sptinc992j;p77p78;2002;0.0131;992;j
RS;sptinc992j;p77p78;2003;0.013;992;j
RS;sptinc992j;p77p78;2004;0.0131;992;j
RS;sptinc992j;p77p78;2005;0.013;992;j
RS;sptinc992j;p77p78;2006;0.0131;992;j
RS;sptinc992j;p77p78;2007;0.0135;992;j
RS;sptinc992j;p77p78;2008;0.0135;992;j
RS;sptinc992j;p77p78;2009;0.0135;992;j
RS;sptinc992j;p77p78;2010;0.0134;992;j
RS;sptinc992j;p77p78;2011;0.0134;992;j
RS;sptinc992j;p77p78;2012;0.0137;992;j
RS;sptinc992j;p77p78;2013;0.0138;992;j
RS;sptinc992j;p77p78;2014;0.0134;992;j
RS;sptinc992j;p77p78;2015;0.0133;992;j
RS;sptinc992j;p77p78;2016;0.0133;992;j
RS;sptinc992j;p77p78;2017;0.0133;992;j
RS;sptinc992j;p82p83;1990;0.0149;992;j
RS;sptinc992j;p82p83;1991;0.0149;992;j
RS;sptinc992j;p82p83;1992;0.0149;992;j
RS;sptinc992j;p82p83;1993;0.0148;992;j
RS;sptinc992j;p82p83;1994;0.0148;992;j
RS;sptinc992j;p82p83;1995;0.0147;992;j
RS;sptinc992j;p82p83;1996;0.0147;992;j
RS;sptinc992j;p82p83;1997;0.0147;992;j
RS;sptinc992j;p82p83;1998;0.0145;992;j
RS;sptinc992j;p82p83;1999;0.0144;992;j
RS;sptinc992j;p82p83;2000;0.0142;992;j
RS;sptinc992j;p82p83;2001;0.0141;992;j
RS;sptinc992j;p82p83;2002;0.0143;992;j
RS;sptinc992j;p82p83;2003;0.0143;992;j
RS;sptinc992j;p82p83;2004;0.0144;992;j
RS;sptinc992j;p82p83;2005;0.0145;992;j
RS;sptinc992j;p82p83;2006;0.0146;992;j
RS;sptinc992j;p82p83;2007;0.0149;992;j
RS;sptinc992j;p82p83;2008;0.0151;992;j
RS;sptinc992j;p82p83;2009;0.0151;992;j
RS;sptinc992j;p82p83;2010;0.0152;992;j
RS;sptinc992j;p82p83;2011;0.0153;992;j
RS;sptinc992j;p82p83;2012;0.0156;992;j
RS;sptinc992j;p82p83;2013;0.0156;992;j
RS;sptinc992j;p82p83;2014;0.0152;992;j
RS;sptinc992j;p82p83;2015;0.015;992;j
RS;sptinc992j;p82p83;2016;0.015;992;j
RS;sptinc992j;p82p83;2017;0.015;992;j
RS;sptinc992j;p99.993p100;1990;0.0074999998;992;j
RS;sptinc992j;p99.993p100;1991;0.0077999998;992;j
RS;sptinc992j;p99.993p100;1992;0.0080000004;992;j
RS;sptinc992j;p99.993p100;1993;0.0083999997;992;j
RS;sptinc992j;p99.993p100;1994;0.0085000005;992;j
RS;sptinc992j;p99.993p100;1995;0.0088999998;992;j
RS;sptinc992j;p99.993p100;1996;0.0092000002;992;j
RS;sptinc992j;p99.993p100;1997;0.0094999997;992;j
RS;sptinc992j;p99.993p100;1998;0.0092000002;992;j
RS;sptinc992j;p99.993p100;1999;0.0102;992;j
RS;sptinc992j;p99.993p100;2000;0.0111;992;j
RS;sptinc992j;p99.993p100;2001;0.0122;992;j
RS;sptinc992j;p99.993p100;2002;0.0117;992;j
RS;sptinc992j;p99.993p100;2003;0.0112;992;j
RS;sptinc992j;p99.993p100;2004;0.0116;992;j
RS;sptinc992j;p99.993p100;2005;0.0109;992;j
RS;sptinc992j;p99.993p100;2006;0.011;992;j
RS;sptinc992j;p99.993p100;2007;0.0099999998;992;j
RS;sptinc992j;p99.993p100;2008;0.0103;992;j
RS;sptinc992j;p99.993p100;2009;0.0099999998;992;j
RS;sptinc992j;p99.993p100;2010;0.0094999997;992;j
RS;sptinc992j;p99.993p100;2011;0.0102;992;j
RS;sptinc992j;p99.993p100;2012;0.0073000002;992;j
RS;sptinc992j;p99.993p100;2013;0.0082;992;j
RS;sptinc992j;p99.993p100;2014;0.0151;992;j
RS;sptinc992j;p99.993p100;2015;0.0147;992;j
RS;sptinc992j;p99.993p100;2016;0.0147;992;j
RS;sptinc992j;p99.993p100;2017;0.0147;992;j
RS;tcainc992j;p11p100;1990;122363.2;992;j
RS;tcainc992j;p11p100;1991;108300.3;992;j
RS;tcainc992j;p11p100;1992;75416.5;992;j
RS;tcainc992j;p11p100;1993;49961.0;992;j
RS;tcainc992j;p11p100;1994;52420.898;992;j
RS;tcainc992j;p11p100;1995;56432.301;992;j
RS;tcainc992j;p11p100;1996;58484.699;992;j
RS;tcainc992j;p11p100;1997;63130.0;992;j
RS;tcainc992j;p11p100;1998;76718.703;992;j
RS;tcainc992j;p11p100;1999;87624.0;992;j
RS;tcainc992j;p11p100;2000;92734.5;992;j
RS;tcainc992j;p11p100;2001;88923.602;992;j
RS;tcainc992j;p11p100;2002;82216.297;992;j
RS;tcainc992j;p11p100;2003;77998.898;992;j
RS;tcainc992j;p11p100;2004;79157.602;992;j
RS;tcainc992j;p11p100;2005;78507.398;992;j
RS;tcainc992j;p11p100;2006;72200.203;992;j
RS;tcainc992j;p11p100;2007;63249.199;992;j
RS;tcainc992j;p11p100;2008;63116.699;992;j
RS;tcainc992j;p11p100;2009;60216.699;992;j
RS;tcainc992j;p11p100;2010;50456.199;992;j
RS;tcainc992j;p11p100;2011;41000.602;992;j
RS;tcainc992j;p11p100;2012;35997.801;992;j
RS;tcainc992j;p11p100;2013;50966.199;992;j
RS;tcainc992j;p11p100;2014;87546.0;992;j
RS;tcainc992j;p11p100;2015;63151.301;992;j
RS;tcainc992j;p11p100;2016;65602.398;992;j
RS;tcainc992j;p11p100;2017;65509.398;992;j
RS;tcainc992j;p25p100;1990;237591.2;992;j
RS;tcainc992j;p25p100;1991;209238.09;992;j
RS;tcainc992j;p25p100;1992;145413.5;992;j
RS;tcainc992j;p25p100;1993;95710.0;992;j
RS;tcainc992j;p25p100;1994;100030.7;992;j
RS;tcainc992j;p25p100;1995;106988.0;992;j
RS;tcainc992j;p25p100;1996;109587.0;992;j
RS;tcainc992j;p25p100;1997;117521.4;992;j
RS;tcainc992j;p25p100;1998;131401.2;992;j
RS;tcainc992j;p25p100;1999;149662.91;992;j
RS;tcainc992j;p25p100;2000;162612.59;992;j
RS;tcainc992j;p25p100;2001;158637.5;992;j
RS;tcainc992j;p25p100;2002;159532.0;992;j
RS;tcainc992j;p25p100;2003;163280.7;992;j
RS;tcainc992j;p25p100;2004;186088.91;992;j
RS;tcainc992j;p25p100;2005;206663.41;992;j
RS;tcainc992j;p25p100;2006;206411.2;992;j
RS;tcainc992j;p25p100;2007;204181.8;992;j
RS;tcainc992j;p25p100;2008;210452.91;992;j
RS;tcainc992j;p25p100;2009;196326.09;992;j
RS;tcainc992j;p25p100;2010;179020.3;992;j
RS;tcainc992j;p25p100;2011;165517.7;992;j
RS;tcainc992j;p25p100;2012;170673.7;992;j
RS;tcainc992j;p25p100;2013;145304.0;992;j
RS;tcainc992j;p25p100;2014;167172.0;992;j
RS;tcainc992j;p25p100;2015;149254.3;992;j
RS;tcainc992j;p25p100;2016;155157.5;992;j
RS;tcainc992j;p25p100;2017;154761.3;992;j
RS;tcainc992j;p53p54;1990;454245.91;992;j
RS;tcainc992j;p53p54;1991;395448.59;992;j
RS;tcainc992j;p53p54;1992;271126.5;992;j
RS;tcainc992j;p53p54;1993;175975.3;992;j
RS;tcainc992j;p53p54;1994;181514.0;992;j
RS;tcainc992j;p53p54;1995;191679.91;992;j
RS;tcainc992j;p53p54;1996;193556.41;992;j
RS;tcainc992j;p53p54;1997;204630.3;992;j
RS;tcainc992j;p53p54;1998;221330.7;992;j
RS;tcainc992j;p53p54;1999;250723.0;992;j
RS;tcainc992j;p53p54;2000;269970.31;992;j
RS;tcainc992j;p53p54;2001;262132.0;992;j
RS;tcainc992j;p53p54;2002;271564.69;992;j
RS;tcainc992j;p53p54;2003;284412.31;992;j
RS;tcainc992j;p53p54;2004;338477.91;992;j
RS;tcainc992j;p53p54;2005;379966.0;992;j
RS;tcainc992j;p53p54;2006;397227.59;992;j
RS;tcainc992j;p53p54;2007;397558.91;992;j
RS;tcainc992j;p53p54;2008;424820.41;992;j
RS;tcainc992j;p53p54;2009;415502.31;992;j
RS;tcainc992j;p53p54;2010;411611.91;992;j
RS;tcainc992j;p53p54;2011;410926.91;992;j
RS;tcainc992j;p53p54;2012;406154.69;992;j
RS;tcainc992j;p53p54;2013;414945.09;992;j
RS;tcainc992j;p53p54;2014;400203.31;992;j
RS;tcainc992j;p53p54;2015;394072.59;992;j
RS;tcainc992j;p53p54;2016;408744.59;992;j
RS;tcainc992j;p53p54;2017;408880.31;992;j
RS;tcainc992j;p99p100;1990;2107616.3;992;j
RS;tcainc992j;p99p100;1991;1826409.6;992;j
RS;tcainc992j;p99p100;1992;1253384.4;992;j
RS;tcainc992j;p99p100;1993;816532.38;992;j
RS;tcainc992j;p99p100;1994;842219.63;992;j
RS;tcainc992j;p99p100;1995;890334.13;992;j
RS;tcainc992j;p99p100;1996;893016.69;992;j
RS;tcainc992j;p99p100;1997;937622.13;992;j
RS;tcainc992j;p99p100;1998;1042744.5;992;j
RS;tcainc992j;p99p100;1999;1216340.5;992;j
RS;tcainc992j;p99p100;2000;1381211.4;992;j
RS;tcainc992j;p99p100;2001;1367695.3;992;j
RS;tcainc992j;p99p100;2002;1479890.0;992;j
RS;tcainc992j;p99p100;2003;1551844.1;992;j
RS;tcainc992j;p99p100;2004;1883701.6;992;j
RS;tcainc992j;p99p100;2005;2189651.8;992;j
RS;tcainc992j;p99p100;2006;2395590.0;992;j
RS;tcainc992j;p99p100;2007;2385155.5;992;j
RS;tcainc992j;p99p100;2008;2596629.8;992;j
RS;tcainc992j;p99p100;2009;2606732.0;992;j
RS;tcainc992j;p99p100;2010;2716433.3;992;j
RS;tcainc992j;p99p100;2011;2825446.3;992;j
RS;tcainc992j;p99p100;2012;2836471.3;992;j
RS;tcainc992j;p99p100;2013;2884941.8;992;j
RS;tcainc992j;p99p100;2014;2738513.3;992;j
RS;tcainc992j;p99p100;2015;2877153.5;992;j
RS;tcainc992j;p99p100;2016;2983817.0;992;j
RS;tcainc992j;p99p100;2017;2986689.3;992;j
RS;tdiinc992j;p40p50;1990;526833.0;992;j
RS;tdiinc992j;p40p50;1991;458558.31;992;j
RS;tdiinc992j;p40p50;1992;314762.19;992;j
RS;tdiinc992j;p40p50;1993;204430.59;992;j
RS;tdiinc992j;p40p50;1994;210853.41;992;j
RS;tdiinc992j;p40p50;1995;222734.91;992;j
RS;tdiinc992j;p40p50;1996;225324.09;992;j
RS;tdiinc992j;p40p50;1997;239805.0;992;j
RS;tdiinc992j;p40p50;1998;245330.8;992;j
RS;tdiinc992j;p40p50;1999;266933.19;992;j
RS;tdiinc992j;p40p50;2000;291741.41;992;j
RS;tdiinc992j;p40p50;2001;290221.91;992;j
RS;tdiinc992j;p40p50;2002;311391.69;992;j
RS;tdiinc992j;p40p50;2003;324029.31;992;j
RS;tdiinc992j;p40p50;2004;358265.91;992;j
RS;tdiinc992j;p40p50;2005;393234.31;992;j
RS;tdiinc992j;p40p50;2006;407787.09;992;j
RS;tdiinc992j;p40p50;2007;420137.69;992;j
RS;tdiinc992j;p40p50;2008;444573.81;992;j
RS;tdiinc992j;p40p50;2009;431194.19;992;j
RS;tdiinc992j;p40p50;2010;422387.41;992;j
RS;tdiinc992j;p40p50;2011;416070.91;992;j
RS;tdiinc992j;p40p50;2012;406156.0;992;j
RS;tdiinc992j;p40p50;2013;410093.19;992;j
RS;tdiinc992j;p40p50;2014;405273.0;992;j
RS;tdiinc992j;p40p50;2015;401446.0;992;j
RS;tdiinc992j;p40p50;2016;410036.09;992;j
RS;tdiinc992j;p40p50;2017;412068.19;992;j
RS;tdiinc992j;p5p100;1990;140940.2;992;j
RS;tdiinc992j;p5p100;1991;123450.8;992;j
RS;tdiinc992j;p5p100;1992;85216.898;992;j
RS;tdiinc992j;p5p100;1993;55498.102;992;j
RS;tdiinc992j;p5p100;1994;57727.301;992;j
RS;tdiinc992j;p5p100;1995;62235.398;992;j
RS;tdiinc992j;p5p100;1996;63336.0;992;j
RS;tdiinc992j;p5p100;1997;67843.203;992;j
RS;tdiinc992j;p5p100;1998;71559.602;992;j
RS;tdiinc992j;p5p100;1999;76162.203;992;j
RS;tdiinc992j;p5p100;2000;82794.203;992;j
RS;tdiinc992j;p5p100;2001;82508.797;992;j
RS;tdiinc992j;p5p100;2002;78118.602;992;j
RS;tdiinc992j;p5p100;2003;80052.102;992;j
RS;tdiinc992j;p5p100;2004;79667.203;992;j
RS;tdiinc992j;p5p100;2005;80896.898;992;j
RS;tdiinc992j;p5p100;2006;77885.398;992;j
RS;tdiinc992j;p5p100;2007;78719.203;992;j
RS;tdiinc992j;p5p100;2008;87266.203;992;j
RS;tdiinc992j;p5p100;2009;86723.203;992;j
RS;tdiinc992j;p5p100;2010;85163.703;992;j
RS;tdiinc992j;p5p100;2011;78191.703;992;j
RS;tdiinc992j;p5p100;2012;74250.703;992;j
RS;tdiinc992j;p5p100;2013;100638.1;992;j
RS;tdiinc992j;p5p100;2014;144936.91;992;j
RS;tdiinc992j;p5p100;2015;117499.5;992;j
RS;tdiinc992j;p5p100;2016;113758.1;992;j
RS;tdiinc992j;p5p100;2017;113555.8;992;j
RS;tdiinc992j;p99.4p100;1990;3539732.3;992;j
RS;tdiinc992j;p99.4p100;1991;3059983.0;992;j
RS;tdiinc992j;p99.4p100;1992;2093649.1;992;j
RS;tdiinc992j;p99.4p100;1993;1362108.6;992;j
RS;tdiinc992j;p99.4p100;1994;1403629.3;992;j
RS;tdiinc992j;p99.4p100;1995;1482805.3;992;j
RS;tdiinc992j;p99.4p100;1996;1484508.9;992;j
RS;tdiinc992j;p99.4p100;1997;1560728.6;992;j
RS;tdiinc992j;p99.4p100;1998;1686778.8;992;j
RS;tdiinc992j;p99.4p100;1999;1924704.9;992;j
RS;tdiinc992j;p99.4p100;2000;2213003.0;992;j
RS;tdiinc992j;p99.4p100;2001;2258586.8;992;j
RS;tdiinc992j;p99.4p100;2002;2489912.8;992;j
RS;tdiinc992j;p99.4p100;2003;2595627.5;992;j
RS;tdiinc992j;p99.4p100;2004;2964654.5;992;j
RS;tdiinc992j;p99.4p100;2005;3388391.8;992;j
RS;tdiinc992j;p99.4p100;2006;3695074.0;992;j
RS;tdiinc992j;p99.4p100;2007;3748538.3;992;j
RS;tdiinc992j;p99.4p100;2008;4026422.3;992;j
RS;tdiinc992j;p99.4p100;2009;4062811.8;992;j
RS;tdiinc992j;p99.4p100;2010;4205517.0;992;j
RS;tdiinc992j;p99.4p100;2011;4350024.0;992;j
RS;tdiinc992j;p99.4p100;2012;4464871.5;992;j
RS;tdiinc992j;p99.4p100;2013;4472132.0;992;j
RS;tdiinc992j;p99.4p100;2014;4395765.0;992;j
RS;tdiinc992j;p99.4p100;2015;4735410.0;992;j
RS;tdiinc992j;p99.4p100;2016;4935067.0;992;j
RS;tdiinc992j;p99.4p100;2017;4970871.5;992;j
RS;tptinc992j;p6p7;1990;95358.5;992;j
RS;tptinc992j;p6p7;1991;84865.703;992;j
RS;tptinc992j;p6p7;1992;59279.301;992;j
RS;tptinc992j;p6p7;1993;39304.0;992;j
RS;tptinc992j;p6p7;1994;41413.301;992;j
RS;tptinc992j;p6p7;1995;44812.801;992;j
RS;tptinc992j;p6p7;1996;46457.898;992;j
RS;tptinc992j;p6p7;1997;50367.602;992;j
RS;tptinc992j;p6p7;1998;60288.5;992;j
RS;tptinc992j;p6p7;1999;66397.297;992;j
RS;tptinc992j;p6p7;2000;71275.203;992;j
RS;tptinc992j;p6p7;2001;72185.898;992;j
RS;tptinc992j;p6p7;2002;64464.199;992;j
RS;tptinc992j;p6p7;2003;60269.602;992;j
RS;tptinc992j;p6p7;2004;61555.199;992;j
RS;tptinc992j;p6p7;2005;63358.102;992;j
RS;tptinc992j;p6p7;2006;55474.102;992;j
RS;tptinc992j;p6p7;2007;49949.0;992;j
RS;tptinc992j;p6p7;2008;46014.5;992;j
RS;tptinc992j;p6p7;2009;38886.398;992;j
RS;tptinc992j;p6p7;2010;36992.602;992;j
RS;tptinc992j;p6p7;2011;31769.6;992;j
RS;tptinc992j;p6p7;2012;31325.4;992;j
RS;tptinc992j;p6p7;2013;25541.6;992;j
RS;tptinc992j;p6p7;2014;24486.801;992;j
RS;tptinc992j;p6p7;2015;25952.9;992;j
RS;tptinc992j;p6p7;2016;26849.0;992;j
RS;tptinc992j;p6p7;2017;26844.4;992;j
RS;tptinc992j;p75p76;1990;951245.88;992;j
RS;tptinc992j;p75p76;1991;823203.31;992;j
RS;tptinc992j;p75p76;1992;562105.88;992;j
RS;tptinc992j;p75p76;1993;363338.41;992;j
RS;tptinc992j;p75p76;1994;372956.31;992;j
RS;tptinc992j;p75p76;1995;392418.91;992;j
RS;tptinc992j;p75p76;1996;395010.41;992;j
RS;tptinc992j;p75p76;1997;417944.41;992;j
RS;tptinc992j;p75p76;1998;436517.81;992;j
RS;tptinc992j;p75p76;1999;472576.81;992;j
RS;tptinc992j;p75p76;2000;513165.91;992;j
RS;tptinc992j;p75p76;2001;508282.81;992;j
RS;tptinc992j;p75p76;2002;551922.88;992;j
RS;tptinc992j;p75p76;2003;580539.38;992;j
RS;tptinc992j;p75p76;2004;652027.81;992;j
RS;tptinc992j;p75p76;2005;725421.88;992;j
RS;tptinc992j;p75p76;2006;771924.5;992;j
RS;tptinc992j;p75p76;2007;814565.19;992;j
RS;tptinc992j;p75p76;2008;870551.88;992;j
RS;tptinc992j;p75p76;2009;856836.88;992;j
RS;tptinc992j;p75p76;2010;849372.38;992;j
RS;tptinc992j;p75p76;2011;849344.69;992;j
RS;tptinc992j;p75p76;2012;865765.31;992;j
RS;tptinc992j;p75p76;2013;892071.38;992;j
RS;tptinc992j;p75p76;2014;854491.88;992;j
RS;tptinc992j;p75p76;2015;850403.13;992;j
RS;tptinc992j;p75p76;2016;876228.38;992;j
RS;tptinc992j;p75p76;2017;881155.88;992;j
RS;tptinc992j;p89p90;1990;1280489.6;992;j
RS;tptinc992j;p89p90;1991;1108245.5;992;j
RS;tptinc992j;p89p90;1992;755964.63;992;j
RS;tptinc992j;p89p90;1993;488609.69;992;j
RS;tptinc992j;p89p90;1994;501444.0;992;j
RS;tptinc992j;p89p90;1995;527777.63;992;j
RS;tptinc992j;p89p90;1996;531025.13;992;j
RS;tptinc992j;p89p90;1997;561704.13;992;j
RS;tptinc992j;p89p90;1998;591193.31;992;j
RS;tptinc992j;p89p90;1999;640015.81;992;j
RS;tptinc992j;p89p90;2000;698488.38;992;j
RS;tptinc992j;p89p90;2001;691654.88;992;j
RS;tptinc992j;p89p90;2002;752703.81;992;j
RS;tptinc992j;p89p90;2003;802998.5;992;j
RS;tptinc992j;p89p90;2004;917652.19;992;j
RS;tptinc992j;p89p90;2005;1047714.7;992;j
RS;tptinc992j;p89p90;2006;1118559.8;992;j
RS;tptinc992j;p89p90;2007;1177832.9;992;j
RS;tptinc992j;p89p90;2008;1262483.5;992;j
RS;tptinc992j;p89p90;2009;1256087.8;992;j
RS;tptinc992j;p89p90;2010;1267759.0;992;j
RS;tptinc992j;p89p90;2011;1290983.5;992;j
RS;tptinc992j;p89p90;2012;1306686.4;992;j
RS;tptinc992j;p89p90;2013;1330337.4;992;j
RS;tptinc992j;p89p90;2014;1279376.6;992;j
RS;tptinc992j;p89p90;2015;1292563.0;992;j
RS;tptinc992j;p89p90;2016;1331993.8;992;j
RS;tptinc992j;p89p90;2017;1339838.8;992;j
RS;tptinc992j;p99.93p99.94;1990;11541873.0;992;j
RS;tptinc992j;p99.93p99.94;1991;10228505.0;992;j
RS;tptinc992j;p99.93p99.94;1992;7126549.0;992;j
RS;tptinc992j;p99.93p99.94;1993;4714711.5;992;j
RS;tptinc992j;p99.93p99.94;1994;4940128.0;992;j
RS;tptinc992j;p99.93p99.94;1995;5320959.0;992;j
RS;tptinc992j;p99.93p99.94;1996;5432699.0;992;j
RS;tptinc992j;p99.93p99.94;1997;5833481.5;992;j
RS;tptinc992j;p99.93p99.94;1998;6173437.0;992;j
RS;tptinc992j;p99.93p99.94;1999;7088517.0;992;j
RS;tptinc992j;p99.93p99.94;2000;8299935.5;992;j
RS;tptinc992j;p99.93p99.94;2001;8663102.0;992;j
RS;tptinc992j;p99.93p99.94;2002;9357067.0;992;j
RS;tptinc992j;p99.93p99.94;2003;9745650.0;992;j
RS;tptinc992j;p99.93p99.94;2004;11323505.0;992;j
RS;tptinc992j;p99.93p99.94;2005;12614355.0;992;j
RS;tptinc992j;p99.93p99.94;2006;13470477.0;992;j
RS;tptinc992j;p99.93p99.94;2007;13079357.0;992;j
RS;tptinc992j;p99.93p99.94;2008;14152202.0;992;j
RS;tptinc992j;p99.93p99.94;2009;13920424.0;992;j
RS;tptinc992j;p99.93p99.94;2010;14255227.0;992;j
RS;tptinc992j;p99.93p99.94;2011;14898253.0;992;j
RS;tptinc992j;p99.93p99.94;2012;13535399.0;992;j
RS;tptinc992j;p99.93p99.94;2013;14143814.0;992;j
RS;tptinc992j;p99.93p99.94;2014;17175780.0;992;j
RS;tptinc992j;p99.93p99.94;2015;16686835.0;992;j
RS;tptinc992j;p99.93p99.94;2016;17221202.0;992;j
RS;tptinc992j;p99.93p99.94;2017;17350056.0;992;j
RS;acainc992j;p15p16;1990;146831.2;992;j
RS;acainc992j;p15p16;1991;130563.7;992;j
RS;acainc992j;p15p16;1992;91403.602;992;j
RS;acainc992j;p15p16;1993;60523.801;992;j
RS;acainc992j;p15p16;1994;63573.199;992;j
RS;acainc992j;p15p16;1995;68329.297;992;j
RS;acainc992j;p15p16;1996;70294.703;992;j
RS;acainc992j;p15p16;1997;75620.898;992;j
RS;acainc992j;p15p16;1998;89338.398;992;j
RS;acainc992j;p15p16;1999;103424.1;992;j
RS;acainc992j;p15p16;2000;109262.3;992;j
RS;acainc992j;p15p16;2001;103213.1;992;j
RS;acainc992j;p15p16;2002;95575.797;992;j
RS;acainc992j;p15p16;2003;99524.5;992;j
RS;acainc992j;p15p16;2004;103418.2;992;j
RS;acainc992j;p15p16;2005;113507.7;992;j
RS;acainc992j;p15p16;2006;106132.6;992;j
RS;acainc992j;p15p16;2007;99025.703;992;j
RS;acainc992j;p15p16;2008;100104.6;992;j
RS;acainc992j;p15p16;2009;93971.898;992;j
RS;acainc992j;p15p16;2010;81228.602;992;j
RS;acainc992j;p15p16;2011;70891.602;992;j
RS;acainc992j;p15p16;2012;66502.602;992;j
RS;acainc992j;p15p16;2013;63593.102;992;j
RS;acainc992j;p15p16;2014;99274.0;992;j
RS;acainc992j;p15p16;2015;75067.5;992;j
RS;acainc992j;p15p16;2016;78032.398;992;j
RS;acainc992j;p15p16;2017;77911.5;992;j
RS;acainc992j;p48p100;1990;786847.88;992;j
RS;acainc992j;p48p100;1991;681419.31;992;j
RS;acainc992j;p48p100;1992;465367.91;992;j
RS;acainc992j;p48p100;1993;301030.91;992;j
RS;acainc992j;p48p100;1994;309237.31;992;j
RS;acainc992j;p48p100;1995;325560.19;992;j
RS;acainc992j;p48p100;1996;327202.41;992;j
RS;acainc992j;p48p100;1997;344210.81;992;j
RS;acainc992j;p48p100;1998;376744.31;992;j
RS;acainc992j;p48p100;1999;430411.5;992;j
RS;acainc992j;p48p100;2000;468669.19;992;j
RS;acainc992j;p48p100;2001;457568.31;992;j
RS;acainc992j;p48p100;2002;484608.59;992;j
RS;acainc992j;p48p100;2003;512590.91;992;j
RS;acainc992j;p48p100;2004;620396.69;992;j
RS;acainc992j;p48p100;2005;710910.0;992;j
RS;acainc992j;p48p100;2006;757407.19;992;j
RS;acainc992j;p48p100;2007;759639.63;992;j
RS;acainc992j;p48p100;2008;817752.19;992;j
RS;acainc992j;p48p100;2009;813379.5;992;j
RS;acainc992j;p48p100;2010;826615.69;992;j
RS;acainc992j;p48p100;2011;843838.5;992;j
RS;acainc992j;p48p100;2012;845722.38;992;j
RS;acainc992j;p48p100;2013;869002.31;992;j
RS;acainc992j;p48p100;2014;833523.88;992;j
RS;acainc992j;p48p100;2015;857267.31;992;j
RS;acainc992j;p48p100;2016;889007.88;992;j
RS;acainc992j;p48p100;2017;889909.13;992;j
RS;acainc992j;p4p5;1990;65045.5;992;j
RS;acainc992j;p4p5;1991;56651.898;992;j
RS;acainc992j;p4p5;1992;39206.0;992;j
RS;acainc992j;p4p5;1993;25631.6;992;j
RS;acainc992j;p4p5;1994;26649.6;992;j
RS;acainc992j;p4p5;1995;28478.6;992;j
RS;acainc992j;p4p5;1996;29031.9;992;j
RS;acainc992j;p4p5;1997;31124.801;992;j
RS;acainc992j;p4p5;1998;35849.0;992;j
RS;acainc992j;p4p5;1999;41991.0;992;j
RS;acainc992j;p4p5;2000;42832.898;992;j
RS;acainc992j;p4p5;2001;40847.301;992;j
RS;acainc992j;p4p5;2002;31951.1;992;j
RS;acainc992j;p4p5;2003;32521.199;992;j
RS;acainc992j;p4p5;2004;30615.5;992;j
RS;acainc992j;p4p5;2005;31321.9;992;j
RS;acainc992j;p4p5;2006;28002.5;992;j
RS;acainc992j;p4p5;2007;22784.301;992;j
RS;acainc992j;p4p5;2008;26411.6;992;j
RS;acainc992j;p4p5;2009;28587.9;992;j
RS;acainc992j;p4p5;2010;27138.301;992;j
RS;acainc992j;p4p5;2011;23719.0;992;j
RS;acainc992j;p4p5;2012;18078.199;992;j
RS;acainc992j;p4p5;2013;39472.102;992;j
RS;acainc992j;p4p5;2014;77087.203;992;j
RS;acainc992j;p4p5;2015;53248.199;992;j
RS;acainc992j;p4p5;2016;55302.602;992;j
RS;acainc992j;p4p5;2017;55236.801;992;j
RS;acainc992j;p55p100;1990;840091.88;992;j
RS;acainc992j;p55p100;1991;727204.0;992;j
RS;acainc992j;p55p100;1992;496439.91;992;j
RS;acainc992j;p55p100;1993;321044.5;992;j
RS;acainc992j;p55p100;1994;329708.69;992;j
RS;acainc992j;p55p100;1995;347032.69;992;j
RS;acainc992j;p55p100;1996;348635.19;992;j
RS;acainc992j;p55p100;1997;366600.31;992;j
RS;acainc992j;p55p100;1998;401814.91;992;j
RS;acainc992j;p55p100;1999;459325.0;992;j
RS;acainc992j;p55p100;2000;500593.5;992;j
RS;acainc992j;p55p100;2001;489038.91;992;j
RS;acainc992j;p55p100;2002;518713.59;992;j
RS;acainc992j;p55p100;2003;549169.31;992;j
RS;acainc992j;p55p100;2004;665566.5;992;j
RS;acainc992j;p55p100;2005;764048.13;992;j
RS;acainc992j;p55p100;2006;815132.13;992;j
RS;acainc992j;p55p100;2007;817647.13;992;j
RS;acainc992j;p55p100;2008;880827.31;992;j
RS;acainc992j;p55p100;2009;877063.81;992;j
RS;acainc992j;p55p100;2010;893204.63;992;j
RS;acainc992j;p55p100;2011;913167.63;992;j
RS;acainc992j;p55p100;2012;916252.19;992;j
RS;acainc992j;p55p100;2013;941671.31;992;j
RS;acainc992j;p55p100;2014;902964.13;992;j
RS;acainc992j;p55p100;2015;930714.31;992;j
RS;acainc992j;p55p100;2016;965174.88;992;j
RS;acainc992j;p55p100;2017;966182.19;992;j
RS;acainc992j;p70p80;1990;673543.19;992;j
RS;acainc992j;p70p80;1991;584027.38;992;j
RS;acainc992j;p70p80;1992;399228.41;992;j
RS;acainc992j;p70p80;1993;258198.09;992;j
RS;acainc992j;p70p80;1994;265276.59;992;j
RS;acainc992j;p70p80;1995;279278.31;992;j
RS;acainc992j;p70p80;1996;281247.41;992;j
RS;acainc992j;p70p80;1997;296470.09;992;j
RS;acainc992j;p70p80;1998;321342.69;992;j
RS;acainc992j;p70p80;1999;362148.59;992;j
RS;acainc992j;p70p80;2000;389193.59;992;j
RS;acainc992j;p70p80;2001;375848.69;992;j
RS;acainc992j;p70p80;2002;397306.41;992;j
RS;acainc992j;p70p80;2003;419686.09;992;j
RS;acainc992j;p70p80;2004;506674.31;992;j
RS;acainc992j;p70p80;2005;574711.69;992;j
RS;acainc992j;p70p80;2006;606859.5;992;j
RS;acainc992j;p70p80;2007;613058.81;992;j
RS;acainc992j;p70p80;2008;660611.19;992;j
RS;acainc992j;p70p80;2009;650025.31;992;j
RS;acainc992j;p70p80;2010;653903.88;992;j
RS;acainc992j;p70p80;2011;659953.19;992;j
RS;acainc992j;p70p80;2012;657556.0;992;j
RS;acainc992j;p70p80;2013;691299.19;992;j
RS;acainc992j;p70p80;2014;642062.88;992;j
RS;acainc992j;p70p80;2015;628646.5;992;j
RS;acainc992j;p70p80;2016;651854.0;992;j
RS;acainc992j;p70p80;2017;652344.5;992;j
RS;accmhn999i;p0p100;1997;4866.7998;999;i
RS;accmhn999i;p0p100;1998;5329.7998;999;i
RS;accmhn999i;p0p100;1999;6994.6001;999;i
RS;accmhn999i;p0p100;2000;8145.7998;999;i
RS;accmhn999i;p0p100;2001;7819.0;999;i
RS;accmhn999i;p0p100;2002;7419.3999;999;i
RS;accmhn999i;p0p100;2003;5724.2998;999;i
RS;accmhn999i;p0p100;2004;6630.2998;999;i
RS;accmhn999i;p0p100;2005;6905.7998;999;i
RS;accmhn999i;p0p100;2006;8383.2998;999;i
RS;accmhn999i;p0p100;2007;8334.0996;999;i
RS;accmhn999i;p0p100;2008;8795.5;999;i
RS;accmhn999i;p0p100;2009;8336.7002;999;i
RS;accmhn999i;p0p100;2010;8471.2002;999;i
RS;accmhn999i;p0p100;2011;9710.5996;999;i
RS;adiinc992j;p56p100;1990;1170363.8;992;j
RS;adiinc992j;p56p100;1991;1013389.0;992;j
RS;adiinc992j;p56p100;1992;692020.19;992;j
RS;adiinc992j;p56p100;1993;447636.19;992;j
RS;adiinc992j;p56p100;1994;459813.41;992;j
RS;adiinc992j;p56p100;1995;484074.69;992;j
RS;adiinc992j;p56p100;1996;486400.0;992;j
RS;adiinc992j;p56p100;1997;513652.31;992;j
RS;adiinc992j;p56p100;1998;542294.19;992;j
RS;adiinc992j;p56p100;1999;596905.31;992;j
RS;adiinc992j;p56p100;2000;657196.63;992;j
RS;adiinc992j;p56p100;2001;657056.5;992;j
RS;adiinc992j;p56p100;2002;714891.63;992;j
RS;adiinc992j;p56p100;2003;754281.69;992;j
RS;adiinc992j;p56p100;2004;861013.69;992;j
RS;adiinc992j;p56p100;2005;968230.63;992;j
RS;adiinc992j;p56p100;2006;1033372.4;992;j
RS;adiinc992j;p56p100;2007;1067920.3;992;j
RS;adiinc992j;p56p100;2008;1142784.0;992;j
RS;adiinc992j;p56p100;2009;1130531.0;992;j
RS;adiinc992j;p56p100;2010;1148372.6;992;j
RS;adiinc992j;p56p100;2011;1167617.4;992;j
RS;adiinc992j;p56p100;2012;1169836.0;992;j
RS;adiinc992j;p56p100;2013;1202756.4;992;j
RS;adiinc992j;p56p100;2014;1152691.8;992;j
RS;adiinc992j;p56p100;2015;1183807.4;992;j
RS;adiinc992j;p56p100;2016;1227000.1;992;j
RS;adiinc992j;p56p100;2017;1235119.8;992;j
RS;adiinc992j;p64p65;1990;786259.19;992;j
RS;adiinc992j;p64p65;1991;681956.69;992;j
RS;adiinc992j;p64p65;1992;466233.81;992;j
RS;adiinc992j;p64p65;1993;301537.31;992;j
RS;adiinc992j;p64p65;1994;309864.0;992;j
RS;adiinc992j;p64p65;1995;326344.31;992;j
RS;adiinc992j;p64p65;1996;328767.81;992;j
RS;adiinc992j;p64p65;1997;348397.91;992;j
RS;adiinc992j;p64p65;1998;364726.19;992;j
RS;adiinc992j;p64p65;1999;395601.41;992;j
RS;adiinc992j;p64p65;2000;428406.0;992;j
RS;adiinc992j;p64p65;2001;426366.19;992;j
RS;adiinc992j;p64p65;2002;462401.91;992;j
RS;adiinc992j;p64p65;2003;485331.59;992;j
RS;adiinc992j;p64p65;2004;547501.31;992;j
RS;adiinc992j;p64p65;2005;603037.19;992;j
RS;adiinc992j;p64p65;2006;637121.5;992;j
RS;adiinc992j;p64p65;2007;663262.19;992;j
RS;adiinc992j;p64p65;2008;706591.88;992;j
RS;adiinc992j;p64p65;2009;687282.63;992;j
RS;adiinc992j;p64p65;2010;684803.69;992;j
RS;adiinc992j;p64p65;2011;683813.63;992;j
RS;adiinc992j;p64p65;2012;679354.0;992;j
RS;adiinc992j;p64p65;2013;705979.69;992;j
RS;adiinc992j;p64p65;2014;674018.5;992;j
RS;adiinc992j;p64p65;2015;657655.38;992;j
RS;adiinc992j;p64p65;2016;677591.0;992;j
RS;adiinc992j;p64p65;2017;681432.63;992;j
RS;adiinc992j;p81p100;1990;1596008.8;992;j
RS;adiinc992j;p81p100;1991;1379414.1;992;j
RS;adiinc992j;p81p100;1992;941020.88;992;j
RS;adiinc992j;p81p100;1993;608603.81;992;j
RS;adiinc992j;p81p100;1994;624926.31;992;j
RS;adiinc992j;p81p100;1995;657713.88;992;j
RS;adiinc992j;p81p100;1996;659664.88;992;j
RS;adiinc992j;p81p100;1997;695105.88;992;j
RS;adiinc992j;p81p100;1998;739550.88;992;j
RS;adiinc992j;p81p100;1999;822630.5;992;j
RS;adiinc992j;p81p100;2000;913796.13;992;j
RS;adiinc992j;p81p100;2001;919364.5;992;j
RS;adiinc992j;p81p100;2002;1002544.4;992;j
RS;adiinc992j;p81p100;2003;1059965.3;992;j
RS;adiinc992j;p81p100;2004;1217088.8;992;j
RS;adiinc992j;p81p100;2005;1381268.5;992;j
RS;adiinc992j;p81p100;2006;1483678.6;992;j
RS;adiinc992j;p81p100;2007;1526676.5;992;j
RS;adiinc992j;p81p100;2008;1635047.0;992;j
RS;adiinc992j;p81p100;2009;1631177.8;992;j
RS;adiinc992j;p81p100;2010;1672537.6;992;j
RS;adiinc992j;p81p100;2011;1716069.5;992;j
RS;adiinc992j;p81p100;2012;1726757.8;992;j
RS;adiinc992j;p81p100;2013;1759857.3;992;j
RS;adiinc992j;p81p100;2014;1704351.8;992;j
RS;adiinc992j;p81p100;2015;1797529.0;992;j
RS;adiinc992j;p81p100;2016;1867872.3;992;j
RS;adiinc992j;p81p100;2017;1880986.4;992;j
RS;adiinc992j;p82p83;1990;1071591.3;992;j
RS;adiinc992j;p82p83;1991;926512.13;992;j
RS;adiinc992j;p82p83;1992;631977.38;992;j
RS;adiinc992j;p82p83;1993;407869.31;992;j
RS;adiinc992j;p82p83;1994;417955.41;992;j
RS;adiinc992j;p82p83;1995;439041.41;992;j
RS;adiinc992j;p82p83;1996;440905.69;992;j
RS;adiinc992j;p82p83;1997;465387.19;992;j
RS;adiinc992j;p82p83;1998;483952.09;992;j
RS;adiinc992j;p82p83;1999;526477.19;992;j
RS;adiinc992j;p82p83;2000;571935.13;992;j
RS;adiinc992j;p82p83;2001;565973.38;992;j
RS;adiinc992j;p82p83;2002;618384.88;992;j
RS;adiinc992j;p82p83;2003;652665.5;992;j
RS;adiinc992j;p82p83;2004;745498.31;992;j
RS;adiinc992j;p82p83;2005;834289.81;992;j
RS;adiinc992j;p82p83;2006;885934.0;992;j
RS;adiinc992j;p82p83;2007;924090.69;992;j
RS;adiinc992j;p82p83;2008;995659.13;992;j
RS;adiinc992j;p82p83;2009;981294.63;992;j
RS;adiinc992j;p82p83;2010;993756.13;992;j
RS;adiinc992j;p82p83;2011;1008396.7;992;j
RS;adiinc992j;p82p83;2012;999987.38;992;j
RS;adiinc992j;p82p83;2013;1052123.8;992;j
RS;adiinc992j;p82p83;2014;961290.5;992;j
RS;adiinc992j;p82p83;2015;944957.31;992;j
RS;adiinc992j;p82p83;2016;977565.13;992;j
RS;adiinc992j;p82p83;2017;983660.81;992;j
RS;adiinc992j;p88p100;1990;1877807.8;992;j
RS;adiinc992j;p88p100;1991;1622674.1;992;j
RS;adiinc992j;p88p100;1992;1106936.3;992;j
RS;adiinc992j;p88p100;1993;716416.19;992;j
RS;adiinc992j;p88p100;1994;736132.69;992;j
RS;adiinc992j;p88p100;1995;775308.63;992;j
RS;adiinc992j;p88p100;1996;777303.5;992;j
RS;adiinc992j;p88p100;1997;818642.19;992;j
RS;adiinc992j;p88p100;1998;876337.19;992;j
RS;adiinc992j;p88p100;1999;982034.13;992;j
RS;adiinc992j;p88p100;2000;1099285.0;992;j
RS;adiinc992j;p88p100;2001;1112230.9;992;j
RS;adiinc992j;p88p100;2002;1213546.8;992;j
RS;adiinc992j;p88p100;2003;1280712.3;992;j
RS;adiinc992j;p88p100;2004;1471485.1;992;j
RS;adiinc992j;p88p100;2005;1676152.3;992;j
RS;adiinc992j;p88p100;2006;1803744.0;992;j
RS;adiinc992j;p88p100;2007;1846765.0;992;j
RS;adiinc992j;p88p100;2008;1976759.1;992;j
RS;adiinc992j;p88p100;2009;1978445.3;992;j
RS;adiinc992j;p88p100;2010;2036436.4;992;j
RS;adiinc992j;p88p100;2011;2095229.1;992;j
RS;adiinc992j;p88p100;2012;2116845.5;992;j
RS;adiinc992j;p88p100;2013;2140748.3;992;j
RS;adiinc992j;p88p100;2014;2106060.5;992;j
RS;adiinc992j;p88p100;2015;2260885.0;992;j
RS;adiinc992j;p88p100;2016;2351759.3;992;j
RS;adiinc992j;p88p100;2017;2368728.5;992;j
RS;adiinc992j;p92p93;1990;1363817.8;992;j
RS;adiinc992j;p92p93;1991;1183572.8;992;j
RS;adiinc992j;p92p93;1992;810299.31;992;j
RS;adiinc992j;p92p93;1993;524364.13;992;j
RS;adiinc992j;p92p93;1994;538980.0;992;j
RS;adiinc992j;p92p93;1995;567604.69;992;j
RS;adiinc992j;p92p93;1996;571043.38;992;j
RS;adiinc992j;p92p93;1997;603671.5;992;j
RS;adiinc992j;p92p93;1998;640132.0;992;j
RS;adiinc992j;p92p93;1999;700810.13;992;j
RS;adiinc992j;p92p93;2000;767436.63;992;j
RS;adiinc992j;p92p93;2001;764032.69;992;j
RS;adiinc992j;p92p93;2002;832490.38;992;j
RS;adiinc992j;p92p93;2003;887017.19;992;j
RS;adiinc992j;p92p93;2004;1023870.3;992;j
RS;adiinc992j;p92p93;2005;1158325.3;992;j
RS;adiinc992j;p92p93;2006;1243660.3;992;j
RS;adiinc992j;p92p93;2007;1293678.1;992;j
RS;adiinc992j;p92p93;2008;1391501.3;992;j
RS;adiinc992j;p92p93;2009;1368214.3;992;j
RS;adiinc992j;p92p93;2010;1410183.8;992;j
RS;adiinc992j;p92p93;2011;1449414.3;992;j
RS;adiinc992j;p92p93;2012;1398385.6;992;j
RS;adiinc992j;p92p93;2013;1456521.1;992;j
RS;adiinc992j;p92p93;2014;1341900.9;992;j
RS;adiinc992j;p92p93;2015;1326504.8;992;j
RS;adiinc992j;p92p93;2016;1376012.5;992;j
RS;adiinc992j;p92p93;2017;1385309.3;992;j
RS;afdirx999i;p0p100;2007;1153.6;999;i
RS;afdirx999i;p0p100;2008;982.59998;999;i
RS;afdirx999i;p0p100;2009;1903.6;999;i
RS;afdirx999i;p0p100;2010;1855.0;999;i
RS;afdirx999i;p0p100;2011;3365.1001;999;i
RS;afdirx999i;p0p100;2012;5047.2998;999;i
RS;afdirx999i;p0p100;2013;5081.6001;999;i
RS;afdirx999i;p0p100;2014;6245.0;999;i
RS;afdirx999i;p0p100;2015;6817.0;999;i
RS;afdirx999i;p0p100;2016;4686.7998;999;i
RS;afdirx999i;p0p100;2017;2753.6001;999;i
RS;afdirx999i;p0p100;2018;2436.8999;999;i
RS;anmxho992i;p0p100;1997;55156.699;992;i
RS;anmxho992i;p0p100;1998;53166.0;992;i
RS;anmxho992i;p0p100;1999;69911.898;992;i
RS;anmxho992i;p0p100;2000;81206.5;992;i
RS;anmxho992i;p0p100;2001;80799.102;992;i
RS;anmxho992i;p0p100;2002;66906.5;992;i
RS;anmxho992i;p0p100;2003;55801.301;992;i
RS;anmxho992i;p0p100;2004;61428.0;992;i
RS;anmxho992i;p0p100;2005;65592.5;992;i
RS;anmxho992i;p0p100;2006;87002.203;992;i
RS;anmxho992i;p0p100;2007;90947.898;992;i
RS;anmxho992i;p0p100;2008;100186.3;992;i
RS;anmxho992i;p0p100;2009;91799.0;992;i
RS;anmxho992i;p0p100;2010;93792.0;992;i
RS;anmxho992i;p0p100;2011;106350.5;992;i
RS;aptinc992j;p17p100;1990;858685.5;992;j
RS;aptinc992j;p17p100;1991;745292.63;992;j
RS;aptinc992j;p17p100;1992;510184.69;992;j
RS;aptinc992j;p17p100;1993;330713.0;992;j
RS;aptinc992j;p17p100;1994;340460.69;992;j
RS;aptinc992j;p17p100;1995;359181.09;992;j
RS;aptinc992j;p17p100;1996;361920.69;992;j
RS;aptinc992j;p17p100;1997;383525.59;992;j
RS;aptinc992j;p17p100;1998;402259.69;992;j
RS;aptinc992j;p17p100;1999;440297.59;992;j
RS;aptinc992j;p17p100;2000;484442.31;992;j
RS;aptinc992j;p17p100;2001;483475.09;992;j
RS;aptinc992j;p17p100;2002;522648.59;992;j
RS;aptinc992j;p17p100;2003;549884.13;992;j
RS;aptinc992j;p17p100;2004;620508.31;992;j
RS;aptinc992j;p17p100;2005;693629.5;992;j
RS;aptinc992j;p17p100;2006;734410.63;992;j
RS;aptinc992j;p17p100;2007;759604.81;992;j
RS;aptinc992j;p17p100;2008;811027.38;992;j
RS;aptinc992j;p17p100;2009;798088.31;992;j
RS;aptinc992j;p17p100;2010;801319.38;992;j
RS;aptinc992j;p17p100;2011;805644.63;992;j
RS;aptinc992j;p17p100;2012;805102.0;992;j
RS;aptinc992j;p17p100;2013;825605.19;992;j
RS;aptinc992j;p17p100;2014;809407.38;992;j
RS;aptinc992j;p17p100;2015;814945.19;992;j
RS;aptinc992j;p17p100;2016;840156.88;992;j
RS;aptinc992j;p17p100;2017;845183.5;992;j
RS;aptinc992j;p20p21;1990;243838.59;992;j
RS;aptinc992j;p20p21;1991;210418.3;992;j
RS;aptinc992j;p20p21;1992;143456.91;992;j
RS;aptinc992j;p20p21;1993;92526.703;992;j
RS;aptinc992j;p20p21;1994;94823.203;992;j
RS;aptinc992j;p20p21;1995;99569.0;992;j
RS;aptinc992j;p20p21;1996;99989.898;992;j
RS;aptinc992j;p20p21;1997;105491.9;992;j
RS;aptinc992j;p20p21;1998;118159.9;992;j
RS;aptinc992j;p20p21;1999;129128.8;992;j
RS;aptinc992j;p20p21;2000;137955.0;992;j
RS;aptinc992j;p20p21;2001;137351.5;992;j
RS;aptinc992j;p20p21;2002;136177.3;992;j
RS;aptinc992j;p20p21;2003;141141.41;992;j
RS;aptinc992j;p20p21;2004;148461.5;992;j
RS;aptinc992j;p20p21;2005;155801.91;992;j
RS;aptinc992j;p20p21;2006;152704.91;992;j
RS;aptinc992j;p20p21;2007;148473.09;992;j
RS;aptinc992j;p20p21;2008;146744.59;992;j
RS;aptinc992j;p20p21;2009;130453.2;992;j
RS;aptinc992j;p20p21;2010;116072.8;992;j
RS;aptinc992j;p20p21;2011;100656.9;992;j
RS;aptinc992j;p20p21;2012;96203.297;992;j
RS;aptinc992j;p20p21;2013;95053.0;992;j
RS;aptinc992j;p20p21;2014;90662.0;992;j
RS;aptinc992j;p20p21;2015;94808.602;992;j
RS;aptinc992j;p20p21;2016;97970.5;992;j
RS;aptinc992j;p20p21;2017;97790.797;992;j
RS;aptinc992j;p32p100;1990;980560.13;992;j
RS;aptinc992j;p32p100;1991;851234.5;992;j
RS;aptinc992j;p32p100;1992;582788.0;992;j
RS;aptinc992j;p32p100;1993;377828.91;992;j
RS;aptinc992j;p32p100;1994;389026.5;992;j
RS;aptinc992j;p32p100;1995;410486.91;992;j
RS;aptinc992j;p32p100;1996;413645.91;992;j
RS;aptinc992j;p32p100;1997;438383.5;992;j
RS;aptinc992j;p32p100;1998;458913.91;992;j
RS;aptinc992j;p32p100;1999;502516.0;992;j
RS;aptinc992j;p32p100;2000;553626.31;992;j
RS;aptinc992j;p32p100;2001;552661.0;992;j
RS;aptinc992j;p32p100;2002;599586.13;992;j
RS;aptinc992j;p32p100;2003;631882.88;992;j
RS;aptinc992j;p32p100;2004;715349.88;992;j
RS;aptinc992j;p32p100;2005;801746.0;992;j
RS;aptinc992j;p32p100;2006;851571.38;992;j
RS;aptinc992j;p32p100;2007;881864.81;992;j
RS;aptinc992j;p32p100;2008;944164.31;992;j
RS;aptinc992j;p32p100;2009;931118.13;992;j
RS;aptinc992j;p32p100;2010;937559.88;992;j
RS;aptinc992j;p32p100;2011;946612.63;992;j
RS;aptinc992j;p32p100;2012;947572.13;992;j
RS;aptinc992j;p32p100;2013;972086.13;992;j
RS;aptinc992j;p32p100;2014;954529.69;992;j
RS;aptinc992j;p32p100;2015;958830.69;992;j
RS;aptinc992j;p32p100;2016;988470.38;992;j
RS;aptinc992j;p32p100;2017;994471.81;992;j
RS;aptinc992j;p54p100;1990;1199014.5;992;j
RS;aptinc992j;p54p100;1991;1041980.4;992;j
RS;aptinc992j;p54p100;1992;714096.19;992;j
RS;aptinc992j;p54p100;1993;463430.81;992;j
RS;aptinc992j;p54p100;1994;477646.91;992;j
RS;aptinc992j;p54p100;1995;504514.0;992;j
RS;aptinc992j;p54p100;1996;508751.69;992;j
RS;aptinc992j;p54p100;1997;539566.19;992;j
RS;aptinc992j;p54p100;1998;566533.69;992;j
RS;aptinc992j;p54p100;1999;620600.5;992;j
RS;aptinc992j;p54p100;2000;685606.81;992;j
RS;aptinc992j;p54p100;2001;685029.0;992;j
RS;aptinc992j;p54p100;2002;745412.38;992;j
RS;aptinc992j;p54p100;2003;787103.5;992;j
RS;aptinc992j;p54p100;2004;894786.88;992;j
RS;aptinc992j;p54p100;2005;1007434.8;992;j
RS;aptinc992j;p54p100;2006;1072743.1;992;j
RS;aptinc992j;p54p100;2007;1109769.3;992;j
RS;aptinc992j;p54p100;2008;1191660.8;992;j
RS;aptinc992j;p54p100;2009;1177585.9;992;j
RS;aptinc992j;p54p100;2010;1191730.4;992;j
RS;aptinc992j;p54p100;2011;1209451.5;992;j
RS;aptinc992j;p54p100;2012;1211810.9;992;j
RS;aptinc992j;p54p100;2013;1240521.3;992;j
RS;aptinc992j;p54p100;2014;1225593.8;992;j
RS;aptinc992j;p54p100;2015;1224529.8;992;j
RS;aptinc992j;p54p100;2016;1262432.5;992;j
RS;aptinc992j;p54p100;2017;1270258.3;992;j
RS;aptinc992j;p83p84;1990;1121120.6;992;j
RS;aptinc992j;p83p84;1991;969709.5;992;j
RS;aptinc992j;p83p84;1992;661942.19;992;j
RS;aptinc992j;p83p84;1993;427778.19;992;j
RS;aptinc992j;p83p84;1994;438984.5;992;j
RS;aptinc992j;p83p84;1995;461568.41;992;j
RS;aptinc992j;p83p84;1996;464117.81;992;j
RS;aptinc992j;p83p84;1997;490802.91;992;j
RS;aptinc992j;p83p84;1998;508792.69;992;j
RS;aptinc992j;p83p84;1999;554950.88;992;j
RS;aptinc992j;p83p84;2000;602151.81;992;j
RS;aptinc992j;p83p84;2001;596588.5;992;j
RS;aptinc992j;p83p84;2002;652406.63;992;j
RS;aptinc992j;p83p84;2003;684809.88;992;j
RS;aptinc992j;p83p84;2004;775858.31;992;j
RS;aptinc992j;p83p84;2005;874012.19;992;j
RS;aptinc992j;p83p84;2006;926777.31;992;j
RS;aptinc992j;p83p84;2007;980720.88;992;j
RS;aptinc992j;p83p84;2008;1057571.9;992;j
RS;aptinc992j;p83p84;2009;1039618.0;992;j
RS;aptinc992j;p83p84;2010;1049035.8;992;j
RS;aptinc992j;p83p84;2011;1060071.9;992;j
RS;aptinc992j;p83p84;2012;1079280.3;992;j
RS;aptinc992j;p83p84;2013;1108048.4;992;j
RS;aptinc992j;p83p84;2014;1061857.3;992;j
RS;aptinc992j;p83p84;2015;1058310.0;992;j
RS;aptinc992j;p83p84;2016;1090747.8;992;j
RS;aptinc992j;p83p84;2017;1097101.5;992;j
RS;aptinc992j;p87p88;1990;1223999.8;992;j
RS;aptinc992j;p87p88;1991;1060147.4;992;j
RS;aptinc992j;p87p88;1992;723843.0;992;j
RS;aptinc992j;p87p88;1993;467825.59;992;j
RS;aptinc992j;p87p88;1994;480438.5;992;j
RS;aptinc992j;p87p88;1995;505357.81;992;j
RS;aptinc992j;p87p88;1996;507989.69;992;j
RS;aptinc992j;p87p88;1997;537078.31;992;j
RS;aptinc992j;p87p88;1998;562379.63;992;j
RS;aptinc992j;p87p88;1999;610018.13;992;j
RS;aptinc992j;p87p88;2000;663426.0;992;j
RS;aptinc992j;p87p88;2001;655441.81;992;j
RS;aptinc992j;p87p88;2002;713369.88;992;j
RS;aptinc992j;p87p88;2003;759244.88;992;j
RS;aptinc992j;p87p88;2004;863710.0;992;j
RS;aptinc992j;p87p88;2005;982850.13;992;j
RS;aptinc992j;p87p88;2006;1050770.1;992;j
RS;aptinc992j;p87p88;2007;1108719.9;992;j
RS;aptinc992j;p87p88;2008;1193246.1;992;j
RS;aptinc992j;p87p88;2009;1187257.3;992;j
RS;aptinc992j;p87p88;2010;1196419.1;992;j
RS;aptinc992j;p87p88;2011;1213507.3;992;j
RS;aptinc992j;p87p88;2012;1237152.1;992;j
RS;aptinc992j;p87p88;2013;1260701.8;992;j
RS;aptinc992j;p87p88;2014;1207415.8;992;j
RS;aptinc992j;p87p88;2015;1221788.8;992;j
RS;aptinc992j;p87p88;2016;1259263.3;992;j
RS;aptinc992j;p87p88;2017;1266843.1;992;j
RS;aptinc992j;p88p100;1990;2053722.9;992;j
RS;aptinc992j;p88p100;1991;1794198.9;992;j
RS;aptinc992j;p88p100;1992;1235721.0;992;j
RS;aptinc992j;p88p100;1993;806027.69;992;j
RS;aptinc992j;p88p100;1994;834976.0;992;j
RS;aptinc992j;p88p100;1995;886619.13;992;j
RS;aptinc992j;p88p100;1996;896931.0;992;j
RS;aptinc992j;p88p100;1997;954241.19;992;j
RS;aptinc992j;p88p100;1998;1010150.3;992;j
RS;aptinc992j;p88p100;1999;1117298.0;992;j
RS;aptinc992j;p88p100;2000;1258730.8;992;j
RS;aptinc992j;p88p100;2001;1270631.8;992;j
RS;aptinc992j;p88p100;2002;1386658.6;992;j
RS;aptinc992j;p88p100;2003;1470947.5;992;j
RS;aptinc992j;p88p100;2004;1696637.1;992;j
RS;aptinc992j;p88p100;2005;1927715.8;992;j
RS;aptinc992j;p88p100;2006;2057390.8;992;j
RS;aptinc992j;p88p100;2007;2094570.3;992;j
RS;aptinc992j;p88p100;2008;2250835.0;992;j
RS;aptinc992j;p88p100;2009;2236104.3;992;j
RS;aptinc992j;p88p100;2010;2301262.5;992;j
RS;aptinc992j;p88p100;2011;2364372.3;992;j
RS;aptinc992j;p88p100;2012;2340138.8;992;j
RS;aptinc992j;p88p100;2013;2375178.3;992;j
RS;aptinc992j;p88p100;2014;2422902.0;992;j
RS;aptinc992j;p88p100;2015;2404040.3;992;j
RS;aptinc992j;p88p100;2016;2479264.3;992;j
RS;aptinc992j;p88p100;2017;2495804.0;992;j
RS;aptxgo992i;p0p100;1997;41124.5;992;i
RS;aptxgo992i;p0p100;1998;46782.898;992;i
RS;aptxgo992i;p0p100;1999;47311.898;992;i
RS;aptxgo992i;p0p100;2000;51130.199;992;i
RS;aptxgo992i;p0p100;2001;72292.5;992;i
RS;aptxgo992i;p0p100;2002;97020.898;992;i
RS;aptxgo992i;p0p100;2003;109757.9;992;i
RS;aptxgo992i;p0p100;2004;111026.9;992;i
RS;aptxgo992i;p0p100;2005;123399.8;992;i
RS;aptxgo992i;p0p100;2006;123356.6;992;i
RS;aptxgo992i;p0p100;2007;133208.5;992;i
RS;aptxgo992i;p0p100;2008;144265.3;992;i
RS;aptxgo992i;p0p100;2009;146904.41;992;i
RS;aptxgo992i;p0p100;2010;148835.7;992;i
RS;aptxgo992i;p0p100;2011;127978.0;992;i
RS;asscfc999i;p0p100;1997;0.0;999;i
RS;asscfc999i;p0p100;1998;0.0;999;i
RS;asscfc999i;p0p100;1999;0.0;999;i
RS;asscfc999i;p0p100;2000;0.0;999;i
RS;asscfc999i;p0p100;2001;0.0;999;i
RS;asscfc999i;p0p100;2002;0.0;999;i
RS;asscfc999i;p0p100;2003;0.0;999;i
RS;asscfc999i;p0p100;2004;0.0;999;i
RS;asscfc999i;p0p100;2005;0.0;999;i
RS;asscfc999i;p0p100;2006;0.0;999;i
RS;asscfc999i;p0p100;2007;0.0;999;i
RS;asscfc999i;p0p100;2008;0.0;999;i
RS;asscfc999i;p0p100;2009;0.0;999;i
RS;asscfc999i;p0p100;2010;0.0;999;i
RS;asscfc999i;p0p100;2011;0.0;999;i
RS;bcainc992j;p30p100;1990;2.3972764;992;j
RS;bcainc992j;p30p100;1991;2.3713617;992;j
RS;bcainc992j;p30p100;1992;2.3451421;992;j
RS;bcainc992j;p30p100;1993;2.3196678;992;j
RS;bcainc992j;p30p100;1994;2.2948244;992;j
RS;bcainc992j;p30p100;1995;2.2690389;992;j
RS;bcainc992j;p30p100;1996;2.2415419;992;j
RS;bcainc992j;p30p100;1997;2.2151005;992;j
RS;bcainc992j;p30p100;1998;2.2121727;992;j
RS;bcainc992j;p30p100;1999;2.2289572;992;j
RS;bcainc992j;p30p100;2000;2.2479296;992;j
RS;bcainc992j;p30p100;2001;2.2517533;992;j
RS;bcainc992j;p30p100;2002;2.3133135;992;j
RS;bcainc992j;p30p100;2003;2.3689547;992;j
RS;bcainc992j;p30p100;2004;2.4571915;992;j
RS;bcainc992j;p30p100;2005;2.5119274;992;j
RS;bcainc992j;p30p100;2006;2.6165764;992;j
RS;bcainc992j;p30p100;2007;2.636162;992;j
RS;bcainc992j;p30p100;2008;2.7168653;992;j
RS;bcainc992j;p30p100;2009;2.8146539;992;j
RS;bcainc992j;p30p100;2010;3.01441;992;j
RS;bcainc992j;p30p100;2011;3.2359087;992;j
RS;bcainc992j;p30p100;2012;3.2370863;992;j
RS;bcainc992j;p30p100;2013;3.5125434;992;j
RS;bcainc992j;p30p100;2014;3.2073572;992;j
RS;bcainc992j;p30p100;2015;3.5017562;992;j
RS;bcainc992j;p30p100;2016;3.499773;992;j
RS;bcainc992j;p30p100;2017;3.5039682;992;j
RS;bcainc992j;p99.996p100;1990;2.1704111;992;j
RS;bcainc992j;p99.996p100;1991;2.1173892;992;j
RS;bcainc992j;p99.996p100;1992;2.04477;992;j
RS;bcainc992j;p99.996p100;1993;1.9945344;992;j
RS;bcainc992j;p99.996p100;1994;1.9626945;992;j
RS;bcainc992j;p99.996p100;1995;1.9354849;992;j
RS;bcainc992j;p99.996p100;1996;1.9079394;992;j
RS;bcainc992j;p99.996p100;1997;1.8785354;992;j
RS;bcainc992j;p99.996p100;1998;1.9082088;992;j
RS;bcainc992j;p99.996p100;1999;2.0274653;992;j
RS;bcainc992j;p99.996p100;2000;2.0179362;992;j
RS;bcainc992j;p99.996p100;2001;2.1160014;992;j
RS;bcainc992j;p99.996p100;2002;2.0312531;992;j
RS;bcainc992j;p99.996p100;2003;2.0402837;992;j
RS;bcainc992j;p99.996p100;2004;2.0464315;992;j
RS;bcainc992j;p99.996p100;2005;2.0911131;992;j
RS;bcainc992j;p99.996p100;2006;1.9883659;992;j
RS;bcainc992j;p99.996p100;2007;1.892725;992;j
RS;bcainc992j;p99.996p100;2008;1.794503;992;j
RS;bcainc992j;p99.996p100;2009;1.9208927;992;j
RS;bcainc992j;p99.996p100;2010;1.8585304;992;j
RS;bcainc992j;p99.996p100;2011;1.821908;992;j
RS;bcainc992j;p99.996p100;2012;2.130641;992;j
RS;bcainc992j;p99.996p100;2013;1.9244237;992;j
RS;bcainc992j;p99.996p100;2014;2.5240343;992;j
RS;bcainc992j;p99.996p100;2015;3.063592;992;j
RS;bcainc992j;p99.996p100;2016;3.0646374;992;j
RS;bcainc992j;p99.996p100;2017;3.0677247;992;j
RS;gdiinc992j;p0p100;1990;0.37433901;992;j
RS;gdiinc992j;p0p100;1991;0.37198886;992;j
RS;gdiinc992j;p0p100;1992;0.36978525;992;j
RS;gdiinc992j;p0p100;1993;0.36805421;992;j
RS;gdiinc992j;p0p100;1994;0.36620453;992;j
RS;gdiinc992j;p0p100;1995;0.36444852;992;j
RS;gdiinc992j;p0p100;1996;0.36177889;992;j
RS;gdiinc992j;p0p100;1997;0.35851493;992;j
RS;gdiinc992j;p0p100;1998;0.36139974;992;j
RS;gdiinc992j;p0p100;1999;0.36843076;992;j
RS;gdiinc992j;p0p100;2000;0.3721275;992;j
RS;gdiinc992j;p0p100;2001;0.37513891;992;j
RS;gdiinc992j;p0p100;2002;0.38637707;992;j
RS;gdiinc992j;p0p100;2003;0.38972503;992;j
RS;gdiinc992j;p0p100;2004;0.40355763;992;j
RS;gdiinc992j;p0p100;2005;0.41246614;992;j
RS;gdiinc992j;p0p100;2006;0.42368847;992;j
RS;gdiinc992j;p0p100;2007;0.42386964;992;j
RS;gdiinc992j;p0p100;2008;0.42802495;992;j
RS;gdiinc992j;p0p100;2009;0.43602058;992;j
RS;gdiinc992j;p0p100;2010;0.44927251;992;j
RS;gdiinc992j;p0p100;2011;0.46348831;992;j
RS;gdiinc992j;p0p100;2012;0.46855888;992;j
RS;gdiinc992j;p0p100;2013;0.46709773;992;j
RS;gdiinc992j;p0p100;2014;0.44692323;992;j
RS;gdiinc992j;p0p100;2015;0.47657049;992;j
RS;gdiinc992j;p0p100;2016;0.48261189;992;j
RS;gdiinc992j;p0p100;2017;0.48342007;992;j
RS;msegfc999i;p0p100;1997;132747427840.0;999;i
RS;msegfc999i;p0p100;1998;138161864704.0;999;i
RS;msegfc999i;p0p100;1999;44247871488.0;999;i
RS;msegfc999i;p0p100;2000;30375079936.0;999;i
RS;msegfc999i;p0p100;2001;33533689856.0;999;i
RS;msegfc999i;p0p100;2002;62196375552.0;999;i
RS;msegfc999i;p0p100;2003;43066740736.0;999;i
RS;msegfc999i;p0p100;2004;30506457088.0;999;i
RS;msegfc999i;p0p100;2005;34777350144.0;999;i
RS;msegfc999i;p0p100;2006;33210179584.0;999;i
RS;msegfc999i;p0p100;2007;4996369408.0;999;i
RS;msegfc999i;p0p100;2008;56178950144.0;999;i
RS;msegfc999i;p0p100;2009;73865134080.0;999;i
RS;msegfc999i;p0p100;2010;82603810816.0;999;i
RS;msegfc999i;p0p100;2011;88404180992.0;999;i
RS;npopul151f;p0p100;1950;347539.0;151;f
RS;npopul151f;p0p100;1951;342728.0;151;f
RS;npopul151f;p0p100;1952;337736.0;151;f
RS;npopul151f;p0p100;1953;331277.0;151;f
RS;npopul151f;p0p100;1954;322492.0;151;f
RS;npopul151f;p0p100;1955;311327.0;151;f
RS;npopul151f;p0p100;1956;298414.0;151;f
RS;npopul151f;p0p100;1957;282854.0;151;f
RS;npopul151f;p0p100;1958;268092.0;151;f
RS;npopul151f;p0p100;1959;259429.0;151;f
RS;npopul151f;p0p100;1960;260001.0;151;f
RS;npopul151f;p0p100;1961;270207.0;151;f
RS;npopul151f;p0p100;1962;288946.0;151;f
RS;npopul151f;p0p100;1963;312893.0;151;f
RS;npopul151f;p0p100;1964;336595.0;151;f
RS;npopul151f;p0p100;1965;356371.0;151;f
RS;npopul151f;p0p100;1966;372183.0;151;f
RS;npopul151f;p0p100;1967;385130.0;151;f
RS;npopul151f;p0p100;1968;394197.0;151;f
RS;npopul151f;p0p100;1969;398295.0;151;f
RS;npopul151f;p0p100;1970;397007.0;151;f
RS;npopul151f;p0p100;1971;391357.0;151;f
RS;npopul151f;p0p100;1972;379739.0;151;f
RS;npopul151f;p0p100;1973;364718.0;151;f
RS;npopul151f;p0p100;1974;350493.0;151;f
RS;npopul151f;p0p100;1975;339767.0;151;f
RS;npopul151f;p0p100;1976;333085.0;151;f
RS;npopul151f;p0p100;1977;330141.0;151;f
RS;npopul151f;p0p100;1978;329963.0;151;f
RS;npopul151f;p0p100;1979;330612.0;151;f
RS;npopul151f;p0p100;1980;330847.0;151;f
RS;npopul151f;p0p100;1981;331948.0;151;f
RS;npopul151f;p0p100;1982;333204.0;151;f
RS;npopul151f;p0p100;1983;334707.0;151;f
RS;npopul151f;p0p100;1984;336760.0;151;f
RS;npopul151f;p0p100;1985;339534.0;151;f
RS;npopul151f;p0p100;1986;343903.0;151;f
RS;npopul151f;p0p100;1987;348545.0;151;f
RS;npopul151f;p0p100;1988;353531.0;151;f
RS;npopul151f;p0p100;1989;358964.0;151;f
RS;npopul151f;p0p100;1990;364774.0;151;f
RS;npopul151f;p0p100;1991;372434.0;151;f
RS;npopul151f;p0p100;1992;380551.0;151;f
RS;npopul151f;p0p100;1993;387854.0;151;f
RS;npopul151f;p0p100;1994;392645.0;151;f
RS;npopul151f;p0p100;1995;393884.0;151;f
RS;npopul151f;p0p100;1996;387558.0;151;f
RS;npopul151f;p0p100;1997;377017.0;151;f
RS;npopul151f;p0p100;1998;363634.0;151;f
RS;npopul151f;p0p100;1999;275342.0;151;f
RS;npopul151f;p0p100;2000;267619.0;151;f
RS;npopul151f;p0p100;2001;267363.0;151;f
RS;npopul151f;p0p100;2002;268604.0;151;f
RS;npopul151f;p0p100;2003;269819.0;151;f
RS;npopul151f;p0p100;2004;270387.0;151;f
RS;npopul151f;p0p100;2005;269041.0;151;f
RS;npopul151f;p0p100;2006;265553.0;151;f
RS;npopul151f;p0p100;2007;260510.0;151;f
RS;npopul151f;p0p100;2008;254276.0;151;f
RS;npopul151f;p0p100;2009;247763.0;151;f
RS;npopul151f;p0p100;2010;241483.0;151;f
RS;npopul151f;p0p100;2011;235466.0;151;f
RS;npopul151f;p0p100;2012;230092.0;151;f
RS;npopul151f;p0p100;2013;224820.0;151;f
RS;npopul151f;p0p100;2014;219851.0;151;f
RS;npopul151f;p0p100;2015;215290.0;151;f
RS;npopul151f;p0p100;2016;214581.0;151;f
RS;npopul151f;p0p100;2017;214685.0;151;f
RS;npopul151f;p0p100;2018;214578.0;151;f
RS;npopul151f;p0p100;2019;213867.0;151;f
RS;npopul651f;p0p100;1950;96183.0;651;f
RS;npopul651f;p0p100;1951;97146.0;651;f
RS;npopul651f;p0p100;1952;100562.0;651;f
RS;npopul651f;p0p100;1953;104743.0;651;f
RS;npopul651f;p0p100;1954;107670.0;651;f
RS;npopul651f;p0p100;1955;108425.0;651;f
RS;npopul651f;p0p100;1956;106529.0;651;f
RS;npopul651f;p0p100;1957;102738.0;651;f
RS;npopul651f;p0p100;1958;98855.0;651;f
RS;npopul651f;p0p100;1959;97419.0;651;f
RS;npopul651f;p0p100;1960;99685.0;651;f
RS;npopul651f;p0p100;1961;104582.0;651;f
RS;npopul651f;p0p100;1962;112388.0;651;f
RS;npopul651f;p0p100;1963;121559.0;651;f
RS;npopul651f;p0p100;1964;129945.0;651;f
RS;npopul651f;p0p100;1965;136386.0;651;f
RS;npopul651f;p0p100;1966;139915.0;651;f
RS;npopul651f;p0p100;1967;141997.0;651;f
RS;npopul651f;p0p100;1968;143490.0;651;f
RS;npopul651f;p0p100;1969;145593.0;651;f
RS;npopul651f;p0p100;1970;148885.0;651;f
RS;npopul651f;p0p100;1971;152004.0;651;f
RS;npopul651f;p0p100;1972;156119.0;651;f
RS;npopul651f;p0p100;1973;160384.0;651;f
RS;npopul651f;p0p100;1974;163660.0;651;f
RS;npopul651f;p0p100;1975;165288.0;651;f
RS;npopul651f;p0p100;1976;164319.0;651;f
RS;npopul651f;p0p100;1977;162782.0;651;f
RS;npopul651f;p0p100;1978;160370.0;651;f
RS;npopul651f;p0p100;1979;156524.0;651;f
RS;npopul651f;p0p100;1980;151128.0;651;f
RS;npopul651f;p0p100;1981;142974.0;651;f
RS;npopul651f;p0p100;1982;132894.0;651;f
RS;npopul651f;p0p100;1983;124069.0;651;f
RS;npopul651f;p0p100;1984;121258.0;651;f
RS;npopul651f;p0p100;1985;127004.0;651;f
RS;npopul651f;p0p100;1986;139360.0;651;f
RS;npopul651f;p0p100;1987;159247.0;651;f
RS;npopul651f;p0p100;1988;183031.0;651;f
RS;npopul651f;p0p100;1989;205647.0;651;f
RS;npopul651f;p0p100;1990;224248.0;651;f
RS;npopul651f;p0p100;1991;237668.0;651;f
RS;npopul651f;p0p100;1992;248385.0;651;f
RS;npopul651f;p0p100;1993;256840.0;651;f
RS;npopul651f;p0p100;1994;263555.0;651;f
RS;npopul651f;p0p100;1995;268545.0;651;f
RS;npopul651f;p0p100;1996;271228.0;651;f
RS;npopul651f;p0p100;1997;271710.0;651;f
RS;npopul651f;p0p100;1998;270512.0;651;f
RS;npopul651f;p0p100;1999;211273.0;651;f
RS;npopul651f;p0p100;2000;210795.0;651;f
RS;npopul651f;p0p100;2001;207462.0;651;f
RS;npopul651f;p0p100;2002;204665.0;651;f
RS;npopul651f;p0p100;2003;201216.0;651;f
RS;npopul651f;p0p100;2004;196817.0;651;f
RS;npopul651f;p0p100;2005;190972.0;651;f
RS;npopul651f;p0p100;2006;183117.0;651;f
RS;npopul651f;p0p100;2007;173592.0;651;f
RS;npopul651f;p0p100;2008;164748.0;651;f
RS;npopul651f;p0p100;2009;160390.0;651;f
RS;npopul651f;p0p100;2010;162576.0;651;f
RS;npopul651f;p0p100;2011;169508.0;651;f
RS;npopul651f;p0p100;2012;182768.0;651;f
RS;npopul651f;p0p100;2013;199339.0;651;f
RS;npopul651f;p0p100;2014;215590.0;651;f
RS;npopul651f;p0p100;2015;229277.0;651;f
RS;npopul651f;p0p100;2016;238825.0;651;f
RS;npopul651f;p0p100;2017;247560.0;651;f
RS;npopul651f;p0p100;2018;254096.0;651;f
RS;npopul651f;p0p100;2019;257544.0;651;f
RS;scainc992j;p0p99;1990;0.921;992;j
RS;scainc992j;p0p99;1991;0.9224;992;j
RS;scainc992j;p0p99;1992;0.92390001;992;j
RS;scainc992j;p0p99;1993;0.92460001;992;j
RS;scainc992j;p0p99;1994;0.92519999;992;j
RS;scainc992j;p0p99;1995;0.92559999;992;j
RS;scainc992j;p0p99;1996;0.9267;992;j
RS;scainc992j;p0p99;1997;0.9278;992;j
RS;scainc992j;p0p99;1998;0.92580003;992;j
RS;scainc992j;p0p99;1999;0.92030001;992;j
RS;scainc992j;p0p99;2000;0.91549999;992;j
RS;scainc992j;p0p99;2001;0.91079998;992;j
RS;scainc992j;p0p99;2002;0.90960002;992;j
RS;scainc992j;p0p99;2003;0.91039997;992;j
RS;scainc992j;p0p99;2004;0.9091;992;j
RS;scainc992j;p0p99;2005;0.90560001;992;j
RS;scainc992j;p0p99;2006;0.9048;992;j
RS;scainc992j;p0p99;2007;0.90869999;992;j
RS;scainc992j;p0p99;2008;0.91030002;992;j
RS;scainc992j;p0p99;2009;0.90429997;992;j
RS;scainc992j;p0p99;2010;0.90270001;992;j
RS;scainc992j;p0p99;2011;0.90100002;992;j
RS;scainc992j;p0p99;2012;0.88749999;992;j
RS;scainc992j;p0p99;2013;0.89679998;992;j
RS;scainc992j;p0p99;2014;0.87730002;992;j
RS;scainc992j;p0p99;2015;0.84810001;992;j
RS;scainc992j;p0p99;2016;0.84810001;992;j
RS;scainc992j;p0p99;2017;0.84789997;992;j
RS;scainc992j;p14p15;1990;0.0027000001;992;j
RS;scainc992j;p14p15;1991;0.0027999999;992;j
RS;scainc992j;p14p15;1992;0.0029;992;j
RS;scainc992j;p14p15;1993;0.0029;992;j
RS;scainc992j;p14p15;1994;0.003;992;j
RS;scainc992j;p14p15;1995;0.0031000001;992;j
RS;scainc992j;p14p15;1996;0.0031000001;992;j
RS;scainc992j;p14p15;1997;0.0031999999;992;j
RS;scainc992j;p14p15;1998;0.0034;992;j
RS;scainc992j;p14p15;1999;0.0035000001;992;j
RS;scainc992j;p14p15;2000;0.0034;992;j
RS;scainc992j;p14p15;2001;0.0033;992;j
RS;scainc992j;p14p15;2002;0.0029;992;j
RS;scainc992j;p14p15;2003;0.0027999999;992;j
RS;scainc992j;p14p15;2004;0.0024000001;992;j
RS;scainc992j;p14p15;2005;0.0023000001;992;j
RS;scainc992j;p14p15;2006;0.0020999999;992;j
RS;scainc992j;p14p15;2007;0.0019;992;j
RS;scainc992j;p14p15;2008;0.0018;992;j
RS;scainc992j;p14p15;2009;0.0017;992;j
RS;scainc992j;p14p15;2010;0.0015;992;j
RS;scainc992j;p14p15;2011;0.0012000001;992;j
RS;scainc992j;p14p15;2012;0.0012000001;992;j
RS;scainc992j;p14p15;2013;0.0012000001;992;j
RS;scainc992j;p14p15;2014;0.0019;992;j
RS;scainc992j;p14p15;2015;0.0014;992;j
RS;scainc992j;p14p15;2016;0.0014;992;j
RS;scainc992j;p14p15;2017;0.0014;992;j
RS;scainc992j;p35p100;1990;0.8822;992;j
RS;scainc992j;p35p100;1991;0.88090003;992;j
RS;scainc992j;p35p100;1992;0.87940001;992;j
RS;scainc992j;p35p100;1993;0.87800002;992;j
RS;scainc992j;p35p100;1994;0.87650001;992;j
RS;scainc992j;p35p100;1995;0.87510002;992;j
RS;scainc992j;p35p100;1996;0.87349999;992;j
RS;scainc992j;p35p100;1997;0.87190002;992;j
RS;scainc992j;p35p100;1998;0.86720002;992;j
RS;scainc992j;p35p100;1999;0.8671;992;j
RS;scainc992j;p35p100;2000;0.86930001;992;j
RS;scainc992j;p35p100;2001;0.87019998;992;j
RS;scainc992j;p35p100;2002;0.88020003;992;j
RS;scainc992j;p35p100;2003;0.88260001;992;j
RS;scainc992j;p35p100;2004;0.89139998;992;j
RS;scainc992j;p35p100;2005;0.89469999;992;j
RS;scainc992j;p35p100;2006;0.90189999;992;j
RS;scainc992j;p35p100;2007;0.90530002;992;j
RS;scainc992j;p35p100;2008;0.90859997;992;j
RS;scainc992j;p35p100;2009;0.91180003;992;j
RS;scainc992j;p35p100;2010;0.91949999;992;j
RS;scainc992j;p35p100;2011;0.9267;992;j
RS;scainc992j;p35p100;2012;0.92809999;992;j
RS;scainc992j;p35p100;2013;0.93059999;992;j
RS;scainc992j;p35p100;2014;0.9109;992;j
RS;scainc992j;p35p100;2015;0.92510003;992;j
RS;scainc992j;p35p100;2016;0.92500001;992;j
RS;scainc992j;p35p100;2017;0.92510003;992;j
RS;scainc992j;p41p100;1990;0.84210002;992;j
RS;scainc992j;p41p100;1991;0.84060001;992;j
RS;scainc992j;p41p100;1992;0.83899999;992;j
RS;scainc992j;p41p100;1993;0.83749998;992;j
RS;scainc992j;p41p100;1994;0.83590001;992;j
RS;scainc992j;p41p100;1995;0.8344;992;j
RS;scainc992j;p41p100;1996;0.8326;992;j
RS;scainc992j;p41p100;1997;0.8308;992;j
RS;scainc992j;p41p100;1998;0.8272;992;j
RS;scainc992j;p41p100;1999;0.82730001;992;j
RS;scainc992j;p41p100;2000;0.82980001;992;j
RS;scainc992j;p41p100;2001;0.83090001;992;j
RS;scainc992j;p41p100;2002;0.84149998;992;j
RS;scainc992j;p41p100;2003;0.8441;992;j
RS;scainc992j;p41p100;2004;0.85369998;992;j
RS;scainc992j;p41p100;2005;0.85780001;992;j
RS;scainc992j;p41p100;2006;0.86559999;992;j
RS;scainc992j;p41p100;2007;0.86919999;992;j
RS;scainc992j;p41p100;2008;0.87290001;992;j
RS;scainc992j;p41p100;2009;0.87669998;992;j
RS;scainc992j;p41p100;2010;0.8854;992;j
RS;scainc992j;p41p100;2011;0.89349997;992;j
RS;scainc992j;p41p100;2012;0.89569998;992;j
RS;scainc992j;p41p100;2013;0.89889997;992;j
RS;scainc992j;p41p100;2014;0.87870002;992;j
RS;scainc992j;p41p100;2015;0.89380002;992;j
RS;scainc992j;p41p100;2016;0.8937;992;j
RS;scainc992j;p41p100;2017;0.89380002;992;j
RS;scainc992j;p97p100;1990;0.1419;992;j
RS;scainc992j;p97p100;1991;0.14049999;992;j
RS;scainc992j;p97p100;1992;0.1392;992;j
RS;scainc992j;p97p100;1993;0.1389;992;j
RS;scainc992j;p97p100;1994;0.1384;992;j
RS;scainc992j;p97p100;1995;0.1381;992;j
RS;scainc992j;p97p100;1996;0.13680001;992;j
RS;scainc992j;p97p100;1997;0.1355;992;j
RS;scainc992j;p97p100;1998;0.1382;992;j
RS;scainc992j;p97p100;1999;0.1443;992;j
RS;scainc992j;p97p100;2000;0.1514;992;j
RS;scainc992j;p97p100;2001;0.1567;992;j
RS;scainc992j;p97p100;2002;0.1603;992;j
RS;scainc992j;p97p100;2003;0.1594;992;j
RS;scainc992j;p97p100;2004;0.162;992;j
RS;scainc992j;p97p100;2005;0.16670001;992;j
RS;scainc992j;p97p100;2006;0.1701;992;j
RS;scainc992j;p97p100;2007;0.1666;992;j
RS;scainc992j;p97p100;2008;0.1665;992;j
RS;scainc992j;p97p100;2009;0.17290001;992;j
RS;scainc992j;p97p100;2010;0.1776;992;j
RS;scainc992j;p97p100;2011;0.18170001;992;j
RS;scainc992j;p97p100;2012;0.1938;992;j
RS;scainc992j;p97p100;2013;0.1851;992;j
RS;scainc992j;p97p100;2014;0.1999;992;j
RS;scainc992j;p97p100;2015;0.23029999;992;j
RS;scainc992j;p97p100;2016;0.23029999;992;j
RS;scainc992j;p97p100;2017;0.2304;992;j
RS;scainc992j;p99.993p100;1990;0.0073000002;992;j
RS;scainc992j;p99.993p100;1991;0.0068000001;992;j
RS;scainc992j;p99.993p100;1992;0.0062000002;992;j
RS;scainc992j;p99.993p100;1993;0.0057999999;992;j
RS;scainc992j;p99.993p100;1994;0.0055999998;992;j
RS;scainc992j;p99.993p100;1995;0.0054000001;992;j
RS;scainc992j;p99.993p100;1996;0.0051000002;992;j
RS;scainc992j;p99.993p100;1997;0.0049000001;992;j
RS;scainc992j;p99.993p100;1998;0.0052;992;j
RS;scainc992j;p99.993p100;1999;0.0065000001;992;j
RS;scainc992j;p99.993p100;2000;0.0068999999;992;j
RS;scainc992j;p99.993p100;2001;0.0081000002;992;j
RS;scainc992j;p99.993p100;2002;0.0076000001;992;j
RS;scainc992j;p99.993p100;2003;0.0074999998;992;j
RS;scainc992j;p99.993p100;2004;0.0077;992;j
RS;scainc992j;p99.993p100;2005;0.0083999997;992;j
RS;scainc992j;p99.993p100;2006;0.0076000001;992;j
RS;scainc992j;p99.993p100;2007;0.0065000001;992;j
RS;scainc992j;p99.993p100;2008;0.0055999998;992;j
RS;scainc992j;p99.993p100;2009;0.0071;992;j
RS;scainc992j;p99.993p100;2010;0.0066999998;992;j
RS;scainc992j;p99.993p100;2011;0.0065000001;992;j
RS;scainc992j;p99.993p100;2012;0.0106;992;j
RS;scainc992j;p99.993p100;2013;0.0077;992;j
RS;scainc992j;p99.993p100;2014;0.0163;992;j
RS;scainc992j;p99.993p100;2015;0.0284;992;j
RS;scainc992j;p99.993p100;2016;0.0285;992;j
RS;scainc992j;p99.993p100;2017;0.0285;992;j
RS;sdiinc992j;p0p50;1990;0.2462;992;j
RS;sdiinc992j;p0p50;1991;0.24789999;992;j
RS;sdiinc992j;p0p50;1992;0.24959999;992;j
RS;sdiinc992j;p0p50;1993;0.2511;992;j
RS;sdiinc992j;p0p50;1994;0.2527;992;j
RS;sdiinc992j;p0p50;1995;0.25420001;992;j
RS;sdiinc992j;p0p50;1996;0.2561;992;j
RS;sdiinc992j;p0p50;1997;0.25850001;992;j
RS;sdiinc992j;p0p50;1998;0.25659999;992;j
RS;sdiinc992j;p0p50;1999;0.25350001;992;j
RS;sdiinc992j;p0p50;2000;0.2529;992;j
RS;sdiinc992j;p0p50;2001;0.25220001;992;j
RS;sdiinc992j;p0p50;2002;0.24429999;992;j
RS;sdiinc992j;p0p50;2003;0.24160001;992;j
RS;sdiinc992j;p0p50;2004;0.2318;992;j
RS;sdiinc992j;p0p50;2005;0.22660001;992;j
RS;sdiinc992j;p0p50;2006;0.2189;992;j
RS;sdiinc992j;p0p50;2007;0.2175;992;j
RS;sdiinc992j;p0p50;2008;0.2141;992;j
RS;sdiinc992j;p0p50;2009;0.2093;992;j
RS;sdiinc992j;p0p50;2010;0.20039999;992;j
RS;sdiinc992j;p0p50;2011;0.1909;992;j
RS;sdiinc992j;p0p50;2012;0.18880001;992;j
RS;sdiinc992j;p0p50;2013;0.1859;992;j
RS;sdiinc992j;p0p50;2014;0.20389999;992;j
RS;sdiinc992j;p0p50;2015;0.18979999;992;j
RS;sdiinc992j;p0p50;2016;0.1859;992;j
RS;sdiinc992j;p0p50;2017;0.18529999;992;j
RS;sdiinc992j;p16p100;1990;0.9612;992;j
RS;sdiinc992j;p16p100;1991;0.96100003;992;j
RS;sdiinc992j;p16p100;1992;0.96079999;992;j
RS;sdiinc992j;p16p100;1993;0.9605;992;j
RS;sdiinc992j;p16p100;1994;0.96020001;992;j
RS;sdiinc992j;p16p100;1995;0.95999998;992;j
RS;sdiinc992j;p16p100;1996;0.95969999;992;j
RS;sdiinc992j;p16p100;1997;0.95920002;992;j
RS;sdiinc992j;p16p100;1998;0.958;992;j
RS;sdiinc992j;p16p100;1999;0.95880002;992;j
RS;sdiinc992j;p16p100;2000;0.95920002;992;j
RS;sdiinc992j;p16p100;2001;0.95950001;992;j
RS;sdiinc992j;p16p100;2002;0.96399999;992;j
RS;sdiinc992j;p16p100;2003;0.96460003;992;j
RS;sdiinc992j;p16p100;2004;0.96850002;992;j
RS;sdiinc992j;p16p100;2005;0.97009999;992;j
RS;sdiinc992j;p16p100;2006;0.97250003;992;j
RS;sdiinc992j;p16p100;2007;0.9738;992;j
RS;sdiinc992j;p16p100;2008;0.97409999;992;j
RS;sdiinc992j;p16p100;2009;0.97420001;992;j
RS;sdiinc992j;p16p100;2010;0.97579998;992;j
RS;sdiinc992j;p16p100;2011;0.97820002;992;j
RS;sdiinc992j;p16p100;2012;0.97939998;992;j
RS;sdiinc992j;p16p100;2013;0.97500002;992;j
RS;sdiinc992j;p16p100;2014;0.9641;992;j
RS;sdiinc992j;p16p100;2015;0.9709;992;j
RS;sdiinc992j;p16p100;2016;0.97259998;992;j
RS;sdiinc992j;p16p100;2017;0.97280002;992;j
RS;sdiinc992j;p57p58;1990;0.0096000005;992;j
RS;sdiinc992j;p57p58;1991;0.0096000005;992;j
RS;sdiinc992j;p57p58;1992;0.0096000005;992;j
RS;sdiinc992j;p57p58;1993;0.0096000005;992;j
RS;sdiinc992j;p57p58;1994;0.0096000005;992;j
RS;sdiinc992j;p57p58;1995;0.0096000005;992;j
RS;sdiinc992j;p57p58;1996;0.0096000005;992;j
RS;sdiinc992j;p57p58;1997;0.0096000005;992;j
RS;sdiinc992j;p57p58;1998;0.0094999997;992;j
RS;sdiinc992j;p57p58;1999;0.0093999999;992;j
RS;sdiinc992j;p57p58;2000;0.0093;992;j
RS;sdiinc992j;p57p58;2001;0.0092000002;992;j
RS;sdiinc992j;p57p58;2002;0.0093;992;j
RS;sdiinc992j;p57p58;2003;0.0093;992;j
RS;sdiinc992j;p57p58;2004;0.0092000002;992;j
RS;sdiinc992j;p57p58;2005;0.0091000004;992;j
RS;sdiinc992j;p57p58;2006;0.0091000004;992;j
RS;sdiinc992j;p57p58;2007;0.0092000002;992;j
RS;sdiinc992j;p57p58;2008;0.0092000002;992;j
RS;sdiinc992j;p57p58;2009;0.0091000004;992;j
RS;sdiinc992j;p57p58;2010;0.0089999996;992;j
RS;sdiinc992j;p57p58;2011;0.0088999998;992;j
RS;sdiinc992j;p57p58;2012;0.0088;992;j
RS;sdiinc992j;p57p58;2013;0.0088;992;j
RS;sdiinc992j;p57p58;2014;0.0086000003;992;j
RS;sdiinc992j;p57p58;2015;0.0085000005;992;j
RS;sdiinc992j;p57p58;2016;0.0083999997;992;j
RS;sdiinc992j;p57p58;2017;0.0083999997;992;j
RS;sdiinc992j;p72p73;1990;0.0122;992;j
RS;sdiinc992j;p72p73;1991;0.0122;992;j
RS;sdiinc992j;p72p73;1992;0.0122;992;j
RS;sdiinc992j;p72p73;1993;0.0122;992;j
RS;sdiinc992j;p72p73;1994;0.0121;992;j
RS;sdiinc992j;p72p73;1995;0.0121;992;j
RS;sdiinc992j;p72p73;1996;0.0121;992;j
RS;sdiinc992j;p72p73;1997;0.0121;992;j
RS;sdiinc992j;p72p73;1998;0.0121;992;j
RS;sdiinc992j;p72p73;1999;0.0119;992;j
RS;sdiinc992j;p72p73;2000;0.0118;992;j
RS;sdiinc992j;p72p73;2001;0.0117;992;j
RS;sdiinc992j;p72p73;2002;0.0117;992;j
RS;sdiinc992j;p72p73;2003;0.0118;992;j
RS;sdiinc992j;p72p73;2004;0.0119;992;j
RS;sdiinc992j;p72p73;2005;0.0118;992;j
RS;sdiinc992j;p72p73;2006;0.0118;992;j
RS;sdiinc992j;p72p73;2007;0.0119;992;j
RS;sdiinc992j;p72p73;2008;0.012;992;j
RS;sdiinc992j;p72p73;2009;0.0119;992;j
RS;sdiinc992j;p72p73;2010;0.0119;992;j
RS;sdiinc992j;p72p73;2011;0.0118;992;j
RS;sdiinc992j;p72p73;2012;0.0118;992;j
RS;sdiinc992j;p72p73;2013;0.0121;992;j
RS;sdiinc992j;p72p73;2014;0.0116;992;j
RS;sdiinc992j;p72p73;2015;0.0112;992;j
RS;sdiinc992j;p72p73;2016;0.0112;992;j
RS;sdiinc992j;p72p73;2017;0.0112;992;j
RS;sdiinc992j;p85p86;1990;0.0154;992;j
RS;sdiinc992j;p85p86;1991;0.0153;992;j
RS;sdiinc992j;p85p86;1992;0.0153;992;j
RS;sdiinc992j;p85p86;1993;0.0152;992;j
RS;sdiinc992j;p85p86;1994;0.0151;992;j
RS;sdiinc992j;p85p86;1995;0.0151;992;j
RS;sdiinc992j;p85p86;1996;0.015;992;j
RS;sdiinc992j;p85p86;1997;0.015;992;j
RS;sdiinc992j;p85p86;1998;0.0149;992;j
RS;sdiinc992j;p85p86;1999;0.0148;992;j
RS;sdiinc992j;p85p86;2000;0.0145;992;j
RS;sdiinc992j;p85p86;2001;0.0144;992;j
RS;sdiinc992j;p85p86;2002;0.0145;992;j
RS;sdiinc992j;p85p86;2003;0.0148;992;j
RS;sdiinc992j;p85p86;2004;0.015;992;j
RS;sdiinc992j;p85p86;2005;0.0151;992;j
RS;sdiinc992j;p85p86;2006;0.0154;992;j
RS;sdiinc992j;p85p86;2007;0.0156;992;j
RS;sdiinc992j;p85p86;2008;0.015699999;992;j
RS;sdiinc992j;p85p86;2009;0.015799999;992;j
RS;sdiinc992j;p85p86;2010;0.015900001;992;j
RS;sdiinc992j;p85p86;2011;0.0162;992;j
RS;sdiinc992j;p85p86;2012;0.016100001;992;j
RS;sdiinc992j;p85p86;2013;0.0164;992;j
RS;sdiinc992j;p85p86;2014;0.0154;992;j
RS;sdiinc992j;p85p86;2015;0.015;992;j
RS;sdiinc992j;p85p86;2016;0.0151;992;j
RS;sdiinc992j;p85p86;2017;0.0151;992;j
RS;sdiinc992j;p92p100;1990;0.2379;992;j
RS;sdiinc992j;p92p100;1991;0.2367;992;j
RS;sdiinc992j;p92p100;1992;0.2357;992;j
RS;sdiinc992j;p92p100;1993;0.23549999;992;j
RS;sdiinc992j;p92p100;1994;0.2351;992;j
RS;sdiinc992j;p92p100;1995;0.2349;992;j
RS;sdiinc992j;p92p100;1996;0.2335;992;j
RS;sdiinc992j;p92p100;1997;0.23190001;992;j
RS;sdiinc992j;p92p100;1998;0.2368;992;j
RS;sdiinc992j;p92p100;1999;0.2441;992;j
RS;sdiinc992j;p92p100;2000;0.25049999;992;j
RS;sdiinc992j;p92p100;2001;0.255;992;j
RS;sdiinc992j;p92p100;2002;0.259;992;j
RS;sdiinc992j;p92p100;2003;0.25920001;992;j
RS;sdiinc992j;p92p100;2004;0.2642;992;j
RS;sdiinc992j;p92p100;2005;0.27039999;992;j
RS;sdiinc992j;p92p100;2006;0.2762;992;j
RS;sdiinc992j;p92p100;2007;0.2728;992;j
RS;sdiinc992j;p92p100;2008;0.27419999;992;j
RS;sdiinc992j;p92p100;2009;0.28049999;992;j
RS;sdiinc992j;p92p100;2010;0.28830001;992;j
RS;sdiinc992j;p92p100;2011;0.296;992;j
RS;sdiinc992j;p92p100;2012;0.30239999;992;j
RS;sdiinc992j;p92p100;2013;0.2965;992;j
RS;sdiinc992j;p92p100;2014;0.3017;992;j
RS;sdiinc992j;p92p100;2015;0.32789999;992;j
RS;sdiinc992j;p92p100;2016;0.33109999;992;j
RS;sdiinc992j;p92p100;2017;0.33160001;992;j
RS;sdiinc992j;p99.996p100;1990;0.0052999998;992;j
RS;sdiinc992j;p99.996p100;1991;0.0049000001;992;j
RS;sdiinc992j;p99.996p100;1992;0.0044;992;j
RS;sdiinc992j;p99.996p100;1993;0.0041;992;j
RS;sdiinc992j;p99.996p100;1994;0.0038999999;992;j
RS;sdiinc992j;p99.996p100;1995;0.0038000001;992;j
RS;sdiinc992j;p99.996p100;1996;0.0035999999;992;j
RS;sdiinc992j;p99.996p100;1997;0.0034;992;j
RS;sdiinc992j;p99.996p100;1998;0.0037;992;j
RS;sdiinc992j;p99.996p100;1999;0.0046999999;992;j
RS;sdiinc992j;p99.996p100;2000;0.0049000001;992;j
RS;sdiinc992j;p99.996p100;2001;0.0059000002;992;j
RS;sdiinc992j;p99.996p100;2002;0.0054000001;992;j
RS;sdiinc992j;p99.996p100;2003;0.0052999998;992;j
RS;sdiinc992j;p99.996p100;2004;0.0054000001;992;j
RS;sdiinc992j;p99.996p100;2005;0.0060000001;992;j
RS;sdiinc992j;p99.996p100;2006;0.0052999998;992;j
RS;sdiinc992j;p99.996p100;2007;0.0044999998;992;j
RS;sdiinc992j;p99.996p100;2008;0.0038000001;992;j
RS;sdiinc992j;p99.996p100;2009;0.0049000001;992;j
RS;sdiinc992j;p99.996p100;2010;0.0046000001;992;j
RS;sdiinc992j;p99.996p100;2011;0.0044;992;j
RS;sdiinc992j;p99.996p100;2012;0.0074999998;992;j
RS;sdiinc992j;p99.996p100;2013;0.0052999998;992;j
RS;sdiinc992j;p99.996p100;2014;0.0121;992;j
RS;sdiinc992j;p99.996p100;2015;0.0218;992;j
RS;sdiinc992j;p99.996p100;2016;0.0221;992;j
RS;sdiinc992j;p99.996p100;2017;0.0222;992;j
RS;sptinc992j;p99.92p99.93;1990;0.0015;992;j
RS;sptinc992j;p99.92p99.93;1991;0.0015;992;j
RS;sptinc992j;p99.92p99.93;1992;0.0016;992;j
RS;sptinc992j;p99.92p99.93;1993;0.0016;992;j
RS;sptinc992j;p99.92p99.93;1994;0.0016;992;j
RS;sptinc992j;p99.92p99.93;1995;0.0017;992;j
RS;sptinc992j;p99.92p99.93;1996;0.0017;992;j
RS;sptinc992j;p99.92p99.93;1997;0.0017;992;j
RS;sptinc992j;p99.92p99.93;1998;0.0017;992;j
RS;sptinc992j;p99.92p99.93;1999;0.0018;992;j
RS;sptinc992j;p99.92p99.93;2000;0.0019;992;j
RS;sptinc992j;p99.92p99.93;2001;0.0020000001;992;j
RS;sptinc992j;p99.92p99.93;2002;0.0020000001;992;j
RS;sptinc992j;p99.92p99.93;2003;0.0020000001;992;j
RS;sptinc992j;p99.92p99.93;2004;0.0020999999;992;j
RS;sptinc992j;p99.92p99.93;2005;0.0020999999;992;j
RS;sptinc992j;p99.92p99.93;2006;0.0020999999;992;j
RS;sptinc992j;p99.92p99.93;2007;0.0020000001;992;j
RS;sptinc992j;p99.92p99.93;2008;0.0020000001;992;j
RS;sptinc992j;p99.92p99.93;2009;0.0020000001;992;j
RS;sptinc992j;p99.92p99.93;2010;0.0020000001;992;j
RS;sptinc992j;p99.92p99.93;2011;0.0020999999;992;j
RS;sptinc992j;p99.92p99.93;2012;0.0019;992;j
RS;sptinc992j;p99.92p99.93;2013;0.0020000001;992;j
RS;sptinc992j;p99.92p99.93;2014;0.0024000001;992;j
RS;sptinc992j;p99.92p99.93;2015;0.0024000001;992;j
RS;sptinc992j;p99.92p99.93;2016;0.0024000001;992;j
RS;sptinc992j;p99.92p99.93;2017;0.0024000001;992;j
RS;sptinc992j;p99.97p99.98;1990;0.0027000001;992;j
RS;sptinc992j;p99.97p99.98;1991;0.0027000001;992;j
RS;sptinc992j;p99.97p99.98;1992;0.0027999999;992;j
RS;sptinc992j;p99.97p99.98;1993;0.0029;992;j
RS;sptinc992j;p99.97p99.98;1994;0.0029;992;j
RS;sptinc992j;p99.97p99.98;1995;0.003;992;j
RS;sptinc992j;p99.97p99.98;1996;0.003;992;j
RS;sptinc992j;p99.97p99.98;1997;0.0031000001;992;j
RS;sptinc992j;p99.97p99.98;1998;0.0031000001;992;j
RS;sptinc992j;p99.97p99.98;1999;0.0033;992;j
RS;sptinc992j;p99.97p99.98;2000;0.0035000001;992;j
RS;sptinc992j;p99.97p99.98;2001;0.0037;992;j
RS;sptinc992j;p99.97p99.98;2002;0.0037;992;j
RS;sptinc992j;p99.97p99.98;2003;0.0035999999;992;j
RS;sptinc992j;p99.97p99.98;2004;0.0038000001;992;j
RS;sptinc992j;p99.97p99.98;2005;0.0037;992;j
RS;sptinc992j;p99.97p99.98;2006;0.0038000001;992;j
RS;sptinc992j;p99.97p99.98;2007;0.0035000001;992;j
RS;sptinc992j;p99.97p99.98;2008;0.0035999999;992;j
RS;sptinc992j;p99.97p99.98;2009;0.0035000001;992;j
RS;sptinc992j;p99.97p99.98;2010;0.0035999999;992;j
RS;sptinc992j;p99.97p99.98;2011;0.0037;992;j
RS;sptinc992j;p99.97p99.98;2012;0.0031999999;992;j
RS;sptinc992j;p99.97p99.98;2013;0.0034;992;j
RS;sptinc992j;p99.97p99.98;2014;0.0046000001;992;j
RS;sptinc992j;p99.97p99.98;2015;0.0044;992;j
RS;sptinc992j;p99.97p99.98;2016;0.0044;992;j
RS;sptinc992j;p99.97p99.98;2017;0.0044;992;j
RS;tcainc992j;p51p52;1990;441615.09;992;j
RS;tcainc992j;p51p52;1991;384737.41;992;j
RS;tcainc992j;p51p52;1992;264222.81;992;j
RS;tcainc992j;p51p52;1993;171264.2;992;j
RS;tcainc992j;p51p52;1994;176412.91;992;j
RS;tcainc992j;p51p52;1995;186084.0;992;j
RS;tcainc992j;p51p52;1996;187835.41;992;j
RS;tcainc992j;p51p52;1997;198650.3;992;j
RS;tcainc992j;p51p52;1998;213216.09;992;j
RS;tcainc992j;p51p52;1999;242214.5;992;j
RS;tcainc992j;p51p52;2000;260951.5;992;j
RS;tcainc992j;p51p52;2001;252308.5;992;j
RS;tcainc992j;p51p52;2002;263637.0;992;j
RS;tcainc992j;p51p52;2003;275083.81;992;j
RS;tcainc992j;p51p52;2004;328559.59;992;j
RS;tcainc992j;p51p52;2005;365327.81;992;j
RS;tcainc992j;p51p52;2006;383055.69;992;j
RS;tcainc992j;p51p52;2007;383640.31;992;j
RS;tcainc992j;p51p52;2008;408693.69;992;j
RS;tcainc992j;p51p52;2009;400470.41;992;j
RS;tcainc992j;p51p52;2010;394209.5;992;j
RS;tcainc992j;p51p52;2011;392542.59;992;j
RS;tcainc992j;p51p52;2012;385602.59;992;j
RS;tcainc992j;p51p52;2013;396776.91;992;j
RS;tcainc992j;p51p52;2014;382180.31;992;j
RS;tcainc992j;p51p52;2015;379790.59;992;j
RS;tcainc992j;p51p52;2016;393792.41;992;j
RS;tcainc992j;p51p52;2017;394027.59;992;j
RS;tcainc992j;p85p86;1990;808208.5;992;j
RS;tcainc992j;p85p86;1991;699086.31;992;j
RS;tcainc992j;p85p86;1992;477075.41;992;j
RS;tcainc992j;p85p86;1993;307719.19;992;j
RS;tcainc992j;p85p86;1994;315476.0;992;j
RS;tcainc992j;p85p86;1995;331187.41;992;j
RS;tcainc992j;p85p86;1996;332502.0;992;j
RS;tcainc992j;p85p86;1997;349439.5;992;j
RS;tcainc992j;p85p86;1998;378029.31;992;j
RS;tcainc992j;p85p86;1999;427738.5;992;j
RS;tcainc992j;p85p86;2000;458108.41;992;j
RS;tcainc992j;p85p86;2001;442510.41;992;j
RS;tcainc992j;p85p86;2002;468415.19;992;j
RS;tcainc992j;p85p86;2003;500709.69;992;j
RS;tcainc992j;p85p86;2004;607342.38;992;j
RS;tcainc992j;p85p86;2005;696289.38;992;j
RS;tcainc992j;p85p86;2006;745127.81;992;j
RS;tcainc992j;p85p86;2007;755571.88;992;j
RS;tcainc992j;p85p86;2008;817319.69;992;j
RS;tcainc992j;p85p86;2009;816793.13;992;j
RS;tcainc992j;p85p86;2010;825089.81;992;j
RS;tcainc992j;p85p86;2011;845102.19;992;j
RS;tcainc992j;p85p86;2012;842204.88;992;j
RS;tcainc992j;p85p86;2013;881155.0;992;j
RS;tcainc992j;p85p86;2014;808203.0;992;j
RS;tcainc992j;p85p86;2015;795153.88;992;j
RS;tcainc992j;p85p86;2016;824520.31;992;j
RS;tcainc992j;p85p86;2017;825074.31;992;j
RS;tcainc992j;p99.99p99.991;1990;20763862.0;992;j
RS;tcainc992j;p99.99p99.991;1991;17252344.0;992;j
RS;tcainc992j;p99.99p99.991;1992;11178243.0;992;j
RS;tcainc992j;p99.99p99.991;1993;7008595.0;992;j
RS;tcainc992j;p99.99p99.991;1994;7044680.5;992;j
RS;tcainc992j;p99.99p99.991;1995;7283949.0;992;j
RS;tcainc992j;p99.99p99.991;1996;7104624.5;992;j
RS;tcainc992j;p99.99p99.991;1997;7236651.5;992;j
RS;tcainc992j;p99.99p99.991;1998;8347919.5;992;j
RS;tcainc992j;p99.99p99.991;1999;11052497.0;992;j
RS;tcainc992j;p99.99p99.991;2000;12820632.0;992;j
RS;tcainc992j;p99.99p99.991;2001;13935109.0;992;j
RS;tcainc992j;p99.99p99.991;2002;14190778.0;992;j
RS;tcainc992j;p99.99p99.991;2003;14819319.0;992;j
RS;tcainc992j;p99.99p99.991;2004;17975832.0;992;j
RS;tcainc992j;p99.99p99.991;2005;21779282.0;992;j
RS;tcainc992j;p99.99p99.991;2006;22057576.0;992;j
RS;tcainc992j;p99.99p99.991;2007;19890714.0;992;j
RS;tcainc992j;p99.99p99.991;2008;19628890.0;992;j
RS;tcainc992j;p99.99p99.991;2009;22599664.0;992;j
RS;tcainc992j;p99.99p99.991;2010;22237394.0;992;j
RS;tcainc992j;p99.99p99.991;2011;22348210.0;992;j
RS;tcainc992j;p99.99p99.991;2012;30460654.0;992;j
RS;tcainc992j;p99.99p99.991;2013;25512500.0;992;j
RS;tcainc992j;p99.99p99.991;2014;38709504.0;992;j
RS;tcainc992j;p99.99p99.991;2015;54847824.0;992;j
RS;tcainc992j;p99.99p99.991;2016;56911612.0;992;j
RS;tcainc992j;p99.99p99.991;2017;57030324.0;992;j
RS;tdiinc992j;p26p100;1990;374263.91;992;j
RS;tdiinc992j;p26p100;1991;329182.59;992;j
RS;tdiinc992j;p26p100;1992;228516.0;992;j
RS;tdiinc992j;p26p100;1993;150170.09;992;j
RS;tdiinc992j;p26p100;1994;156521.5;992;j
RS;tdiinc992j;p26p100;1995;167091.3;992;j
RS;tdiinc992j;p26p100;1996;170723.7;992;j
RS;tdiinc992j;p26p100;1997;183645.3;992;j
RS;tdiinc992j;p26p100;1998;193122.5;992;j
RS;tdiinc992j;p26p100;1999;209205.0;992;j
RS;tdiinc992j;p26p100;2000;231997.0;992;j
RS;tdiinc992j;p26p100;2001;232421.5;992;j
RS;tdiinc992j;p26p100;2002;244365.7;992;j
RS;tdiinc992j;p26p100;2003;252014.2;992;j
RS;tdiinc992j;p26p100;2004;272651.91;992;j
RS;tdiinc992j;p26p100;2005;298034.81;992;j
RS;tdiinc992j;p26p100;2006;300619.09;992;j
RS;tdiinc992j;p26p100;2007;309242.5;992;j
RS;tdiinc992j;p26p100;2008;319774.59;992;j
RS;tdiinc992j;p26p100;2009;300741.91;992;j
RS;tdiinc992j;p26p100;2010;281979.31;992;j
RS;tdiinc992j;p26p100;2011;262023.09;992;j
RS;tdiinc992j;p26p100;2012;269226.81;992;j
RS;tdiinc992j;p26p100;2013;241616.41;992;j
RS;tdiinc992j;p26p100;2014;263501.41;992;j
RS;tdiinc992j;p26p100;2015;245322.3;992;j
RS;tdiinc992j;p26p100;2016;247207.09;992;j
RS;tdiinc992j;p26p100;2017;247887.0;992;j
RS;tdiinc992j;p50p51;1990;625114.38;992;j
RS;tdiinc992j;p50p51;1991;543979.0;992;j
RS;tdiinc992j;p50p51;1992;373029.59;992;j
RS;tdiinc992j;p50p51;1993;242209.0;992;j
RS;tdiinc992j;p50p51;1994;249751.3;992;j
RS;tdiinc992j;p50p51;1995;263571.41;992;j
RS;tdiinc992j;p50p51;1996;266246.41;992;j
RS;tdiinc992j;p50p51;1997;282755.59;992;j
RS;tdiinc992j;p50p51;1998;290033.0;992;j
RS;tdiinc992j;p50p51;1999;315975.91;992;j
RS;tdiinc992j;p50p51;2000;345516.5;992;j
RS;tdiinc992j;p50p51;2001;342737.59;992;j
RS;tdiinc992j;p50p51;2002;368894.19;992;j
RS;tdiinc992j;p50p51;2003;383586.0;992;j
RS;tdiinc992j;p50p51;2004;430649.59;992;j
RS;tdiinc992j;p50p51;2005;470072.91;992;j
RS;tdiinc992j;p50p51;2006;492352.0;992;j
RS;tdiinc992j;p50p51;2007;509933.19;992;j
RS;tdiinc992j;p50p51;2008;540873.88;992;j
RS;tdiinc992j;p50p51;2009;527369.63;992;j
RS;tdiinc992j;p50p51;2010;519364.69;992;j
RS;tdiinc992j;p50p51;2011;514829.81;992;j
RS;tdiinc992j;p50p51;2012;506625.0;992;j
RS;tdiinc992j;p50p51;2013;522553.91;992;j
RS;tdiinc992j;p50p51;2014;500286.59;992;j
RS;tdiinc992j;p50p51;2015;500732.0;992;j
RS;tdiinc992j;p50p51;2016;513778.59;992;j
RS;tdiinc992j;p50p51;2017;516439.91;992;j
RS;tptinc992j;p99.995p99.996;1990;44776184.0;992;j
RS;tptinc992j;p99.995p99.996;1991;40227784.0;992;j
RS;tptinc992j;p99.995p99.996;1992;28168582.0;992;j
RS;tptinc992j;p99.995p99.996;1993;18877352.0;992;j
RS;tptinc992j;p99.995p99.996;1994;19818274.0;992;j
RS;tptinc992j;p99.995p99.996;1995;21590974.0;992;j
RS;tptinc992j;p99.995p99.996;1996;22275544.0;992;j
RS;tptinc992j;p99.995p99.996;1997;24201298.0;992;j
RS;tptinc992j;p99.995p99.996;1998;25160472.0;992;j
RS;tptinc992j;p99.995p99.996;1999;29830060.0;992;j
RS;tptinc992j;p99.995p99.996;2000;35278552.0;992;j
RS;tptinc992j;p99.995p99.996;2001;38033804.0;992;j
RS;tptinc992j;p99.995p99.996;2002;39918464.0;992;j
RS;tptinc992j;p99.995p99.996;2003;40886812.0;992;j
RS;tptinc992j;p99.995p99.996;2004;47453312.0;992;j
RS;tptinc992j;p99.995p99.996;2005;51114872.0;992;j
RS;tptinc992j;p99.995p99.996;2006;54627620.0;992;j
RS;tptinc992j;p99.995p99.996;2007;51680996.0;992;j
RS;tptinc992j;p99.995p99.996;2008;56438964.0;992;j
RS;tptinc992j;p99.995p99.996;2009;54703508.0;992;j
RS;tptinc992j;p99.995p99.996;2010;53592024.0;992;j
RS;tptinc992j;p99.995p99.996;2011;56957348.0;992;j
RS;tptinc992j;p99.995p99.996;2012;44687492.0;992;j
RS;tptinc992j;p99.995p99.996;2013;49854184.0;992;j
RS;tptinc992j;p99.995p99.996;2014;76221096.0;992;j
RS;tptinc992j;p99.995p99.996;2015;74263928.0;992;j
RS;tptinc992j;p99.995p99.996;2016;76641424.0;992;j
RS;tptinc992j;p99.995p99.996;2017;77177400.0;992;j
RS;acainc992j;p42p43;1990;375287.41;992;j
RS;acainc992j;p42p43;1991;326893.19;992;j
RS;acainc992j;p42p43;1992;224428.8;992;j
RS;acainc992j;p42p43;1993;145717.8;992;j
RS;acainc992j;p42p43;1994;150347.7;992;j
RS;acainc992j;p42p43;1995;158919.3;992;j
RS;acainc992j;p42p43;1996;160771.41;992;j
RS;acainc992j;p42p43;1997;170283.8;992;j
RS;acainc992j;p42p43;1998;182087.5;992;j
RS;acainc992j;p42p43;1999;207276.8;992;j
RS;acainc992j;p42p43;2000;223329.0;992;j
RS;acainc992j;p42p43;2001;216698.59;992;j
RS;acainc992j;p42p43;2002;224433.09;992;j
RS;acainc992j;p42p43;2003;235389.7;992;j
RS;acainc992j;p42p43;2004;278164.81;992;j
RS;acainc992j;p42p43;2005;309209.5;992;j
RS;acainc992j;p42p43;2006;321134.0;992;j
RS;acainc992j;p42p43;2007;318664.81;992;j
RS;acainc992j;p42p43;2008;337913.19;992;j
RS;acainc992j;p42p43;2009;331080.81;992;j
RS;acainc992j;p42p43;2010;323433.19;992;j
RS;acainc992j;p42p43;2011;320459.19;992;j
RS;acainc992j;p42p43;2012;313605.91;992;j
RS;acainc992j;p42p43;2013;319239.41;992;j
RS;acainc992j;p42p43;2014;313135.41;992;j
RS;acainc992j;p42p43;2015;308460.91;992;j
RS;acainc992j;p42p43;2016;319865.91;992;j
RS;acainc992j;p42p43;2017;320021.81;992;j
RS;acainc992j;p45p46;1990;396744.69;992;j
RS;acainc992j;p45p46;1991;347089.31;992;j
RS;acainc992j;p45p46;1992;239099.91;992;j
RS;acainc992j;p45p46;1993;155566.09;992;j
RS;acainc992j;p45p46;1994;160711.09;992;j
RS;acainc992j;p45p46;1995;170075.5;992;j
RS;acainc992j;p45p46;1996;172263.8;992;j
RS;acainc992j;p45p46;1997;182564.5;992;j
RS;acainc992j;p45p46;1998;193124.8;992;j
RS;acainc992j;p45p46;1999;219083.09;992;j
RS;acainc992j;p45p46;2000;235893.8;992;j
RS;acainc992j;p45p46;2001;229446.2;992;j
RS;acainc992j;p45p46;2002;237881.0;992;j
RS;acainc992j;p45p46;2003;248727.0;992;j
RS;acainc992j;p45p46;2004;293417.5;992;j
RS;acainc992j;p45p46;2005;329610.09;992;j
RS;acainc992j;p45p46;2006;344216.09;992;j
RS;acainc992j;p45p46;2007;344961.5;992;j
RS;acainc992j;p45p46;2008;365176.19;992;j
RS;acainc992j;p45p46;2009;356405.41;992;j
RS;acainc992j;p45p46;2010;348916.19;992;j
RS;acainc992j;p45p46;2011;346544.5;992;j
RS;acainc992j;p45p46;2012;339583.31;992;j
RS;acainc992j;p45p46;2013;349408.69;992;j
RS;acainc992j;p45p46;2014;336285.09;992;j
RS;acainc992j;p45p46;2015;333445.91;992;j
RS;acainc992j;p45p46;2016;345856.09;992;j
RS;acainc992j;p45p46;2017;346099.41;992;j
RS;acainc992j;p99.1p99.2;1990;2265706.5;992;j
RS;acainc992j;p99.1p99.2;1991;1961622.8;992;j
RS;acainc992j;p99.1p99.2;1992;1344795.6;992;j
RS;acainc992j;p99.1p99.2;1993;875692.13;992;j
RS;acainc992j;p99.1p99.2;1994;902928.19;992;j
RS;acainc992j;p99.1p99.2;1995;954263.0;992;j
RS;acainc992j;p99.1p99.2;1996;956493.69;992;j
RS;acainc992j;p99.1p99.2;1997;1003565.7;992;j
RS;acainc992j;p99.1p99.2;1998;1117298.5;992;j
RS;acainc992j;p99.1p99.2;1999;1307914.1;992;j
RS;acainc992j;p99.1p99.2;2000;1488793.3;992;j
RS;acainc992j;p99.1p99.2;2001;1478350.0;992;j
RS;acainc992j;p99.1p99.2;2002;1598901.8;992;j
RS;acainc992j;p99.1p99.2;2003;1675146.6;992;j
RS;acainc992j;p99.1p99.2;2004;2032045.3;992;j
RS;acainc992j;p99.1p99.2;2005;2364577.5;992;j
RS;acainc992j;p99.1p99.2;2006;2584814.5;992;j
RS;acainc992j;p99.1p99.2;2007;2567045.5;992;j
RS;acainc992j;p99.1p99.2;2008;2789486.0;992;j
RS;acainc992j;p99.1p99.2;2009;2809847.8;992;j
RS;acainc992j;p99.1p99.2;2010;2925460.8;992;j
RS;acainc992j;p99.1p99.2;2011;3041385.3;992;j
RS;acainc992j;p99.1p99.2;2012;3078070.0;992;j
RS;acainc992j;p99.1p99.2;2013;3114530.5;992;j
RS;acainc992j;p99.1p99.2;2014;2991707.5;992;j
RS;acainc992j;p99.1p99.2;2015;3177096.0;992;j
RS;acainc992j;p99.1p99.2;2016;3294530.0;992;j
RS;acainc992j;p99.1p99.2;2017;3298151.3;992;j
RS;acainc992j;p99.98p99.99;1990;17040764.0;992;j
RS;acainc992j;p99.98p99.99;1991;14215066.0;992;j
RS;acainc992j;p99.98p99.99;1992;9263020.0;992;j
RS;acainc992j;p99.98p99.99;1993;5831766.5;992;j
RS;acainc992j;p99.98p99.99;1994;5877826.0;992;j
RS;acainc992j;p99.98p99.99;1995;6092030.0;992;j
RS;acainc992j;p99.98p99.99;1996;5957439.5;992;j
RS;acainc992j;p99.98p99.99;1997;6085489.5;992;j
RS;acainc992j;p99.98p99.99;1998;6998211.5;992;j
RS;acainc992j;p99.98p99.99;1999;9163544.0;992;j
RS;acainc992j;p99.98p99.99;2000;10633039.0;992;j
RS;acainc992j;p99.98p99.99;2001;11466212.0;992;j
RS;acainc992j;p99.98p99.99;2002;11755304.0;992;j
RS;acainc992j;p99.98p99.99;2003;12269238.0;992;j
RS;acainc992j;p99.98p99.99;2004;14872967.0;992;j
RS;acainc992j;p99.98p99.99;2005;17952970.0;992;j
RS;acainc992j;p99.98p99.99;2006;18333826.0;992;j
RS;acainc992j;p99.98p99.99;2007;16681895.0;992;j
RS;acainc992j;p99.98p99.99;2008;16624418.0;992;j
RS;acainc992j;p99.98p99.99;2009;18899232.0;992;j
RS;acainc992j;p99.98p99.99;2010;18706420.0;992;j
RS;acainc992j;p99.98p99.99;2011;18867766.0;992;j
RS;acainc992j;p99.98p99.99;2012;25020230.0;992;j
RS;acainc992j;p99.98p99.99;2013;21322308.0;992;j
RS;acainc992j;p99.98p99.99;2014;31018354.0;992;j
RS;acainc992j;p99.98p99.99;2015;42962200.0;992;j
RS;acainc992j;p99.98p99.99;2016;44571396.0;992;j
RS;acainc992j;p99.98p99.99;2017;44664796.0;992;j
RS;adiinc992j;p41p100;1990;1027046.1;992;j
RS;adiinc992j;p41p100;1991;890150.0;992;j
RS;adiinc992j;p41p100;1992;608377.13;992;j
RS;adiinc992j;p41p100;1993;393762.69;992;j
RS;adiinc992j;p41p100;1994;404723.69;992;j
RS;adiinc992j;p41p100;1995;426308.5;992;j
RS;adiinc992j;p41p100;1996;428744.91;992;j
RS;adiinc992j;p41p100;1997;453244.0;992;j
RS;adiinc992j;p41p100;1998;476472.19;992;j
RS;adiinc992j;p41p100;1999;523377.31;992;j
RS;adiinc992j;p41p100;2000;575732.5;992;j
RS;adiinc992j;p41p100;2001;575119.13;992;j
RS;adiinc992j;p41p100;2002;624423.31;992;j
RS;adiinc992j;p41p100;2003;657806.38;992;j
RS;adiinc992j;p41p100;2004;748595.31;992;j
RS;adiinc992j;p41p100;2005;838911.81;992;j
RS;adiinc992j;p41p100;2006;892974.69;992;j
RS;adiinc992j;p41p100;2007;923036.0;992;j
RS;adiinc992j;p41p100;2008;986264.19;992;j
RS;adiinc992j;p41p100;2009;973486.31;992;j
RS;adiinc992j;p41p100;2010;984759.38;992;j
RS;adiinc992j;p41p100;2011;997846.81;992;j
RS;adiinc992j;p41p100;2012;997734.5;992;j
RS;adiinc992j;p41p100;2013;1025292.1;992;j
RS;adiinc992j;p41p100;2014;983636.69;992;j
RS;adiinc992j;p41p100;2015;1006012.4;992;j
RS;adiinc992j;p41p100;2016;1041365.2;992;j
RS;adiinc992j;p41p100;2017;1048065.6;992;j
RS;adiinc992j;p43p44;1990;554653.88;992;j
RS;adiinc992j;p43p44;1991;483774.5;992;j
RS;adiinc992j;p43p44;1992;332172.19;992;j
RS;adiinc992j;p43p44;1993;215717.8;992;j
RS;adiinc992j;p43p44;1994;222601.8;992;j
RS;adiinc992j;p43p44;1995;235209.41;992;j
RS;adiinc992j;p43p44;1996;237832.09;992;j
RS;adiinc992j;p43p44;1997;253063.7;992;j
RS;adiinc992j;p43p44;1998;258596.7;992;j
RS;adiinc992j;p43p44;1999;281210.69;992;j
RS;adiinc992j;p43p44;2000;308059.91;992;j
RS;adiinc992j;p43p44;2001;306579.69;992;j
RS;adiinc992j;p43p44;2002;328563.31;992;j
RS;adiinc992j;p43p44;2003;343627.81;992;j
RS;adiinc992j;p43p44;2004;383152.59;992;j
RS;adiinc992j;p43p44;2005;418476.19;992;j
RS;adiinc992j;p43p44;2006;437119.31;992;j
RS;adiinc992j;p43p44;2007;450845.0;992;j
RS;adiinc992j;p43p44;2008;475431.09;992;j
RS;adiinc992j;p43p44;2009;462869.31;992;j
RS;adiinc992j;p43p44;2010;452914.81;992;j
RS;adiinc992j;p43p44;2011;445275.5;992;j
RS;adiinc992j;p43p44;2012;439414.81;992;j
RS;adiinc992j;p43p44;2013;449072.31;992;j
RS;adiinc992j;p43p44;2014;437133.91;992;j
RS;adiinc992j;p43p44;2015;432246.69;992;j
RS;adiinc992j;p43p44;2016;442327.81;992;j
RS;adiinc992j;p43p44;2017;444437.0;992;j
RS;adiinc992j;p60p100;1990;1216511.5;992;j
RS;adiinc992j;p60p100;1991;1053163.9;992;j
RS;adiinc992j;p60p100;1992;719096.81;992;j
RS;adiinc992j;p60p100;1993;465133.19;992;j
RS;adiinc992j;p60p100;1994;477755.91;992;j
RS;adiinc992j;p60p100;1995;502924.0;992;j
RS;adiinc992j;p60p100;1996;505232.31;992;j
RS;adiinc992j;p60p100;1997;533403.13;992;j
RS;adiinc992j;p60p100;1998;563532.81;992;j
RS;adiinc992j;p60p100;1999;620851.31;992;j
RS;adiinc992j;p60p100;2000;683994.0;992;j
RS;adiinc992j;p60p100;2001;684252.19;992;j
RS;adiinc992j;p60p100;2002;744796.13;992;j
RS;adiinc992j;p60p100;2003;786007.81;992;j
RS;adiinc992j;p60p100;2004;898142.38;992;j
RS;adiinc992j;p60p100;2005;1011008.0;992;j
RS;adiinc992j;p60p100;2006;1079822.5;992;j
RS;adiinc992j;p60p100;2007;1115471.4;992;j
RS;adiinc992j;p60p100;2008;1194047.8;992;j
RS;adiinc992j;p60p100;2009;1182275.8;992;j
RS;adiinc992j;p60p100;2010;1202495.3;992;j
RS;adiinc992j;p60p100;2011;1223927.3;992;j
RS;adiinc992j;p60p100;2012;1226984.3;992;j
RS;adiinc992j;p60p100;2013;1261618.9;992;j
RS;adiinc992j;p60p100;2014;1208953.3;992;j
RS;adiinc992j;p60p100;2015;1244117.0;992;j
RS;adiinc992j;p60p100;2016;1289968.6;992;j
RS;adiinc992j;p60p100;2017;1298569.8;992;j
RS;adiinc992j;p99.996p100;1990;96849328.0;992;j
RS;adiinc992j;p99.996p100;1991;77732856.0;992;j
RS;adiinc992j;p99.996p100;1992;47939708.0;992;j
RS;adiinc992j;p99.996p100;1993;29015188.0;992;j
RS;adiinc992j;p99.996p100;1994;28504688.0;992;j
RS;adiinc992j;p99.996p100;1995;28892808.0;992;j
RS;adiinc992j;p99.996p100;1996;27602716.0;992;j
RS;adiinc992j;p99.996p100;1997;27568460.0;992;j
RS;adiinc992j;p99.996p100;1998;31608992.0;992;j
RS;adiinc992j;p99.996p100;1999;44338076.0;992;j
RS;adiinc992j;p99.996p100;2000;51356812.0;992;j
RS;adiinc992j;p99.996p100;2001;61063028.0;992;j
RS;adiinc992j;p99.996p100;2002;59809316.0;992;j
RS;adiinc992j;p99.996p100;2003;62613052.0;992;j
RS;adiinc992j;p99.996p100;2004;71889688.0;992;j
RS;adiinc992j;p99.996p100;2005;88075000.0;992;j
RS;adiinc992j;p99.996p100;2006;83012536.0;992;j
RS;adiinc992j;p99.996p100;2007;71460592.0;992;j
RS;adiinc992j;p99.996p100;2008;64709264.0;992;j
RS;adiinc992j;p99.996p100;2009;81966664.0;992;j
RS;adiinc992j;p99.996p100;2010;76584256.0;992;j
RS;adiinc992j;p99.996p100;2011;74523240.0;992;j
RS;adiinc992j;p99.996p100;2012;127088576.0;992;j
RS;adiinc992j;p99.996p100;2013;91968720.0;992;j
RS;adiinc992j;p99.996p100;2014;204035232.0;992;j
RS;adiinc992j;p99.996p100;2015;372304704.0;992;j
RS;adiinc992j;p99.996p100;2016;389136992.0;992;j
RS;adiinc992j;p99.996p100;2017;392895296.0;992;j
RS;agsrgo992i;p0p100;1997;8161.1001;992;i
RS;agsrgo992i;p0p100;1998;7596.6001;992;i
RS;agsrgo992i;p0p100;1999;9500.0;992;i
RS;agsrgo992i;p0p100;2000;9234.0996;992;i
RS;agsrgo992i;p0p100;2001;11708.2;992;i
RS;agsrgo992i;p0p100;2002;11767.2;992;i
RS;agsrgo992i;p0p100;2003;11718.1;992;i
RS;agsrgo992i;p0p100;2004;10812.7;992;i
RS;agsrgo992i;p0p100;2005;10918.3;992;i
RS;agsrgo992i;p0p100;2006;11160.2;992;i
RS;agsrgo992i;p0p100;2007;12593.3;992;i
RS;agsrgo992i;p0p100;2008;13028.9;992;i
RS;agsrgo992i;p0p100;2009;12983.8;992;i
RS;agsrgo992i;p0p100;2010;12829.9;992;i
RS;agsrgo992i;p0p100;2011;12870.9;992;i
RS;anmxhn992i;p0p100;1997;55156.699;992;i
RS;anmxhn992i;p0p100;1998;53166.0;992;i
RS;anmxhn992i;p0p100;1999;69911.898;992;i
RS;anmxhn992i;p0p100;2000;81206.5;992;i
RS;anmxhn992i;p0p100;2001;80799.102;992;i
RS;anmxhn992i;p0p100;2002;66906.5;992;i
RS;anmxhn992i;p0p100;2003;55801.301;992;i
RS;anmxhn992i;p0p100;2004;61428.0;992;i
RS;anmxhn992i;p0p100;2005;65592.5;992;i
RS;anmxhn992i;p0p100;2006;87002.203;992;i
RS;anmxhn992i;p0p100;2007;90947.898;992;i
RS;anmxhn992i;p0p100;2008;100186.3;992;i
RS;anmxhn992i;p0p100;2009;91799.0;992;i
RS;anmxhn992i;p0p100;2010;93792.0;992;i
RS;anmxhn992i;p0p100;2011;106350.5;992;i
RS;aptinc992j;p0p99;1990;679406.81;992;j
RS;aptinc992j;p0p99;1991;588805.81;992;j
RS;aptinc992j;p0p99;1992;402522.31;992;j
RS;aptinc992j;p0p99;1993;260510.59;992;j
RS;aptinc992j;p0p99;1994;267808.0;992;j
RS;aptinc992j;p0p99;1995;282052.09;992;j
RS;aptinc992j;p0p99;1996;283914.19;992;j
RS;aptinc992j;p0p99;1997;300530.81;992;j
RS;aptinc992j;p0p99;1998;315866.09;992;j
RS;aptinc992j;p0p99;1999;344337.19;992;j
RS;aptinc992j;p0p99;2000;376189.19;992;j
RS;aptinc992j;p0p99;2001;373799.41;992;j
RS;aptinc992j;p0p99;2002;401855.41;992;j
RS;aptinc992j;p0p99;2003;422439.59;992;j
RS;aptinc992j;p0p99;2004;473695.19;992;j
RS;aptinc992j;p0p99;2005;528124.69;992;j
RS;aptinc992j;p0p99;2006;556684.0;992;j
RS;aptinc992j;p0p99;2007;578185.5;992;j
RS;aptinc992j;p0p99;2008;614480.38;992;j
RS;aptinc992j;p0p99;2009;603382.63;992;j
RS;aptinc992j;p0p99;2010;603215.0;992;j
RS;aptinc992j;p0p99;2011;602341.0;992;j
RS;aptinc992j;p0p99;2012;606837.31;992;j
RS;aptinc992j;p0p99;2013;620734.0;992;j
RS;aptinc992j;p0p99;2014;593848.38;992;j
RS;aptinc992j;p0p99;2015;600931.81;992;j
RS;aptinc992j;p0p99;2016;619455.63;992;j
RS;aptinc992j;p0p99;2017;622988.63;992;j
RS;aptinc992j;p99.4p99.5;1990;4234158.5;992;j
RS;aptinc992j;p99.4p99.5;1991;3714519.5;992;j
RS;aptinc992j;p99.4p99.5;1992;2573498.0;992;j
RS;aptinc992j;p99.4p99.5;1993;1685941.3;992;j
RS;aptinc992j;p99.4p99.5;1994;1758921.8;992;j
RS;aptinc992j;p99.4p99.5;1995;1877067.8;992;j
RS;aptinc992j;p99.4p99.5;1996;1902546.3;992;j
RS;aptinc992j;p99.4p99.5;1997;2026848.5;992;j
RS;aptinc992j;p99.4p99.5;1998;2161981.5;992;j
RS;aptinc992j;p99.4p99.5;1999;2420260.8;992;j
RS;aptinc992j;p99.4p99.5;2000;2789137.3;992;j
RS;aptinc992j;p99.4p99.5;2001;2840399.3;992;j
RS;aptinc992j;p99.4p99.5;2002;3118318.0;992;j
RS;aptinc992j;p99.4p99.5;2003;3290648.8;992;j
RS;aptinc992j;p99.4p99.5;2004;3817577.0;992;j
RS;aptinc992j;p99.4p99.5;2005;4343043.5;992;j
RS;aptinc992j;p99.4p99.5;2006;4635194.0;992;j
RS;aptinc992j;p99.4p99.5;2007;4616154.0;992;j
RS;aptinc992j;p99.4p99.5;2008;4964200.5;992;j
RS;aptinc992j;p99.4p99.5;2009;4929399.0;992;j
RS;aptinc992j;p99.4p99.5;2010;5157110.5;992;j
RS;aptinc992j;p99.4p99.5;2011;5323688.0;992;j
RS;aptinc992j;p99.4p99.5;2012;5286687.0;992;j
RS;aptinc992j;p99.4p99.5;2013;5323321.5;992;j
RS;aptinc992j;p99.4p99.5;2014;5539897.0;992;j
RS;aptinc992j;p99.4p99.5;2015;5408516.0;992;j
RS;aptinc992j;p99.4p99.5;2016;5580576.0;992;j
RS;aptinc992j;p99.4p99.5;2017;5622223.0;992;j
RS;aptinc992j;p99.5p99.6;1990;4652705.0;992;j
RS;aptinc992j;p99.5p99.6;1991;4085509.5;992;j
RS;aptinc992j;p99.5p99.6;1992;2832397.3;992;j
RS;aptinc992j;p99.5p99.6;1993;1857258.4;992;j
RS;aptinc992j;p99.5p99.6;1994;1938850.0;992;j
RS;aptinc992j;p99.5p99.6;1995;2070968.1;992;j
RS;aptinc992j;p99.5p99.6;1996;2100424.3;992;j
RS;aptinc992j;p99.5p99.6;1997;2239142.3;992;j
RS;aptinc992j;p99.5p99.6;1998;2387649.0;992;j
RS;aptinc992j;p99.5p99.6;1999;2679486.0;992;j
RS;aptinc992j;p99.5p99.6;2000;3094472.8;992;j
RS;aptinc992j;p99.5p99.6;2001;3158689.5;992;j
RS;aptinc992j;p99.5p99.6;2002;3463889.0;992;j
RS;aptinc992j;p99.5p99.6;2003;3650676.0;992;j
RS;aptinc992j;p99.5p99.6;2004;4236634.0;992;j
RS;aptinc992j;p99.5p99.6;2005;4811857.5;992;j
RS;aptinc992j;p99.5p99.6;2006;5135806.5;992;j
RS;aptinc992j;p99.5p99.6;2007;5100249.0;992;j
RS;aptinc992j;p99.5p99.6;2008;5487631.5;992;j
RS;aptinc992j;p99.5p99.6;2009;5444961.0;992;j
RS;aptinc992j;p99.5p99.6;2010;5690122.5;992;j
RS;aptinc992j;p99.5p99.6;2011;5880649.5;992;j
RS;aptinc992j;p99.5p99.6;2012;5799836.5;992;j
RS;aptinc992j;p99.5p99.6;2013;5855416.0;992;j
RS;aptinc992j;p99.5p99.6;2014;6174229.0;992;j
RS;aptinc992j;p99.5p99.6;2015;6021676.0;992;j
RS;aptinc992j;p99.5p99.6;2016;6213465.0;992;j
RS;aptinc992j;p99.5p99.6;2017;6260045.0;992;j
RS;assbho992i;p0p100;1997;51488.898;992;i
RS;assbho992i;p0p100;1998;67906.602;992;i
RS;assbho992i;p0p100;1999;65052.898;992;i
RS;assbho992i;p0p100;2000;69798.703;992;i
RS;assbho992i;p0p100;2001;78581.703;992;i
RS;assbho992i;p0p100;2002;102371.8;992;i
RS;assbho992i;p0p100;2003;99000.297;992;i
RS;assbho992i;p0p100;2004;96922.398;992;i
RS;assbho992i;p0p100;2005;113521.4;992;i
RS;assbho992i;p0p100;2006;129503.5;992;i
RS;assbho992i;p0p100;2007;132942.91;992;i
RS;assbho992i;p0p100;2008;148825.41;992;i
RS;assbho992i;p0p100;2009;159691.5;992;i
RS;assbho992i;p0p100;2010;158701.41;992;i
RS;assbho992i;p0p100;2011;146013.41;992;i
RS;asscho992i;p0p100;1997;58466.398;992;i
RS;asscho992i;p0p100;1998;61707.801;992;i
RS;asscho992i;p0p100;1999;63926.199;992;i
RS;asscho992i;p0p100;2000;65534.199;992;i
RS;asscho992i;p0p100;2001;64866.898;992;i
RS;asscho992i;p0p100;2002;75289.398;992;i
RS;asscho992i;p0p100;2003;75879.203;992;i
RS;asscho992i;p0p100;2004;85404.297;992;i
RS;asscho992i;p0p100;2005;90970.0;992;i
RS;asscho992i;p0p100;2006;102341.3;992;i
RS;asscho992i;p0p100;2007;110449.0;992;i
RS;asscho992i;p0p100;2008;114531.8;992;i
RS;asscho992i;p0p100;2009;111696.4;992;i
RS;asscho992i;p0p100;2010;114793.0;992;i
RS;asscho992i;p0p100;2011;111774.7;992;i
RS;bcainc992j;p55p100;1990;1.793056;992;j
RS;bcainc992j;p55p100;1991;1.7845087;992;j
RS;bcainc992j;p55p100;1992;1.7766122;992;j
RS;bcainc992j;p55p100;1993;1.769645;992;j
RS;bcainc992j;p55p100;1994;1.7638639;992;j
RS;bcainc992j;p55p100;1995;1.7595937;992;j
RS;bcainc992j;p55p100;1996;1.7504811;992;j
RS;bcainc992j;p55p100;1997;1.7414993;992;j
RS;bcainc992j;p55p100;1998;1.7534148;992;j
RS;bcainc992j;p55p100;1999;1.7746804;992;j
RS;bcainc992j;p55p100;2000;1.7971264;992;j
RS;bcainc992j;p55p100;2001;1.8135691;992;j
RS;bcainc992j;p55p100;2002;1.84788;992;j
RS;bcainc992j;p55p100;2003;1.8729559;992;j
RS;bcainc992j;p55p100;2004;1.908327;992;j
RS;bcainc992j;p55p100;2005;1.9420906;992;j
RS;bcainc992j;p55p100;2006;1.9768549;992;j
RS;bcainc992j;p55p100;2007;1.9733468;992;j
RS;bcainc992j;p55p100;2008;2.0011222;992;j
RS;bcainc992j;p55p100;2009;2.0334265;992;j
RS;bcainc992j;p55p100;2010;2.0917757;992;j
RS;bcainc992j;p55p100;2011;2.1306775;992;j
RS;bcainc992j;p55p100;2012;2.1561911;992;j
RS;bcainc992j;p55p100;2013;2.1709504;992;j
RS;bcainc992j;p55p100;2014;2.1693246;992;j
RS;bcainc992j;p55p100;2015;2.2631772;992;j
RS;bcainc992j;p55p100;2016;2.2631822;992;j
RS;bcainc992j;p55p100;2017;2.2637599;992;j
RS;bcainc992j;p99.91p100;1990;2.1083384;992;j
RS;bcainc992j;p99.91p100;1991;2.0600257;992;j
RS;bcainc992j;p99.91p100;1992;1.9951047;992;j
RS;bcainc992j;p99.91p100;1993;1.9514614;992;j
RS;bcainc992j;p99.91p100;1994;1.9236459;992;j
RS;bcainc992j;p99.91p100;1995;1.9000655;992;j
RS;bcainc992j;p99.91p100;1996;1.8747566;992;j
RS;bcainc992j;p99.91p100;1997;1.8478774;992;j
RS;bcainc992j;p99.91p100;1998;1.8767141;992;j
RS;bcainc992j;p99.91p100;1999;1.9898758;992;j
RS;bcainc992j;p99.91p100;2000;1.9903824;992;j
RS;bcainc992j;p99.91p100;2001;2.0837216;992;j
RS;bcainc992j;p99.91p100;2002;2.0091236;992;j
RS;bcainc992j;p99.91p100;2003;2.0137503;992;j
RS;bcainc992j;p99.91p100;2004;2.0173905;992;j
RS;bcainc992j;p99.91p100;2005;2.0595386;992;j
RS;bcainc992j;p99.91p100;2006;1.9688201;992;j
RS;bcainc992j;p99.91p100;2007;1.8789647;992;j
RS;bcainc992j;p99.91p100;2008;1.790629;992;j
RS;bcainc992j;p99.91p100;2009;1.9079154;992;j
RS;bcainc992j;p99.91p100;2010;1.8522199;992;j
RS;bcainc992j;p99.91p100;2011;1.8198349;992;j
RS;bcainc992j;p99.91p100;2012;2.1101563;992;j
RS;bcainc992j;p99.91p100;2013;1.915861;992;j
RS;bcainc992j;p99.91p100;2014;2.4792655;992;j
RS;bcainc992j;p99.91p100;2015;3.0039577;992;j
RS;bcainc992j;p99.91p100;2016;3.0049262;992;j
RS;bcainc992j;p99.91p100;2017;3.0078719;992;j
RS;bcainc992j;p99.94p100;1990;2.1227498;992;j
RS;bcainc992j;p99.94p100;1991;2.0732164;992;j
RS;bcainc992j;p99.94p100;1992;2.006376;992;j
RS;bcainc992j;p99.94p100;1993;1.9611518;992;j
RS;bcainc992j;p99.94p100;1994;1.9323794;992;j
RS;bcainc992j;p99.94p100;1995;1.9079477;992;j
RS;bcainc992j;p99.94p100;1996;1.8820944;992;j
RS;bcainc992j;p99.94p100;1997;1.8546103;992;j
RS;bcainc992j;p99.94p100;1998;1.8836889;992;j
RS;bcainc992j;p99.94p100;1999;1.9984423;992;j
RS;bcainc992j;p99.94p100;2000;1.996691;992;j
RS;bcainc992j;p99.94p100;2001;2.0912659;992;j
RS;bcainc992j;p99.94p100;2002;2.0142264;992;j
RS;bcainc992j;p99.94p100;2003;2.0198634;992;j
RS;bcainc992j;p99.94p100;2004;2.0240805;992;j
RS;bcainc992j;p99.94p100;2005;2.0668793;992;j
RS;bcainc992j;p99.94p100;2006;1.9732869;992;j
RS;bcainc992j;p99.94p100;2007;1.8820416;992;j
RS;bcainc992j;p99.94p100;2008;1.7914768;992;j
RS;bcainc992j;p99.94p100;2009;1.9108422;992;j
RS;bcainc992j;p99.94p100;2010;1.8536254;992;j
RS;bcainc992j;p99.94p100;2011;1.8202934;992;j
RS;bcainc992j;p99.94p100;2012;2.114996;992;j
RS;bcainc992j;p99.94p100;2013;1.9178005;992;j
RS;bcainc992j;p99.94p100;2014;2.4904892;992;j
RS;bcainc992j;p99.94p100;2015;3.0198519;992;j
RS;bcainc992j;p99.94p100;2016;3.0208428;992;j
RS;bcainc992j;p99.94p100;2017;3.0238304;992;j
RS;bcainc992j;p9p100;1990;5.4158387;992;j
RS;bcainc992j;p9p100;1991;5.3262496;992;j
RS;bcainc992j;p9p100;1992;5.2192101;992;j
RS;bcainc992j;p9p100;1993;5.1136231;992;j
RS;bcainc992j;p9p100;1994;5.0256257;992;j
RS;bcainc992j;p9p100;1995;4.8607039;992;j
RS;bcainc992j;p9p100;1996;4.7596316;992;j
RS;bcainc992j;p9p100;1997;4.6673779;992;j
RS;bcainc992j;p9p100;1998;4.134378;992;j
RS;bcainc992j;p9p100;1999;4.1116557;992;j
RS;bcainc992j;p9p100;2000;4.2807102;992;j
RS;bcainc992j;p9p100;2001;4.2774305;992;j
RS;bcainc992j;p9p100;2002;5.2720304;992;j
RS;bcainc992j;p9p100;2003;5.7647138;992;j
RS;bcainc992j;p9p100;2004;7.0176315;992;j
RS;bcainc992j;p9p100;2005;7.4961042;992;j
RS;bcainc992j;p9p100;2006;8.923892;992;j
RS;bcainc992j;p9p100;2007;10.621607;992;j
RS;bcainc992j;p9p100;2008;11.348891;992;j
RS;bcainc992j;p9p100;2009;11.798989;992;j
RS;bcainc992j;p9p100;2010;13.733637;992;j
RS;bcainc992j;p9p100;2011;16.255991;992;j
RS;bcainc992j;p9p100;2012;19.445372;992;j
RS;bcainc992j;p9p100;2013;12.131958;992;j
RS;bcainc992j;p9p100;2014;6.6905866;992;j
RS;bcainc992j;p9p100;2015;9.6072016;992;j
RS;bcainc992j;p9p100;2016;9.5893412;992;j
RS;bcainc992j;p9p100;2017;9.6007309;992;j
RS;bdiinc992j;p14p100;1990;3.5056188;992;j
RS;bdiinc992j;p14p100;1991;3.442616;992;j
RS;bdiinc992j;p14p100;1992;3.3839946;992;j
RS;bdiinc992j;p14p100;1993;3.3276854;992;j
RS;bdiinc992j;p14p100;1994;3.2710047;992;j
RS;bdiinc992j;p14p100;1995;3.2195239;992;j
RS;bdiinc992j;p14p100;1996;3.1697423;992;j
RS;bdiinc992j;p14p100;1997;3.118386;992;j
RS;bdiinc992j;p14p100;1998;2.9648595;992;j
RS;bdiinc992j;p14p100;1999;3.0236266;992;j
RS;bdiinc992j;p14p100;2000;3.0534773;992;j
RS;bdiinc992j;p14p100;2001;3.103508;992;j
RS;bdiinc992j;p14p100;2002;3.3856356;992;j
RS;bdiinc992j;p14p100;2003;3.4850903;992;j
RS;bdiinc992j;p14p100;2004;3.9832811;992;j
RS;bdiinc992j;p14p100;2005;4.1931396;992;j
RS;bdiinc992j;p14p100;2006;4.5306597;992;j
RS;bdiinc992j;p14p100;2007;4.6744647;992;j
RS;bdiinc992j;p14p100;2008;4.9020934;992;j
RS;bdiinc992j;p14p100;2009;5.1073661;992;j
RS;bdiinc992j;p14p100;2010;5.5466876;992;j
RS;bdiinc992j;p14p100;2011;6.3450127;992;j
RS;bdiinc992j;p14p100;2012;6.3705292;992;j
RS;bdiinc992j;p14p100;2013;6.3337412;992;j
RS;bdiinc992j;p14p100;2014;4.5666385;992;j
RS;bdiinc992j;p14p100;2015;5.5785499;992;j
RS;bdiinc992j;p14p100;2016;5.8767123;992;j
RS;bdiinc992j;p14p100;2017;5.9153261;992;j
RS;bdiinc992j;p44p100;1990;1.8813763;992;j
RS;bdiinc992j;p44p100;1991;1.8698014;992;j
RS;bdiinc992j;p44p100;1992;1.8593578;992;j
RS;bdiinc992j;p44p100;1993;1.8544329;992;j
RS;bdiinc992j;p44p100;1994;1.8467711;992;j
RS;bdiinc992j;p44p100;1995;1.8386215;992;j
RS;bdiinc992j;p44p100;1996;1.8286655;992;j
RS;bdiinc992j;p44p100;1997;1.814999;992;j
RS;bdiinc992j;p44p100;1998;1.8699584;992;j
RS;bdiinc992j;p44p100;1999;1.8897878;992;j
RS;bdiinc992j;p44p100;2000;1.8974568;992;j
RS;bdiinc992j;p44p100;2001;1.9092388;992;j
RS;bdiinc992j;p44p100;2002;1.9312749;992;j
RS;bdiinc992j;p44p100;2003;1.94784;992;j
RS;bdiinc992j;p44p100;2004;1.9875413;992;j
RS;bdiinc992j;p44p100;2005;2.0395973;992;j
RS;bdiinc992j;p44p100;2006;2.0750489;992;j
RS;bdiinc992j;p44p100;2007;2.0800354;992;j
RS;bdiinc992j;p44p100;2008;2.1091778;992;j
RS;bdiinc992j;p44p100;2009;2.1375268;992;j
RS;bdiinc992j;p44p100;2010;2.2111015;992;j
RS;bdiinc992j;p44p100;2011;2.2843606;992;j
RS;bdiinc992j;p44p100;2012;2.3098233;992;j
RS;bdiinc992j;p44p100;2013;2.3209479;992;j
RS;bdiinc992j;p44p100;2014;2.2926817;992;j
RS;bdiinc992j;p44p100;2015;2.3706651;992;j
RS;bdiinc992j;p44p100;2016;2.3981903;992;j
RS;bdiinc992j;p44p100;2017;2.4026275;992;j
RS;bdiinc992j;p55p100;1990;1.7296323;992;j
RS;bdiinc992j;p55p100;1991;1.7223088;992;j
RS;bdiinc992j;p55p100;1992;1.7155528;992;j
RS;bdiinc992j;p55p100;1993;1.7095538;992;j
RS;bdiinc992j;p55p100;1994;1.7045535;992;j
RS;bdiinc992j;p55p100;1995;1.7008991;992;j
RS;bdiinc992j;p55p100;1996;1.6928022;992;j
RS;bdiinc992j;p55p100;1997;1.6834568;992;j
RS;bdiinc992j;p55p100;1998;1.7041309;992;j
RS;bdiinc992j;p55p100;1999;1.7325845;992;j
RS;bdiinc992j;p55p100;2000;1.7457957;992;j
RS;bdiinc992j;p55p100;2001;1.7583691;992;j
RS;bdiinc992j;p55p100;2002;1.7808956;992;j
RS;bdiinc992j;p55p100;2003;1.8031658;992;j
RS;bdiinc992j;p55p100;2004;1.8363844;992;j
RS;bdiinc992j;p55p100;2005;1.8678352;992;j
RS;bdiinc992j;p55p100;2006;1.8987383;992;j
RS;bdiinc992j;p55p100;2007;1.8885078;992;j
RS;bdiinc992j;p55p100;2008;1.9120474;992;j
RS;bdiinc992j;p55p100;2009;1.9427254;992;j
RS;bdiinc992j;p55p100;2010;1.9925147;992;j
RS;bdiinc992j;p55p100;2011;2.0321333;992;j
RS;bdiinc992j;p55p100;2012;2.0492876;992;j
RS;bdiinc992j;p55p100;2013;2.0633805;992;j
RS;bdiinc992j;p55p100;2014;2.056592;992;j
RS;bdiinc992j;p55p100;2015;2.1321564;992;j
RS;bdiinc992j;p55p100;2016;2.1505148;992;j
RS;bdiinc992j;p55p100;2017;2.1525693;992;j
RS;bdiinc992j;p99.93p100;1990;2.108983;992;j
RS;bdiinc992j;p99.93p100;1991;2.0603342;992;j
RS;bdiinc992j;p99.93p100;1992;1.9947677;992;j
RS;bdiinc992j;p99.93p100;1993;1.950518;992;j
RS;bdiinc992j;p99.93p100;1994;1.9223419;992;j
RS;bdiinc992j;p99.93p100;1995;1.8984329;992;j
RS;bdiinc992j;p99.93p100;1996;1.8729526;992;j
RS;bdiinc992j;p99.93p100;1997;1.8457196;992;j
RS;bdiinc992j;p99.93p100;1998;1.8757167;992;j
RS;bdiinc992j;p99.93p100;1999;1.9903631;992;j
RS;bdiinc992j;p99.93p100;2000;1.9888473;992;j
RS;bdiinc992j;p99.93p100;2001;2.082006;992;j
RS;bdiinc992j;p99.93p100;2002;2.0055637;992;j
RS;bdiinc992j;p99.93p100;2003;2.0107613;992;j
RS;bdiinc992j;p99.93p100;2004;2.0152814;992;j
RS;bdiinc992j;p99.93p100;2005;2.0578487;992;j
RS;bdiinc992j;p99.93p100;2006;1.9659578;992;j
RS;bdiinc992j;p99.93p100;2007;1.8751357;992;j
RS;bdiinc992j;p99.93p100;2008;1.7859619;992;j
RS;bdiinc992j;p99.93p100;2009;1.9040335;992;j
RS;bdiinc992j;p99.93p100;2010;1.8477423;992;j
RS;bdiinc992j;p99.93p100;2011;1.8152738;992;j
RS;bdiinc992j;p99.93p100;2012;2.106163;992;j
RS;bdiinc992j;p99.93p100;2013;1.9114693;992;j
RS;bdiinc992j;p99.93p100;2014;2.4755375;992;j
RS;bdiinc992j;p99.93p100;2015;2.9945111;992;j
RS;bdiinc992j;p99.93p100;2016;2.9967961;992;j
RS;bdiinc992j;p99.93p100;2017;2.9995043;992;j
RS;bptinc992j;p20p100;1990;3.6937683;992;j
RS;bptinc992j;p20p100;1991;3.7148948;992;j
RS;bptinc992j;p20p100;1992;3.7254069;992;j
RS;bptinc992j;p20p100;1993;3.741802;992;j
RS;bptinc992j;p20p100;1994;3.7643676;992;j
RS;bptinc992j;p20p100;1995;3.7878497;992;j
RS;bptinc992j;p20p100;1996;3.7994914;992;j
RS;bptinc992j;p20p100;1997;3.8185575;992;j
RS;bptinc992j;p20p100;1998;3.5629323;992;j
RS;bptinc992j;p20p100;1999;3.5659764;992;j
RS;bptinc992j;p20p100;2000;3.6953428;992;j
RS;bptinc992j;p20p100;2001;3.6988606;992;j
RS;bptinc992j;p20p100;2002;4.0266042;992;j
RS;bptinc992j;p20p100;2003;4.1134872;992;j
RS;bptinc992j;p20p100;2004;4.4281631;992;j
RS;bptinc992j;p20p100;2005;4.7182527;992;j
RS;bptinc992j;p20p100;2006;5.1475596;992;j
RS;bptinc992j;p20p100;2007;5.4806905;992;j
RS;bptinc992j;p20p100;2008;5.86553;992;j
RS;bptinc992j;p20p100;2009;6.7383809;992;j
RS;bptinc992j;p20p100;2010;7.5740418;992;j
RS;bptinc992j;p20p100;2011;8.6090384;992;j
RS;bptinc992j;p20p100;2012;9.0624485;992;j
RS;bptinc992j;p20p100;2013;9.6695251;992;j
RS;bptinc992j;p20p100;2014;9.5840683;992;j
RS;bptinc992j;p20p100;2015;9.4075022;992;j
RS;bptinc992j;p20p100;2016;9.3842859;992;j
RS;bptinc992j;p20p100;2017;9.481967;992;j
RS;mtaxfc999i;p0p100;1997;609367424.0;999;i
RS;mtaxfc999i;p0p100;1998;671313664.0;999;i
RS;mtaxfc999i;p0p100;1999;1374260352.0;999;i
RS;mtaxfc999i;p0p100;2000;1205931136.0;999;i
RS;mtaxfc999i;p0p100;2001;973589184.0;999;i
RS;mtaxfc999i;p0p100;2002;866983168.0;999;i
RS;mtaxfc999i;p0p100;2003;1031759232.0;999;i
RS;mtaxfc999i;p0p100;2004;1318040192.0;999;i
RS;mtaxfc999i;p0p100;2005;1850337920.0;999;i
RS;mtaxfc999i;p0p100;2006;4234884864.0;999;i
RS;mtaxfc999i;p0p100;2007;4937110528.0;999;i
RS;mtaxfc999i;p0p100;2008;6167634944.0;999;i
RS;mtaxfc999i;p0p100;2009;5861478912.0;999;i
RS;mtaxfc999i;p0p100;2010;6645048320.0;999;i
RS;mtaxfc999i;p0p100;2011;6974299648.0;999;i
RS;mtaxnf999i;p0p100;1997;9694325760.0;999;i
RS;mtaxnf999i;p0p100;1998;8528305664.0;999;i
RS;mtaxnf999i;p0p100;1999;8587768832.0;999;i
RS;mtaxnf999i;p0p100;2000;9216965632.0;999;i
RS;mtaxnf999i;p0p100;2001;9674213376.0;999;i
RS;mtaxnf999i;p0p100;2002;14525187072.0;999;i
RS;mtaxnf999i;p0p100;2003;12142899200.0;999;i
RS;mtaxnf999i;p0p100;2004;19829336064.0;999;i
RS;mtaxnf999i;p0p100;2005;25354057728.0;999;i
RS;mtaxnf999i;p0p100;2006;31182075904.0;999;i
RS;mtaxnf999i;p0p100;2007;36487008256.0;999;i
RS;mtaxnf999i;p0p100;2008;31406856192.0;999;i
RS;mtaxnf999i;p0p100;2009;31051491328.0;999;i
RS;mtaxnf999i;p0p100;2010;34296401920.0;999;i
RS;mtaxnf999i;p0p100;2011;45600464896.0;999;i
RS;scainc992j;p99.6p99.7;1990;0.0066;992;j
RS;scainc992j;p99.6p99.7;1991;0.0065000001;992;j
RS;scainc992j;p99.6p99.7;1992;0.0065000001;992;j
RS;scainc992j;p99.6p99.7;1993;0.0065000001;992;j
RS;scainc992j;p99.6p99.7;1994;0.0065000001;992;j
RS;scainc992j;p99.6p99.7;1995;0.0065000001;992;j
RS;scainc992j;p99.6p99.7;1996;0.0063999998;992;j
RS;scainc992j;p99.6p99.7;1997;0.0063;992;j
RS;scainc992j;p99.6p99.7;1998;0.0065000001;992;j
RS;scainc992j;p99.6p99.7;1999;0.0068000001;992;j
RS;scainc992j;p99.6p99.7;2000;0.0071999999;992;j
RS;scainc992j;p99.6p99.7;2001;0.0074;992;j
RS;scainc992j;p99.6p99.7;2002;0.0077;992;j
RS;scainc992j;p99.6p99.7;2003;0.0076000001;992;j
RS;scainc992j;p99.6p99.7;2004;0.0077;992;j
RS;scainc992j;p99.6p99.7;2005;0.0078999996;992;j
RS;scainc992j;p99.6p99.7;2006;0.0081000002;992;j
RS;scainc992j;p99.6p99.7;2007;0.0080000004;992;j
RS;scainc992j;p99.6p99.7;2008;0.0080000004;992;j
RS;scainc992j;p99.6p99.7;2009;0.0082999999;992;j
RS;scainc992j;p99.6p99.7;2010;0.0085000005;992;j
RS;scainc992j;p99.6p99.7;2011;0.0088;992;j
RS;scainc992j;p99.6p99.7;2012;0.0093;992;j
RS;scainc992j;p99.6p99.7;2013;0.0088999998;992;j
RS;scainc992j;p99.6p99.7;2014;0.0093999999;992;j
RS;scainc992j;p99.6p99.7;2015;0.0104;992;j
RS;scainc992j;p99.6p99.7;2016;0.0104;992;j
RS;scainc992j;p99.6p99.7;2017;0.0104;992;j
RS;sdiinc992j;p32p100;1990;0.8847;992;j
RS;sdiinc992j;p32p100;1991;0.8836;992;j
RS;sdiinc992j;p32p100;1992;0.88239998;992;j
RS;sdiinc992j;p32p100;1993;0.88120002;992;j
RS;sdiinc992j;p32p100;1994;0.88;992;j
RS;sdiinc992j;p32p100;1995;0.87879997;992;j
RS;sdiinc992j;p32p100;1996;0.87739998;992;j
RS;sdiinc992j;p32p100;1997;0.87580001;992;j
RS;sdiinc992j;p32p100;1998;0.87360001;992;j
RS;sdiinc992j;p32p100;1999;0.8757;992;j
RS;sdiinc992j;p32p100;2000;0.87589997;992;j
RS;sdiinc992j;p32p100;2001;0.87620002;992;j
RS;sdiinc992j;p32p100;2002;0.88319999;992;j
RS;sdiinc992j;p32p100;2003;0.88520002;992;j
RS;sdiinc992j;p32p100;2004;0.89319998;992;j
RS;sdiinc992j;p32p100;2005;0.8962;992;j
RS;sdiinc992j;p32p100;2006;0.90219998;992;j
RS;sdiinc992j;p32p100;2007;0.90359998;992;j
RS;sdiinc992j;p32p100;2008;0.90609998;992;j
RS;sdiinc992j;p32p100;2009;0.90920001;992;j
RS;sdiinc992j;p32p100;2010;0.91530001;992;j
RS;sdiinc992j;p32p100;2011;0.9224;992;j
RS;sdiinc992j;p32p100;2012;0.92250001;992;j
RS;sdiinc992j;p32p100;2013;0.92430001;992;j
RS;sdiinc992j;p32p100;2014;0.90619999;992;j
RS;sdiinc992j;p32p100;2015;0.91850001;992;j
RS;sdiinc992j;p32p100;2016;0.92150003;992;j
RS;sdiinc992j;p32p100;2017;0.92189997;992;j
RS;sdiinc992j;p3p100;1990;0.99519998;992;j
RS;sdiinc992j;p3p100;1991;0.99529999;992;j
RS;sdiinc992j;p3p100;1992;0.99550003;992;j
RS;sdiinc992j;p3p100;1993;0.9957;992;j
RS;sdiinc992j;p3p100;1994;0.99599999;992;j
RS;sdiinc992j;p3p100;1995;0.99620003;992;j
RS;sdiinc992j;p3p100;1996;0.9964;992;j
RS;sdiinc992j;p3p100;1997;0.99659997;992;j
RS;sdiinc992j;p3p100;1998;0.99680001;992;j
RS;sdiinc992j;p3p100;1999;0.99699998;992;j
RS;sdiinc992j;p3p100;2000;0.99699998;992;j
RS;sdiinc992j;p3p100;2001;0.99699998;992;j
RS;sdiinc992j;p3p100;2002;0.99739999;992;j
RS;sdiinc992j;p3p100;2003;0.99699998;992;j
RS;sdiinc992j;p3p100;2004;0.9971;992;j
RS;sdiinc992j;p3p100;2005;0.9971;992;j
RS;sdiinc992j;p3p100;2006;0.9971;992;j
RS;sdiinc992j;p3p100;2007;0.9971;992;j
RS;sdiinc992j;p3p100;2008;0.9971;992;j
RS;sdiinc992j;p3p100;2009;0.99680001;992;j
RS;sdiinc992j;p3p100;2010;0.99669999;992;j
RS;sdiinc992j;p3p100;2011;0.99699998;992;j
RS;sdiinc992j;p3p100;2012;0.9971;992;j
RS;sdiinc992j;p3p100;2013;0.99599999;992;j
RS;sdiinc992j;p3p100;2014;0.9939;992;j
RS;sdiinc992j;p3p100;2015;0.99519998;992;j
RS;sdiinc992j;p3p100;2016;0.99550003;992;j
RS;sdiinc992j;p3p100;2017;0.99550003;992;j
RS;sdiinc992j;p83p84;1990;0.0148;992;j
RS;sdiinc992j;p83p84;1991;0.0148;992;j
RS;sdiinc992j;p83p84;1992;0.0147;992;j
RS;sdiinc992j;p83p84;1993;0.0146;992;j
RS;sdiinc992j;p83p84;1994;0.0146;992;j
RS;sdiinc992j;p83p84;1995;0.0145;992;j
RS;sdiinc992j;p83p84;1996;0.0144;992;j
RS;sdiinc992j;p83p84;1997;0.0144;992;j
RS;sdiinc992j;p83p84;1998;0.0142;992;j
RS;sdiinc992j;p83p84;1999;0.0141;992;j
RS;sdiinc992j;p83p84;2000;0.0139;992;j
RS;sdiinc992j;p83p84;2001;0.0138;992;j
RS;sdiinc992j;p83p84;2002;0.014;992;j
RS;sdiinc992j;p83p84;2003;0.0141;992;j
RS;sdiinc992j;p83p84;2004;0.0144;992;j
RS;sdiinc992j;p83p84;2005;0.0144;992;j
RS;sdiinc992j;p83p84;2006;0.0145;992;j
RS;sdiinc992j;p83p84;2007;0.0147;992;j
RS;sdiinc992j;p83p84;2008;0.0148;992;j
RS;sdiinc992j;p83p84;2009;0.0149;992;j
RS;sdiinc992j;p83p84;2010;0.0151;992;j
RS;sdiinc992j;p83p84;2011;0.0153;992;j
RS;sdiinc992j;p83p84;2012;0.0152;992;j
RS;sdiinc992j;p83p84;2013;0.0156;992;j
RS;sdiinc992j;p83p84;2014;0.0146;992;j
RS;sdiinc992j;p83p84;2015;0.0142;992;j
RS;sdiinc992j;p83p84;2016;0.0143;992;j
RS;sdiinc992j;p83p84;2017;0.0143;992;j
RS;sdiinc992j;p87p88;1990;0.016000001;992;j
RS;sdiinc992j;p87p88;1991;0.016000001;992;j
RS;sdiinc992j;p87p88;1992;0.015900001;992;j
RS;sdiinc992j;p87p88;1993;0.015900001;992;j
RS;sdiinc992j;p87p88;1994;0.015799999;992;j
RS;sdiinc992j;p87p88;1995;0.015699999;992;j
RS;sdiinc992j;p87p88;1996;0.015699999;992;j
RS;sdiinc992j;p87p88;1997;0.0156;992;j
RS;sdiinc992j;p87p88;1998;0.015699999;992;j
RS;sdiinc992j;p87p88;1999;0.0155;992;j
RS;sdiinc992j;p87p88;2000;0.0153;992;j
RS;sdiinc992j;p87p88;2001;0.0151;992;j
RS;sdiinc992j;p87p88;2002;0.0153;992;j
RS;sdiinc992j;p87p88;2003;0.0156;992;j
RS;sdiinc992j;p87p88;2004;0.016000001;992;j
RS;sdiinc992j;p87p88;2005;0.0162;992;j
RS;sdiinc992j;p87p88;2006;0.0164;992;j
RS;sdiinc992j;p87p88;2007;0.0166;992;j
RS;sdiinc992j;p87p88;2008;0.0166;992;j
RS;sdiinc992j;p87p88;2009;0.016799999;992;j
RS;sdiinc992j;p87p88;2010;0.017000001;992;j
RS;sdiinc992j;p87p88;2011;0.0173;992;j
RS;sdiinc992j;p87p88;2012;0.017000001;992;j
RS;sdiinc992j;p87p88;2013;0.0173;992;j
RS;sdiinc992j;p87p88;2014;0.0163;992;j
RS;sdiinc992j;p87p88;2015;0.016100001;992;j
RS;sdiinc992j;p87p88;2016;0.016100001;992;j
RS;sdiinc992j;p87p88;2017;0.016100001;992;j
RS;sdiinc992j;p98p99;1990;0.033;992;j
RS;sdiinc992j;p98p99;1991;0.033;992;j
RS;sdiinc992j;p98p99;1992;0.033100002;992;j
RS;sdiinc992j;p98p99;1993;0.033300001;992;j
RS;sdiinc992j;p98p99;1994;0.033399999;992;j
RS;sdiinc992j;p98p99;1995;0.033500001;992;j
RS;sdiinc992j;p98p99;1996;0.033300001;992;j
RS;sdiinc992j;p98p99;1997;0.033199999;992;j
RS;sdiinc992j;p98p99;1998;0.0339;992;j
RS;sdiinc992j;p98p99;1999;0.034600001;992;j
RS;sdiinc992j;p98p99;2000;0.035799999;992;j
RS;sdiinc992j;p98p99;2001;0.0361;992;j
RS;sdiinc992j;p98p99;2002;0.037099998;992;j
RS;sdiinc992j;p98p99;2003;0.037;992;j
RS;sdiinc992j;p98p99;2004;0.037599999;992;j
RS;sdiinc992j;p98p99;2005;0.0383;992;j
RS;sdiinc992j;p98p99;2006;0.039700001;992;j
RS;sdiinc992j;p98p99;2007;0.0396;992;j
RS;sdiinc992j;p98p99;2008;0.0403;992;j
RS;sdiinc992j;p98p99;2009;0.0407;992;j
RS;sdiinc992j;p98p99;2010;0.042199999;992;j
RS;sdiinc992j;p98p99;2011;0.043499999;992;j
RS;sdiinc992j;p98p99;2012;0.043099999;992;j
RS;sdiinc992j;p98p99;2013;0.043200001;992;j
RS;sdiinc992j;p98p99;2014;0.041000001;992;j
RS;sdiinc992j;p98p99;2015;0.041999999;992;j
RS;sdiinc992j;p98p99;2016;0.042399999;992;j
RS;sdiinc992j;p98p99;2017;0.0425;992;j
RS;sdiinc992j;p99.5p99.6;1990;0.0055;992;j
RS;sdiinc992j;p99.5p99.6;1991;0.0055;992;j
RS;sdiinc992j;p99.5p99.6;1992;0.0054000001;992;j
RS;sdiinc992j;p99.5p99.6;1993;0.0055;992;j
RS;sdiinc992j;p99.5p99.6;1994;0.0055;992;j
RS;sdiinc992j;p99.5p99.6;1995;0.0055;992;j
RS;sdiinc992j;p99.5p99.6;1996;0.0054000001;992;j
RS;sdiinc992j;p99.5p99.6;1997;0.0054000001;992;j
RS;sdiinc992j;p99.5p99.6;1998;0.0055;992;j
RS;sdiinc992j;p99.5p99.6;1999;0.0057999999;992;j
RS;sdiinc992j;p99.5p99.6;2000;0.0060999999;992;j
RS;sdiinc992j;p99.5p99.6;2001;0.0062000002;992;j
RS;sdiinc992j;p99.5p99.6;2002;0.0063999998;992;j
RS;sdiinc992j;p99.5p99.6;2003;0.0063;992;j
RS;sdiinc992j;p99.5p99.6;2004;0.0063999998;992;j
RS;sdiinc992j;p99.5p99.6;2005;0.0066;992;j
RS;sdiinc992j;p99.5p99.6;2006;0.0068000001;992;j
RS;sdiinc992j;p99.5p99.6;2007;0.0066;992;j
RS;sdiinc992j;p99.5p99.6;2008;0.0066999998;992;j
RS;sdiinc992j;p99.5p99.6;2009;0.0068999999;992;j
RS;sdiinc992j;p99.5p99.6;2010;0.0071;992;j
RS;sdiinc992j;p99.5p99.6;2011;0.0073000002;992;j
RS;sdiinc992j;p99.5p99.6;2012;0.0076000001;992;j
RS;sdiinc992j;p99.5p99.6;2013;0.0074;992;j
RS;sdiinc992j;p99.5p99.6;2014;0.0076000001;992;j
RS;sdiinc992j;p99.5p99.6;2015;0.0082999999;992;j
RS;sdiinc992j;p99.5p99.6;2016;0.0083999997;992;j
RS;sdiinc992j;p99.5p99.6;2017;0.0083999997;992;j
RS;sptinc992j;p20p100;1990;0.96039999;992;j
RS;sptinc992j;p20p100;1991;0.96030003;992;j
RS;sptinc992j;p20p100;1992;0.96020001;992;j
RS;sptinc992j;p20p100;1993;0.9601;992;j
RS;sptinc992j;p20p100;1994;0.95999998;992;j
RS;sptinc992j;p20p100;1995;0.95999998;992;j
RS;sptinc992j;p20p100;1996;0.95990002;992;j
RS;sptinc992j;p20p100;1997;0.9598;992;j
RS;sptinc992j;p20p100;1998;0.95660001;992;j
RS;sptinc992j;p20p100;1999;0.9562;992;j
RS;sptinc992j;p20p100;2000;0.95709997;992;j
RS;sptinc992j;p20p100;2001;0.95679998;992;j
RS;sptinc992j;p20p100;2002;0.9623;992;j
RS;sptinc992j;p20p100;2003;0.96390003;992;j
RS;sptinc992j;p20p100;2004;0.96700001;992;j
RS;sptinc992j;p20p100;2005;0.96969998;992;j
RS;sptinc992j;p20p100;2006;0.97329998;992;j
RS;sptinc992j;p20p100;2007;0.97610003;992;j
RS;sptinc992j;p20p100;2008;0.9795;992;j
RS;sptinc992j;p20p100;2009;0.98180002;992;j
RS;sptinc992j;p20p100;2010;0.9835;992;j
RS;sptinc992j;p20p100;2011;0.98610002;992;j
RS;sptinc992j;p20p100;2012;0.98699999;992;j
RS;sptinc992j;p20p100;2013;0.98860002;992;j
RS;sptinc992j;p20p100;2014;0.98869997;992;j
RS;sptinc992j;p20p100;2015;0.98839998;992;j
RS;sptinc992j;p20p100;2016;0.98839998;992;j
RS;sptinc992j;p20p100;2017;0.9885;992;j
RS;sptinc992j;p57p58;1990;0.0092000002;992;j
RS;sptinc992j;p57p58;1991;0.0092000002;992;j
RS;sptinc992j;p57p58;1992;0.0091000004;992;j
RS;sptinc992j;p57p58;1993;0.0091000004;992;j
RS;sptinc992j;p57p58;1994;0.0091000004;992;j
RS;sptinc992j;p57p58;1995;0.0091000004;992;j
RS;sptinc992j;p57p58;1996;0.0089999996;992;j
RS;sptinc992j;p57p58;1997;0.0089999996;992;j
RS;sptinc992j;p57p58;1998;0.0089999996;992;j
RS;sptinc992j;p57p58;1999;0.0088999998;992;j
RS;sptinc992j;p57p58;2000;0.0088;992;j
RS;sptinc992j;p57p58;2001;0.0087000001;992;j
RS;sptinc992j;p57p58;2002;0.0087000001;992;j
RS;sptinc992j;p57p58;2003;0.0087000001;992;j
RS;sptinc992j;p57p58;2004;0.0086000003;992;j
RS;sptinc992j;p57p58;2005;0.0085000005;992;j
RS;sptinc992j;p57p58;2006;0.0085000005;992;j
RS;sptinc992j;p57p58;2007;0.0086000003;992;j
RS;sptinc992j;p57p58;2008;0.0086000003;992;j
RS;sptinc992j;p57p58;2009;0.0086000003;992;j
RS;sptinc992j;p57p58;2010;0.0083999997;992;j
RS;sptinc992j;p57p58;2011;0.0082999999;992;j
RS;sptinc992j;p57p58;2012;0.0083999997;992;j
RS;sptinc992j;p57p58;2013;0.0085000005;992;j
RS;sptinc992j;p57p58;2014;0.0082999999;992;j
RS;sptinc992j;p57p58;2015;0.0085000005;992;j
RS;sptinc992j;p57p58;2016;0.0083999997;992;j
RS;sptinc992j;p57p58;2017;0.0083999997;992;j
RS;sptinc992j;p99.994p100;1990;0.0070000002;992;j
RS;sptinc992j;p99.994p100;1991;0.0073000002;992;j
RS;sptinc992j;p99.994p100;1992;0.0074999998;992;j
RS;sptinc992j;p99.994p100;1993;0.0077999998;992;j
RS;sptinc992j;p99.994p100;1994;0.0080000004;992;j
RS;sptinc992j;p99.994p100;1995;0.0082999999;992;j
RS;sptinc992j;p99.994p100;1996;0.0085000005;992;j
RS;sptinc992j;p99.994p100;1997;0.0088;992;j
RS;sptinc992j;p99.994p100;1998;0.0086000003;992;j
RS;sptinc992j;p99.994p100;1999;0.0094999997;992;j
RS;sptinc992j;p99.994p100;2000;0.0103;992;j
RS;sptinc992j;p99.994p100;2001;0.0114;992;j
RS;sptinc992j;p99.994p100;2002;0.0109;992;j
RS;sptinc992j;p99.994p100;2003;0.0105;992;j
RS;sptinc992j;p99.994p100;2004;0.0108;992;j
RS;sptinc992j;p99.994p100;2005;0.0101;992;j
RS;sptinc992j;p99.994p100;2006;0.0103;992;j
RS;sptinc992j;p99.994p100;2007;0.0093;992;j
RS;sptinc992j;p99.994p100;2008;0.0096000005;992;j
RS;sptinc992j;p99.994p100;2009;0.0093;992;j
RS;sptinc992j;p99.994p100;2010;0.0088;992;j
RS;sptinc992j;p99.994p100;2011;0.0093999999;992;j
RS;sptinc992j;p99.994p100;2012;0.0066999998;992;j
RS;sptinc992j;p99.994p100;2013;0.0076000001;992;j
RS;sptinc992j;p99.994p100;2014;0.0141;992;j
RS;sptinc992j;p99.994p100;2015;0.0137;992;j
RS;sptinc992j;p99.994p100;2016;0.0138;992;j
RS;sptinc992j;p99.994p100;2017;0.0138;992;j
RS;tcainc992j;p20p21;1990;192347.2;992;j
RS;tcainc992j;p20p21;1991;169970.3;992;j
RS;tcainc992j;p20p21;1992;119001.5;992;j
RS;tcainc992j;p20p21;1993;78627.297;992;j
RS;tcainc992j;p20p21;1994;82453.5;992;j
RS;tcainc992j;p20p21;1995;88439.797;992;j
RS;tcainc992j;p20p21;1996;90874.898;992;j
RS;tcainc992j;p20p21;1997;97446.602;992;j
RS;tcainc992j;p20p21;1998;113537.4;992;j
RS;tcainc992j;p20p21;1999;127956.8;992;j
RS;tcainc992j;p20p21;2000;138402.91;992;j
RS;tcainc992j;p20p21;2001;135227.41;992;j
RS;tcainc992j;p20p21;2002;130547.9;992;j
RS;tcainc992j;p20p21;2003;133802.41;992;j
RS;tcainc992j;p20p21;2004;147033.5;992;j
RS;tcainc992j;p20p21;2005;164613.7;992;j
RS;tcainc992j;p20p21;2006;159024.5;992;j
RS;tcainc992j;p20p21;2007;156672.5;992;j
RS;tcainc992j;p20p21;2008;159714.8;992;j
RS;tcainc992j;p20p21;2009;141812.5;992;j
RS;tcainc992j;p20p21;2010;126292.9;992;j
RS;tcainc992j;p20p21;2011;111914.8;992;j
RS;tcainc992j;p20p21;2012;114552.5;992;j
RS;tcainc992j;p20p21;2013;91217.797;992;j
RS;tcainc992j;p20p21;2014;125079.7;992;j
RS;tcainc992j;p20p21;2015;101980.2;992;j
RS;tcainc992j;p20p21;2016;105994.3;992;j
RS;tcainc992j;p20p21;2017;105775.5;992;j
RS;tcainc992j;p99.98p99.99;1990;14397269.0;992;j
RS;tcainc992j;p99.98p99.99;1991;12054886.0;992;j
RS;tcainc992j;p99.98p99.99;1992;7897162.0;992;j
RS;tcainc992j;p99.98p99.99;1993;4990667.0;992;j
RS;tcainc992j;p99.98p99.99;1994;5042644.5;992;j
RS;tcainc992j;p99.98p99.99;1995;5237787.0;992;j
RS;tcainc992j;p99.98p99.99;1996;5134225.0;992;j
RS;tcainc992j;p99.98p99.99;1997;5258117.5;992;j
RS;tcainc992j;p99.98p99.99;1998;6030706.0;992;j
RS;tcainc992j;p99.98p99.99;1999;7818521.0;992;j
RS;tcainc992j;p99.98p99.99;2000;9072571.0;992;j
RS;tcainc992j;p99.98p99.99;2001;9709159.0;992;j
RS;tcainc992j;p99.98p99.99;2002;10013153.0;992;j
RS;tcainc992j;p99.98p99.99;2003;10446486.0;992;j
RS;tcainc992j;p99.98p99.99;2004;12661559.0;992;j
RS;tcainc992j;p99.98p99.99;2005;15232647.0;992;j
RS;tcainc992j;p99.98p99.99;2006;15673561.0;992;j
RS;tcainc992j;p99.98p99.99;2007;14376237.0;992;j
RS;tcainc992j;p99.98p99.99;2008;14453856.0;992;j
RS;tcainc992j;p99.98p99.99;2009;16244214.0;992;j
RS;tcainc992j;p99.98p99.99;2010;16163983.0;992;j
RS;tcainc992j;p99.98p99.99;2011;16356478.0;992;j
RS;tcainc992j;p99.98p99.99;2012;21145590.0;992;j
RS;tcainc992j;p99.98p99.99;2013;18314658.0;992;j
RS;tcainc992j;p99.98p99.99;2014;25589544.0;992;j
RS;tcainc992j;p99.98p99.99;2015;34558468.0;992;j
RS;tcainc992j;p99.98p99.99;2016;35855220.0;992;j
RS;tcainc992j;p99.98p99.99;2017;35922856.0;992;j
RS;tdiinc992j;p18p19;1990;278110.91;992;j
RS;tdiinc992j;p18p19;1991;243084.09;992;j
RS;tdiinc992j;p18p19;1992;167819.2;992;j
RS;tdiinc992j;p18p19;1993;109955.6;992;j
RS;tdiinc992j;p18p19;1994;114860.9;992;j
RS;tdiinc992j;p18p19;1995;123176.0;992;j
RS;tdiinc992j;p18p19;1996;125667.8;992;j
RS;tdiinc992j;p18p19;1997;135057.2;992;j
RS;tdiinc992j;p18p19;1998;148511.59;992;j
RS;tdiinc992j;p18p19;1999;159401.59;992;j
RS;tdiinc992j;p18p19;2000;173312.59;992;j
RS;tdiinc992j;p18p19;2001;171460.91;992;j
RS;tdiinc992j;p18p19;2002;172218.41;992;j
RS;tdiinc992j;p18p19;2003;181465.3;992;j
RS;tdiinc992j;p18p19;2004;183472.59;992;j
RS;tdiinc992j;p18p19;2005;201424.59;992;j
RS;tdiinc992j;p18p19;2006;194004.7;992;j
RS;tdiinc992j;p18p19;2007;197643.2;992;j
RS;tdiinc992j;p18p19;2008;200537.0;992;j
RS;tdiinc992j;p18p19;2009;197088.8;992;j
RS;tdiinc992j;p18p19;2010;175742.91;992;j
RS;tdiinc992j;p18p19;2011;159153.8;992;j
RS;tdiinc992j;p18p19;2012;159537.09;992;j
RS;tdiinc992j;p18p19;2013;147532.2;992;j
RS;tdiinc992j;p18p19;2014;187348.0;992;j
RS;tdiinc992j;p18p19;2015;160933.91;992;j
RS;tdiinc992j;p18p19;2016;159220.3;992;j
RS;tdiinc992j;p18p19;2017;159256.3;992;j
RS;tdiinc992j;p99.98p100;1990;19054410.0;992;j
RS;tdiinc992j;p99.98p100;1991;15960881.0;992;j
RS;tdiinc992j;p99.98p100;1992;10460015.0;992;j
RS;tdiinc992j;p99.98p100;1993;6612523.0;992;j
RS;tdiinc992j;p99.98p100;1994;6683517.5;992;j
RS;tdiinc992j;p99.98p100;1995;6944389.5;992;j
RS;tdiinc992j;p99.98p100;1996;6808781.5;992;j
RS;tdiinc992j;p99.98p100;1997;6995971.5;992;j
RS;tdiinc992j;p99.98p100;1998;7786905.5;992;j
RS;tdiinc992j;p99.98p100;1999;9783872.0;992;j
RS;tdiinc992j;p99.98p100;2000;11407311.0;992;j
RS;tdiinc992j;p99.98p100;2001;12477052.0;992;j
RS;tdiinc992j;p99.98p100;2002;13122094.0;992;j
RS;tdiinc992j;p99.98p100;2003;13641462.0;992;j
RS;tdiinc992j;p99.98p100;2004;15580026.0;992;j
RS;tdiinc992j;p99.98p100;2005;18372320.0;992;j
RS;tdiinc992j;p99.98p100;2006;18905668.0;992;j
RS;tdiinc992j;p99.98p100;2007;17796828.0;992;j
RS;tdiinc992j;p99.98p100;2008;17762302.0;992;j
RS;tdiinc992j;p99.98p100;2009;19857574.0;992;j
RS;tdiinc992j;p99.98p100;2010;19691078.0;992;j
RS;tdiinc992j;p99.98p100;2011;19863854.0;992;j
RS;tdiinc992j;p99.98p100;2012;25597812.0;992;j
RS;tdiinc992j;p99.98p100;2013;22180700.0;992;j
RS;tdiinc992j;p99.98p100;2014;30960998.0;992;j
RS;tdiinc992j;p99.98p100;2015;41717332.0;992;j
RS;tdiinc992j;p99.98p100;2016;43564768.0;992;j
RS;tdiinc992j;p99.98p100;2017;43924936.0;992;j
RS;acainc992j;p0p1;1990;44462.398;992;j
RS;acainc992j;p0p1;1991;34562.801;992;j
RS;acainc992j;p0p1;1992;20621.699;992;j
RS;acainc992j;p0p1;1993;11359.4;992;j
RS;acainc992j;p0p1;1994;9586.7998;992;j
RS;acainc992j;p0p1;1995;7907.1001;992;j
RS;acainc992j;p0p1;1996;5750.1001;992;j
RS;acainc992j;p0p1;1997;3651.2;992;j
RS;acainc992j;p0p1;1998;4916.5;992;j
RS;acainc992j;p0p1;1999;6964.3999;992;j
RS;acainc992j;p0p1;2000;3661.7;992;j
RS;acainc992j;p0p1;2001;2966.7;992;j
RS;acainc992j;p0p1;2002;-916.0;992;j
RS;acainc992j;p0p1;2003;6018.7002;992;j
RS;acainc992j;p0p1;2004;6957.3999;992;j
RS;acainc992j;p0p1;2005;8977.9004;992;j
RS;acainc992j;p0p1;2006;9639.7998;992;j
RS;acainc992j;p0p1;2007;3635.7;992;j
RS;acainc992j;p0p1;2008;-233.60001;992;j
RS;acainc992j;p0p1;2009;14567.6;992;j
RS;acainc992j;p0p1;2010;14180.0;992;j
RS;acainc992j;p0p1;2011;12618.4;992;j
RS;acainc992j;p0p1;2012;8946.7002;992;j
RS;acainc992j;p0p1;2013;28630.4;992;j
RS;acainc992j;p0p1;2014;67897.898;992;j
RS;acainc992j;p0p1;2015;44413.602;992;j
RS;acainc992j;p0p1;2016;46091.5;992;j
RS;acainc992j;p0p1;2017;46066.398;992;j
RS;acainc992j;p33p34;1990;310612.59;992;j
RS;acainc992j;p33p34;1991;270909.0;992;j
RS;acainc992j;p33p34;1992;186459.91;992;j
RS;acainc992j;p33p34;1993;121455.7;992;j
RS;acainc992j;p33p34;1994;125714.4;992;j
RS;acainc992j;p33p34;1995;133329.3;992;j
RS;acainc992j;p33p34;1996;135335.41;992;j
RS;acainc992j;p33p34;1997;143762.2;992;j
RS;acainc992j;p33p34;1998;154614.09;992;j
RS;acainc992j;p33p34;1999;176759.91;992;j
RS;acainc992j;p33p34;2000;190065.8;992;j
RS;acainc992j;p33p34;2001;184021.41;992;j
RS;acainc992j;p33p34;2002;189285.41;992;j
RS;acainc992j;p33p34;2003;198187.7;992;j
RS;acainc992j;p33p34;2004;231925.7;992;j
RS;acainc992j;p33p34;2005;258588.09;992;j
RS;acainc992j;p33p34;2006;265919.31;992;j
RS;acainc992j;p33p34;2007;263012.59;992;j
RS;acainc992j;p33p34;2008;277310.69;992;j
RS;acainc992j;p33p34;2009;267232.59;992;j
RS;acainc992j;p33p34;2010;258620.09;992;j
RS;acainc992j;p33p34;2011;251289.09;992;j
RS;acainc992j;p33p34;2012;244580.09;992;j
RS;acainc992j;p33p34;2013;240906.91;992;j
RS;acainc992j;p33p34;2014;239605.59;992;j
RS;acainc992j;p33p34;2015;234540.3;992;j
RS;acainc992j;p33p34;2016;243288.8;992;j
RS;acainc992j;p33p34;2017;243323.5;992;j
RS;acainc992j;p99.992p100;1990;50580412.0;992;j
RS;acainc992j;p99.992p100;1991;40901748.0;992;j
RS;acainc992j;p99.992p100;1992;25506656.0;992;j
RS;acainc992j;p99.992p100;1993;15563013.0;992;j
RS;acainc992j;p99.992p100;1994;15369607.0;992;j
RS;acainc992j;p99.992p100;1995;15650321.0;992;j
RS;acainc992j;p99.992p100;1996;15024766.0;992;j
RS;acainc992j;p99.992p100;1997;15043021.0;992;j
RS;acainc992j;p99.992p100;1998;17659976.0;992;j
RS;acainc992j;p99.992p100;1999;25008800.0;992;j
RS;acainc992j;p99.992p100;2000;28882666.0;992;j
RS;acainc992j;p99.992p100;2001;33081120.0;992;j
RS;acainc992j;p99.992p100;2002;32218548.0;992;j
RS;acainc992j;p99.992p100;2003;33799492.0;992;j
RS;acainc992j;p99.992p100;2004;41128548.0;992;j
RS;acainc992j;p99.992p100;2005;51031768.0;992;j
RS;acainc992j;p99.992p100;2006;48915188.0;992;j
RS;acainc992j;p99.992p100;2007;41767428.0;992;j
RS;acainc992j;p99.992p100;2008;38863076.0;992;j
RS;acainc992j;p99.992p100;2009;48250488.0;992;j
RS;acainc992j;p99.992p100;2010;45783976.0;992;j
RS;acainc992j;p99.992p100;2011;45015328.0;992;j
RS;acainc992j;p99.992p100;2012;72934056.0;992;j
RS;acainc992j;p99.992p100;2013;54603512.0;992;j
RS;acainc992j;p99.992p100;2014;111482752.0;992;j
RS;acainc992j;p99.992p100;2015;194723504.0;992;j
RS;acainc992j;p99.992p100;2016;202125776.0;992;j
RS;acainc992j;p99.992p100;2017;202764224.0;992;j
RS;acainc992j;p99p99.1;1990;2158250.0;992;j
RS;acainc992j;p99p99.1;1991;1869621.8;992;j
RS;acainc992j;p99p99.1;1992;1282515.3;992;j
RS;acainc992j;p99p99.1;1993;835355.0;992;j
RS;acainc992j;p99p99.1;1994;861514.38;992;j
RS;acainc992j;p99p99.1;1995;910635.5;992;j
RS;acainc992j;p99p99.1;1996;913154.63;992;j
RS;acainc992j;p99p99.1;1997;958531.38;992;j
RS;acainc992j;p99p99.1;1998;1066332.3;992;j
RS;acainc992j;p99p99.1;1999;1245308.4;992;j
RS;acainc992j;p99p99.1;2000;1415312.3;992;j
RS;acainc992j;p99p99.1;2001;1402986.4;992;j
RS;acainc992j;p99p99.1;2002;1517888.6;992;j
RS;acainc992j;p99p99.1;2003;1591207.3;992;j
RS;acainc992j;p99p99.1;2004;1930789.4;992;j
RS;acainc992j;p99p99.1;2005;2245151.0;992;j
RS;acainc992j;p99p99.1;2006;2455511.5;992;j
RS;acainc992j;p99p99.1;2007;2442775.5;992;j
RS;acainc992j;p99p99.1;2008;2657574.0;992;j
RS;acainc992j;p99p99.1;2009;2671097.8;992;j
RS;acainc992j;p99p99.1;2010;2782603.8;992;j
RS;acainc992j;p99p99.1;2011;2893743.3;992;j
RS;acainc992j;p99p99.1;2012;2913650.5;992;j
RS;acainc992j;p99p99.1;2013;2957751.3;992;j
RS;acainc992j;p99p99.1;2014;2820797.8;992;j
RS;acainc992j;p99p99.1;2015;2978325.3;992;j
RS;acainc992j;p99p99.1;2016;3088397.0;992;j
RS;acainc992j;p99p99.1;2017;3091735.0;992;j
RS;acfcgo999i;p0p100;1997;5742.1001;999;i
RS;acfcgo999i;p0p100;1998;5380.2998;999;i
RS;acfcgo999i;p0p100;1999;6771.8999;999;i
RS;acfcgo999i;p0p100;2000;6624.2002;999;i
RS;acfcgo999i;p0p100;2001;8435.0996;999;i
RS;acfcgo999i;p0p100;2002;8515.5996;999;i
RS;acfcgo999i;p0p100;2003;8519.7998;999;i
RS;acfcgo999i;p0p100;2004;7900.2998;999;i
RS;acfcgo999i;p0p100;2005;8019.5;999;i
RS;acfcgo999i;p0p100;2006;8231.5996;999;i
RS;acfcgo999i;p0p100;2007;9332.9004;999;i
RS;acfcgo999i;p0p100;2008;9704.4004;999;i
RS;acfcgo999i;p0p100;2009;9718.9004;999;i
RS;acfcgo999i;p0p100;2010;9649.2002;999;i
RS;acfcgo999i;p0p100;2011;9717.2002;999;i
RS;adiinc992j;p48p100;1990;1089169.8;992;j
RS;adiinc992j;p48p100;1991;943542.81;992;j
RS;adiinc992j;p48p100;1992;644599.0;992;j
RS;adiinc992j;p48p100;1993;417083.31;992;j
RS;adiinc992j;p48p100;1994;428558.41;992;j
RS;adiinc992j;p48p100;1995;451286.0;992;j
RS;adiinc992j;p48p100;1996;453667.41;992;j
RS;adiinc992j;p48p100;1997;479352.0;992;j
RS;adiinc992j;p48p100;1998;505050.31;992;j
RS;adiinc992j;p48p100;1999;555201.63;992;j
RS;adiinc992j;p48p100;2000;610926.88;992;j
RS;adiinc992j;p48p100;2001;610424.13;992;j
RS;adiinc992j;p48p100;2002;663371.19;992;j
RS;adiinc992j;p48p100;2003;699225.69;992;j
RS;adiinc992j;p48p100;2004;796888.81;992;j
RS;adiinc992j;p48p100;2005;894335.0;992;j
RS;adiinc992j;p48p100;2006;953090.81;992;j
RS;adiinc992j;p48p100;2007;985171.31;992;j
RS;adiinc992j;p48p100;2008;1053411.3;992;j
RS;adiinc992j;p48p100;2009;1040775.7;992;j
RS;adiinc992j;p48p100;2010;1054805.3;992;j
RS;adiinc992j;p48p100;2011;1070492.8;992;j
RS;adiinc992j;p48p100;2012;1071417.9;992;j
RS;adiinc992j;p48p100;2013;1101235.9;992;j
RS;adiinc992j;p48p100;2014;1055812.3;992;j
RS;adiinc992j;p48p100;2015;1081657.3;992;j
RS;adiinc992j;p48p100;2016;1120343.0;992;j
RS;adiinc992j;p48p100;2017;1127643.4;992;j
RS;adiinc992j;p75p76;1990;947660.88;992;j
RS;adiinc992j;p75p76;1991;821105.19;992;j
RS;adiinc992j;p75p76;1992;561496.31;992;j
RS;adiinc992j;p75p76;1993;363196.19;992;j
RS;adiinc992j;p75p76;1994;373297.91;992;j
RS;adiinc992j;p75p76;1995;393197.09;992;j
RS;adiinc992j;p75p76;1996;396052.41;992;j
RS;adiinc992j;p75p76;1997;419409.41;992;j
RS;adiinc992j;p75p76;1998;437274.41;992;j
RS;adiinc992j;p75p76;1999;473680.31;992;j
RS;adiinc992j;p75p76;2000;515300.0;992;j
RS;adiinc992j;p75p76;2001;509759.59;992;j
RS;adiinc992j;p75p76;2002;554206.5;992;j
RS;adiinc992j;p75p76;2003;583039.31;992;j
RS;adiinc992j;p75p76;2004;663070.38;992;j
RS;adiinc992j;p75p76;2005;736006.0;992;j
RS;adiinc992j;p75p76;2006;777374.5;992;j
RS;adiinc992j;p75p76;2007;812737.81;992;j
RS;adiinc992j;p75p76;2008;866726.88;992;j
RS;adiinc992j;p75p76;2009;847922.0;992;j
RS;adiinc992j;p75p76;2010;850170.88;992;j
RS;adiinc992j;p75p76;2011;854075.5;992;j
RS;adiinc992j;p75p76;2012;850043.0;992;j
RS;adiinc992j;p75p76;2013;895505.13;992;j
RS;adiinc992j;p75p76;2014;834318.13;992;j
RS;adiinc992j;p75p76;2015;813582.69;992;j
RS;adiinc992j;p75p76;2016;840391.69;992;j
RS;adiinc992j;p75p76;2017;845448.81;992;j
RS;adiinc992j;p82p100;1990;1626086.3;992;j
RS;adiinc992j;p82p100;1991;1405369.4;992;j
RS;adiinc992j;p82p100;1992;958705.19;992;j
RS;adiinc992j;p82p100;1993;620081.63;992;j
RS;adiinc992j;p82p100;1994;636755.5;992;j
RS;adiinc992j;p82p100;1995;670205.13;992;j
RS;adiinc992j;p82p100;1996;672153.31;992;j
RS;adiinc992j;p82p100;1997;708215.5;992;j
RS;adiinc992j;p82p100;1998;754166.69;992;j
RS;adiinc992j;p82p100;1999;839512.88;992;j
RS;adiinc992j;p82p100;2000;933228.13;992;j
RS;adiinc992j;p82p100;2001;939438.31;992;j
RS;adiinc992j;p82p100;2002;1024410.9;992;j
RS;adiinc992j;p82p100;2003;1083197.0;992;j
RS;adiinc992j;p82p100;2004;1243969.3;992;j
RS;adiinc992j;p82p100;2005;1412435.9;992;j
RS;adiinc992j;p82p100;2006;1517758.8;992;j
RS;adiinc992j;p82p100;2007;1561068.8;992;j
RS;adiinc992j;p82p100;2008;1671592.3;992;j
RS;adiinc992j;p82p100;2009;1668575.8;992;j
RS;adiinc992j;p82p100;2010;1711455.4;992;j
RS;adiinc992j;p82p100;2011;1756833.0;992;j
RS;adiinc992j;p82p100;2012;1768414.8;992;j
RS;adiinc992j;p82p100;2013;1800392.3;992;j
RS;adiinc992j;p82p100;2014;1746886.3;992;j
RS;adiinc992j;p82p100;2015;1846059.5;992;j
RS;adiinc992j;p82p100;2016;1918548.9;992;j
RS;adiinc992j;p82p100;2017;1932061.0;992;j
RS;adiinc992j;p99.3p100;1990;6481454.5;992;j
RS;adiinc992j;p99.3p100;1991;5506723.5;992;j
RS;adiinc992j;p99.3p100;1992;3682350.5;992;j
RS;adiinc992j;p99.3p100;1993;2360653.0;992;j
RS;adiinc992j;p99.3p100;1994;2409074.8;992;j
RS;adiinc992j;p99.3p100;1995;2524217.0;992;j
RS;adiinc992j;p99.3p100;1996;2501269.8;992;j
RS;adiinc992j;p99.3p100;1997;2600599.8;992;j
RS;adiinc992j;p99.3p100;1998;2851707.5;992;j
RS;adiinc992j;p99.3p100;1999;3417884.0;992;j
RS;adiinc992j;p99.3p100;2000;3960502.5;992;j
RS;adiinc992j;p99.3p100;2001;4196746.0;992;j
RS;adiinc992j;p99.3p100;2002;4510020.5;992;j
RS;adiinc992j;p99.3p100;2003;4693733.0;992;j
RS;adiinc992j;p99.3p100;2004;5360436.5;992;j
RS;adiinc992j;p99.3p100;2005;6231364.0;992;j
RS;adiinc992j;p99.3p100;2006;6589250.0;992;j
RS;adiinc992j;p99.3p100;2007;6434748.0;992;j
RS;adiinc992j;p99.3p100;2008;6673783.5;992;j
RS;adiinc992j;p99.3p100;2009;7077959.0;992;j
RS;adiinc992j;p99.3p100;2010;7173963.5;992;j
RS;adiinc992j;p99.3p100;2011;7332885.0;992;j
RS;adiinc992j;p99.3p100;2012;8472748.0;992;j
RS;adiinc992j;p99.3p100;2013;7852213.5;992;j
RS;adiinc992j;p99.3p100;2014;9476439.0;992;j
RS;adiinc992j;p99.3p100;2015;12063815.0;992;j
RS;adiinc992j;p99.3p100;2016;12590895.0;992;j
RS;adiinc992j;p99.3p100;2017;12692735.0;992;j
RS;ansrho992i;p0p100;1997;21090.699;992;i
RS;ansrho992i;p0p100;1998;19200.301;992;i
RS;ansrho992i;p0p100;1999;28972.1;992;i
RS;ansrho992i;p0p100;2000;30087.4;992;i
RS;ansrho992i;p0p100;2001;30136.0;992;i
RS;ansrho992i;p0p100;2002;29211.1;992;i
RS;ansrho992i;p0p100;2003;35180.102;992;i
RS;ansrho992i;p0p100;2004;36618.801;992;i
RS;ansrho992i;p0p100;2005;39516.5;992;i
RS;ansrho992i;p0p100;2006;43201.801;992;i
RS;ansrho992i;p0p100;2007;44970.102;992;i
RS;ansrho992i;p0p100;2008;44395.801;992;i
RS;ansrho992i;p0p100;2009;49831.602;992;i
RS;ansrho992i;p0p100;2010;51047.699;992;i
RS;ansrho992i;p0p100;2011;52127.898;992;i
RS;aprgnf992i;p0p100;1997;-20229.699;992;i
RS;aprgnf992i;p0p100;1998;16375.8;992;i
RS;aprgnf992i;p0p100;1999;46447.5;992;i
RS;aprgnf992i;p0p100;2000;61505.5;992;i
RS;aprgnf992i;p0p100;2001;45078.602;992;i
RS;aprgnf992i;p0p100;2002;31480.0;992;i
RS;aprgnf992i;p0p100;2003;23846.4;992;i
RS;aprgnf992i;p0p100;2004;61788.5;992;i
RS;aprgnf992i;p0p100;2005;70875.203;992;i
RS;aprgnf992i;p0p100;2006;77912.297;992;i
RS;aprgnf992i;p0p100;2007;76620.0;992;i
RS;aprgnf992i;p0p100;2008;66238.703;992;i
RS;aprgnf992i;p0p100;2009;76685.602;992;i
RS;aprgnf992i;p0p100;2010;76196.398;992;i
RS;aprgnf992i;p0p100;2011;86922.297;992;i
RS;aptfop999i;p0p100;2007;12786.1;999;i
RS;aptfop999i;p0p100;2008;14694.3;999;i
RS;aptfop999i;p0p100;2009;13010.6;999;i
RS;aptfop999i;p0p100;2010;13576.1;999;i
RS;aptfop999i;p0p100;2011;13607.4;999;i
RS;aptfop999i;p0p100;2012;15003.7;999;i
RS;aptfop999i;p0p100;2013;15318.7;999;i
RS;aptfop999i;p0p100;2014;16054.6;999;i
RS;aptfop999i;p0p100;2015;18224.0;999;i
RS;aptfop999i;p0p100;2016;17759.0;999;i
RS;aptfop999i;p0p100;2017;15014.5;999;i
RS;aptfop999i;p0p100;2018;11589.8;999;i
RS;aptinc992j;p10p11;1990;159046.5;992;j
RS;aptinc992j;p10p11;1991;139333.0;992;j
RS;aptinc992j;p10p11;1992;96000.797;992;j
RS;aptinc992j;p10p11;1993;62613.5;992;j
RS;aptinc992j;p10p11;1994;64862.699;992;j
RS;aptinc992j;p10p11;1995;68911.398;992;j
RS;aptinc992j;p10p11;1996;69979.203;992;j
RS;aptinc992j;p10p11;1997;74682.0;992;j
RS;aptinc992j;p10p11;1998;86151.5;992;j
RS;aptinc992j;p10p11;1999;95220.297;992;j
RS;aptinc992j;p10p11;2000;102965.3;992;j
RS;aptinc992j;p10p11;2001;104212.1;992;j
RS;aptinc992j;p10p11;2002;96850.898;992;j
RS;aptinc992j;p10p11;2003;96473.703;992;j
RS;aptinc992j;p10p11;2004;96989.0;992;j
RS;aptinc992j;p10p11;2005;96734.602;992;j
RS;aptinc992j;p10p11;2006;88620.797;992;j
RS;aptinc992j;p10p11;2007;80389.203;992;j
RS;aptinc992j;p10p11;2008;69343.398;992;j
RS;aptinc992j;p10p11;2009;59191.801;992;j
RS;aptinc992j;p10p11;2010;53845.0;992;j
RS;aptinc992j;p10p11;2011;45740.301;992;j
RS;aptinc992j;p10p11;2012;40138.0;992;j
RS;aptinc992j;p10p11;2013;33234.0;992;j
RS;aptinc992j;p10p11;2014;32691.301;992;j
RS;aptinc992j;p10p11;2015;33901.102;992;j
RS;aptinc992j;p10p11;2016;35085.0;992;j
RS;aptinc992j;p10p11;2017;35035.199;992;j
RS;aptinc992j;p16p100;1990;850942.69;992;j
RS;aptinc992j;p16p100;1991;738565.63;992;j
RS;aptinc992j;p16p100;1992;505576.59;992;j
RS;aptinc992j;p16p100;1993;327722.19;992;j
RS;aptinc992j;p16p100;1994;337378.41;992;j
RS;aptinc992j;p16p100;1995;355925.91;992;j
RS;aptinc992j;p16p100;1996;358638.31;992;j
RS;aptinc992j;p16p100;1997;380043.69;992;j
RS;aptinc992j;p16p100;1998;398679.81;992;j
RS;aptinc992j;p16p100;1999;436381.59;992;j
RS;aptinc992j;p16p100;2000;480110.0;992;j
RS;aptinc992j;p16p100;2001;479156.0;992;j
RS;aptinc992j;p16p100;2002;517820.69;992;j
RS;aptinc992j;p16p100;2003;544770.38;992;j
RS;aptinc992j;p16p100;2004;614591.88;992;j
RS;aptinc992j;p16p100;2005;686901.31;992;j
RS;aptinc992j;p16p100;2006;727094.69;992;j
RS;aptinc992j;p16p100;2007;751872.69;992;j
RS;aptinc992j;p16p100;2008;802603.81;992;j
RS;aptinc992j;p16p100;2009;789709.31;992;j
RS;aptinc992j;p16p100;2010;792790.38;992;j
RS;aptinc992j;p16p100;2011;796892.19;992;j
RS;aptinc992j;p16p100;2012;796263.69;992;j
RS;aptinc992j;p16p100;2013;816477.63;992;j
RS;aptinc992j;p16p100;2014;800407.13;992;j
RS;aptinc992j;p16p100;2015;805926.0;992;j
RS;aptinc992j;p16p100;2016;830861.38;992;j
RS;aptinc992j;p16p100;2017;835828.88;992;j
RS;aptinc992j;p29p30;1990;373769.69;992;j
RS;aptinc992j;p29p30;1991;324282.5;992;j
RS;aptinc992j;p29p30;1992;222002.8;992;j
RS;aptinc992j;p29p30;1993;143996.5;992;j
RS;aptinc992j;p29p30;1994;148208.8;992;j
RS;aptinc992j;p29p30;1995;156270.2;992;j
RS;aptinc992j;p29p30;1996;157632.5;992;j
RS;aptinc992j;p29p30;1997;167191.8;992;j
RS;aptinc992j;p29p30;1998;177080.2;992;j
RS;aptinc992j;p29p30;1999;191701.59;992;j
RS;aptinc992j;p29p30;2000;208152.7;992;j
RS;aptinc992j;p29p30;2001;207161.3;992;j
RS;aptinc992j;p29p30;2002;216351.0;992;j
RS;aptinc992j;p29p30;2003;221833.2;992;j
RS;aptinc992j;p29p30;2004;240858.2;992;j
RS;aptinc992j;p29p30;2005;259498.8;992;j
RS;aptinc992j;p29p30;2006;262113.59;992;j
RS;aptinc992j;p29p30;2007;269535.19;992;j
RS;aptinc992j;p29p30;2008;278620.0;992;j
RS;aptinc992j;p29p30;2009;266853.31;992;j
RS;aptinc992j;p29p30;2010;254918.8;992;j
RS;aptinc992j;p29p30;2011;238944.8;992;j
RS;aptinc992j;p29p30;2012;234917.0;992;j
RS;aptinc992j;p29p30;2013;240778.41;992;j
RS;aptinc992j;p29p30;2014;225536.8;992;j
RS;aptinc992j;p29p30;2015;245784.3;992;j
RS;aptinc992j;p29p30;2016;253377.8;992;j
RS;aptinc992j;p29p30;2017;254686.09;992;j
RS;aptinc992j;p39p40;1990;487931.41;992;j
RS;aptinc992j;p39p40;1991;420577.91;992;j
RS;aptinc992j;p39p40;1992;286049.31;992;j
RS;aptinc992j;p39p40;1993;184234.59;992;j
RS;aptinc992j;p39p40;1994;188514.91;992;j
RS;aptinc992j;p39p40;1995;197568.2;992;j
RS;aptinc992j;p39p40;1996;198035.41;992;j
RS;aptinc992j;p39p40;1997;208739.09;992;j
RS;aptinc992j;p39p40;1998;213690.59;992;j
RS;aptinc992j;p39p40;1999;233644.5;992;j
RS;aptinc992j;p39p40;2000;254052.5;992;j
RS;aptinc992j;p39p40;2001;252745.41;992;j
RS;aptinc992j;p39p40;2002;270058.5;992;j
RS;aptinc992j;p39p40;2003;281180.31;992;j
RS;aptinc992j;p39p40;2004;311307.81;992;j
RS;aptinc992j;p39p40;2005;338764.5;992;j
RS;aptinc992j;p39p40;2006;353982.81;992;j
RS;aptinc992j;p39p40;2007;369028.69;992;j
RS;aptinc992j;p39p40;2008;388648.0;992;j
RS;aptinc992j;p39p40;2009;377317.09;992;j
RS;aptinc992j;p39p40;2010;369531.0;992;j
RS;aptinc992j;p39p40;2011;359351.31;992;j
RS;aptinc992j;p39p40;2012;355105.69;992;j
RS;aptinc992j;p39p40;2013;368081.19;992;j
RS;aptinc992j;p39p40;2014;349959.81;992;j
RS;aptinc992j;p39p40;2015;362639.41;992;j
RS;aptinc992j;p39p40;2016;373758.91;992;j
RS;aptinc992j;p39p40;2017;375741.0;992;j
RS;aptinc992j;p79p100;1990;1656613.4;992;j
RS;aptinc992j;p79p100;1991;1443339.5;992;j
RS;aptinc992j;p79p100;1992;991556.69;992;j
RS;aptinc992j;p79p100;1993;645082.88;992;j
RS;aptinc992j;p79p100;1994;666503.88;992;j
RS;aptinc992j;p79p100;1995;705789.38;992;j
RS;aptinc992j;p79p100;1996;712799.31;992;j
RS;aptinc992j;p79p100;1997;757110.13;992;j
RS;aptinc992j;p79p100;1998;797185.31;992;j
RS;aptinc992j;p79p100;1999;877863.69;992;j
RS;aptinc992j;p79p100;2000;979311.19;992;j
RS;aptinc992j;p79p100;2001;983435.13;992;j
RS;aptinc992j;p79p100;2002;1073473.8;992;j
RS;aptinc992j;p79p100;2003;1136595.3;992;j
RS;aptinc992j;p79p100;2004;1304885.5;992;j
RS;aptinc992j;p79p100;2005;1479786.5;992;j
RS;aptinc992j;p79p100;2006;1577832.0;992;j
RS;aptinc992j;p79p100;2007;1621789.9;992;j
RS;aptinc992j;p79p100;2008;1744630.8;992;j
RS;aptinc992j;p79p100;2009;1729474.9;992;j
RS;aptinc992j;p79p100;2010;1769182.8;992;j
RS;aptinc992j;p79p100;2011;1809929.6;992;j
RS;aptinc992j;p79p100;2012;1804571.0;992;j
RS;aptinc992j;p79p100;2013;1837188.4;992;j
RS;aptinc992j;p79p100;2014;1842983.8;992;j
RS;aptinc992j;p79p100;2015;1832256.9;992;j
RS;aptinc992j;p79p100;2016;1889294.3;992;j
RS;aptinc992j;p79p100;2017;1901520.4;992;j
RS;aptinc992j;p99.7p99.8;1990;6180535.5;992;j
RS;aptinc992j;p99.7p99.8;1991;5442627.5;992;j
RS;aptinc992j;p99.7p99.8;1992;3780050.8;992;j
RS;aptinc992j;p99.7p99.8;1993;2485590.5;992;j
RS;aptinc992j;p99.7p99.8;1994;2598770.3;992;j
RS;aptinc992j;p99.7p99.8;1995;2783367.0;992;j
RS;aptinc992j;p99.7p99.8;1996;2828649.5;992;j
RS;aptinc992j;p99.7p99.8;1997;3021921.3;992;j
RS;aptinc992j;p99.7p99.8;1998;3217015.0;992;j
RS;aptinc992j;p99.7p99.8;1999;3636870.3;992;j
RS;aptinc992j;p99.7p99.8;2000;4223078.0;992;j
RS;aptinc992j;p99.7p99.8;2001;4341151.0;992;j
RS;aptinc992j;p99.7p99.8;2002;4741353.5;992;j
RS;aptinc992j;p99.7p99.8;2003;4978114.0;992;j
RS;aptinc992j;p99.7p99.8;2004;5781172.5;992;j
RS;aptinc992j;p99.7p99.8;2005;6529977.5;992;j
RS;aptinc992j;p99.7p99.8;2006;6970678.0;992;j
RS;aptinc992j;p99.7p99.8;2007;6868222.0;992;j
RS;aptinc992j;p99.7p99.8;2008;7402199.5;992;j
RS;aptinc992j;p99.7p99.8;2009;7326094.0;992;j
RS;aptinc992j;p99.7p99.8;2010;7619176.5;992;j
RS;aptinc992j;p99.7p99.8;2011;7901817.0;992;j
RS;aptinc992j;p99.7p99.8;2012;7614826.5;992;j
RS;aptinc992j;p99.7p99.8;2013;7759767.0;992;j
RS;aptinc992j;p99.7p99.8;2014;8533230.0;992;j
RS;aptinc992j;p99.7p99.8;2015;8304283.5;992;j
RS;aptinc992j;p99.7p99.8;2016;8569472.0;992;j
RS;aptinc992j;p99.7p99.8;2017;8634128.0;992;j
RS;asegnp999i;p0p100;1997;39.200001;999;i
RS;asegnp999i;p0p100;1998;76.800003;999;i
RS;asegnp999i;p0p100;1999;48.099998;999;i
RS;asegnp999i;p0p100;2000;54.599998;999;i
RS;asegnp999i;p0p100;2001;78.900002;999;i
RS;asegnp999i;p0p100;2002;80.800003;999;i
RS;asegnp999i;p0p100;2003;87.599998;999;i
RS;asegnp999i;p0p100;2004;118.6;999;i
RS;asegnp999i;p0p100;2005;157.2;999;i
RS;asegnp999i;p0p100;2006;185.0;999;i
RS;asegnp999i;p0p100;2007;197.3;999;i
RS;asegnp999i;p0p100;2008;216.0;999;i
RS;asegnp999i;p0p100;2009;208.89999;999;i
RS;asegnp999i;p0p100;2010;194.10001;999;i
RS;asegnp999i;p0p100;2011;199.0;999;i
RS;aspigo992i;p0p100;1997;5008.7998;992;i
RS;aspigo992i;p0p100;1998;5125.8999;992;i
RS;aspigo992i;p0p100;1999;4839.5;992;i
RS;aspigo992i;p0p100;2000;5041.6001;992;i
RS;aspigo992i;p0p100;2001;16320.8;992;i
RS;aspigo992i;p0p100;2002;20930.801;992;i
RS;aspigo992i;p0p100;2003;16991.6;992;i
RS;aspigo992i;p0p100;2004;17207.6;992;i
RS;aspigo992i;p0p100;2005;19711.9;992;i
RS;aspigo992i;p0p100;2006;17542.199;992;i
RS;aspigo992i;p0p100;2007;18315.4;992;i
RS;aspigo992i;p0p100;2008;20352.4;992;i
RS;aspigo992i;p0p100;2009;15705.8;992;i
RS;aspigo992i;p0p100;2010;18430.9;992;i
RS;aspigo992i;p0p100;2011;19930.301;992;i
RS;ataxco992i;p0p100;1997;1496.7;992;i
RS;ataxco992i;p0p100;1998;1341.1;992;i
RS;ataxco992i;p0p100;1999;1853.4;992;i
RS;ataxco992i;p0p100;2000;1933.0;992;i
RS;ataxco992i;p0p100;2001;1969.7;992;i
RS;ataxco992i;p0p100;2002;2835.8999;992;i
RS;ataxco992i;p0p100;2003;2422.3;992;i
RS;ataxco992i;p0p100;2004;3878.1001;992;i
RS;ataxco992i;p0p100;2005;4977.7002;992;i
RS;ataxco992i;p0p100;2006;6478.7002;992;i
RS;ataxco992i;p0p100;2007;7572.2998;992;i
RS;ataxco992i;p0p100;2008;6863.2002;992;i
RS;ataxco992i;p0p100;2009;6736.0;992;i
RS;ataxco992i;p0p100;2010;7465.8999;992;i
RS;ataxco992i;p0p100;2011;9623.0996;992;i
RS;ataxho999i;p0p100;1997;52294.301;999;i
RS;ataxho999i;p0p100;1998;53058.898;999;i
RS;ataxho999i;p0p100;1999;52510.301;999;i
RS;ataxho999i;p0p100;2000;54306.301;999;i
RS;ataxho999i;p0p100;2001;65070.102;999;i
RS;ataxho999i;p0p100;2002;79086.0;999;i
RS;ataxho999i;p0p100;2003;76583.297;999;i
RS;ataxho999i;p0p100;2004;87514.703;999;i
RS;ataxho999i;p0p100;2005;92858.398;999;i
RS;ataxho999i;p0p100;2006;105101.4;999;i
RS;ataxho999i;p0p100;2007;108883.4;999;i
RS;ataxho999i;p0p100;2008;114842.0;999;i
RS;ataxho999i;p0p100;2009;106787.4;999;i
RS;ataxho999i;p0p100;2010;108054.9;999;i
RS;ataxho999i;p0p100;2011;113654.3;999;i
RS;bcainc992j;p21p100;1990;3.1180587;992;j
RS;bcainc992j;p21p100;1991;3.0575571;992;j
RS;bcainc992j;p21p100;1992;2.9897788;992;j
RS;bcainc992j;p21p100;1993;2.9336746;992;j
RS;bcainc992j;p21p100;1994;2.8753343;992;j
RS;bcainc992j;p21p100;1995;2.816792;992;j
RS;bcainc992j;p21p100;1996;2.7616377;992;j
RS;bcainc992j;p21p100;1997;2.7025476;992;j
RS;bcainc992j;p21p100;1998;2.5627277;992;j
RS;bcainc992j;p21p100;1999;2.5958858;992;j
RS;bcainc992j;p21p100;2000;2.5835474;992;j
RS;bcainc992j;p21p100;2001;2.5791552;992;j
RS;bcainc992j;p21p100;2002;2.8026948;992;j
RS;bcainc992j;p21p100;2003;2.8867629;992;j
RS;bcainc992j;p21p100;2004;3.1461303;992;j
RS;bcainc992j;p21p100;2005;3.2017019;992;j
RS;bcainc992j;p21p100;2006;3.4835103;992;j
RS;bcainc992j;p21p100;2007;3.5653343;992;j
RS;bcainc992j;p21p100;2008;3.7310975;992;j
RS;bcainc992j;p21p100;2009;4.1244879;992;j
RS;bcainc992j;p21p100;2010;4.6431618;992;j
RS;bcainc992j;p21p100;2011;5.2646933;992;j
RS;bcainc992j;p21p100;2012;5.1333685;992;j
RS;bcainc992j;p21p100;2013;6.6254621;992;j
RS;bcainc992j;p21p100;2014;4.8900023;992;j
RS;bcainc992j;p21p100;2015;6.0045896;992;j
RS;bcainc992j;p21p100;2016;5.9911294;992;j
RS;bcainc992j;p21p100;2017;6.0069795;992;j
RS;bcainc992j;p60p100;1990;1.7190005;992;j
RS;bcainc992j;p60p100;1991;1.7166317;992;j
RS;bcainc992j;p60p100;1992;1.7132405;992;j
RS;bcainc992j;p60p100;1993;1.7116756;992;j
RS;bcainc992j;p60p100;1994;1.7088817;992;j
RS;bcainc992j;p60p100;1995;1.7081221;992;j
RS;bcainc992j;p60p100;1996;1.7025971;992;j
RS;bcainc992j;p60p100;1997;1.6961708;992;j
RS;bcainc992j;p60p100;1998;1.7023447;992;j
RS;bcainc992j;p60p100;1999;1.7207539;992;j
RS;bcainc992j;p60p100;2000;1.7583981;992;j
RS;bcainc992j;p60p100;2001;1.7780706;992;j
RS;bcainc992j;p60p100;2002;1.8034045;992;j
RS;bcainc992j;p60p100;2003;1.8109934;992;j
RS;bcainc992j;p60p100;2004;1.8499494;992;j
RS;bcainc992j;p60p100;2005;1.88375;992;j
RS;bcainc992j;p60p100;2006;1.9102514;992;j
RS;bcainc992j;p60p100;2007;1.8998662;992;j
RS;bcainc992j;p60p100;2008;1.9130777;992;j
RS;bcainc992j;p60p100;2009;1.9497585;992;j
RS;bcainc992j;p60p100;2010;2.0035195;992;j
RS;bcainc992j;p60p100;2011;2.0450218;992;j
RS;bcainc992j;p60p100;2012;2.0781121;992;j
RS;bcainc992j;p60p100;2013;2.0594468;992;j
RS;bcainc992j;p60p100;2014;2.0558991;992;j
RS;bcainc992j;p60p100;2015;2.1851108;992;j
RS;bcainc992j;p60p100;2016;2.1846688;992;j
RS;bcainc992j;p60p100;2017;2.1859591;992;j
RS;bcainc992j;p87p100;1990;1.5929257;992;j
RS;bcainc992j;p87p100;1991;1.5916952;992;j
RS;bcainc992j;p87p100;1992;1.5911351;992;j
RS;bcainc992j;p87p100;1993;1.5940034;992;j
RS;bcainc992j;p87p100;1994;1.5970488;992;j
RS;bcainc992j;p87p100;1995;1.6016488;992;j
RS;bcainc992j;p87p100;1996;1.6004356;992;j
RS;bcainc992j;p87p100;1997;1.5988506;992;j
RS;bcainc992j;p87p100;1998;1.6152767;992;j
RS;bcainc992j;p87p100;1999;1.6641426;992;j
RS;bcainc992j;p87p100;2000;1.7216029;992;j
RS;bcainc992j;p87p100;2001;1.7660584;992;j
RS;bcainc992j;p87p100;2002;1.7812221;992;j
RS;bcainc992j;p87p100;2003;1.7474148;992;j
RS;bcainc992j;p87p100;2004;1.7455504;992;j
RS;bcainc992j;p87p100;2005;1.7631757;992;j
RS;bcainc992j;p87p100;2006;1.7748848;992;j
RS;bcainc992j;p87p100;2007;1.7355397;992;j
RS;bcainc992j;p87p100;2008;1.7384914;992;j
RS;bcainc992j;p87p100;2009;1.7608149;992;j
RS;bcainc992j;p87p100;2010;1.7867934;992;j
RS;bcainc992j;p87p100;2011;1.8027371;992;j
RS;bcainc992j;p87p100;2012;1.8484175;992;j
RS;bcainc992j;p87p100;2013;1.7931046;992;j
RS;bcainc992j;p87p100;2014;1.9202205;992;j
RS;bcainc992j;p87p100;2015;2.0704429;992;j
RS;bcainc992j;p87p100;2016;2.0709608;992;j
RS;bcainc992j;p87p100;2017;2.0715542;992;j
RS;bcainc992j;p99.1p100;1990;1.9542295;992;j
RS;bcainc992j;p99.1p100;1991;1.9202594;992;j
RS;bcainc992j;p99.1p100;1992;1.8768984;992;j
RS;bcainc992j;p99.1p100;1993;1.8502741;992;j
RS;bcainc992j;p99.1p100;1994;1.8327454;992;j
RS;bcainc992j;p99.1p100;1995;1.81822;992;j
RS;bcainc992j;p99.1p100;1996;1.7990518;992;j
RS;bcainc992j;p99.1p100;1997;1.778877;992;j
RS;bcainc992j;p99.1p100;1998;1.8044046;992;j
RS;bcainc992j;p99.1p100;1999;1.8978449;992;j
RS;bcainc992j;p99.1p100;2000;1.9210603;992;j
RS;bcainc992j;p99.1p100;2001;1.9986398;992;j
RS;bcainc992j;p99.1p100;2002;1.9519362;992;j
RS;bcainc992j;p99.1p100;2003;1.945796;992;j
RS;bcainc992j;p99.1p100;2004;1.9433217;992;j
RS;bcainc992j;p99.1p100;2005;1.9773754;992;j
RS;bcainc992j;p99.1p100;2006;1.9192631;992;j
RS;bcainc992j;p99.1p100;2007;1.8456684;992;j
RS;bcainc992j;p99.1p100;2008;1.7816019;992;j
RS;bcainc992j;p99.1p100;2009;1.8757745;992;j
RS;bcainc992j;p99.1p100;2010;1.8369124;992;j
RS;bcainc992j;p99.1p100;2011;1.8148646;992;j
RS;bcainc992j;p99.1p100;2012;2.0535722;992;j
RS;bcainc992j;p99.1p100;2013;1.8942574;992;j
RS;bcainc992j;p99.1p100;2014;2.3391442;992;j
RS;bcainc992j;p99.1p100;2015;2.7857351;992;j
RS;bcainc992j;p99.1p100;2016;2.7863722;992;j
RS;bcainc992j;p99.1p100;2017;2.788687;992;j
RS;bcainc992j;p99.9p100;1990;2.1041172;992;j
RS;bcainc992j;p99.9p100;1991;2.0561702;992;j
RS;bcainc992j;p99.9p100;1992;1.9918189;992;j
RS;bcainc992j;p99.9p100;1993;1.9486414;992;j
RS;bcainc992j;p99.9p100;1994;1.9211067;992;j
RS;bcainc992j;p99.9p100;1995;1.8977761;992;j
RS;bcainc992j;p99.9p100;1996;1.8726282;992;j
RS;bcainc992j;p99.9p100;1997;1.8459275;992;j
RS;bcainc992j;p99.9p100;1998;1.8746901;992;j
RS;bcainc992j;p99.9p100;1999;1.9873732;992;j
RS;bcainc992j;p99.9p100;2000;1.9885354;992;j
RS;bcainc992j;p99.9p100;2001;2.081502;992;j
RS;bcainc992j;p99.9p100;2002;2.0076261;992;j
RS;bcainc992j;p99.9p100;2003;2.0119574;992;j
RS;bcainc992j;p99.9p100;2004;2.0154288;992;j
RS;bcainc992j;p99.9p100;2005;2.0573816;992;j
RS;bcainc992j;p99.9p100;2006;1.9675118;992;j
RS;bcainc992j;p99.9p100;2007;1.8780682;992;j
RS;bcainc992j;p99.9p100;2008;1.790383;992;j
RS;bcainc992j;p99.9p100;2009;1.9070604;992;j
RS;bcainc992j;p99.9p100;2010;1.8518103;992;j
RS;bcainc992j;p99.9p100;2011;1.8197017;992;j
RS;bcainc992j;p99.9p100;2012;2.1087263;992;j
RS;bcainc992j;p99.9p100;2013;1.9152935;992;j
RS;bcainc992j;p99.9p100;2014;2.4759037;992;j
RS;bcainc992j;p99.9p100;2015;2.9991171;992;j
RS;bcainc992j;p99.9p100;2016;3.0000792;992;j
RS;bcainc992j;p99.9p100;2017;3.0030119;992;j
RS;bdiinc992j;p70p100;1990;1.5928825;992;j
RS;bdiinc992j;p70p100;1991;1.5830655;992;j
RS;bdiinc992j;p70p100;1992;1.5806636;992;j
RS;bdiinc992j;p70p100;1993;1.578196;992;j
RS;bdiinc992j;p70p100;1994;1.5760309;992;j
RS;bdiinc992j;p70p100;1995;1.5734674;992;j
RS;bdiinc992j;p70p100;1996;1.5661621;992;j
RS;bdiinc992j;p70p100;1997;1.5582472;992;j
RS;bdiinc992j;p70p100;1998;1.5772952;992;j
RS;bdiinc992j;p70p100;1999;1.6154665;992;j
RS;bdiinc992j;p70p100;2000;1.6418302;992;j
RS;bdiinc992j;p70p100;2001;1.6638538;992;j
RS;bdiinc992j;p70p100;2002;1.674788;992;j
RS;bdiinc992j;p70p100;2003;1.6774532;992;j
RS;bdiinc992j;p70p100;2004;1.7000086;992;j
RS;bdiinc992j;p70p100;2005;1.7299771;992;j
RS;bdiinc992j;p70p100;2006;1.7541523;992;j
RS;bdiinc992j;p70p100;2007;1.7408692;992;j
RS;bdiinc992j;p70p100;2008;1.7390847;992;j
RS;bdiinc992j;p70p100;2009;1.7765554;992;j
RS;bdiinc992j;p70p100;2010;1.804695;992;j
RS;bdiinc992j;p70p100;2011;1.8413227;992;j
RS;bdiinc992j;p70p100;2012;1.8598523;992;j
RS;bdiinc992j;p70p100;2013;1.8184896;992;j
RS;bdiinc992j;p70p100;2014;1.8553686;992;j
RS;bdiinc992j;p70p100;2015;1.9791002;992;j
RS;bdiinc992j;p70p100;2016;1.9914913;992;j
RS;bdiinc992j;p70p100;2017;1.9930874;992;j
RS;bptinc992j;p38p100;1990;2.1823859;992;j
RS;bptinc992j;p38p100;1991;2.1973953;992;j
RS;bptinc992j;p38p100;1992;2.2125077;992;j
RS;bptinc992j;p38p100;1993;2.2285194;992;j
RS;bptinc992j;p38p100;1994;2.2425365;992;j
RS;bptinc992j;p38p100;1995;2.2573183;992;j
RS;bptinc992j;p38p100;1996;2.2661428;992;j
RS;bptinc992j;p38p100;1997;2.2763789;992;j
RS;bptinc992j;p38p100;1998;2.3294353;992;j
RS;bptinc992j;p38p100;1999;2.3257506;992;j
RS;bptinc992j;p38p100;2000;2.359679;992;j
RS;bptinc992j;p38p100;2001;2.3727791;992;j
RS;bptinc992j;p38p100;2002;2.4164793;992;j
RS;bptinc992j;p38p100;2003;2.4368019;992;j
RS;bptinc992j;p38p100;2004;2.4988678;992;j
RS;bptinc992j;p38p100;2005;2.5832994;992;j
RS;bptinc992j;p38p100;2006;2.6295795;992;j
RS;bptinc992j;p38p100;2007;2.6084924;992;j
RS;bptinc992j;p38p100;2008;2.6749239;992;j
RS;bptinc992j;p38p100;2009;2.7222135;992;j
RS;bptinc992j;p38p100;2010;2.8064346;992;j
RS;bptinc992j;p38p100;2011;2.9508901;992;j
RS;bptinc992j;p38p100;2012;2.9765272;992;j
RS;bptinc992j;p38p100;2013;2.9400911;992;j
RS;bptinc992j;p38p100;2014;3.0814655;992;j
RS;bptinc992j;p38p100;2015;2.9418831;992;j
RS;bptinc992j;p38p100;2016;2.9425912;992;j
RS;bptinc992j;p38p100;2017;2.9456077;992;j
RS;bptinc992j;p48p100;1990;1.9664422;992;j
RS;bptinc992j;p48p100;1991;1.9771963;992;j
RS;bptinc992j;p48p100;1992;1.986931;992;j
RS;bptinc992j;p48p100;1993;1.9952385;992;j
RS;bptinc992j;p48p100;1994;2.007519;992;j
RS;bptinc992j;p48p100;1995;2.0158615;992;j
RS;bptinc992j;p48p100;1996;2.0206685;992;j
RS;bptinc992j;p48p100;1997;2.0266931;992;j
RS;bptinc992j;p48p100;1998;2.0689013;992;j
RS;bptinc992j;p48p100;1999;2.0761676;992;j
RS;bptinc992j;p48p100;2000;2.1104357;992;j
RS;bptinc992j;p48p100;2001;2.1199944;992;j
RS;bptinc992j;p48p100;2002;2.16342;992;j
RS;bptinc992j;p48p100;2003;2.1828241;992;j
RS;bptinc992j;p48p100;2004;2.2370615;992;j
RS;bptinc992j;p48p100;2005;2.2974601;992;j
RS;bptinc992j;p48p100;2006;2.3209264;992;j
RS;bptinc992j;p48p100;2007;2.298548;992;j
RS;bptinc992j;p48p100;2008;2.3324957;992;j
RS;bptinc992j;p48p100;2009;2.3559835;992;j
RS;bptinc992j;p48p100;2010;2.4348156;992;j
RS;bptinc992j;p48p100;2011;2.5014834;992;j
RS;bptinc992j;p48p100;2012;2.5202026;992;j
RS;bptinc992j;p48p100;2013;2.4829204;992;j
RS;bptinc992j;p48p100;2014;2.5782373;992;j
RS;bptinc992j;p48p100;2015;2.4948249;992;j
RS;bptinc992j;p48p100;2016;2.4961233;992;j
RS;bptinc992j;p48p100;2017;2.4977107;992;j
RS;npopul051m;p0p100;1950;267648.0;051;m
RS;npopul051m;p0p100;1951;274337.0;051;m
RS;npopul051m;p0p100;1952;292224.0;051;m
RS;npopul051m;p0p100;1953;319831.0;051;m
RS;npopul051m;p0p100;1954;351509.0;051;m
RS;npopul051m;p0p100;1955;378115.0;051;m
RS;npopul051m;p0p100;1956;399119.0;051;m
RS;npopul051m;p0p100;1957;413635.0;051;m
RS;npopul051m;p0p100;1958;420548.0;051;m
RS;npopul051m;p0p100;1959;421128.0;051;m
RS;npopul051m;p0p100;1960;418549.0;051;m
RS;npopul051m;p0p100;1961;415746.0;051;m
RS;npopul051m;p0p100;1962;405804.0;051;m
RS;npopul051m;p0p100;1963;389824.0;051;m
RS;npopul051m;p0p100;1964;371290.0;051;m
RS;npopul051m;p0p100;1965;355078.0;051;m
RS;npopul051m;p0p100;1966;344160.0;051;m
RS;npopul051m;p0p100;1967;338623.0;051;m
RS;npopul051m;p0p100;1968;338500.0;051;m
RS;npopul051m;p0p100;1969;341392.0;051;m
RS;npopul051m;p0p100;1970;343323.0;051;m
RS;npopul051m;p0p100;1971;345324.0;051;m
RS;npopul051m;p0p100;1972;347510.0;051;m
RS;npopul051m;p0p100;1973;349589.0;051;m
RS;npopul051m;p0p100;1974;351722.0;051;m
RS;npopul051m;p0p100;1975;354341.0;051;m
RS;npopul051m;p0p100;1976;358913.0;051;m
RS;npopul051m;p0p100;1977;364016.0;051;m
RS;npopul051m;p0p100;1978;369536.0;051;m
RS;npopul051m;p0p100;1979;375163.0;051;m
RS;npopul051m;p0p100;1980;380385.0;051;m
RS;npopul051m;p0p100;1981;386300.0;051;m
RS;npopul051m;p0p100;1982;391817.0;051;m
RS;npopul051m;p0p100;1983;396560.0;051;m
RS;npopul051m;p0p100;1984;400088.0;051;m
RS;npopul051m;p0p100;1985;402025.0;051;m
RS;npopul051m;p0p100;1986;403842.0;051;m
RS;npopul051m;p0p100;1987;403250.0;051;m
RS;npopul051m;p0p100;1988;400693.0;051;m
RS;npopul051m;p0p100;1989;397362.0;051;m
RS;npopul051m;p0p100;1990;394562.0;051;m
RS;npopul051m;p0p100;1991;394062.0;051;m
RS;npopul051m;p0p100;1992;394699.0;051;m
RS;npopul051m;p0p100;1993;395475.0;051;m
RS;npopul051m;p0p100;1994;394491.0;051;m
RS;npopul051m;p0p100;1995;389902.0;051;m
RS;npopul051m;p0p100;1996;383502.0;051;m
RS;npopul051m;p0p100;1997;374547.0;051;m
RS;npopul051m;p0p100;1998;363355.0;051;m
RS;npopul051m;p0p100;1999;276679.0;051;m
RS;npopul051m;p0p100;2000;270334.0;051;m
RS;npopul051m;p0p100;2001;263721.0;051;m
RS;npopul051m;p0p100;2002;257593.0;051;m
RS;npopul051m;p0p100;2003;251417.0;051;m
RS;npopul051m;p0p100;2004;245866.0;051;m
RS;npopul051m;p0p100;2005;240424.0;051;m
RS;npopul051m;p0p100;2006;236147.0;051;m
RS;npopul051m;p0p100;2007;232948.0;051;m
RS;npopul051m;p0p100;2008;230647.0;051;m
RS;npopul051m;p0p100;2009;228875.0;051;m
RS;npopul051m;p0p100;2010;226868.0;051;m
RS;npopul051m;p0p100;2011;224303.0;051;m
RS;npopul051m;p0p100;2012;222059.0;051;m
RS;npopul051m;p0p100;2013;219342.0;051;m
RS;npopul051m;p0p100;2014;216173.0;051;m
RS;npopul051m;p0p100;2015;212652.0;051;m
RS;npopul051m;p0p100;2016;210324.0;051;m
RS;npopul051m;p0p100;2017;207315.0;051;m
RS;npopul051m;p0p100;2018;203018.0;051;m
RS;npopul051m;p0p100;2019;198037.0;051;m
RS;npopul502f;p0p100;1950;306415.0;502;f
RS;npopul502f;p0p100;1951;317120.0;502;f
RS;npopul502f;p0p100;1952;329473.0;502;f
RS;npopul502f;p0p100;1953;341972.0;502;f
RS;npopul502f;p0p100;1954;353609.0;502;f
RS;npopul502f;p0p100;1955;363967.0;502;f
RS;npopul502f;p0p100;1956;371953.0;502;f
RS;npopul502f;p0p100;1957;378553.0;502;f
RS;npopul502f;p0p100;1958;383849.0;502;f
RS;npopul502f;p0p100;1959;387995.0;502;f
RS;npopul502f;p0p100;1960;391043.0;502;f
RS;npopul502f;p0p100;1961;393109.0;502;f
RS;npopul502f;p0p100;1962;394097.0;502;f
RS;npopul502f;p0p100;1963;393385.0;502;f
RS;npopul502f;p0p100;1964;389752.0;502;f
RS;npopul502f;p0p100;1965;382641.0;502;f
RS;npopul502f;p0p100;1966;370618.0;502;f
RS;npopul502f;p0p100;1967;355785.0;502;f
RS;npopul502f;p0p100;1968;341197.0;502;f
RS;npopul502f;p0p100;1969;331464.0;502;f
RS;npopul502f;p0p100;1970;329561.0;502;f
RS;npopul502f;p0p100;1971;334500.0;502;f
RS;npopul502f;p0p100;1972;346480.0;502;f
RS;npopul502f;p0p100;1973;364777.0;502;f
RS;npopul502f;p0p100;1974;388173.0;502;f
RS;npopul502f;p0p100;1975;415535.0;502;f
RS;npopul502f;p0p100;1976;445856.0;502;f
RS;npopul502f;p0p100;1977;480248.0;502;f
RS;npopul502f;p0p100;1978;515555.0;502;f
RS;npopul502f;p0p100;1979;547307.0;502;f
RS;npopul502f;p0p100;1980;572708.0;502;f
RS;npopul502f;p0p100;1981;590792.0;502;f
RS;npopul502f;p0p100;1982;602590.0;502;f
RS;npopul502f;p0p100;1983;609101.0;502;f
RS;npopul502f;p0p100;1984;612137.0;502;f
RS;npopul502f;p0p100;1985;612835.0;502;f
RS;npopul502f;p0p100;1986;610060.0;502;f
RS;npopul502f;p0p100;1987;605028.0;502;f
RS;npopul502f;p0p100;1988;597890.0;502;f
RS;npopul502f;p0p100;1989;588550.0;502;f
RS;npopul502f;p0p100;1990;577155.0;502;f
RS;npopul502f;p0p100;1991;563522.0;502;f
RS;npopul502f;p0p100;1992;548331.0;502;f
RS;npopul502f;p0p100;1993;533135.0;502;f
RS;npopul502f;p0p100;1994;520672.0;502;f
RS;npopul502f;p0p100;1995;512845.0;502;f
RS;npopul502f;p0p100;1996;512039.0;502;f
RS;npopul502f;p0p100;1997;515249.0;502;f
RS;npopul502f;p0p100;1998;523144.0;502;f
RS;npopul502f;p0p100;1999;422255.0;502;f
RS;npopul502f;p0p100;2000;440191.0;502;f
RS;npopul502f;p0p100;2001;460676.0;502;f
RS;npopul502f;p0p100;2002;486280.0;502;f
RS;npopul502f;p0p100;2003;512045.0;502;f
RS;npopul502f;p0p100;2004;534105.0;502;f
RS;npopul502f;p0p100;2005;548679.0;502;f
RS;npopul502f;p0p100;2006;554443.0;502;f
RS;npopul502f;p0p100;2007;553666.0;502;f
RS;npopul502f;p0p100;2008;547767.0;502;f
RS;npopul502f;p0p100;2009;539489.0;502;f
RS;npopul502f;p0p100;2010;530364.0;502;f
RS;npopul502f;p0p100;2011;517698.0;502;f
RS;npopul502f;p0p100;2012;505183.0;502;f
RS;npopul502f;p0p100;2013;492593.0;502;f
RS;npopul502f;p0p100;2014;481568.0;502;f
RS;npopul502f;p0p100;2015;472995.0;502;f
RS;npopul502f;p0p100;2016;464867.0;502;f
RS;npopul502f;p0p100;2017;460829.0;502;f
RS;npopul502f;p0p100;2018;458921.0;502;f
RS;npopul502f;p0p100;2019;458298.0;502;f
RS;npopul601i;p0p100;1950;221469.0;601;i
RS;npopul601i;p0p100;1951;217620.0;601;i
RS;npopul601i;p0p100;1952;210648.0;601;i
RS;npopul601i;p0p100;1953;203519.0;601;i
RS;npopul601i;p0p100;1954;201369.0;601;i
RS;npopul601i;p0p100;1955;206979.0;601;i
RS;npopul601i;p0p100;1956;218177.0;601;i
RS;npopul601i;p0p100;1957;235966.0;601;i
RS;npopul601i;p0p100;1958;256990.0;601;i
RS;npopul601i;p0p100;1959;276426.0;601;i
RS;npopul601i;p0p100;1960;291615.0;601;i
RS;npopul601i;p0p100;1961;302635.0;601;i
RS;npopul601i;p0p100;1962;309382.0;601;i
RS;npopul601i;p0p100;1963;313946.0;601;i
RS;npopul601i;p0p100;1964;319353.0;601;i
RS;npopul601i;p0p100;1965;327051.0;601;i
RS;npopul601i;p0p100;1966;333772.0;601;i
RS;npopul601i;p0p100;1967;342620.0;601;i
RS;npopul601i;p0p100;1968;351419.0;601;i
RS;npopul601i;p0p100;1969;356857.0;601;i
RS;npopul601i;p0p100;1970;357171.0;601;i
RS;npopul601i;p0p100;1971;351875.0;601;i
RS;npopul601i;p0p100;1972;343669.0;601;i
RS;npopul601i;p0p100;1973;332921.0;601;i
RS;npopul601i;p0p100;1974;320001.0;601;i
RS;npopul601i;p0p100;1975;305486.0;601;i
RS;npopul601i;p0p100;1976;287638.0;601;i
RS;npopul601i;p0p100;1977;267202.0;601;i
RS;npopul601i;p0p100;1978;249839.0;601;i
RS;npopul601i;p0p100;1979;243960.0;601;i
RS;npopul601i;p0p100;1980;254147.0;601;i
RS;npopul601i;p0p100;1981;277367.0;601;i
RS;npopul601i;p0p100;1982;315145.0;601;i
RS;npopul601i;p0p100;1983;360943.0;601;i
RS;npopul601i;p0p100;1984;405186.0;601;i
RS;npopul601i;p0p100;1985;442161.0;601;i
RS;npopul601i;p0p100;1986;470678.0;601;i
RS;npopul601i;p0p100;1987;492994.0;601;i
RS;npopul601i;p0p100;1988;510383.0;601;i
RS;npopul601i;p0p100;1989;524965.0;601;i
RS;npopul601i;p0p100;1990;537838.0;601;i
RS;npopul601i;p0p100;1991;545946.0;601;i
RS;npopul601i;p0p100;1992;552212.0;601;i
RS;npopul601i;p0p100;1993;555889.0;601;i
RS;npopul601i;p0p100;1994;555897.0;601;i
RS;npopul601i;p0p100;1995;551586.0;601;i
RS;npopul601i;p0p100;1996;544492.0;601;i
RS;npopul601i;p0p100;1997;534541.0;601;i
RS;npopul601i;p0p100;1998;521845.0;601;i
RS;npopul601i;p0p100;1999;398405.0;601;i
RS;npopul601i;p0p100;2000;386730.0;601;i
RS;npopul601i;p0p100;2001;369854.0;601;i
RS;npopul601i;p0p100;2002;350404.0;601;i
RS;npopul601i;p0p100;2003;332047.0;601;i
RS;npopul601i;p0p100;2004;323164.0;601;i
RS;npopul601i;p0p100;2005;327723.0;601;i
RS;npopul601i;p0p100;2006;343052.0;601;i
RS;npopul601i;p0p100;2007;370152.0;601;i
RS;npopul601i;p0p100;2008;403676.0;601;i
RS;npopul601i;p0p100;2009;436173.0;601;i
RS;npopul601i;p0p100;2010;463020.0;601;i
RS;npopul601i;p0p100;2011;483166.0;601;i
RS;npopul601i;p0p100;2012;500970.0;601;i
RS;npopul601i;p0p100;2013;514002.0;601;i
RS;npopul601i;p0p100;2014;520678.0;601;i
RS;npopul601i;p0p100;2015;520068.0;601;i
RS;npopul601i;p0p100;2016;508649.0;601;i
RS;npopul601i;p0p100;2017;491253.0;601;i
RS;npopul601i;p0p100;2018;470094.0;601;i
RS;npopul601i;p0p100;2019;450850.0;601;i
RS;scainc992j;p48p49;1990;0.0081000002;992;j
RS;scainc992j;p48p49;1991;0.0082;992;j
RS;scainc992j;p48p49;1992;0.0082;992;j
RS;scainc992j;p48p49;1993;0.0082;992;j
RS;scainc992j;p48p49;1994;0.0082;992;j
RS;scainc992j;p48p49;1995;0.0082999999;992;j
RS;scainc992j;p48p49;1996;0.0082999999;992;j
RS;scainc992j;p48p49;1997;0.0082999999;992;j
RS;scainc992j;p48p49;1998;0.0081000002;992;j
RS;scainc992j;p48p49;1999;0.0081000002;992;j
RS;scainc992j;p48p49;2000;0.0080000004;992;j
RS;scainc992j;p48p49;2001;0.0080000004;992;j
RS;scainc992j;p48p49;2002;0.0078999996;992;j
RS;scainc992j;p48p49;2003;0.0077999998;992;j
RS;scainc992j;p48p49;2004;0.0077;992;j
RS;scainc992j;p48p49;2005;0.0076000001;992;j
RS;scainc992j;p48p49;2006;0.0074999998;992;j
RS;scainc992j;p48p49;2007;0.0074999998;992;j
RS;scainc992j;p48p49;2008;0.0074999998;992;j
RS;scainc992j;p48p49;2009;0.0074;992;j
RS;scainc992j;p48p49;2010;0.0073000002;992;j
RS;scainc992j;p48p49;2011;0.0071999999;992;j
RS;scainc992j;p48p49;2012;0.0071;992;j
RS;scainc992j;p48p49;2013;0.0071;992;j
RS;scainc992j;p48p49;2014;0.0068999999;992;j
RS;scainc992j;p48p49;2015;0.0068999999;992;j
RS;scainc992j;p48p49;2016;0.0068999999;992;j
RS;scainc992j;p48p49;2017;0.0068999999;992;j
RS;scainc992j;p67p68;1990;0.0113;992;j
RS;scainc992j;p67p68;1991;0.0113;992;j
RS;scainc992j;p67p68;1992;0.0113;992;j
RS;scainc992j;p67p68;1993;0.0113;992;j
RS;scainc992j;p67p68;1994;0.0112;992;j
RS;scainc992j;p67p68;1995;0.0112;992;j
RS;scainc992j;p67p68;1996;0.0112;992;j
RS;scainc992j;p67p68;1997;0.0112;992;j
RS;scainc992j;p67p68;1998;0.0111;992;j
RS;scainc992j;p67p68;1999;0.011;992;j
RS;scainc992j;p67p68;2000;0.0109;992;j
RS;scainc992j;p67p68;2001;0.0108;992;j
RS;scainc992j;p67p68;2002;0.0109;992;j
RS;scainc992j;p67p68;2003;0.0109;992;j
RS;scainc992j;p67p68;2004;0.011;992;j
RS;scainc992j;p67p68;2005;0.0108;992;j
RS;scainc992j;p67p68;2006;0.0109;992;j
RS;scainc992j;p67p68;2007;0.011;992;j
RS;scainc992j;p67p68;2008;0.011;992;j
RS;scainc992j;p67p68;2009;0.0109;992;j
RS;scainc992j;p67p68;2010;0.0109;992;j
RS;scainc992j;p67p68;2011;0.0108;992;j
RS;scainc992j;p67p68;2012;0.0108;992;j
RS;scainc992j;p67p68;2013;0.011;992;j
RS;scainc992j;p67p68;2014;0.0106;992;j
RS;scainc992j;p67p68;2015;0.0102;992;j
RS;scainc992j;p67p68;2016;0.0102;992;j
RS;scainc992j;p67p68;2017;0.0102;992;j
RS;scainc992j;p84p85;1990;0.0155;992;j
RS;scainc992j;p84p85;1991;0.0154;992;j
RS;scainc992j;p84p85;1992;0.0154;992;j
RS;scainc992j;p84p85;1993;0.0153;992;j
RS;scainc992j;p84p85;1994;0.0152;992;j
RS;scainc992j;p84p85;1995;0.0151;992;j
RS;scainc992j;p84p85;1996;0.0151;992;j
RS;scainc992j;p84p85;1997;0.015;992;j
RS;scainc992j;p84p85;1998;0.0148;992;j
RS;scainc992j;p84p85;1999;0.0146;992;j
RS;scainc992j;p84p85;2000;0.0145;992;j
RS;scainc992j;p84p85;2001;0.0143;992;j
RS;scainc992j;p84p85;2002;0.0145;992;j
RS;scainc992j;p84p85;2003;0.0147;992;j
RS;scainc992j;p84p85;2004;0.015;992;j
RS;scainc992j;p84p85;2005;0.015;992;j
RS;scainc992j;p84p85;2006;0.0152;992;j
RS;scainc992j;p84p85;2007;0.0155;992;j
RS;scainc992j;p84p85;2008;0.0156;992;j
RS;scainc992j;p84p85;2009;0.015699999;992;j
RS;scainc992j;p84p85;2010;0.015900001;992;j
RS;scainc992j;p84p85;2011;0.016100001;992;j
RS;scainc992j;p84p85;2012;0.016100001;992;j
RS;scainc992j;p84p85;2013;0.0165;992;j
RS;scainc992j;p84p85;2014;0.0154;992;j
RS;scainc992j;p84p85;2015;0.015;992;j
RS;scainc992j;p84p85;2016;0.015;992;j
RS;scainc992j;p84p85;2017;0.015;992;j
RS;sdiinc992j;p14p15;1990;0.0031999999;992;j
RS;sdiinc992j;p14p15;1991;0.0033;992;j
RS;sdiinc992j;p14p15;1992;0.0034;992;j
RS;sdiinc992j;p14p15;1993;0.0034;992;j
RS;sdiinc992j;p14p15;1994;0.0035000001;992;j
RS;sdiinc992j;p14p15;1995;0.0035000001;992;j
RS;sdiinc992j;p14p15;1996;0.0035999999;992;j
RS;sdiinc992j;p14p15;1997;0.0037;992;j
RS;sdiinc992j;p14p15;1998;0.0038000001;992;j
RS;sdiinc992j;p14p15;1999;0.0038000001;992;j
RS;sdiinc992j;p14p15;2000;0.0037;992;j
RS;sdiinc992j;p14p15;2001;0.0037;992;j
RS;sdiinc992j;p14p15;2002;0.0034;992;j
RS;sdiinc992j;p14p15;2003;0.0033;992;j
RS;sdiinc992j;p14p15;2004;0.0029;992;j
RS;sdiinc992j;p14p15;2005;0.0027999999;992;j
RS;sdiinc992j;p14p15;2006;0.0026;992;j
RS;sdiinc992j;p14p15;2007;0.0024999999;992;j
RS;sdiinc992j;p14p15;2008;0.0024000001;992;j
RS;sdiinc992j;p14p15;2009;0.0023000001;992;j
RS;sdiinc992j;p14p15;2010;0.0020999999;992;j
RS;sdiinc992j;p14p15;2011;0.0019;992;j
RS;sdiinc992j;p14p15;2012;0.0018;992;j
RS;sdiinc992j;p14p15;2013;0.0018;992;j
RS;sdiinc992j;p14p15;2014;0.0024999999;992;j
RS;sdiinc992j;p14p15;2015;0.0020999999;992;j
RS;sdiinc992j;p14p15;2016;0.0020000001;992;j
RS;sdiinc992j;p14p15;2017;0.0019;992;j
RS;sdiinc992j;p91p100;1990;0.25580001;992;j
RS;sdiinc992j;p91p100;1991;0.2545;992;j
RS;sdiinc992j;p91p100;1992;0.2536;992;j
RS;sdiinc992j;p91p100;1993;0.25330001;992;j
RS;sdiinc992j;p91p100;1994;0.2529;992;j
RS;sdiinc992j;p91p100;1995;0.25260001;992;j
RS;sdiinc992j;p91p100;1996;0.25119999;992;j
RS;sdiinc992j;p91p100;1997;0.24950001;992;j
RS;sdiinc992j;p91p100;1998;0.2545;992;j
RS;sdiinc992j;p91p100;1999;0.26190001;992;j
RS;sdiinc992j;p91p100;2000;0.26809999;992;j
RS;sdiinc992j;p91p100;2001;0.2726;992;j
RS;sdiinc992j;p91p100;2002;0.27680001;992;j
RS;sdiinc992j;p91p100;2003;0.2773;992;j
RS;sdiinc992j;p91p100;2004;0.2827;992;j
RS;sdiinc992j;p91p100;2005;0.28909999;992;j
RS;sdiinc992j;p91p100;2006;0.29519999;992;j
RS;sdiinc992j;p91p100;2007;0.292;992;j
RS;sdiinc992j;p91p100;2008;0.29359999;992;j
RS;sdiinc992j;p91p100;2009;0.2999;992;j
RS;sdiinc992j;p91p100;2010;0.3082;992;j
RS;sdiinc992j;p91p100;2011;0.3163;992;j
RS;sdiinc992j;p91p100;2012;0.322;992;j
RS;sdiinc992j;p91p100;2013;0.31650001;992;j
RS;sdiinc992j;p91p100;2014;0.3206;992;j
RS;sdiinc992j;p91p100;2015;0.34639999;992;j
RS;sdiinc992j;p91p100;2016;0.3497;992;j
RS;sdiinc992j;p91p100;2017;0.3502;992;j
RS;sdiinc992j;p99.997p100;1990;0.0046000001;992;j
RS;sdiinc992j;p99.997p100;1991;0.0043000001;992;j
RS;sdiinc992j;p99.997p100;1992;0.0038000001;992;j
RS;sdiinc992j;p99.997p100;1993;0.0035000001;992;j
RS;sdiinc992j;p99.997p100;1994;0.0034;992;j
RS;sdiinc992j;p99.997p100;1995;0.0031999999;992;j
RS;sdiinc992j;p99.997p100;1996;0.0031000001;992;j
RS;sdiinc992j;p99.997p100;1997;0.0029;992;j
RS;sdiinc992j;p99.997p100;1998;0.0031000001;992;j
RS;sdiinc992j;p99.997p100;1999;0.0041;992;j
RS;sdiinc992j;p99.997p100;2000;0.0043000001;992;j
RS;sdiinc992j;p99.997p100;2001;0.0051000002;992;j
RS;sdiinc992j;p99.997p100;2002;0.0046000001;992;j
RS;sdiinc992j;p99.997p100;2003;0.0046000001;992;j
RS;sdiinc992j;p99.997p100;2004;0.0046999999;992;j
RS;sdiinc992j;p99.997p100;2005;0.0052;992;j
RS;sdiinc992j;p99.997p100;2006;0.0046000001;992;j
RS;sdiinc992j;p99.997p100;2007;0.0038000001;992;j
RS;sdiinc992j;p99.997p100;2008;0.0031999999;992;j
RS;sdiinc992j;p99.997p100;2009;0.0041999999;992;j
RS;sdiinc992j;p99.997p100;2010;0.0038999999;992;j
RS;sdiinc992j;p99.997p100;2011;0.0038000001;992;j
RS;sdiinc992j;p99.997p100;2012;0.0066;992;j
RS;sdiinc992j;p99.997p100;2013;0.0046000001;992;j
RS;sdiinc992j;p99.997p100;2014;0.0107;992;j
RS;sdiinc992j;p99.997p100;2015;0.0199;992;j
RS;sdiinc992j;p99.997p100;2016;0.020099999;992;j
RS;sdiinc992j;p99.997p100;2017;0.020199999;992;j
RS;sdiinc992j;p99.9p100;1990;0.023700001;992;j
RS;sdiinc992j;p99.9p100;1991;0.0228;992;j
RS;sdiinc992j;p99.9p100;1992;0.021600001;992;j
RS;sdiinc992j;p99.9p100;1993;0.021;992;j
RS;sdiinc992j;p99.9p100;1994;0.020500001;992;j
RS;sdiinc992j;p99.9p100;1995;0.020099999;992;j
RS;sdiinc992j;p99.9p100;1996;0.0196;992;j
RS;sdiinc992j;p99.9p100;1997;0.0189;992;j
RS;sdiinc992j;p99.9p100;1998;0.020099999;992;j
RS;sdiinc992j;p99.9p100;1999;0.0233;992;j
RS;sdiinc992j;p99.9p100;2000;0.024599999;992;j
RS;sdiinc992j;p99.9p100;2001;0.0273;992;j
RS;sdiinc992j;p99.9p100;2002;0.0264;992;j
RS;sdiinc992j;p99.9p100;2003;0.0262;992;j
RS;sdiinc992j;p99.9p100;2004;0.0266;992;j
RS;sdiinc992j;p99.9p100;2005;0.028200001;992;j
RS;sdiinc992j;p99.9p100;2006;0.0272;992;j
RS;sdiinc992j;p99.9p100;2007;0.024599999;992;j
RS;sdiinc992j;p99.9p100;2008;0.0229;992;j
RS;sdiinc992j;p99.9p100;2009;0.0263;992;j
RS;sdiinc992j;p99.9p100;2010;0.025900001;992;j
RS;sdiinc992j;p99.9p100;2011;0.025900001;992;j
RS;sdiinc992j;p99.9p100;2012;0.034499999;992;j
RS;sdiinc992j;p99.9p100;2013;0.0286;992;j
RS;sdiinc992j;p99.9p100;2014;0.043699998;992;j
RS;sdiinc992j;p99.9p100;2015;0.063299999;992;j
RS;sdiinc992j;p99.9p100;2016;0.064099997;992;j
RS;sdiinc992j;p99.9p100;2017;0.064300001;992;j
RS;sptinc992j;p12p13;1990;0.0024999999;992;j
RS;sptinc992j;p12p13;1991;0.0024999999;992;j
RS;sptinc992j;p12p13;1992;0.0024999999;992;j
RS;sptinc992j;p12p13;1993;0.0024999999;992;j
RS;sptinc992j;p12p13;1994;0.0024999999;992;j
RS;sptinc992j;p12p13;1995;0.0024999999;992;j
RS;sptinc992j;p12p13;1996;0.0024999999;992;j
RS;sptinc992j;p12p13;1997;0.0024999999;992;j
RS;sptinc992j;p12p13;1998;0.0027000001;992;j
RS;sptinc992j;p12p13;1999;0.0027000001;992;j
RS;sptinc992j;p12p13;2000;0.0026;992;j
RS;sptinc992j;p12p13;2001;0.0027000001;992;j
RS;sptinc992j;p12p13;2002;0.0024000001;992;j
RS;sptinc992j;p12p13;2003;0.0023000001;992;j
RS;sptinc992j;p12p13;2004;0.0020999999;992;j
RS;sptinc992j;p12p13;2005;0.0018;992;j
RS;sptinc992j;p12p13;2006;0.0016;992;j
RS;sptinc992j;p12p13;2007;0.0014;992;j
RS;sptinc992j;p12p13;2008;0.0012000001;992;j
RS;sptinc992j;p12p13;2009;0.001;992;j
RS;sptinc992j;p12p13;2010;0.0009;992;j
RS;sptinc992j;p12p13;2011;0.0008;992;j
RS;sptinc992j;p12p13;2012;0.0007;992;j
RS;sptinc992j;p12p13;2013;0.0006;992;j
RS;sptinc992j;p12p13;2014;0.0007;992;j
RS;sptinc992j;p12p13;2015;0.0007;992;j
RS;sptinc992j;p12p13;2016;0.0007;992;j
RS;sptinc992j;p12p13;2017;0.0007;992;j
RS;sptinc992j;p59p100;1990;0.70499998;992;j
RS;sptinc992j;p59p100;1991;0.70599997;992;j
RS;sptinc992j;p59p100;1992;0.7069;992;j
RS;sptinc992j;p59p100;1993;0.70779997;992;j
RS;sptinc992j;p59p100;1994;0.7087;992;j
RS;sptinc992j;p59p100;1995;0.70969999;992;j
RS;sptinc992j;p59p100;1996;0.71020001;992;j
RS;sptinc992j;p59p100;1997;0.71079999;992;j
RS;sptinc992j;p59p100;1998;0.70999998;992;j
RS;sptinc992j;p59p100;1999;0.7105;992;j
RS;sptinc992j;p59p100;2000;0.71460003;992;j
RS;sptinc992j;p59p100;2001;0.71560001;992;j
RS;sptinc992j;p59p100;2002;0.7245;992;j
RS;sptinc992j;p59p100;2003;0.72839999;992;j
RS;sptinc992j;p59p100;2004;0.73680001;992;j
RS;sptinc992j;p59p100;2005;0.7446;992;j
RS;sptinc992j;p59p100;2006;0.75139999;992;j
RS;sptinc992j;p59p100;2007;0.75319999;992;j
RS;sptinc992j;p59p100;2008;0.75999999;992;j
RS;sptinc992j;p59p100;2009;0.76480001;992;j
RS;sptinc992j;p59p100;2010;0.77289999;992;j
RS;sptinc992j;p59p100;2011;0.78280002;992;j
RS;sptinc992j;p59p100;2012;0.78530002;992;j
RS;sptinc992j;p59p100;2013;0.78439999;992;j
RS;sptinc992j;p59p100;2014;0.792;992;j
RS;sptinc992j;p59p100;2015;0.78460002;992;j
RS;sptinc992j;p59p100;2016;0.78460002;992;j
RS;sptinc992j;p59p100;2017;0.78479999;992;j
RS;sptinc992j;p65p100;1990;0.64480001;992;j
RS;sptinc992j;p65p100;1991;0.64600003;992;j
RS;sptinc992j;p65p100;1992;0.64709997;992;j
RS;sptinc992j;p65p100;1993;0.64819998;992;j
RS;sptinc992j;p65p100;1994;0.6494;992;j
RS;sptinc992j;p65p100;1995;0.65060002;992;j
RS;sptinc992j;p65p100;1996;0.65130001;992;j
RS;sptinc992j;p65p100;1997;0.65200001;992;j
RS;sptinc992j;p65p100;1998;0.65140003;992;j
RS;sptinc992j;p65p100;1999;0.6523;992;j
RS;sptinc992j;p65p100;2000;0.6573;992;j
RS;sptinc992j;p65p100;2001;0.65899998;992;j
RS;sptinc992j;p65p100;2002;0.66769999;992;j
RS;sptinc992j;p65p100;2003;0.67159998;992;j
RS;sptinc992j;p65p100;2004;0.68080002;992;j
RS;sptinc992j;p65p100;2005;0.68900001;992;j
RS;sptinc992j;p65p100;2006;0.69559997;992;j
RS;sptinc992j;p65p100;2007;0.69660002;992;j
RS;sptinc992j;p65p100;2008;0.70319998;992;j
RS;sptinc992j;p65p100;2009;0.708;992;j
RS;sptinc992j;p65p100;2010;0.71700001;992;j
RS;sptinc992j;p65p100;2011;0.72750002;992;j
RS;sptinc992j;p65p100;2012;0.7295;992;j
RS;sptinc992j;p65p100;2013;0.7277;992;j
RS;sptinc992j;p65p100;2014;0.73650002;992;j
RS;sptinc992j;p65p100;2015;0.72839999;992;j
RS;sptinc992j;p65p100;2016;0.72839999;992;j
RS;sptinc992j;p65p100;2017;0.72869998;992;j
RS;sptinc992j;p99.95p100;1990;0.019300001;992;j
RS;sptinc992j;p99.95p100;1991;0.0199;992;j
RS;sptinc992j;p99.95p100;1992;0.020400001;992;j
RS;sptinc992j;p99.95p100;1993;0.021;992;j
RS;sptinc992j;p99.95p100;1994;0.021400001;992;j
RS;sptinc992j;p99.95p100;1995;0.0221;992;j
RS;sptinc992j;p99.95p100;1996;0.022600001;992;j
RS;sptinc992j;p99.95p100;1997;0.0232;992;j
RS;sptinc992j;p99.95p100;1998;0.0229;992;j
RS;sptinc992j;p99.95p100;1999;0.024800001;992;j
RS;sptinc992j;p99.95p100;2000;0.0266;992;j
RS;sptinc992j;p99.95p100;2001;0.0288;992;j
RS;sptinc992j;p99.95p100;2002;0.028000001;992;j
RS;sptinc992j;p99.95p100;2003;0.0274;992;j
RS;sptinc992j;p99.95p100;2004;0.028200001;992;j
RS;sptinc992j;p99.95p100;2005;0.0273;992;j
RS;sptinc992j;p99.95p100;2006;0.0276;992;j
RS;sptinc992j;p99.95p100;2007;0.0254;992;j
RS;sptinc992j;p99.95p100;2008;0.026000001;992;j
RS;sptinc992j;p99.95p100;2009;0.025699999;992;j
RS;sptinc992j;p99.95p100;2010;0.0252;992;j
RS;sptinc992j;p99.95p100;2011;0.0266;992;j
RS;sptinc992j;p99.95p100;2012;0.021299999;992;j
RS;sptinc992j;p99.95p100;2013;0.023;992;j
RS;sptinc992j;p99.95p100;2014;0.035300002;992;j
RS;sptinc992j;p99.95p100;2015;0.034200002;992;j
RS;sptinc992j;p99.95p100;2016;0.034200002;992;j
RS;sptinc992j;p99.95p100;2017;0.034299999;992;j
RS;sptinc992j;p99.997p100;1990;0.0049999999;992;j
RS;sptinc992j;p99.997p100;1991;0.0052999998;992;j
RS;sptinc992j;p99.997p100;1992;0.0054000001;992;j
RS;sptinc992j;p99.997p100;1993;0.0057000001;992;j
RS;sptinc992j;p99.997p100;1994;0.0057999999;992;j
RS;sptinc992j;p99.997p100;1995;0.0060000001;992;j
RS;sptinc992j;p99.997p100;1996;0.0062000002;992;j
RS;sptinc992j;p99.997p100;1997;0.0065000001;992;j
RS;sptinc992j;p99.997p100;1998;0.0063;992;j
RS;sptinc992j;p99.997p100;1999;0.0070000002;992;j
RS;sptinc992j;p99.997p100;2000;0.0076000001;992;j
RS;sptinc992j;p99.997p100;2001;0.0085000005;992;j
RS;sptinc992j;p99.997p100;2002;0.0080000004;992;j
RS;sptinc992j;p99.997p100;2003;0.0077;992;j
RS;sptinc992j;p99.997p100;2004;0.0078999996;992;j
RS;sptinc992j;p99.997p100;2005;0.0073000002;992;j
RS;sptinc992j;p99.997p100;2006;0.0074;992;j
RS;sptinc992j;p99.997p100;2007;0.0066999998;992;j
RS;sptinc992j;p99.997p100;2008;0.0068999999;992;j
RS;sptinc992j;p99.997p100;2009;0.0066999998;992;j
RS;sptinc992j;p99.997p100;2010;0.0062000002;992;j
RS;sptinc992j;p99.997p100;2011;0.0066999998;992;j
RS;sptinc992j;p99.997p100;2012;0.0046000001;992;j
RS;sptinc992j;p99.997p100;2013;0.0052999998;992;j
RS;sptinc992j;p99.997p100;2014;0.0105;992;j
RS;sptinc992j;p99.997p100;2015;0.0102;992;j
RS;sptinc992j;p99.997p100;2016;0.0102;992;j
RS;sptinc992j;p99.997p100;2017;0.0102;992;j
RS;sptinc992j;p99.9p99.91;1990;0.0013;992;j
RS;sptinc992j;p99.9p99.91;1991;0.0014;992;j
RS;sptinc992j;p99.9p99.91;1992;0.0014;992;j
RS;sptinc992j;p99.9p99.91;1993;0.0014;992;j
RS;sptinc992j;p99.9p99.91;1994;0.0014;992;j
RS;sptinc992j;p99.9p99.91;1995;0.0015;992;j
RS;sptinc992j;p99.9p99.91;1996;0.0015;992;j
RS;sptinc992j;p99.9p99.91;1997;0.0015;992;j
RS;sptinc992j;p99.9p99.91;1998;0.0015;992;j
RS;sptinc992j;p99.9p99.91;1999;0.0016;992;j
RS;sptinc992j;p99.9p99.91;2000;0.0017;992;j
RS;sptinc992j;p99.9p99.91;2001;0.0018;992;j
RS;sptinc992j;p99.9p99.91;2002;0.0018;992;j
RS;sptinc992j;p99.9p99.91;2003;0.0018;992;j
RS;sptinc992j;p99.9p99.91;2004;0.0018;992;j
RS;sptinc992j;p99.9p99.91;2005;0.0018;992;j
RS;sptinc992j;p99.9p99.91;2006;0.0018;992;j
RS;sptinc992j;p99.9p99.91;2007;0.0017;992;j
RS;sptinc992j;p99.9p99.91;2008;0.0018;992;j
RS;sptinc992j;p99.9p99.91;2009;0.0018;992;j
RS;sptinc992j;p99.9p99.91;2010;0.0018;992;j
RS;sptinc992j;p99.9p99.91;2011;0.0019;992;j
RS;sptinc992j;p99.9p99.91;2012;0.0017;992;j
RS;sptinc992j;p99.9p99.91;2013;0.0018;992;j
RS;sptinc992j;p99.9p99.91;2014;0.0020999999;992;j
RS;sptinc992j;p99.9p99.91;2015;0.0020999999;992;j
RS;sptinc992j;p99.9p99.91;2016;0.0020999999;992;j
RS;sptinc992j;p99.9p99.91;2017;0.0020999999;992;j
RS;tcainc992j;p30p40;1990;281497.69;992;j
RS;tcainc992j;p30p40;1991;246688.7;992;j
RS;tcainc992j;p30p40;1992;170519.7;992;j
RS;tcainc992j;p30p40;1993;111600.5;992;j
RS;tcainc992j;p30p40;1994;115977.5;992;j
RS;tcainc992j;p30p40;1995;123581.8;992;j
RS;tcainc992j;p30p40;1996;125869.4;992;j
RS;tcainc992j;p30p40;1997;134141.7;992;j
RS;tcainc992j;p30p40;1998;146536.3;992;j
RS;tcainc992j;p30p40;1999;166064.5;992;j
RS;tcainc992j;p30p40;2000;179007.59;992;j
RS;tcainc992j;p30p40;2001;174338.09;992;j
RS;tcainc992j;p30p40;2002;179086.91;992;j
RS;tcainc992j;p30p40;2003;184721.09;992;j
RS;tcainc992j;p30p40;2004;214713.91;992;j
RS;tcainc992j;p30p40;2005;239892.7;992;j
RS;tcainc992j;p30p40;2006;244530.5;992;j
RS;tcainc992j;p30p40;2007;243165.0;992;j
RS;tcainc992j;p30p40;2008;253475.5;992;j
RS;tcainc992j;p30p40;2009;242757.41;992;j
RS;tcainc992j;p30p40;2010;229223.2;992;j
RS;tcainc992j;p30p40;2011;217114.3;992;j
RS;tcainc992j;p30p40;2012;216944.3;992;j
RS;tcainc992j;p30p40;2013;204912.7;992;j
RS;tcainc992j;p30p40;2014;215929.0;992;j
RS;tcainc992j;p30p40;2015;202457.59;992;j
RS;tcainc992j;p30p40;2016;210075.8;992;j
RS;tcainc992j;p30p40;2017;210024.41;992;j
RS;tcainc992j;p45p100;1990;392643.19;992;j
RS;tcainc992j;p45p100;1991;343799.5;992;j
RS;tcainc992j;p45p100;1992;236835.41;992;j
RS;tcainc992j;p45p100;1993;154104.3;992;j
RS;tcainc992j;p45p100;1994;159087.59;992;j
RS;tcainc992j;p45p100;1995;168262.7;992;j
RS;tcainc992j;p45p100;1996;170502.7;992;j
RS;tcainc992j;p45p100;1997;180681.59;992;j
RS;tcainc992j;p45p100;1998;191349.59;992;j
RS;tcainc992j;p45p100;1999;216653.59;992;j
RS;tcainc992j;p45p100;2000;233187.7;992;j
RS;tcainc992j;p45p100;2001;226974.09;992;j
RS;tcainc992j;p45p100;2002;235634.41;992;j
RS;tcainc992j;p45p100;2003;246535.0;992;j
RS;tcainc992j;p45p100;2004;290868.0;992;j
RS;tcainc992j;p45p100;2005;326047.5;992;j
RS;tcainc992j;p45p100;2006;340695.0;992;j
RS;tcainc992j;p45p100;2007;340345.69;992;j
RS;tcainc992j;p45p100;2008;359954.69;992;j
RS;tcainc992j;p45p100;2009;352872.31;992;j
RS;tcainc992j;p45p100;2010;344862.09;992;j
RS;tcainc992j;p45p100;2011;341625.91;992;j
RS;tcainc992j;p45p100;2012;334995.91;992;j
RS;tcainc992j;p45p100;2013;343917.69;992;j
RS;tcainc992j;p45p100;2014;331411.41;992;j
RS;tcainc992j;p45p100;2015;327519.31;992;j
RS;tcainc992j;p45p100;2016;339736.31;992;j
RS;tcainc992j;p45p100;2017;339847.81;992;j
RS;tcainc992j;p99.991p99.992;1990;21958468.0;992;j
RS;tcainc992j;p99.991p99.992;1991;18223358.0;992;j
RS;tcainc992j;p99.991p99.992;1992;11787349.0;992;j
RS;tcainc992j;p99.991p99.992;1993;7381442.5;992;j
RS;tcainc992j;p99.991p99.992;1994;7413438.0;992;j
RS;tcainc992j;p99.991p99.992;1995;7659793.5;992;j
RS;tcainc992j;p99.991p99.992;1996;7465527.0;992;j
RS;tcainc992j;p99.991p99.992;1997;7597910.0;992;j
RS;tcainc992j;p99.991p99.992;1998;8772341.0;992;j
RS;tcainc992j;p99.991p99.992;1999;11651770.0;992;j
RS;tcainc992j;p99.991p99.992;2000;13514373.0;992;j
RS;tcainc992j;p99.991p99.992;2001;14724094.0;992;j
RS;tcainc992j;p99.991p99.992;2002;14964821.0;992;j
RS;tcainc992j;p99.991p99.992;2003;15630283.0;992;j
RS;tcainc992j;p99.991p99.992;2004;18962036.0;992;j
RS;tcainc992j;p99.991p99.992;2005;22999000.0;992;j
RS;tcainc992j;p99.991p99.992;2006;23235712.0;992;j
RS;tcainc992j;p99.991p99.992;2007;20898522.0;992;j
RS;tcainc992j;p99.991p99.992;2008;20564040.0;992;j
RS;tcainc992j;p99.991p99.992;2009;23764530.0;992;j
RS;tcainc992j;p99.991p99.992;2010;23343002.0;992;j
RS;tcainc992j;p99.991p99.992;2011;23434316.0;992;j
RS;tcainc992j;p99.991p99.992;2012;32201422.0;992;j
RS;tcainc992j;p99.991p99.992;2013;26832054.0;992;j
RS;tcainc992j;p99.991p99.992;2014;41229812.0;992;j
RS;tcainc992j;p99.991p99.992;2015;58847044.0;992;j
RS;tcainc992j;p99.991p99.992;2016;61062256.0;992;j
RS;tcainc992j;p99.991p99.992;2017;61191488.0;992;j
RS;tcainc992j;p99.995p100;1990;30032664.0;992;j
RS;tcainc992j;p99.995p100;1991;24759206.0;992;j
RS;tcainc992j;p99.995p100;1992;15862459.0;992;j
RS;tcainc992j;p99.995p100;1993;9864745.0;992;j
RS;tcainc992j;p99.995p100;1994;9862233.0;992;j
RS;tcainc992j;p99.995p100;1995;10149123.0;992;j
RS;tcainc992j;p99.995p100;1996;9849479.0;992;j
RS;tcainc992j;p99.995p100;1997;9977152.0;992;j
RS;tcainc992j;p99.995p100;1998;11575838.0;992;j
RS;tcainc992j;p99.995p100;1999;15654186.0;992;j
RS;tcainc992j;p99.995p100;2000;18142686.0;992;j
RS;tcainc992j;p99.995p100;2001;20031322.0;992;j
RS;tcainc992j;p99.995p100;2002;20133902.0;992;j
RS;tcainc992j;p99.995p100;2003;21050710.0;992;j
RS;tcainc992j;p99.995p100;2004;25557832.0;992;j
RS;tcainc992j;p99.995p100;2005;31187386.0;992;j
RS;tcainc992j;p99.995p100;2006;31073554.0;992;j
RS;tcainc992j;p99.995p100;2007;27541690.0;992;j
RS;tcainc992j;p99.995p100;2008;26663032.0;992;j
RS;tcainc992j;p99.995p100;2009;31464018.0;992;j
RS;tcainc992j;p99.995p100;2010;30603900.0;992;j
RS;tcainc992j;p99.995p100;2011;30538584.0;992;j
RS;tcainc992j;p99.995p100;2012;43921548.0;992;j
RS;tcainc992j;p99.995p100;2013;35555768.0;992;j
RS;tcainc992j;p99.995p100;2014;58653644.0;992;j
RS;tcainc992j;p99.995p100;2015;87196952.0;992;j
RS;tcainc992j;p99.995p100;2016;90487160.0;992;j
RS;tcainc992j;p99.995p100;2017;90694136.0;992;j
RS;tcainc992j;p99.99p100;1990;20763862.0;992;j
RS;tcainc992j;p99.99p100;1991;17252344.0;992;j
RS;tcainc992j;p99.99p100;1992;11178243.0;992;j
RS;tcainc992j;p99.99p100;1993;7008595.0;992;j
RS;tcainc992j;p99.99p100;1994;7044680.5;992;j
RS;tcainc992j;p99.99p100;1995;7283949.0;992;j
RS;tcainc992j;p99.99p100;1996;7104624.5;992;j
RS;tcainc992j;p99.99p100;1997;7236651.5;992;j
RS;tcainc992j;p99.99p100;1998;8347919.5;992;j
RS;tcainc992j;p99.99p100;1999;11052497.0;992;j
RS;tcainc992j;p99.99p100;2000;12820632.0;992;j
RS;tcainc992j;p99.99p100;2001;13935109.0;992;j
RS;tcainc992j;p99.99p100;2002;14190778.0;992;j
RS;tcainc992j;p99.99p100;2003;14819319.0;992;j
RS;tcainc992j;p99.99p100;2004;17975832.0;992;j
RS;tcainc992j;p99.99p100;2005;21779282.0;992;j
RS;tcainc992j;p99.99p100;2006;22057576.0;992;j
RS;tcainc992j;p99.99p100;2007;19890714.0;992;j
RS;tcainc992j;p99.99p100;2008;19628890.0;992;j
RS;tcainc992j;p99.99p100;2009;22599664.0;992;j
RS;tcainc992j;p99.99p100;2010;22237394.0;992;j
RS;tcainc992j;p99.99p100;2011;22348210.0;992;j
RS;tcainc992j;p99.99p100;2012;30460654.0;992;j
RS;tcainc992j;p99.99p100;2013;25512500.0;992;j
RS;tcainc992j;p99.99p100;2014;38709504.0;992;j
RS;tcainc992j;p99.99p100;2015;54847824.0;992;j
RS;tcainc992j;p99.99p100;2016;56911612.0;992;j
RS;tcainc992j;p99.99p100;2017;57030324.0;992;j
RS;tdiinc992j;p19p20;1990;294606.0;992;j
RS;tdiinc992j;p19p20;1991;259471.3;992;j
RS;tdiinc992j;p19p20;1992;180413.41;992;j
RS;tdiinc992j;p19p20;1993;118612.2;992;j
RS;tdiinc992j;p19p20;1994;123737.8;992;j
RS;tdiinc992j;p19p20;1995;132299.7;992;j
RS;tdiinc992j;p19p20;1996;135267.5;992;j
RS;tdiinc992j;p19p20;1997;145283.0;992;j
RS;tdiinc992j;p19p20;1998;159535.5;992;j
RS;tdiinc992j;p19p20;1999;168541.3;992;j
RS;tdiinc992j;p19p20;2000;182299.0;992;j
RS;tdiinc992j;p19p20;2001;181730.0;992;j
RS;tdiinc992j;p19p20;2002;184709.3;992;j
RS;tdiinc992j;p19p20;2003;193003.5;992;j
RS;tdiinc992j;p19p20;2004;194693.2;992;j
RS;tdiinc992j;p19p20;2005;223428.7;992;j
RS;tdiinc992j;p19p20;2006;217393.8;992;j
RS;tdiinc992j;p19p20;2007;224936.3;992;j
RS;tdiinc992j;p19p20;2008;226562.8;992;j
RS;tdiinc992j;p19p20;2009;209061.41;992;j
RS;tdiinc992j;p19p20;2010;189204.2;992;j
RS;tdiinc992j;p19p20;2011;170925.3;992;j
RS;tdiinc992j;p19p20;2012;174495.5;992;j
RS;tdiinc992j;p19p20;2013;155331.8;992;j
RS;tdiinc992j;p19p20;2014;195522.8;992;j
RS;tdiinc992j;p19p20;2015;169178.8;992;j
RS;tdiinc992j;p19p20;2016;167916.8;992;j
RS;tdiinc992j;p19p20;2017;167986.59;992;j
RS;tdiinc992j;p23p24;1990;343121.69;992;j
RS;tdiinc992j;p23p24;1991;301546.81;992;j
RS;tdiinc992j;p23p24;1992;209336.2;992;j
RS;tdiinc992j;p23p24;1993;137554.5;992;j
RS;tdiinc992j;p23p24;1994;143555.5;992;j
RS;tdiinc992j;p23p24;1995;153744.59;992;j
RS;tdiinc992j;p23p24;1996;157354.41;992;j
RS;tdiinc992j;p23p24;1997;169873.5;992;j
RS;tdiinc992j;p23p24;1998;181682.7;992;j
RS;tdiinc992j;p23p24;1999;195627.8;992;j
RS;tdiinc992j;p23p24;2000;217929.8;992;j
RS;tdiinc992j;p23p24;2001;218383.41;992;j
RS;tdiinc992j;p23p24;2002;226598.41;992;j
RS;tdiinc992j;p23p24;2003;231628.41;992;j
RS;tdiinc992j;p23p24;2004;246205.91;992;j
RS;tdiinc992j;p23p24;2005;269595.59;992;j
RS;tdiinc992j;p23p24;2006;269637.59;992;j
RS;tdiinc992j;p23p24;2007;276522.5;992;j
RS;tdiinc992j;p23p24;2008;285859.31;992;j
RS;tdiinc992j;p23p24;2009;262041.5;992;j
RS;tdiinc992j;p23p24;2010;243423.0;992;j
RS;tdiinc992j;p23p24;2011;223108.09;992;j
RS;tdiinc992j;p23p24;2012;231076.2;992;j
RS;tdiinc992j;p23p24;2013;203028.2;992;j
RS;tdiinc992j;p23p24;2014;229691.8;992;j
RS;tdiinc992j;p23p24;2015;205234.09;992;j
RS;tdiinc992j;p23p24;2016;205586.5;992;j
RS;tdiinc992j;p23p24;2017;205769.59;992;j
RS;tdiinc992j;p52p53;1990;643341.63;992;j
RS;tdiinc992j;p52p53;1991;559640.38;992;j
RS;tdiinc992j;p52p53;1992;383994.5;992;j
RS;tdiinc992j;p52p53;1993;248977.09;992;j
RS;tdiinc992j;p52p53;1994;256580.91;992;j
RS;tdiinc992j;p52p53;1995;270649.31;992;j
RS;tdiinc992j;p52p53;1996;273095.31;992;j
RS;tdiinc992j;p52p53;1997;289868.91;992;j
RS;tdiinc992j;p52p53;1998;299736.5;992;j
RS;tdiinc992j;p52p53;1999;325083.0;992;j
RS;tdiinc992j;p52p53;2000;355914.5;992;j
RS;tdiinc992j;p52p53;2001;353453.31;992;j
RS;tdiinc992j;p52p53;2002;380137.0;992;j
RS;tdiinc992j;p52p53;2003;396518.09;992;j
RS;tdiinc992j;p52p53;2004;445150.5;992;j
RS;tdiinc992j;p52p53;2005;488392.19;992;j
RS;tdiinc992j;p52p53;2006;512012.5;992;j
RS;tdiinc992j;p52p53;2007;531021.81;992;j
RS;tdiinc992j;p52p53;2008;563573.88;992;j
RS;tdiinc992j;p52p53;2009;547893.88;992;j
RS;tdiinc992j;p52p53;2010;540223.19;992;j
RS;tdiinc992j;p52p53;2011;535324.19;992;j
RS;tdiinc992j;p52p53;2012;529735.31;992;j
RS;tdiinc992j;p52p53;2013;540826.81;992;j
RS;tdiinc992j;p52p53;2014;524519.38;992;j
RS;tdiinc992j;p52p53;2015;520085.09;992;j
RS;tdiinc992j;p52p53;2016;534040.13;992;j
RS;tdiinc992j;p52p53;2017;536943.63;992;j
RS;tdiinc992j;p65p66;1990;794348.31;992;j
RS;tdiinc992j;p65p66;1991;688511.0;992;j
RS;tdiinc992j;p65p66;1992;470471.09;992;j
RS;tdiinc992j;p65p66;1993;304039.5;992;j
RS;tdiinc992j;p65p66;1994;312474.69;992;j
RS;tdiinc992j;p65p66;1995;329304.69;992;j
RS;tdiinc992j;p65p66;1996;331534.5;992;j
RS;tdiinc992j;p65p66;1997;351100.59;992;j
RS;tdiinc992j;p65p66;1998;368149.0;992;j
RS;tdiinc992j;p65p66;1999;399032.41;992;j
RS;tdiinc992j;p65p66;2000;431868.81;992;j
RS;tdiinc992j;p65p66;2001;429363.19;992;j
RS;tdiinc992j;p65p66;2002;465495.5;992;j
RS;tdiinc992j;p65p66;2003;489492.91;992;j
RS;tdiinc992j;p65p66;2004;552433.31;992;j
RS;tdiinc992j;p65p66;2005;608484.38;992;j
RS;tdiinc992j;p65p66;2006;642650.38;992;j
RS;tdiinc992j;p65p66;2007;669250.38;992;j
RS;tdiinc992j;p65p66;2008;713499.5;992;j
RS;tdiinc992j;p65p66;2009;693587.69;992;j
RS;tdiinc992j;p65p66;2010;691711.38;992;j
RS;tdiinc992j;p65p66;2011;690429.81;992;j
RS;tdiinc992j;p65p66;2012;685734.31;992;j
RS;tdiinc992j;p65p66;2013;713733.63;992;j
RS;tdiinc992j;p65p66;2014;680158.5;992;j
RS;tdiinc992j;p65p66;2015;664580.63;992;j
RS;tdiinc992j;p65p66;2016;684859.38;992;j
RS;tdiinc992j;p65p66;2017;688694.38;992;j
RS;tdiinc992j;p79p100;1990;1012392.6;992;j
RS;tdiinc992j;p79p100;1991;877049.81;992;j
RS;tdiinc992j;p79p100;1992;599097.31;992;j
RS;tdiinc992j;p79p100;1993;386872.5;992;j
RS;tdiinc992j;p79p100;1994;396644.19;992;j
RS;tdiinc992j;p79p100;1995;416762.81;992;j
RS;tdiinc992j;p79p100;1996;419255.31;992;j
RS;tdiinc992j;p79p100;1997;443154.59;992;j
RS;tdiinc992j;p79p100;1998;460506.09;992;j
RS;tdiinc992j;p79p100;1999;500470.0;992;j
RS;tdiinc992j;p79p100;2000;544768.19;992;j
RS;tdiinc992j;p79p100;2001;538359.31;992;j
RS;tdiinc992j;p79p100;2002;588121.5;992;j
RS;tdiinc992j;p79p100;2003;618797.63;992;j
RS;tdiinc992j;p79p100;2004;706138.63;992;j
RS;tdiinc992j;p79p100;2005;787509.69;992;j
RS;tdiinc992j;p79p100;2006;832628.5;992;j
RS;tdiinc992j;p79p100;2007;866760.81;992;j
RS;tdiinc992j;p79p100;2008;934730.38;992;j
RS;tdiinc992j;p79p100;2009;911343.69;992;j
RS;tdiinc992j;p79p100;2010;918301.88;992;j
RS;tdiinc992j;p79p100;2011;926397.69;992;j
RS;tdiinc992j;p79p100;2012;921906.13;992;j
RS;tdiinc992j;p79p100;2013;964990.81;992;j
RS;tdiinc992j;p79p100;2014;887434.88;992;j
RS;tdiinc992j;p79p100;2015;877763.63;992;j
RS;tdiinc992j;p79p100;2016;907029.63;992;j
RS;tdiinc992j;p79p100;2017;912710.88;992;j
RS;tdiinc992j;p99.991p99.992;1990;29033418.0;992;j
RS;tdiinc992j;p99.991p99.992;1991;24104428.0;992;j
RS;tdiinc992j;p99.991p99.992;1992;15597169.0;992;j
RS;tdiinc992j;p99.991p99.992;1993;9770507.0;992;j
RS;tdiinc992j;p99.991p99.992;1994;9815959.0;992;j
RS;tdiinc992j;p99.991p99.992;1995;10145409.0;992;j
RS;tdiinc992j;p99.991p99.992;1996;9890442.0;992;j
RS;tdiinc992j;p99.991p99.992;1997;10098462.0;992;j
RS;tdiinc992j;p99.991p99.992;1998;11317499.0;992;j
RS;tdiinc992j;p99.991p99.992;1999;14571621.0;992;j
RS;tdiinc992j;p99.991p99.992;2000;16980418.0;992;j
RS;tdiinc992j;p99.991p99.992;2001;18908784.0;992;j
RS;tdiinc992j;p99.991p99.992;2002;19595678.0;992;j
RS;tdiinc992j;p99.991p99.992;2003;20394254.0;992;j
RS;tdiinc992j;p99.991p99.992;2004;23314358.0;992;j
RS;tdiinc992j;p99.991p99.992;2005;27718708.0;992;j
RS;tdiinc992j;p99.991p99.992;2006;28006274.0;992;j
RS;tdiinc992j;p99.991p99.992;2007;25848578.0;992;j
RS;tdiinc992j;p99.991p99.992;2008;25248482.0;992;j
RS;tdiinc992j;p99.991p99.992;2009;29027038.0;992;j
RS;tdiinc992j;p99.991p99.992;2010;28413258.0;992;j
RS;tdiinc992j;p99.991p99.992;2011;28437666.0;992;j
RS;tdiinc992j;p99.991p99.992;2012;38954068.0;992;j
RS;tdiinc992j;p99.991p99.992;2013;32471150.0;992;j
RS;tdiinc992j;p99.991p99.992;2014;49852144.0;992;j
RS;tdiinc992j;p99.991p99.992;2015;70999256.0;992;j
RS;tdiinc992j;p99.991p99.992;2016;74158520.0;992;j
RS;tdiinc992j;p99.991p99.992;2017;74789440.0;992;j
RS;tdiinc992j;p99.9p99.91;1990;8327695.0;992;j
RS;tdiinc992j;p99.9p99.91;1991;7094290.5;992;j
RS;tdiinc992j;p99.9p99.91;1992;4760686.5;992;j
RS;tdiinc992j;p99.9p99.91;1993;3059686.0;992;j
RS;tdiinc992j;p99.9p99.91;1994;3126689.8;992;j
RS;tdiinc992j;p99.9p99.91;1995;3279825.0;992;j
RS;tdiinc992j;p99.9p99.91;1996;3251082.3;992;j
RS;tdiinc992j;p99.9p99.91;1997;3380800.5;992;j
RS;tdiinc992j;p99.9p99.91;1998;3710826.0;992;j
RS;tdiinc992j;p99.9p99.91;1999;4443702.5;992;j
RS;tdiinc992j;p99.9p99.91;2000;5170068.0;992;j
RS;tdiinc992j;p99.9p99.91;2001;5460508.0;992;j
RS;tdiinc992j;p99.9p99.91;2002;5898958.5;992;j
RS;tdiinc992j;p99.9p99.91;2003;6127451.0;992;j
RS;tdiinc992j;p99.9p99.91;2004;6990425.0;992;j
RS;tdiinc992j;p99.9p99.91;2005;8113236.0;992;j
RS;tdiinc992j;p99.9p99.91;2006;8630678.0;992;j
RS;tdiinc992j;p99.9p99.91;2007;8440127.0;992;j
RS;tdiinc992j;p99.9p99.91;2008;8766686.0;992;j
RS;tdiinc992j;p99.9p99.91;2009;9292965.0;992;j
RS;tdiinc992j;p99.9p99.91;2010;9436760.0;992;j
RS;tdiinc992j;p99.9p99.91;2011;9655983.0;992;j
RS;tdiinc992j;p99.9p99.91;2012;11067804.0;992;j
RS;tdiinc992j;p99.9p99.91;2013;10332225.0;992;j
RS;tdiinc992j;p99.9p99.91;2014;12015162.0;992;j
RS;tdiinc992j;p99.9p99.91;2015;14495537.0;992;j
RS;tdiinc992j;p99.9p99.91;2016;15128170.0;992;j
RS;tdiinc992j;p99.9p99.91;2017;15245875.0;992;j
RS;tptinc992j;p20p21;1990;238906.59;992;j
RS;tptinc992j;p20p21;1991;206187.3;992;j
RS;tptinc992j;p20p21;1992;140750.5;992;j
RS;tptinc992j;p20p21;1993;90841.797;992;j
RS;tptinc992j;p20p21;1994;92963.102;992;j
RS;tptinc992j;p20p21;1995;97470.898;992;j
RS;tptinc992j;p20p21;1996;97916.602;992;j
RS;tptinc992j;p20p21;1997;103248.0;992;j
RS;tptinc992j;p20p21;1998;115987.3;992;j
RS;tptinc992j;p20p21;1999;126845.4;992;j
RS;tptinc992j;p20p21;2000;134713.8;992;j
RS;tptinc992j;p20p21;2001;134316.41;992;j
RS;tptinc992j;p20p21;2002;133497.91;992;j
RS;tptinc992j;p20p21;2003;137513.3;992;j
RS;tptinc992j;p20p21;2004;144246.3;992;j
RS;tptinc992j;p20p21;2005;151406.59;992;j
RS;tptinc992j;p20p21;2006;147042.2;992;j
RS;tptinc992j;p20p21;2007;142916.2;992;j
RS;tptinc992j;p20p21;2008;142668.7;992;j
RS;tptinc992j;p20p21;2009;122276.3;992;j
RS;tptinc992j;p20p21;2010;109274.8;992;j
RS;tptinc992j;p20p21;2011;96720.5;992;j
RS;tptinc992j;p20p21;2012;91842.5;992;j
RS;tptinc992j;p20p21;2013;88286.602;992;j
RS;tptinc992j;p20p21;2014;87341.203;992;j
RS;tptinc992j;p20p21;2015;89575.602;992;j
RS;tptinc992j;p20p21;2016;92574.398;992;j
RS;tptinc992j;p20p21;2017;92170.898;992;j
RS;tptinc992j;p69p70;1990;848856.38;992;j
RS;tptinc992j;p69p70;1991;734099.13;992;j
RS;tptinc992j;p69p70;1992;500972.69;992;j
RS;tptinc992j;p69p70;1993;323617.41;992;j
RS;tptinc992j;p69p70;1994;331804.69;992;j
RS;tptinc992j;p69p70;1995;348483.19;992;j
RS;tptinc992j;p69p70;1996;350135.5;992;j
RS;tptinc992j;p69p70;1997;369888.59;992;j
RS;tptinc992j;p69p70;1998;386373.19;992;j
RS;tptinc992j;p69p70;1999;418371.81;992;j
RS;tptinc992j;p69p70;2000;453369.09;992;j
RS;tptinc992j;p69p70;2001;449771.81;992;j
RS;tptinc992j;p69p70;2002;487626.09;992;j
RS;tptinc992j;p69p70;2003;512415.59;992;j
RS;tptinc992j;p69p70;2004;570866.19;992;j
RS;tptinc992j;p69p70;2005;633006.63;992;j
RS;tptinc992j;p69p70;2006;672749.88;992;j
RS;tptinc992j;p69p70;2007;708681.88;992;j
RS;tptinc992j;p69p70;2008;758807.31;992;j
RS;tptinc992j;p69p70;2009;743222.13;992;j
RS;tptinc992j;p69p70;2010;736429.31;992;j
RS;tptinc992j;p69p70;2011;737135.88;992;j
RS;tptinc992j;p69p70;2012;746148.63;992;j
RS;tptinc992j;p69p70;2013;772914.31;992;j
RS;tptinc992j;p69p70;2014;739117.31;992;j
RS;tptinc992j;p69p70;2015;744243.63;992;j
RS;tptinc992j;p69p70;2016;766904.13;992;j
RS;tptinc992j;p69p70;2017;771193.88;992;j
RS;tptinc992j;p81p100;1990;1070818.5;992;j
RS;tptinc992j;p81p100;1991;926767.31;992;j
RS;tptinc992j;p81p100;1992;632772.63;992;j
RS;tptinc992j;p81p100;1993;408765.09;992;j
RS;tptinc992j;p81p100;1994;419238.5;992;j
RS;tptinc992j;p81p100;1995;441382.09;992;j
RS;tptinc992j;p81p100;1996;444123.31;992;j
RS;tptinc992j;p81p100;1997;470148.5;992;j
RS;tptinc992j;p81p100;1998;487500.31;992;j
RS;tptinc992j;p81p100;1999;530341.5;992;j
RS;tptinc992j;p81p100;2000;575859.13;992;j
RS;tptinc992j;p81p100;2001;570356.88;992;j
RS;tptinc992j;p81p100;2002;622698.69;992;j
RS;tptinc992j;p81p100;2003;654470.5;992;j
RS;tptinc992j;p81p100;2004;738544.69;992;j
RS;tptinc992j;p81p100;2005;828870.31;992;j
RS;tptinc992j;p81p100;2006;878930.81;992;j
RS;tptinc992j;p81p100;2007;928090.13;992;j
RS;tptinc992j;p81p100;2008;1000881.6;992;j
RS;tptinc992j;p81p100;2009;980319.13;992;j
RS;tptinc992j;p81p100;2010;981578.38;992;j
RS;tptinc992j;p81p100;2011;988136.19;992;j
RS;tptinc992j;p81p100;2012;1011690.1;992;j
RS;tptinc992j;p81p100;2013;1037477.4;992;j
RS;tptinc992j;p81p100;2014;989155.81;992;j
RS;tptinc992j;p81p100;2015;985100.13;992;j
RS;tptinc992j;p81p100;2016;1015472.9;992;j
RS;tptinc992j;p81p100;2017;1021173.5;992;j
RS;tptinc992j;p99.95p100;1990;13681058.0;992;j
RS;tptinc992j;p99.95p100;1991;12145291.0;992;j
RS;tptinc992j;p99.95p100;1992;8468258.0;992;j
RS;tptinc992j;p99.95p100;1993;5611573.5;992;j
RS;tptinc992j;p99.95p100;1994;5882199.0;992;j
RS;tptinc992j;p99.95p100;1995;6345071.0;992;j
RS;tptinc992j;p99.95p100;1996;6486732.5;992;j
RS;tptinc992j;p99.95p100;1997;6975342.5;992;j
RS;tptinc992j;p99.95p100;1998;7367250.0;992;j
RS;tptinc992j;p99.95p100;1999;8494334.0;992;j
RS;tptinc992j;p99.95p100;2000;9962832.0;992;j
RS;tptinc992j;p99.95p100;2001;10441711.0;992;j
RS;tptinc992j;p99.95p100;2002;11240104.0;992;j
RS;tptinc992j;p99.95p100;2003;11681788.0;992;j
RS;tptinc992j;p99.95p100;2004;13572784.0;992;j
RS;tptinc992j;p99.95p100;2005;15058990.0;992;j
RS;tptinc992j;p99.95p100;2006;16082623.0;992;j
RS;tptinc992j;p99.95p100;2007;15559782.0;992;j
RS;tptinc992j;p99.95p100;2008;16855114.0;992;j
RS;tptinc992j;p99.95p100;2009;16549517.0;992;j
RS;tptinc992j;p99.95p100;2010;16863066.0;992;j
RS;tptinc992j;p99.95p100;2011;17660898.0;992;j
RS;tptinc992j;p99.95p100;2012;15768446.0;992;j
RS;tptinc992j;p99.95p100;2013;16603223.0;992;j
RS;tptinc992j;p99.95p100;2014;20738756.0;992;j
RS;tptinc992j;p99.95p100;2015;20148812.0;992;j
RS;tptinc992j;p99.95p100;2016;20794232.0;992;j
RS;tptinc992j;p99.95p100;2017;20948924.0;992;j
RS;tptinc992j;p99.998p99.999;1990;72205464.0;992;j
RS;tptinc992j;p99.998p99.999;1991;65179500.0;992;j
RS;tptinc992j;p99.998p99.999;1992;45707904.0;992;j
RS;tptinc992j;p99.998p99.999;1993;30767788.0;992;j
RS;tptinc992j;p99.998p99.999;1994;32310830.0;992;j
RS;tptinc992j;p99.998p99.999;1995;35337012.0;992;j
RS;tptinc992j;p99.998p99.999;1996;36591752.0;992;j
RS;tptinc992j;p99.998p99.999;1997;39921656.0;992;j
RS;tptinc992j;p99.998p99.999;1998;41220532.0;992;j
RS;tptinc992j;p99.998p99.999;1999;49407552.0;992;j
RS;tptinc992j;p99.998p99.999;2000;58573496.0;992;j
RS;tptinc992j;p99.998p99.999;2001;63859496.0;992;j
RS;tptinc992j;p99.998p99.999;2002;66317012.0;992;j
RS;tptinc992j;p99.998p99.999;2003;67536504.0;992;j
RS;tptinc992j;p99.998p99.999;2004;78329648.0;992;j
RS;tptinc992j;p99.998p99.999;2005;83347896.0;992;j
RS;tptinc992j;p99.998p99.999;2006;89101008.0;992;j
RS;tptinc992j;p99.998p99.999;2007;83597368.0;992;j
RS;tptinc992j;p99.998p99.999;2008;91596728.0;992;j
RS;tptinc992j;p99.998p99.999;2009;88308864.0;992;j
RS;tptinc992j;p99.998p99.999;2010;85057776.0;992;j
RS;tptinc992j;p99.998p99.999;2011;90933672.0;992;j
RS;tptinc992j;p99.998p99.999;2012;67577120.0;992;j
RS;tptinc992j;p99.998p99.999;2013;77270352.0;992;j
RS;tptinc992j;p99.998p99.999;2014;128328280.0;992;j
RS;tptinc992j;p99.998p99.999;2015;125261416.0;992;j
RS;tptinc992j;p99.998p99.999;2016;129267912.0;992;j
RS;tptinc992j;p99.998p99.999;2017;130144096.0;992;j
RS;acainc992j;p58p100;1990;865530.19;992;j
RS;acainc992j;p58p100;1991;749090.38;992;j
RS;acainc992j;p58p100;1992;511310.5;992;j
RS;acainc992j;p58p100;1993;330633.0;992;j
RS;acainc992j;p58p100;1994;339517.19;992;j
RS;acainc992j;p58p100;1995;357317.69;992;j
RS;acainc992j;p58p100;1996;358901.19;992;j
RS;acainc992j;p58p100;1997;377325.5;992;j
RS;acainc992j;p58p100;1998;413698.41;992;j
RS;acainc992j;p58p100;1999;473160.59;992;j
RS;acainc992j;p58p100;2000;515940.31;992;j
RS;acainc992j;p58p100;2001;504273.31;992;j
RS;acainc992j;p58p100;2002;535158.19;992;j
RS;acainc992j;p58p100;2003;566724.88;992;j
RS;acainc992j;p58p100;2004;687364.69;992;j
RS;acainc992j;p58p100;2005;789610.38;992;j
RS;acainc992j;p58p100;2006;842887.19;992;j
RS;acainc992j;p58p100;2007;845439.31;992;j
RS;acainc992j;p58p100;2008;911080.88;992;j
RS;acainc992j;p58p100;2009;907616.19;992;j
RS;acainc992j;p58p100;2010;925304.88;992;j
RS;acainc992j;p58p100;2011;946619.19;992;j
RS;acainc992j;p58p100;2012;950226.5;992;j
RS;acainc992j;p58p100;2013;976807.81;992;j
RS;acainc992j;p58p100;2014;936645.31;992;j
RS;acainc992j;p58p100;2015;966712.19;992;j
RS;acainc992j;p58p100;2016;1002503.9;992;j
RS;acainc992j;p58p100;2017;1003564.0;992;j
RS;acainc992j;p99.1p100;1990;4311286.5;992;j
RS;acainc992j;p99.1p100;1991;3669278.5;992;j
RS;acainc992j;p99.1p100;1992;2459839.5;992;j
RS;acainc992j;p99.1p100;1993;1579416.4;992;j
RS;acainc992j;p99.1p100;1994;1613380.3;992;j
RS;acainc992j;p99.1p100;1995;1691811.0;992;j
RS;acainc992j;p99.1p100;1996;1678354.6;992;j
RS;acainc992j;p99.1p100;1997;1741696.3;992;j
RS;acainc992j;p99.1p100;1998;1966198.1;992;j
RS;acainc992j;p99.1p100;1999;2417614.0;992;j
RS;acainc992j;p99.1p100;2000;2783126.5;992;j
RS;acainc992j;p99.1p100;2001;2871736.5;992;j
RS;acainc992j;p99.1p100;2002;3033913.5;992;j
RS;acainc992j;p99.1p100;2003;3169584.3;992;j
RS;acainc992j;p99.1p100;2004;3841397.0;992;j
RS;acainc992j;p99.1p100;2005;4546557.5;992;j
RS;acainc992j;p99.1p100;2006;4825954.5;992;j
RS;acainc992j;p99.1p100;2007;4613404.5;992;j
RS;acainc992j;p99.1p100;2008;4842970.5;992;j
RS;acainc992j;p99.1p100;2009;5129201.5;992;j
RS;acainc992j;p99.1p100;2010;5231648.0;992;j
RS;acainc992j;p99.1p100;2011;5374863.0;992;j
RS;acainc992j;p99.1p100;2012;6134624.5;992;j
RS;acainc992j;p99.1p100;2013;5738148.0;992;j
RS;acainc992j;p99.1p100;2014;6770620.5;992;j
RS;acainc992j;p99.1p100;2015;8517224.0;992;j
RS;acainc992j;p99.1p100;2016;8835039.0;992;j
RS;acainc992j;p99.1p100;2017;8851007.0;992;j
RS;adiinc992j;p11p100;1990;806967.13;992;j
RS;adiinc992j;p11p100;1991;700558.5;992;j
RS;adiinc992j;p11p100;1992;479643.19;992;j
RS;adiinc992j;p11p100;1993;310955.69;992;j
RS;adiinc992j;p11p100;1994;320154.19;992;j
RS;adiinc992j;p11p100;1995;337788.81;992;j
RS;adiinc992j;p11p100;1996;340407.19;992;j
RS;adiinc992j;p11p100;1997;360704.09;992;j
RS;adiinc992j;p11p100;1998;379234.59;992;j
RS;adiinc992j;p11p100;1999;415475.5;992;j
RS;adiinc992j;p11p100;2000;456944.59;992;j
RS;adiinc992j;p11p100;2001;456245.0;992;j
RS;adiinc992j;p11p100;2002;492305.0;992;j
RS;adiinc992j;p11p100;2003;517194.19;992;j
RS;adiinc992j;p11p100;2004;583368.31;992;j
RS;adiinc992j;p11p100;2005;651193.0;992;j
RS;adiinc992j;p11p100;2006;688334.5;992;j
RS;adiinc992j;p11p100;2007;710796.5;992;j
RS;adiinc992j;p11p100;2008;756696.81;992;j
RS;adiinc992j;p11p100;2009;743144.63;992;j
RS;adiinc992j;p11p100;2010;745629.31;992;j
RS;adiinc992j;p11p100;2011;749133.31;992;j
RS;adiinc992j;p11p100;2012;748651.81;992;j
RS;adiinc992j;p11p100;2013;763680.19;992;j
RS;adiinc992j;p11p100;2014;742994.69;992;j
RS;adiinc992j;p11p100;2015;751781.5;992;j
RS;adiinc992j;p11p100;2016;775971.19;992;j
RS;adiinc992j;p11p100;2017;780664.38;992;j
RS;adiinc992j;p99.98p99.99;1990;22514968.0;992;j
RS;adiinc992j;p99.98p99.99;1991;18791296.0;992;j
RS;adiinc992j;p99.98p99.99;1992;12251400.0;992;j
RS;adiinc992j;p99.98p99.99;1993;7716432.5;992;j
RS;adiinc992j;p99.98p99.99;1994;7780259.5;992;j
RS;adiinc992j;p99.98p99.99;1995;8066736.0;992;j
RS;adiinc992j;p99.98p99.99;1996;7890852.5;992;j
RS;adiinc992j;p99.98p99.99;1997;8087108.0;992;j
RS;adiinc992j;p99.98p99.99;1998;9026617.0;992;j
RS;adiinc992j;p99.98p99.99;1999;11454971.0;992;j
RS;adiinc992j;p99.98p99.99;2000;13353682.0;992;j
RS;adiinc992j;p99.98p99.99;2001;14713274.0;992;j
RS;adiinc992j;p99.98p99.99;2002;15381760.0;992;j
RS;adiinc992j;p99.98p99.99;2003;15997456.0;992;j
RS;adiinc992j;p99.98p99.99;2004;18277558.0;992;j
RS;adiinc992j;p99.98p99.99;2005;21625428.0;992;j
RS;adiinc992j;p99.98p99.99;2006;22088864.0;992;j
RS;adiinc992j;p99.98p99.99;2007;20627270.0;992;j
RS;adiinc992j;p99.98p99.99;2008;20409128.0;992;j
RS;adiinc992j;p99.98p99.99;2009;23076152.0;992;j
RS;adiinc992j;p99.98p99.99;2010;22763352.0;992;j
RS;adiinc992j;p99.98p99.99;2011;22890428.0;992;j
RS;adiinc992j;p99.98p99.99;2012;30239308.0;992;j
RS;adiinc992j;p99.98p99.99;2013;25792346.0;992;j
RS;adiinc992j;p99.98p99.99;2014;37431960.0;992;j
RS;adiinc992j;p99.98p99.99;2015;51611000.0;992;j
RS;adiinc992j;p99.98p99.99;2016;53901348.0;992;j
RS;adiinc992j;p99.98p99.99;2017;54352408.0;992;j
RS;adiinc992j;p99.998p99.999;1990;76856384.0;992;j
RS;adiinc992j;p99.998p99.999;1991;62490568.0;992;j
RS;adiinc992j;p99.998p99.999;1992;39233932.0;992;j
RS;adiinc992j;p99.998p99.999;1993;24043276.0;992;j
RS;adiinc992j;p99.998p99.999;1994;23807184.0;992;j
RS;adiinc992j;p99.998p99.999;1995;24294682.0;992;j
RS;adiinc992j;p99.998p99.999;1996;23367378.0;992;j
RS;adiinc992j;p99.998p99.999;1997;23507650.0;992;j
RS;adiinc992j;p99.998p99.999;1998;26757272.0;992;j
RS;adiinc992j;p99.998p99.999;1999;36450164.0;992;j
RS;adiinc992j;p99.998p99.999;2000;42337548.0;992;j
RS;adiinc992j;p99.998p99.999;2001;49149332.0;992;j
RS;adiinc992j;p99.998p99.999;2002;49164276.0;992;j
RS;adiinc992j;p99.998p99.999;2003;51346888.0;992;j
RS;adiinc992j;p99.998p99.999;2004;58853896.0;992;j
RS;adiinc992j;p99.998p99.999;2005;71316752.0;992;j
RS;adiinc992j;p99.998p99.999;2006;68950576.0;992;j
RS;adiinc992j;p99.998p99.999;2007;60769412.0;992;j
RS;adiinc992j;p99.998p99.999;2008;56373968.0;992;j
RS;adiinc992j;p99.998p99.999;2009;69230312.0;992;j
RS;adiinc992j;p99.998p99.999;2010;65689428.0;992;j
RS;adiinc992j;p99.998p99.999;2011;64501376.0;992;j
RS;adiinc992j;p99.998p99.999;2012;101978968.0;992;j
RS;adiinc992j;p99.998p99.999;2013;77626512.0;992;j
RS;adiinc992j;p99.998p99.999;2014;148972912.0;992;j
RS;adiinc992j;p99.998p99.999;2015;240977760.0;992;j
RS;adiinc992j;p99.998p99.999;2016;251791824.0;992;j
RS;adiinc992j;p99.998p99.999;2017;254072240.0;992;j
RS;aotpgo999i;p0p100;1997;6274.3999;999;i
RS;aotpgo999i;p0p100;1998;6663.8999;999;i
RS;aotpgo999i;p0p100;1999;6954.2998;999;i
RS;aotpgo999i;p0p100;2000;7152.8999;999;i
RS;aotpgo999i;p0p100;2001;9492.0;999;i
RS;aotpgo999i;p0p100;2002;11633.3;999;i
RS;aotpgo999i;p0p100;2003;11893.2;999;i
RS;aotpgo999i;p0p100;2004;9261.5;999;i
RS;aotpgo999i;p0p100;2005;7179.2998;999;i
RS;aotpgo999i;p0p100;2006;8614.0996;999;i
RS;aotpgo999i;p0p100;2007;8710.0;999;i
RS;aotpgo999i;p0p100;2008;10293.4;999;i
RS;aotpgo999i;p0p100;2009;12426.9;999;i
RS;aotpgo999i;p0p100;2010;13484.7;999;i
RS;aotpgo999i;p0p100;2011;12153.1;999;i
RS;aprico992i;p0p100;1997;-49156.7;992;i
RS;aprico992i;p0p100;1998;-4000.4;992;i
RS;aprico992i;p0p100;1999;3411.7;992;i
RS;aprico992i;p0p100;2000;20525.1;992;i
RS;aprico992i;p0p100;2001;-17785.0;992;i
RS;aprico992i;p0p100;2002;-26248.9;992;i
RS;aprico992i;p0p100;2003;-38413.6;992;i
RS;aprico992i;p0p100;2004;7863.3;992;i
RS;aprico992i;p0p100;2005;18729.2;992;i
RS;aprico992i;p0p100;2006;23940.0;992;i
RS;aprico992i;p0p100;2007;2913.9;992;i
RS;aprico992i;p0p100;2008;-323.9;992;i
RS;aprico992i;p0p100;2009;16616.3;992;i
RS;aprico992i;p0p100;2010;20256.8;992;i
RS;aprico992i;p0p100;2011;30380.0;992;i
RS;aptinc992j;p52p53;1990;625898.19;992;j
RS;aptinc992j;p52p53;1991;541136.38;992;j
RS;aptinc992j;p52p53;1992;368993.41;992;j
RS;aptinc992j;p52p53;1993;238240.09;992;j
RS;aptinc992j;p52p53;1994;244262.59;992;j
RS;aptinc992j;p52p53;1995;256712.09;992;j
RS;aptinc992j;p52p53;1996;258095.5;992;j
RS;aptinc992j;p52p53;1997;272852.09;992;j
RS;aptinc992j;p52p53;1998;283374.5;992;j
RS;aptinc992j;p52p53;1999;309595.19;992;j
RS;aptinc992j;p52p53;2000;335388.5;992;j
RS;aptinc992j;p52p53;2001;333630.59;992;j
RS;aptinc992j;p52p53;2002;356539.81;992;j
RS;aptinc992j;p52p53;2003;374234.5;992;j
RS;aptinc992j;p52p53;2004;414237.09;992;j
RS;aptinc992j;p52p53;2005;456238.5;992;j
RS;aptinc992j;p52p53;2006;481023.69;992;j
RS;aptinc992j;p52p53;2007;499805.5;992;j
RS;aptinc992j;p52p53;2008;530923.69;992;j
RS;aptinc992j;p52p53;2009;519379.81;992;j
RS;aptinc992j;p52p53;2010;509705.31;992;j
RS;aptinc992j;p52p53;2011;504025.19;992;j
RS;aptinc992j;p52p53;2012;508025.69;992;j
RS;aptinc992j;p52p53;2013;529198.63;992;j
RS;aptinc992j;p52p53;2014;499254.59;992;j
RS;aptinc992j;p52p53;2015;514623.31;992;j
RS;aptinc992j;p52p53;2016;530331.38;992;j
RS;aptinc992j;p52p53;2017;533171.69;992;j
RS;aptinc992j;p72p100;1990;1482806.3;992;j
RS;aptinc992j;p72p100;1991;1290593.3;992;j
RS;aptinc992j;p72p100;1992;885767.31;992;j
RS;aptinc992j;p72p100;1993;575691.69;992;j
RS;aptinc992j;p72p100;1994;594232.63;992;j
RS;aptinc992j;p72p100;1995;628635.69;992;j
RS;aptinc992j;p72p100;1996;634517.38;992;j
RS;aptinc992j;p72p100;1997;673579.88;992;j
RS;aptinc992j;p72p100;1998;708164.19;992;j
RS;aptinc992j;p72p100;1999;777773.5;992;j
RS;aptinc992j;p72p100;2000;864244.81;992;j
RS;aptinc992j;p72p100;2001;866170.19;992;j
RS;aptinc992j;p72p100;2002;944787.19;992;j
RS;aptinc992j;p72p100;2003;999062.38;992;j
RS;aptinc992j;p72p100;2004;1143622.9;992;j
RS;aptinc992j;p72p100;2005;1293422.6;992;j
RS;aptinc992j;p72p100;2006;1378722.8;992;j
RS;aptinc992j;p72p100;2007;1422142.6;992;j
RS;aptinc992j;p72p100;2008;1528833.1;992;j
RS;aptinc992j;p72p100;2009;1513821.9;992;j
RS;aptinc992j;p72p100;2010;1541804.0;992;j
RS;aptinc992j;p72p100;2011;1572964.8;992;j
RS;aptinc992j;p72p100;2012;1573247.3;992;j
RS;aptinc992j;p72p100;2013;1604402.4;992;j
RS;aptinc992j;p72p100;2014;1598621.4;992;j
RS;aptinc992j;p72p100;2015;1589909.8;992;j
RS;aptinc992j;p72p100;2016;1639279.0;992;j
RS;aptinc992j;p72p100;2017;1649714.0;992;j
RS;aptinc992j;p99.998p99.999;1990;85229952.0;992;j
RS;aptinc992j;p99.998p99.999;1991;77067048.0;992;j
RS;aptinc992j;p99.998p99.999;1992;54071772.0;992;j
RS;aptinc992j;p99.998p99.999;1993;36455520.0;992;j
RS;aptinc992j;p99.998p99.999;1994;38286868.0;992;j
RS;aptinc992j;p99.998p99.999;1995;41930236.0;992;j
RS;aptinc992j;p99.998p99.999;1996;43476372.0;992;j
RS;aptinc992j;p99.998p99.999;1997;47504048.0;992;j
RS;aptinc992j;p99.998p99.999;1998;48927496.0;992;j
RS;aptinc992j;p99.998p99.999;1999;58874184.0;992;j
RS;aptinc992j;p99.998p99.999;2000;69852336.0;992;j
RS;aptinc992j;p99.998p99.999;2001;76462560.0;992;j
RS;aptinc992j;p99.998p99.999;2002;79100640.0;992;j
RS;aptinc992j;p99.998p99.999;2003;80389824.0;992;j
RS;aptinc992j;p99.998p99.999;2004;93212680.0;992;j
RS;aptinc992j;p99.998p99.999;2005;98747768.0;992;j
RS;aptinc992j;p99.998p99.999;2006;105574600.0;992;j
RS;aptinc992j;p99.998p99.999;2007;98764224.0;992;j
RS;aptinc992j;p99.998p99.999;2008;108343800.0;992;j
RS;aptinc992j;p99.998p99.999;2009;104254968.0;992;j
RS;aptinc992j;p99.998p99.999;2010;99799920.0;992;j
RS;aptinc992j;p99.998p99.999;2011;106919296.0;992;j
RS;aptinc992j;p99.998p99.999;2012;77921264.0;992;j
RS;aptinc992j;p99.998p99.999;2013;89892512.0;992;j
RS;aptinc992j;p99.998p99.999;2014;153796864.0;992;j
RS;aptinc992j;p99.998p99.999;2015;150227184.0;992;j
RS;aptinc992j;p99.998p99.999;2016;155030400.0;992;j
RS;aptinc992j;p99.998p99.999;2017;156068816.0;992;j
RS;bdiinc992j;p18p100;1990;3.0755205;992;j
RS;bdiinc992j;p18p100;1991;3.0535846;992;j
RS;bdiinc992j;p18p100;1992;3.0271344;992;j
RS;bdiinc992j;p18p100;1993;2.9941237;992;j
RS;bdiinc992j;p18p100;1994;2.9498808;992;j
RS;bdiinc992j;p18p100;1995;2.9011731;992;j
RS;bdiinc992j;p18p100;1996;2.8644783;992;j
RS;bdiinc992j;p18p100;1997;2.8228512;992;j
RS;bdiinc992j;p18p100;1998;2.6955371;992;j
RS;bdiinc992j;p18p100;1999;2.7523592;992;j
RS;bdiinc992j;p18p100;2000;2.7849338;992;j
RS;bdiinc992j;p18p100;2001;2.8116755;992;j
RS;bdiinc992j;p18p100;2002;3.0270851;992;j
RS;bdiinc992j;p18p100;2003;3.0198944;992;j
RS;bdiinc992j;p18p100;2004;3.3782983;992;j
RS;bdiinc992j;p18p100;2005;3.4386404;992;j
RS;bdiinc992j;p18p100;2006;3.7802427;992;j
RS;bdiinc992j;p18p100;2007;3.8342991;992;j
RS;bdiinc992j;p18p100;2008;4.0257287;992;j
RS;bdiinc992j;p18p100;2009;4.0246878;992;j
RS;bdiinc992j;p18p100;2010;4.5359626;992;j
RS;bdiinc992j;p18p100;2011;5.0409141;992;j
RS;bdiinc992j;p18p100;2012;5.0282121;992;j
RS;bdiinc992j;p18p100;2013;5.5445881;992;j
RS;bdiinc992j;p18p100;2014;4.2272849;992;j
RS;bdiinc992j;p18p100;2015;4.9953008;992;j
RS;bdiinc992j;p18p100;2016;5.215344;992;j
RS;bdiinc992j;p18p100;2017;5.2461982;992;j
RS;bdiinc992j;p6p100;1990;4.9907184;992;j
RS;bdiinc992j;p6p100;1991;5.0102153;992;j
RS;bdiinc992j;p6p100;1992;5.0306468;992;j
RS;bdiinc992j;p6p100;1993;5.0319428;992;j
RS;bdiinc992j;p6p100;1994;4.9302359;992;j
RS;bdiinc992j;p6p100;1995;4.8587518;992;j
RS;bdiinc992j;p6p100;1996;4.7760034;992;j
RS;bdiinc992j;p6p100;1997;4.6640644;992;j
RS;bdiinc992j;p6p100;1998;4.6057148;992;j
RS;bdiinc992j;p6p100;1999;4.6894083;992;j
RS;bdiinc992j;p6p100;2000;4.762341;992;j
RS;bdiinc992j;p6p100;2001;4.8174644;992;j
RS;bdiinc992j;p6p100;2002;5.5699668;992;j
RS;bdiinc992j;p6p100;2003;5.5520325;992;j
RS;bdiinc992j;p6p100;2004;6.2311015;992;j
RS;bdiinc992j;p6p100;2005;6.6970005;992;j
RS;bdiinc992j;p6p100;2006;7.6387081;992;j
RS;bdiinc992j;p6p100;2007;8.1602707;992;j
RS;bdiinc992j;p6p100;2008;7.8965364;992;j
RS;bdiinc992j;p6p100;2009;7.6764479;992;j
RS;bdiinc992j;p6p100;2010;8.1687346;992;j
RS;bdiinc992j;p6p100;2011;8.9483252;992;j
RS;bdiinc992j;p6p100;2012;9.2191792;992;j
RS;bdiinc992j;p6p100;2013;7.0957775;992;j
RS;bdiinc992j;p6p100;2014;4.8532357;992;j
RS;bdiinc992j;p6p100;2015;6.0346375;992;j
RS;bdiinc992j;p6p100;2016;6.4246836;992;j
RS;bdiinc992j;p6p100;2017;6.473258;992;j
RS;bdiinc992j;p99.992p100;1990;2.1588275;992;j
RS;bdiinc992j;p99.992p100;1991;2.1065323;992;j
RS;bdiinc992j;p99.992p100;1992;2.0350294;992;j
RS;bdiinc992j;p99.992p100;1993;1.9857165;992;j
RS;bdiinc992j;p99.992p100;1994;1.954448;992;j
RS;bdiinc992j;p99.992p100;1995;1.9277523;992;j
RS;bdiinc992j;p99.992p100;1996;1.9005463;992;j
RS;bdiinc992j;p99.992p100;1997;1.8714451;992;j
RS;bdiinc992j;p99.992p100;1998;1.9015371;992;j
RS;bdiinc992j;p99.992p100;1999;2.0203786;992;j
RS;bdiinc992j;p99.992p100;2000;2.0116808;992;j
RS;bdiinc992j;p99.992p100;2001;2.1085732;992;j
RS;bdiinc992j;p99.992p100;2002;2.0247946;992;j
RS;bdiinc992j;p99.992p100;2003;2.0333149;992;j
RS;bdiinc992j;p99.992p100;2004;2.0396478;992;j
RS;bdiinc992j;p99.992p100;2005;2.0840819;992;j
RS;bdiinc992j;p99.992p100;2006;1.9829997;992;j
RS;bdiinc992j;p99.992p100;2007;1.8879725;992;j
RS;bdiinc992j;p99.992p100;2008;1.791268;992;j
RS;bdiinc992j;p99.992p100;2009;1.9162383;992;j
RS;bdiinc992j;p99.992p100;2010;1.8548557;992;j
RS;bdiinc992j;p99.992p100;2011;1.8189917;992;j
RS;bdiinc992j;p99.992p100;2012;2.1241772;992;j
RS;bdiinc992j;p99.992p100;2013;1.9202914;992;j
RS;bdiinc992j;p99.992p100;2014;2.5123463;992;j
RS;bdiinc992j;p99.992p100;2015;3.0428755;992;j
RS;bdiinc992j;p99.992p100;2016;3.0445111;992;j
RS;bdiinc992j;p99.992p100;2017;3.0472529;992;j
RS;bptinc992j;p91p100;1990;1.7035822;992;j
RS;bptinc992j;p91p100;1991;1.7146497;992;j
RS;bptinc992j;p91p100;1992;1.7278746;992;j
RS;bptinc992j;p91p100;1993;1.739871;992;j
RS;bptinc992j;p91p100;1994;1.7558286;992;j
RS;bptinc992j;p91p100;1995;1.7698081;992;j
RS;bptinc992j;p91p100;1996;1.776757;992;j
RS;bptinc992j;p91p100;1997;1.7829396;992;j
RS;bptinc992j;p91p100;1998;1.7949737;992;j
RS;bptinc992j;p91p100;1999;1.8337374;992;j
RS;bptinc992j;p91p100;2000;1.8949908;992;j
RS;bptinc992j;p91p100;2001;1.9327201;992;j
RS;bptinc992j;p91p100;2002;1.9358605;992;j
RS;bptinc992j;p91p100;2003;1.9133787;992;j
RS;bptinc992j;p91p100;2004;1.9281288;992;j
RS;bptinc992j;p91p100;2005;1.9193008;992;j
RS;bptinc992j;p91p100;2006;1.9199384;992;j
RS;bptinc992j;p91p100;2007;1.853621;992;j
RS;bptinc992j;p91p100;2008;1.8583843;992;j
RS;bptinc992j;p91p100;2009;1.8527551;992;j
RS;bptinc992j;p91p100;2010;1.8820429;992;j
RS;bptinc992j;p91p100;2011;1.898793;992;j
RS;bptinc992j;p91p100;2012;1.8828275;992;j
RS;bptinc992j;p91p100;2013;1.8710575;992;j
RS;bptinc992j;p91p100;2014;2.0044901;992;j
RS;bptinc992j;p91p100;2015;1.9571379;992;j
RS;bptinc992j;p91p100;2016;1.9585918;992;j
RS;bptinc992j;p91p100;2017;1.9606905;992;j
RS;npopul301m;p0p100;1950;155302.0;301;m
RS;npopul301m;p0p100;1951;167560.0;301;m
RS;npopul301m;p0p100;1952;188465.0;301;m
RS;npopul301m;p0p100;1953;214445.0;301;m
RS;npopul301m;p0p100;1954;240485.0;301;m
RS;npopul301m;p0p100;1955;263446.0;301;m
RS;npopul301m;p0p100;1956;283781.0;301;m
RS;npopul301m;p0p100;1957;301144.0;301;m
RS;npopul301m;p0p100;1958;315385.0;301;m
RS;npopul301m;p0p100;1959;326756.0;301;m
RS;npopul301m;p0p100;1960;335403.0;301;m
RS;npopul301m;p0p100;1961;341646.0;301;m
RS;npopul301m;p0p100;1962;343955.0;301;m
RS;npopul301m;p0p100;1963;343153.0;301;m
RS;npopul301m;p0p100;1964;340353.0;301;m
RS;npopul301m;p0p100;1965;336191.0;301;m
RS;npopul301m;p0p100;1966;329809.0;301;m
RS;npopul301m;p0p100;1967;323162.0;301;m
RS;npopul301m;p0p100;1968;315722.0;301;m
RS;npopul301m;p0p100;1969;306525.0;301;m
RS;npopul301m;p0p100;1970;295398.0;301;m
RS;npopul301m;p0p100;1971;282957.0;301;m
RS;npopul301m;p0p100;1972;268399.0;301;m
RS;npopul301m;p0p100;1973;255128.0;301;m
RS;npopul301m;p0p100;1974;248390.0;301;m
RS;npopul301m;p0p100;1975;251181.0;301;m
RS;npopul301m;p0p100;1976;262870.0;301;m
RS;npopul301m;p0p100;1977;283835.0;301;m
RS;npopul301m;p0p100;1978;310238.0;301;m
RS;npopul301m;p0p100;1979;335907.0;301;m
RS;npopul301m;p0p100;1980;356774.0;301;m
RS;npopul301m;p0p100;1981;373554.0;301;m
RS;npopul301m;p0p100;1982;386387.0;301;m
RS;npopul301m;p0p100;1983;394647.0;301;m
RS;npopul301m;p0p100;1984;397926.0;301;m
RS;npopul301m;p0p100;1985;396175.0;301;m
RS;npopul301m;p0p100;1986;389460.0;301;m
RS;npopul301m;p0p100;1987;376826.0;301;m
RS;npopul301m;p0p100;1988;361301.0;301;m
RS;npopul301m;p0p100;1989;347387.0;301;m
RS;npopul301m;p0p100;1990;337839.0;301;m
RS;npopul301m;p0p100;1991;332448.0;301;m
RS;npopul301m;p0p100;1992;331592.0;301;m
RS;npopul301m;p0p100;1993;333576.0;301;m
RS;npopul301m;p0p100;1994;335587.0;301;m
RS;npopul301m;p0p100;1995;335896.0;301;m
RS;npopul301m;p0p100;1996;334195.0;301;m
RS;npopul301m;p0p100;1997;330547.0;301;m
RS;npopul301m;p0p100;1998;325694.0;301;m
RS;npopul301m;p0p100;1999;252514.0;301;m
RS;npopul301m;p0p100;2000;250978.0;301;m
RS;npopul301m;p0p100;2001;251927.0;301;m
RS;npopul301m;p0p100;2002;254014.0;301;m
RS;npopul301m;p0p100;2003;256147.0;301;m
RS;npopul301m;p0p100;2004;258534.0;301;m
RS;npopul301m;p0p100;2005;260582.0;301;m
RS;npopul301m;p0p100;2006;261493.0;301;m
RS;npopul301m;p0p100;2007;262121.0;301;m
RS;npopul301m;p0p100;2008;262163.0;301;m
RS;npopul301m;p0p100;2009;261381.0;301;m
RS;npopul301m;p0p100;2010;259548.0;301;m
RS;npopul301m;p0p100;2011;255975.0;301;m
RS;npopul301m;p0p100;2012;251910.0;301;m
RS;npopul301m;p0p100;2013;247464.0;301;m
RS;npopul301m;p0p100;2014;243908.0;301;m
RS;npopul301m;p0p100;2015;241890.0;301;m
RS;npopul301m;p0p100;2016;242831.0;301;m
RS;npopul301m;p0p100;2017;246106.0;301;m
RS;npopul301m;p0p100;2018;249947.0;301;m
RS;npopul301m;p0p100;2019;252736.0;301;m
RS;npopul992i;p0p100;1950;4123720.0;992;i
RS;npopul992i;p0p100;1951;4200233.0;992;i
RS;npopul992i;p0p100;1952;4281527.0;992;i
RS;npopul992i;p0p100;1953;4356720.0;992;i
RS;npopul992i;p0p100;1954;4426361.0;992;i
RS;npopul992i;p0p100;1955;4493642.0;992;i
RS;npopul992i;p0p100;1956;4554535.0;992;i
RS;npopul992i;p0p100;1957;4612223.0;992;i
RS;npopul992i;p0p100;1958;4665668.0;992;i
RS;npopul992i;p0p100;1959;4712367.0;992;i
RS;npopul992i;p0p100;1960;4751673.0;992;i
RS;npopul992i;p0p100;1961;4790510.0;992;i
RS;npopul992i;p0p100;1962;4812633.0;992;i
RS;npopul992i;p0p100;1963;4830083.0;992;i
RS;npopul992i;p0p100;1964;4857984.0;992;i
RS;npopul992i;p0p100;1965;4904094.0;992;i
RS;npopul992i;p0p100;1966;4944595.0;992;i
RS;npopul992i;p0p100;1967;5005511.0;992;i
RS;npopul992i;p0p100;1968;5081889.0;992;i
RS;npopul992i;p0p100;1969;5165081.0;992;i
RS;npopul992i;p0p100;1970;5250643.0;992;i
RS;npopul992i;p0p100;1971;5336372.0;992;i
RS;npopul992i;p0p100;1972;5426280.0;992;i
RS;npopul992i;p0p100;1973;5517475.0;992;i
RS;npopul992i;p0p100;1974;5607374.0;992;i
RS;npopul992i;p0p100;1975;5693568.0;992;i
RS;npopul992i;p0p100;1976;5765109.0;992;i
RS;npopul992i;p0p100;1977;5831057.0;992;i
RS;npopul992i;p0p100;1978;5892231.0;992;i
RS;npopul992i;p0p100;1979;5950790.0;992;i
RS;npopul992i;p0p100;1980;6008862.0;992;i
RS;npopul992i;p0p100;1981;6057034.0;992;i
RS;npopul992i;p0p100;1982;6106019.0;992;i
RS;npopul992i;p0p100;1983;6155360.0;992;i
RS;npopul992i;p0p100;1984;6203722.0;992;i
RS;npopul992i;p0p100;1985;6250745.0;992;i
RS;npopul992i;p0p100;1986;6288379.0;992;i
RS;npopul992i;p0p100;1987;6321707.0;992;i
RS;npopul992i;p0p100;1988;6357379.0;992;i
RS;npopul992i;p0p100;1989;6404154.0;992;i
RS;npopul992i;p0p100;1990;6466970.0;992;i
RS;npopul992i;p0p100;1991;6535587.0;992;i
RS;npopul992i;p0p100;1992;6622477.0;992;i
RS;npopul992i;p0p100;1993;6715280.0;992;i
RS;npopul992i;p0p100;1994;6795978.0;992;i
RS;npopul992i;p0p100;1995;6852413.0;992;i
RS;npopul992i;p0p100;1996;6885913.0;992;i
RS;npopul992i;p0p100;1997;6884468.0;992;i
RS;npopul992i;p0p100;1998;6859730.0;992;i
RS;npopul992i;p0p100;1999;5375008.0;992;i
RS;npopul992i;p0p100;2000;5392001.0;992;i
RS;npopul992i;p0p100;2001;5405848.0;992;i
RS;npopul992i;p0p100;2002;5427571.0;992;i
RS;npopul992i;p0p100;2003;5438871.0;992;i
RS;npopul992i;p0p100;2004;5452969.0;992;i
RS;npopul992i;p0p100;2005;5465228.0;992;i
RS;npopul992i;p0p100;2006;5466692.0;992;i
RS;npopul992i;p0p100;2007;5470494.0;992;i
RS;npopul992i;p0p100;2008;5474746.0;992;i
RS;npopul992i;p0p100;2009;5479927.0;992;i
RS;npopul992i;p0p100;2010;5483821.0;992;i
RS;npopul992i;p0p100;2011;5463402.0;992;i
RS;npopul992i;p0p100;2012;5457602.0;992;i
RS;npopul992i;p0p100;2013;5451731.0;992;i
RS;npopul992i;p0p100;2014;5445533.0;992;i
RS;npopul992i;p0p100;2015;5437188.0;992;i
RS;npopul992i;p0p100;2016;5413601.0;992;i
RS;npopul992i;p0p100;2017;5403425.0;992;i
RS;npopul992i;p0p100;2018;5392313.0;992;i
RS;npopul992i;p0p100;2019;5383690.0;992;i
RS;scainc992j;p65p66;1990;0.011;992;j
RS;scainc992j;p65p66;1991;0.0109;992;j
RS;scainc992j;p65p66;1992;0.0109;992;j
RS;scainc992j;p65p66;1993;0.0109;992;j
RS;scainc992j;p65p66;1994;0.0109;992;j
RS;scainc992j;p65p66;1995;0.0109;992;j
RS;scainc992j;p65p66;1996;0.0108;992;j
RS;scainc992j;p65p66;1997;0.0108;992;j
RS;scainc992j;p65p66;1998;0.0108;992;j
RS;scainc992j;p65p66;1999;0.0107;992;j
RS;scainc992j;p65p66;2000;0.0105;992;j
RS;scainc992j;p65p66;2001;0.0105;992;j
RS;scainc992j;p65p66;2002;0.0106;992;j
RS;scainc992j;p65p66;2003;0.0105;992;j
RS;scainc992j;p65p66;2004;0.0106;992;j
RS;scainc992j;p65p66;2005;0.0104;992;j
RS;scainc992j;p65p66;2006;0.0105;992;j
RS;scainc992j;p65p66;2007;0.0105;992;j
RS;scainc992j;p65p66;2008;0.0106;992;j
RS;scainc992j;p65p66;2009;0.0105;992;j
RS;scainc992j;p65p66;2010;0.0104;992;j
RS;scainc992j;p65p66;2011;0.0104;992;j
RS;scainc992j;p65p66;2012;0.0103;992;j
RS;scainc992j;p65p66;2013;0.0105;992;j
RS;scainc992j;p65p66;2014;0.0101;992;j
RS;scainc992j;p65p66;2015;0.0098000001;992;j
RS;scainc992j;p65p66;2016;0.0098000001;992;j
RS;scainc992j;p65p66;2017;0.0098000001;992;j
RS;scainc992j;p71p100;1990;0.56190002;992;j
RS;scainc992j;p71p100;1991;0.55970001;992;j
RS;scainc992j;p71p100;1992;0.55779999;992;j
RS;scainc992j;p71p100;1993;0.5564;992;j
RS;scainc992j;p71p100;1994;0.55479997;992;j
RS;scainc992j;p71p100;1995;0.55330002;992;j
RS;scainc992j;p71p100;1996;0.55110002;992;j
RS;scainc992j;p71p100;1997;0.54890001;992;j
RS;scainc992j;p71p100;1998;0.54909998;992;j
RS;scainc992j;p71p100;1999;0.5517;992;j
RS;scainc992j;p71p100;2000;0.5571;992;j
RS;scainc992j;p71p100;2001;0.56;992;j
RS;scainc992j;p71p100;2002;0.5704;992;j
RS;scainc992j;p71p100;2003;0.57370001;992;j
RS;scainc992j;p71p100;2004;0.58429998;992;j
RS;scainc992j;p71p100;2005;0.59179997;992;j
RS;scainc992j;p71p100;2006;0.60070002;992;j
RS;scainc992j;p71p100;2007;0.60299999;992;j
RS;scainc992j;p71p100;2008;0.60720003;992;j
RS;scainc992j;p71p100;2009;0.6135;992;j
RS;scainc992j;p71p100;2010;0.6257;992;j
RS;scainc992j;p71p100;2011;0.63599998;992;j
RS;scainc992j;p71p100;2012;0.6408;992;j
RS;scainc992j;p71p100;2013;0.64179999;992;j
RS;scainc992j;p71p100;2014;0.6279;992;j
RS;scainc992j;p71p100;2015;0.64950001;992;j
RS;scainc992j;p71p100;2016;0.6494;992;j
RS;scainc992j;p71p100;2017;0.64960003;992;j
RS;scainc992j;p91p100;1990;0.26840001;992;j
RS;scainc992j;p91p100;1991;0.26699999;992;j
RS;scainc992j;p91p100;1992;0.26589999;992;j
RS;scainc992j;p91p100;1993;0.2656;992;j
RS;scainc992j;p91p100;1994;0.2651;992;j
RS;scainc992j;p91p100;1995;0.2647;992;j
RS;scainc992j;p91p100;1996;0.2631;992;j
RS;scainc992j;p91p100;1997;0.26159999;992;j
RS;scainc992j;p91p100;1998;0.2647;992;j
RS;scainc992j;p91p100;1999;0.27039999;992;j
RS;scainc992j;p91p100;2000;0.27869999;992;j
RS;scainc992j;p91p100;2001;0.28389999;992;j
RS;scainc992j;p91p100;2002;0.29049999;992;j
RS;scainc992j;p91p100;2003;0.2911;992;j
RS;scainc992j;p91p100;2004;0.2967;992;j
RS;scainc992j;p91p100;2005;0.30340001;992;j
RS;scainc992j;p91p100;2006;0.31020001;992;j
RS;scainc992j;p91p100;2007;0.30829999;992;j
RS;scainc992j;p91p100;2008;0.31029999;992;j
RS;scainc992j;p91p100;2009;0.31670001;992;j
RS;scainc992j;p91p100;2010;0.32609999;992;j
RS;scainc992j;p91p100;2011;0.33399999;992;j
RS;scainc992j;p91p100;2012;0.34099999;992;j
RS;scainc992j;p91p100;2013;0.33500001;992;j
RS;scainc992j;p91p100;2014;0.33950001;992;j
RS;scainc992j;p91p100;2015;0.368;992;j
RS;scainc992j;p91p100;2016;0.368;992;j
RS;scainc992j;p91p100;2017;0.3682;992;j
RS;scainc992j;p95p100;1990;0.1894;992;j
RS;scainc992j;p95p100;1991;0.18799999;992;j
RS;scainc992j;p95p100;1992;0.1869;992;j
RS;scainc992j;p95p100;1993;0.1867;992;j
RS;scainc992j;p95p100;1994;0.18629999;992;j
RS;scainc992j;p95p100;1995;0.186;992;j
RS;scainc992j;p95p100;1996;0.1846;992;j
RS;scainc992j;p95p100;1997;0.1833;992;j
RS;scainc992j;p95p100;1998;0.18610001;992;j
RS;scainc992j;p95p100;1999;0.19220001;992;j
RS;scainc992j;p95p100;2000;0.20020001;992;j
RS;scainc992j;p95p100;2001;0.20559999;992;j
RS;scainc992j;p95p100;2002;0.2106;992;j
RS;scainc992j;p95p100;2003;0.2101;992;j
RS;scainc992j;p95p100;2004;0.2137;992;j
RS;scainc992j;p95p100;2005;0.2192;992;j
RS;scainc992j;p95p100;2006;0.2243;992;j
RS;scainc992j;p95p100;2007;0.22139999;992;j
RS;scainc992j;p95p100;2008;0.22229999;992;j
RS;scainc992j;p95p100;2009;0.2286;992;j
RS;scainc992j;p95p100;2010;0.2353;992;j
RS;scainc992j;p95p100;2011;0.2411;992;j
RS;scainc992j;p95p100;2012;0.25119999;992;j
RS;scainc992j;p95p100;2013;0.24349999;992;j
RS;scainc992j;p95p100;2014;0.25400001;992;j
RS;scainc992j;p95p100;2015;0.28389999;992;j
RS;scainc992j;p95p100;2016;0.28389999;992;j
RS;scainc992j;p95p100;2017;0.2841;992;j
RS;sdiinc992j;p11p12;1990;0.003;992;j
RS;sdiinc992j;p11p12;1991;0.003;992;j
RS;sdiinc992j;p11p12;1992;0.003;992;j
RS;sdiinc992j;p11p12;1993;0.0031000001;992;j
RS;sdiinc992j;p11p12;1994;0.0031000001;992;j
RS;sdiinc992j;p11p12;1995;0.0031999999;992;j
RS;sdiinc992j;p11p12;1996;0.0031999999;992;j
RS;sdiinc992j;p11p12;1997;0.0033;992;j
RS;sdiinc992j;p11p12;1998;0.0035000001;992;j
RS;sdiinc992j;p11p12;1999;0.0034;992;j
RS;sdiinc992j;p11p12;2000;0.0034;992;j
RS;sdiinc992j;p11p12;2001;0.0034;992;j
RS;sdiinc992j;p11p12;2002;0.0031000001;992;j
RS;sdiinc992j;p11p12;2003;0.0029;992;j
RS;sdiinc992j;p11p12;2004;0.0026;992;j
RS;sdiinc992j;p11p12;2005;0.0023000001;992;j
RS;sdiinc992j;p11p12;2006;0.0020999999;992;j
RS;sdiinc992j;p11p12;2007;0.0020000001;992;j
RS;sdiinc992j;p11p12;2008;0.0020000001;992;j
RS;sdiinc992j;p11p12;2009;0.0019;992;j
RS;sdiinc992j;p11p12;2010;0.0017;992;j
RS;sdiinc992j;p11p12;2011;0.0015;992;j
RS;sdiinc992j;p11p12;2012;0.0014;992;j
RS;sdiinc992j;p11p12;2013;0.0017;992;j
RS;sdiinc992j;p11p12;2014;0.0023000001;992;j
RS;sdiinc992j;p11p12;2015;0.0019;992;j
RS;sdiinc992j;p11p12;2016;0.0018;992;j
RS;sdiinc992j;p11p12;2017;0.0018;992;j
RS;sdiinc992j;p25p100;1990;0.92320001;992;j
RS;sdiinc992j;p25p100;1991;0.92250001;992;j
RS;sdiinc992j;p25p100;1992;0.9217;992;j
RS;sdiinc992j;p25p100;1993;0.921;992;j
RS;sdiinc992j;p25p100;1994;0.92009997;992;j
RS;sdiinc992j;p25p100;1995;0.91930002;992;j
RS;sdiinc992j;p25p100;1996;0.91839999;992;j
RS;sdiinc992j;p25p100;1997;0.91720003;992;j
RS;sdiinc992j;p25p100;1998;0.91479999;992;j
RS;sdiinc992j;p25p100;1999;0.9163;992;j
RS;sdiinc992j;p25p100;2000;0.91659999;992;j
RS;sdiinc992j;p25p100;2001;0.917;992;j
RS;sdiinc992j;p25p100;2002;0.92339998;992;j
RS;sdiinc992j;p25p100;2003;0.92479998;992;j
RS;sdiinc992j;p25p100;2004;0.93159997;992;j
RS;sdiinc992j;p25p100;2005;0.93379998;992;j
RS;sdiinc992j;p25p100;2006;0.9386;992;j
RS;sdiinc992j;p25p100;2007;0.94;992;j
RS;sdiinc992j;p25p100;2008;0.94150001;992;j
RS;sdiinc992j;p25p100;2009;0.94349998;992;j
RS;sdiinc992j;p25p100;2010;0.94770002;992;j
RS;sdiinc992j;p25p100;2011;0.95279998;992;j
RS;sdiinc992j;p25p100;2012;0.9533;992;j
RS;sdiinc992j;p25p100;2013;0.95240003;992;j
RS;sdiinc992j;p25p100;2014;0.93650001;992;j
RS;sdiinc992j;p25p100;2015;0.94690001;992;j
RS;sdiinc992j;p25p100;2016;0.94929999;992;j
RS;sdiinc992j;p25p100;2017;0.9497;992;j
RS;sdiinc992j;p68p100;1990;0.57730001;992;j
RS;sdiinc992j;p68p100;1991;0.57550001;992;j
RS;sdiinc992j;p68p100;1992;0.57370001;992;j
RS;sdiinc992j;p68p100;1993;0.57239997;992;j
RS;sdiinc992j;p68p100;1994;0.57099998;992;j
RS;sdiinc992j;p68p100;1995;0.56959999;992;j
RS;sdiinc992j;p68p100;1996;0.56760001;992;j
RS;sdiinc992j;p68p100;1997;0.56510001;992;j
RS;sdiinc992j;p68p100;1998;0.56840003;992;j
RS;sdiinc992j;p68p100;1999;0.57309997;992;j
RS;sdiinc992j;p68p100;2000;0.57560003;992;j
RS;sdiinc992j;p68p100;2001;0.57740003;992;j
RS;sdiinc992j;p68p100;2002;0.58469999;992;j
RS;sdiinc992j;p68p100;2003;0.58780003;992;j
RS;sdiinc992j;p68p100;2004;0.59789997;992;j
RS;sdiinc992j;p68p100;2005;0.60509998;992;j
RS;sdiinc992j;p68p100;2006;0.61309999;992;j
RS;sdiinc992j;p68p100;2007;0.61330003;992;j
RS;sdiinc992j;p68p100;2008;0.61699998;992;j
RS;sdiinc992j;p68p100;2009;0.6232;992;j
RS;sdiinc992j;p68p100;2010;0.63389999;992;j
RS;sdiinc992j;p68p100;2011;0.64450002;992;j
RS;sdiinc992j;p68p100;2012;0.64770001;992;j
RS;sdiinc992j;p68p100;2013;0.64950001;992;j
RS;sdiinc992j;p68p100;2014;0.63510001;992;j
RS;sdiinc992j;p68p100;2015;0.65329999;992;j
RS;sdiinc992j;p68p100;2016;0.65750003;992;j
RS;sdiinc992j;p68p100;2017;0.65810001;992;j
RS;sptinc992j;p27p28;1990;0.0048000002;992;j
RS;sptinc992j;p27p28;1991;0.0048000002;992;j
RS;sptinc992j;p27p28;1992;0.0048000002;992;j
RS;sptinc992j;p27p28;1993;0.0048000002;992;j
RS;sptinc992j;p27p28;1994;0.0048000002;992;j
RS;sptinc992j;p27p28;1995;0.0048000002;992;j
RS;sptinc992j;p27p28;1996;0.0048000002;992;j
RS;sptinc992j;p27p28;1997;0.0046999999;992;j
RS;sptinc992j;p27p28;1998;0.0048000002;992;j
RS;sptinc992j;p27p28;1999;0.0048000002;992;j
RS;sptinc992j;p27p28;2000;0.0046999999;992;j
RS;sptinc992j;p27p28;2001;0.0046999999;992;j
RS;sptinc992j;p27p28;2002;0.0044999998;992;j
RS;sptinc992j;p27p28;2003;0.0044;992;j
RS;sptinc992j;p27p28;2004;0.0041999999;992;j
RS;sptinc992j;p27p28;2005;0.0041;992;j
RS;sptinc992j;p27p28;2006;0.0038999999;992;j
RS;sptinc992j;p27p28;2007;0.0038000001;992;j
RS;sptinc992j;p27p28;2008;0.0037;992;j
RS;sptinc992j;p27p28;2009;0.0035999999;992;j
RS;sptinc992j;p27p28;2010;0.0034;992;j
RS;sptinc992j;p27p28;2011;0.0031999999;992;j
RS;sptinc992j;p27p28;2012;0.0031000001;992;j
RS;sptinc992j;p27p28;2013;0.003;992;j
RS;sptinc992j;p27p28;2014;0.0029;992;j
RS;sptinc992j;p27p28;2015;0.0031000001;992;j
RS;sptinc992j;p27p28;2016;0.0031000001;992;j
RS;sptinc992j;p27p28;2017;0.0031000001;992;j
RS;sptinc992j;p41p42;1990;0.0068999999;992;j
RS;sptinc992j;p41p42;1991;0.0068999999;992;j
RS;sptinc992j;p41p42;1992;0.0068000001;992;j
RS;sptinc992j;p41p42;1993;0.0068000001;992;j
RS;sptinc992j;p41p42;1994;0.0066999998;992;j
RS;sptinc992j;p41p42;1995;0.0066999998;992;j
RS;sptinc992j;p41p42;1996;0.0066;992;j
RS;sptinc992j;p41p42;1997;0.0066;992;j
RS;sptinc992j;p41p42;1998;0.0065000001;992;j
RS;sptinc992j;p41p42;1999;0.0065000001;992;j
RS;sptinc992j;p41p42;2000;0.0063999998;992;j
RS;sptinc992j;p41p42;2001;0.0063999998;992;j
RS;sptinc992j;p41p42;2002;0.0063;992;j
RS;sptinc992j;p41p42;2003;0.0063;992;j
RS;sptinc992j;p41p42;2004;0.0062000002;992;j
RS;sptinc992j;p41p42;2005;0.0060000001;992;j
RS;sptinc992j;p41p42;2006;0.0060000001;992;j
RS;sptinc992j;p41p42;2007;0.0060000001;992;j
RS;sptinc992j;p41p42;2008;0.0060000001;992;j
RS;sptinc992j;p41p42;2009;0.0059000002;992;j
RS;sptinc992j;p41p42;2010;0.0057999999;992;j
RS;sptinc992j;p41p42;2011;0.0057000001;992;j
RS;sptinc992j;p41p42;2012;0.0055999998;992;j
RS;sptinc992j;p41p42;2013;0.0057000001;992;j
RS;sptinc992j;p41p42;2014;0.0055;992;j
RS;sptinc992j;p41p42;2015;0.0057000001;992;j
RS;sptinc992j;p41p42;2016;0.0057000001;992;j
RS;sptinc992j;p41p42;2017;0.0057000001;992;j
RS;sptinc992j;p5p6;1990;0.0012000001;992;j
RS;sptinc992j;p5p6;1991;0.0013;992;j
RS;sptinc992j;p5p6;1992;0.0013;992;j
RS;sptinc992j;p5p6;1993;0.0013;992;j
RS;sptinc992j;p5p6;1994;0.0014;992;j
RS;sptinc992j;p5p6;1995;0.0014;992;j
RS;sptinc992j;p5p6;1996;0.0014;992;j
RS;sptinc992j;p5p6;1997;0.0015;992;j
RS;sptinc992j;p5p6;1998;0.0017;992;j
RS;sptinc992j;p5p6;1999;0.0017;992;j
RS;sptinc992j;p5p6;2000;0.0016;992;j
RS;sptinc992j;p5p6;2001;0.0017;992;j
RS;sptinc992j;p5p6;2002;0.0013;992;j
RS;sptinc992j;p5p6;2003;0.0012000001;992;j
RS;sptinc992j;p5p6;2004;0.0011;992;j
RS;sptinc992j;p5p6;2005;0.001;992;j
RS;sptinc992j;p5p6;2006;0.0008;992;j
RS;sptinc992j;p5p6;2007;0.0008;992;j
RS;sptinc992j;p5p6;2008;0.0006;992;j
RS;sptinc992j;p5p6;2009;0.0006;992;j
RS;sptinc992j;p5p6;2010;0.0005;992;j
RS;sptinc992j;p5p6;2011;0.0005;992;j
RS;sptinc992j;p5p6;2012;0.0004;992;j
RS;sptinc992j;p5p6;2013;0.0004;992;j
RS;sptinc992j;p5p6;2014;0.0004;992;j
RS;sptinc992j;p5p6;2015;0.0004;992;j
RS;sptinc992j;p5p6;2016;0.0004;992;j
RS;sptinc992j;p5p6;2017;0.0004;992;j
RS;sptinc992j;p61p62;1990;0.0098999999;992;j
RS;sptinc992j;p61p62;1991;0.0098999999;992;j
RS;sptinc992j;p61p62;1992;0.0098999999;992;j
RS;sptinc992j;p61p62;1993;0.0098000001;992;j
RS;sptinc992j;p61p62;1994;0.0098000001;992;j
RS;sptinc992j;p61p62;1995;0.0097000003;992;j
RS;sptinc992j;p61p62;1996;0.0097000003;992;j
RS;sptinc992j;p61p62;1997;0.0097000003;992;j
RS;sptinc992j;p61p62;1998;0.0096000005;992;j
RS;sptinc992j;p61p62;1999;0.0096000005;992;j
RS;sptinc992j;p61p62;2000;0.0094999997;992;j
RS;sptinc992j;p61p62;2001;0.0093;992;j
RS;sptinc992j;p61p62;2002;0.0093;992;j
RS;sptinc992j;p61p62;2003;0.0093999999;992;j
RS;sptinc992j;p61p62;2004;0.0092000002;992;j
RS;sptinc992j;p61p62;2005;0.0091000004;992;j
RS;sptinc992j;p61p62;2006;0.0092000002;992;j
RS;sptinc992j;p61p62;2007;0.0093;992;j
RS;sptinc992j;p61p62;2008;0.0093999999;992;j
RS;sptinc992j;p61p62;2009;0.0093;992;j
RS;sptinc992j;p61p62;2010;0.0092000002;992;j
RS;sptinc992j;p61p62;2011;0.0091000004;992;j
RS;sptinc992j;p61p62;2012;0.0091000004;992;j
RS;sptinc992j;p61p62;2013;0.0093;992;j
RS;sptinc992j;p61p62;2014;0.0091000004;992;j
RS;sptinc992j;p61p62;2015;0.0092000002;992;j
RS;sptinc992j;p61p62;2016;0.0092000002;992;j
RS;sptinc992j;p61p62;2017;0.0092000002;992;j
RS;sptinc992j;p72p73;1990;0.0123;992;j
RS;sptinc992j;p72p73;1991;0.0122;992;j
RS;sptinc992j;p72p73;1992;0.0122;992;j
RS;sptinc992j;p72p73;1993;0.0122;992;j
RS;sptinc992j;p72p73;1994;0.0121;992;j
RS;sptinc992j;p72p73;1995;0.0121;992;j
RS;sptinc992j;p72p73;1996;0.0121;992;j
RS;sptinc992j;p72p73;1997;0.0121;992;j
RS;sptinc992j;p72p73;1998;0.012;992;j
RS;sptinc992j;p72p73;1999;0.0118;992;j
RS;sptinc992j;p72p73;2000;0.0117;992;j
RS;sptinc992j;p72p73;2001;0.0116;992;j
RS;sptinc992j;p72p73;2002;0.0117;992;j
RS;sptinc992j;p72p73;2003;0.0117;992;j
RS;sptinc992j;p72p73;2004;0.0116;992;j
RS;sptinc992j;p72p73;2005;0.0116;992;j
RS;sptinc992j;p72p73;2006;0.0117;992;j
RS;sptinc992j;p72p73;2007;0.0119;992;j
RS;sptinc992j;p72p73;2008;0.012;992;j
RS;sptinc992j;p72p73;2009;0.012;992;j
RS;sptinc992j;p72p73;2010;0.0118;992;j
RS;sptinc992j;p72p73;2011;0.0118;992;j
RS;sptinc992j;p72p73;2012;0.012;992;j
RS;sptinc992j;p72p73;2013;0.0121;992;j
RS;sptinc992j;p72p73;2014;0.0118;992;j
RS;sptinc992j;p72p73;2015;0.0117;992;j
RS;sptinc992j;p72p73;2016;0.0117;992;j
RS;sptinc992j;p72p73;2017;0.0117;992;j
RS;sptinc992j;p90p91;1990;0.018100001;992;j
RS;sptinc992j;p90p91;1991;0.018100001;992;j
RS;sptinc992j;p90p91;1992;0.018100001;992;j
RS;sptinc992j;p90p91;1993;0.018100001;992;j
RS;sptinc992j;p90p91;1994;0.018100001;992;j
RS;sptinc992j;p90p91;1995;0.018100001;992;j
RS;sptinc992j;p90p91;1996;0.018100001;992;j
RS;sptinc992j;p90p91;1997;0.018100001;992;j
RS;sptinc992j;p90p91;1998;0.018100001;992;j
RS;sptinc992j;p90p91;1999;0.017999999;992;j
RS;sptinc992j;p90p91;2000;0.017899999;992;j
RS;sptinc992j;p90p91;2001;0.0178;992;j
RS;sptinc992j;p90p91;2002;0.017999999;992;j
RS;sptinc992j;p90p91;2003;0.0184;992;j
RS;sptinc992j;p90p91;2004;0.0187;992;j
RS;sptinc992j;p90p91;2005;0.019099999;992;j
RS;sptinc992j;p90p91;2006;0.019300001;992;j
RS;sptinc992j;p90p91;2007;0.0197;992;j
RS;sptinc992j;p90p91;2008;0.0198;992;j
RS;sptinc992j;p90p91;2009;0.020099999;992;j
RS;sptinc992j;p90p91;2010;0.020300001;992;j
RS;sptinc992j;p90p91;2011;0.0206;992;j
RS;sptinc992j;p90p91;2012;0.020500001;992;j
RS;sptinc992j;p90p91;2013;0.020500001;992;j
RS;sptinc992j;p90p91;2014;0.020099999;992;j
RS;sptinc992j;p90p91;2015;0.020300001;992;j
RS;sptinc992j;p90p91;2016;0.020300001;992;j
RS;sptinc992j;p90p91;2017;0.020199999;992;j
RS;tcainc992j;p28p100;1990;263864.31;992;j
RS;tcainc992j;p28p100;1991;232190.2;992;j
RS;tcainc992j;p28p100;1992;161087.41;992;j
RS;tcainc992j;p28p100;1993;105767.5;992;j
RS;tcainc992j;p28p100;1994;110053.2;992;j
RS;tcainc992j;p28p100;1995;117395.2;992;j
RS;tcainc992j;p28p100;1996;119881.9;992;j
RS;tcainc992j;p28p100;1997;128019.3;992;j
RS;tcainc992j;p28p100;1998;141741.5;992;j
RS;tcainc992j;p28p100;1999;159350.0;992;j
RS;tcainc992j;p28p100;2000;172574.91;992;j
RS;tcainc992j;p28p100;2001;168264.8;992;j
RS;tcainc992j;p28p100;2002;171907.91;992;j
RS;tcainc992j;p28p100;2003;176992.91;992;j
RS;tcainc992j;p28p100;2004;204128.09;992;j
RS;tcainc992j;p28p100;2005;227500.2;992;j
RS;tcainc992j;p28p100;2006;230455.91;992;j
RS;tcainc992j;p28p100;2007;229669.0;992;j
RS;tcainc992j;p28p100;2008;236850.0;992;j
RS;tcainc992j;p28p100;2009;226475.09;992;j
RS;tcainc992j;p28p100;2010;210553.0;992;j
RS;tcainc992j;p28p100;2011;197713.59;992;j
RS;tcainc992j;p28p100;2012;200356.41;992;j
RS;tcainc992j;p28p100;2013;181704.8;992;j
RS;tcainc992j;p28p100;2014;196504.2;992;j
RS;tcainc992j;p28p100;2015;180941.41;992;j
RS;tcainc992j;p28p100;2016;187737.59;992;j
RS;tcainc992j;p28p100;2017;187789.59;992;j
RS;tcainc992j;p2p3;1990;54037.801;992;j
RS;tcainc992j;p2p3;1991;44868.199;992;j
RS;tcainc992j;p2p3;1992;28800.199;992;j
RS;tcainc992j;p2p3;1993;17375.6;992;j
RS;tcainc992j;p2p3;1994;16534.9;992;j
RS;tcainc992j;p2p3;1995;16224.0;992;j
RS;tcainc992j;p2p3;1996;14619.7;992;j
RS;tcainc992j;p2p3;1997;13777.0;992;j
RS;tcainc992j;p2p3;1998;16108.8;992;j
RS;tcainc992j;p2p3;1999;20282.5;992;j
RS;tcainc992j;p2p3;2000;20229.801;992;j
RS;tcainc992j;p2p3;2001;18878.0;992;j
RS;tcainc992j;p2p3;2002;8540.5;992;j
RS;tcainc992j;p2p3;2003;14094.9;992;j
RS;tcainc992j;p2p3;2004;14974.9;992;j
RS;tcainc992j;p2p3;2005;17207.699;992;j
RS;tcainc992j;p2p3;2006;17236.4;992;j
RS;tcainc992j;p2p3;2007;14769.4;992;j
RS;tcainc992j;p2p3;2008;17536.801;992;j
RS;tcainc992j;p2p3;2009;20831.5;992;j
RS;tcainc992j;p2p3;2010;19842.1;992;j
RS;tcainc992j;p2p3;2011;17616.301;992;j
RS;tcainc992j;p2p3;2012;14720.5;992;j
RS;tcainc992j;p2p3;2013;35096.199;992;j
RS;tcainc992j;p2p3;2014;72535.898;992;j
RS;tcainc992j;p2p3;2015;48844.898;992;j
RS;tcainc992j;p2p3;2016;50703.301;992;j
RS;tcainc992j;p2p3;2017;50679.102;992;j
RS;tcainc992j;p35p36;1990;322352.41;992;j
RS;tcainc992j;p35p36;1991;281065.41;992;j
RS;tcainc992j;p35p36;1992;193404.09;992;j
RS;tcainc992j;p35p36;1993;126013.6;992;j
RS;tcainc992j;p35p36;1994;130205.8;992;j
RS;tcainc992j;p35p36;1995;137909.0;992;j
RS;tcainc992j;p35p36;1996;139903.91;992;j
RS;tcainc992j;p35p36;1997;148567.8;992;j
RS;tcainc992j;p35p36;1998;159063.3;992;j
RS;tcainc992j;p35p36;1999;181011.59;992;j
RS;tcainc992j;p35p36;2000;195112.91;992;j
RS;tcainc992j;p35p36;2001;187668.0;992;j
RS;tcainc992j;p35p36;2002;193965.5;992;j
RS;tcainc992j;p35p36;2003;203606.7;992;j
RS;tcainc992j;p35p36;2004;237941.41;992;j
RS;tcainc992j;p35p36;2005;265101.81;992;j
RS;tcainc992j;p35p36;2006;274458.59;992;j
RS;tcainc992j;p35p36;2007;269967.59;992;j
RS;tcainc992j;p35p36;2008;284490.5;992;j
RS;tcainc992j;p35p36;2009;275962.91;992;j
RS;tcainc992j;p35p36;2010;268221.19;992;j
RS;tcainc992j;p35p36;2011;263685.19;992;j
RS;tcainc992j;p35p36;2012;256105.7;992;j
RS;tcainc992j;p35p36;2013;253059.91;992;j
RS;tcainc992j;p35p36;2014;252778.59;992;j
RS;tcainc992j;p35p36;2015;247709.91;992;j
RS;tcainc992j;p35p36;2016;256997.09;992;j
RS;tcainc992j;p35p36;2017;256995.59;992;j
RS;tcainc992j;p47p48;1990;406298.69;992;j
RS;tcainc992j;p47p48;1991;355354.41;992;j
RS;tcainc992j;p47p48;1992;244926.0;992;j
RS;tcainc992j;p47p48;1993;159315.7;992;j
RS;tcainc992j;p47p48;1994;164593.0;992;j
RS;tcainc992j;p47p48;1995;174374.0;992;j
RS;tcainc992j;p47p48;1996;176726.2;992;j
RS;tcainc992j;p47p48;1997;187153.3;992;j
RS;tcainc992j;p47p48;1998;198563.3;992;j
RS;tcainc992j;p47p48;1999;226084.41;992;j
RS;tcainc992j;p47p48;2000;243316.59;992;j
RS;tcainc992j;p47p48;2001;235844.0;992;j
RS;tcainc992j;p47p48;2002;243219.8;992;j
RS;tcainc992j;p47p48;2003;255137.41;992;j
RS;tcainc992j;p47p48;2004;301118.41;992;j
RS;tcainc992j;p47p48;2005;338143.19;992;j
RS;tcainc992j;p47p48;2006;353240.0;992;j
RS;tcainc992j;p47p48;2007;353845.09;992;j
RS;tcainc992j;p47p48;2008;376837.19;992;j
RS;tcainc992j;p47p48;2009;367898.0;992;j
RS;tcainc992j;p47p48;2010;361055.31;992;j
RS;tcainc992j;p47p48;2011;360422.5;992;j
RS;tcainc992j;p47p48;2012;351318.31;992;j
RS;tcainc992j;p47p48;2013;361750.19;992;j
RS;tcainc992j;p47p48;2014;348114.69;992;j
RS;tcainc992j;p47p48;2015;346584.5;992;j
RS;tcainc992j;p47p48;2016;359338.41;992;j
RS;tcainc992j;p47p48;2017;359487.91;992;j
RS;tcainc992j;p83p84;1990;780052.31;992;j
RS;tcainc992j;p83p84;1991;673643.5;992;j
RS;tcainc992j;p83p84;1992;458999.31;992;j
RS;tcainc992j;p83p84;1993;296038.0;992;j
RS;tcainc992j;p83p84;1994;303363.41;992;j
RS;tcainc992j;p83p84;1995;318539.5;992;j
RS;tcainc992j;p83p84;1996;319713.91;992;j
RS;tcainc992j;p83p84;1997;335773.5;992;j
RS;tcainc992j;p83p84;1998;362781.19;992;j
RS;tcainc992j;p83p84;1999;410069.19;992;j
RS;tcainc992j;p83p84;2000;440123.69;992;j
RS;tcainc992j;p83p84;2001;425120.19;992;j
RS;tcainc992j;p83p84;2002;452805.19;992;j
RS;tcainc992j;p83p84;2003;480010.59;992;j
RS;tcainc992j;p83p84;2004;583484.13;992;j
RS;tcainc992j;p83p84;2005;666573.13;992;j
RS;tcainc992j;p83p84;2006;707744.81;992;j
RS;tcainc992j;p83p84;2007;718305.13;992;j
RS;tcainc992j;p83p84;2008;778535.63;992;j
RS;tcainc992j;p83p84;2009;772314.38;992;j
RS;tcainc992j;p83p84;2010;784473.38;992;j
RS;tcainc992j;p83p84;2011;802170.0;992;j
RS;tcainc992j;p83p84;2012;795682.5;992;j
RS;tcainc992j;p83p84;2013;838066.13;992;j
RS;tcainc992j;p83p84;2014;762969.38;992;j
RS;tcainc992j;p83p84;2015;750570.5;992;j
RS;tcainc992j;p83p84;2016;778355.63;992;j
RS;tcainc992j;p83p84;2017;778884.38;992;j
RS;tcainc992j;p93p100;1990;1015009.8;992;j
RS;tcainc992j;p93p100;1991;880916.31;992;j
RS;tcainc992j;p93p100;1992;603324.38;992;j
RS;tcainc992j;p93p100;1993;390578.81;992;j
RS;tcainc992j;p93p100;1994;401533.0;992;j
RS;tcainc992j;p93p100;1995;422920.59;992;j
RS;tcainc992j;p93p100;1996;425449.91;992;j
RS;tcainc992j;p93p100;1997;447975.91;992;j
RS;tcainc992j;p93p100;1998;492800.31;992;j
RS;tcainc992j;p93p100;1999;559817.63;992;j
RS;tcainc992j;p93p100;2000;608544.81;992;j
RS;tcainc992j;p93p100;2001;591994.0;992;j
RS;tcainc992j;p93p100;2002;630432.69;992;j
RS;tcainc992j;p93p100;2003;673710.63;992;j
RS;tcainc992j;p93p100;2004;825817.63;992;j
RS;tcainc992j;p93p100;2005;953941.88;992;j
RS;tcainc992j;p93p100;2006;1026024.3;992;j
RS;tcainc992j;p93p100;2007;1037140.1;992;j
RS;tcainc992j;p93p100;2008;1125033.1;992;j
RS;tcainc992j;p93p100;2009;1112241.5;992;j
RS;tcainc992j;p93p100;2010;1151624.8;992;j
RS;tcainc992j;p93p100;2011;1191108.8;992;j
RS;tcainc992j;p93p100;2012;1148233.9;992;j
RS;tcainc992j;p93p100;2013;1197287.0;992;j
RS;tcainc992j;p93p100;2014;1097829.8;992;j
RS;tcainc992j;p93p100;2015;1085926.1;992;j
RS;tcainc992j;p93p100;2016;1126270.5;992;j
RS;tcainc992j;p93p100;2017;1127383.0;992;j
RS;tcainc992j;p99.8p100;1990;4441564.5;992;j
RS;tcainc992j;p99.8p100;1991;3806562.3;992;j
RS;tcainc992j;p99.8p100;1992;2575948.5;992;j
RS;tcainc992j;p99.8p100;1993;1664713.0;992;j
RS;tcainc992j;p99.8p100;1994;1707347.1;992;j
RS;tcainc992j;p99.8p100;1995;1796458.3;992;j
RS;tcainc992j;p99.8p100;1996;1787808.5;992;j
RS;tcainc992j;p99.8p100;1997;1861401.8;992;j
RS;tcainc992j;p99.8p100;1998;2095131.6;992;j
RS;tcainc992j;p99.8p100;1999;2541062.5;992;j
RS;tcainc992j;p99.8p100;2000;2932180.5;992;j
RS;tcainc992j;p99.8p100;2001;2987306.0;992;j
RS;tcainc992j;p99.8p100;2002;3192976.5;992;j
RS;tcainc992j;p99.8p100;2003;3330268.0;992;j
RS;tcainc992j;p99.8p100;2004;4032537.8;992;j
RS;tcainc992j;p99.8p100;2005;4745398.0;992;j
RS;tcainc992j;p99.8p100;2006;5107797.5;992;j
RS;tcainc992j;p99.8p100;2007;4939007.0;992;j
RS;tcainc992j;p99.8p100;2008;5245135.5;992;j
RS;tcainc992j;p99.8p100;2009;5475591.5;992;j
RS;tcainc992j;p99.8p100;2010;5628575.5;992;j
RS;tcainc992j;p99.8p100;2011;5808706.5;992;j
RS;tcainc992j;p99.8p100;2012;6376634.0;992;j
RS;tcainc992j;p99.8p100;2013;6127808.5;992;j
RS;tcainc992j;p99.8p100;2014;6640514.5;992;j
RS;tcainc992j;p99.8p100;2015;7671255.0;992;j
RS;tcainc992j;p99.8p100;2016;7956686.0;992;j
RS;tcainc992j;p99.8p100;2017;7966762.0;992;j
RS;tcainc992j;p99.997p100;1990;39472628.0;992;j
RS;tcainc992j;p99.997p100;1991;32352994.0;992;j
RS;tcainc992j;p99.997p100;1992;20554076.0;992;j
RS;tcainc992j;p99.997p100;1993;12704394.0;992;j
RS;tcainc992j;p99.997p100;1994;12649882.0;992;j
RS;tcainc992j;p99.997p100;1995;12971690.0;992;j
RS;tcainc992j;p99.997p100;1996;12541574.0;992;j
RS;tcainc992j;p99.997p100;1997;12651876.0;992;j
RS;tcainc992j;p99.997p100;1998;14741660.0;992;j
RS;tcainc992j;p99.997p100;1999;20250104.0;992;j
RS;tcainc992j;p99.997p100;2000;23448572.0;992;j
RS;tcainc992j;p99.997p100;2001;26191680.0;992;j
RS;tcainc992j;p99.997p100;2002;26068460.0;992;j
RS;tcainc992j;p99.997p100;2003;27282152.0;992;j
RS;tcainc992j;p99.997p100;2004;33147624.0;992;j
RS;tcainc992j;p99.997p100;2005;40663628.0;992;j
RS;tcainc992j;p99.997p100;2006;40020572.0;992;j
RS;tcainc992j;p99.997p100;2007;35019736.0;992;j
RS;tcainc992j;p99.997p100;2008;33418378.0;992;j
RS;tcainc992j;p99.997p100;2009;40167172.0;992;j
RS;tcainc992j;p99.997p100;2010;38731460.0;992;j
RS;tcainc992j;p99.997p100;2011;38442492.0;992;j
RS;tcainc992j;p99.997p100;2012;57544224.0;992;j
RS;tcainc992j;p99.997p100;2013;45419744.0;992;j
RS;tcainc992j;p99.997p100;2014;79729152.0;992;j
RS;tcainc992j;p99.997p100;2015;122798200.0;992;j
RS;tcainc992j;p99.997p100;2016;127441376.0;992;j
RS;tcainc992j;p99.997p100;2017;127751880.0;992;j
RS;tdiinc992j;p20p100;1990;305744.09;992;j
RS;tdiinc992j;p20p100;1991;269247.19;992;j
RS;tdiinc992j;p20p100;1992;187745.5;992;j
RS;tdiinc992j;p20p100;1993;123624.0;992;j
RS;tdiinc992j;p20p100;1994;129218.8;992;j
RS;tdiinc992j;p20p100;1995;138197.3;992;j
RS;tdiinc992j;p20p100;1996;141552.5;992;j
RS;tdiinc992j;p20p100;1997;152422.3;992;j
RS;tdiinc992j;p20p100;1998;166383.41;992;j
RS;tdiinc992j;p20p100;1999;177808.5;992;j
RS;tdiinc992j;p20p100;2000;197002.8;992;j
RS;tdiinc992j;p20p100;2001;197657.3;992;j
RS;tdiinc992j;p20p100;2002;201164.8;992;j
RS;tdiinc992j;p20p100;2003;206490.2;992;j
RS;tdiinc992j;p20p100;2004;216434.0;992;j
RS;tdiinc992j;p20p100;2005;237631.2;992;j
RS;tdiinc992j;p20p100;2006;233633.09;992;j
RS;tdiinc992j;p20p100;2007;241414.41;992;j
RS;tdiinc992j;p20p100;2008;247664.8;992;j
RS;tdiinc992j;p20p100;2009;222622.5;992;j
RS;tdiinc992j;p20p100;2010;204552.8;992;j
RS;tdiinc992j;p20p100;2011;184436.09;992;j
RS;tdiinc992j;p20p100;2012;189338.2;992;j
RS;tdiinc992j;p20p100;2013;162321.5;992;j
RS;tdiinc992j;p20p100;2014;202360.0;992;j
RS;tdiinc992j;p20p100;2015;175782.8;992;j
RS;tdiinc992j;p20p100;2016;174782.5;992;j
RS;tdiinc992j;p20p100;2017;174800.8;992;j
RS;tdiinc992j;p43p100;1990;550595.81;992;j
RS;tdiinc992j;p43p100;1991;479425.69;992;j
RS;tdiinc992j;p43p100;1992;328991.91;992;j
RS;tdiinc992j;p43p100;1993;213475.41;992;j
RS;tdiinc992j;p43p100;1994;220472.2;992;j
RS;tdiinc992j;p43p100;1995;233133.0;992;j
RS;tdiinc992j;p43p100;1996;235725.59;992;j
RS;tdiinc992j;p43p100;1997;250912.41;992;j
RS;tdiinc992j;p43p100;1998;256538.0;992;j
RS;tdiinc992j;p43p100;1999;279113.0;992;j
RS;tdiinc992j;p43p100;2000;305750.69;992;j
RS;tdiinc992j;p43p100;2001;303891.31;992;j
RS;tdiinc992j;p43p100;2002;325888.41;992;j
RS;tdiinc992j;p43p100;2003;341139.69;992;j
RS;tdiinc992j;p43p100;2004;380351.5;992;j
RS;tdiinc992j;p43p100;2005;414317.19;992;j
RS;tdiinc992j;p43p100;2006;432572.41;992;j
RS;tdiinc992j;p43p100;2007;445678.69;992;j
RS;tdiinc992j;p43p100;2008;470347.09;992;j
RS;tdiinc992j;p43p100;2009;457544.0;992;j
RS;tdiinc992j;p43p100;2010;448051.31;992;j
RS;tdiinc992j;p43p100;2011;440116.09;992;j
RS;tdiinc992j;p43p100;2012;434335.5;992;j
RS;tdiinc992j;p43p100;2013;443065.41;992;j
RS;tdiinc992j;p43p100;2014;432378.09;992;j
RS;tdiinc992j;p43p100;2015;427059.09;992;j
RS;tdiinc992j;p43p100;2016;436951.0;992;j
RS;tdiinc992j;p43p100;2017;438962.31;992;j
RS;tptinc992j;p24p100;1990;299101.41;992;j
RS;tptinc992j;p24p100;1991;258348.3;992;j
RS;tptinc992j;p24p100;1992;176443.2;992;j
RS;tptinc992j;p24p100;1993;113976.1;992;j
RS;tptinc992j;p24p100;1994;117827.3;992;j
RS;tptinc992j;p24p100;1995;124246.5;992;j
RS;tptinc992j;p24p100;1996;125033.5;992;j
RS;tptinc992j;p24p100;1997;132225.8;992;j
RS;tptinc992j;p24p100;1998;142906.5;992;j
RS;tptinc992j;p24p100;1999;155167.09;992;j
RS;tptinc992j;p24p100;2000;166929.7;992;j
RS;tptinc992j;p24p100;2001;165629.7;992;j
RS;tptinc992j;p24p100;2002;169605.7;992;j
RS;tptinc992j;p24p100;2003;171733.7;992;j
RS;tptinc992j;p24p100;2004;183196.59;992;j
RS;tptinc992j;p24p100;2005;195027.09;992;j
RS;tptinc992j;p24p100;2006;196231.2;992;j
RS;tptinc992j;p24p100;2007;198849.8;992;j
RS;tptinc992j;p24p100;2008;201121.3;992;j
RS;tptinc992j;p24p100;2009;189117.3;992;j
RS;tptinc992j;p24p100;2010;178602.2;992;j
RS;tptinc992j;p24p100;2011;158124.5;992;j
RS;tptinc992j;p24p100;2012;146514.3;992;j
RS;tptinc992j;p24p100;2013;148503.7;992;j
RS;tptinc992j;p24p100;2014;137581.7;992;j
RS;tptinc992j;p24p100;2015;150409.3;992;j
RS;tptinc992j;p24p100;2016;155003.0;992;j
RS;tptinc992j;p24p100;2017;155627.5;992;j
RS;tptinc992j;p45p100;1990;544236.38;992;j
RS;tptinc992j;p45p100;1991;469656.81;992;j
RS;tptinc992j;p45p100;1992;319357.31;992;j
RS;tptinc992j;p45p100;1993;205770.41;992;j
RS;tptinc992j;p45p100;1994;210664.0;992;j
RS;tptinc992j;p45p100;1995;220758.8;992;j
RS;tptinc992j;p45p100;1996;221322.2;992;j
RS;tptinc992j;p45p100;1997;233264.2;992;j
RS;tptinc992j;p45p100;1998;239648.5;992;j
RS;tptinc992j;p45p100;1999;262129.5;992;j
RS;tptinc992j;p45p100;2000;284884.41;992;j
RS;tptinc992j;p45p100;2001;283571.41;992;j
RS;tptinc992j;p45p100;2002;303795.41;992;j
RS;tptinc992j;p45p100;2003;316826.5;992;j
RS;tptinc992j;p45p100;2004;352359.31;992;j
RS;tptinc992j;p45p100;2005;385251.59;992;j
RS;tptinc992j;p45p100;2006;403883.69;992;j
RS;tptinc992j;p45p100;2007;421197.09;992;j
RS;tptinc992j;p45p100;2008;445376.19;992;j
RS;tptinc992j;p45p100;2009;433505.5;992;j
RS;tptinc992j;p45p100;2010;424490.5;992;j
RS;tptinc992j;p45p100;2011;417564.69;992;j
RS;tptinc992j;p45p100;2012;411379.59;992;j
RS;tptinc992j;p45p100;2013;432105.19;992;j
RS;tptinc992j;p45p100;2014;409695.41;992;j
RS;tptinc992j;p45p100;2015;423011.5;992;j
RS;tptinc992j;p45p100;2016;435964.09;992;j
RS;tptinc992j;p45p100;2017;438198.5;992;j
RS;tptinc992j;p8p100;1990;119648.5;992;j
RS;tptinc992j;p8p100;1991;104944.2;992;j
RS;tptinc992j;p8p100;1992;72659.703;992;j
RS;tptinc992j;p8p100;1993;48421.5;992;j
RS;tptinc992j;p8p100;1994;50889.5;992;j
RS;tptinc992j;p8p100;1995;54662.699;992;j
RS;tptinc992j;p8p100;1996;56587.301;992;j
RS;tptinc992j;p8p100;1997;61144.102;992;j
RS;tptinc992j;p8p100;1998;70936.797;992;j
RS;tptinc992j;p8p100;1999;79550.5;992;j
RS;tptinc992j;p8p100;2000;85327.0;992;j
RS;tptinc992j;p8p100;2001;84724.797;992;j
RS;tptinc992j;p8p100;2002;77553.602;992;j
RS;tptinc992j;p8p100;2003;72729.0;992;j
RS;tptinc992j;p8p100;2004;76393.797;992;j
RS;tptinc992j;p8p100;2005;77876.398;992;j
RS;tptinc992j;p8p100;2006;68164.102;992;j
RS;tptinc992j;p8p100;2007;61446.102;992;j
RS;tptinc992j;p8p100;2008;54345.398;992;j
RS;tptinc992j;p8p100;2009;48031.0;992;j
RS;tptinc992j;p8p100;2010;42299.0;992;j
RS;tptinc992j;p8p100;2011;35550.199;992;j
RS;tptinc992j;p8p100;2012;34389.199;992;j
RS;tptinc992j;p8p100;2013;30405.801;992;j
RS;tptinc992j;p8p100;2014;30875.699;992;j
RS;tptinc992j;p8p100;2015;30978.801;992;j
RS;tptinc992j;p8p100;2016;32015.9;992;j
RS;tptinc992j;p8p100;2017;31876.4;992;j
RS;acainc992j;p67p68;1990;585341.38;992;j
RS;acainc992j;p67p68;1991;509089.31;992;j
RS;acainc992j;p67p68;1992;347859.91;992;j
RS;acainc992j;p67p68;1993;224981.59;992;j
RS;acainc992j;p67p68;1994;231127.09;992;j
RS;acainc992j;p67p68;1995;243176.5;992;j
RS;acainc992j;p67p68;1996;244794.7;992;j
RS;acainc992j;p67p68;1997;257947.8;992;j
RS;acainc992j;p67p68;1998;281650.81;992;j
RS;acainc992j;p67p68;1999;318095.59;992;j
RS;acainc992j;p67p68;2000;340136.91;992;j
RS;acainc992j;p67p68;2001;329650.81;992;j
RS;acainc992j;p67p68;2002;347750.41;992;j
RS;acainc992j;p67p68;2003;366530.0;992;j
RS;acainc992j;p67p68;2004;440009.0;992;j
RS;acainc992j;p67p68;2005;495685.31;992;j
RS;acainc992j;p67p68;2006;523980.81;992;j
RS;acainc992j;p67p68;2007;527497.19;992;j
RS;acainc992j;p67p68;2008;568185.31;992;j
RS;acainc992j;p67p68;2009;556870.13;992;j
RS;acainc992j;p67p68;2010;556460.38;992;j
RS;acainc992j;p67p68;2011;560981.0;992;j
RS;acainc992j;p67p68;2012;556682.5;992;j
RS;acainc992j;p67p68;2013;583494.69;992;j
RS;acainc992j;p67p68;2014;549152.69;992;j
RS;acainc992j;p67p68;2015;533604.13;992;j
RS;acainc992j;p67p68;2016;553311.5;992;j
RS;acainc992j;p67p68;2017;553730.5;992;j
RS;acainc992j;p78p79;1990;722642.5;992;j
RS;acainc992j;p78p79;1991;625638.81;992;j
RS;acainc992j;p78p79;1992;427392.5;992;j
RS;acainc992j;p78p79;1993;276053.81;992;j
RS;acainc992j;p78p79;1994;283195.31;992;j
RS;acainc992j;p78p79;1995;297596.0;992;j
RS;acainc992j;p78p79;1996;299230.59;992;j
RS;acainc992j;p78p79;1997;314958.81;992;j
RS;acainc992j;p78p79;1998;339876.59;992;j
RS;acainc992j;p78p79;1999;384061.59;992;j
RS;acainc992j;p78p79;2000;413446.19;992;j
RS;acainc992j;p78p79;2001;398908.09;992;j
RS;acainc992j;p78p79;2002;424101.81;992;j
RS;acainc992j;p78p79;2003;447895.19;992;j
RS;acainc992j;p78p79;2004;541756.69;992;j
RS;acainc992j;p78p79;2005;617086.19;992;j
RS;acainc992j;p78p79;2006;652005.63;992;j
RS;acainc992j;p78p79;2007;657583.13;992;j
RS;acainc992j;p78p79;2008;712230.31;992;j
RS;acainc992j;p78p79;2009;700493.69;992;j
RS;acainc992j;p78p79;2010;706295.31;992;j
RS;acainc992j;p78p79;2011;717690.38;992;j
RS;acainc992j;p78p79;2012;714001.5;992;j
RS;acainc992j;p78p79;2013;747368.38;992;j
RS;acainc992j;p78p79;2014;686561.63;992;j
RS;acainc992j;p78p79;2015;679764.13;992;j
RS;acainc992j;p78p79;2016;704848.38;992;j
RS;acainc992j;p78p79;2017;705352.69;992;j
RS;acainc992j;p99.96p99.97;1990;10787142.0;992;j
RS;acainc992j;p99.96p99.97;1991;9085373.0;992;j
RS;acainc992j;p99.96p99.97;1992;6001842.5;992;j
RS;acainc992j;p99.96p99.97;1993;3815523.5;992;j
RS;acainc992j;p99.96p99.97;1994;3870494.3;992;j
RS;acainc992j;p99.96p99.97;1995;4034127.0;992;j
RS;acainc992j;p99.96p99.97;1996;3969469.0;992;j
RS;acainc992j;p99.96p99.97;1997;4082305.0;992;j
RS;acainc992j;p99.96p99.97;1998;4660507.5;992;j
RS;acainc992j;p99.96p99.97;1999;5943343.0;992;j
RS;acainc992j;p99.96p99.97;2000;6895767.5;992;j
RS;acainc992j;p99.96p99.97;2001;7292079.5;992;j
RS;acainc992j;p99.96p99.97;2002;7593264.5;992;j
RS;acainc992j;p99.96p99.97;2003;7917342.5;992;j
RS;acainc992j;p99.96p99.97;2004;9589170.0;992;j
RS;acainc992j;p99.96p99.97;2005;11472817.0;992;j
RS;acainc992j;p99.96p99.97;2006;11947042.0;992;j
RS;acainc992j;p99.96p99.97;2007;11104308.0;992;j
RS;acainc992j;p99.96p99.97;2008;11323739.0;992;j
RS;acainc992j;p99.96p99.97;2009;12491790.0;992;j
RS;acainc992j;p99.96p99.97;2010;12536434.0;992;j
RS;acainc992j;p99.96p99.97;2011;12751728.0;992;j
RS;acainc992j;p99.96p99.97;2012;15828018.0;992;j
RS;acainc992j;p99.96p99.97;2013;14067023.0;992;j
RS;acainc992j;p99.96p99.97;2014;18455392.0;992;j
RS;acainc992j;p99.96p99.97;2015;24047092.0;992;j
RS;acainc992j;p99.96p99.97;2016;24944642.0;992;j
RS;acainc992j;p99.96p99.97;2017;24990636.0;992;j
RS;adiinc992j;p25p26;1990;369484.5;992;j
RS;adiinc992j;p25p26;1991;325047.0;992;j
RS;adiinc992j;p25p26;1992;225609.41;992;j
RS;adiinc992j;p25p26;1993;148115.7;992;j
RS;adiinc992j;p25p26;1994;154377.5;992;j
RS;adiinc992j;p25p26;1995;164876.8;992;j
RS;adiinc992j;p25p26;1996;168546.0;992;j
RS;adiinc992j;p25p26;1997;181445.09;992;j
RS;adiinc992j;p25p26;1998;191434.3;992;j
RS;adiinc992j;p25p26;1999;206931.41;992;j
RS;adiinc992j;p25p26;2000;229573.59;992;j
RS;adiinc992j;p25p26;2001;229973.2;992;j
RS;adiinc992j;p25p26;2002;241525.3;992;j
RS;adiinc992j;p25p26;2003;248998.09;992;j
RS;adiinc992j;p25p26;2004;268566.19;992;j
RS;adiinc992j;p25p26;2005;293316.31;992;j
RS;adiinc992j;p25p26;2006;295501.69;992;j
RS;adiinc992j;p25p26;2007;304342.41;992;j
RS;adiinc992j;p25p26;2008;314493.5;992;j
RS;adiinc992j;p25p26;2009;294314.19;992;j
RS;adiinc992j;p25p26;2010;275276.19;992;j
RS;adiinc992j;p25p26;2011;255203.5;992;j
RS;adiinc992j;p25p26;2012;262750.59;992;j
RS;adiinc992j;p25p26;2013;234606.0;992;j
RS;adiinc992j;p25p26;2014;258748.8;992;j
RS;adiinc992j;p25p26;2015;238649.59;992;j
RS;adiinc992j;p25p26;2016;240410.09;992;j
RS;adiinc992j;p25p26;2017;240903.91;992;j
RS;adiinc992j;p58p100;1990;1192898.5;992;j
RS;adiinc992j;p58p100;1991;1032794.5;992;j
RS;adiinc992j;p58p100;1992;705217.88;992;j
RS;adiinc992j;p58p100;1993;456155.81;992;j
RS;adiinc992j;p58p100;1994;468538.5;992;j
RS;adiinc992j;p58p100;1995;493230.91;992;j
RS;adiinc992j;p58p100;1996;495544.19;992;j
RS;adiinc992j;p58p100;1997;523237.41;992;j
RS;adiinc992j;p58p100;1998;552613.0;992;j
RS;adiinc992j;p58p100;1999;608560.13;992;j
RS;adiinc992j;p58p100;2000;670193.38;992;j
RS;adiinc992j;p58p100;2001;670260.69;992;j
RS;adiinc992j;p58p100;2002;729389.31;992;j
RS;adiinc992j;p58p100;2003;769673.0;992;j
RS;adiinc992j;p58p100;2004;879031.38;992;j
RS;adiinc992j;p58p100;2005;988968.19;992;j
RS;adiinc992j;p58p100;2006;1055889.1;992;j
RS;adiinc992j;p58p100;2007;1091026.0;992;j
RS;adiinc992j;p58p100;2008;1167706.4;992;j
RS;adiinc992j;p58p100;2009;1155601.6;992;j
RS;adiinc992j;p58p100;2010;1174638.4;992;j
RS;adiinc992j;p58p100;2011;1194930.5;992;j
RS;adiinc992j;p58p100;2012;1197516.9;992;j
RS;adiinc992j;p58p100;2013;1231388.1;992;j
RS;adiinc992j;p58p100;2014;1180091.8;992;j
RS;adiinc992j;p58p100;2015;1213004.8;992;j
RS;adiinc992j;p58p100;2016;1257483.4;992;j
RS;adiinc992j;p58p100;2017;1265837.6;992;j
RS;adiinc992j;p70p100;1990;1358553.8;992;j
RS;adiinc992j;p70p100;1991;1175173.3;992;j
RS;adiinc992j;p70p100;1992;802143.81;992;j
RS;adiinc992j;p70p100;1993;518800.31;992;j
RS;adiinc992j;p70p100;1994;532804.31;992;j
RS;adiinc992j;p70p100;1995;560806.88;992;j
RS;adiinc992j;p70p100;1996;563046.31;992;j
RS;adiinc992j;p70p100;1997;594007.63;992;j
RS;adiinc992j;p70p100;1998;628636.81;992;j
RS;adiinc992j;p70p100;1999;694703.88;992;j
RS;adiinc992j;p70p100;2000;767726.88;992;j
RS;adiinc992j;p70p100;2001;769175.63;992;j
RS;adiinc992j;p70p100;2002;838075.38;992;j
RS;adiinc992j;p70p100;2003;885138.0;992;j
RS;adiinc992j;p70p100;2004;1013983.4;992;j
RS;adiinc992j;p70p100;2005;1145197.1;992;j
RS;adiinc992j;p70p100;2006;1225484.8;992;j
RS;adiinc992j;p70p100;2007;1264632.3;992;j
RS;adiinc992j;p70p100;2008;1354505.3;992;j
RS;adiinc992j;p70p100;2009;1344896.8;992;j
RS;adiinc992j;p70p100;2010;1372634.9;992;j
RS;adiinc992j;p70p100;2011;1401387.0;992;j
RS;adiinc992j;p70p100;2012;1406908.9;992;j
RS;adiinc992j;p70p100;2013;1443635.5;992;j
RS;adiinc992j;p70p100;2014;1385016.8;992;j
RS;adiinc992j;p70p100;2015;1437736.3;992;j
RS;adiinc992j;p70p100;2016;1492146.3;992;j
RS;adiinc992j;p70p100;2017;1502310.3;992;j
RS;adiinc992j;p87p100;1990;1824053.5;992;j
RS;adiinc992j;p87p100;1991;1576332.8;992;j
RS;adiinc992j;p87p100;1992;1075352.3;992;j
RS;adiinc992j;p87p100;1993;695896.5;992;j
RS;adiinc992j;p87p100;1994;714956.63;992;j
RS;adiinc992j;p87p100;1995;752888.81;992;j
RS;adiinc992j;p87p100;1996;754863.88;992;j
RS;adiinc992j;p87p100;1997;795069.38;992;j
RS;adiinc992j;p87p100;1998;850572.81;992;j
RS;adiinc992j;p87p100;1999;951679.31;992;j
RS;adiinc992j;p87p100;2000;1063681.8;992;j
RS;adiinc992j;p87p100;2001;1075029.3;992;j
RS;adiinc992j;p87p100;2002;1172637.1;992;j
RS;adiinc992j;p87p100;2003;1238628.0;992;j
RS;adiinc992j;p87p100;2004;1423233.8;992;j
RS;adiinc992j;p87p100;2005;1620480.3;992;j
RS;adiinc992j;p87p100;2006;1743324.6;992;j
RS;adiinc992j;p87p100;2007;1786696.6;992;j
RS;adiinc992j;p87p100;2008;1912227.0;992;j
RS;adiinc992j;p87p100;2009;1912779.1;992;j
RS;adiinc992j;p87p100;2010;1967712.0;992;j
RS;adiinc992j;p87p100;2011;2023705.8;992;j
RS;adiinc992j;p87p100;2012;2042332.4;992;j
RS;adiinc992j;p87p100;2013;2067911.8;992;j
RS;adiinc992j;p87p100;2014;2028891.3;992;j
RS;adiinc992j;p87p100;2015;2171266.8;992;j
RS;adiinc992j;p87p100;2016;2258158.0;992;j
RS;adiinc992j;p87p100;2017;2274374.5;992;j
RS;ansrfc999i;p0p100;1997;4517.1001;999;i
RS;ansrfc999i;p0p100;1998;4718.2002;999;i
RS;ansrfc999i;p0p100;1999;393.29999;999;i
RS;ansrfc999i;p0p100;2000;-1116.3;999;i
RS;ansrfc999i;p0p100;2001;870.79999;999;i
RS;ansrfc999i;p0p100;2002;3791.0;999;i
RS;ansrfc999i;p0p100;2003;995.70001;999;i
RS;ansrfc999i;p0p100;2004;381.39999;999;i
RS;ansrfc999i;p0p100;2005;-800.09998;999;i
RS;ansrfc999i;p0p100;2006;-1501.1;999;i
RS;ansrfc999i;p0p100;2007;-238.2;999;i
RS;ansrfc999i;p0p100;2008;190.89999;999;i
RS;ansrfc999i;p0p100;2009;420.79999;999;i
RS;ansrfc999i;p0p100;2010;698.70001;999;i
RS;ansrfc999i;p0p100;2011;1809.6;999;i
RS;apinrx992i;p0p100;2002;3482.1001;992;i
RS;apinrx992i;p0p100;2003;2936.2;992;i
RS;apinrx992i;p0p100;2004;3058.3;992;i
RS;apinrx992i;p0p100;2005;3982.3;992;i
RS;apinrx992i;p0p100;2006;6143.0;992;i
RS;apinrx992i;p0p100;2007;12616.2;992;i
RS;apinrx992i;p0p100;2008;11913.5;992;i
RS;apinrx992i;p0p100;2009;9827.0996;992;i
RS;apinrx992i;p0p100;2010;9263.5996;992;i
RS;apinrx992i;p0p100;2011;10681.6;992;i
RS;apinrx992i;p0p100;2012;14266.8;992;i
RS;apinrx992i;p0p100;2013;12153.0;992;i
RS;apinrx992i;p0p100;2014;13129.6;992;i
RS;apinrx992i;p0p100;2015;14416.3;992;i
RS;apinrx992i;p0p100;2016;11616.2;992;i
RS;apinrx992i;p0p100;2017;9547.7002;992;i
RS;apinrx992i;p0p100;2018;8231.4004;992;i
RS;aprpco999i;p0p100;1997;-3653.3;999;i
RS;aprpco999i;p0p100;1998;-5053.3999;999;i
RS;aprpco999i;p0p100;1999;-3085.3999;999;i
RS;aprpco999i;p0p100;2000;-5327.0;999;i
RS;aprpco999i;p0p100;2001;-4702.2002;999;i
RS;aprpco999i;p0p100;2002;-4738.0;999;i
RS;aprpco999i;p0p100;2003;-6552.0;999;i
RS;aprpco999i;p0p100;2004;-5368.0;999;i
RS;aprpco999i;p0p100;2005;-15681.8;999;i
RS;aprpco999i;p0p100;2006;-10989.6;999;i
RS;aprpco999i;p0p100;2007;-23310.699;999;i
RS;aprpco999i;p0p100;2008;-32230.5;999;i
RS;aprpco999i;p0p100;2009;-13247.4;999;i
RS;aprpco999i;p0p100;2010;-19388.301;999;i
RS;aprpco999i;p0p100;2011;-31360.9;999;i
RS;aptinc992j;p87p100;1990;1989898.0;992;j
RS;aptinc992j;p87p100;1991;1737733.4;992;j
RS;aptinc992j;p87p100;1992;1196345.8;992;j
RS;aptinc992j;p87p100;1993;780012.13;992;j
RS;aptinc992j;p87p100;1994;807703.88;992;j
RS;aptinc992j;p87p100;1995;857291.31;992;j
RS;aptinc992j;p87p100;1996;867012.38;992;j
RS;aptinc992j;p87p100;1997;922151.69;992;j
RS;aptinc992j;p87p100;1998;975706.38;992;j
RS;aptinc992j;p87p100;1999;1078276.4;992;j
RS;aptinc992j;p87p100;2000;1212938.0;992;j
RS;aptinc992j;p87p100;2001;1223309.5;992;j
RS;aptinc992j;p87p100;2002;1334867.3;992;j
RS;aptinc992j;p87p100;2003;1416201.3;992;j
RS;aptinc992j;p87p100;2004;1632565.8;992;j
RS;aptinc992j;p87p100;2005;1855033.8;992;j
RS;aptinc992j;p87p100;2006;1979958.5;992;j
RS;aptinc992j;p87p100;2007;2018735.5;992;j
RS;aptinc992j;p87p100;2008;2169482.0;992;j
RS;aptinc992j;p87p100;2009;2155423.8;992;j
RS;aptinc992j;p87p100;2010;2216274.5;992;j
RS;aptinc992j;p87p100;2011;2275844.0;992;j
RS;aptinc992j;p87p100;2012;2255293.8;992;j
RS;aptinc992j;p87p100;2013;2289449.3;992;j
RS;aptinc992j;p87p100;2014;2329403.0;992;j
RS;aptinc992j;p87p100;2015;2313097.8;992;j
RS;aptinc992j;p87p100;2016;2385418.0;992;j
RS;aptinc992j;p87p100;2017;2401268.5;992;j
RS;aptinc992j;p89p90;1990;1293162.8;992;j
RS;aptinc992j;p89p90;1991;1121668.5;992;j
RS;aptinc992j;p89p90;1992;766677.0;992;j
RS;aptinc992j;p89p90;1993;496310.5;992;j
RS;aptinc992j;p89p90;1994;510366.09;992;j
RS;aptinc992j;p89p90;1995;537979.63;992;j
RS;aptinc992j;p89p90;1996;541792.81;992;j
RS;aptinc992j;p89p90;1997;573939.5;992;j
RS;aptinc992j;p89p90;1998;604131.81;992;j
RS;aptinc992j;p89p90;1999;654666.63;992;j
RS;aptinc992j;p89p90;2000;715522.38;992;j
RS;aptinc992j;p89p90;2001;709022.31;992;j
RS;aptinc992j;p89p90;2002;771021.0;992;j
RS;aptinc992j;p89p90;2003;823831.63;992;j
RS;aptinc992j;p89p90;2004;941969.19;992;j
RS;aptinc992j;p89p90;2005;1076813.3;992;j
RS;aptinc992j;p89p90;2006;1150127.9;992;j
RS;aptinc992j;p89p90;2007;1205827.8;992;j
RS;aptinc992j;p89p90;2008;1292562.1;992;j
RS;aptinc992j;p89p90;2009;1288168.8;992;j
RS;aptinc992j;p89p90;2010;1303123.9;992;j
RS;aptinc992j;p89p90;2011;1330062.6;992;j
RS;aptinc992j;p89p90;2012;1328530.1;992;j
RS;aptinc992j;p89p90;2013;1357420.4;992;j
RS;aptinc992j;p89p90;2014;1307960.3;992;j
RS;aptinc992j;p89p90;2015;1323272.8;992;j
RS;aptinc992j;p89p90;2016;1363860.0;992;j
RS;aptinc992j;p89p90;2017;1371995.1;992;j
RS;asavhn992i;p0p100;1997;25998.0;992;i
RS;asavhn992i;p0p100;1998;-25482.199;992;i
RS;asavhn992i;p0p100;1999;-41582.398;992;i
RS;asavhn992i;p0p100;2000;-47626.699;992;i
RS;asavhn992i;p0p100;2001;-86333.703;992;i
RS;asavhn992i;p0p100;2002;-104850.3;992;i
RS;asavhn992i;p0p100;2003;-77151.797;992;i
RS;asavhn992i;p0p100;2004;-102623.8;992;i
RS;asavhn992i;p0p100;2005;-102919.0;992;i
RS;asavhn992i;p0p100;2006;-102006.2;992;i
RS;asavhn992i;p0p100;2007;-101132.9;992;i
RS;asavhn992i;p0p100;2008;-102264.9;992;i
RS;asavhn992i;p0p100;2009;-116897.0;992;i
RS;asavhn992i;p0p100;2010;-130256.7;992;i
RS;asavhn992i;p0p100;2011;-115960.1;992;i
RS;asecgo999i;p0p100;1997;46706.301;999;i
RS;asecgo999i;p0p100;1998;39421.898;999;i
RS;asecgo999i;p0p100;1999;40691.398;999;i
RS;asecgo999i;p0p100;2000;41775.398;999;i
RS;asecgo999i;p0p100;2001;61564.801;999;i
RS;asecgo999i;p0p100;2002;77588.703;999;i
RS;asecgo999i;p0p100;2003;85500.797;999;i
RS;asecgo999i;p0p100;2004;99177.602;999;i
RS;asecgo999i;p0p100;2005;102576.1;999;i
RS;asecgo999i;p0p100;2006;103489.3;999;i
RS;asecgo999i;p0p100;2007;114344.5;999;i
RS;asecgo999i;p0p100;2008;116934.5;999;i
RS;asecgo999i;p0p100;2009;102251.4;999;i
RS;asecgo999i;p0p100;2010;106071.8;999;i
RS;asecgo999i;p0p100;2011;105775.8;999;i
RS;asprgo999i;p0p100;1997;3524.1001;999;i
RS;asprgo999i;p0p100;1998;3630.3999;999;i
RS;asprgo999i;p0p100;1999;3449.7;999;i
RS;asprgo999i;p0p100;2000;3616.7;999;i
RS;asprgo999i;p0p100;2001;11758.3;999;i
RS;asprgo999i;p0p100;2002;15147.1;999;i
RS;asprgo999i;p0p100;2003;12354.0;999;i
RS;asprgo999i;p0p100;2004;12572.8;999;i
RS;asprgo999i;p0p100;2005;12685.3;999;i
RS;asprgo999i;p0p100;2006;10470.3;999;i
RS;asprgo999i;p0p100;2007;11073.4;999;i
RS;asprgo999i;p0p100;2008;12277.1;999;i
RS;asprgo999i;p0p100;2009;7726.2002;999;i
RS;asprgo999i;p0p100;2010;10138.9;999;i
RS;asprgo999i;p0p100;2011;11168.9;999;i
RS;bcainc992j;p48p100;1990;1.8845216;992;j
RS;bcainc992j;p48p100;1991;1.8730164;992;j
RS;bcainc992j;p48p100;1992;1.8599058;992;j
RS;bcainc992j;p48p100;1993;1.8498793;992;j
RS;bcainc992j;p48p100;1994;1.8398514;992;j
RS;bcainc992j;p48p100;1995;1.8323749;992;j
RS;bcainc992j;p48p100;1996;1.8207308;992;j
RS;bcainc992j;p48p100;1997;1.8093697;992;j
RS;bcainc992j;p48p100;1998;1.8587554;992;j
RS;bcainc992j;p48p100;1999;1.8681082;992;j
RS;bcainc992j;p48p100;2000;1.888836;992;j
RS;bcainc992j;p48p100;2001;1.9034966;992;j
RS;bcainc992j;p48p100;2002;1.9462315;992;j
RS;bcainc992j;p48p100;2003;1.978974;992;j
RS;bcainc992j;p48p100;2004;2.0138769;992;j
RS;bcainc992j;p48p100;2005;2.0711293;992;j
RS;bcainc992j;p48p100;2006;2.1092675;992;j
RS;bcainc992j;p48p100;2007;2.115613;992;j
RS;bcainc992j;p48p100;2008;2.1308193;992;j
RS;bcainc992j;p48p100;2009;2.1646798;992;j
RS;bcainc992j;p48p100;2010;2.2431152;992;j
RS;bcainc992j;p48p100;2011;2.2878547;992;j
RS;bcainc992j;p48p100;2012;2.3468127;992;j
RS;bcainc992j;p48p100;2013;2.3364277;992;j
RS;bcainc992j;p48p100;2014;2.3401172;992;j
RS;bcainc992j;p48p100;2015;2.4049141;992;j
RS;bcainc992j;p48p100;2016;2.4044645;992;j
RS;bcainc992j;p48p100;2017;2.405643;992;j
RS;bcainc992j;p73p100;1990;1.6011492;992;j
RS;bcainc992j;p73p100;1991;1.5943109;992;j
RS;bcainc992j;p73p100;1992;1.5901213;992;j
RS;bcainc992j;p73p100;1993;1.5872965;992;j
RS;bcainc992j;p73p100;1994;1.5844511;992;j
RS;bcainc992j;p73p100;1995;1.5825065;992;j
RS;bcainc992j;p73p100;1996;1.5738796;992;j
RS;bcainc992j;p73p100;1997;1.5657878;992;j
RS;bcainc992j;p73p100;1998;1.5819325;992;j
RS;bcainc992j;p73p100;1999;1.6167618;992;j
RS;bcainc992j;p73p100;2000;1.6516732;992;j
RS;bcainc992j;p73p100;2001;1.6750419;992;j
RS;bcainc992j;p73p100;2002;1.693946;992;j
RS;bcainc992j;p73p100;2003;1.698903;992;j
RS;bcainc992j;p73p100;2004;1.7117889;992;j
RS;bcainc992j;p73p100;2005;1.7500532;992;j
RS;bcainc992j;p73p100;2006;1.7755311;992;j
RS;bcainc992j;p73p100;2007;1.757477;992;j
RS;bcainc992j;p73p100;2008;1.7658279;992;j
RS;bcainc992j;p73p100;2009;1.7950598;992;j
RS;bcainc992j;p73p100;2010;1.8343698;992;j
RS;bcainc992j;p73p100;2011;1.8756089;992;j
RS;bcainc992j;p73p100;2012;1.8950142;992;j
RS;bcainc992j;p73p100;2013;1.8388425;992;j
RS;bcainc992j;p73p100;2014;1.8968076;992;j
RS;bcainc992j;p73p100;2015;2.0399697;992;j
RS;bcainc992j;p73p100;2016;2.0404611;992;j
RS;bcainc992j;p73p100;2017;2.0415938;992;j
RS;bdiinc992j;p22p100;1990;2.6654618;992;j
RS;bdiinc992j;p22p100;1991;2.628119;992;j
RS;bdiinc992j;p22p100;1992;2.5931129;992;j
RS;bdiinc992j;p22p100;1993;2.5524628;992;j
RS;bdiinc992j;p22p100;1994;2.5097747;992;j
RS;bdiinc992j;p22p100;1995;2.4696863;992;j
RS;bdiinc992j;p22p100;1996;2.4250731;992;j
RS;bdiinc992j;p22p100;1997;2.3812835;992;j
RS;bdiinc992j;p22p100;1998;2.3302722;992;j
RS;bdiinc992j;p22p100;1999;2.3751371;992;j
RS;bdiinc992j;p22p100;2000;2.3443708;992;j
RS;bdiinc992j;p22p100;2001;2.3392251;992;j
RS;bdiinc992j;p22p100;2002;2.459754;992;j
RS;bdiinc992j;p22p100;2003;2.5163341;992;j
RS;bdiinc992j;p22p100;2004;2.6994097;992;j
RS;bdiinc992j;p22p100;2005;2.7526014;992;j
RS;bdiinc992j;p22p100;2006;2.9275403;992;j
RS;bdiinc992j;p22p100;2007;2.9456332;992;j
RS;bdiinc992j;p22p100;2008;3.0436895;992;j
RS;bdiinc992j;p22p100;2009;3.2929692;992;j
RS;bdiinc992j;p22p100;2010;3.5879624;992;j
RS;bdiinc992j;p22p100;2011;3.9633451;992;j
RS;bdiinc992j;p22p100;2012;3.8190117;992;j
RS;bdiinc992j;p22p100;2013;4.538691;992;j
RS;bdiinc992j;p22p100;2014;3.7946465;992;j
RS;bdiinc992j;p22p100;2015;4.3517423;992;j
RS;bdiinc992j;p22p100;2016;4.5049572;992;j
RS;bdiinc992j;p22p100;2017;4.5276008;992;j
RS;bdiinc992j;p25p100;1990;2.4760451;992;j
RS;bdiinc992j;p25p100;1991;2.4445431;992;j
RS;bdiinc992j;p25p100;1992;2.4117737;992;j
RS;bdiinc992j;p25p100;1993;2.3789966;992;j
RS;bdiinc992j;p25p100;1994;2.3467717;992;j
RS;bdiinc992j;p25p100;1995;2.3177347;992;j
RS;bdiinc992j;p25p100;1996;2.283221;992;j
RS;bdiinc992j;p25p100;1997;2.2444644;992;j
RS;bdiinc992j;p25p100;1998;2.2257721;992;j
RS;bdiinc992j;p25p100;1999;2.2561991;992;j
RS;bdiinc992j;p25p100;2000;2.2364328;992;j
RS;bdiinc992j;p25p100;2001;2.2306886;992;j
RS;bdiinc992j;p25p100;2002;2.3016431;992;j
RS;bdiinc992j;p25p100;2003;2.3636878;992;j
RS;bdiinc992j;p25p100;2004;2.4826035;992;j
RS;bdiinc992j;p25p100;2005;2.5456996;992;j
RS;bdiinc992j;p25p100;2006;2.6784444;992;j
RS;bdiinc992j;p25p100;2007;2.681155;992;j
RS;bdiinc992j;p25p100;2008;2.7691762;992;j
RS;bdiinc992j;p25p100;2009;2.9215927;992;j
RS;bdiinc992j;p25p100;2010;3.167057;992;j
RS;bdiinc992j;p25p100;2011;3.4412832;992;j
RS;bdiinc992j;p25p100;2012;3.3347037;992;j
RS;bdiinc992j;p25p100;2013;3.8531158;992;j
RS;bdiinc992j;p25p100;2014;3.3399642;992;j
RS;bdiinc992j;p25p100;2015;3.699188;992;j
RS;bdiinc992j;p25p100;2016;3.7963488;992;j
RS;bdiinc992j;p25p100;2017;3.817064;992;j
RS;bdiinc992j;p8p100;1990;4.4361906;992;j
RS;bdiinc992j;p8p100;1991;4.3929768;992;j
RS;bdiinc992j;p8p100;1992;4.3241024;992;j
RS;bdiinc992j;p8p100;1993;4.2708015;992;j
RS;bdiinc992j;p8p100;1994;4.209322;992;j
RS;bdiinc992j;p8p100;1995;4.1821895;992;j
RS;bdiinc992j;p8p100;1996;4.1138306;992;j
RS;bdiinc992j;p8p100;1997;4.0377245;992;j
RS;bdiinc992j;p8p100;1998;3.8821993;992;j
RS;bdiinc992j;p8p100;1999;3.9365668;992;j
RS;bdiinc992j;p8p100;2000;4.0180912;992;j
RS;bdiinc992j;p8p100;2001;4.0151381;992;j
RS;bdiinc992j;p8p100;2002;4.7347374;992;j
RS;bdiinc992j;p8p100;2003;4.7826109;992;j
RS;bdiinc992j;p8p100;2004;5.536191;992;j
RS;bdiinc992j;p8p100;2005;5.7590461;992;j
RS;bdiinc992j;p8p100;2006;6.3904548;992;j
RS;bdiinc992j;p8p100;2007;7.1454253;992;j
RS;bdiinc992j;p8p100;2008;7.036943;992;j
RS;bdiinc992j;p8p100;2009;7.2539096;992;j
RS;bdiinc992j;p8p100;2010;7.4637651;992;j
RS;bdiinc992j;p8p100;2011;8.2239046;992;j
RS;bdiinc992j;p8p100;2012;9.0962477;992;j
RS;bdiinc992j;p8p100;2013;6.9345055;992;j
RS;bdiinc992j;p8p100;2014;4.7889886;992;j
RS;bdiinc992j;p8p100;2015;5.9801121;992;j
RS;bdiinc992j;p8p100;2016;6.352633;992;j
RS;bdiinc992j;p8p100;2017;6.3996811;992;j
RS;bptinc992j;p8p100;1990;6.6188402;992;j
RS;bptinc992j;p8p100;1991;6.5502124;992;j
RS;bptinc992j;p8p100;1992;6.47651;992;j
RS;bptinc992j;p8p100;1993;6.2999611;992;j
RS;bptinc992j;p8p100;1994;6.171381;992;j
RS;bptinc992j;p8p100;1995;6.0615654;992;j
RS;bptinc992j;p8p100;1996;5.9005208;992;j
RS;bptinc992j;p8p100;1997;5.7870879;992;j
RS;bptinc992j;p8p100;1998;5.2412724;992;j
RS;bptinc992j;p8p100;1999;5.1162372;992;j
RS;bptinc992j;p8p100;2000;5.2459831;992;j
RS;bptinc992j;p8p100;2001;5.2738743;992;j
RS;bptinc992j;p8p100;2002;6.2103214;992;j
RS;bptinc992j;p8p100;2003;6.9597006;992;j
RS;bptinc992j;p8p100;2004;7.4628358;992;j
RS;bptinc992j;p8p100;2005;8.1697302;992;j
RS;bptinc992j;p8p100;2006;9.8617144;992;j
RS;bptinc992j;p8p100;2007;11.294915;992;j
RS;bptinc992j;p8p100;2008;13.608486;992;j
RS;bptinc992j;p8p100;2009;15.134537;992;j
RS;bptinc992j;p8p100;2010;17.235556;992;j
RS;bptinc992j;p8p100;2011;20.588188;992;j
RS;bptinc992j;p8p100;2012;21.25696;992;j
RS;bptinc992j;p8p100;2013;24.633965;992;j
RS;bptinc992j;p8p100;2014;23.782091;992;j
RS;bptinc992j;p8p100;2015;23.86902;992;j
RS;bptinc992j;p8p100;2016;23.810774;992;j
RS;bptinc992j;p8p100;2017;24.057014;992;j
RS;bptinc992j;p99.4p100;1990;1.974733;992;j
RS;bptinc992j;p99.4p100;1991;1.9949681;992;j
RS;bptinc992j;p99.4p100;1992;2.0052862;992;j
RS;bptinc992j;p99.4p100;1993;2.0253246;992;j
RS;bptinc992j;p99.4p100;1994;2.0326054;992;j
RS;bptinc992j;p99.4p100;1995;2.0516584;992;j
RS;bptinc992j;p99.4p100;1996;2.0676262;992;j
RS;bptinc992j;p99.4p100;1997;2.0854197;992;j
RS;bptinc992j;p99.4p100;1998;2.0647385;992;j
RS;bptinc992j;p99.4p100;1999;2.1198237;992;j
RS;bptinc992j;p99.4p100;2000;2.1503925;992;j
RS;bptinc992j;p99.4p100;2001;2.2089107;992;j
RS;bptinc992j;p99.4p100;2002;2.1658177;992;j
RS;bptinc992j;p99.4p100;2003;2.1358674;992;j
RS;bptinc992j;p99.4p100;2004;2.1377299;992;j
RS;bptinc992j;p99.4p100;2005;2.0881999;992;j
RS;bptinc992j;p99.4p100;2006;2.0894437;992;j
RS;bptinc992j;p99.4p100;2007;2.0390964;992;j
RS;bptinc992j;p99.4p100;2008;2.0523853;992;j
RS;bptinc992j;p99.4p100;2009;2.0317662;992;j
RS;bptinc992j;p99.4p100;2010;1.9827627;992;j
RS;bptinc992j;p99.4p100;2011;2.007175;992;j
RS;bptinc992j;p99.4p100;2012;1.8373706;992;j
RS;bptinc992j;p99.4p100;2013;1.9051961;992;j
RS;bptinc992j;p99.4p100;2014;2.2429421;992;j
RS;bptinc992j;p99.4p100;2015;2.2364671;992;j
RS;bptinc992j;p99.4p100;2016;2.2368064;992;j
RS;bptinc992j;p99.4p100;2017;2.2365348;992;j
RS;bptinc992j;p99.996p100;1990;2.0993207;992;j
RS;bptinc992j;p99.996p100;1991;2.1223481;992;j
RS;bptinc992j;p99.996p100;1992;2.1292565;992;j
RS;bptinc992j;p99.996p100;1993;2.1513612;992;j
RS;bptinc992j;p99.996p100;1994;2.1523004;992;j
RS;bptinc992j;p99.996p100;1995;2.1717918;992;j
RS;bptinc992j;p99.996p100;1996;2.1909328;992;j
RS;bptinc992j;p99.996p100;1997;2.2131529;992;j
RS;bptinc992j;p99.996p100;1998;2.1762338;992;j
RS;bptinc992j;p99.996p100;1999;2.2338047;992;j
RS;bptinc992j;p99.996p100;2000;2.2454808;992;j
RS;bptinc992j;p99.996p100;2001;2.3087161;992;j
RS;bptinc992j;p99.996p100;2002;2.2477801;992;j
RS;bptinc992j;p99.996p100;2003;2.2166548;992;j
RS;bptinc992j;p99.996p100;2004;2.2125931;992;j
RS;bptinc992j;p99.996p100;2005;2.1484184;992;j
RS;bptinc992j;p99.996p100;2006;2.1498523;992;j
RS;bptinc992j;p99.996p100;2007;2.1097383;992;j
RS;bptinc992j;p99.996p100;2008;2.126086;992;j
RS;bptinc992j;p99.996p100;2009;2.099894;992;j
RS;bptinc992j;p99.996p100;2010;2.0193088;992;j
RS;bptinc992j;p99.996p100;2011;2.0459695;992;j
RS;bptinc992j;p99.996p100;2012;1.8215026;992;j
RS;bptinc992j;p99.996p100;2013;1.9175004;992;j
RS;bptinc992j;p99.996p100;2014;2.3232291;992;j
RS;bptinc992j;p99.996p100;2015;2.3353124;992;j
RS;bptinc992j;p99.996p100;2016;2.3351059;992;j
RS;bptinc992j;p99.996p100;2017;2.333765;992;j
RS;mptfrn999i;p0p100;1980;93909024.0;999;i
RS;mptfrn999i;p0p100;1981;104206704.0;999;i
RS;mptfrn999i;p0p100;1982;114673328.0;999;i
RS;mptfrn999i;p0p100;1983;125288008.0;999;i
RS;mptfrn999i;p0p100;1984;136007664.0;999;i
RS;mptfrn999i;p0p100;1985;146804048.0;999;i
RS;mptfrn999i;p0p100;1986;157657232.0;999;i
RS;mptfrn999i;p0p100;1987;168486640.0;999;i
RS;mptfrn999i;p0p100;1988;179449616.0;999;i
RS;mptfrn999i;p0p100;1989;190813248.0;999;i
RS;mptfrn999i;p0p100;1990;202770144.0;999;i
RS;mptfrn999i;p0p100;1991;188075040.0;999;i
RS;mptfrn999i;p0p100;1992;141586656.0;999;i
RS;mptfrn999i;p0p100;1993;102980000.0;999;i
RS;mptfrn999i;p0p100;1994;110245744.0;999;i
RS;mptfrn999i;p0p100;1995;121370384.0;999;i
RS;mptfrn999i;p0p100;1996;129287576.0;999;i
RS;mptfrn999i;p0p100;1997;143906416.0;999;i
RS;mptfrn999i;p0p100;1998;15680957.0;999;i
RS;mptfrn999i;p0p100;1999;-3712692.0;999;i
RS;mptfrn999i;p0p100;2000;-45968208.0;999;i
RS;mptfrn999i;p0p100;2001;50601256.0;999;i
RS;mptfrn999i;p0p100;2002;61910232.0;999;i
RS;mptfrn999i;p0p100;2003;72175784.0;999;i
RS;mptfrn999i;p0p100;2004;-72130304.0;999;i
RS;mptfrn999i;p0p100;2005;-587611008.0;999;i
RS;mptfrn999i;p0p100;2006;-2303869440.0;999;i
RS;mptfrn999i;p0p100;2007;972507136.0;999;i
RS;mptfrn999i;p0p100;2008;1272915584.0;999;i
RS;mptfrn999i;p0p100;2009;-1961677824.0;999;i
RS;mptfrn999i;p0p100;2010;-2915044608.0;999;i
RS;mptfrn999i;p0p100;2011;-3603922432.0;999;i
RS;mptfrn999i;p0p100;2012;-4039345920.0;999;i
RS;mptfrn999i;p0p100;2013;-4255693824.0;999;i
RS;mptfrn999i;p0p100;2014;-3490929152.0;999;i
RS;mptfrn999i;p0p100;2015;-2909372160.0;999;i
RS;mptfrn999i;p0p100;2016;-344050240.0;999;i
RS;mptfrn999i;p0p100;2017;-374451392.0;999;i
RS;mptfrn999i;p0p100;2018;-263021936.0;999;i
RS;mptfrn999i;p0p100;2019;-276004960.0;999;i
RS;msavig999i;p0p100;1997;178361663488.0;999;i
RS;msavig999i;p0p100;1998;70174883840.0;999;i
RS;msavig999i;p0p100;1999;115815997440.0;999;i
RS;msavig999i;p0p100;2000;109754925056.0;999;i
RS;msavig999i;p0p100;2001;-93465280512.0;999;i
RS;msavig999i;p0p100;2002;-211223674880.0;999;i
RS;msavig999i;p0p100;2003;-99323551744.0;999;i
RS;msavig999i;p0p100;2004;98171486208.0;999;i
RS;msavig999i;p0p100;2005;146906185728.0;999;i
RS;msavig999i;p0p100;2006;150685024256.0;999;i
RS;msavig999i;p0p100;2007;84256514048.0;999;i
RS;msavig999i;p0p100;2008;39793233920.0;999;i
RS;msavig999i;p0p100;2009;-19986151424.0;999;i
RS;msavig999i;p0p100;2010;-60689809408.0;999;i
RS;msavig999i;p0p100;2011;95209168896.0;999;i
RS;npopul902i;p0p100;1950;5514.0;902;i
RS;npopul902i;p0p100;1951;6345.0;902;i
RS;npopul902i;p0p100;1952;6979.0;902;i
RS;npopul902i;p0p100;1953;7176.0;902;i
RS;npopul902i;p0p100;1954;6579.0;902;i
RS;npopul902i;p0p100;1955;4905.0;902;i
RS;npopul902i;p0p100;1956;5624.0;902;i
RS;npopul902i;p0p100;1957;6139.0;902;i
RS;npopul902i;p0p100;1958;6410.0;902;i
RS;npopul902i;p0p100;1959;6125.0;902;i
RS;npopul902i;p0p100;1960;5036.0;902;i
RS;npopul902i;p0p100;1961;6258.0;902;i
RS;npopul902i;p0p100;1962;7277.0;902;i
RS;npopul902i;p0p100;1963;7884.0;902;i
RS;npopul902i;p0p100;1964;7726.0;902;i
RS;npopul902i;p0p100;1965;6580.0;902;i
RS;npopul902i;p0p100;1966;7675.0;902;i
RS;npopul902i;p0p100;1967;8538.0;902;i
RS;npopul902i;p0p100;1968;8942.0;902;i
RS;npopul902i;p0p100;1969;8559.0;902;i
RS;npopul902i;p0p100;1970;7163.0;902;i
RS;npopul902i;p0p100;1971;8000.0;902;i
RS;npopul902i;p0p100;1972;8548.0;902;i
RS;npopul902i;p0p100;1973;8785.0;902;i
RS;npopul902i;p0p100;1974;8456.0;902;i
RS;npopul902i;p0p100;1975;7390.0;902;i
RS;npopul902i;p0p100;1976;8749.0;902;i
RS;npopul902i;p0p100;1977;9980.0;902;i
RS;npopul902i;p0p100;1978;10637.0;902;i
RS;npopul902i;p0p100;1979;10263.0;902;i
RS;npopul902i;p0p100;1980;8550.0;902;i
RS;npopul902i;p0p100;1981;9247.0;902;i
RS;npopul902i;p0p100;1982;9686.0;902;i
RS;npopul902i;p0p100;1983;9941.0;902;i
RS;npopul902i;p0p100;1984;9696.0;902;i
RS;npopul902i;p0p100;1985;8724.0;902;i
RS;npopul902i;p0p100;1986;10673.0;902;i
RS;npopul902i;p0p100;1987;12418.0;902;i
RS;npopul902i;p0p100;1988;13670.0;902;i
RS;npopul902i;p0p100;1989;13810.0;902;i
RS;npopul902i;p0p100;1990;12436.0;902;i
RS;npopul902i;p0p100;1991;14616.0;902;i
RS;npopul902i;p0p100;1992;16267.0;902;i
RS;npopul902i;p0p100;1993;17236.0;902;i
RS;npopul902i;p0p100;1994;16905.0;902;i
RS;npopul902i;p0p100;1995;15022.0;902;i
RS;npopul902i;p0p100;1996;17903.0;902;i
RS;npopul902i;p0p100;1997;20027.0;902;i
RS;npopul902i;p0p100;1998;20988.0;902;i
RS;npopul902i;p0p100;1999;15861.0;902;i
RS;npopul902i;p0p100;2000;13674.0;902;i
RS;npopul902i;p0p100;2001;15487.0;902;i
RS;npopul902i;p0p100;2002;16918.0;902;i
RS;npopul902i;p0p100;2003;17149.0;902;i
RS;npopul902i;p0p100;2004;15619.0;902;i
RS;npopul902i;p0p100;2005;12207.0;902;i
RS;npopul902i;p0p100;2006;12301.0;902;i
RS;npopul902i;p0p100;2007;12064.0;902;i
RS;npopul902i;p0p100;2008;11783.0;902;i
RS;npopul902i;p0p100;2009;11127.0;902;i
RS;npopul902i;p0p100;2010;9820.0;902;i
RS;npopul902i;p0p100;2011;12419.0;902;i
RS;npopul902i;p0p100;2012;14872.0;902;i
RS;npopul902i;p0p100;2013;16880.0;902;i
RS;npopul902i;p0p100;2014;17530.0;902;i
RS;npopul902i;p0p100;2015;16506.0;902;i
RS;npopul902i;p0p100;2016;20738.0;902;i
RS;npopul902i;p0p100;2017;24289.0;902;i
RS;npopul902i;p0p100;2018;26679.0;902;i
RS;npopul902i;p0p100;2019;26883.0;902;i
RS;scainc992j;p22p23;1990;0.0041999999;992;j
RS;scainc992j;p22p23;1991;0.0041999999;992;j
RS;scainc992j;p22p23;1992;0.0043000001;992;j
RS;scainc992j;p22p23;1993;0.0044;992;j
RS;scainc992j;p22p23;1994;0.0044999998;992;j
RS;scainc992j;p22p23;1995;0.0044999998;992;j
RS;scainc992j;p22p23;1996;0.0046000001;992;j
RS;scainc992j;p22p23;1997;0.0046999999;992;j
RS;scainc992j;p22p23;1998;0.0049000001;992;j
RS;scainc992j;p22p23;1999;0.0049000001;992;j
RS;scainc992j;p22p23;2000;0.0049000001;992;j
RS;scainc992j;p22p23;2001;0.0049000001;992;j
RS;scainc992j;p22p23;2002;0.0046000001;992;j
RS;scainc992j;p22p23;2003;0.0044999998;992;j
RS;scainc992j;p22p23;2004;0.0041999999;992;j
RS;scainc992j;p22p23;2005;0.0041;992;j
RS;scainc992j;p22p23;2006;0.0038000001;992;j
RS;scainc992j;p22p23;2007;0.0038000001;992;j
RS;scainc992j;p22p23;2008;0.0035999999;992;j
RS;scainc992j;p22p23;2009;0.0033;992;j
RS;scainc992j;p22p23;2010;0.003;992;j
RS;scainc992j;p22p23;2011;0.0027000001;992;j
RS;scainc992j;p22p23;2012;0.0027999999;992;j
RS;scainc992j;p22p23;2013;0.0022;992;j
RS;scainc992j;p22p23;2014;0.0027000001;992;j
RS;scainc992j;p22p23;2015;0.0023000001;992;j
RS;scainc992j;p22p23;2016;0.0023000001;992;j
RS;scainc992j;p22p23;2017;0.0023000001;992;j
RS;scainc992j;p30p40;1990;0.0623;992;j
RS;scainc992j;p30p40;1991;0.062600002;992;j
RS;scainc992j;p30p40;1992;0.062899999;992;j
RS;scainc992j;p30p40;1993;0.063199997;992;j
RS;scainc992j;p30p40;1994;0.063500002;992;j
RS;scainc992j;p30p40;1995;0.0638;992;j
RS;scainc992j;p30p40;1996;0.064199999;992;j
RS;scainc992j;p30p40;1997;0.064599998;992;j
RS;scainc992j;p30p40;1998;0.063100003;992;j
RS;scainc992j;p30p40;1999;0.063000001;992;j
RS;scainc992j;p30p40;2000;0.062399998;992;j
RS;scainc992j;p30p40;2001;0.062199999;992;j
RS;scainc992j;p30p40;2002;0.0612;992;j
RS;scainc992j;p30p40;2003;0.060699999;992;j
RS;scainc992j;p30p40;2004;0.0594;992;j
RS;scainc992j;p30p40;2005;0.058200002;992;j
RS;scainc992j;p30p40;2006;0.056899998;992;j
RS;scainc992j;p30p40;2007;0.056499999;992;j
RS;scainc992j;p30p40;2008;0.055599999;992;j
RS;scainc992j;p30p40;2009;0.054499999;992;j
RS;scainc992j;p30p40;2010;0.052499998;992;j
RS;scainc992j;p30p40;2011;0.050700001;992;j
RS;scainc992j;p30p40;2012;0.049600001;992;j
RS;scainc992j;p30p40;2013;0.047699999;992;j
RS;scainc992j;p30p40;2014;0.048799999;992;j
RS;scainc992j;p30p40;2015;0.047200002;992;j
RS;scainc992j;p30p40;2016;0.047200002;992;j
RS;scainc992j;p30p40;2017;0.0471;992;j
RS;scainc992j;p58p100;1990;0.70139998;992;j
RS;scainc992j;p58p100;1991;0.69940001;992;j
RS;scainc992j;p58p100;1992;0.69739997;992;j
RS;scainc992j;p58p100;1993;0.69559997;992;j
RS;scainc992j;p58p100;1994;0.69379997;992;j
RS;scainc992j;p58p100;1995;0.69209999;992;j
RS;scainc992j;p58p100;1996;0.68989998;992;j
RS;scainc992j;p58p100;1997;0.68760002;992;j
RS;scainc992j;p58p100;1998;0.68709999;992;j
RS;scainc992j;p58p100;1999;0.68809998;992;j
RS;scainc992j;p58p100;2000;0.69169998;992;j
RS;scainc992j;p58p100;2001;0.6936;992;j
RS;scainc992j;p58p100;2002;0.70490003;992;j
RS;scainc992j;p58p100;2003;0.70829999;992;j
RS;scainc992j;p58p100;2004;0.71899998;992;j
RS;scainc992j;p58p100;2005;0.72530001;992;j
RS;scainc992j;p58p100;2006;0.7342;992;j
RS;scainc992j;p58p100;2007;0.73760003;992;j
RS;scainc992j;p58p100;2008;0.7421;992;j
RS;scainc992j;p58p100;2009;0.7471;992;j
RS;scainc992j;p58p100;2010;0.75849998;992;j
RS;scainc992j;p58p100;2011;0.76810002;992;j
RS;scainc992j;p58p100;2012;0.77209997;992;j
RS;scainc992j;p58p100;2013;0.77539998;992;j
RS;scainc992j;p58p100;2014;0.75730002;992;j
RS;scainc992j;p58p100;2015;0.7744;992;j
RS;scainc992j;p58p100;2016;0.77429998;992;j
RS;scainc992j;p58p100;2017;0.77450001;992;j
RS;scainc992j;p6p100;1990;0.99330002;992;j
RS;scainc992j;p6p100;1991;0.99339998;992;j
RS;scainc992j;p6p100;1992;0.99360001;992;j
RS;scainc992j;p6p100;1993;0.99379998;992;j
RS;scainc992j;p6p100;1994;0.99400002;992;j
RS;scainc992j;p6p100;1995;0.99419999;992;j
RS;scainc992j;p6p100;1996;0.99440002;992;j
RS;scainc992j;p6p100;1997;0.9946;992;j
RS;scainc992j;p6p100;1998;0.99419999;992;j
RS;scainc992j;p6p100;1999;0.9939;992;j
RS;scainc992j;p6p100;2000;0.99449998;992;j
RS;scainc992j;p6p100;2001;0.99470001;992;j
RS;scainc992j;p6p100;2002;0.99650002;992;j
RS;scainc992j;p6p100;2003;0.99610001;992;j
RS;scainc992j;p6p100;2004;0.99669999;992;j
RS;scainc992j;p6p100;2005;0.99690002;992;j
RS;scainc992j;p6p100;2006;0.99739999;992;j
RS;scainc992j;p6p100;2007;0.99790001;992;j
RS;scainc992j;p6p100;2008;0.99779999;992;j
RS;scainc992j;p6p100;2009;0.99720001;992;j
RS;scainc992j;p6p100;2010;0.99739999;992;j
RS;scainc992j;p6p100;2011;0.99769998;992;j
RS;scainc992j;p6p100;2012;0.9982;992;j
RS;scainc992j;p6p100;2013;0.99589998;992;j
RS;scainc992j;p6p100;2014;0.9914;992;j
RS;scainc992j;p6p100;2015;0.99419999;992;j
RS;scainc992j;p6p100;2016;0.99419999;992;j
RS;scainc992j;p6p100;2017;0.99419999;992;j
RS;scainc992j;p71p72;1990;0.0121;992;j
RS;scainc992j;p71p72;1991;0.0121;992;j
RS;scainc992j;p71p72;1992;0.0121;992;j
RS;scainc992j;p71p72;1993;0.0121;992;j
RS;scainc992j;p71p72;1994;0.0121;992;j
RS;scainc992j;p71p72;1995;0.0121;992;j
RS;scainc992j;p71p72;1996;0.0121;992;j
RS;scainc992j;p71p72;1997;0.0121;992;j
RS;scainc992j;p71p72;1998;0.012;992;j
RS;scainc992j;p71p72;1999;0.0118;992;j
RS;scainc992j;p71p72;2000;0.0117;992;j
RS;scainc992j;p71p72;2001;0.0116;992;j
RS;scainc992j;p71p72;2002;0.0116;992;j
RS;scainc992j;p71p72;2003;0.0117;992;j
RS;scainc992j;p71p72;2004;0.0118;992;j
RS;scainc992j;p71p72;2005;0.0117;992;j
RS;scainc992j;p71p72;2006;0.0117;992;j
RS;scainc992j;p71p72;2007;0.0118;992;j
RS;scainc992j;p71p72;2008;0.0119;992;j
RS;scainc992j;p71p72;2009;0.0118;992;j
RS;scainc992j;p71p72;2010;0.0118;992;j
RS;scainc992j;p71p72;2011;0.0117;992;j
RS;scainc992j;p71p72;2012;0.0117;992;j
RS;scainc992j;p71p72;2013;0.012;992;j
RS;scainc992j;p71p72;2014;0.0115;992;j
RS;scainc992j;p71p72;2015;0.0111;992;j
RS;scainc992j;p71p72;2016;0.0111;992;j
RS;scainc992j;p71p72;2017;0.0111;992;j
RS;scainc992j;p99.92p100;1990;0.0229;992;j
RS;scainc992j;p99.92p100;1991;0.0219;992;j
RS;scainc992j;p99.92p100;1992;0.0207;992;j
RS;scainc992j;p99.92p100;1993;0.02;992;j
RS;scainc992j;p99.92p100;1994;0.0196;992;j
RS;scainc992j;p99.92p100;1995;0.019200001;992;j
RS;scainc992j;p99.92p100;1996;0.0186;992;j
RS;scainc992j;p99.92p100;1997;0.017999999;992;j
RS;scainc992j;p99.92p100;1998;0.0189;992;j
RS;scainc992j;p99.92p100;1999;0.0218;992;j
RS;scainc992j;p99.92p100;2000;0.0233;992;j
RS;scainc992j;p99.92p100;2001;0.026000001;992;j
RS;scainc992j;p99.92p100;2002;0.0253;992;j
RS;scainc992j;p99.92p100;2003;0.0251;992;j
RS;scainc992j;p99.92p100;2004;0.0255;992;j
RS;scainc992j;p99.92p100;2005;0.027100001;992;j
RS;scainc992j;p99.92p100;2006;0.026000001;992;j
RS;scainc992j;p99.92p100;2007;0.023499999;992;j
RS;scainc992j;p99.92p100;2008;0.0218;992;j
RS;scainc992j;p99.92p100;2009;0.0252;992;j
RS;scainc992j;p99.92p100;2010;0.024700001;992;j
RS;scainc992j;p99.92p100;2011;0.024700001;992;j
RS;scainc992j;p99.92p100;2012;0.033500001;992;j
RS;scainc992j;p99.92p100;2013;0.0274;992;j
RS;scainc992j;p99.92p100;2014;0.043099999;992;j
RS;scainc992j;p99.92p100;2015;0.063600004;992;j
RS;scainc992j;p99.92p100;2016;0.063600004;992;j
RS;scainc992j;p99.92p100;2017;0.063699998;992;j
RS;sdiinc992j;p0p1;1990;0.0015;992;j
RS;sdiinc992j;p0p1;1991;0.0014;992;j
RS;sdiinc992j;p0p1;1992;0.0013;992;j
RS;sdiinc992j;p0p1;1993;0.0012000001;992;j
RS;sdiinc992j;p0p1;1994;0.0011;992;j
RS;sdiinc992j;p0p1;1995;0.001;992;j
RS;sdiinc992j;p0p1;1996;0.0009;992;j
RS;sdiinc992j;p0p1;1997;0.0009;992;j
RS;sdiinc992j;p0p1;1998;0.0008;992;j
RS;sdiinc992j;p0p1;1999;0.0007;992;j
RS;sdiinc992j;p0p1;2000;0.0007;992;j
RS;sdiinc992j;p0p1;2001;0.0007;992;j
RS;sdiinc992j;p0p1;2002;0.0007;992;j
RS;sdiinc992j;p0p1;2003;0.0009;992;j
RS;sdiinc992j;p0p1;2004;0.0008;992;j
RS;sdiinc992j;p0p1;2005;0.0009;992;j
RS;sdiinc992j;p0p1;2006;0.0009;992;j
RS;sdiinc992j;p0p1;2007;0.0008;992;j
RS;sdiinc992j;p0p1;2008;0.0008;992;j
RS;sdiinc992j;p0p1;2009;0.001;992;j
RS;sdiinc992j;p0p1;2010;0.001;992;j
RS;sdiinc992j;p0p1;2011;0.0009;992;j
RS;sdiinc992j;p0p1;2012;0.0009;992;j
RS;sdiinc992j;p0p1;2013;0.0013;992;j
RS;sdiinc992j;p0p1;2014;0.0020000001;992;j
RS;sdiinc992j;p0p1;2015;0.0016;992;j
RS;sdiinc992j;p0p1;2016;0.0014;992;j
RS;sdiinc992j;p0p1;2017;0.0014;992;j
RS;sdiinc992j;p43p100;1990;0.80949998;992;j
RS;sdiinc992j;p43p100;1991;0.8082;992;j
RS;sdiinc992j;p43p100;1992;0.80669999;992;j
RS;sdiinc992j;p43p100;1993;0.80540001;992;j
RS;sdiinc992j;p43p100;1994;0.8039;992;j
RS;sdiinc992j;p43p100;1995;0.80260003;992;j
RS;sdiinc992j;p43p100;1996;0.80080003;992;j
RS;sdiinc992j;p43p100;1997;0.79869998;992;j
RS;sdiinc992j;p43p100;1998;0.79879999;992;j
RS;sdiinc992j;p43p100;1999;0.80150002;992;j
RS;sdiinc992j;p43p100;2000;0.80190003;992;j
RS;sdiinc992j;p43p100;2001;0.80239999;992;j
RS;sdiinc992j;p43p100;2002;0.81;992;j
RS;sdiinc992j;p43p100;2003;0.81239998;992;j
RS;sdiinc992j;p43p100;2004;0.82169998;992;j
RS;sdiinc992j;p43p100;2005;0.82599998;992;j
RS;sdiinc992j;p43p100;2006;0.83319998;992;j
RS;sdiinc992j;p43p100;2007;0.83469999;992;j
RS;sdiinc992j;p43p100;2008;0.83789998;992;j
RS;sdiinc992j;p43p100;2009;0.84210002;992;j
RS;sdiinc992j;p43p100;2010;0.84990001;992;j
RS;sdiinc992j;p43p100;2011;0.85869998;992;j
RS;sdiinc992j;p43p100;2012;0.86000001;992;j
RS;sdiinc992j;p43p100;2013;0.86309999;992;j
RS;sdiinc992j;p43p100;2014;0.84429997;992;j
RS;sdiinc992j;p43p100;2015;0.85790002;992;j
RS;sdiinc992j;p43p100;2016;0.86159998;992;j
RS;sdiinc992j;p43p100;2017;0.86199999;992;j
RS;sdiinc992j;p47p48;1990;0.0081000002;992;j
RS;sdiinc992j;p47p48;1991;0.0081000002;992;j
RS;sdiinc992j;p47p48;1992;0.0082;992;j
RS;sdiinc992j;p47p48;1993;0.0082;992;j
RS;sdiinc992j;p47p48;1994;0.0082;992;j
RS;sdiinc992j;p47p48;1995;0.0082999999;992;j
RS;sdiinc992j;p47p48;1996;0.0082999999;992;j
RS;sdiinc992j;p47p48;1997;0.0082999999;992;j
RS;sdiinc992j;p47p48;1998;0.0081000002;992;j
RS;sdiinc992j;p47p48;1999;0.0080000004;992;j
RS;sdiinc992j;p47p48;2000;0.0080000004;992;j
RS;sdiinc992j;p47p48;2001;0.0078999996;992;j
RS;sdiinc992j;p47p48;2002;0.0078999996;992;j
RS;sdiinc992j;p47p48;2003;0.0077999998;992;j
RS;sdiinc992j;p47p48;2004;0.0077999998;992;j
RS;sdiinc992j;p47p48;2005;0.0076000001;992;j
RS;sdiinc992j;p47p48;2006;0.0076000001;992;j
RS;sdiinc992j;p47p48;2007;0.0076000001;992;j
RS;sdiinc992j;p47p48;2008;0.0076000001;992;j
RS;sdiinc992j;p47p48;2009;0.0074999998;992;j
RS;sdiinc992j;p47p48;2010;0.0073000002;992;j
RS;sdiinc992j;p47p48;2011;0.0073000002;992;j
RS;sdiinc992j;p47p48;2012;0.0071;992;j
RS;sdiinc992j;p47p48;2013;0.0071999999;992;j
RS;sdiinc992j;p47p48;2014;0.0070000002;992;j
RS;sdiinc992j;p47p48;2015;0.0070000002;992;j
RS;sdiinc992j;p47p48;2016;0.0068999999;992;j
RS;sdiinc992j;p47p48;2017;0.0068999999;992;j
RS;sdiinc992j;p53p54;1990;0.0088999998;992;j
RS;sdiinc992j;p53p54;1991;0.0089999996;992;j
RS;sdiinc992j;p53p54;1992;0.0089999996;992;j
RS;sdiinc992j;p53p54;1993;0.0089999996;992;j
RS;sdiinc992j;p53p54;1994;0.0089999996;992;j
RS;sdiinc992j;p53p54;1995;0.0089999996;992;j
RS;sdiinc992j;p53p54;1996;0.0089999996;992;j
RS;sdiinc992j;p53p54;1997;0.0089999996;992;j
RS;sdiinc992j;p53p54;1998;0.0088999998;992;j
RS;sdiinc992j;p53p54;1999;0.0088;992;j
RS;sdiinc992j;p53p54;2000;0.0088;992;j
RS;sdiinc992j;p53p54;2001;0.0087000001;992;j
RS;sdiinc992j;p53p54;2002;0.0087000001;992;j
RS;sdiinc992j;p53p54;2003;0.0087000001;992;j
RS;sdiinc992j;p53p54;2004;0.0086000003;992;j
RS;sdiinc992j;p53p54;2005;0.0085000005;992;j
RS;sdiinc992j;p53p54;2006;0.0083999997;992;j
RS;sdiinc992j;p53p54;2007;0.0085000005;992;j
RS;sdiinc992j;p53p54;2008;0.0083999997;992;j
RS;sdiinc992j;p53p54;2009;0.0083999997;992;j
RS;sdiinc992j;p53p54;2010;0.0082999999;992;j
RS;sdiinc992j;p53p54;2011;0.0082;992;j
RS;sdiinc992j;p53p54;2012;0.0081000002;992;j
RS;sdiinc992j;p53p54;2013;0.0081000002;992;j
RS;sdiinc992j;p53p54;2014;0.0080000004;992;j
RS;sdiinc992j;p53p54;2015;0.0077999998;992;j
RS;sdiinc992j;p53p54;2016;0.0077999998;992;j
RS;sdiinc992j;p53p54;2017;0.0077999998;992;j
RS;sdiinc992j;p99.993p100;1990;0.0068000001;992;j
RS;sdiinc992j;p99.993p100;1991;0.0063999998;992;j
RS;sdiinc992j;p99.993p100;1992;0.0057999999;992;j
RS;sdiinc992j;p99.993p100;1993;0.0054000001;992;j
RS;sdiinc992j;p99.993p100;1994;0.0052;992;j
RS;sdiinc992j;p99.993p100;1995;0.0049999999;992;j
RS;sdiinc992j;p99.993p100;1996;0.0048000002;992;j
RS;sdiinc992j;p99.993p100;1997;0.0044999998;992;j
RS;sdiinc992j;p99.993p100;1998;0.0049000001;992;j
RS;sdiinc992j;p99.993p100;1999;0.0062000002;992;j
RS;sdiinc992j;p99.993p100;2000;0.0065000001;992;j
RS;sdiinc992j;p99.993p100;2001;0.0077;992;j
RS;sdiinc992j;p99.993p100;2002;0.0071;992;j
RS;sdiinc992j;p99.993p100;2003;0.0070000002;992;j
RS;sdiinc992j;p99.993p100;2004;0.0071999999;992;j
RS;sdiinc992j;p99.993p100;2005;0.0077999998;992;j
RS;sdiinc992j;p99.993p100;2006;0.0071;992;j
RS;sdiinc992j;p99.993p100;2007;0.0060000001;992;j
RS;sdiinc992j;p99.993p100;2008;0.0052;992;j
RS;sdiinc992j;p99.993p100;2009;0.0065000001;992;j
RS;sdiinc992j;p99.993p100;2010;0.0062000002;992;j
RS;sdiinc992j;p99.993p100;2011;0.0060000001;992;j
RS;sdiinc992j;p99.993p100;2012;0.0098000001;992;j
RS;sdiinc992j;p99.993p100;2013;0.0071;992;j
RS;sdiinc992j;p99.993p100;2014;0.0151;992;j
RS;sdiinc992j;p99.993p100;2015;0.0262;992;j
RS;sdiinc992j;p99.993p100;2016;0.0266;992;j
RS;sdiinc992j;p99.993p100;2017;0.026699999;992;j
RS;sptinc992j;p40p50;1990;0.074100003;992;j
RS;sptinc992j;p40p50;1991;0.073700003;992;j
RS;sptinc992j;p40p50;1992;0.073299997;992;j
RS;sptinc992j;p40p50;1993;0.072800003;992;j
RS;sptinc992j;p40p50;1994;0.072400004;992;j
RS;sptinc992j;p40p50;1995;0.071999997;992;j
RS;sptinc992j;p40p50;1996;0.071599998;992;j
RS;sptinc992j;p40p50;1997;0.0713;992;j
RS;sptinc992j;p40p50;1998;0.069799997;992;j
RS;sptinc992j;p40p50;1999;0.069700003;992;j
RS;sptinc992j;p40p50;2000;0.068899997;992;j
RS;sptinc992j;p40p50;2001;0.068599999;992;j
RS;sptinc992j;p40p50;2002;0.068099998;992;j
RS;sptinc992j;p40p50;2003;0.067699999;992;j
RS;sptinc992j;p40p50;2004;0.066799998;992;j
RS;sptinc992j;p40p50;2005;0.065499999;992;j
RS;sptinc992j;p40p50;2006;0.065099999;992;j
RS;sptinc992j;p40p50;2007;0.0656;992;j
RS;sptinc992j;p40p50;2008;0.065099999;992;j
RS;sptinc992j;p40p50;2009;0.064900003;992;j
RS;sptinc992j;p40p50;2010;0.063299999;992;j
RS;sptinc992j;p40p50;2011;0.062100001;992;j
RS;sptinc992j;p40p50;2012;0.061500002;992;j
RS;sptinc992j;p40p50;2013;0.062700003;992;j
RS;sptinc992j;p40p50;2014;0.060699999;992;j
RS;sptinc992j;p40p50;2015;0.0623;992;j
RS;sptinc992j;p40p50;2016;0.0623;992;j
RS;sptinc992j;p40p50;2017;0.062199999;992;j
RS;sptinc992j;p56p57;1990;0.0089999996;992;j
RS;sptinc992j;p56p57;1991;0.0089999996;992;j
RS;sptinc992j;p56p57;1992;0.0089999996;992;j
RS;sptinc992j;p56p57;1993;0.0089999996;992;j
RS;sptinc992j;p56p57;1994;0.0088999998;992;j
RS;sptinc992j;p56p57;1995;0.0088999998;992;j
RS;sptinc992j;p56p57;1996;0.0088999998;992;j
RS;sptinc992j;p56p57;1997;0.0088999998;992;j
RS;sptinc992j;p56p57;1998;0.0088;992;j
RS;sptinc992j;p56p57;1999;0.0088;992;j
RS;sptinc992j;p56p57;2000;0.0087000001;992;j
RS;sptinc992j;p56p57;2001;0.0086000003;992;j
RS;sptinc992j;p56p57;2002;0.0086000003;992;j
RS;sptinc992j;p56p57;2003;0.0085000005;992;j
RS;sptinc992j;p56p57;2004;0.0083999997;992;j
RS;sptinc992j;p56p57;2005;0.0082999999;992;j
RS;sptinc992j;p56p57;2006;0.0082999999;992;j
RS;sptinc992j;p56p57;2007;0.0083999997;992;j
RS;sptinc992j;p56p57;2008;0.0083999997;992;j
RS;sptinc992j;p56p57;2009;0.0083999997;992;j
RS;sptinc992j;p56p57;2010;0.0082;992;j
RS;sptinc992j;p56p57;2011;0.0081000002;992;j
RS;sptinc992j;p56p57;2012;0.0082;992;j
RS;sptinc992j;p56p57;2013;0.0082999999;992;j
RS;sptinc992j;p56p57;2014;0.0081000002;992;j
RS;sptinc992j;p56p57;2015;0.0082;992;j
RS;sptinc992j;p56p57;2016;0.0082;992;j
RS;sptinc992j;p56p57;2017;0.0082;992;j
RS;sptinc992j;p73p100;1990;0.55250001;992;j
RS;sptinc992j;p73p100;1991;0.55400002;992;j
RS;sptinc992j;p73p100;1992;0.55549997;992;j
RS;sptinc992j;p73p100;1993;0.55690002;992;j
RS;sptinc992j;p73p100;1994;0.55839998;992;j
RS;sptinc992j;p73p100;1995;0.56;992;j
RS;sptinc992j;p73p100;1996;0.56089997;992;j
RS;sptinc992j;p73p100;1997;0.56190002;992;j
RS;sptinc992j;p73p100;1998;0.5618;992;j
RS;sptinc992j;p73p100;1999;0.5636;992;j
RS;sptinc992j;p73p100;2000;0.56989998;992;j
RS;sptinc992j;p73p100;2001;0.5722;992;j
RS;sptinc992j;p73p100;2002;0.58029997;992;j
RS;sptinc992j;p73p100;2003;0.58420002;992;j
RS;sptinc992j;p73p100;2004;0.59429997;992;j
RS;sptinc992j;p73p100;2005;0.60290003;992;j
RS;sptinc992j;p73p100;2006;0.60890001;992;j
RS;sptinc992j;p73p100;2007;0.60839999;992;j
RS;sptinc992j;p73p100;2008;0.61440003;992;j
RS;sptinc992j;p73p100;2009;0.61930001;992;j
RS;sptinc992j;p73p100;2010;0.62940001;992;j
RS;sptinc992j;p73p100;2011;0.64020002;992;j
RS;sptinc992j;p73p100;2012;0.64090002;992;j
RS;sptinc992j;p73p100;2013;0.63819999;992;j
RS;sptinc992j;p73p100;2014;0.64910001;992;j
RS;sptinc992j;p73p100;2015;0.64099997;992;j
RS;sptinc992j;p73p100;2016;0.64099997;992;j
RS;sptinc992j;p73p100;2017;0.64130002;992;j
RS;sptinc992j;p79p80;1990;0.0142;992;j
RS;sptinc992j;p79p80;1991;0.0141;992;j
RS;sptinc992j;p79p80;1992;0.0141;992;j
RS;sptinc992j;p79p80;1993;0.0141;992;j
RS;sptinc992j;p79p80;1994;0.014;992;j
RS;sptinc992j;p79p80;1995;0.014;992;j
RS;sptinc992j;p79p80;1996;0.014;992;j
RS;sptinc992j;p79p80;1997;0.0139;992;j
RS;sptinc992j;p79p80;1998;0.0138;992;j
RS;sptinc992j;p79p80;1999;0.0137;992;j
RS;sptinc992j;p79p80;2000;0.0135;992;j
RS;sptinc992j;p79p80;2001;0.0134;992;j
RS;sptinc992j;p79p80;2002;0.0136;992;j
RS;sptinc992j;p79p80;2003;0.0136;992;j
RS;sptinc992j;p79p80;2004;0.0136;992;j
RS;sptinc992j;p79p80;2005;0.0136;992;j
RS;sptinc992j;p79p80;2006;0.0137;992;j
RS;sptinc992j;p79p80;2007;0.014;992;j
RS;sptinc992j;p79p80;2008;0.0142;992;j
RS;sptinc992j;p79p80;2009;0.0141;992;j
RS;sptinc992j;p79p80;2010;0.0141;992;j
RS;sptinc992j;p79p80;2011;0.0141;992;j
RS;sptinc992j;p79p80;2012;0.0144;992;j
RS;sptinc992j;p79p80;2013;0.0145;992;j
RS;sptinc992j;p79p80;2014;0.0141;992;j
RS;sptinc992j;p79p80;2015;0.0139;992;j
RS;sptinc992j;p79p80;2016;0.0139;992;j
RS;sptinc992j;p79p80;2017;0.0139;992;j
RS;tcainc992j;p19p100;1990;183909.09;992;j
RS;tcainc992j;p19p100;1991;162566.7;992;j
RS;tcainc992j;p19p100;1992;113450.1;992;j
RS;tcainc992j;p19p100;1993;74833.703;992;j
RS;tcainc992j;p19p100;1994;78305.898;992;j
RS;tcainc992j;p19p100;1995;83978.297;992;j
RS;tcainc992j;p19p100;1996;86121.203;992;j
RS;tcainc992j;p19p100;1997;92063.398;992;j
RS;tcainc992j;p19p100;1998;108220.5;992;j
RS;tcainc992j;p19p100;1999;120537.9;992;j
RS;tcainc992j;p19p100;2000;126685.3;992;j
RS;tcainc992j;p19p100;2001;122810.1;992;j
RS;tcainc992j;p19p100;2002;117962.7;992;j
RS;tcainc992j;p19p100;2003;123450.7;992;j
RS;tcainc992j;p19p100;2004;129325.6;992;j
RS;tcainc992j;p19p100;2005;152813.7;992;j
RS;tcainc992j;p19p100;2006;145532.2;992;j
RS;tcainc992j;p19p100;2007;143326.59;992;j
RS;tcainc992j;p19p100;2008;142494.3;992;j
RS;tcainc992j;p19p100;2009;130692.1;992;j
RS;tcainc992j;p19p100;2010;113661.8;992;j
RS;tcainc992j;p19p100;2011;100763.0;992;j
RS;tcainc992j;p19p100;2012;102267.7;992;j
RS;tcainc992j;p19p100;2013;85433.203;992;j
RS;tcainc992j;p19p100;2014;119419.5;992;j
RS;tcainc992j;p19p100;2015;96502.703;992;j
RS;tcainc992j;p19p100;2016;100337.8;992;j
RS;tcainc992j;p19p100;2017;100197.0;992;j
RS;tcainc992j;p43p44;1990;377843.31;992;j
RS;tcainc992j;p43p44;1991;329146.59;992;j
RS;tcainc992j;p43p44;1992;225943.59;992;j
RS;tcainc992j;p43p44;1993;146637.8;992;j
RS;tcainc992j;p43p44;1994;151506.3;992;j
RS;tcainc992j;p43p44;1995;160258.5;992;j
RS;tcainc992j;p43p44;1996;162104.3;992;j
RS;tcainc992j;p43p44;1997;171709.91;992;j
RS;tcainc992j;p43p44;1998;183534.91;992;j
RS;tcainc992j;p43p44;1999;209056.09;992;j
RS;tcainc992j;p43p44;2000;225065.3;992;j
RS;tcainc992j;p43p44;2001;218050.5;992;j
RS;tcainc992j;p43p44;2002;225936.2;992;j
RS;tcainc992j;p43p44;2003;237151.8;992;j
RS;tcainc992j;p43p44;2004;280544.19;992;j
RS;tcainc992j;p43p44;2005;311411.69;992;j
RS;tcainc992j;p43p44;2006;324311.31;992;j
RS;tcainc992j;p43p44;2007;322109.31;992;j
RS;tcainc992j;p43p44;2008;341435.69;992;j
RS;tcainc992j;p43p44;2009;334454.41;992;j
RS;tcainc992j;p43p44;2010;326680.19;992;j
RS;tcainc992j;p43p44;2011;322953.0;992;j
RS;tcainc992j;p43p44;2012;317328.69;992;j
RS;tcainc992j;p43p44;2013;323559.31;992;j
RS;tcainc992j;p43p44;2014;315498.59;992;j
RS;tcainc992j;p43p44;2015;310394.09;992;j
RS;tcainc992j;p43p44;2016;321990.81;992;j
RS;tcainc992j;p43p44;2017;322032.09;992;j
RS;tcainc992j;p62p100;1990;528573.81;992;j
RS;tcainc992j;p62p100;1991;459514.09;992;j
RS;tcainc992j;p62p100;1992;314771.59;992;j
RS;tcainc992j;p62p100;1993;203943.91;992;j
RS;tcainc992j;p62p100;1994;209593.09;992;j
RS;tcainc992j;p62p100;1995;220834.09;992;j
RS;tcainc992j;p62p100;1996;222695.41;992;j
RS;tcainc992j;p62p100;1997;234995.5;992;j
RS;tcainc992j;p62p100;1998;256440.5;992;j
RS;tcainc992j;p62p100;1999;290562.91;992;j
RS;tcainc992j;p62p100;2000;310211.81;992;j
RS;tcainc992j;p62p100;2001;300133.59;992;j
RS;tcainc992j;p62p100;2002;313729.59;992;j
RS;tcainc992j;p62p100;2003;331814.69;992;j
RS;tcainc992j;p62p100;2004;395023.81;992;j
RS;tcainc992j;p62p100;2005;446004.81;992;j
RS;tcainc992j;p62p100;2006;470094.81;992;j
RS;tcainc992j;p62p100;2007;471869.19;992;j
RS;tcainc992j;p62p100;2008;504776.41;992;j
RS;tcainc992j;p62p100;2009;497048.0;992;j
RS;tcainc992j;p62p100;2010;493433.09;992;j
RS;tcainc992j;p62p100;2011;495170.41;992;j
RS;tcainc992j;p62p100;2012;491481.31;992;j
RS;tcainc992j;p62p100;2013;510161.31;992;j
RS;tcainc992j;p62p100;2014;490476.31;992;j
RS;tcainc992j;p62p100;2015;475015.19;992;j
RS;tcainc992j;p62p100;2016;492633.91;992;j
RS;tcainc992j;p62p100;2017;492896.5;992;j
RS;tdiinc992j;p13p100;1990;230792.5;992;j
RS;tdiinc992j;p13p100;1991;203600.09;992;j
RS;tdiinc992j;p13p100;1992;141700.7;992;j
RS;tdiinc992j;p13p100;1993;93248.703;992;j
RS;tdiinc992j;p13p100;1994;97658.0;992;j
RS;tdiinc992j;p13p100;1995;104594.1;992;j
RS;tdiinc992j;p13p100;1996;107059.4;992;j
RS;tdiinc992j;p13p100;1997;115490.6;992;j
RS;tdiinc992j;p13p100;1998;128168.6;992;j
RS;tdiinc992j;p13p100;1999;136427.59;992;j
RS;tdiinc992j;p13p100;2000;147942.5;992;j
RS;tdiinc992j;p13p100;2001;147407.91;992;j
RS;tdiinc992j;p13p100;2002;145229.59;992;j
RS;tdiinc992j;p13p100;2003;146396.8;992;j
RS;tdiinc992j;p13p100;2004;144340.5;992;j
RS;tdiinc992j;p13p100;2005;150694.59;992;j
RS;tdiinc992j;p13p100;2006;147370.09;992;j
RS;tdiinc992j;p13p100;2007;144049.0;992;j
RS;tdiinc992j;p13p100;2008;149147.2;992;j
RS;tdiinc992j;p13p100;2009;142959.2;992;j
RS;tdiinc992j;p13p100;2010;130658.6;992;j
RS;tdiinc992j;p13p100;2011;113491.3;992;j
RS;tdiinc992j;p13p100;2012;105780.8;992;j
RS;tdiinc992j;p13p100;2013;121317.7;992;j
RS;tdiinc992j;p13p100;2014;163972.0;992;j
RS;tdiinc992j;p13p100;2015;135801.41;992;j
RS;tdiinc992j;p13p100;2016;132968.09;992;j
RS;tdiinc992j;p13p100;2017;132820.09;992;j
RS;tptinc992j;p35p100;1990;439194.5;992;j
RS;tptinc992j;p35p100;1991;379667.31;992;j
RS;tptinc992j;p35p100;1992;259027.3;992;j
RS;tptinc992j;p35p100;1993;167290.0;992;j
RS;tptinc992j;p35p100;1994;171922.3;992;j
RS;tptinc992j;p35p100;1995;180683.41;992;j
RS;tptinc992j;p35p100;1996;181720.8;992;j
RS;tptinc992j;p35p100;1997;192121.09;992;j
RS;tptinc992j;p35p100;1998;197848.91;992;j
RS;tptinc992j;p35p100;1999;216259.3;992;j
RS;tptinc992j;p35p100;2000;234866.7;992;j
RS;tptinc992j;p35p100;2001;232782.59;992;j
RS;tptinc992j;p35p100;2002;248218.09;992;j
RS;tptinc992j;p35p100;2003;257979.09;992;j
RS;tptinc992j;p35p100;2004;283969.81;992;j
RS;tptinc992j;p35p100;2005;308241.91;992;j
RS;tptinc992j;p35p100;2006;319784.5;992;j
RS;tptinc992j;p35p100;2007;334529.81;992;j
RS;tptinc992j;p35p100;2008;345849.69;992;j
RS;tptinc992j;p35p100;2009;331940.19;992;j
RS;tptinc992j;p35p100;2010;320242.91;992;j
RS;tptinc992j;p35p100;2011;307193.81;992;j
RS;tptinc992j;p35p100;2012;304904.59;992;j
RS;tptinc992j;p35p100;2013;313617.31;992;j
RS;tptinc992j;p35p100;2014;292113.81;992;j
RS;tptinc992j;p35p100;2015;311977.81;992;j
RS;tptinc992j;p35p100;2016;321538.09;992;j
RS;tptinc992j;p35p100;2017;323167.09;992;j
RS;tptinc992j;p38p39;1990;473347.5;992;j
RS;tptinc992j;p38p39;1991;408172.69;992;j
RS;tptinc992j;p38p39;1992;277581.31;992;j
RS;tptinc992j;p38p39;1993;178692.59;992;j
RS;tptinc992j;p38p39;1994;182861.59;992;j
RS;tptinc992j;p38p39;1995;191714.5;992;j
RS;tptinc992j;p38p39;1996;192451.59;992;j
RS;tptinc992j;p38p39;1997;203059.5;992;j
RS;tptinc992j;p38p39;1998;207851.3;992;j
RS;tptinc992j;p38p39;1999;227971.59;992;j
RS;tptinc992j;p38p39;2000;247681.41;992;j
RS;tptinc992j;p38p39;2001;245947.2;992;j
RS;tptinc992j;p38p39;2002;262192.5;992;j
RS;tptinc992j;p38p39;2003;274167.41;992;j
RS;tptinc992j;p38p39;2004;302997.31;992;j
RS;tptinc992j;p38p39;2005;328869.0;992;j
RS;tptinc992j;p38p39;2006;343466.59;992;j
RS;tptinc992j;p38p39;2007;358433.69;992;j
RS;tptinc992j;p38p39;2008;374645.81;992;j
RS;tptinc992j;p38p39;2009;363334.31;992;j
RS;tptinc992j;p38p39;2010;355323.81;992;j
RS;tptinc992j;p38p39;2011;341765.59;992;j
RS;tptinc992j;p38p39;2012;339231.5;992;j
RS;tptinc992j;p38p39;2013;352262.31;992;j
RS;tptinc992j;p38p39;2014;330510.31;992;j
RS;tptinc992j;p38p39;2015;347192.59;992;j
RS;tptinc992j;p38p39;2016;357841.41;992;j
RS;tptinc992j;p38p39;2017;359657.19;992;j
RS;tptinc992j;p54p55;1990;639660.63;992;j
RS;tptinc992j;p54p55;1991;553975.5;992;j
RS;tptinc992j;p54p55;1992;378126.81;992;j
RS;tptinc992j;p54p55;1993;244343.59;992;j
RS;tptinc992j;p54p55;1994;250818.0;992;j
RS;tptinc992j;p54p55;1995;263645.09;992;j
RS;tptinc992j;p54p55;1996;265115.0;992;j
RS;tptinc992j;p54p55;1997;280519.69;992;j
RS;tptinc992j;p54p55;1998;291997.59;992;j
RS;tptinc992j;p54p55;1999;318282.19;992;j
RS;tptinc992j;p54p55;2000;345920.41;992;j
RS;tptinc992j;p54p55;2001;343764.41;992;j
RS;tptinc992j;p54p55;2002;366486.59;992;j
RS;tptinc992j;p54p55;2003;384956.81;992;j
RS;tptinc992j;p54p55;2004;426395.69;992;j
RS;tptinc992j;p54p55;2005;470327.59;992;j
RS;tptinc992j;p54p55;2006;495657.59;992;j
RS;tptinc992j;p54p55;2007;514199.69;992;j
RS;tptinc992j;p54p55;2008;544957.69;992;j
RS;tptinc992j;p54p55;2009;535935.38;992;j
RS;tptinc992j;p54p55;2010;527349.88;992;j
RS;tptinc992j;p54p55;2011;521000.69;992;j
RS;tptinc992j;p54p55;2012;525522.13;992;j
RS;tptinc992j;p54p55;2013;547031.81;992;j
RS;tptinc992j;p54p55;2014;517800.41;992;j
RS;tptinc992j;p54p55;2015;531622.31;992;j
RS;tptinc992j;p54p55;2016;547713.81;992;j
RS;tptinc992j;p54p55;2017;550812.0;992;j
RS;tptinc992j;p60p70;1990;710247.38;992;j
RS;tptinc992j;p60p70;1991;614415.81;992;j
RS;tptinc992j;p60p70;1992;418654.19;992;j
RS;tptinc992j;p60p70;1993;270215.09;992;j
RS;tptinc992j;p60p70;1994;277239.09;992;j
RS;tptinc992j;p60p70;1995;291112.41;992;j
RS;tptinc992j;p60p70;1996;292429.09;992;j
RS;tptinc992j;p60p70;1997;309252.0;992;j
RS;tptinc992j;p60p70;1998;323369.91;992;j
RS;tptinc992j;p60p70;1999;352587.09;992;j
RS;tptinc992j;p60p70;2000;381682.91;992;j
RS;tptinc992j;p60p70;2001;376603.5;992;j
RS;tptinc992j;p60p70;2002;406136.81;992;j
RS;tptinc992j;p60p70;2003;425907.81;992;j
RS;tptinc992j;p60p70;2004;471755.09;992;j
RS;tptinc992j;p60p70;2005;522079.41;992;j
RS;tptinc992j;p60p70;2006;553728.5;992;j
RS;tptinc992j;p60p70;2007;579065.88;992;j
RS;tptinc992j;p60p70;2008;618761.31;992;j
RS;tptinc992j;p60p70;2009;604593.0;992;j
RS;tptinc992j;p60p70;2010;596456.38;992;j
RS;tptinc992j;p60p70;2011;592386.63;992;j
RS;tptinc992j;p60p70;2012;593670.81;992;j
RS;tptinc992j;p60p70;2013;619360.31;992;j
RS;tptinc992j;p60p70;2014;594274.81;992;j
RS;tptinc992j;p60p70;2015;607648.88;992;j
RS;tptinc992j;p60p70;2016;626211.38;992;j
RS;tptinc992j;p60p70;2017;629817.5;992;j
RS;tptinc992j;p92p100;1990;1408911.3;992;j
RS;tptinc992j;p92p100;1991;1224822.6;992;j
RS;tptinc992j;p92p100;1992;838826.38;992;j
RS;tptinc992j;p92p100;1993;544255.0;992;j
RS;tptinc992j;p92p100;1994;559978.88;992;j
RS;tptinc992j;p92p100;1995;590976.81;992;j
RS;tptinc992j;p92p100;1996;596008.81;992;j
RS;tptinc992j;p92p100;1997;632330.19;992;j
RS;tptinc992j;p92p100;1998;666499.88;992;j
RS;tptinc992j;p92p100;1999;724859.63;992;j
RS;tptinc992j;p92p100;2000;796673.63;992;j
RS;tptinc992j;p92p100;2001;791434.63;992;j
RS;tptinc992j;p92p100;2002;863932.81;992;j
RS;tptinc992j;p92p100;2003;925549.38;992;j
RS;tptinc992j;p92p100;2004;1061787.0;992;j
RS;tptinc992j;p92p100;2005;1212198.3;992;j
RS;tptinc992j;p92p100;2006;1293209.0;992;j
RS;tptinc992j;p92p100;2007;1352863.1;992;j
RS;tptinc992j;p92p100;2008;1450401.1;992;j
RS;tptinc992j;p92p100;2009;1445079.1;992;j
RS;tptinc992j;p92p100;2010;1473443.5;992;j
RS;tptinc992j;p92p100;2011;1502972.5;992;j
RS;tptinc992j;p92p100;2012;1504646.4;992;j
RS;tptinc992j;p92p100;2013;1530166.3;992;j
RS;tptinc992j;p92p100;2014;1467403.8;992;j
RS;tptinc992j;p92p100;2015;1482647.9;992;j
RS;tptinc992j;p92p100;2016;1528187.1;992;j
RS;tptinc992j;p92p100;2017;1537138.9;992;j
RS;tptinc992j;p92p93;1990;1408911.3;992;j
RS;tptinc992j;p92p93;1991;1224822.6;992;j
RS;tptinc992j;p92p93;1992;838826.38;992;j
RS;tptinc992j;p92p93;1993;544255.0;992;j
RS;tptinc992j;p92p93;1994;559978.88;992;j
RS;tptinc992j;p92p93;1995;590976.81;992;j
RS;tptinc992j;p92p93;1996;596008.81;992;j
RS;tptinc992j;p92p93;1997;632330.19;992;j
RS;tptinc992j;p92p93;1998;666499.88;992;j
RS;tptinc992j;p92p93;1999;724859.63;992;j
RS;tptinc992j;p92p93;2000;796673.63;992;j
RS;tptinc992j;p92p93;2001;791434.63;992;j
RS;tptinc992j;p92p93;2002;863932.81;992;j
RS;tptinc992j;p92p93;2003;925549.38;992;j
RS;tptinc992j;p92p93;2004;1061787.0;992;j
RS;tptinc992j;p92p93;2005;1212198.3;992;j
RS;tptinc992j;p92p93;2006;1293209.0;992;j
RS;tptinc992j;p92p93;2007;1352863.1;992;j
RS;tptinc992j;p92p93;2008;1450401.1;992;j
RS;tptinc992j;p92p93;2009;1445079.1;992;j
RS;tptinc992j;p92p93;2010;1473443.5;992;j
RS;tptinc992j;p92p93;2011;1502972.5;992;j
RS;tptinc992j;p92p93;2012;1504646.4;992;j
RS;tptinc992j;p92p93;2013;1530166.3;992;j
RS;tptinc992j;p92p93;2014;1467403.8;992;j
RS;tptinc992j;p92p93;2015;1482647.9;992;j
RS;tptinc992j;p92p93;2016;1528187.1;992;j
RS;tptinc992j;p92p93;2017;1537138.9;992;j
RS;tptinc992j;p99.9p100;1990;9651916.0;992;j
RS;tptinc992j;p99.9p100;1991;8538024.0;992;j
RS;tptinc992j;p99.9p100;1992;5943829.5;992;j
RS;tptinc992j;p99.9p100;1993;3925426.0;992;j
RS;tptinc992j;p99.9p100;1994;4111077.8;992;j
RS;tptinc992j;p99.9p100;1995;4420984.0;992;j
RS;tptinc992j;p99.9p100;1996;4507710.0;992;j
RS;tptinc992j;p99.9p100;1997;4833000.5;992;j
RS;tptinc992j;p99.9p100;1998;5124608.5;992;j
RS;tptinc992j;p99.9p100;1999;5858410.0;992;j
RS;tptinc992j;p99.9p100;2000;6845884.5;992;j
RS;tptinc992j;p99.9p100;2001;7114370.0;992;j
RS;tptinc992j;p99.9p100;2002;7710666.5;992;j
RS;tptinc992j;p99.9p100;2003;8049192.0;992;j
RS;tptinc992j;p99.9p100;2004;9352049.0;992;j
RS;tptinc992j;p99.9p100;2005;10461566.0;992;j
RS;tptinc992j;p99.9p100;2006;11170424.0;992;j
RS;tptinc992j;p99.9p100;2007;10888814.0;992;j
RS;tptinc992j;p99.9p100;2008;11768191.0;992;j
RS;tptinc992j;p99.9p100;2009;11596786.0;992;j
RS;tptinc992j;p99.9p100;2010;11934783.0;992;j
RS;tptinc992j;p99.9p100;2011;12445547.0;992;j
RS;tptinc992j;p99.9p100;2012;11510178.0;992;j
RS;tptinc992j;p99.9p100;2013;11935089.0;992;j
RS;tptinc992j;p99.9p100;2014;14075894.0;992;j
RS;tptinc992j;p99.9p100;2015;13677365.0;992;j
RS;tptinc992j;p99.9p100;2016;14115144.0;992;j
RS;tptinc992j;p99.9p100;2017;14221262.0;992;j
RS;xlcyux999i;p0p100;1997;0.71320033;999;i
RS;xlcyux999i;p0p100;1998;1.2116017;999;i
RS;xlcyux999i;p0p100;1999;1.4086915;999;i
RS;xlcyux999i;p0p100;2000;7.6301103;999;i
RS;xlcyux999i;p0p100;2001;8.0842218;999;i
RS;xlcyux999i;p0p100;2002;7.780426;999;i
RS;xlcyux999i;p0p100;2003;6.9572515;999;i
RS;xlcyux999i;p0p100;2004;7.0536189;999;i
RS;xlcyux999i;p0p100;2005;8.1414728;999;i
RS;xlcyux999i;p0p100;2006;8.4211864;999;i
RS;xlcyux999i;p0p100;2007;7.6836381;999;i
RS;xlcyux999i;p0p100;2008;8.0193195;999;i
RS;xlcyux999i;p0p100;2009;9.8926191;999;i
RS;xlcyux999i;p0p100;2010;11.480923;999;i
RS;xlcyux999i;p0p100;2011;11.349351;999;i
RS;xlcyux999i;p0p100;2012;13.936733;999;i
RS;xlcyux999i;p0p100;2013;13.744702;999;i
RS;xlcyux999i;p0p100;2014;14.390211;999;i
RS;xlcyux999i;p0p100;2015;17.472761;999;i
RS;xlcyux999i;p0p100;2016;16.747417;999;i
RS;xlcyux999i;p0p100;2017;15.943594;999;i
RS;xlcyux999i;p0p100;2018;15.141433;999;i
RS;xlcyux999i;p0p100;2019;15.051053;999;i
RS;acainc992j;p12p100;1990;577862.69;992;j
RS;acainc992j;p12p100;1991;501573.69;992;j
RS;acainc992j;p12p100;1992;343333.81;992;j
RS;acainc992j;p12p100;1993;222549.59;992;j
RS;acainc992j;p12p100;1994;229101.7;992;j
RS;acainc992j;p12p100;1995;241691.3;992;j
RS;acainc992j;p12p100;1996;243531.41;992;j
RS;acainc992j;p12p100;1997;256840.41;992;j
RS;acainc992j;p12p100;1998;281271.31;992;j
RS;acainc992j;p12p100;1999;321067.59;992;j
RS;acainc992j;p12p100;2000;348712.59;992;j
RS;acainc992j;p12p100;2001;340020.91;992;j
RS;acainc992j;p12p100;2002;356690.0;992;j
RS;acainc992j;p12p100;2003;376029.69;992;j
RS;acainc992j;p12p100;2004;450464.19;992;j
RS;acainc992j;p12p100;2005;513551.31;992;j
RS;acainc992j;p12p100;2006;542498.31;992;j
RS;acainc992j;p12p100;2007;542599.69;992;j
RS;acainc992j;p12p100;2008;581246.38;992;j
RS;acainc992j;p12p100;2009;574858.38;992;j
RS;acainc992j;p12p100;2010;577894.38;992;j
RS;acainc992j;p12p100;2011;584483.5;992;j
RS;acainc992j;p12p100;2012;584389.69;992;j
RS;acainc992j;p12p100;2013;595508.19;992;j
RS;acainc992j;p12p100;2014;579469.69;992;j
RS;acainc992j;p12p100;2015;588280.19;992;j
RS;acainc992j;p12p100;2016;610106.13;992;j
RS;acainc992j;p12p100;2017;610647.63;992;j
RS;acainc992j;p99.92p99.93;1990;7268210.0;992;j
RS;acainc992j;p99.92p99.93;1991;6170708.5;992;j
RS;acainc992j;p99.92p99.93;1992;4122363.0;992;j
RS;acainc992j;p99.92p99.93;1993;2641226.0;992;j
RS;acainc992j;p99.92p99.93;1994;2693228.8;992;j
RS;acainc992j;p99.92p99.93;1995;2819755.3;992;j
RS;acainc992j;p99.92p99.93;1996;2788939.5;992;j
RS;acainc992j;p99.92p99.93;1997;2884439.0;992;j
RS;acainc992j;p99.92p99.93;1998;3272261.3;992;j
RS;acainc992j;p99.92p99.93;1999;4079951.0;992;j
RS;acainc992j;p99.92p99.93;2000;4727645.0;992;j
RS;acainc992j;p99.92p99.93;2001;4916820.0;992;j
RS;acainc992j;p99.92p99.93;2002;5184225.5;992;j
RS;acainc992j;p99.92p99.93;2003;5403631.0;992;j
RS;acainc992j;p99.92p99.93;2004;6541623.0;992;j
RS;acainc992j;p99.92p99.93;2005;7768147.5;992;j
RS;acainc992j;p99.92p99.93;2006;8217243.0;992;j
RS;acainc992j;p99.92p99.93;2007;7775804.5;992;j
RS;acainc992j;p99.92p99.93;2008;8080369.5;992;j
RS;acainc992j;p99.92p99.93;2009;8692542.0;992;j
RS;acainc992j;p99.92p99.93;2010;8822210.0;992;j
RS;acainc992j;p99.92p99.93;2011;9035110.0;992;j
RS;acainc992j;p99.92p99.93;2012;10608302.0;992;j
RS;acainc992j;p99.92p99.93;2013;9767125.0;992;j
RS;acainc992j;p99.92p99.93;2014;11750434.0;992;j
RS;acainc992j;p99.92p99.93;2015;14526070.0;992;j
RS;acainc992j;p99.92p99.93;2016;15066708.0;992;j
RS;acainc992j;p99.92p99.93;2017;15091265.0;992;j
RS;adiinc992j;p1p100;1990;741414.63;992;j
RS;adiinc992j;p1p100;1991;643668.81;992;j
RS;adiinc992j;p1p100;1992;440715.91;992;j
RS;adiinc992j;p1p100;1993;285742.5;992;j
RS;adiinc992j;p1p100;1994;294226.81;992;j
RS;adiinc992j;p1p100;1995;310468.09;992;j
RS;adiinc992j;p1p100;1996;312911.0;992;j
RS;adiinc992j;p1p100;1997;331646.09;992;j
RS;adiinc992j;p1p100;1998;348835.31;992;j
RS;adiinc992j;p1p100;1999;381980.81;992;j
RS;adiinc992j;p1p100;2000;420018.41;992;j
RS;adiinc992j;p1p100;2001;419325.69;992;j
RS;adiinc992j;p1p100;2002;451107.5;992;j
RS;adiinc992j;p1p100;2003;473798.59;992;j
RS;adiinc992j;p1p100;2004;533322.19;992;j
RS;adiinc992j;p1p100;2005;594789.88;992;j
RS;adiinc992j;p1p100;2006;627863.0;992;j
RS;adiinc992j;p1p100;2007;647889.69;992;j
RS;adiinc992j;p1p100;2008;689843.63;992;j
RS;adiinc992j;p1p100;2009;677504.5;992;j
RS;adiinc992j;p1p100;2010;679361.81;992;j
RS;adiinc992j;p1p100;2011;681699.63;992;j
RS;adiinc992j;p1p100;2012;680808.69;992;j
RS;adiinc992j;p1p100;2013;696938.19;992;j
RS;adiinc992j;p1p100;2014;682786.0;992;j
RS;adiinc992j;p1p100;2015;687873.81;992;j
RS;adiinc992j;p1p100;2016;709249.31;992;j
RS;adiinc992j;p1p100;2017;713450.81;992;j
RS;adiinc992j;p50p90;1990;883281.63;992;j
RS;adiinc992j;p50p90;1991;766192.69;992;j
RS;adiinc992j;p50p90;1992;523769.0;992;j
RS;adiinc992j;p50p90;1993;338725.81;992;j
RS;adiinc992j;p50p90;1994;347940.19;992;j
RS;adiinc992j;p50p90;1995;366236.5;992;j
RS;adiinc992j;p50p90;1996;368687.09;992;j
RS;adiinc992j;p50p90;1997;390228.19;992;j
RS;adiinc992j;p50p90;1998;407563.69;992;j
RS;adiinc992j;p50p90;1999;442298.5;992;j
RS;adiinc992j;p50p90;2000;480718.5;992;j
RS;adiinc992j;p50p90;2001;476025.09;992;j
RS;adiinc992j;p50p90;2002;516042.41;992;j
RS;adiinc992j;p50p90;2003;544394.69;992;j
RS;adiinc992j;p50p90;2004;617900.69;992;j
RS;adiinc992j;p50p90;2005;686963.5;992;j
RS;adiinc992j;p50p90;2006;727278.38;992;j
RS;adiinc992j;p50p90;2007;757559.13;992;j
RS;adiinc992j;p50p90;2008;809649.81;992;j
RS;adiinc992j;p50p90;2009;792634.13;992;j
RS;adiinc992j;p50p90;2010;795149.88;992;j
RS;adiinc992j;p50p90;2011;799341.69;992;j
RS;adiinc992j;p50p90;2012;793149.38;992;j
RS;adiinc992j;p50p90;2013;826463.5;992;j
RS;adiinc992j;p50p90;2014;774422.38;992;j
RS;adiinc992j;p50p90;2015;760477.0;992;j
RS;adiinc992j;p50p90;2016;784939.31;992;j
RS;adiinc992j;p50p90;2017;789591.0;992;j
RS;adiinc992j;p59p100;1990;1204545.4;992;j
RS;adiinc992j;p59p100;1991;1042840.1;992;j
RS;adiinc992j;p59p100;1992;712060.5;992;j
RS;adiinc992j;p59p100;1993;460579.5;992;j
RS;adiinc992j;p59p100;1994;473076.81;992;j
RS;adiinc992j;p59p100;1995;498000.69;992;j
RS;adiinc992j;p59p100;1996;500312.91;992;j
RS;adiinc992j;p59p100;1997;528243.0;992;j
RS;adiinc992j;p59p100;1998;557997.88;992;j
RS;adiinc992j;p59p100;1999;614618.13;992;j
RS;adiinc992j;p59p100;2000;676988.63;992;j
RS;adiinc992j;p59p100;2001;677151.38;992;j
RS;adiinc992j;p59p100;2002;736970.0;992;j
RS;adiinc992j;p59p100;2003;777708.81;992;j
RS;adiinc992j;p59p100;2004;888430.69;992;j
RS;adiinc992j;p59p100;2005;999809.81;992;j
RS;adiinc992j;p59p100;2006;1067657.8;992;j
RS;adiinc992j;p59p100;2007;1103060.9;992;j
RS;adiinc992j;p59p100;2008;1180661.0;992;j
RS;adiinc992j;p59p100;2009;1168712.8;992;j
RS;adiinc992j;p59p100;2010;1188330.0;992;j
RS;adiinc992j;p59p100;2011;1209181.3;992;j
RS;adiinc992j;p59p100;2012;1212001.8;992;j
RS;adiinc992j;p59p100;2013;1246287.8;992;j
RS;adiinc992j;p59p100;2014;1194328.6;992;j
RS;adiinc992j;p59p100;2015;1228297.0;992;j
RS;adiinc992j;p59p100;2016;1273450.1;992;j
RS;adiinc992j;p59p100;2017;1281926.1;992;j
RS;adiinc992j;p67p100;1990;1310883.3;992;j
RS;adiinc992j;p67p100;1991;1134484.0;992;j
RS;adiinc992j;p67p100;1992;774421.0;992;j
RS;adiinc992j;p67p100;1993;500874.91;992;j
RS;adiinc992j;p67p100;1994;514414.69;992;j
RS;adiinc992j;p67p100;1995;541471.81;992;j
RS;adiinc992j;p67p100;1996;543742.13;992;j
RS;adiinc992j;p67p100;1997;573779.81;992;j
RS;adiinc992j;p67p100;1998;606850.88;992;j
RS;adiinc992j;p67p100;1999;669802.63;992;j
RS;adiinc992j;p67p100;2000;739450.13;992;j
RS;adiinc992j;p67p100;2001;740410.31;992;j
RS;adiinc992j;p67p100;2002;806527.63;992;j
RS;adiinc992j;p67p100;2003;851609.5;992;j
RS;adiinc992j;p67p100;2004;974887.5;992;j
RS;adiinc992j;p67p100;2005;1099821.8;992;j
RS;adiinc992j;p67p100;2006;1176166.4;992;j
RS;adiinc992j;p67p100;2007;1214243.1;992;j
RS;adiinc992j;p67p100;2008;1300477.5;992;j
RS;adiinc992j;p67p100;2009;1289904.8;992;j
RS;adiinc992j;p67p100;2010;1315176.1;992;j
RS;adiinc992j;p67p100;2011;1341375.8;992;j
RS;adiinc992j;p67p100;2012;1345936.8;992;j
RS;adiinc992j;p67p100;2013;1382528.3;992;j
RS;adiinc992j;p67p100;2014;1325113.3;992;j
RS;adiinc992j;p67p100;2015;1371243.8;992;j
RS;adiinc992j;p67p100;2016;1422713.6;992;j
RS;adiinc992j;p67p100;2017;1432340.3;992;j
RS;adiinc992j;p95p100;1990;2640306.5;992;j
RS;adiinc992j;p95p100;1991;2275789.8;992;j
RS;adiinc992j;p95p100;1992;1549518.4;992;j
RS;adiinc992j;p95p100;1993;1003501.7;992;j
RS;adiinc992j;p95p100;1994;1031342.2;992;j
RS;adiinc992j;p95p100;1995;1086835.8;992;j
RS;adiinc992j;p95p100;1996;1087427.8;992;j
RS;adiinc992j;p95p100;1997;1142664.1;992;j
RS;adiinc992j;p95p100;1998;1231798.3;992;j
RS;adiinc992j;p95p100;1999;1403822.8;992;j
RS;adiinc992j;p95p100;2000;1596352.3;992;j
RS;adiinc992j;p95p100;2001;1632981.4;992;j
RS;adiinc992j;p95p100;2002;1784347.6;992;j
RS;adiinc992j;p95p100;2003;1869662.0;992;j
RS;adiinc992j;p95p100;2004;2141167.3;992;j
RS;adiinc992j;p95p100;2005;2450358.5;992;j
RS;adiinc992j;p95p100;2006;2643311.3;992;j
RS;adiinc992j;p95p100;2007;2677700.5;992;j
RS;adiinc992j;p95p100;2008;2859201.0;992;j
RS;adiinc992j;p95p100;2009;2892766.8;992;j
RS;adiinc992j;p95p100;2010;2979095.5;992;j
RS;adiinc992j;p95p100;2011;3070082.3;992;j
RS;adiinc992j;p95p100;2012;3184196.5;992;j
RS;adiinc992j;p95p100;2013;3163165.3;992;j
RS;adiinc992j;p95p100;2014;3231567.0;992;j
RS;adiinc992j;p95p100;2015;3625980.5;992;j
RS;adiinc992j;p95p100;2016;3777326.3;992;j
RS;adiinc992j;p95p100;2017;3805587.3;992;j
RS;adiinc992j;p99.991p100;1990;62633692.0;992;j
RS;adiinc992j;p99.991p100;1991;50742108.0;992;j
RS;adiinc992j;p99.991p100;1992;31720816.0;992;j
RS;adiinc992j;p99.991p100;1993;19390436.0;992;j
RS;adiinc992j;p99.991p100;1994;19174602.0;992;j
RS;adiinc992j;p99.991p100;1995;19548162.0;992;j
RS;adiinc992j;p99.991p100;1996;18788296.0;992;j
RS;adiinc992j;p99.991p100;1997;18890126.0;992;j
RS;adiinc992j;p99.991p100;1998;21511084.0;992;j
RS;adiinc992j;p99.991p100;1999;29426392.0;992;j
RS;adiinc992j;p99.991p100;2000;34146988.0;992;j
RS;adiinc992j;p99.991p100;2001;39855172.0;992;j
RS;adiinc992j;p99.991p100;2002;39665456.0;992;j
RS;adiinc992j;p99.991p100;2003;41453576.0;992;j
RS;adiinc992j;p99.991p100;2004;47535348.0;992;j
RS;adiinc992j;p99.991p100;2005;57745640.0;992;j
RS;adiinc992j;p99.991p100;2006;55521360.0;992;j
RS;adiinc992j;p99.991p100;2007;48790620.0;992;j
RS;adiinc992j;p99.991p100;2008;45222324.0;992;j
RS;adiinc992j;p99.991p100;2009;55611328.0;992;j
RS;adiinc992j;p99.991p100;2010;52695884.0;992;j
RS;adiinc992j;p99.991p100;2011;51724388.0;992;j
RS;adiinc992j;p99.991p100;2012;82724080.0;992;j
RS;adiinc992j;p99.991p100;2013;62344896.0;992;j
RS;adiinc992j;p99.991p100;2014;125194656.0;992;j
RS;adiinc992j;p99.991p100;2015;215954128.0;992;j
RS;adiinc992j;p99.991p100;2016;225686064.0;992;j
RS;adiinc992j;p99.991p100;2017;227811200.0;992;j
RS;agsrco999i;p0p100;1997;3048.8999;999;i
RS;agsrco999i;p0p100;1998;30985.9;999;i
RS;agsrco999i;p0p100;1999;42244.801;999;i
RS;agsrco999i;p0p100;2000;53650.898;999;i
RS;agsrco999i;p0p100;2001;41777.898;999;i
RS;agsrco999i;p0p100;2002;35927.699;999;i
RS;agsrco999i;p0p100;2003;29784.9;999;i
RS;agsrco999i;p0p100;2004;54778.102;999;i
RS;agsrco999i;p0p100;2005;72662.102;999;i
RS;agsrco999i;p0p100;2006;73509.102;999;i
RS;agsrco999i;p0p100;2007;81439.5;999;i
RS;agsrco999i;p0p100;2008;90050.102;999;i
RS;agsrco999i;p0p100;2009;81540.203;999;i
RS;agsrco999i;p0p100;2010;88935.203;999;i
RS;agsrco999i;p0p100;2011;110165.4;999;i
RS;aprghn999i;p0p100;1997;253905.41;999;i
RS;aprghn999i;p0p100;1998;233762.5;999;i
RS;aprghn999i;p0p100;1999;258310.0;999;i
RS;aprghn999i;p0p100;2000;273636.19;999;i
RS;aprghn999i;p0p100;2001;286434.69;999;i
RS;aprghn999i;p0p100;2002;298318.31;999;i
RS;aprghn999i;p0p100;2003;315637.59;999;i
RS;aprghn999i;p0p100;2004;328147.91;999;i
RS;aprghn999i;p0p100;2005;358624.81;999;i
RS;aprghn999i;p0p100;2006;381306.41;999;i
RS;aprghn999i;p0p100;2007;403232.5;999;i
RS;aprghn999i;p0p100;2008;430759.09;999;i
RS;aprghn999i;p0p100;2009;411793.59;999;i
RS;aprghn999i;p0p100;2010;411882.69;999;i
RS;aprghn999i;p0p100;2011;423562.31;999;i
RS;aptfnx992i;p0p100;2007;-6015.5;992;i
RS;aptfnx992i;p0p100;2008;-8901.2998;992;i
RS;aptfnx992i;p0p100;2009;-10455.1;992;i
RS;aptfnx992i;p0p100;2010;-11785.5;992;i
RS;aptfnx992i;p0p100;2011;-12458.9;992;i
RS;aptfnx992i;p0p100;2012;-12931.2;992;i
RS;aptfnx992i;p0p100;2013;-15444.7;992;i
RS;aptfnx992i;p0p100;2014;-16716.4;992;i
RS;aptfnx992i;p0p100;2015;-18796.5;992;i
RS;aptfnx992i;p0p100;2016;-17712.4;992;i
RS;aptfnx992i;p0p100;2017;-13672.1;992;i
RS;aptfnx992i;p0p100;2018;-10075.0;992;i
RS;aptfrn999i;p0p100;1980;10.5;999;i
RS;aptfrn999i;p0p100;1981;11.6;999;i
RS;aptfrn999i;p0p100;1982;12.7;999;i
RS;aptfrn999i;p0p100;1983;13.7;999;i
RS;aptfrn999i;p0p100;1984;14.8;999;i
RS;aptfrn999i;p0p100;1985;15.9;999;i
RS;aptfrn999i;p0p100;1986;16.9;999;i
RS;aptfrn999i;p0p100;1987;18.0;999;i
RS;aptfrn999i;p0p100;1988;19.1;999;i
RS;aptfrn999i;p0p100;1989;20.200001;999;i
RS;aptfrn999i;p0p100;1990;21.299999;999;i
RS;aptfrn999i;p0p100;1991;19.6;999;i
RS;aptfrn999i;p0p100;1992;14.6;999;i
RS;aptfrn999i;p0p100;1993;10.5;999;i
RS;aptfrn999i;p0p100;1994;11.2;999;i
RS;aptfrn999i;p0p100;1995;12.3;999;i
RS;aptfrn999i;p0p100;1996;13.1;999;i
RS;aptfrn999i;p0p100;1997;14.7;999;i
RS;aptfrn999i;p0p100;1998;1.6;999;i
RS;aptfrn999i;p0p100;1999;-0.5;999;i
RS;aptfrn999i;p0p100;2000;-6.0999999;999;i
RS;aptfrn999i;p0p100;2001;6.6999998;999;i
RS;aptfrn999i;p0p100;2002;8.3000002;999;i
RS;aptfrn999i;p0p100;2003;9.6000004;999;i
RS;aptfrn999i;p0p100;2004;-9.6999998;999;i
RS;aptfrn999i;p0p100;2005;-79.0;999;i
RS;aptfrn999i;p0p100;2006;-310.79999;999;i
RS;aptfrn999i;p0p100;2007;131.7;999;i
RS;aptfrn999i;p0p100;2008;173.2;999;i
RS;aptfrn999i;p0p100;2009;-268.0;999;i
RS;aptfrn999i;p0p100;2010;-399.79999;999;i
RS;aptfrn999i;p0p100;2011;-498.0;999;i
RS;aptfrn999i;p0p100;2012;-560.90002;999;i
RS;aptfrn999i;p0p100;2013;-593.79999;999;i
RS;aptfrn999i;p0p100;2014;-489.5;999;i
RS;aptfrn999i;p0p100;2015;-410.0;999;i
RS;aptfrn999i;p0p100;2016;-48.700001;999;i
RS;aptfrn999i;p0p100;2017;-53.200001;999;i
RS;aptfrn999i;p0p100;2018;-37.5;999;i
RS;aptfrn999i;p0p100;2019;-39.5;999;i
RS;aptinc992j;p16p17;1990;208286.59;992;j
RS;aptinc992j;p16p17;1991;180225.41;992;j
RS;aptinc992j;p16p17;1992;123103.7;992;j
RS;aptinc992j;p16p17;1993;79490.398;992;j
RS;aptinc992j;p16p17;1994;81547.203;992;j
RS;aptinc992j;p16p17;1995;85741.297;992;j
RS;aptinc992j;p16p17;1996;86198.797;992;j
RS;aptinc992j;p16p17;1997;91048.602;992;j
RS;aptinc992j;p16p17;1998;101548.0;992;j
RS;aptinc992j;p16p17;1999;111356.9;992;j
RS;aptinc992j;p16p17;2000;120529.6;992;j
RS;aptinc992j;p16p17;2001;120670.4;992;j
RS;aptinc992j;p16p17;2002;117105.4;992;j
RS;aptinc992j;p16p17;2003;120333.9;992;j
RS;aptinc992j;p16p17;2004;123531.6;992;j
RS;aptinc992j;p16p17;2005;128465.5;992;j
RS;aptinc992j;p16p17;2006;119880.5;992;j
RS;aptinc992j;p16p17;2007;110107.5;992;j
RS;aptinc992j;p16p17;2008;103444.7;992;j
RS;aptinc992j;p16p17;2009;94248.203;992;j
RS;aptinc992j;p16p17;2010;84880.703;992;j
RS;aptinc992j;p16p17;2011;70442.5;992;j
RS;aptinc992j;p16p17;2012;62683.898;992;j
RS;aptinc992j;p16p17;2013;58887.199;992;j
RS;aptinc992j;p16p17;2014;53388.801;992;j
RS;aptinc992j;p16p17;2015;57329.898;992;j
RS;aptinc992j;p16p17;2016;59335.5;992;j
RS;aptinc992j;p16p17;2017;59391.199;992;j
RS;aptinc992j;p31p32;1990;401084.41;992;j
RS;aptinc992j;p31p32;1991;347773.41;992;j
RS;aptinc992j;p31p32;1992;237728.59;992;j
RS;aptinc992j;p31p32;1993;153931.5;992;j
RS;aptinc992j;p31p32;1994;158462.2;992;j
RS;aptinc992j;p31p32;1995;166963.8;992;j
RS;aptinc992j;p31p32;1996;168353.8;992;j
RS;aptinc992j;p31p32;1997;178481.59;992;j
RS;aptinc992j;p31p32;1998;185462.41;992;j
RS;aptinc992j;p31p32;1999;202224.0;992;j
RS;aptinc992j;p31p32;2000;219762.2;992;j
RS;aptinc992j;p31p32;2001;218179.7;992;j
RS;aptinc992j;p31p32;2002;231531.2;992;j
RS;aptinc992j;p31p32;2003;236462.2;992;j
RS;aptinc992j;p31p32;2004;258348.59;992;j
RS;aptinc992j;p31p32;2005;279475.91;992;j
RS;aptinc992j;p31p32;2006;285404.41;992;j
RS;aptinc992j;p31p32;2007;299613.19;992;j
RS;aptinc992j;p31p32;2008;308672.09;992;j
RS;aptinc992j;p31p32;2009;294734.41;992;j
RS;aptinc992j;p31p32;2010;283089.31;992;j
RS;aptinc992j;p31p32;2011;266509.81;992;j
RS;aptinc992j;p31p32;2012;266027.69;992;j
RS;aptinc992j;p31p32;2013;275486.5;992;j
RS;aptinc992j;p31p32;2014;256056.2;992;j
RS;aptinc992j;p31p32;2015;271969.41;992;j
RS;aptinc992j;p31p32;2016;280315.0;992;j
RS;aptinc992j;p31p32;2017;281689.81;992;j
RS;aptinc992j;p94p95;1990;1609080.5;992;j
RS;aptinc992j;p94p95;1991;1399920.0;992;j
RS;aptinc992j;p94p95;1992;960573.0;992;j
RS;aptinc992j;p94p95;1993;623831.88;992;j
RS;aptinc992j;p94p95;1994;643537.69;992;j
RS;aptinc992j;p94p95;1995;680077.69;992;j
RS;aptinc992j;p94p95;1996;686000.19;992;j
RS;aptinc992j;p94p95;1997;727744.31;992;j
RS;aptinc992j;p94p95;1998;769992.19;992;j
RS;aptinc992j;p94p95;1999;840205.88;992;j
RS;aptinc992j;p94p95;2000;931836.0;992;j
RS;aptinc992j;p94p95;2001;927986.31;992;j
RS;aptinc992j;p94p95;2002;1016806.2;992;j
RS;aptinc992j;p94p95;2003;1087388.8;992;j
RS;aptinc992j;p94p95;2004;1250610.8;992;j
RS;aptinc992j;p94p95;2005;1431010.1;992;j
RS;aptinc992j;p94p95;2006;1526672.8;992;j
RS;aptinc992j;p94p95;2007;1583673.1;992;j
RS;aptinc992j;p94p95;2008;1697616.1;992;j
RS;aptinc992j;p94p95;2009;1692324.4;992;j
RS;aptinc992j;p94p95;2010;1742276.5;992;j
RS;aptinc992j;p94p95;2011;1779231.6;992;j
RS;aptinc992j;p94p95;2012;1803151.1;992;j
RS;aptinc992j;p94p95;2013;1817775.3;992;j
RS;aptinc992j;p94p95;2014;1737847.8;992;j
RS;aptinc992j;p94p95;2015;1742418.8;992;j
RS;aptinc992j;p94p95;2016;1796348.8;992;j
RS;aptinc992j;p94p95;2017;1807567.8;992;j
RS;aptinc992j;p99.3p100;1990;7436819.5;992;j
RS;aptinc992j;p99.3p100;1991;6583101.0;992;j
RS;aptinc992j;p99.3p100;1992;4581266.0;992;j
RS;aptinc992j;p99.3p100;1993;3027722.8;992;j
RS;aptinc992j;p99.3p100;1994;3168338.5;992;j
RS;aptinc992j;p99.3p100;1995;3409056.5;992;j
RS;aptinc992j;p99.3p100;1996;3479249.3;992;j
RS;aptinc992j;p99.3p100;1997;3735033.0;992;j
RS;aptinc992j;p99.3p100;1998;3947809.8;992;j
RS;aptinc992j;p99.3p100;1999;4523591.0;992;j
RS;aptinc992j;p99.3p100;2000;5277344.0;992;j
RS;aptinc992j;p99.3p100;2001;5504488.5;992;j
RS;aptinc992j;p99.3p100;2002;5935962.5;992;j
RS;aptinc992j;p99.3p100;2003;6187042.5;992;j
RS;aptinc992j;p99.3p100;2004;7182345.5;992;j
RS;aptinc992j;p99.3p100;2005;8000702.0;992;j
RS;aptinc992j;p99.3p100;2006;8543430.0;992;j
RS;aptinc992j;p99.3p100;2007;8329324.0;992;j
RS;aptinc992j;p99.3p100;2008;9009331.0;992;j
RS;aptinc992j;p99.3p100;2009;8865898.0;992;j
RS;aptinc992j;p99.3p100;2010;9072030.0;992;j
RS;aptinc992j;p99.3p100;2011;9466669.0;992;j
RS;aptinc992j;p99.3p100;2012;8691104.0;992;j
RS;aptinc992j;p99.3p100;2013;9038005.0;992;j
RS;aptinc992j;p99.3p100;2014;10878287.0;992;j
RS;aptinc992j;p99.3p100;2015;10597305.0;992;j
RS;aptinc992j;p99.3p100;2016;10935776.0;992;j
RS;aptinc992j;p99.3p100;2017;11015957.0;992;j
RS;aptinc992j;p99.7p100;1990;11335608.0;992;j
RS;aptinc992j;p99.7p100;1991;10078357.0;992;j
RS;aptinc992j;p99.7p100;1992;7028274.0;992;j
RS;aptinc992j;p99.7p100;1993;4664433.5;992;j
RS;aptinc992j;p99.7p100;1994;4887570.0;992;j
RS;aptinc992j;p99.7p100;1995;5279169.0;992;j
RS;aptinc992j;p99.7p100;1996;5405318.5;992;j
RS;aptinc992j;p99.7p100;1997;5823422.5;992;j
RS;aptinc992j;p99.7p100;1998;6128081.5;992;j
RS;aptinc992j;p99.7p100;1999;7096859.0;992;j
RS;aptinc992j;p99.7p100;2000;8322567.5;992;j
RS;aptinc992j;p99.7p100;2001;8772061.0;992;j
RS;aptinc992j;p99.7p100;2002;9384529.0;992;j
RS;aptinc992j;p99.7p100;2003;9728061.0;992;j
RS;aptinc992j;p99.7p100;2004;11295316.0;992;j
RS;aptinc992j;p99.7p100;2005;12460856.0;992;j
RS;aptinc992j;p99.7p100;2006;13309399.0;992;j
RS;aptinc992j;p99.7p100;2007;12850536.0;992;j
RS;aptinc992j;p99.7p100;2008;13937941.0;992;j
RS;aptinc992j;p99.7p100;2009;13657128.0;992;j
RS;aptinc992j;p99.7p100;2010;13820622.0;992;j
RS;aptinc992j;p99.7p100;2011;14497610.0;992;j
RS;aptinc992j;p99.7p100;2012;12780980.0;992;j
RS;aptinc992j;p99.7p100;2013;13522641.0;992;j
RS;aptinc992j;p99.7p100;2014;17428818.0;992;j
RS;aptinc992j;p99.7p100;2015;16967066.0;992;j
RS;aptinc992j;p99.7p100;2016;17509772.0;992;j
RS;aptinc992j;p99.7p100;2017;17636942.0;992;j
RS;aptinc992j;p99.993p99.994;1990;39097588.0;992;j
RS;aptinc992j;p99.993p99.994;1991;35078588.0;992;j
RS;aptinc992j;p99.993p99.994;1992;24552276.0;992;j
RS;aptinc992j;p99.993p99.994;1993;16433042.0;992;j
RS;aptinc992j;p99.993p99.994;1994;17250326.0;992;j
RS;aptinc992j;p99.993p99.994;1995;18772608.0;992;j
RS;aptinc992j;p99.993p99.994;1996;19347598.0;992;j
RS;aptinc992j;p99.993p99.994;1997;20995352.0;992;j
RS;aptinc992j;p99.993p99.994;1998;21869186.0;992;j
RS;aptinc992j;p99.993p99.994;1999;25847218.0;992;j
RS;aptinc992j;p99.993p99.994;2000;30545332.0;992;j
RS;aptinc992j;p99.993p99.994;2001;32826136.0;992;j
RS;aptinc992j;p99.993p99.994;2002;34555500.0;992;j
RS;aptinc992j;p99.993p99.994;2003;35451752.0;992;j
RS;aptinc992j;p99.993p99.994;2004;41152668.0;992;j
RS;aptinc992j;p99.993p99.994;2005;44481048.0;992;j
RS;aptinc992j;p99.993p99.994;2006;47534068.0;992;j
RS;aptinc992j;p99.993p99.994;2007;45078344.0;992;j
RS;aptinc992j;p99.993p99.994;2008;49182444.0;992;j
RS;aptinc992j;p99.993p99.994;2009;47741724.0;992;j
RS;aptinc992j;p99.993p99.994;2010;46993576.0;992;j
RS;aptinc992j;p99.993p99.994;2011;49861116.0;992;j
RS;aptinc992j;p99.993p99.994;2012;39719824.0;992;j
RS;aptinc992j;p99.993p99.994;2013;44008208.0;992;j
RS;aptinc992j;p99.993p99.994;2014;65729872.0;992;j
RS;aptinc992j;p99.993p99.994;2015;64011836.0;992;j
RS;aptinc992j;p99.993p99.994;2016;66061564.0;992;j
RS;aptinc992j;p99.993p99.994;2017;66527432.0;992;j
RS;asavho999i;p0p100;1997;19016.4;999;i
RS;asavho999i;p0p100;1998;-17343.6;999;i
RS;asavho999i;p0p100;1999;-28705.4;999;i
RS;asavho999i;p0p100;2000;-32641.199;999;i
RS;asavho999i;p0p100;2001;-61131.199;999;i
RS;asavho999i;p0p100;2002;-74758.898;999;i
RS;asavho999i;p0p100;2003;-54999.0;999;i
RS;asavho999i;p0p100;2004;-73583.203;999;i
RS;asavho999i;p0p100;2005;-74115.203;999;i
RS;asavho999i;p0p100;2006;-73697.102;999;i
RS;asavho999i;p0p100;2007;-73119.602;999;i
RS;asavho999i;p0p100;2008;-74406.0;999;i
RS;asavho999i;p0p100;2009;-85900.203;999;i
RS;asavho999i;p0p100;2010;-96329.297;999;i
RS;asavho999i;p0p100;2011;-85840.102;999;i
RS;bcainc992j;p82p100;1990;1.5596081;992;j
RS;bcainc992j;p82p100;1991;1.5570575;992;j
RS;bcainc992j;p82p100;1992;1.5562993;992;j
RS;bcainc992j;p82p100;1993;1.5608195;992;j
RS;bcainc992j;p82p100;1994;1.5641564;992;j
RS;bcainc992j;p82p100;1995;1.5671123;992;j
RS;bcainc992j;p82p100;1996;1.5638665;992;j
RS;bcainc992j;p82p100;1997;1.5613779;992;j
RS;bcainc992j;p82p100;1998;1.5971885;992;j
RS;bcainc992j;p82p100;1999;1.6292976;992;j
RS;bcainc992j;p82p100;2000;1.6722647;992;j
RS;bcainc992j;p82p100;2001;1.7035629;992;j
RS;bcainc992j;p82p100;2002;1.7068117;992;j
RS;bcainc992j;p82p100;2003;1.7096919;992;j
RS;bcainc992j;p82p100;2004;1.7208912;992;j
RS;bcainc992j;p82p100;2005;1.7447281;992;j
RS;bcainc992j;p82p100;2006;1.7666334;992;j
RS;bcainc992j;p82p100;2007;1.7477307;992;j
RS;bcainc992j;p82p100;2008;1.7355263;992;j
RS;bcainc992j;p82p100;2009;1.7620361;992;j
RS;bcainc992j;p82p100;2010;1.7824268;992;j
RS;bcainc992j;p82p100;2011;1.804229;992;j
RS;bcainc992j;p82p100;2012;1.8354236;992;j
RS;bcainc992j;p82p100;2013;1.7702342;992;j
RS;bcainc992j;p82p100;2014;1.8912988;992;j
RS;bcainc992j;p82p100;2015;2.043756;992;j
RS;bcainc992j;p82p100;2016;2.0440333;992;j
RS;bcainc992j;p82p100;2017;2.0447938;992;j
RS;bcainc992j;p99.5p100;1990;2.0078454;992;j
RS;bcainc992j;p99.5p100;1991;1.9687732;992;j
RS;bcainc992j;p99.5p100;1992;1.9178622;992;j
RS;bcainc992j;p99.5p100;1993;1.8853645;992;j
RS;bcainc992j;p99.5p100;1994;1.8642737;992;j
RS;bcainc992j;p99.5p100;1995;1.84662;992;j
RS;bcainc992j;p99.5p100;1996;1.8252695;992;j
RS;bcainc992j;p99.5p100;1997;1.8027261;992;j
RS;bcainc992j;p99.5p100;1998;1.829519;992;j
RS;bcainc992j;p99.5p100;1999;1.9302387;992;j
RS;bcainc992j;p99.5p100;2000;1.9458081;992;j
RS;bcainc992j;p99.5p100;2001;2.0292976;992;j
RS;bcainc992j;p99.5p100;2002;1.9725761;992;j
RS;bcainc992j;p99.5p100;2003;1.9701886;992;j
RS;bcainc992j;p99.5p100;2004;1.9698343;992;j
RS;bcainc992j;p99.5p100;2005;2.0068936;992;j
RS;bcainc992j;p99.5p100;2006;1.9370905;992;j
RS;bcainc992j;p99.5p100;2007;1.8575473;992;j
RS;bcainc992j;p99.5p100;2008;1.7848141;992;j
RS;bcainc992j;p99.5p100;2009;1.8873192;992;j
RS;bcainc992j;p99.5p100;2010;1.8424077;992;j
RS;bcainc992j;p99.5p100;2011;1.8166492;992;j
RS;bcainc992j;p99.5p100;2012;2.0743816;992;j
RS;bcainc992j;p99.5p100;2013;1.9020809;992;j
RS;bcainc992j;p99.5p100;2014;2.3915906;992;j
RS;bcainc992j;p99.5p100;2015;2.8701937;992;j
RS;bcainc992j;p99.5p100;2016;2.8709607;992;j
RS;bcainc992j;p99.5p100;2017;2.8735254;992;j
RS;bdiinc992j;p23p100;1990;2.595619;992;j
RS;bdiinc992j;p23p100;1991;2.5622628;992;j
RS;bdiinc992j;p23p100;1992;2.525136;992;j
RS;bdiinc992j;p23p100;1993;2.4895349;992;j
RS;bdiinc992j;p23p100;1994;2.454195;992;j
RS;bdiinc992j;p23p100;1995;2.4160085;992;j
RS;bdiinc992j;p23p100;1996;2.3769534;992;j
RS;bdiinc992j;p23p100;1997;2.3308692;992;j
RS;bdiinc992j;p23p100;1998;2.2864532;992;j
RS;bdiinc992j;p23p100;1999;2.3286014;992;j
RS;bdiinc992j;p23p100;2000;2.2993641;992;j
RS;bdiinc992j;p23p100;2001;2.2918181;992;j
RS;bdiinc992j;p23p100;2002;2.3918557;992;j
RS;bdiinc992j;p23p100;2003;2.4609025;992;j
RS;bdiinc992j;p23p100;2004;2.6235757;992;j
RS;bdiinc992j;p23p100;2005;2.6779315;992;j
RS;bdiinc992j;p23p100;2006;2.839318;992;j
RS;bdiinc992j;p23p100;2007;2.86092;992;j
RS;bdiinc992j;p23p100;2008;2.9505179;992;j
RS;bdiinc992j;p23p100;2009;3.1667895;992;j
RS;bdiinc992j;p23p100;2010;3.4314182;992;j
RS;bdiinc992j;p23p100;2011;3.7739966;992;j
RS;bdiinc992j;p23p100;2012;3.641892;992;j
RS;bdiinc992j;p23p100;2013;4.2361422;992;j
RS;bdiinc992j;p23p100;2014;3.6136408;992;j
RS;bdiinc992j;p23p100;2015;4.1143332;992;j
RS;bdiinc992j;p23p100;2016;4.2446737;992;j
RS;bdiinc992j;p23p100;2017;4.2672606;992;j
RS;bdiinc992j;p36p100;1990;2.0255897;992;j
RS;bdiinc992j;p36p100;1991;2.0149672;992;j
RS;bdiinc992j;p36p100;1992;2.0049407;992;j
RS;bdiinc992j;p36p100;1993;1.9937369;992;j
RS;bdiinc992j;p36p100;1994;1.9841847;992;j
RS;bdiinc992j;p36p100;1995;1.9735057;992;j
RS;bdiinc992j;p36p100;1996;1.9571695;992;j
RS;bdiinc992j;p36p100;1997;1.9398099;992;j
RS;bdiinc992j;p36p100;1998;1.9993241;992;j
RS;bdiinc992j;p36p100;1999;2.0227249;992;j
RS;bdiinc992j;p36p100;2000;2.0280256;992;j
RS;bdiinc992j;p36p100;2001;2.0422692;992;j
RS;bdiinc992j;p36p100;2002;2.0784843;992;j
RS;bdiinc992j;p36p100;2003;2.0885029;992;j
RS;bdiinc992j;p36p100;2004;2.1517723;992;j
RS;bdiinc992j;p36p100;2005;2.2006676;992;j
RS;bdiinc992j;p36p100;2006;2.2492034;992;j
RS;bdiinc992j;p36p100;2007;2.2778966;992;j
RS;bdiinc992j;p36p100;2008;2.3135221;992;j
RS;bdiinc992j;p36p100;2009;2.3525755;992;j
RS;bdiinc992j;p36p100;2010;2.4348257;992;j
RS;bdiinc992j;p36p100;2011;2.5266304;992;j
RS;bdiinc992j;p36p100;2012;2.5735989;992;j
RS;bdiinc992j;p36p100;2013;2.6505029;992;j
RS;bdiinc992j;p36p100;2014;2.5443618;992;j
RS;bdiinc992j;p36p100;2015;2.6441939;992;j
RS;bdiinc992j;p36p100;2016;2.684103;992;j
RS;bdiinc992j;p36p100;2017;2.6898885;992;j
RS;bdiinc992j;p97p100;1990;1.7840337;992;j
RS;bdiinc992j;p97p100;1991;1.7644025;992;j
RS;bdiinc992j;p97p100;1992;1.7417811;992;j
RS;bdiinc992j;p97p100;1993;1.7309626;992;j
RS;bdiinc992j;p97p100;1994;1.7232248;992;j
RS;bdiinc992j;p97p100;1995;1.7173197;992;j
RS;bdiinc992j;p97p100;1996;1.7046636;992;j
RS;bdiinc992j;p97p100;1997;1.6910063;992;j
RS;bdiinc992j;p97p100;1998;1.7159168;992;j
RS;bdiinc992j;p97p100;1999;1.789865;992;j
RS;bdiinc992j;p97p100;2000;1.8290045;992;j
RS;bdiinc992j;p97p100;2001;1.8862172;992;j
RS;bdiinc992j;p97p100;2002;1.8655515;992;j
RS;bdiinc992j;p97p100;2003;1.8496037;992;j
RS;bdiinc992j;p97p100;2004;1.8426572;992;j
RS;bdiinc992j;p97p100;2005;1.8677853;992;j
RS;bdiinc992j;p97p100;2006;1.8441467;992;j
RS;bdiinc992j;p97p100;2007;1.788038;992;j
RS;bdiinc992j;p97p100;2008;1.751042;992;j
RS;bdiinc992j;p97p100;2009;1.8185455;992;j
RS;bdiinc992j;p97p100;2010;1.7986366;992;j
RS;bdiinc992j;p97p100;2011;1.789739;992;j
RS;bdiinc992j;p97p100;2012;1.9627512;992;j
RS;bdiinc992j;p97p100;2013;1.8476404;992;j
RS;bdiinc992j;p97p100;2014;2.1443667;992;j
RS;bdiinc992j;p97p100;2015;2.4709868;992;j
RS;bdiinc992j;p97p100;2016;2.4779866;992;j
RS;bdiinc992j;p97p100;2017;2.4798491;992;j
RS;bptinc992j;p7p100;1990;7.513341;992;j
RS;bptinc992j;p7p100;1991;7.2902908;992;j
RS;bptinc992j;p7p100;1992;7.1325512;992;j
RS;bptinc992j;p7p100;1993;6.9539161;992;j
RS;bptinc992j;p7p100;1994;6.8269143;992;j
RS;bptinc992j;p7p100;1995;6.6442657;992;j
RS;bptinc992j;p7p100;1996;6.4619093;992;j
RS;bptinc992j;p7p100;1997;6.3258953;992;j
RS;bptinc992j;p7p100;1998;5.730114;992;j
RS;bptinc992j;p7p100;1999;5.6366086;992;j
RS;bptinc992j;p7p100;2000;5.7692504;992;j
RS;bptinc992j;p7p100;2001;5.7024574;992;j
RS;bptinc992j;p7p100;2002;6.8381395;992;j
RS;bptinc992j;p7p100;2003;7.5061998;992;j
RS;bptinc992j;p7p100;2004;7.9682755;992;j
RS;bptinc992j;p7p100;2005;9.0400581;992;j
RS;bptinc992j;p7p100;2006;10.782937;992;j
RS;bptinc992j;p7p100;2007;12.504484;992;j
RS;bptinc992j;p7p100;2008;14.609287;992;j
RS;bptinc992j;p7p100;2009;16.965248;992;j
RS;bptinc992j;p7p100;2010;18.140566;992;j
RS;bptinc992j;p7p100;2011;21.561781;992;j
RS;bptinc992j;p7p100;2012;22.077669;992;j
RS;bptinc992j;p7p100;2013;25.294376;992;j
RS;bptinc992j;p7p100;2014;24.418966;992;j
RS;bptinc992j;p7p100;2015;24.50927;992;j
RS;bptinc992j;p7p100;2016;24.449492;992;j
RS;bptinc992j;p7p100;2017;24.702227;992;j
RS;mfdirx999i;p0p100;2007;8515464704.0;999;i
RS;mfdirx999i;p0p100;2008;7222413312.0;999;i
RS;mfdirx999i;p0p100;2009;13935597568.0;999;i
RS;mfdirx999i;p0p100;2010;13525719040.0;999;i
RS;mfdirx999i;p0p100;2011;24351862784.0;999;i
RS;mfdirx999i;p0p100;2012;36347846656.0;999;i
RS;mfdirx999i;p0p100;2013;36417327104.0;999;i
RS;mfdirx999i;p0p100;2014;44538208256.0;999;i
RS;mfdirx999i;p0p100;2015;48368963584.0;999;i
RS;mfdirx999i;p0p100;2016;33080594432.0;999;i
RS;mfdirx999i;p0p100;2017;19386071040.0;999;i
RS;mfdirx999i;p0p100;2018;17104360448.0;999;i
RS;mgsrco999i;p0p100;1997;29832458240.0;999;i
RS;mgsrco999i;p0p100;1998;300111462400.0;999;i
RS;mgsrco999i;p0p100;1999;318542905344.0;999;i
RS;mgsrco999i;p0p100;2000;403258605568.0;999;i
RS;mgsrco999i;p0p100;2001;313477726208.0;999;i
RS;mgsrco999i;p0p100;2002;269458833408.0;999;i
RS;mgsrco999i;p0p100;2003;222808965120.0;999;i
RS;mgsrco999i;p0p100;2004;408817631232.0;999;i
RS;mgsrco999i;p0p100;2005;540661874688.0;999;i
RS;mgsrco999i;p0p100;2006;544817807360.0;999;i
RS;mgsrco999i;p0p100;2007;601152421888.0;999;i
RS;mgsrco999i;p0p100;2008;661888106496.0;999;i
RS;mgsrco999i;p0p100;2009;596939767808.0;999;i
RS;mgsrco999i;p0p100;2010;648465219584.0;999;i
RS;mgsrco999i;p0p100;2011;797213786112.0;999;i
RS;msegho999i;p0p100;1997;2326793027584.0;999;i
RS;msegho999i;p0p100;1998;2215267008512.0;999;i
RS;msegho999i;p0p100;1999;1901109575680.0;999;i
RS;msegho999i;p0p100;2000;2024504426496.0;999;i
RS;msegho999i;p0p100;2001;2085203476480.0;999;i
RS;msegho999i;p0p100;2002;2199273865216.0;999;i
RS;msegho999i;p0p100;2003;2326062694400.0;999;i
RS;msegho999i;p0p100;2004;2323512819712.0;999;i
RS;msegho999i;p0p100;2005;2596757045248.0;999;i
RS;msegho999i;p0p100;2006;2753696890880.0;999;i
RS;msegho999i;p0p100;2007;2898567626752.0;999;i
RS;msegho999i;p0p100;2008;3135253774336.0;999;i
RS;msegho999i;p0p100;2009;3106460139520.0;999;i
RS;msegho999i;p0p100;2010;3084215386112.0;999;i
RS;msegho999i;p0p100;2011;3038945214464.0;999;i
RS;npopul111f;p0p100;1950;25.0;111;f
RS;npopul111f;p0p100;1951;23.0;111;f
RS;npopul111f;p0p100;1952;22.0;111;f
RS;npopul111f;p0p100;1953;21.0;111;f
RS;npopul111f;p0p100;1954;20.0;111;f
RS;npopul111f;p0p100;1955;20.0;111;f
RS;npopul111f;p0p100;1956;20.0;111;f
RS;npopul111f;p0p100;1957;20.0;111;f
RS;npopul111f;p0p100;1958;20.0;111;f
RS;npopul111f;p0p100;1959;20.0;111;f
RS;npopul111f;p0p100;1960;21.0;111;f
RS;npopul111f;p0p100;1961;22.0;111;f
RS;npopul111f;p0p100;1962;23.0;111;f
RS;npopul111f;p0p100;1963;24.0;111;f
RS;npopul111f;p0p100;1964;25.0;111;f
RS;npopul111f;p0p100;1965;27.0;111;f
RS;npopul111f;p0p100;1966;29.0;111;f
RS;npopul111f;p0p100;1967;31.0;111;f
RS;npopul111f;p0p100;1968;33.0;111;f
RS;npopul111f;p0p100;1969;36.0;111;f
RS;npopul111f;p0p100;1970;39.0;111;f
RS;npopul111f;p0p100;1971;43.0;111;f
RS;npopul111f;p0p100;1972;47.0;111;f
RS;npopul111f;p0p100;1973;52.0;111;f
RS;npopul111f;p0p100;1974;56.0;111;f
RS;npopul111f;p0p100;1975;59.0;111;f
RS;npopul111f;p0p100;1976;62.0;111;f
RS;npopul111f;p0p100;1977;64.0;111;f
RS;npopul111f;p0p100;1978;65.0;111;f
RS;npopul111f;p0p100;1979;66.0;111;f
RS;npopul111f;p0p100;1980;66.0;111;f
RS;npopul111f;p0p100;1981;66.0;111;f
RS;npopul111f;p0p100;1982;65.0;111;f
RS;npopul111f;p0p100;1983;64.0;111;f
RS;npopul111f;p0p100;1984;64.0;111;f
RS;npopul111f;p0p100;1985;65.0;111;f
RS;npopul111f;p0p100;1986;67.0;111;f
RS;npopul111f;p0p100;1987;71.0;111;f
RS;npopul111f;p0p100;1988;74.0;111;f
RS;npopul111f;p0p100;1989;78.0;111;f
RS;npopul111f;p0p100;1990;80.0;111;f
RS;npopul111f;p0p100;1991;80.0;111;f
RS;npopul111f;p0p100;1992;80.0;111;f
RS;npopul111f;p0p100;1993;78.0;111;f
RS;npopul111f;p0p100;1994;79.0;111;f
RS;npopul111f;p0p100;1995;81.0;111;f
RS;npopul111f;p0p100;1996;87.0;111;f
RS;npopul111f;p0p100;1997;95.0;111;f
RS;npopul111f;p0p100;1998;104.0;111;f
RS;npopul111f;p0p100;1999;88.0;111;f
RS;npopul111f;p0p100;2000;94.0;111;f
RS;npopul111f;p0p100;2001;98.0;111;f
RS;npopul111f;p0p100;2002;101.0;111;f
RS;npopul111f;p0p100;2003;102.0;111;f
RS;npopul111f;p0p100;2004;103.0;111;f
RS;npopul111f;p0p100;2005;103.0;111;f
RS;npopul111f;p0p100;2006;103.0;111;f
RS;npopul111f;p0p100;2007;102.0;111;f
RS;npopul111f;p0p100;2008;101.0;111;f
RS;npopul111f;p0p100;2009;100.0;111;f
RS;npopul111f;p0p100;2010;97.0;111;f
RS;npopul111f;p0p100;2011;94.0;111;f
RS;npopul111f;p0p100;2012;90.0;111;f
RS;npopul111f;p0p100;2013;87.0;111;f
RS;npopul111f;p0p100;2014;83.0;111;f
RS;npopul111f;p0p100;2015;78.0;111;f
RS;npopul111f;p0p100;2016;73.0;111;f
RS;npopul111f;p0p100;2017;67.0;111;f
RS;npopul111f;p0p100;2018;63.0;111;f
RS;npopul111f;p0p100;2019;61.0;111;f
RS;npopul502i;p0p100;1950;578590.0;502;i
RS;npopul502i;p0p100;1951;603924.0;502;i
RS;npopul502i;p0p100;1952;632815.0;502;i
RS;npopul502i;p0p100;1953;662116.0;502;i
RS;npopul502i;p0p100;1954;689772.0;502;i
RS;npopul502i;p0p100;1955;714897.0;502;i
RS;npopul502i;p0p100;1956;735051.0;502;i
RS;npopul502i;p0p100;1957;752481.0;502;i
RS;npopul502i;p0p100;1958;766798.0;502;i
RS;npopul502i;p0p100;1959;777407.0;502;i
RS;npopul502i;p0p100;1960;783879.0;502;i
RS;npopul502i;p0p100;1961;786148.0;502;i
RS;npopul502i;p0p100;1962;784461.0;502;i
RS;npopul502i;p0p100;1963;778257.0;502;i
RS;npopul502i;p0p100;1964;766068.0;502;i
RS;npopul502i;p0p100;1965;747379.0;502;i
RS;npopul502i;p0p100;1966;718495.0;502;i
RS;npopul502i;p0p100;1967;684654.0;502;i
RS;npopul502i;p0p100;1968;651834.0;502;i
RS;npopul502i;p0p100;1969;628938.0;502;i
RS;npopul502i;p0p100;1970;621686.0;502;i
RS;npopul502i;p0p100;1971;627578.0;502;i
RS;npopul502i;p0p100;1972;647546.0;502;i
RS;npopul502i;p0p100;1973;680358.0;502;i
RS;npopul502i;p0p100;1974;724038.0;502;i
RS;npopul502i;p0p100;1975;776652.0;502;i
RS;npopul502i;p0p100;1976;835343.0;502;i
RS;npopul502i;p0p100;1977;902843.0;502;i
RS;npopul502i;p0p100;1978;973107.0;502;i
RS;npopul502i;p0p100;1979;1037649.0;502;i
RS;npopul502i;p0p100;1980;1091150.0;502;i
RS;npopul502i;p0p100;1981;1130651.0;502;i
RS;npopul502i;p0p100;1982;1159489.0;502;i
RS;npopul502i;p0p100;1983;1178787.0;502;i
RS;npopul502i;p0p100;1984;1190683.0;502;i
RS;npopul502i;p0p100;1985;1196480.0;502;i
RS;npopul502i;p0p100;1986;1192556.0;502;i
RS;npopul502i;p0p100;1987;1182994.0;502;i
RS;npopul502i;p0p100;1988;1168583.0;502;i
RS;npopul502i;p0p100;1989;1149869.0;502;i
RS;npopul502i;p0p100;1990;1127539.0;502;i
RS;npopul502i;p0p100;1991;1099864.0;502;i
RS;npopul502i;p0p100;1992;1069459.0;502;i
RS;npopul502i;p0p100;1993;1039527.0;502;i
RS;npopul502i;p0p100;1994;1015657.0;502;i
RS;npopul502i;p0p100;1995;1001639.0;502;i
RS;npopul502i;p0p100;1996;1000896.0;502;i
RS;npopul502i;p0p100;1997;1008547.0;502;i
RS;npopul502i;p0p100;1998;1025643.0;502;i
RS;npopul502i;p0p100;1999;829151.0;502;i
RS;npopul502i;p0p100;2000;865561.0;502;i
RS;npopul502i;p0p100;2001;905348.0;502;i
RS;npopul502i;p0p100;2002;954790.0;502;i
RS;npopul502i;p0p100;2003;1004206.0;502;i
RS;npopul502i;p0p100;2004;1046172.0;502;i
RS;npopul502i;p0p100;2005;1073494.0;502;i
RS;npopul502i;p0p100;2006;1082836.0;502;i
RS;npopul502i;p0p100;2007;1079810.0;502;i
RS;npopul502i;p0p100;2008;1067284.0;502;i
RS;npopul502i;p0p100;2009;1050567.0;502;i
RS;npopul502i;p0p100;2010;1032530.0;502;i
RS;npopul502i;p0p100;2011;1007266.0;502;i
RS;npopul502i;p0p100;2012;982684.0;502;i
RS;npopul502i;p0p100;2013;958301.0;502;i
RS;npopul502i;p0p100;2014;937214.0;502;i
RS;npopul502i;p0p100;2015;921042.0;502;i
RS;npopul502i;p0p100;2016;905190.0;502;i
RS;npopul502i;p0p100;2017;897443.0;502;i
RS;npopul502i;p0p100;2018;893999.0;502;i
RS;npopul502i;p0p100;2019;893312.0;502;i
RS;npopul991i;p0p100;1950;2608536.0;991;i
RS;npopul991i;p0p100;1951;2653060.0;991;i
RS;npopul991i;p0p100;1952;2681875.0;991;i
RS;npopul991i;p0p100;1953;2706443.0;991;i
RS;npopul991i;p0p100;1954;2727004.0;991;i
RS;npopul991i;p0p100;1955;2741280.0;991;i
RS;npopul991i;p0p100;1956;2754397.0;991;i
RS;npopul991i;p0p100;1957;2764464.0;991;i
RS;npopul991i;p0p100;1958;2773938.0;991;i
RS;npopul991i;p0p100;1959;2786800.0;991;i
RS;npopul991i;p0p100;1960;2805054.0;991;i
RS;npopul991i;p0p100;1961;2822842.0;991;i
RS;npopul991i;p0p100;1962;2856977.0;991;i
RS;npopul991i;p0p100;1963;2895420.0;991;i
RS;npopul991i;p0p100;1964;2922703.0;991;i
RS;npopul991i;p0p100;1965;2930989.0;991;i
RS;npopul991i;p0p100;1966;2944210.0;991;i
RS;npopul991i;p0p100;1967;2937129.0;991;i
RS;npopul991i;p0p100;1968;2916114.0;991;i
RS;npopul991i;p0p100;1969;2891584.0;991;i
RS;npopul991i;p0p100;1970;2869217.0;991;i
RS;npopul991i;p0p100;1971;2851619.0;991;i
RS;npopul991i;p0p100;1972;2834345.0;991;i
RS;npopul991i;p0p100;1973;2819601.0;991;i
RS;npopul991i;p0p100;1974;2808874.0;991;i
RS;npopul991i;p0p100;1975;2803602.0;991;i
RS;npopul991i;p0p100;1976;2814521.0;991;i
RS;npopul991i;p0p100;1977;2832269.0;991;i
RS;npopul991i;p0p100;1978;2854749.0;991;i
RS;npopul991i;p0p100;1979;2878246.0;991;i
RS;npopul991i;p0p100;1980;2899432.0;991;i
RS;npopul991i;p0p100;1981;2927562.0;991;i
RS;npopul991i;p0p100;1982;2951960.0;991;i
RS;npopul991i;p0p100;1983;2972320.0;991;i
RS;npopul991i;p0p100;1984;2989198.0;991;i
RS;npopul991i;p0p100;1985;3002660.0;991;i
RS;npopul991i;p0p100;1986;3017968.0;991;i
RS;npopul991i;p0p100;1987;3030443.0;991;i
RS;npopul991i;p0p100;1988;3039934.0;991;i
RS;npopul991i;p0p100;1989;3046617.0;991;i
RS;npopul991i;p0p100;1990;3050705.0;991;i
RS;npopul991i;p0p100;1991;3067300.0;991;i
RS;npopul991i;p0p100;1992;3078674.0;991;i
RS;npopul991i;p0p100;1993;3079976.0;991;i
RS;npopul991i;p0p100;1994;3065649.0;991;i
RS;npopul991i;p0p100;1995;3031734.0;991;i
RS;npopul991i;p0p100;1996;2970152.0;991;i
RS;npopul991i;p0p100;1997;2900228.0;991;i
RS;npopul991i;p0p100;1998;2825684.0;991;i
RS;npopul991i;p0p100;1999;2165393.0;991;i
RS;npopul991i;p0p100;2000;2124345.0;991;i
RS;npopul991i;p0p100;2001;2097585.0;991;i
RS;npopul991i;p0p100;2002;2072460.0;991;i
RS;npopul991i;p0p100;2003;2041721.0;991;i
RS;npopul991i;p0p100;2004;2010188.0;991;i
RS;npopul991i;p0p100;2005;1975541.0;991;i
RS;npopul991i;p0p100;2006;1944877.0;991;i
RS;npopul991i;p0p100;2007;1911085.0;991;i
RS;npopul991i;p0p100;2008;1875476.0;991;i
RS;npopul991i;p0p100;2009;1840880.0;991;i
RS;npopul991i;p0p100;2010;1807615.0;991;i
RS;npopul991i;p0p100;2011;1773117.0;991;i
RS;npopul991i;p0p100;2012;1743895.0;991;i
RS;npopul991i;p0p100;2013;1714821.0;991;i
RS;npopul991i;p0p100;2014;1686254.0;991;i
RS;npopul991i;p0p100;2015;1658195.0;991;i
RS;npopul991i;p0p100;2016;1644721.0;991;i
RS;npopul991i;p0p100;2017;1636847.0;991;i
RS;npopul991i;p0p100;2018;1626531.0;991;i
RS;npopul991i;p0p100;2019;1610820.0;991;i
RS;npopul994i;p0p100;1950;1443633.0;994;i
RS;npopul994i;p0p100;1951;1471542.0;994;i
RS;npopul994i;p0p100;1952;1501280.0;994;i
RS;npopul994i;p0p100;1953;1525901.0;994;i
RS;npopul994i;p0p100;1954;1540986.0;994;i
RS;npopul994i;p0p100;1955;1545423.0;994;i
RS;npopul994i;p0p100;1956;1536066.0;994;i
RS;npopul994i;p0p100;1957;1516592.0;994;i
RS;npopul994i;p0p100;1958;1493583.0;994;i
RS;npopul994i;p0p100;1959;1476718.0;994;i
RS;npopul994i;p0p100;1960;1472074.0;994;i
RS;npopul994i;p0p100;1961;1478793.0;994;i
RS;npopul994i;p0p100;1962;1495279.0;994;i
RS;npopul994i;p0p100;1963;1520643.0;994;i
RS;npopul994i;p0p100;1964;1551930.0;994;i
RS;npopul994i;p0p100;1965;1586773.0;994;i
RS;npopul994i;p0p100;1966;1617249.0;994;i
RS;npopul994i;p0p100;1967;1653486.0;994;i
RS;npopul994i;p0p100;1968;1694734.0;994;i
RS;npopul994i;p0p100;1969;1739978.0;994;i
RS;npopul994i;p0p100;1970;1788632.0;994;i
RS;npopul994i;p0p100;1971;1837791.0;994;i
RS;npopul994i;p0p100;1972;1888591.0;994;i
RS;npopul994i;p0p100;1973;1941159.0;994;i
RS;npopul994i;p0p100;1974;1996810.0;994;i
RS;npopul994i;p0p100;1975;2055543.0;994;i
RS;npopul994i;p0p100;1976;2112431.0;994;i
RS;npopul994i;p0p100;1977;2172861.0;994;i
RS;npopul994i;p0p100;1978;2230258.0;994;i
RS;npopul994i;p0p100;1979;2275040.0;994;i
RS;npopul994i;p0p100;1980;2301962.0;994;i
RS;npopul994i;p0p100;1981;2307718.0;994;i
RS;npopul994i;p0p100;1982;2297545.0;994;i
RS;npopul994i;p0p100;1983;2278226.0;994;i
RS;npopul994i;p0p100;1984;2260289.0;994;i
RS;npopul994i;p0p100;1985;2250483.0;994;i
RS;npopul994i;p0p100;1986;2243256.0;994;i
RS;npopul994i;p0p100;1987;2242926.0;994;i
RS;npopul994i;p0p100;1988;2250696.0;994;i
RS;npopul994i;p0p100;1989;2267087.0;994;i
RS;npopul994i;p0p100;1990;2291890.0;994;i
RS;npopul994i;p0p100;1991;2321014.0;994;i
RS;npopul994i;p0p100;1992;2361051.0;994;i
RS;npopul994i;p0p100;1993;2404620.0;994;i
RS;npopul994i;p0p100;1994;2441054.0;994;i
RS;npopul994i;p0p100;1995;2463424.0;994;i
RS;npopul994i;p0p100;1996;2484814.0;994;i
RS;npopul994i;p0p100;1997;2489723.0;994;i
RS;npopul994i;p0p100;1998;2485285.0;994;i
RS;npopul994i;p0p100;1999;1954339.0;994;i
RS;npopul994i;p0p100;2000;1973241.0;994;i
RS;npopul994i;p0p100;2001;1986796.0;994;i
RS;npopul994i;p0p100;2002;2007840.0;994;i
RS;npopul994i;p0p100;2003;2025969.0;994;i
RS;npopul994i;p0p100;2004;2040031.0;994;i
RS;npopul994i;p0p100;2005;2044373.0;994;i
RS;npopul994i;p0p100;2006;2038714.0;994;i
RS;npopul994i;p0p100;2007;2027341.0;994;i
RS;npopul994i;p0p100;2008;2011383.0;994;i
RS;npopul994i;p0p100;2009;1994025.0;994;i
RS;npopul994i;p0p100;2010;1976340.0;994;i
RS;npopul994i;p0p100;2011;1949604.0;994;i
RS;npopul994i;p0p100;2012;1927658.0;994;i
RS;npopul994i;p0p100;2013;1906973.0;994;i
RS;npopul994i;p0p100;2014;1890164.0;994;i
RS;npopul994i;p0p100;2015;1878108.0;994;i
RS;npopul994i;p0p100;2016;1866186.0;994;i
RS;npopul994i;p0p100;2017;1865352.0;994;i
RS;npopul994i;p0p100;2018;1868071.0;994;i
RS;npopul994i;p0p100;2019;1871869.0;994;i
RS;scainc992j;p75p100;1990;0.51200002;992;j
RS;scainc992j;p75p100;1991;0.50980002;992;j
RS;scainc992j;p75p100;1992;0.50800002;992;j
RS;scainc992j;p75p100;1993;0.50660002;992;j
RS;scainc992j;p75p100;1994;0.50510001;992;j
RS;scainc992j;p75p100;1995;0.50370002;992;j
RS;scainc992j;p75p100;1996;0.50150001;992;j
RS;scainc992j;p75p100;1997;0.49919999;992;j
RS;scainc992j;p75p100;1998;0.5;992;j
RS;scainc992j;p75p100;1999;0.50319999;992;j
RS;scainc992j;p75p100;2000;0.50919998;992;j
RS;scainc992j;p75p100;2001;0.51239997;992;j
RS;scainc992j;p75p100;2002;0.52249998;992;j
RS;scainc992j;p75p100;2003;0.52560002;992;j
RS;scainc992j;p75p100;2004;0.53570002;992;j
RS;scainc992j;p75p100;2005;0.54360002;992;j
RS;scainc992j;p75p100;2006;0.55239999;992;j
RS;scainc992j;p75p100;2007;0.55419999;992;j
RS;scainc992j;p75p100;2008;0.5582;992;j
RS;scainc992j;p75p100;2009;0.56470001;992;j
RS;scainc992j;p75p100;2010;0.57700002;992;j
RS;scainc992j;p75p100;2011;0.58749998;992;j
RS;scainc992j;p75p100;2012;0.59240001;992;j
RS;scainc992j;p75p100;2013;0.59200001;992;j
RS;scainc992j;p75p100;2014;0.58050001;992;j
RS;scainc992j;p75p100;2015;0.60369998;992;j
RS;scainc992j;p75p100;2016;0.60369998;992;j
RS;scainc992j;p75p100;2017;0.60390002;992;j
RS;sdiinc992j;p10p100;1990;0.97979999;992;j
RS;sdiinc992j;p10p100;1991;0.9799;992;j
RS;sdiinc992j;p10p100;1992;0.98000002;992;j
RS;sdiinc992j;p10p100;1993;0.98009998;992;j
RS;sdiinc992j;p10p100;1994;0.98009998;992;j
RS;sdiinc992j;p10p100;1995;0.98019999;992;j
RS;sdiinc992j;p10p100;1996;0.98019999;992;j
RS;sdiinc992j;p10p100;1997;0.98009998;992;j
RS;sdiinc992j;p10p100;1998;0.98000002;992;j
RS;sdiinc992j;p10p100;1999;0.98040003;992;j
RS;sdiinc992j;p10p100;2000;0.98070002;992;j
RS;sdiinc992j;p10p100;2001;0.98070002;992;j
RS;sdiinc992j;p10p100;2002;0.98339999;992;j
RS;sdiinc992j;p10p100;2003;0.98320001;992;j
RS;sdiinc992j;p10p100;2004;0.98500001;992;j
RS;sdiinc992j;p10p100;2005;0.98559999;992;j
RS;sdiinc992j;p10p100;2006;0.9867;992;j
RS;sdiinc992j;p10p100;2007;0.9874;992;j
RS;sdiinc992j;p10p100;2008;0.98720002;992;j
RS;sdiinc992j;p10p100;2009;0.98689997;992;j
RS;sdiinc992j;p10p100;2010;0.98729998;992;j
RS;sdiinc992j;p10p100;2011;0.98839998;992;j
RS;sdiinc992j;p10p100;2012;0.98900002;992;j
RS;sdiinc992j;p10p100;2013;0.98549998;992;j
RS;sdiinc992j;p10p100;2014;0.97860003;992;j
RS;sdiinc992j;p10p100;2015;0.98290002;992;j
RS;sdiinc992j;p10p100;2016;0.98390001;992;j
RS;sdiinc992j;p10p100;2017;0.98400003;992;j
RS;sdiinc992j;p1p2;1990;0.0016;992;j
RS;sdiinc992j;p1p2;1991;0.0016;992;j
RS;sdiinc992j;p1p2;1992;0.0015;992;j
RS;sdiinc992j;p1p2;1993;0.0014;992;j
RS;sdiinc992j;p1p2;1994;0.0014;992;j
RS;sdiinc992j;p1p2;1995;0.0013;992;j
RS;sdiinc992j;p1p2;1996;0.0012000001;992;j
RS;sdiinc992j;p1p2;1997;0.0011;992;j
RS;sdiinc992j;p1p2;1998;0.0011;992;j
RS;sdiinc992j;p1p2;1999;0.001;992;j
RS;sdiinc992j;p1p2;2000;0.001;992;j
RS;sdiinc992j;p1p2;2001;0.001;992;j
RS;sdiinc992j;p1p2;2002;0.0009;992;j
RS;sdiinc992j;p1p2;2003;0.001;992;j
RS;sdiinc992j;p1p2;2004;0.001;992;j
RS;sdiinc992j;p1p2;2005;0.001;992;j
RS;sdiinc992j;p1p2;2006;0.001;992;j
RS;sdiinc992j;p1p2;2007;0.001;992;j
RS;sdiinc992j;p1p2;2008;0.001;992;j
RS;sdiinc992j;p1p2;2009;0.0011;992;j
RS;sdiinc992j;p1p2;2010;0.0011;992;j
RS;sdiinc992j;p1p2;2011;0.001;992;j
RS;sdiinc992j;p1p2;2012;0.001;992;j
RS;sdiinc992j;p1p2;2013;0.0013;992;j
RS;sdiinc992j;p1p2;2014;0.0020000001;992;j
RS;sdiinc992j;p1p2;2015;0.0016;992;j
RS;sdiinc992j;p1p2;2016;0.0015;992;j
RS;sdiinc992j;p1p2;2017;0.0015;992;j
RS;sdiinc992j;p8p9;1990;0.0024999999;992;j
RS;sdiinc992j;p8p9;1991;0.0024999999;992;j
RS;sdiinc992j;p8p9;1992;0.0026;992;j
RS;sdiinc992j;p8p9;1993;0.0026;992;j
RS;sdiinc992j;p8p9;1994;0.0026;992;j
RS;sdiinc992j;p8p9;1995;0.0027000001;992;j
RS;sdiinc992j;p8p9;1996;0.0027000001;992;j
RS;sdiinc992j;p8p9;1997;0.0027999999;992;j
RS;sdiinc992j;p8p9;1998;0.0029;992;j
RS;sdiinc992j;p8p9;1999;0.0029;992;j
RS;sdiinc992j;p8p9;2000;0.0027999999;992;j
RS;sdiinc992j;p8p9;2001;0.0027999999;992;j
RS;sdiinc992j;p8p9;2002;0.0024000001;992;j
RS;sdiinc992j;p8p9;2003;0.0023000001;992;j
RS;sdiinc992j;p8p9;2004;0.0020000001;992;j
RS;sdiinc992j;p8p9;2005;0.0019;992;j
RS;sdiinc992j;p8p9;2006;0.0018;992;j
RS;sdiinc992j;p8p9;2007;0.0016;992;j
RS;sdiinc992j;p8p9;2008;0.0016;992;j
RS;sdiinc992j;p8p9;2009;0.0015;992;j
RS;sdiinc992j;p8p9;2010;0.0015;992;j
RS;sdiinc992j;p8p9;2011;0.0013;992;j
RS;sdiinc992j;p8p9;2012;0.0012000001;992;j
RS;sdiinc992j;p8p9;2013;0.0016;992;j
RS;sdiinc992j;p8p9;2014;0.0022;992;j
RS;sdiinc992j;p8p9;2015;0.0018;992;j
RS;sdiinc992j;p8p9;2016;0.0017;992;j
RS;sdiinc992j;p8p9;2017;0.0017;992;j
RS;sdiinc992j;p99.95p99.96;1990;0.0017;992;j
RS;sdiinc992j;p99.95p99.96;1991;0.0017;992;j
RS;sdiinc992j;p99.95p99.96;1992;0.0016;992;j
RS;sdiinc992j;p99.95p99.96;1993;0.0016;992;j
RS;sdiinc992j;p99.95p99.96;1994;0.0016;992;j
RS;sdiinc992j;p99.95p99.96;1995;0.0015;992;j
RS;sdiinc992j;p99.95p99.96;1996;0.0015;992;j
RS;sdiinc992j;p99.95p99.96;1997;0.0015;992;j
RS;sdiinc992j;p99.95p99.96;1998;0.0015;992;j
RS;sdiinc992j;p99.95p99.96;1999;0.0017;992;j
RS;sdiinc992j;p99.95p99.96;2000;0.0018;992;j
RS;sdiinc992j;p99.95p99.96;2001;0.0020000001;992;j
RS;sdiinc992j;p99.95p99.96;2002;0.0020000001;992;j
RS;sdiinc992j;p99.95p99.96;2003;0.0019;992;j
RS;sdiinc992j;p99.95p99.96;2004;0.0020000001;992;j
RS;sdiinc992j;p99.95p99.96;2005;0.0020999999;992;j
RS;sdiinc992j;p99.95p99.96;2006;0.0020000001;992;j
RS;sdiinc992j;p99.95p99.96;2007;0.0019;992;j
RS;sdiinc992j;p99.95p99.96;2008;0.0018;992;j
RS;sdiinc992j;p99.95p99.96;2009;0.0020000001;992;j
RS;sdiinc992j;p99.95p99.96;2010;0.0020000001;992;j
RS;sdiinc992j;p99.95p99.96;2011;0.0020000001;992;j
RS;sdiinc992j;p99.95p99.96;2012;0.0024999999;992;j
RS;sdiinc992j;p99.95p99.96;2013;0.0022;992;j
RS;sdiinc992j;p99.95p99.96;2014;0.0027999999;992;j
RS;sdiinc992j;p99.95p99.96;2015;0.0035999999;992;j
RS;sdiinc992j;p99.95p99.96;2016;0.0035999999;992;j
RS;sdiinc992j;p99.95p99.96;2017;0.0035999999;992;j
RS;sdiinc992j;p99.998p99.999;1990;0.001;992;j
RS;sdiinc992j;p99.998p99.999;1991;0.001;992;j
RS;sdiinc992j;p99.998p99.999;1992;0.0009;992;j
RS;sdiinc992j;p99.998p99.999;1993;0.0008;992;j
RS;sdiinc992j;p99.998p99.999;1994;0.0008;992;j
RS;sdiinc992j;p99.998p99.999;1995;0.0008;992;j
RS;sdiinc992j;p99.998p99.999;1996;0.0008;992;j
RS;sdiinc992j;p99.998p99.999;1997;0.0007;992;j
RS;sdiinc992j;p99.998p99.999;1998;0.0008;992;j
RS;sdiinc992j;p99.998p99.999;1999;0.001;992;j
RS;sdiinc992j;p99.998p99.999;2000;0.001;992;j
RS;sdiinc992j;p99.998p99.999;2001;0.0012000001;992;j
RS;sdiinc992j;p99.998p99.999;2002;0.0011;992;j
RS;sdiinc992j;p99.998p99.999;2003;0.0011;992;j
RS;sdiinc992j;p99.998p99.999;2004;0.0011;992;j
RS;sdiinc992j;p99.998p99.999;2005;0.0012000001;992;j
RS;sdiinc992j;p99.998p99.999;2006;0.0011;992;j
RS;sdiinc992j;p99.998p99.999;2007;0.0009;992;j
RS;sdiinc992j;p99.998p99.999;2008;0.0008;992;j
RS;sdiinc992j;p99.998p99.999;2009;0.001;992;j
RS;sdiinc992j;p99.998p99.999;2010;0.001;992;j
RS;sdiinc992j;p99.998p99.999;2011;0.001;992;j
RS;sdiinc992j;p99.998p99.999;2012;0.0015;992;j
RS;sdiinc992j;p99.998p99.999;2013;0.0011;992;j
RS;sdiinc992j;p99.998p99.999;2014;0.0022;992;j
RS;sdiinc992j;p99.998p99.999;2015;0.0035000001;992;j
RS;sdiinc992j;p99.998p99.999;2016;0.0035999999;992;j
RS;sdiinc992j;p99.998p99.999;2017;0.0035999999;992;j
RS;sdiinc992j;p99p99.1;1990;0.0038999999;992;j
RS;sdiinc992j;p99p99.1;1991;0.0038999999;992;j
RS;sdiinc992j;p99p99.1;1992;0.0038999999;992;j
RS;sdiinc992j;p99p99.1;1993;0.0040000002;992;j
RS;sdiinc992j;p99p99.1;1994;0.0040000002;992;j
RS;sdiinc992j;p99p99.1;1995;0.0040000002;992;j
RS;sdiinc992j;p99p99.1;1996;0.0040000002;992;j
RS;sdiinc992j;p99p99.1;1997;0.0038999999;992;j
RS;sdiinc992j;p99p99.1;1998;0.0040000002;992;j
RS;sdiinc992j;p99p99.1;1999;0.0041999999;992;j
RS;sdiinc992j;p99p99.1;2000;0.0043000001;992;j
RS;sdiinc992j;p99p99.1;2001;0.0044;992;j
RS;sdiinc992j;p99p99.1;2002;0.0044999998;992;j
RS;sdiinc992j;p99p99.1;2003;0.0044999998;992;j
RS;sdiinc992j;p99p99.1;2004;0.0044999998;992;j
RS;sdiinc992j;p99p99.1;2005;0.0046000001;992;j
RS;sdiinc992j;p99p99.1;2006;0.0048000002;992;j
RS;sdiinc992j;p99p99.1;2007;0.0048000002;992;j
RS;sdiinc992j;p99p99.1;2008;0.0048000002;992;j
RS;sdiinc992j;p99p99.1;2009;0.0049000001;992;j
RS;sdiinc992j;p99p99.1;2010;0.0051000002;992;j
RS;sdiinc992j;p99p99.1;2011;0.0052999998;992;j
RS;sdiinc992j;p99p99.1;2012;0.0052999998;992;j
RS;sdiinc992j;p99p99.1;2013;0.0052;992;j
RS;sdiinc992j;p99p99.1;2014;0.0051000002;992;j
RS;sdiinc992j;p99p99.1;2015;0.0052999998;992;j
RS;sdiinc992j;p99p99.1;2016;0.0054000001;992;j
RS;sdiinc992j;p99p99.1;2017;0.0054000001;992;j
RS;sptinc992j;p2p3;1990;0.001;992;j
RS;sptinc992j;p2p3;1991;0.001;992;j
RS;sptinc992j;p2p3;1992;0.001;992;j
RS;sptinc992j;p2p3;1993;0.001;992;j
RS;sptinc992j;p2p3;1994;0.001;992;j
RS;sptinc992j;p2p3;1995;0.001;992;j
RS;sptinc992j;p2p3;1996;0.001;992;j
RS;sptinc992j;p2p3;1997;0.001;992;j
RS;sptinc992j;p2p3;1998;0.001;992;j
RS;sptinc992j;p2p3;1999;0.0011;992;j
RS;sptinc992j;p2p3;2000;0.001;992;j
RS;sptinc992j;p2p3;2001;0.0011;992;j
RS;sptinc992j;p2p3;2002;0.0008;992;j
RS;sptinc992j;p2p3;2003;0.0008;992;j
RS;sptinc992j;p2p3;2004;0.0007;992;j
RS;sptinc992j;p2p3;2005;0.0007;992;j
RS;sptinc992j;p2p3;2006;0.0006;992;j
RS;sptinc992j;p2p3;2007;0.0006;992;j
RS;sptinc992j;p2p3;2008;0.0005;992;j
RS;sptinc992j;p2p3;2009;0.0004;992;j
RS;sptinc992j;p2p3;2010;0.0004;992;j
RS;sptinc992j;p2p3;2011;0.0004;992;j
RS;sptinc992j;p2p3;2012;0.0003;992;j
RS;sptinc992j;p2p3;2013;0.0003;992;j
RS;sptinc992j;p2p3;2014;0.0003;992;j
RS;sptinc992j;p2p3;2015;0.0003;992;j
RS;sptinc992j;p2p3;2016;0.0003;992;j
RS;sptinc992j;p2p3;2017;0.0003;992;j
RS;tcainc992j;p55p56;1990;468525.19;992;j
RS;tcainc992j;p55p56;1991;407509.41;992;j
RS;tcainc992j;p55p56;1992;279430.69;992;j
RS;tcainc992j;p55p56;1993;181417.5;992;j
RS;tcainc992j;p55p56;1994;186924.09;992;j
RS;tcainc992j;p55p56;1995;197223.2;992;j
RS;tcainc992j;p55p56;1996;199165.3;992;j
RS;tcainc992j;p55p56;1997;210508.5;992;j
RS;tcainc992j;p55p56;1998;229161.41;992;j
RS;tcainc992j;p55p56;1999;258821.3;992;j
RS;tcainc992j;p55p56;2000;278552.19;992;j
RS;tcainc992j;p55p56;2001;269655.5;992;j
RS;tcainc992j;p55p56;2002;280707.41;992;j
RS;tcainc992j;p55p56;2003;293210.0;992;j
RS;tcainc992j;p55p56;2004;348769.59;992;j
RS;tcainc992j;p55p56;2005;393415.31;992;j
RS;tcainc992j;p55p56;2006;412337.81;992;j
RS;tcainc992j;p55p56;2007;414345.31;992;j
RS;tcainc992j;p55p56;2008;440166.69;992;j
RS;tcainc992j;p55p56;2009;431323.09;992;j
RS;tcainc992j;p55p56;2010;427007.81;992;j
RS;tcainc992j;p55p56;2011;428580.91;992;j
RS;tcainc992j;p55p56;2012;424940.19;992;j
RS;tcainc992j;p55p56;2013;433759.91;992;j
RS;tcainc992j;p55p56;2014;416242.0;992;j
RS;tcainc992j;p55p56;2015;411242.31;992;j
RS;tcainc992j;p55p56;2016;426468.09;992;j
RS;tcainc992j;p55p56;2017;426804.19;992;j
RS;tptinc992j;p16p100;1990;204464.5;992;j
RS;tptinc992j;p16p100;1991;176920.41;992;j
RS;tptinc992j;p16p100;1992;120835.7;992;j
RS;tptinc992j;p16p100;1993;78235.102;992;j
RS;tptinc992j;p16p100;1994;80417.398;992;j
RS;tptinc992j;p16p100;1995;84585.0;992;j
RS;tptinc992j;p16p100;1996;85170.0;992;j
RS;tptinc992j;p16p100;1997;90085.398;992;j
RS;tptinc992j;p16p100;1998;100461.9;992;j
RS;tptinc992j;p16p100;1999;109983.5;992;j
RS;tptinc992j;p16p100;2000;118916.5;992;j
RS;tptinc992j;p16p100;2001;119198.8;992;j
RS;tptinc992j;p16p100;2002;115963.4;992;j
RS;tptinc992j;p16p100;2003;118591.1;992;j
RS;tptinc992j;p16p100;2004;121185.1;992;j
RS;tptinc992j;p16p100;2005;125810.2;992;j
RS;tptinc992j;p16p100;2006;117388.9;992;j
RS;tptinc992j;p16p100;2007;107700.2;992;j
RS;tptinc992j;p16p100;2008;99813.297;992;j
RS;tptinc992j;p16p100;2009;90769.703;992;j
RS;tptinc992j;p16p100;2010;80069.797;992;j
RS;tptinc992j;p16p100;2011;65758.297;992;j
RS;tptinc992j;p16p100;2012;59346.5;992;j
RS;tptinc992j;p16p100;2013;54562.5;992;j
RS;tptinc992j;p16p100;2014;49911.0;992;j
RS;tptinc992j;p16p100;2015;53010.5;992;j
RS;tptinc992j;p16p100;2016;54860.602;992;j
RS;tptinc992j;p16p100;2017;54700.102;992;j
RS;tptinc992j;p40p50;1990;492727.09;992;j
RS;tptinc992j;p40p50;1991;424755.31;992;j
RS;tptinc992j;p40p50;1992;288881.19;992;j
RS;tptinc992j;p40p50;1993;185998.3;992;j
RS;tptinc992j;p40p50;1994;190152.0;992;j
RS;tptinc992j;p40p50;1995;199263.2;992;j
RS;tptinc992j;p40p50;1996;199920.91;992;j
RS;tptinc992j;p40p50;1997;210567.0;992;j
RS;tptinc992j;p40p50;1998;215852.41;992;j
RS;tptinc992j;p40p50;1999;235927.3;992;j
RS;tptinc992j;p40p50;2000;256723.91;992;j
RS;tptinc992j;p40p50;2001;255574.7;992;j
RS;tptinc992j;p40p50;2002;272687.81;992;j
RS;tptinc992j;p40p50;2003;283965.0;992;j
RS;tptinc992j;p40p50;2004;314325.09;992;j
RS;tptinc992j;p40p50;2005;342641.69;992;j
RS;tptinc992j;p40p50;2006;357635.69;992;j
RS;tptinc992j;p40p50;2007;372458.69;992;j
RS;tptinc992j;p40p50;2008;392197.69;992;j
RS;tptinc992j;p40p50;2009;381779.31;992;j
RS;tptinc992j;p40p50;2010;373820.19;992;j
RS;tptinc992j;p40p50;2011;365019.09;992;j
RS;tptinc992j;p40p50;2012;360031.31;992;j
RS;tptinc992j;p40p50;2013;373682.91;992;j
RS;tptinc992j;p40p50;2014;355394.59;992;j
RS;tptinc992j;p40p50;2015;368290.69;992;j
RS;tptinc992j;p40p50;2016;379590.09;992;j
RS;tptinc992j;p40p50;2017;381547.0;992;j
RS;tptinc992j;p4p5;1990;81348.297;992;j
RS;tptinc992j;p4p5;1991;72097.602;992;j
RS;tptinc992j;p4p5;1992;50440.102;992;j
RS;tptinc992j;p4p5;1993;33058.898;992;j
RS;tptinc992j;p4p5;1994;34399.199;992;j
RS;tptinc992j;p4p5;1995;36276.0;992;j
RS;tptinc992j;p4p5;1996;36666.102;992;j
RS;tptinc992j;p4p5;1997;39151.602;992;j
RS;tptinc992j;p4p5;1998;45351.602;992;j
RS;tptinc992j;p4p5;1999;50672.602;992;j
RS;tptinc992j;p4p5;2000;54340.301;992;j
RS;tptinc992j;p4p5;2001;55541.699;992;j
RS;tptinc992j;p4p5;2002;46896.5;992;j
RS;tptinc992j;p4p5;2003;48324.199;992;j
RS;tptinc992j;p4p5;2004;47888.699;992;j
RS;tptinc992j;p4p5;2005;48833.602;992;j
RS;tptinc992j;p4p5;2006;45288.0;992;j
RS;tptinc992j;p4p5;2007;43400.0;992;j
RS;tptinc992j;p4p5;2008;37976.602;992;j
RS;tptinc992j;p4p5;2009;33097.199;992;j
RS;tptinc992j;p4p5;2010;32585.0;992;j
RS;tptinc992j;p4p5;2011;27269.0;992;j
RS;tptinc992j;p4p5;2012;26149.199;992;j
RS;tptinc992j;p4p5;2013;21979.699;992;j
RS;tptinc992j;p4p5;2014;22320.1;992;j
RS;tptinc992j;p4p5;2015;22393.9;992;j
RS;tptinc992j;p4p5;2016;23143.6;992;j
RS;tptinc992j;p4p5;2017;23042.699;992;j
RS;tptinc992j;p54p100;1990;639660.63;992;j
RS;tptinc992j;p54p100;1991;553975.5;992;j
RS;tptinc992j;p54p100;1992;378126.81;992;j
RS;tptinc992j;p54p100;1993;244343.59;992;j
RS;tptinc992j;p54p100;1994;250818.0;992;j
RS;tptinc992j;p54p100;1995;263645.09;992;j
RS;tptinc992j;p54p100;1996;265115.0;992;j
RS;tptinc992j;p54p100;1997;280519.69;992;j
RS;tptinc992j;p54p100;1998;291997.59;992;j
RS;tptinc992j;p54p100;1999;318282.19;992;j
RS;tptinc992j;p54p100;2000;345920.41;992;j
RS;tptinc992j;p54p100;2001;343764.41;992;j
RS;tptinc992j;p54p100;2002;366486.59;992;j
RS;tptinc992j;p54p100;2003;384956.81;992;j
RS;tptinc992j;p54p100;2004;426395.69;992;j
RS;tptinc992j;p54p100;2005;470327.59;992;j
RS;tptinc992j;p54p100;2006;495657.59;992;j
RS;tptinc992j;p54p100;2007;514199.69;992;j
RS;tptinc992j;p54p100;2008;544957.69;992;j
RS;tptinc992j;p54p100;2009;535935.38;992;j
RS;tptinc992j;p54p100;2010;527349.88;992;j
RS;tptinc992j;p54p100;2011;521000.69;992;j
RS;tptinc992j;p54p100;2012;525522.13;992;j
RS;tptinc992j;p54p100;2013;547031.81;992;j
RS;tptinc992j;p54p100;2014;517800.41;992;j
RS;tptinc992j;p54p100;2015;531622.31;992;j
RS;tptinc992j;p54p100;2016;547713.81;992;j
RS;tptinc992j;p54p100;2017;550812.0;992;j
RS;tptinc992j;p80p100;1990;1051639.1;992;j
RS;tptinc992j;p80p100;1991;911273.69;992;j
RS;tptinc992j;p80p100;1992;622192.38;992;j
RS;tptinc992j;p80p100;1993;402116.0;992;j
RS;tptinc992j;p80p100;1994;412762.31;992;j
RS;tptinc992j;p80p100;1995;434226.81;992;j
RS;tptinc992j;p80p100;1996;436726.31;992;j
RS;tptinc992j;p80p100;1997;462320.0;992;j
RS;tptinc992j;p80p100;1998;479414.81;992;j
RS;tptinc992j;p80p100;1999;521007.91;992;j
RS;tptinc992j;p80p100;2000;566244.13;992;j
RS;tptinc992j;p80p100;2001;560004.38;992;j
RS;tptinc992j;p80p100;2002;612107.81;992;j
RS;tptinc992j;p80p100;2003;643134.81;992;j
RS;tptinc992j;p80p100;2004;724135.88;992;j
RS;tptinc992j;p80p100;2005;812120.38;992;j
RS;tptinc992j;p80p100;2006;860479.88;992;j
RS;tptinc992j;p80p100;2007;908602.63;992;j
RS;tptinc992j;p80p100;2008;978953.81;992;j
RS;tptinc992j;p80p100;2009;959808.88;992;j
RS;tptinc992j;p80p100;2010;958891.63;992;j
RS;tptinc992j;p80p100;2011;963496.19;992;j
RS;tptinc992j;p80p100;2012;986651.5;992;j
RS;tptinc992j;p80p100;2013;1013680.8;992;j
RS;tptinc992j;p80p100;2014;964502.13;992;j
RS;tptinc992j;p80p100;2015;962529.88;992;j
RS;tptinc992j;p80p100;2016;991800.81;992;j
RS;tptinc992j;p80p100;2017;997560.81;992;j
RS;tptinc992j;p93p94;1990;1475355.0;992;j
RS;tptinc992j;p93p94;1991;1282905.0;992;j
RS;tptinc992j;p93p94;1992;879203.88;992;j
RS;tptinc992j;p93p94;1993;570630.38;992;j
RS;tptinc992j;p93p94;1994;587673.88;992;j
RS;tptinc992j;p93p94;1995;620492.63;992;j
RS;tptinc992j;p93p94;1996;625804.31;992;j
RS;tptinc992j;p93p94;1997;663901.88;992;j
RS;tptinc992j;p93p94;1998;700779.88;992;j
RS;tptinc992j;p93p94;1999;763007.38;992;j
RS;tptinc992j;p93p94;2000;841363.31;992;j
RS;tptinc992j;p93p94;2001;836511.63;992;j
RS;tptinc992j;p93p94;2002;914476.81;992;j
RS;tptinc992j;p93p94;2003;979101.19;992;j
RS;tptinc992j;p93p94;2004;1124275.5;992;j
RS;tptinc992j;p93p94;2005;1284740.3;992;j
RS;tptinc992j;p93p94;2006;1370605.0;992;j
RS;tptinc992j;p93p94;2007;1429465.6;992;j
RS;tptinc992j;p93p94;2008;1532409.0;992;j
RS;tptinc992j;p93p94;2009;1527160.1;992;j
RS;tptinc992j;p93p94;2010;1562919.4;992;j
RS;tptinc992j;p93p94;2011;1594842.8;992;j
RS;tptinc992j;p93p94;2012;1604715.1;992;j
RS;tptinc992j;p93p94;2013;1626227.3;992;j
RS;tptinc992j;p93p94;2014;1556651.8;992;j
RS;tptinc992j;p93p94;2015;1568346.8;992;j
RS;tptinc992j;p93p94;2016;1616654.3;992;j
RS;tptinc992j;p93p94;2017;1626356.6;992;j
RS;tptinc992j;p99.97p100;1990;17746544.0;992;j
RS;tptinc992j;p99.97p100;1991;15796115.0;992;j
RS;tptinc992j;p99.97p100;1992;11025319.0;992;j
RS;tptinc992j;p99.97p100;1993;7324336.0;992;j
RS;tptinc992j;p99.97p100;1994;7681355.5;992;j
RS;tptinc992j;p99.97p100;1995;8304355.5;992;j
RS;tptinc992j;p99.97p100;1996;8506735.0;992;j
RS;tptinc992j;p99.97p100;1997;9167967.0;992;j
RS;tptinc992j;p99.97p100;1998;9651948.0;992;j
RS;tptinc992j;p99.97p100;1999;11198312.0;992;j
RS;tptinc992j;p99.97p100;2000;13164033.0;992;j
RS;tptinc992j;p99.97p100;2001;13883558.0;992;j
RS;tptinc992j;p99.97p100;2002;14865488.0;992;j
RS;tptinc992j;p99.97p100;2003;15399483.0;992;j
RS;tptinc992j;p99.97p100;2004;17890064.0;992;j
RS;tptinc992j;p99.97p100;2005;19723854.0;992;j
RS;tptinc992j;p99.97p100;2006;21067798.0;992;j
RS;tptinc992j;p99.97p100;2007;20276188.0;992;j
RS;tptinc992j;p99.97p100;2008;22002658.0;992;j
RS;tptinc992j;p99.97p100;2009;21543784.0;992;j
RS;tptinc992j;p99.97p100;2010;21775636.0;992;j
RS;tptinc992j;p99.97p100;2011;22879542.0;992;j
RS;tptinc992j;p99.97p100;2012;19876554.0;992;j
RS;tptinc992j;p99.97p100;2013;21183220.0;992;j
RS;tptinc992j;p99.97p100;2014;27640782.0;992;j
RS;tptinc992j;p99.97p100;2015;26862234.0;992;j
RS;tptinc992j;p99.97p100;2016;27722880.0;992;j
RS;tptinc992j;p99.97p100;2017;27926900.0;992;j
RS;acainc992j;p19p100;1990;614786.63;992;j
RS;acainc992j;p19p100;1991;533404.19;992;j
RS;acainc992j;p19p100;1992;364965.19;992;j
RS;acainc992j;p19p100;1993;236471.0;992;j
RS;acainc992j;p19p100;1994;243326.91;992;j
RS;acainc992j;p19p100;1995;256589.09;992;j
RS;acainc992j;p19p100;1996;258426.7;992;j
RS;acainc992j;p19p100;1997;272430.41;992;j
RS;acainc992j;p19p100;1998;297739.5;992;j
RS;acainc992j;p19p100;1999;339812.0;992;j
RS;acainc992j;p19p100;2000;369363.5;992;j
RS;acainc992j;p19p100;2001;360339.59;992;j
RS;acainc992j;p19p100;2002;379088.5;992;j
RS;acainc992j;p19p100;2003;399816.59;992;j
RS;acainc992j;p19p100;2004;480387.91;992;j
RS;acainc992j;p19p100;2005;548103.38;992;j
RS;acainc992j;p19p100;2006;580148.31;992;j
RS;acainc992j;p19p100;2007;580814.63;992;j
RS;acainc992j;p19p100;2008;622792.31;992;j
RS;acainc992j;p19p100;2009;616186.13;992;j
RS;acainc992j;p19p100;2010;620685.63;992;j
RS;acainc992j;p19p100;2011;628808.31;992;j
RS;acainc992j;p19p100;2012;629088.63;992;j
RS;acainc992j;p19p100;2013;641215.13;992;j
RS;acainc992j;p19p100;2014;620754.5;992;j
RS;acainc992j;p19p100;2015;632410.31;992;j
RS;acainc992j;p19p100;2016;655857.38;992;j
RS;acainc992j;p19p100;2017;656455.81;992;j
RS;acainc992j;p22p23;1990;216559.8;992;j
RS;acainc992j;p22p23;1991;190851.5;992;j
RS;acainc992j;p22p23;1992;132957.3;992;j
RS;acainc992j;p22p23;1993;87654.602;992;j
RS;acainc992j;p22p23;1994;91779.797;992;j
RS;acainc992j;p22p23;1995;98467.398;992;j
RS;acainc992j;p22p23;1996;101122.6;992;j
RS;acainc992j;p22p23;1997;108633.2;992;j
RS;acainc992j;p22p23;1998;123583.7;992;j
RS;acainc992j;p22p23;1999;140104.91;992;j
RS;acainc992j;p22p23;2000;152702.09;992;j
RS;acainc992j;p22p23;2001;149098.3;992;j
RS;acainc992j;p22p23;2002;147098.2;992;j
RS;acainc992j;p22p23;2003;150334.2;992;j
RS;acainc992j;p22p23;2004;167734.2;992;j
RS;acainc992j;p22p23;2005;187070.0;992;j
RS;acainc992j;p22p23;2006;184507.0;992;j
RS;acainc992j;p22p23;2007;180948.8;992;j
RS;acainc992j;p22p23;2008;186749.8;992;j
RS;acainc992j;p22p23;2009;169215.8;992;j
RS;acainc992j;p22p23;2010;152846.09;992;j
RS;acainc992j;p22p23;2011;138176.59;992;j
RS;acainc992j;p22p23;2012;143369.0;992;j
RS;acainc992j;p22p23;2013;118633.9;992;j
RS;acainc992j;p22p23;2014;142598.0;992;j
RS;acainc992j;p22p23;2015;121143.7;992;j
RS;acainc992j;p22p23;2016;125780.0;992;j
RS;acainc992j;p22p23;2017;125755.5;992;j
RS;acainc992j;p69p70;1990;602245.38;992;j
RS;acainc992j;p69p70;1991;525914.81;992;j
RS;acainc992j;p69p70;1992;359170.19;992;j
RS;acainc992j;p69p70;1993;232262.2;992;j
RS;acainc992j;p69p70;1994;238722.09;992;j
RS;acainc992j;p69p70;1995;251601.8;992;j
RS;acainc992j;p69p70;1996;253645.8;992;j
RS;acainc992j;p69p70;1997;267747.59;992;j
RS;acainc992j;p69p70;1998;291378.41;992;j
RS;acainc992j;p69p70;1999;327373.31;992;j
RS;acainc992j;p69p70;2000;350965.09;992;j
RS;acainc992j;p69p70;2001;339064.0;992;j
RS;acainc992j;p69p70;2002;357268.09;992;j
RS;acainc992j;p69p70;2003;377566.09;992;j
RS;acainc992j;p69p70;2004;453533.69;992;j
RS;acainc992j;p69p70;2005;512679.0;992;j
RS;acainc992j;p69p70;2006;541257.13;992;j
RS;acainc992j;p69p70;2007;546298.63;992;j
RS;acainc992j;p69p70;2008;588434.31;992;j
RS;acainc992j;p69p70;2009;575808.0;992;j
RS;acainc992j;p69p70;2010;578892.38;992;j
RS;acainc992j;p69p70;2011;582278.13;992;j
RS;acainc992j;p69p70;2012;578654.88;992;j
RS;acainc992j;p69p70;2013;608057.13;992;j
RS;acainc992j;p69p70;2014;570714.0;992;j
RS;acainc992j;p69p70;2015;555629.69;992;j
RS;acainc992j;p69p70;2016;576135.19;992;j
RS;acainc992j;p69p70;2017;576548.0;992;j
RS;acainc992j;p73p74;1990;652079.81;992;j
RS;acainc992j;p73p74;1991;565631.19;992;j
RS;acainc992j;p73p74;1992;386900.69;992;j
RS;acainc992j;p73p74;1993;250476.3;992;j
RS;acainc992j;p73p74;1994;257639.5;992;j
RS;acainc992j;p73p74;1995;271422.5;992;j
RS;acainc992j;p73p74;1996;273530.91;992;j
RS;acainc992j;p73p74;1997;288593.09;992;j
RS;acainc992j;p73p74;1998;313602.19;992;j
RS;acainc992j;p73p74;1999;352524.91;992;j
RS;acainc992j;p73p74;2000;378723.69;992;j
RS;acainc992j;p73p74;2001;366237.41;992;j
RS;acainc992j;p73p74;2002;386300.0;992;j
RS;acainc992j;p73p74;2003;407844.0;992;j
RS;acainc992j;p73p74;2004;492494.81;992;j
RS;acainc992j;p73p74;2005;556497.5;992;j
RS;acainc992j;p73p74;2006;587938.63;992;j
RS;acainc992j;p73p74;2007;594280.5;992;j
RS;acainc992j;p73p74;2008;637449.19;992;j
RS;acainc992j;p73p74;2009;628014.31;992;j
RS;acainc992j;p73p74;2010;630640.31;992;j
RS;acainc992j;p73p74;2011;634633.88;992;j
RS;acainc992j;p73p74;2012;632917.38;992;j
RS;acainc992j;p73p74;2013;667853.38;992;j
RS;acainc992j;p73p74;2014;621502.81;992;j
RS;acainc992j;p73p74;2015;606296.63;992;j
RS;acainc992j;p73p74;2016;628676.38;992;j
RS;acainc992j;p73p74;2017;629141.0;992;j
RS;acainc992j;p94p100;1990;1819328.8;992;j
RS;acainc992j;p94p100;1991;1568630.1;992;j
RS;acainc992j;p94p100;1992;1068399.3;992;j
RS;acainc992j;p94p100;1993;691830.63;992;j
RS;acainc992j;p94p100;1994;710941.38;992;j
RS;acainc992j;p94p100;1995;749053.81;992;j
RS;acainc992j;p94p100;1996;749670.0;992;j
RS;acainc992j;p94p100;1997;785271.88;992;j
RS;acainc992j;p94p100;1998;874052.63;992;j
RS;acainc992j;p94p100;1999;1027156.4;992;j
RS;acainc992j;p94p100;2000;1157121.8;992;j
RS;acainc992j;p94p100;2001;1155098.9;992;j
RS;acainc992j;p94p100;2002;1235351.8;992;j
RS;acainc992j;p94p100;2003;1300466.4;992;j
RS;acainc992j;p94p100;2004;1581746.3;992;j
RS;acainc992j;p94p100;2005;1845771.0;992;j
RS;acainc992j;p94p100;2006;1991534.8;992;j
RS;acainc992j;p94p100;2007;1967409.4;992;j
RS;acainc992j;p94p100;2008;2118273.0;992;j
RS;acainc992j;p94p100;2009;2149923.5;992;j
RS;acainc992j;p94p100;2010;2222858.8;992;j
RS;acainc992j;p94p100;2011;2300661.0;992;j
RS;acainc992j;p94p100;2012;2376986.3;992;j
RS;acainc992j;p94p100;2013;2369699.3;992;j
RS;acainc992j;p94p100;2014;2401831.8;992;j
RS;acainc992j;p94p100;2015;2682667.3;992;j
RS;acainc992j;p94p100;2016;2782280.5;992;j
RS;acainc992j;p94p100;2017;2786192.8;992;j
RS;acfcgo992i;p0p100;1997;8161.1001;992;i
RS;acfcgo992i;p0p100;1998;7596.6001;992;i
RS;acfcgo992i;p0p100;1999;9500.0;992;i
RS;acfcgo992i;p0p100;2000;9234.0996;992;i
RS;acfcgo992i;p0p100;2001;11708.2;992;i
RS;acfcgo992i;p0p100;2002;11767.2;992;i
RS;acfcgo992i;p0p100;2003;11718.1;992;i
RS;acfcgo992i;p0p100;2004;10812.7;992;i
RS;acfcgo992i;p0p100;2005;10918.3;992;i
RS;acfcgo992i;p0p100;2006;11160.2;992;i
RS;acfcgo992i;p0p100;2007;12593.3;992;i
RS;acfcgo992i;p0p100;2008;13028.9;992;i
RS;acfcgo992i;p0p100;2009;12983.8;992;i
RS;acfcgo992i;p0p100;2010;12829.9;992;i
RS;acfcgo992i;p0p100;2011;12870.9;992;i
RS;acfcnp992i;p0p100;1997;56.099998;992;i
RS;acfcnp992i;p0p100;1998;58.700001;992;i
RS;acfcnp992i;p0p100;1999;71.5;992;i
RS;acfcnp992i;p0p100;2000;79.5;992;i
RS;acfcnp992i;p0p100;2001;92.199997;992;i
RS;acfcnp992i;p0p100;2002;114.2;992;i
RS;acfcnp992i;p0p100;2003;120.8;992;i
RS;acfcnp992i;p0p100;2004;162.39999;992;i
RS;acfcnp992i;p0p100;2005;163.0;992;i
RS;acfcnp992i;p0p100;2006;142.7;992;i
RS;acfcnp992i;p0p100;2007;136.89999;992;i
RS;acfcnp992i;p0p100;2008;135.8;992;i
RS;acfcnp992i;p0p100;2009;128.89999;992;i
RS;acfcnp992i;p0p100;2010;128.39999;992;i
RS;acfcnp992i;p0p100;2011;135.10001;992;i
RS;adiinc992j;p18p100;1990;855335.81;992;j
RS;adiinc992j;p18p100;1991;742277.81;992;j
RS;adiinc992j;p18p100;1992;508011.19;992;j
RS;adiinc992j;p18p100;1993;329220.69;992;j
RS;adiinc992j;p18p100;1994;338826.09;992;j
RS;adiinc992j;p18p100;1995;357354.91;992;j
RS;adiinc992j;p18p100;1996;359972.69;992;j
RS;adiinc992j;p18p100;1997;381246.41;992;j
RS;adiinc992j;p18p100;1998;400318.59;992;j
RS;adiinc992j;p18p100;1999;438730.41;992;j
RS;adiinc992j;p18p100;2000;482664.19;992;j
RS;adiinc992j;p18p100;2001;482092.5;992;j
RS;adiinc992j;p18p100;2002;521319.59;992;j
RS;adiinc992j;p18p100;2003;548005.88;992;j
RS;adiinc992j;p18p100;2004;619825.13;992;j
RS;adiinc992j;p18p100;2005;692626.81;992;j
RS;adiinc992j;p18p100;2006;733384.69;992;j
RS;adiinc992j;p18p100;2007;757823.19;992;j
RS;adiinc992j;p18p100;2008;807307.5;992;j
RS;adiinc992j;p18p100;2009;793221.0;992;j
RS;adiinc992j;p18p100;2010;797163.19;992;j
RS;adiinc992j;p18p100;2011;802280.38;992;j
RS;adiinc992j;p18p100;2012;802186.63;992;j
RS;adiinc992j;p18p100;2013;818005.5;992;j
RS;adiinc992j;p18p100;2014;791973.38;992;j
RS;adiinc992j;p18p100;2015;803913.38;992;j
RS;adiinc992j;p18p100;2016;830388.5;992;j
RS;adiinc992j;p18p100;2017;835490.31;992;j
RS;adiinc992j;p57p58;1990;704464.13;992;j
RS;adiinc992j;p57p58;1991;611906.0;992;j
RS;adiinc992j;p57p58;1992;418741.09;992;j
RS;adiinc992j;p57p58;1993;271129.5;992;j
RS;adiinc992j;p57p58;1994;278855.41;992;j
RS;adiinc992j;p57p58;1995;293975.59;992;j
RS;adiinc992j;p57p58;1996;296432.19;992;j
RS;adiinc992j;p57p58;1997;314424.91;992;j
RS;adiinc992j;p57p58;1998;327522.41;992;j
RS;adiinc992j;p57p58;1999;354531.41;992;j
RS;adiinc992j;p57p58;2000;386747.19;992;j
RS;adiinc992j;p57p58;2001;381661.0;992;j
RS;adiinc992j;p57p58;2002;413518.31;992;j
RS;adiinc992j;p57p58;2003;434256.0;992;j
RS;adiinc992j;p57p58;2004;486916.59;992;j
RS;adiinc992j;p57p58;2005;537123.5;992;j
RS;adiinc992j;p57p58;2006;565298.63;992;j
RS;adiinc992j;p57p58;2007;588084.38;992;j
RS;adiinc992j;p57p58;2008;626510.13;992;j
RS;adiinc992j;p57p58;2009;609782.19;992;j
RS;adiinc992j;p57p58;2010;603173.5;992;j
RS;adiinc992j;p57p58;2011;600917.31;992;j
RS;adiinc992j;p57p58;2012;594671.0;992;j
RS;adiinc992j;p57p58;2013;608596.13;992;j
RS;adiinc992j;p57p58;2014;583477.69;992;j
RS;adiinc992j;p57p58;2015;576433.31;992;j
RS;adiinc992j;p57p58;2016;592890.0;992;j
RS;adiinc992j;p57p58;2017;596117.13;992;j
RS;adiinc992j;p77p100;1990;1494227.3;992;j
RS;adiinc992j;p77p100;1991;1291720.8;992;j
RS;adiinc992j;p77p100;1992;881363.31;992;j
RS;adiinc992j;p77p100;1993;569959.81;992;j
RS;adiinc992j;p77p100;1994;585217.5;992;j
RS;adiinc992j;p77p100;1995;615853.13;992;j
RS;adiinc992j;p77p100;1996;617879.5;992;j
RS;adiinc992j;p77p100;1997;651326.63;992;j
RS;adiinc992j;p77p100;1998;691046.81;992;j
RS;adiinc992j;p77p100;1999;766635.38;992;j
RS;adiinc992j;p77p100;2000;849700.0;992;j
RS;adiinc992j;p77p100;2001;853166.63;992;j
RS;adiinc992j;p77p100;2002;930399.5;992;j
RS;adiinc992j;p77p100;2003;983198.63;992;j
RS;adiinc992j;p77p100;2004;1127996.3;992;j
RS;adiinc992j;p77p100;2005;1277889.1;992;j
RS;adiinc992j;p77p100;2006;1370416.6;992;j
RS;adiinc992j;p77p100;2007;1411873.0;992;j
RS;adiinc992j;p77p100;2008;1512894.5;992;j
RS;adiinc992j;p77p100;2009;1506010.1;992;j
RS;adiinc992j;p77p100;2010;1541485.8;992;j
RS;adiinc992j;p77p100;2011;1578723.4;992;j
RS;adiinc992j;p77p100;2012;1586900.3;992;j
RS;adiinc992j;p77p100;2013;1622011.3;992;j
RS;adiinc992j;p77p100;2014;1562581.6;992;j
RS;adiinc992j;p77p100;2015;1637591.0;992;j
RS;adiinc992j;p77p100;2016;1700843.1;992;j
RS;adiinc992j;p77p100;2017;1712637.3;992;j
RS;adiinc992j;p79p80;1990;1019352.1;992;j
RS;adiinc992j;p79p80;1991;882265.0;992;j
RS;adiinc992j;p79p80;1992;602585.63;992;j
RS;adiinc992j;p79p80;1993;389258.59;992;j
RS;adiinc992j;p79p80;1994;399286.81;992;j
RS;adiinc992j;p79p80;1995;419716.5;992;j
RS;adiinc992j;p79p80;1996;422002.59;992;j
RS;adiinc992j;p79p80;1997;445992.5;992;j
RS;adiinc992j;p79p80;1998;463339.69;992;j
RS;adiinc992j;p79p80;1999;503600.91;992;j
RS;adiinc992j;p79p80;2000;548443.19;992;j
RS;adiinc992j;p79p80;2001;541709.31;992;j
RS;adiinc992j;p79p80;2002;591991.88;992;j
RS;adiinc992j;p79p80;2003;622573.69;992;j
RS;adiinc992j;p79p80;2004;710632.63;992;j
RS;adiinc992j;p79p80;2005;793673.38;992;j
RS;adiinc992j;p79p80;2006;839571.13;992;j
RS;adiinc992j;p79p80;2007;873844.69;992;j
RS;adiinc992j;p79p80;2008;942877.63;992;j
RS;adiinc992j;p79p80;2009;919993.88;992;j
RS;adiinc992j;p79p80;2010;929030.19;992;j
RS;adiinc992j;p79p80;2011;936387.88;992;j
RS;adiinc992j;p79p80;2012;933451.31;992;j
RS;adiinc992j;p79p80;2013;975777.63;992;j
RS;adiinc992j;p79p80;2014;897008.0;992;j
RS;adiinc992j;p79p80;2015;886958.63;992;j
RS;adiinc992j;p79p80;2016;916928.13;992;j
RS;adiinc992j;p79p80;2017;922522.13;992;j
RS;adiinc992j;p99.999p100;1990;204566848.0;992;j
RS;adiinc992j;p99.999p100;1991;161588448.0;992;j
RS;adiinc992j;p99.999p100;1992;97364192.0;992;j
RS;adiinc992j;p99.999p100;1993;57927964.0;992;j
RS;adiinc992j;p99.999p100;1994;56268400.0;992;j
RS;adiinc992j;p99.999p100;1995;56468340.0;992;j
RS;adiinc992j;p99.999p100;1996;53391560.0;992;j
RS;adiinc992j;p99.999p100;1997;52720192.0;992;j
RS;adiinc992j;p99.999p100;1998;61152284.0;992;j
RS;adiinc992j;p99.999p100;1999;89530224.0;992;j
RS;adiinc992j;p99.999p100;2000;103332864.0;992;j
RS;adiinc992j;p99.999p100;2001;126818984.0;992;j
RS;adiinc992j;p99.999p100;2002;120835712.0;992;j
RS;adiinc992j;p99.999p100;2003;126897200.0;992;j
RS;adiinc992j;p99.999p100;2004;146026832.0;992;j
RS;adiinc992j;p99.999p100;2005;181519088.0;992;j
RS;adiinc992j;p99.999p100;2006;165295648.0;992;j
RS;adiinc992j;p99.999p100;2007;137345936.0;992;j
RS;adiinc992j;p99.999p100;2008;119453344.0;992;j
RS;adiinc992j;p99.999p100;2009;159234464.0;992;j
RS;adiinc992j;p99.999p100;2010;145195024.0;992;j
RS;adiinc992j;p99.999p100;2011;139172384.0;992;j
RS;adiinc992j;p99.999p100;2012;265039920.0;992;j
RS;adiinc992j;p99.999p100;2013;178876384.0;992;j
RS;adiinc992j;p99.999p100;2014;470828768.0;992;j
RS;adiinc992j;p99.999p100;2015;945535104.0;992;j
RS;adiinc992j;p99.999p100;2016;988505792.0;992;j
RS;adiinc992j;p99.999p100;2017;998459520.0;992;j
RS;agsrnf999i;p0p100;1997;-1760.6;999;i
RS;agsrnf999i;p0p100;1998;25711.6;999;i
RS;agsrnf999i;p0p100;1999;41258.699;999;i
RS;agsrnf999i;p0p100;2000;54126.898;999;i
RS;agsrnf999i;p0p100;2001;40067.602;999;i
RS;agsrnf999i;p0p100;2002;31218.4;999;i
RS;agsrnf999i;p0p100;2003;27808.199;999;i
RS;agsrnf999i;p0p100;2004;53261.301;999;i
RS;agsrnf999i;p0p100;2005;71989.203;999;i
RS;agsrnf999i;p0p100;2006;73133.797;999;i
RS;agsrnf999i;p0p100;2007;79591.898;999;i
RS;agsrnf999i;p0p100;2008;87720.102;999;i
RS;agsrnf999i;p0p100;2009;78967.797;999;i
RS;agsrnf999i;p0p100;2010;86028.297;999;i
RS;agsrnf999i;p0p100;2011;106197.4;999;i
RS;aptfhr992i;p0p100;1990;457.79999;992;i
RS;aptfhr992i;p0p100;1991;517.59998;992;i
RS;aptfhr992i;p0p100;1992;525.59998;992;i
RS;aptfhr992i;p0p100;1993;579.09998;992;i
RS;aptfhr992i;p0p100;1994;745.0;992;i
RS;aptfhr992i;p0p100;1995;771.0;992;i
RS;aptfhr992i;p0p100;1996;604.09998;992;i
RS;aptfhr992i;p0p100;1997;777.09998;992;i
RS;aptfhr992i;p0p100;1998;940.70001;992;i
RS;aptfhr992i;p0p100;1999;1860.4;992;i
RS;aptfhr992i;p0p100;2000;2131.7;992;i
RS;aptfhr992i;p0p100;2001;1963.4;992;i
RS;aptfhr992i;p0p100;2002;1555.8;992;i
RS;aptfhr992i;p0p100;2003;1256.9;992;i
RS;aptfhr992i;p0p100;2004;1301.5;992;i
RS;aptfhr992i;p0p100;2005;1632.2;992;i
RS;aptfhr992i;p0p100;2006;1558.6;992;i
RS;aptfhr992i;p0p100;2007;1382.1;992;i
RS;aptfhr992i;p0p100;2008;1290.1;992;i
RS;aptfhr992i;p0p100;2009;1205.5;992;i
RS;aptfhr992i;p0p100;2010;1313.0;992;i
RS;aptfhr992i;p0p100;2011;1097.3;992;i
RS;aptfhr992i;p0p100;2012;1121.5;992;i
RS;aptfhr992i;p0p100;2013;1342.2;992;i
RS;aptfhr992i;p0p100;2014;1369.2;992;i
RS;aptfhr992i;p0p100;2015;1606.6;992;i
RS;aptfhr992i;p0p100;2016;1251.8;992;i
RS;aptfhr992i;p0p100;2017;1152.1;992;i
RS;aptfhr992i;p0p100;2018;986.20001;992;i
RS;aptfhr992i;p0p100;2019;1036.5;992;i
RS;aptfon992i;p0p100;2007;-7575.3999;992;i
RS;aptfon992i;p0p100;2008;-10423.9;992;i
RS;aptfon992i;p0p100;2009;-11302.6;992;i
RS;aptfon992i;p0p100;2010;-12567.0;992;i
RS;aptfon992i;p0p100;2011;-12896.6;992;i
RS;aptfon992i;p0p100;2012;-13312.5;992;i
RS;aptfon992i;p0p100;2013;-16006.3;992;i
RS;aptfon992i;p0p100;2014;-17444.5;992;i
RS;aptfon992i;p0p100;2015;-19868.1;992;i
RS;aptfon992i;p0p100;2016;-18900.6;992;i
RS;aptfon992i;p0p100;2017;-14754.9;992;i
RS;aptfon992i;p0p100;2018;-11012.4;992;i
RS;aptinc992j;p77p78;1990;1002316.5;992;j
RS;aptinc992j;p77p78;1991;867820.88;992;j
RS;aptinc992j;p77p78;1992;592600.31;992;j
RS;aptinc992j;p77p78;1993;383141.41;992;j
RS;aptinc992j;p77p78;1994;393391.81;992;j
RS;aptinc992j;p77p78;1995;414138.59;992;j
RS;aptinc992j;p77p78;1996;416866.5;992;j
RS;aptinc992j;p77p78;1997;441255.41;992;j
RS;aptinc992j;p77p78;1998;459175.41;992;j
RS;aptinc992j;p77p78;1999;496708.91;992;j
RS;aptinc992j;p77p78;2000;541182.63;992;j
RS;aptinc992j;p77p78;2001;536248.38;992;j
RS;aptinc992j;p77p78;2002;583681.31;992;j
RS;aptinc992j;p77p78;2003;611351.5;992;j
RS;aptinc992j;p77p78;2004;689846.13;992;j
RS;aptinc992j;p77p78;2005;768695.88;992;j
RS;aptinc992j;p77p78;2006;817207.31;992;j
RS;aptinc992j;p77p78;2007;864594.69;992;j
RS;aptinc992j;p77p78;2008;924822.69;992;j
RS;aptinc992j;p77p78;2009;907610.13;992;j
RS;aptinc992j;p77p78;2010;900612.88;992;j
RS;aptinc992j;p77p78;2011;906902.31;992;j
RS;aptinc992j;p77p78;2012;925131.81;992;j
RS;aptinc992j;p77p78;2013;953342.31;992;j
RS;aptinc992j;p77p78;2014;907455.63;992;j
RS;aptinc992j;p77p78;2015;905354.5;992;j
RS;aptinc992j;p77p78;2016;932997.38;992;j
RS;aptinc992j;p77p78;2017;938361.69;992;j
RS;aptinc992j;p90p100;1990;2209100.5;992;j
RS;aptinc992j;p90p100;1991;1931790.8;992;j
RS;aptinc992j;p90p100;1992;1331761.4;992;j
RS;aptinc992j;p90p100;1993;869501.19;992;j
RS;aptinc992j;p90p100;1994;901551.0;992;j
RS;aptinc992j;p90p100;1995;958198.81;992;j
RS;aptinc992j;p90p100;1996;969913.13;992;j
RS;aptinc992j;p90p100;1997;1032477.7;992;j
RS;aptinc992j;p90p100;1998;1093692.3;992;j
RS;aptinc992j;p90p100;1999;1212478.3;992;j
RS;aptinc992j;p90p100;2000;1370435.6;992;j
RS;aptinc992j;p90p100;2001;1386111.1;992;j
RS;aptinc992j;p90p100;2002;1513220.8;992;j
RS;aptinc992j;p90p100;2003;1604170.1;992;j
RS;aptinc992j;p90p100;2004;1852081.3;992;j
RS;aptinc992j;p90p100;2005;2103235.5;992;j
RS;aptinc992j;p90p100;2006;2244494.5;992;j
RS;aptinc992j;p90p100;2007;2277661.5;992;j
RS;aptinc992j;p90p100;2008;2448036.0;992;j
RS;aptinc992j;p90p100;2009;2431422.3;992;j
RS;aptinc992j;p90p100;2010;2507050.8;992;j
RS;aptinc992j;p90p100;2011;2578007.5;992;j
RS;aptinc992j;p90p100;2012;2546840.3;992;j
RS;aptinc992j;p90p100;2013;2583947.0;992;j
RS;aptinc992j;p90p100;2014;2651324.0;992;j
RS;aptinc992j;p90p100;2015;2625877.0;992;j
RS;aptinc992j;p90p100;2016;2708222.0;992;j
RS;aptinc992j;p90p100;2017;2726483.0;992;j
RS;aptinc992j;p99.94p100;1990;25775062.0;992;j
RS;aptinc992j;p99.94p100;1991;23110082.0;992;j
RS;aptinc992j;p99.94p100;1992;16168710.0;992;j
RS;aptinc992j;p99.94p100;1993;10816359.0;992;j
RS;aptinc992j;p99.94p100;1994;11350298.0;992;j
RS;aptinc992j;p99.94p100;1995;12346886.0;992;j
RS;aptinc992j;p99.94p100;1996;12722795.0;992;j
RS;aptinc992j;p99.94p100;1997;13805290.0;992;j
RS;aptinc992j;p99.94p100;1998;14376227.0;992;j
RS;aptinc992j;p99.94p100;1999;16982054.0;992;j
RS;aptinc992j;p99.94p100;2000;20051490.0;992;j
RS;aptinc992j;p99.94p100;2001;21559238.0;992;j
RS;aptinc992j;p99.94p100;2002;22671360.0;992;j
RS;aptinc992j;p99.94p100;2003;23260618.0;992;j
RS;aptinc992j;p99.94p100;2004;26994870.0;992;j
RS;aptinc992j;p99.94p100;2005;29184588.0;992;j
RS;aptinc992j;p99.94p100;2006;31187088.0;992;j
RS;aptinc992j;p99.94p100;2007;29621138.0;992;j
RS;aptinc992j;p99.94p100;2008;32307474.0;992;j
RS;aptinc992j;p99.94p100;2009;31377190.0;992;j
RS;aptinc992j;p99.94p100;2010;30941222.0;992;j
RS;aptinc992j;p99.94p100;2011;32789770.0;992;j
RS;aptinc992j;p99.94p100;2012;26505298.0;992;j
RS;aptinc992j;p99.94p100;2013;29137076.0;992;j
RS;aptinc992j;p99.94p100;2014;43145092.0;992;j
RS;aptinc992j;p99.94p100;2015;42054088.0;992;j
RS;aptinc992j;p99.94p100;2016;43399664.0;992;j
RS;aptinc992j;p99.94p100;2017;43703068.0;992;j
RS;bcainc992j;p63p100;1990;1.6997343;992;j
RS;bcainc992j;p63p100;1991;1.6933788;992;j
RS;bcainc992j;p63p100;1992;1.6871935;992;j
RS;bcainc992j;p63p100;1993;1.6850775;992;j
RS;bcainc992j;p63p100;1994;1.6799039;992;j
RS;bcainc992j;p63p100;1995;1.6773076;992;j
RS;bcainc992j;p63p100;1996;1.6694226;992;j
RS;bcainc992j;p63p100;1997;1.661953;992;j
RS;bcainc992j;p63p100;1998;1.668869;992;j
RS;bcainc992j;p63p100;1999;1.6868725;992;j
RS;bcainc992j;p63p100;2000;1.726071;992;j
RS;bcainc992j;p63p100;2001;1.7433472;992;j
RS;bcainc992j;p63p100;2002;1.7669716;992;j
RS;bcainc992j;p63p100;2003;1.7752719;992;j
RS;bcainc992j;p63p100;2004;1.8077711;992;j
RS;bcainc992j;p63p100;2005;1.8439316;992;j
RS;bcainc992j;p63p100;2006;1.8685846;992;j
RS;bcainc992j;p63p100;2007;1.8631182;992;j
RS;bcainc992j;p63p100;2008;1.8740406;992;j
RS;bcainc992j;p63p100;2009;1.9073391;992;j
RS;bcainc992j;p63p100;2010;1.9569122;992;j
RS;bcainc992j;p63p100;2011;1.9976983;992;j
RS;bcainc992j;p63p100;2012;2.0191703;992;j
RS;bcainc992j;p63p100;2013;1.9986943;992;j
RS;bcainc992j;p63p100;2014;1.998879;992;j
RS;bcainc992j;p63p100;2015;2.1249685;992;j
RS;bcainc992j;p63p100;2016;2.1252501;992;j
RS;bcainc992j;p63p100;2017;2.1257145;992;j
RS;bdiinc992j;p34p100;1990;2.0837054;992;j
RS;bdiinc992j;p34p100;1991;2.0719478;992;j
RS;bdiinc992j;p34p100;1992;2.060118;992;j
RS;bdiinc992j;p34p100;1993;2.0493677;992;j
RS;bdiinc992j;p34p100;1994;2.0353143;992;j
RS;bdiinc992j;p34p100;1995;2.02421;992;j
RS;bdiinc992j;p34p100;1996;2.0086031;992;j
RS;bdiinc992j;p34p100;1997;1.9907787;992;j
RS;bdiinc992j;p34p100;1998;2.0391307;992;j
RS;bdiinc992j;p34p100;1999;2.0612414;992;j
RS;bdiinc992j;p34p100;2000;2.0655625;992;j
RS;bdiinc992j;p34p100;2001;2.0773451;992;j
RS;bdiinc992j;p34p100;2002;2.1075518;992;j
RS;bdiinc992j;p34p100;2003;2.1245265;992;j
RS;bdiinc992j;p34p100;2004;2.1872022;992;j
RS;bdiinc992j;p34p100;2005;2.2367086;992;j
RS;bdiinc992j;p34p100;2006;2.2989874;992;j
RS;bdiinc992j;p34p100;2007;2.3172281;992;j
RS;bdiinc992j;p34p100;2008;2.3499074;992;j
RS;bdiinc992j;p34p100;2009;2.4119353;992;j
RS;bdiinc992j;p34p100;2010;2.5032821;992;j
RS;bdiinc992j;p34p100;2011;2.6071713;992;j
RS;bdiinc992j;p34p100;2012;2.663141;992;j
RS;bdiinc992j;p34p100;2013;2.7410879;992;j
RS;bdiinc992j;p34p100;2014;2.6561773;992;j
RS;bdiinc992j;p34p100;2015;2.7550991;992;j
RS;bdiinc992j;p34p100;2016;2.7991343;992;j
RS;bdiinc992j;p34p100;2017;2.8054399;992;j
RS;bptinc992j;p4p100;1990;9.3792944;992;j
RS;bptinc992j;p4p100;1991;9.1869888;992;j
RS;bptinc992j;p4p100;1992;8.9906225;992;j
RS;bptinc992j;p4p100;1993;8.8934574;992;j
RS;bptinc992j;p4p100;1994;8.800292;992;j
RS;bptinc992j;p4p100;1995;8.8052626;992;j
RS;bptinc992j;p4p100;1996;8.7797947;992;j
RS;bptinc992j;p4p100;1997;8.714653;992;j
RS;bptinc992j;p4p100;1998;7.9106898;992;j
RS;bptinc992j;p4p100;1999;7.7513933;992;j
RS;bptinc992j;p4p100;2000;7.948431;992;j
RS;bptinc992j;p4p100;2001;7.763165;992;j
RS;bptinc992j;p4p100;2002;9.8981867;992;j
RS;bptinc992j;p4p100;2003;10.090016;992;j
RS;bptinc992j;p4p100;2004;11.463531;992;j
RS;bptinc992j;p4p100;2005;12.539141;992;j
RS;bptinc992j;p4p100;2006;14.276003;992;j
RS;bptinc992j;p4p100;2007;15.373852;992;j
RS;bptinc992j;p4p100;2008;18.713055;992;j
RS;bptinc992j;p4p100;2009;21.09761;992;j
RS;bptinc992j;p4p100;2010;21.488966;992;j
RS;bptinc992j;p4p100;2011;25.770571;992;j
RS;bptinc992j;p4p100;2012;26.839302;992;j
RS;bptinc992j;p4p100;2013;32.707508;992;j
RS;bptinc992j;p4p100;2014;31.575977;992;j
RS;bptinc992j;p4p100;2015;31.693413;992;j
RS;bptinc992j;p4p100;2016;31.616217;992;j
RS;bptinc992j;p4p100;2017;31.942709;992;j
RS;msecfc999i;p0p100;1997;129887174656.0;999;i
RS;msecfc999i;p0p100;1998;132775821312.0;999;i
RS;msecfc999i;p0p100;1999;39777685504.0;999;i
RS;msecfc999i;p0p100;2000;25562951680.0;999;i
RS;msecfc999i;p0p100;2001;27234535424.0;999;i
RS;msecfc999i;p0p100;2002;55308513280.0;999;i
RS;msecfc999i;p0p100;2003;35727966208.0;999;i
RS;msecfc999i;p0p100;2004;22032848896.0;999;i
RS;msecfc999i;p0p100;2005;23816794112.0;999;i
RS;msecfc999i;p0p100;2006;19303604224.0;999;i
RS;msecfc999i;p0p100;2007;-10400665600.0;999;i
RS;msecfc999i;p0p100;2008;40456220672.0;999;i
RS;msecfc999i;p0p100;2009;58113892352.0;999;i
RS;msecfc999i;p0p100;2010;66502746112.0;999;i
RS;msecfc999i;p0p100;2011;72785338368.0;999;i
RS;mssbgo999i;p0p100;1997;354473738240.0;999;i
RS;mssbgo999i;p0p100;1998;465820778496.0;999;i
RS;mssbgo999i;p0p100;1999;349660119040.0;999;i
RS;mssbgo999i;p0p100;2000;376354406400.0;999;i
RS;mssbgo999i;p0p100;2001;424800649216.0;999;i
RS;mssbgo999i;p0p100;2002;555630395392.0;999;i
RS;mssbgo999i;p0p100;2003;538450100224.0;999;i
RS;mssbgo999i;p0p100;2004;528514646016.0;999;i
RS;mssbgo999i;p0p100;2005;620420399104.0;999;i
RS;mssbgo999i;p0p100;2006;707955523584.0;999;i
RS;mssbgo999i;p0p100;2007;727263215616.0;999;i
RS;mssbgo999i;p0p100;2008;814781038592.0;999;i
RS;mssbgo999i;p0p100;2009;875097948160.0;999;i
RS;mssbgo999i;p0p100;2010;870289965056.0;999;i
RS;mssbgo999i;p0p100;2011;797730144256.0;999;i
RS;npopul001m;p0p100;1950;384872.0;001;m
RS;npopul001m;p0p100;1951;418363.0;001;m
RS;npopul001m;p0p100;1952;433977.0;001;m
RS;npopul001m;p0p100;1953;439584.0;001;m
RS;npopul001m;p0p100;1954;436739.0;001;m
RS;npopul001m;p0p100;1955;428127.0;001;m
RS;npopul001m;p0p100;1956;415446.0;001;m
RS;npopul001m;p0p100;1957;401344.0;001;m
RS;npopul001m;p0p100;1958;387432.0;001;m
RS;npopul001m;p0p100;1959;375076.0;001;m
RS;npopul001m;p0p100;1960;364235.0;001;m
RS;npopul001m;p0p100;1961;347545.0;001;m
RS;npopul001m;p0p100;1962;342432.0;001;m
RS;npopul001m;p0p100;1963;344710.0;001;m
RS;npopul001m;p0p100;1964;348667.0;001;m
RS;npopul001m;p0p100;1965;350281.0;001;m
RS;npopul001m;p0p100;1966;359792.0;001;m
RS;npopul001m;p0p100;1967;361845.0;001;m
RS;npopul001m;p0p100;1968;358953.0;001;m
RS;npopul001m;p0p100;1969;356058.0;001;m
RS;npopul001m;p0p100;1970;356818.0;001;m
RS;npopul001m;p0p100;1971;359465.0;001;m
RS;npopul001m;p0p100;1972;364021.0;001;m
RS;npopul001m;p0p100;1973;370289.0;001;m
RS;npopul001m;p0p100;1974;376629.0;001;m
RS;npopul001m;p0p100;1975;382049.0;001;m
RS;npopul001m;p0p100;1976;388618.0;001;m
RS;npopul001m;p0p100;1977;394010.0;001;m
RS;npopul001m;p0p100;1978;398135.0;001;m
RS;npopul001m;p0p100;1979;401036.0;001;m
RS;npopul001m;p0p100;1980;402629.0;001;m
RS;npopul001m;p0p100;1981;404578.0;001;m
RS;npopul001m;p0p100;1982;404148.0;001;m
RS;npopul001m;p0p100;1983;401914.0;001;m
RS;npopul001m;p0p100;1984;398893.0;001;m
RS;npopul001m;p0p100;1985;395773.0;001;m
RS;npopul001m;p0p100;1986;391736.0;001;m
RS;npopul001m;p0p100;1987;389527.0;001;m
RS;npopul001m;p0p100;1988;388277.0;001;m
RS;npopul001m;p0p100;1989;386504.0;001;m
RS;npopul001m;p0p100;1990;383258.0;001;m
RS;npopul001m;p0p100;1991;382048.0;001;m
RS;npopul001m;p0p100;1992;377111.0;001;m
RS;npopul001m;p0p100;1993;369076.0;001;m
RS;npopul001m;p0p100;1994;359372.0;001;m
RS;npopul001m;p0p100;1995;348913.0;001;m
RS;npopul001m;p0p100;1996;339025.0;001;m
RS;npopul001m;p0p100;1997;331726.0;001;m
RS;npopul001m;p0p100;1998;326150.0;001;m
RS;npopul001m;p0p100;1999;252346.0;001;m
RS;npopul001m;p0p100;2000;248686.0;001;m
RS;npopul001m;p0p100;2001;244777.0;001;m
RS;npopul001m;p0p100;2002;241078.0;001;m
RS;npopul001m;p0p100;2003;236583.0;001;m
RS;npopul001m;p0p100;2004;232272.0;001;m
RS;npopul001m;p0p100;2005;228421.0;001;m
RS;npopul001m;p0p100;2006;226713.0;001;m
RS;npopul001m;p0p100;2007;223821.0;001;m
RS;npopul001m;p0p100;2008;220203.0;001;m
RS;npopul001m;p0p100;2009;216333.0;001;m
RS;npopul001m;p0p100;2010;212374.0;001;m
RS;npopul001m;p0p100;2011;207617.0;001;m
RS;npopul001m;p0p100;2012;203064.0;001;m
RS;npopul001m;p0p100;2013;198433.0;001;m
RS;npopul001m;p0p100;2014;194205.0;001;m
RS;npopul001m;p0p100;2015;190592.0;001;m
RS;npopul001m;p0p100;2016;187076.0;001;m
RS;npopul001m;p0p100;2017;186459.0;001;m
RS;npopul001m;p0p100;2018;187017.0;001;m
RS;npopul001m;p0p100;2019;187081.0;001;m
RS;npopul202i;p0p100;1950;1251797.0;202;i
RS;npopul202i;p0p100;1951;1300699.0;202;i
RS;npopul202i;p0p100;1952;1337348.0;202;i
RS;npopul202i;p0p100;1953;1359990.0;202;i
RS;npopul202i;p0p100;1954;1372366.0;202;i
RS;npopul202i;p0p100;1955;1377812.0;202;i
RS;npopul202i;p0p100;1956;1375386.0;202;i
RS;npopul202i;p0p100;1957;1366031.0;202;i
RS;npopul202i;p0p100;1958;1349522.0;202;i
RS;npopul202i;p0p100;1959;1324952.0;202;i
RS;npopul202i;p0p100;1960;1292718.0;202;i
RS;npopul202i;p0p100;1961;1256512.0;202;i
RS;npopul202i;p0p100;1962;1211729.0;202;i
RS;npopul202i;p0p100;1963;1166345.0;202;i
RS;npopul202i;p0p100;1964;1130917.0;202;i
RS;npopul202i;p0p100;1965;1111651.0;202;i
RS;npopul202i;p0p100;1966;1103850.0;202;i
RS;npopul202i;p0p100;1967;1111755.0;202;i
RS;npopul202i;p0p100;1968;1134175.0;202;i
RS;npopul202i;p0p100;1969;1168566.0;202;i
RS;npopul202i;p0p100;1970;1212667.0;202;i
RS;npopul202i;p0p100;1971;1267786.0;202;i
RS;npopul202i;p0p100;1972;1333656.0;202;i
RS;npopul202i;p0p100;1973;1401526.0;202;i
RS;npopul202i;p0p100;1974;1458944.0;202;i
RS;npopul202i;p0p100;1975;1497939.0;202;i
RS;npopul202i;p0p100;1976;1519569.0;202;i
RS;npopul202i;p0p100;1977;1522608.0;202;i
RS;npopul202i;p0p100;1978;1510807.0;202;i
RS;npopul202i;p0p100;1979;1491191.0;202;i
RS;npopul202i;p0p100;1980;1468744.0;202;i
RS;npopul202i;p0p100;1981;1443167.0;202;i
RS;npopul202i;p0p100;1982;1413908.0;202;i
RS;npopul202i;p0p100;1983;1384030.0;202;i
RS;npopul202i;p0p100;1984;1357558.0;202;i
RS;npopul202i;p0p100;1985;1337274.0;202;i
RS;npopul202i;p0p100;1986;1324582.0;202;i
RS;npopul202i;p0p100;1987;1318763.0;202;i
RS;npopul202i;p0p100;1988;1319498.0;202;i
RS;npopul202i;p0p100;1989;1325442.0;202;i
RS;npopul202i;p0p100;1990;1335485.0;202;i
RS;npopul202i;p0p100;1991;1350735.0;202;i
RS;npopul202i;p0p100;1992;1370863.0;202;i
RS;npopul202i;p0p100;1993;1393090.0;202;i
RS;npopul202i;p0p100;1994;1413673.0;202;i
RS;npopul202i;p0p100;1995;1429837.0;202;i
RS;npopul202i;p0p100;1996;1428940.0;202;i
RS;npopul202i;p0p100;1997;1419592.0;202;i
RS;npopul202i;p0p100;1998;1403004.0;202;i
RS;npopul202i;p0p100;1999;1087053.0;202;i
RS;npopul202i;p0p100;2000;1074144.0;202;i
RS;npopul202i;p0p100;2001;1074022.0;202;i
RS;npopul202i;p0p100;2002;1072558.0;202;i
RS;npopul202i;p0p100;2003;1067066.0;202;i
RS;npopul202i;p0p100;2004;1061826.0;202;i
RS;npopul202i;p0p100;2005;1056964.0;202;i
RS;npopul202i;p0p100;2006;1047847.0;202;i
RS;npopul202i;p0p100;2007;1039437.0;202;i
RS;npopul202i;p0p100;2008;1031135.0;202;i
RS;npopul202i;p0p100;2009;1022670.0;202;i
RS;npopul202i;p0p100;2010;1013386.0;202;i
RS;npopul202i;p0p100;2011;1001251.0;202;i
RS;npopul202i;p0p100;2012;991449.0;202;i
RS;npopul202i;p0p100;2013;980315.0;202;i
RS;npopul202i;p0p100;2014;966545.0;202;i
RS;npopul202i;p0p100;2015;949247.0;202;i
RS;npopul202i;p0p100;2016;936741.0;202;i
RS;npopul202i;p0p100;2017;923412.0;202;i
RS;npopul202i;p0p100;2018;907862.0;202;i
RS;npopul202i;p0p100;2019;892600.0;202;i
RS;npopul701i;p0p100;1950;148884.0;701;i
RS;npopul701i;p0p100;1951;144475.0;701;i
RS;npopul701i;p0p100;1952;140256.0;701;i
RS;npopul701i;p0p100;1953;136737.0;701;i
RS;npopul701i;p0p100;1954;135043.0;701;i
RS;npopul701i;p0p100;1955;135690.0;701;i
RS;npopul701i;p0p100;1956;137451.0;701;i
RS;npopul701i;p0p100;1957;141271.0;701;i
RS;npopul701i;p0p100;1958;145614.0;701;i
RS;npopul701i;p0p100;1959;148278.0;701;i
RS;npopul701i;p0p100;1960;148339.0;701;i
RS;npopul701i;p0p100;1961;145717.0;701;i
RS;npopul701i;p0p100;1962;140484.0;701;i
RS;npopul701i;p0p100;1963;135710.0;701;i
RS;npopul701i;p0p100;1964;135259.0;701;i
RS;npopul701i;p0p100;1965;140805.0;701;i
RS;npopul701i;p0p100;1966;149597.0;701;i
RS;npopul701i;p0p100;1967;162890.0;701;i
RS;npopul701i;p0p100;1968;178239.0;701;i
RS;npopul701i;p0p100;1969;192385.0;701;i
RS;npopul701i;p0p100;1970;203729.0;701;i
RS;npopul701i;p0p100;1971;210841.0;701;i
RS;npopul701i;p0p100;1972;215812.0;701;i
RS;npopul701i;p0p100;1973;220162.0;701;i
RS;npopul701i;p0p100;1974;225724.0;701;i
RS;npopul701i;p0p100;1975;233122.0;701;i
RS;npopul701i;p0p100;1976;239110.0;701;i
RS;npopul701i;p0p100;1977;246385.0;701;i
RS;npopul701i;p0p100;1978;253490.0;701;i
RS;npopul701i;p0p100;1979;258214.0;701;i
RS;npopul701i;p0p100;1980;259415.0;701;i
RS;npopul701i;p0p100;1981;255145.0;701;i
RS;npopul701i;p0p100;1982;249441.0;701;i
RS;npopul701i;p0p100;1983;242552.0;701;i
RS;npopul701i;p0p100;1984;234148.0;701;i
RS;npopul701i;p0p100;1985;224195.0;701;i
RS;npopul701i;p0p100;1986;210203.0;701;i
RS;npopul701i;p0p100;1987;193666.0;701;i
RS;npopul701i;p0p100;1988;179931.0;701;i
RS;npopul701i;p0p100;1989;176317.0;701;i
RS;npopul701i;p0p100;1990;186322.0;701;i
RS;npopul701i;p0p100;1991;205948.0;701;i
RS;npopul701i;p0p100;1992;236247.0;701;i
RS;npopul701i;p0p100;1993;271801.0;701;i
RS;npopul701i;p0p100;1994;305316.0;701;i
RS;npopul701i;p0p100;1995;332724.0;701;i
RS;npopul701i;p0p100;1996;353924.0;701;i
RS;npopul701i;p0p100;1997;370512.0;701;i
RS;npopul701i;p0p100;1998;383649.0;701;i
RS;npopul701i;p0p100;1999;310629.0;701;i
RS;npopul701i;p0p100;2000;320295.0;701;i
RS;npopul701i;p0p100;2001;323182.0;701;i
RS;npopul701i;p0p100;2002;325072.0;701;i
RS;npopul701i;p0p100;2003;325452.0;701;i
RS;npopul701i;p0p100;2004;325427.0;701;i
RS;npopul701i;p0p100;2005;324697.0;701;i
RS;npopul701i;p0p100;2006;321869.0;701;i
RS;npopul701i;p0p100;2007;319526.0;701;i
RS;npopul701i;p0p100;2008;316853.0;701;i
RS;npopul701i;p0p100;2009;312514.0;701;i
RS;npopul701i;p0p100;2010;305743.0;701;i
RS;npopul701i;p0p100;2011;292840.0;701;i
RS;npopul701i;p0p100;2012;278078.0;701;i
RS;npopul701i;p0p100;2013;265199.0;701;i
RS;npopul701i;p0p100;2014;260638.0;701;i
RS;npopul701i;p0p100;2015;267412.0;701;i
RS;npopul701i;p0p100;2016;278523.0;701;i
RS;npopul701i;p0p100;2017;299222.0;701;i
RS;npopul701i;p0p100;2018;324510.0;701;i
RS;npopul701i;p0p100;2019;349112.0;701;i
RS;npopul802f;p0p100;1950;46793.0;802;f
RS;npopul802f;p0p100;1951;49416.0;802;f
RS;npopul802f;p0p100;1952;51250.0;802;f
RS;npopul802f;p0p100;1953;51894.0;802;f
RS;npopul802f;p0p100;1954;51268.0;802;f
RS;npopul802f;p0p100;1955;49542.0;802;f
RS;npopul802f;p0p100;1956;51373.0;802;f
RS;npopul802f;p0p100;1957;52233.0;802;f
RS;npopul802f;p0p100;1958;51902.0;802;f
RS;npopul802f;p0p100;1959;50331.0;802;f
RS;npopul802f;p0p100;1960;47658.0;802;f
RS;npopul802f;p0p100;1961;48174.0;802;f
RS;npopul802f;p0p100;1962;47590.0;802;f
RS;npopul802f;p0p100;1963;46383.0;802;f
RS;npopul802f;p0p100;1964;45242.0;802;f
RS;npopul802f;p0p100;1965;44459.0;802;f
RS;npopul802f;p0p100;1966;46535.0;802;f
RS;npopul802f;p0p100;1967;48556.0;802;f
RS;npopul802f;p0p100;1968;50105.0;802;f
RS;npopul802f;p0p100;1969;50740.0;802;f
RS;npopul802f;p0p100;1970;50436.0;802;f
RS;npopul802f;p0p100;1971;51688.0;802;f
RS;npopul802f;p0p100;1972;51954.0;802;f
RS;npopul802f;p0p100;1973;51781.0;802;f
RS;npopul802f;p0p100;1974;52045.0;802;f
RS;npopul802f;p0p100;1975;53102.0;802;f
RS;npopul802f;p0p100;1976;56779.0;802;f
RS;npopul802f;p0p100;1977;60419.0;802;f
RS;npopul802f;p0p100;1978;63827.0;802;f
RS;npopul802f;p0p100;1979;66884.0;802;f
RS;npopul802f;p0p100;1980;69696.0;802;f
RS;npopul802f;p0p100;1981;74336.0;802;f
RS;npopul802f;p0p100;1982;77969.0;802;f
RS;npopul802f;p0p100;1983;80637.0;802;f
RS;npopul802f;p0p100;1984;82789.0;802;f
RS;npopul802f;p0p100;1985;84677.0;802;f
RS;npopul802f;p0p100;1986;89124.0;802;f
RS;npopul802f;p0p100;1987;92602.0;802;f
RS;npopul802f;p0p100;1988;94994.0;802;f
RS;npopul802f;p0p100;1989;96460.0;802;f
RS;npopul802f;p0p100;1990;97204.0;802;f
RS;npopul802f;p0p100;1991;99935.0;802;f
RS;npopul802f;p0p100;1992;102130.0;802;f
RS;npopul802f;p0p100;1993;103026.0;802;f
RS;npopul802f;p0p100;1994;101780.0;802;f
RS;npopul802f;p0p100;1995;98165.0;802;f
RS;npopul802f;p0p100;1996;96174.0;802;f
RS;npopul802f;p0p100;1997;91748.0;802;f
RS;npopul802f;p0p100;1998;87046.0;802;f
RS;npopul802f;p0p100;1999;66717.0;802;f
RS;npopul802f;p0p100;2000;68170.0;802;f
RS;npopul802f;p0p100;2001;73032.0;802;f
RS;npopul802f;p0p100;2002;78459.0;802;f
RS;npopul802f;p0p100;2003;83990.0;802;f
RS;npopul802f;p0p100;2004;89686.0;802;f
RS;npopul802f;p0p100;2005;95442.0;802;f
RS;npopul802f;p0p100;2006;104244.0;802;f
RS;npopul802f;p0p100;2007;112205.0;802;f
RS;npopul802f;p0p100;2008;118814.0;802;f
RS;npopul802f;p0p100;2009;124211.0;802;f
RS;npopul802f;p0p100;2010;128654.0;802;f
RS;npopul802f;p0p100;2011;134724.0;802;f
RS;npopul802f;p0p100;2012;140013.0;802;f
RS;npopul802f;p0p100;2013;144286.0;802;f
RS;npopul802f;p0p100;2014;147979.0;802;f
RS;npopul802f;p0p100;2015;151254.0;802;f
RS;npopul802f;p0p100;2016;154476.0;802;f
RS;npopul802f;p0p100;2017;156780.0;802;f
RS;npopul802f;p0p100;2018;157466.0;802;f
RS;npopul802f;p0p100;2019;156437.0;802;f
RS;scainc992j;p0p100;1990;1.0;992;j
RS;scainc992j;p0p100;1991;1.0;992;j
RS;scainc992j;p0p100;1992;1.0;992;j
RS;scainc992j;p0p100;1993;1.0;992;j
RS;scainc992j;p0p100;1994;1.0;992;j
RS;scainc992j;p0p100;1995;1.0;992;j
RS;scainc992j;p0p100;1996;1.0;992;j
RS;scainc992j;p0p100;1997;1.0;992;j
RS;scainc992j;p0p100;1998;1.0;992;j
RS;scainc992j;p0p100;1999;1.0;992;j
RS;scainc992j;p0p100;2000;1.0;992;j
RS;scainc992j;p0p100;2001;1.0;992;j
RS;scainc992j;p0p100;2002;1.0;992;j
RS;scainc992j;p0p100;2003;1.0;992;j
RS;scainc992j;p0p100;2004;1.0;992;j
RS;scainc992j;p0p100;2005;1.0;992;j
RS;scainc992j;p0p100;2006;1.0;992;j
RS;scainc992j;p0p100;2007;1.0;992;j
RS;scainc992j;p0p100;2008;1.0;992;j
RS;scainc992j;p0p100;2009;1.0;992;j
RS;scainc992j;p0p100;2010;1.0;992;j
RS;scainc992j;p0p100;2011;1.0;992;j
RS;scainc992j;p0p100;2012;1.0;992;j
RS;scainc992j;p0p100;2013;1.0;992;j
RS;scainc992j;p0p100;2014;1.0;992;j
RS;scainc992j;p0p100;2015;1.0;992;j
RS;scainc992j;p0p100;2016;1.0;992;j
RS;scainc992j;p0p100;2017;1.0;992;j
RS;scainc992j;p18p19;1990;0.0035000001;992;j
RS;scainc992j;p18p19;1991;0.0035000001;992;j
RS;scainc992j;p18p19;1992;0.0035999999;992;j
RS;scainc992j;p18p19;1993;0.0035999999;992;j
RS;scainc992j;p18p19;1994;0.0037;992;j
RS;scainc992j;p18p19;1995;0.0037;992;j
RS;scainc992j;p18p19;1996;0.0038000001;992;j
RS;scainc992j;p18p19;1997;0.0038000001;992;j
RS;scainc992j;p18p19;1998;0.0041;992;j
RS;scainc992j;p18p19;1999;0.0041;992;j
RS;scainc992j;p18p19;2000;0.0038999999;992;j
RS;scainc992j;p18p19;2001;0.0038999999;992;j
RS;scainc992j;p18p19;2002;0.0035000001;992;j
RS;scainc992j;p18p19;2003;0.0035000001;992;j
RS;scainc992j;p18p19;2004;0.0031000001;992;j
RS;scainc992j;p18p19;2005;0.0031000001;992;j
RS;scainc992j;p18p19;2006;0.0027999999;992;j
RS;scainc992j;p18p19;2007;0.0027999999;992;j
RS;scainc992j;p18p19;2008;0.0024999999;992;j
RS;scainc992j;p18p19;2009;0.0024999999;992;j
RS;scainc992j;p18p19;2010;0.0020999999;992;j
RS;scainc992j;p18p19;2011;0.0018;992;j
RS;scainc992j;p18p19;2012;0.0019;992;j
RS;scainc992j;p18p19;2013;0.0016;992;j
RS;scainc992j;p18p19;2014;0.0022;992;j
RS;scainc992j;p18p19;2015;0.0018;992;j
RS;scainc992j;p18p19;2016;0.0018;992;j
RS;scainc992j;p18p19;2017;0.0018;992;j
RS;scainc992j;p22p100;1990;0.94940001;992;j
RS;scainc992j;p22p100;1991;0.94880003;992;j
RS;scainc992j;p22p100;1992;0.94809997;992;j
RS;scainc992j;p22p100;1993;0.94739997;992;j
RS;scainc992j;p22p100;1994;0.94669998;992;j
RS;scainc992j;p22p100;1995;0.94599998;992;j
RS;scainc992j;p22p100;1996;0.94520003;992;j
RS;scainc992j;p22p100;1997;0.94450003;992;j
RS;scainc992j;p22p100;1998;0.94;992;j
RS;scainc992j;p22p100;1999;0.93959999;992;j
RS;scainc992j;p22p100;2000;0.94150001;992;j
RS;scainc992j;p22p100;2001;0.94230002;992;j
RS;scainc992j;p22p100;2002;0.95050001;992;j
RS;scainc992j;p22p100;2003;0.9515;992;j
RS;scainc992j;p22p100;2004;0.95789999;992;j
RS;scainc992j;p22p100;2005;0.9598;992;j
RS;scainc992j;p22p100;2006;0.96429998;992;j
RS;scainc992j;p22p100;2007;0.96710002;992;j
RS;scainc992j;p22p100;2008;0.96869999;992;j
RS;scainc992j;p22p100;2009;0.96950001;992;j
RS;scainc992j;p22p100;2010;0.97350001;992;j
RS;scainc992j;p22p100;2011;0.97719997;992;j
RS;scainc992j;p22p100;2012;0.97890002;992;j
RS;scainc992j;p22p100;2013;0.97619998;992;j
RS;scainc992j;p22p100;2014;0.96060002;992;j
RS;scainc992j;p22p100;2015;0.97100002;992;j
RS;scainc992j;p22p100;2016;0.9709;992;j
RS;scainc992j;p22p100;2017;0.97100002;992;j
RS;sdiinc992j;p17p18;1990;0.0035999999;992;j
RS;sdiinc992j;p17p18;1991;0.0037;992;j
RS;sdiinc992j;p17p18;1992;0.0037;992;j
RS;sdiinc992j;p17p18;1993;0.0038000001;992;j
RS;sdiinc992j;p17p18;1994;0.0038000001;992;j
RS;sdiinc992j;p17p18;1995;0.0038999999;992;j
RS;sdiinc992j;p17p18;1996;0.0038999999;992;j
RS;sdiinc992j;p17p18;1997;0.0040000002;992;j
RS;sdiinc992j;p17p18;1998;0.0041999999;992;j
RS;sdiinc992j;p17p18;1999;0.0041;992;j
RS;sdiinc992j;p17p18;2000;0.0041;992;j
RS;sdiinc992j;p17p18;2001;0.0040000002;992;j
RS;sdiinc992j;p17p18;2002;0.0038000001;992;j
RS;sdiinc992j;p17p18;2003;0.0038000001;992;j
RS;sdiinc992j;p17p18;2004;0.0034;992;j
RS;sdiinc992j;p17p18;2005;0.0033;992;j
RS;sdiinc992j;p17p18;2006;0.003;992;j
RS;sdiinc992j;p17p18;2007;0.003;992;j
RS;sdiinc992j;p17p18;2008;0.0027999999;992;j
RS;sdiinc992j;p17p18;2009;0.0027999999;992;j
RS;sdiinc992j;p17p18;2010;0.0024999999;992;j
RS;sdiinc992j;p17p18;2011;0.0023000001;992;j
RS;sdiinc992j;p17p18;2012;0.0022;992;j
RS;sdiinc992j;p17p18;2013;0.0020999999;992;j
RS;sdiinc992j;p17p18;2014;0.0027000001;992;j
RS;sdiinc992j;p17p18;2015;0.0023000001;992;j
RS;sdiinc992j;p17p18;2016;0.0022;992;j
RS;sdiinc992j;p17p18;2017;0.0022;992;j
RS;sdiinc992j;p42p43;1990;0.0074;992;j
RS;sdiinc992j;p42p43;1991;0.0074999998;992;j
RS;sdiinc992j;p42p43;1992;0.0074999998;992;j
RS;sdiinc992j;p42p43;1993;0.0074999998;992;j
RS;sdiinc992j;p42p43;1994;0.0074999998;992;j
RS;sdiinc992j;p42p43;1995;0.0074999998;992;j
RS;sdiinc992j;p42p43;1996;0.0074999998;992;j
RS;sdiinc992j;p42p43;1997;0.0076000001;992;j
RS;sdiinc992j;p42p43;1998;0.0074;992;j
RS;sdiinc992j;p42p43;1999;0.0073000002;992;j
RS;sdiinc992j;p42p43;2000;0.0073000002;992;j
RS;sdiinc992j;p42p43;2001;0.0073000002;992;j
RS;sdiinc992j;p42p43;2002;0.0071999999;992;j
RS;sdiinc992j;p42p43;2003;0.0071999999;992;j
RS;sdiinc992j;p42p43;2004;0.0071;992;j
RS;sdiinc992j;p42p43;2005;0.0070000002;992;j
RS;sdiinc992j;p42p43;2006;0.0068999999;992;j
RS;sdiinc992j;p42p43;2007;0.0068999999;992;j
RS;sdiinc992j;p42p43;2008;0.0068000001;992;j
RS;sdiinc992j;p42p43;2009;0.0066999998;992;j
RS;sdiinc992j;p42p43;2010;0.0066;992;j
RS;sdiinc992j;p42p43;2011;0.0065000001;992;j
RS;sdiinc992j;p42p43;2012;0.0063999998;992;j
RS;sdiinc992j;p42p43;2013;0.0063;992;j
RS;sdiinc992j;p42p43;2014;0.0063;992;j
RS;sdiinc992j;p42p43;2015;0.0062000002;992;j
RS;sdiinc992j;p42p43;2016;0.0062000002;992;j
RS;sdiinc992j;p42p43;2017;0.0060999999;992;j
RS;sdiinc992j;p51p52;1990;0.0087000001;992;j
RS;sdiinc992j;p51p52;1991;0.0087000001;992;j
RS;sdiinc992j;p51p52;1992;0.0087000001;992;j
RS;sdiinc992j;p51p52;1993;0.0087000001;992;j
RS;sdiinc992j;p51p52;1994;0.0087000001;992;j
RS;sdiinc992j;p51p52;1995;0.0087000001;992;j
RS;sdiinc992j;p51p52;1996;0.0088;992;j
RS;sdiinc992j;p51p52;1997;0.0088;992;j
RS;sdiinc992j;p51p52;1998;0.0086000003;992;j
RS;sdiinc992j;p51p52;1999;0.0085000005;992;j
RS;sdiinc992j;p51p52;2000;0.0085000005;992;j
RS;sdiinc992j;p51p52;2001;0.0083999997;992;j
RS;sdiinc992j;p51p52;2002;0.0085000005;992;j
RS;sdiinc992j;p51p52;2003;0.0083999997;992;j
RS;sdiinc992j;p51p52;2004;0.0083999997;992;j
RS;sdiinc992j;p51p52;2005;0.0082;992;j
RS;sdiinc992j;p51p52;2006;0.0082;992;j
RS;sdiinc992j;p51p52;2007;0.0082;992;j
RS;sdiinc992j;p51p52;2008;0.0082;992;j
RS;sdiinc992j;p51p52;2009;0.0081000002;992;j
RS;sdiinc992j;p51p52;2010;0.0080000004;992;j
RS;sdiinc992j;p51p52;2011;0.0077999998;992;j
RS;sdiinc992j;p51p52;2012;0.0077999998;992;j
RS;sdiinc992j;p51p52;2013;0.0077999998;992;j
RS;sdiinc992j;p51p52;2014;0.0077;992;j
RS;sdiinc992j;p51p52;2015;0.0076000001;992;j
RS;sdiinc992j;p51p52;2016;0.0074999998;992;j
RS;sdiinc992j;p51p52;2017;0.0074999998;992;j
RS;sptinc992j;p87p100;1990;0.35190001;992;j
RS;sptinc992j;p87p100;1991;0.354;992;j
RS;sptinc992j;p87p100;1992;0.35600001;992;j
RS;sptinc992j;p87p100;1993;0.35800001;992;j
RS;sptinc992j;p87p100;1994;0.3601;992;j
RS;sptinc992j;p87p100;1995;0.36219999;992;j
RS;sptinc992j;p87p100;1996;0.3635;992;j
RS;sptinc992j;p87p100;1997;0.36480001;992;j
RS;sptinc992j;p87p100;1998;0.36700001;992;j
RS;sptinc992j;p87p100;1999;0.37040001;992;j
RS;sptinc992j;p87p100;2000;0.37900001;992;j
RS;sptinc992j;p87p100;2001;0.38280001;992;j
RS;sptinc992j;p87p100;2002;0.3883;992;j
RS;sptinc992j;p87p100;2003;0.39219999;992;j
RS;sptinc992j;p87p100;2004;0.4016;992;j
RS;sptinc992j;p87p100;2005;0.40920001;992;j
RS;sptinc992j;p87p100;2006;0.41370001;992;j
RS;sptinc992j;p87p100;2007;0.40880001;992;j
RS;sptinc992j;p87p100;2008;0.4127;992;j
RS;sptinc992j;p87p100;2009;0.41729999;992;j
RS;sptinc992j;p87p100;2010;0.42789999;992;j
RS;sptinc992j;p87p100;2011;0.43799999;992;j
RS;sptinc992j;p87p100;2012;0.4346;992;j
RS;sptinc992j;p87p100;2013;0.43079999;992;j
RS;sptinc992j;p87p100;2014;0.44710001;992;j
RS;sptinc992j;p87p100;2015;0.4409;992;j
RS;sptinc992j;p87p100;2016;0.44100001;992;j
RS;sptinc992j;p87p100;2017;0.4413;992;j
RS;sptinc992j;p90p100;1990;0.30050001;992;j
RS;sptinc992j;p90p100;1991;0.30270001;992;j
RS;sptinc992j;p90p100;1992;0.3048;992;j
RS;sptinc992j;p90p100;1993;0.30700001;992;j
RS;sptinc992j;p90p100;1994;0.30919999;992;j
RS;sptinc992j;p90p100;1995;0.3114;992;j
RS;sptinc992j;p90p100;1996;0.31279999;992;j
RS;sptinc992j;p90p100;1997;0.31420001;992;j
RS;sptinc992j;p90p100;1998;0.31650001;992;j
RS;sptinc992j;p90p100;1999;0.3204;992;j
RS;sptinc992j;p90p100;2000;0.3294;992;j
RS;sptinc992j;p90p100;2001;0.3337;992;j
RS;sptinc992j;p90p100;2002;0.33860001;992;j
RS;sptinc992j;p90p100;2003;0.34169999;992;j
RS;sptinc992j;p90p100;2004;0.35049999;992;j
RS;sptinc992j;p90p100;2005;0.35690001;992;j
RS;sptinc992j;p90p100;2006;0.3608;992;j
RS;sptinc992j;p90p100;2007;0.35479999;992;j
RS;sptinc992j;p90p100;2008;0.35820001;992;j
RS;sptinc992j;p90p100;2009;0.36210001;992;j
RS;sptinc992j;p90p100;2010;0.37239999;992;j
RS;sptinc992j;p90p100;2011;0.38159999;992;j
RS;sptinc992j;p90p100;2012;0.3775;992;j
RS;sptinc992j;p90p100;2013;0.37400001;992;j
RS;sptinc992j;p90p100;2014;0.3915;992;j
RS;sptinc992j;p90p100;2015;0.38499999;992;j
RS;sptinc992j;p90p100;2016;0.38510001;992;j
RS;sptinc992j;p90p100;2017;0.38550001;992;j
RS;sptinc992j;p99.2p100;1990;0.075800002;992;j
RS;sptinc992j;p99.2p100;1991;0.077299997;992;j
RS;sptinc992j;p99.2p100;1992;0.078500003;992;j
RS;sptinc992j;p99.2p100;1993;0.079999998;992;j
RS;sptinc992j;p99.2p100;1994;0.081299998;992;j
RS;sptinc992j;p99.2p100;1995;0.082800001;992;j
RS;sptinc992j;p99.2p100;1996;0.083800003;992;j
RS;sptinc992j;p99.2p100;1997;0.084899999;992;j
RS;sptinc992j;p99.2p100;1998;0.085299999;992;j
RS;sptinc992j;p99.2p100;1999;0.089199997;992;j
RS;sptinc992j;p99.2p100;2000;0.094499998;992;j
RS;sptinc992j;p99.2p100;2001;0.0986;992;j
RS;sptinc992j;p99.2p100;2002;0.098899998;992;j
RS;sptinc992j;p99.2p100;2003;0.098200001;992;j
RS;sptinc992j;p99.2p100;2004;0.1013;992;j
RS;sptinc992j;p99.2p100;2005;0.1013;992;j
RS;sptinc992j;p99.2p100;2006;0.1025;992;j
RS;sptinc992j;p99.2p100;2007;0.097000003;992;j
RS;sptinc992j;p99.2p100;2008;0.098499998;992;j
RS;sptinc992j;p99.2p100;2009;0.098700002;992;j
RS;sptinc992j;p99.2p100;2010;0.1009;992;j
RS;sptinc992j;p99.2p100;2011;0.1049;992;j
RS;sptinc992j;p99.2p100;2012;0.097000003;992;j
RS;sptinc992j;p99.2p100;2013;0.098200001;992;j
RS;sptinc992j;p99.2p100;2014;0.1194;992;j
RS;sptinc992j;p99.2p100;2015;0.1155;992;j
RS;sptinc992j;p99.2p100;2016;0.1156;992;j
RS;sptinc992j;p99.2p100;2017;0.1158;992;j
RS;tcainc992j;p19p20;1990;183909.09;992;j
RS;tcainc992j;p19p20;1991;162566.7;992;j
RS;tcainc992j;p19p20;1992;113450.1;992;j
RS;tcainc992j;p19p20;1993;74833.703;992;j
RS;tcainc992j;p19p20;1994;78305.898;992;j
RS;tcainc992j;p19p20;1995;83978.297;992;j
RS;tcainc992j;p19p20;1996;86121.203;992;j
RS;tcainc992j;p19p20;1997;92063.398;992;j
RS;tcainc992j;p19p20;1998;108220.5;992;j
RS;tcainc992j;p19p20;1999;120537.9;992;j
RS;tcainc992j;p19p20;2000;126685.3;992;j
RS;tcainc992j;p19p20;2001;122810.1;992;j
RS;tcainc992j;p19p20;2002;117962.7;992;j
RS;tcainc992j;p19p20;2003;123450.7;992;j
RS;tcainc992j;p19p20;2004;129325.6;992;j
RS;tcainc992j;p19p20;2005;152813.7;992;j
RS;tcainc992j;p19p20;2006;145532.2;992;j
RS;tcainc992j;p19p20;2007;143326.59;992;j
RS;tcainc992j;p19p20;2008;142494.3;992;j
RS;tcainc992j;p19p20;2009;130692.1;992;j
RS;tcainc992j;p19p20;2010;113661.8;992;j
RS;tcainc992j;p19p20;2011;100763.0;992;j
RS;tcainc992j;p19p20;2012;102267.7;992;j
RS;tcainc992j;p19p20;2013;85433.203;992;j
RS;tcainc992j;p19p20;2014;119419.5;992;j
RS;tcainc992j;p19p20;2015;96502.703;992;j
RS;tcainc992j;p19p20;2016;100337.8;992;j
RS;tcainc992j;p19p20;2017;100197.0;992;j
RS;tcainc992j;p41p42;1990;366479.5;992;j
RS;tcainc992j;p41p42;1991;318988.69;992;j
RS;tcainc992j;p41p42;1992;219121.0;992;j
RS;tcainc992j;p41p42;1993;142298.0;992;j
RS;tcainc992j;p41p42;1994;146724.8;992;j
RS;tcainc992j;p41p42;1995;154999.2;992;j
RS;tcainc992j;p41p42;1996;156841.3;992;j
RS;tcainc992j;p41p42;1997;165961.0;992;j
RS;tcainc992j;p41p42;1998;178143.41;992;j
RS;tcainc992j;p41p42;1999;202550.91;992;j
RS;tcainc992j;p41p42;2000;218100.59;992;j
RS;tcainc992j;p41p42;2001;211630.8;992;j
RS;tcainc992j;p41p42;2002;219331.3;992;j
RS;tcainc992j;p41p42;2003;229371.59;992;j
RS;tcainc992j;p41p42;2004;269924.81;992;j
RS;tcainc992j;p41p42;2005;300898.09;992;j
RS;tcainc992j;p41p42;2006;311330.41;992;j
RS;tcainc992j;p41p42;2007;308952.59;992;j
RS;tcainc992j;p41p42;2008;328616.59;992;j
RS;tcainc992j;p41p42;2009;320411.31;992;j
RS;tcainc992j;p41p42;2010;312892.09;992;j
RS;tcainc992j;p41p42;2011;310624.81;992;j
RS;tcainc992j;p41p42;2012;301874.0;992;j
RS;tcainc992j;p41p42;2013;305420.91;992;j
RS;tcainc992j;p41p42;2014;301961.81;992;j
RS;tcainc992j;p41p42;2015;298287.19;992;j
RS;tcainc992j;p41p42;2016;309385.0;992;j
RS;tcainc992j;p41p42;2017;309531.5;992;j
RS;tcainc992j;p4p5;1990;62150.5;992;j
RS;tcainc992j;p4p5;1991;53630.699;992;j
RS;tcainc992j;p4p5;1992;36943.102;992;j
RS;tcainc992j;p4p5;1993;24204.801;992;j
RS;tcainc992j;p4p5;1994;25047.699;992;j
RS;tcainc992j;p4p5;1995;26087.1;992;j
RS;tcainc992j;p4p5;1996;26298.199;992;j
RS;tcainc992j;p4p5;1997;27893.5;992;j
RS;tcainc992j;p4p5;1998;31210.6;992;j
RS;tcainc992j;p4p5;1999;36746.898;992;j
RS;tcainc992j;p4p5;2000;37634.0;992;j
RS;tcainc992j;p4p5;2001;36276.5;992;j
RS;tcainc992j;p4p5;2002;27387.1;992;j
RS;tcainc992j;p4p5;2003;26480.1;992;j
RS;tcainc992j;p4p5;2004;26006.6;992;j
RS;tcainc992j;p4p5;2005;27702.199;992;j
RS;tcainc992j;p4p5;2006;26456.4;992;j
RS;tcainc992j;p4p5;2007;20613.801;992;j
RS;tcainc992j;p4p5;2008;23870.9;992;j
RS;tcainc992j;p4p5;2009;27054.1;992;j
RS;tcainc992j;p4p5;2010;26349.4;992;j
RS;tcainc992j;p4p5;2011;23030.1;992;j
RS;tcainc992j;p4p5;2012;16942.1;992;j
RS;tcainc992j;p4p5;2013;38626.102;992;j
RS;tcainc992j;p4p5;2014;76150.398;992;j
RS;tcainc992j;p4p5;2015;52256.398;992;j
RS;tcainc992j;p4p5;2016;54243.102;992;j
RS;tcainc992j;p4p5;2017;54204.602;992;j
RS;tcainc992j;p59p100;1990;505748.91;992;j
RS;tcainc992j;p59p100;1991;439456.81;992;j
RS;tcainc992j;p59p100;1992;300809.59;992;j
RS;tcainc992j;p59p100;1993;194632.3;992;j
RS;tcainc992j;p59p100;1994;199782.41;992;j
RS;tcainc992j;p59p100;1995;210271.5;992;j
RS;tcainc992j;p59p100;1996;211944.91;992;j
RS;tcainc992j;p59p100;1997;223450.41;992;j
RS;tcainc992j;p59p100;1998;243628.59;992;j
RS;tcainc992j;p59p100;1999;275745.09;992;j
RS;tcainc992j;p59p100;2000;295613.81;992;j
RS;tcainc992j;p59p100;2001;285478.41;992;j
RS;tcainc992j;p59p100;2002;299138.41;992;j
RS;tcainc992j;p59p100;2003;315331.31;992;j
RS;tcainc992j;p59p100;2004;375914.31;992;j
RS;tcainc992j;p59p100;2005;422985.81;992;j
RS;tcainc992j;p59p100;2006;444722.0;992;j
RS;tcainc992j;p59p100;2007;448389.31;992;j
RS;tcainc992j;p59p100;2008;480521.09;992;j
RS;tcainc992j;p59p100;2009;469241.09;992;j
RS;tcainc992j;p59p100;2010;466307.0;992;j
RS;tcainc992j;p59p100;2011;467752.31;992;j
RS;tcainc992j;p59p100;2012;461566.31;992;j
RS;tcainc992j;p59p100;2013;475386.59;992;j
RS;tcainc992j;p59p100;2014;456770.0;992;j
RS;tcainc992j;p59p100;2015;446343.31;992;j
RS;tcainc992j;p59p100;2016;462843.0;992;j
RS;tcainc992j;p59p100;2017;463120.91;992;j
RS;tcainc992j;p69p70;1990;596380.63;992;j
RS;tcainc992j;p69p70;1991;522138.91;992;j
RS;tcainc992j;p69p70;1992;356683.41;992;j
RS;tcainc992j;p69p70;1993;230557.41;992;j
RS;tcainc992j;p69p70;1994;236815.8;992;j
RS;tcainc992j;p69p70;1995;249492.0;992;j
RS;tcainc992j;p69p70;1996;251424.3;992;j
RS;tcainc992j;p69p70;1997;265069.41;992;j
RS;tcainc992j;p69p70;1998;288683.41;992;j
RS;tcainc992j;p69p70;1999;324522.69;992;j
RS;tcainc992j;p69p70;2000;347707.69;992;j
RS;tcainc992j;p69p70;2001;336501.09;992;j
RS;tcainc992j;p69p70;2002;354638.31;992;j
RS;tcainc992j;p69p70;2003;374574.81;992;j
RS;tcainc992j;p69p70;2004;449737.19;992;j
RS;tcainc992j;p69p70;2005;508692.0;992;j
RS;tcainc992j;p69p70;2006;537248.5;992;j
RS;tcainc992j;p69p70;2007;541593.69;992;j
RS;tcainc992j;p69p70;2008;583715.88;992;j
RS;tcainc992j;p69p70;2009;571077.88;992;j
RS;tcainc992j;p69p70;2010;573291.38;992;j
RS;tcainc992j;p69p70;2011;577542.81;992;j
RS;tcainc992j;p69p70;2012;573139.13;992;j
RS;tcainc992j;p69p70;2013;601789.81;992;j
RS;tcainc992j;p69p70;2014;563618.69;992;j
RS;tcainc992j;p69p70;2015;547065.5;992;j
RS;tcainc992j;p69p70;2016;567367.38;992;j
RS;tcainc992j;p69p70;2017;567662.5;992;j
RS;tcainc992j;p71p100;1990;617195.88;992;j
RS;tcainc992j;p71p100;1991;537776.13;992;j
RS;tcainc992j;p71p100;1992;367585.31;992;j
RS;tcainc992j;p71p100;1993;238287.41;992;j
RS;tcainc992j;p71p100;1994;245105.2;992;j
RS;tcainc992j;p71p100;1995;258405.5;992;j
RS;tcainc992j;p71p100;1996;260576.5;992;j
RS;tcainc992j;p71p100;1997;274916.0;992;j
RS;tcainc992j;p71p100;1998;299444.81;992;j
RS;tcainc992j;p71p100;1999;337506.59;992;j
RS;tcainc992j;p71p100;2000;361657.91;992;j
RS;tcainc992j;p71p100;2001;348335.59;992;j
RS;tcainc992j;p71p100;2002;366062.31;992;j
RS;tcainc992j;p71p100;2003;387307.5;992;j
RS;tcainc992j;p71p100;2004;466480.69;992;j
RS;tcainc992j;p71p100;2005;528115.63;992;j
RS;tcainc992j;p71p100;2006;557138.0;992;j
RS;tcainc992j;p71p100;2007;561632.88;992;j
RS;tcainc992j;p71p100;2008;604891.31;992;j
RS;tcainc992j;p71p100;2009;594231.38;992;j
RS;tcainc992j;p71p100;2010;596762.81;992;j
RS;tcainc992j;p71p100;2011;598678.88;992;j
RS;tcainc992j;p71p100;2012;596425.31;992;j
RS;tcainc992j;p71p100;2013;626689.63;992;j
RS;tcainc992j;p71p100;2014;588420.31;992;j
RS;tcainc992j;p71p100;2015;570881.38;992;j
RS;tcainc992j;p71p100;2016;592065.31;992;j
RS;tcainc992j;p71p100;2017;592521.31;992;j
RS;tcainc992j;p76p77;1990;686486.88;992;j
RS;tcainc992j;p76p77;1991;594136.38;992;j
RS;tcainc992j;p76p77;1992;405891.5;992;j
RS;tcainc992j;p76p77;1993;262676.0;992;j
RS;tcainc992j;p76p77;1994;269873.69;992;j
RS;tcainc992j;p76p77;1995;283863.69;992;j
RS;tcainc992j;p76p77;1996;285746.09;992;j
RS;tcainc992j;p76p77;1997;301392.31;992;j
RS;tcainc992j;p76p77;1998;326522.5;992;j
RS;tcainc992j;p76p77;1999;368335.09;992;j
RS;tcainc992j;p76p77;2000;395337.59;992;j
RS;tcainc992j;p76p77;2001;382161.59;992;j
RS;tcainc992j;p76p77;2002;404365.0;992;j
RS;tcainc992j;p76p77;2003;426932.19;992;j
RS;tcainc992j;p76p77;2004;515639.69;992;j
RS;tcainc992j;p76p77;2005;584890.5;992;j
RS;tcainc992j;p76p77;2006;616345.31;992;j
RS;tcainc992j;p76p77;2007;625545.88;992;j
RS;tcainc992j;p76p77;2008;671021.13;992;j
RS;tcainc992j;p76p77;2009;662557.63;992;j
RS;tcainc992j;p76p77;2010;665723.63;992;j
RS;tcainc992j;p76p77;2011;672704.13;992;j
RS;tcainc992j;p76p77;2012;668718.63;992;j
RS;tcainc992j;p76p77;2013;704660.38;992;j
RS;tcainc992j;p76p77;2014;655332.13;992;j
RS;tcainc992j;p76p77;2015;637868.13;992;j
RS;tcainc992j;p76p77;2016;661495.88;992;j
RS;tcainc992j;p76p77;2017;661877.81;992;j
RS;tdiinc992j;p21p22;1990;316635.69;992;j
RS;tdiinc992j;p21p22;1991;279136.59;992;j
RS;tdiinc992j;p21p22;1992;194550.41;992;j
RS;tdiinc992j;p21p22;1993;128037.8;992;j
RS;tdiinc992j;p21p22;1994;133962.2;992;j
RS;tdiinc992j;p21p22;1995;143702.09;992;j
RS;tdiinc992j;p21p22;1996;147157.8;992;j
RS;tdiinc992j;p21p22;1997;159050.8;992;j
RS;tdiinc992j;p21p22;1998;172133.3;992;j
RS;tdiinc992j;p21p22;1999;184074.09;992;j
RS;tdiinc992j;p21p22;2000;205580.3;992;j
RS;tdiinc992j;p21p22;2001;206259.8;992;j
RS;tdiinc992j;p21p22;2002;210270.09;992;j
RS;tdiinc992j;p21p22;2003;215657.7;992;j
RS;tdiinc992j;p21p22;2004;226699.09;992;j
RS;tdiinc992j;p21p22;2005;249200.59;992;j
RS;tdiinc992j;p21p22;2006;246367.2;992;j
RS;tdiinc992j;p21p22;2007;252831.41;992;j
RS;tdiinc992j;p21p22;2008;260347.2;992;j
RS;tdiinc992j;p21p22;2009;235423.5;992;j
RS;tdiinc992j;p21p22;2010;216806.7;992;j
RS;tdiinc992j;p21p22;2011;196565.5;992;j
RS;tdiinc992j;p21p22;2012;202067.41;992;j
RS;tdiinc992j;p21p22;2013;171580.59;992;j
RS;tdiinc992j;p21p22;2014;207712.7;992;j
RS;tdiinc992j;p21p22;2015;182504.2;992;j
RS;tdiinc992j;p21p22;2016;181819.91;992;j
RS;tdiinc992j;p21p22;2017;181916.09;992;j
RS;tdiinc992j;p27p28;1990;386166.91;992;j
RS;tdiinc992j;p27p28;1991;339340.09;992;j
RS;tdiinc992j;p27p28;1992;234992.59;992;j
RS;tdiinc992j;p27p28;1993;154067.3;992;j
RS;tdiinc992j;p27p28;1994;160634.41;992;j
RS;tdiinc992j;p27p28;1995;171392.7;992;j
RS;tdiinc992j;p27p28;1996;175090.3;992;j
RS;tdiinc992j;p27p28;1997;188249.3;992;j
RS;tdiinc992j;p27p28;1998;198412.91;992;j
RS;tdiinc992j;p27p28;1999;213707.8;992;j
RS;tdiinc992j;p27p28;2000;236705.91;992;j
RS;tdiinc992j;p27p28;2001;236862.2;992;j
RS;tdiinc992j;p27p28;2002;250028.5;992;j
RS;tdiinc992j;p27p28;2003;258728.7;992;j
RS;tdiinc992j;p27p28;2004;279921.09;992;j
RS;tdiinc992j;p27p28;2005;306451.31;992;j
RS;tdiinc992j;p27p28;2006;310602.69;992;j
RS;tdiinc992j;p27p28;2007;318972.81;992;j
RS;tdiinc992j;p27p28;2008;330498.09;992;j
RS;tdiinc992j;p27p28;2009;312316.09;992;j
RS;tdiinc992j;p27p28;2010;293935.0;992;j
RS;tdiinc992j;p27p28;2011;273720.69;992;j
RS;tdiinc992j;p27p28;2012;280825.69;992;j
RS;tdiinc992j;p27p28;2013;256350.8;992;j
RS;tdiinc992j;p27p28;2014;274545.5;992;j
RS;tdiinc992j;p27p28;2015;257452.5;992;j
RS;tdiinc992j;p27p28;2016;259901.8;992;j
RS;tdiinc992j;p27p28;2017;260701.3;992;j
RS;tdiinc992j;p63p64;1990;760448.13;992;j
RS;tdiinc992j;p63p64;1991;660451.81;992;j
RS;tdiinc992j;p63p64;1992;452371.59;992;j
RS;tdiinc992j;p63p64;1993;292899.69;992;j
RS;tdiinc992j;p63p64;1994;301671.5;992;j
RS;tdiinc992j;p63p64;1995;317982.91;992;j
RS;tdiinc992j;p63p64;1996;320787.5;992;j
RS;tdiinc992j;p63p64;1997;340247.19;992;j
RS;tdiinc992j;p63p64;1998;356463.81;992;j
RS;tdiinc992j;p63p64;1999;387342.81;992;j
RS;tdiinc992j;p63p64;2000;419331.81;992;j
RS;tdiinc992j;p63p64;2001;416235.19;992;j
RS;tdiinc992j;p63p64;2002;449329.09;992;j
RS;tdiinc992j;p63p64;2003;472203.19;992;j
RS;tdiinc992j;p63p64;2004;530486.81;992;j
RS;tdiinc992j;p63p64;2005;586256.38;992;j
RS;tdiinc992j;p63p64;2006;618729.81;992;j
RS;tdiinc992j;p63p64;2007;642727.81;992;j
RS;tdiinc992j;p63p64;2008;684654.88;992;j
RS;tdiinc992j;p63p64;2009;666677.88;992;j
RS;tdiinc992j;p63p64;2010;663083.63;992;j
RS;tdiinc992j;p63p64;2011;661115.69;992;j
RS;tdiinc992j;p63p64;2012;657819.0;992;j
RS;tdiinc992j;p63p64;2013;682173.69;992;j
RS;tdiinc992j;p63p64;2014;655062.38;992;j
RS;tdiinc992j;p63p64;2015;639961.88;992;j
RS;tdiinc992j;p63p64;2016;659012.88;992;j
RS;tdiinc992j;p63p64;2017;662923.38;992;j
RS;tdiinc992j;p8p9;1990;177416.8;992;j
RS;tdiinc992j;p8p9;1991;155552.5;992;j
RS;tdiinc992j;p8p9;1992;108209.1;992;j
RS;tdiinc992j;p8p9;1993;71036.898;992;j
RS;tdiinc992j;p8p9;1994;74216.297;992;j
RS;tdiinc992j;p8p9;1995;78824.0;992;j
RS;tdiinc992j;p8p9;1996;80767.703;992;j
RS;tdiinc992j;p8p9;1997;87213.398;992;j
RS;tdiinc992j;p8p9;1998;95417.102;992;j
RS;tdiinc992j;p8p9;1999;103072.2;992;j
RS;tdiinc992j;p8p9;2000;111050.3;992;j
RS;tdiinc992j;p8p9;2001;110955.7;992;j
RS;tdiinc992j;p8p9;2002;101421.2;992;j
RS;tdiinc992j;p8p9;2003;105430.6;992;j
RS;tdiinc992j;p8p9;2004;102629.9;992;j
RS;tdiinc992j;p8p9;2005;110081.5;992;j
RS;tdiinc992j;p8p9;2006;104800.3;992;j
RS;tdiinc992j;p8p9;2007;96750.602;992;j
RS;tdiinc992j;p8p9;2008;104569.7;992;j
RS;tdiinc992j;p8p9;2009;99607.797;992;j
RS;tdiinc992j;p8p9;2010;97093.102;992;j
RS;tdiinc992j;p8p9;2011;88489.797;992;j
RS;tdiinc992j;p8p9;2012;79929.5;992;j
RS;tdiinc992j;p8p9;2013;107056.1;992;j
RS;tdiinc992j;p8p9;2014;151135.5;992;j
RS;tdiinc992j;p8p9;2015;122299.5;992;j
RS;tdiinc992j;p8p9;2016;118794.3;992;j
RS;tdiinc992j;p8p9;2017;118629.6;992;j
RS;tptinc992j;p45p46;1990;544236.38;992;j
RS;tptinc992j;p45p46;1991;469656.81;992;j
RS;tptinc992j;p45p46;1992;319357.31;992;j
RS;tptinc992j;p45p46;1993;205770.41;992;j
RS;tptinc992j;p45p46;1994;210664.0;992;j
RS;tptinc992j;p45p46;1995;220758.8;992;j
RS;tptinc992j;p45p46;1996;221322.2;992;j
RS;tptinc992j;p45p46;1997;233264.2;992;j
RS;tptinc992j;p45p46;1998;239648.5;992;j
RS;tptinc992j;p45p46;1999;262129.5;992;j
RS;tptinc992j;p45p46;2000;284884.41;992;j
RS;tptinc992j;p45p46;2001;283571.41;992;j
RS;tptinc992j;p45p46;2002;303795.41;992;j
RS;tptinc992j;p45p46;2003;316826.5;992;j
RS;tptinc992j;p45p46;2004;352359.31;992;j
RS;tptinc992j;p45p46;2005;385251.59;992;j
RS;tptinc992j;p45p46;2006;403883.69;992;j
RS;tptinc992j;p45p46;2007;421197.09;992;j
RS;tptinc992j;p45p46;2008;445376.19;992;j
RS;tptinc992j;p45p46;2009;433505.5;992;j
RS;tptinc992j;p45p46;2010;424490.5;992;j
RS;tptinc992j;p45p46;2011;417564.69;992;j
RS;tptinc992j;p45p46;2012;411379.59;992;j
RS;tptinc992j;p45p46;2013;432105.19;992;j
RS;tptinc992j;p45p46;2014;409695.41;992;j
RS;tptinc992j;p45p46;2015;423011.5;992;j
RS;tptinc992j;p45p46;2016;435964.09;992;j
RS;tptinc992j;p45p46;2017;438198.5;992;j
RS;tptinc992j;p8p9;1990;119648.5;992;j
RS;tptinc992j;p8p9;1991;104944.2;992;j
RS;tptinc992j;p8p9;1992;72659.703;992;j
RS;tptinc992j;p8p9;1993;48421.5;992;j
RS;tptinc992j;p8p9;1994;50889.5;992;j
RS;tptinc992j;p8p9;1995;54662.699;992;j
RS;tptinc992j;p8p9;1996;56587.301;992;j
RS;tptinc992j;p8p9;1997;61144.102;992;j
RS;tptinc992j;p8p9;1998;70936.797;992;j
RS;tptinc992j;p8p9;1999;79550.5;992;j
RS;tptinc992j;p8p9;2000;85327.0;992;j
RS;tptinc992j;p8p9;2001;84724.797;992;j
RS;tptinc992j;p8p9;2002;77553.602;992;j
RS;tptinc992j;p8p9;2003;72729.0;992;j
RS;tptinc992j;p8p9;2004;76393.797;992;j
RS;tptinc992j;p8p9;2005;77876.398;992;j
RS;tptinc992j;p8p9;2006;68164.102;992;j
RS;tptinc992j;p8p9;2007;61446.102;992;j
RS;tptinc992j;p8p9;2008;54345.398;992;j
RS;tptinc992j;p8p9;2009;48031.0;992;j
RS;tptinc992j;p8p9;2010;42299.0;992;j
RS;tptinc992j;p8p9;2011;35550.199;992;j
RS;tptinc992j;p8p9;2012;34389.199;992;j
RS;tptinc992j;p8p9;2013;30405.801;992;j
RS;tptinc992j;p8p9;2014;30875.699;992;j
RS;tptinc992j;p8p9;2015;30978.801;992;j
RS;tptinc992j;p8p9;2016;32015.9;992;j
RS;tptinc992j;p8p9;2017;31876.4;992;j
RS;tptinc992j;p99.995p100;1990;44776184.0;992;j
RS;tptinc992j;p99.995p100;1991;40227784.0;992;j
RS;tptinc992j;p99.995p100;1992;28168582.0;992;j
RS;tptinc992j;p99.995p100;1993;18877352.0;992;j
RS;tptinc992j;p99.995p100;1994;19818274.0;992;j
RS;tptinc992j;p99.995p100;1995;21590974.0;992;j
RS;tptinc992j;p99.995p100;1996;22275544.0;992;j
RS;tptinc992j;p99.995p100;1997;24201298.0;992;j
RS;tptinc992j;p99.995p100;1998;25160472.0;992;j
RS;tptinc992j;p99.995p100;1999;29830060.0;992;j
RS;tptinc992j;p99.995p100;2000;35278552.0;992;j
RS;tptinc992j;p99.995p100;2001;38033804.0;992;j
RS;tptinc992j;p99.995p100;2002;39918464.0;992;j
RS;tptinc992j;p99.995p100;2003;40886812.0;992;j
RS;tptinc992j;p99.995p100;2004;47453312.0;992;j
RS;tptinc992j;p99.995p100;2005;51114872.0;992;j
RS;tptinc992j;p99.995p100;2006;54627620.0;992;j
RS;tptinc992j;p99.995p100;2007;51680996.0;992;j
RS;tptinc992j;p99.995p100;2008;56438964.0;992;j
RS;tptinc992j;p99.995p100;2009;54703508.0;992;j
RS;tptinc992j;p99.995p100;2010;53592024.0;992;j
RS;tptinc992j;p99.995p100;2011;56957348.0;992;j
RS;tptinc992j;p99.995p100;2012;44687492.0;992;j
RS;tptinc992j;p99.995p100;2013;49854184.0;992;j
RS;tptinc992j;p99.995p100;2014;76221096.0;992;j
RS;tptinc992j;p99.995p100;2015;74263928.0;992;j
RS;tptinc992j;p99.995p100;2016;76641424.0;992;j
RS;tptinc992j;p99.995p100;2017;77177400.0;992;j
RS;acainc992j;p13p14;1990;137600.7;992;j
RS;acainc992j;p13p14;1991;122224.6;992;j
RS;acainc992j;p13p14;1992;85577.797;992;j
RS;acainc992j;p13p14;1993;56700.801;992;j
RS;acainc992j;p13p14;1994;59590.801;992;j
RS;acainc992j;p13p14;1995;64075.898;992;j
RS;acainc992j;p13p14;1996;65970.703;992;j
RS;acainc992j;p13p14;1997;70881.797;992;j
RS;acainc992j;p13p14;1998;84881.5;992;j
RS;acainc992j;p13p14;1999;96728.203;992;j
RS;acainc992j;p13p14;2000;101903.5;992;j
RS;acainc992j;p13p14;2001;97368.898;992;j
RS;acainc992j;p13p14;2002;89119.797;992;j
RS;acainc992j;p13p14;2003;90104.797;992;j
RS;acainc992j;p13p14;2004;90776.602;992;j
RS;acainc992j;p13p14;2005;96424.102;992;j
RS;acainc992j;p13p14;2006;91072.203;992;j
RS;acainc992j;p13p14;2007;82451.102;992;j
RS;acainc992j;p13p14;2008;83119.797;992;j
RS;acainc992j;p13p14;2009;79091.0;992;j
RS;acainc992j;p13p14;2010;68105.398;992;j
RS;acainc992j;p13p14;2011;57949.199;992;j
RS;acainc992j;p13p14;2012;50676.398;992;j
RS;acainc992j;p13p14;2013;58579.0;992;j
RS;acainc992j;p13p14;2014;94933.203;992;j
RS;acainc992j;p13p14;2015;70342.398;992;j
RS;acainc992j;p13p14;2016;73122.102;992;j
RS;acainc992j;p13p14;2017;72990.602;992;j
RS;acainc992j;p40p100;1990;733460.13;992;j
RS;acainc992j;p40p100;1991;635533.38;992;j
RS;acainc992j;p40p100;1992;434240.69;992;j
RS;acainc992j;p40p100;1993;280992.69;992;j
RS;acainc992j;p40p100;1994;288758.69;992;j
RS;acainc992j;p40p100;1995;304101.81;992;j
RS;acainc992j;p40p100;1996;305791.59;992;j
RS;acainc992j;p40p100;1997;321848.19;992;j
RS;acainc992j;p40p100;1998;351576.59;992;j
RS;acainc992j;p40p100;1999;401514.5;992;j
RS;acainc992j;p40p100;2000;436862.09;992;j
RS;acainc992j;p40p100;2001;426342.19;992;j
RS;acainc992j;p40p100;2002;450829.5;992;j
RS;acainc992j;p40p100;2003;476533.91;992;j
RS;acainc992j;p40p100;2004;575788.69;992;j
RS;acainc992j;p40p100;2005;658704.5;992;j
RS;acainc992j;p40p100;2006;700761.69;992;j
RS;acainc992j;p40p100;2007;702549.88;992;j
RS;acainc992j;p40p100;2008;755618.0;992;j
RS;acainc992j;p40p100;2009;750799.5;992;j
RS;acainc992j;p40p100;2010;761265.31;992;j
RS;acainc992j;p40p100;2011;775896.5;992;j
RS;acainc992j;p40p100;2012;776550.81;992;j
RS;acainc992j;p40p100;2013;797680.81;992;j
RS;acainc992j;p40p100;2014;765712.5;992;j
RS;acainc992j;p40p100;2015;785913.0;992;j
RS;acainc992j;p40p100;2016;815015.69;992;j
RS;acainc992j;p40p100;2017;815819.88;992;j
RS;acainc992j;p99.91p100;1990;13942262.0;992;j
RS;acainc992j;p99.91p100;1991;11588297.0;992;j
RS;acainc992j;p99.91p100;1992;7517770.0;992;j
RS;acainc992j;p99.91p100;1993;4719925.0;992;j
RS;acainc992j;p99.91p100;1994;4750029.0;992;j
RS;acainc992j;p99.91p100;1995;4917366.0;992;j
RS;acainc992j;p99.91p100;1996;4804826.5;992;j
RS;acainc992j;p99.91p100;1997;4904662.0;992;j
RS;acainc992j;p99.91p100;1998;5642745.0;992;j
RS;acainc992j;p99.91p100;1999;7419805.5;992;j
RS;acainc992j;p99.91p100;2000;8594560.0;992;j
RS;acainc992j;p99.91p100;2001;9318337.0;992;j
RS;acainc992j;p99.91p100;2002;9499833.0;992;j
RS;acainc992j;p99.91p100;2003;9924932.0;992;j
RS;acainc992j;p99.91p100;2004;12038734.0;992;j
RS;acainc992j;p99.91p100;2005;14568860.0;992;j
RS;acainc992j;p99.91p100;2006;14786014.0;992;j
RS;acainc992j;p99.91p100;2007;13409729.0;992;j
RS;acainc992j;p99.91p100;2008;13338967.0;992;j
RS;acainc992j;p99.91p100;2009;15197846.0;992;j
RS;acainc992j;p99.91p100;2010;15013525.0;992;j
RS;acainc992j;p99.91p100;2011;15131012.0;992;j
RS;acainc992j;p99.91p100;2012;20322732.0;992;j
RS;acainc992j;p99.91p100;2013;17136110.0;992;j
RS;acainc992j;p99.91p100;2014;26109994.0;992;j
RS;acainc992j;p99.91p100;2015;38535580.0;992;j
RS;acainc992j;p99.91p100;2016;39986176.0;992;j
RS;acainc992j;p99.91p100;2017;40084160.0;992;j
RS;acainc992j;p99.998p99.999;1990;58269560.0;992;j
RS;acainc992j;p99.998p99.999;1991;47355308.0;992;j
RS;acainc992j;p99.998p99.999;1992;29717522.0;992;j
RS;acainc992j;p99.998p99.999;1993;18204146.0;992;j
RS;acainc992j;p99.998p99.999;1994;18018994.0;992;j
RS;acainc992j;p99.998p99.999;1995;18381452.0;992;j
RS;acainc992j;p99.998p99.999;1996;17675244.0;992;j
RS;acainc992j;p99.998p99.999;1997;17724312.0;992;j
RS;acainc992j;p99.998p99.999;1998;20776790.0;992;j
RS;acainc992j;p99.998p99.999;1999;29191706.0;992;j
RS;acainc992j;p99.998p99.999;2000;33754140.0;992;j
RS;acainc992j;p99.998p99.999;2001;38349004.0;992;j
RS;acainc992j;p99.998p99.999;2002;37626884.0;992;j
RS;acainc992j;p99.998p99.999;2003;39437772.0;992;j
RS;acainc992j;p99.998p99.999;2004;47959296.0;992;j
RS;acainc992j;p99.998p99.999;2005;59284864.0;992;j
RS;acainc992j;p99.998p99.999;2006;57307332.0;992;j
RS;acainc992j;p99.998p99.999;2007;49225384.0;992;j
RS;acainc992j;p99.998p99.999;2008;45998136.0;992;j
RS;acainc992j;p99.998p99.999;2009;56784692.0;992;j
RS;acainc992j;p99.998p99.999;2010;54065220.0;992;j
RS;acainc992j;p99.998p99.999;2011;53242984.0;992;j
RS;acainc992j;p99.998p99.999;2012;84483176.0;992;j
RS;acainc992j;p99.998p99.999;2013;64263756.0;992;j
RS;acainc992j;p99.998p99.999;2014;123580480.0;992;j
RS;acainc992j;p99.998p99.999;2015;200764992.0;992;j
RS;acainc992j;p99.998p99.999;2016;208355504.0;992;j
RS;acainc992j;p99.998p99.999;2017;208931888.0;992;j
RS;adiinc992j;p35p36;1990;482204.69;992;j
RS;adiinc992j;p35p36;1991;420193.69;992;j
RS;adiinc992j;p35p36;1992;288786.19;992;j
RS;adiinc992j;p35p36;1993;187930.09;992;j
RS;adiinc992j;p35p36;1994;194224.7;992;j
RS;adiinc992j;p35p36;1995;205771.3;992;j
RS;adiinc992j;p35p36;1996;208560.8;992;j
RS;adiinc992j;p35p36;1997;222479.09;992;j
RS;adiinc992j;p35p36;1998;226981.8;992;j
RS;adiinc992j;p35p36;1999;246366.09;992;j
RS;adiinc992j;p35p36;2000;270292.5;992;j
RS;adiinc992j;p35p36;2001;267970.69;992;j
RS;adiinc992j;p35p36;2002;285981.91;992;j
RS;adiinc992j;p35p36;2003;299654.0;992;j
RS;adiinc992j;p35p36;2004;330710.0;992;j
RS;adiinc992j;p35p36;2005;361882.0;992;j
RS;adiinc992j;p35p36;2006;375760.69;992;j
RS;adiinc992j;p35p36;2007;384471.41;992;j
RS;adiinc992j;p35p36;2008;404421.5;992;j
RS;adiinc992j;p35p36;2009;390359.19;992;j
RS;adiinc992j;p35p36;2010;381601.81;992;j
RS;adiinc992j;p35p36;2011;372380.91;992;j
RS;adiinc992j;p35p36;2012;364506.91;992;j
RS;adiinc992j;p35p36;2013;363012.31;992;j
RS;adiinc992j;p35p36;2014;362539.0;992;j
RS;adiinc992j;p35p36;2015;357199.91;992;j
RS;adiinc992j;p35p36;2016;363989.09;992;j
RS;adiinc992j;p35p36;2017;365593.0;992;j
RS;adiinc992j;p63p100;1990;1254765.8;992;j
RS;adiinc992j;p63p100;1991;1086129.0;992;j
RS;adiinc992j;p63p100;1992;741514.19;992;j
RS;adiinc992j;p63p100;1993;479606.09;992;j
RS;adiinc992j;p63p100;1994;492595.31;992;j
RS;adiinc992j;p63p100;1995;518523.09;992;j
RS;adiinc992j;p63p100;1996;520812.31;992;j
RS;adiinc992j;p63p100;1997;549739.0;992;j
RS;adiinc992j;p63p100;1998;581025.5;992;j
RS;adiinc992j;p63p100;1999;640571.5;992;j
RS;adiinc992j;p63p100;2000;706266.5;992;j
RS;adiinc992j;p63p100;2001;706847.88;992;j
RS;adiinc992j;p63p100;2002;769718.0;992;j
RS;adiinc992j;p63p100;2003;812449.88;992;j
RS;adiinc992j;p63p100;2004;929148.19;992;j
RS;adiinc992j;p63p100;2005;1046715.1;992;j
RS;adiinc992j;p63p100;2006;1118574.3;992;j
RS;adiinc992j;p63p100;2007;1155216.8;992;j
RS;adiinc992j;p63p100;2008;1236934.4;992;j
RS;adiinc992j;p63p100;2009;1225544.4;992;j
RS;adiinc992j;p63p100;2010;1247828.9;992;j
RS;adiinc992j;p63p100;2011;1271144.3;992;j
RS;adiinc992j;p63p100;2012;1274741.9;992;j
RS;adiinc992j;p63p100;2013;1310342.8;992;j
RS;adiinc992j;p63p100;2014;1255399.4;992;j
RS;adiinc992j;p63p100;2015;1294739.8;992;j
RS;adiinc992j;p63p100;2016;1342825.8;992;j
RS;adiinc992j;p63p100;2017;1351834.9;992;j
RS;adiinc992j;p99.4p99.5;1990;3684192.0;992;j
RS;adiinc992j;p99.4p99.5;1991;3183072.8;992;j
RS;adiinc992j;p99.4p99.5;1992;2176361.5;992;j
RS;adiinc992j;p99.4p99.5;1993;1415393.9;992;j
RS;adiinc992j;p99.4p99.5;1994;1458146.4;992;j
RS;adiinc992j;p99.4p99.5;1995;1540062.0;992;j
RS;adiinc992j;p99.4p99.5;1996;1541200.8;992;j
RS;adiinc992j;p99.4p99.5;1997;1619601.3;992;j
RS;adiinc992j;p99.4p99.5;1998;1751735.3;992;j
RS;adiinc992j;p99.4p99.5;1999;2003188.3;992;j
RS;adiinc992j;p99.4p99.5;2000;2305404.0;992;j
RS;adiinc992j;p99.4p99.5;2001;2356449.0;992;j
RS;adiinc992j;p99.4p99.5;2002;2596161.0;992;j
RS;adiinc992j;p99.4p99.5;2003;2705439.5;992;j
RS;adiinc992j;p99.4p99.5;2004;3089616.3;992;j
RS;adiinc992j;p99.4p99.5;2005;3533571.8;992;j
RS;adiinc992j;p99.4p99.5;2006;3850470.3;992;j
RS;adiinc992j;p99.4p99.5;2007;3899940.5;992;j
RS;adiinc992j;p99.4p99.5;2008;4183792.0;992;j
RS;adiinc992j;p99.4p99.5;2009;4230368.5;992;j
RS;adiinc992j;p99.4p99.5;2010;4376009.0;992;j
RS;adiinc992j;p99.4p99.5;2011;4524808.0;992;j
RS;adiinc992j;p99.4p99.5;2012;4666186.0;992;j
RS;adiinc992j;p99.4p99.5;2013;4659764.5;992;j
RS;adiinc992j;p99.4p99.5;2014;4611952.0;992;j
RS;adiinc992j;p99.4p99.5;2015;4993883.5;992;j
RS;adiinc992j;p99.4p99.5;2016;5204966.5;992;j
RS;adiinc992j;p99.4p99.5;2017;5242859.5;992;j
RS;aflcin992i;p0p100;1997;-1919.7;992;i
RS;aflcin992i;p0p100;1998;-2003.9;992;i
RS;aflcin992i;p0p100;1999;-1227.2;992;i
RS;aflcin992i;p0p100;2000;-1421.0;992;i
RS;aflcin992i;p0p100;2001;-1488.3;992;i
RS;aflcin992i;p0p100;2002;-4762.3999;992;i
RS;aflcin992i;p0p100;2003;-6552.8999;992;i
RS;aflcin992i;p0p100;2004;-8576.9004;992;i
RS;aflcin992i;p0p100;2005;-10635.2;992;i
RS;aflcin992i;p0p100;2006;-11443.4;992;i
RS;aflcin992i;p0p100;2007;-24972.699;992;i
RS;aflcin992i;p0p100;2008;-23280.301;992;i
RS;aflcin992i;p0p100;2009;-12152.6;992;i
RS;aflcin992i;p0p100;2010;-17209.301;992;i
RS;aflcin992i;p0p100;2011;-34321.5;992;i
RS;aflcin992i;p0p100;2012;-28363.6;992;i
RS;aflcin992i;p0p100;2013;-35049.801;992;i
RS;aflcin992i;p0p100;2014;-33425.301;992;i
RS;aflcin992i;p0p100;2015;-41581.5;992;i
RS;aflcin992i;p0p100;2016;-48195.0;992;i
RS;aflcin992i;p0p100;2017;-58470.898;992;i
RS;aflcin992i;p0p100;2018;-48517.102;992;i
RS;aptfrx992i;p0p100;2007;11059.6;992;i
RS;aptfrx992i;p0p100;2008;10594.3;992;i
RS;aptfrx992i;p0p100;2009;7284.1001;992;i
RS;aptfrx992i;p0p100;2010;6797.2002;992;i
RS;aptfrx992i;p0p100;2011;6224.3999;992;i
RS;aptfrx992i;p0p100;2012;7606.7998;992;i
RS;aptfrx992i;p0p100;2013;5473.0;992;i
RS;aptfrx992i;p0p100;2014;4950.7002;992;i
RS;aptfrx992i;p0p100;2015;5520.3999;992;i
RS;aptfrx992i;p0p100;2016;5505.5;992;i
RS;aptfrx992i;p0p100;2017;5960.0;992;i
RS;aptfrx992i;p0p100;2018;5059.5;992;i
RS;aptinc992j;p5p6;1990;91671.203;992;j
RS;aptinc992j;p5p6;1991;81735.297;992;j
RS;aptinc992j;p5p6;1992;57260.398;992;j
RS;aptinc992j;p5p6;1993;37964.199;992;j
RS;aptinc992j;p5p6;1994;39951.398;992;j
RS;aptinc992j;p5p6;1995;43067.801;992;j
RS;aptinc992j;p5p6;1996;44465.199;992;j
RS;aptinc992j;p5p6;1997;48191.102;992;j
RS;aptinc992j;p5p6;1998;57453.602;992;j
RS;aptinc992j;p5p6;1999;63666.699;992;j
RS;aptinc992j;p5p6;2000;68642.703;992;j
RS;aptinc992j;p5p6;2001;69178.398;992;j
RS;aptinc992j;p5p6;2002;60292.102;992;j
RS;aptinc992j;p5p6;2003;56781.102;992;j
RS;aptinc992j;p5p6;2004;58304.301;992;j
RS;aptinc992j;p5p6;2005;59056.699;992;j
RS;aptinc992j;p5p6;2006;52670.398;992;j
RS;aptinc992j;p5p6;2007;48306.199;992;j
RS;aptinc992j;p5p6;2008;43731.699;992;j
RS;aptinc992j;p5p6;2009;36993.398;992;j
RS;aptinc992j;p5p6;2010;35566.199;992;j
RS;aptinc992j;p5p6;2011;31180.699;992;j
RS;aptinc992j;p5p6;2012;29735.6;992;j
RS;aptinc992j;p5p6;2013;24232.699;992;j
RS;aptinc992j;p5p6;2014;24177.301;992;j
RS;aptinc992j;p5p6;2015;24668.699;992;j
RS;aptinc992j;p5p6;2016;25503.801;992;j
RS;aptinc992j;p5p6;2017;25410.0;992;j
RS;aptinc992j;p97p98;1990;2188643.5;992;j
RS;aptinc992j;p97p98;1991;1908478.8;992;j
RS;aptinc992j;p97p98;1992;1314485.1;992;j
RS;aptinc992j;p97p98;1993;855834.5;992;j
RS;aptinc992j;p97p98;1994;887161.13;992;j
RS;aptinc992j;p97p98;1995;940512.19;992;j
RS;aptinc992j;p97p98;1996;949686.38;992;j
RS;aptinc992j;p97p98;1997;1008103.5;992;j
RS;aptinc992j;p97p98;1998;1072634.9;992;j
RS;aptinc992j;p97p98;1999;1179942.3;992;j
RS;aptinc992j;p97p98;2000;1330425.3;992;j
RS;aptinc992j;p97p98;2001;1333678.8;992;j
RS;aptinc992j;p97p98;2002;1467695.8;992;j
RS;aptinc992j;p97p98;2003;1562907.1;992;j
RS;aptinc992j;p97p98;2004;1805106.8;992;j
RS;aptinc992j;p97p98;2005;2068221.3;992;j
RS;aptinc992j;p97p98;2006;2206679.0;992;j
RS;aptinc992j;p97p98;2007;2252434.5;992;j
RS;aptinc992j;p97p98;2008;2415520.8;992;j
RS;aptinc992j;p97p98;2009;2407718.3;992;j
RS;aptinc992j;p97p98;2010;2510902.5;992;j
RS;aptinc992j;p97p98;2011;2572223.0;992;j
RS;aptinc992j;p97p98;2012;2628340.0;992;j
RS;aptinc992j;p97p98;2013;2626740.5;992;j
RS;aptinc992j;p97p98;2014;2542530.5;992;j
RS;aptinc992j;p97p98;2015;2516515.5;992;j
RS;aptinc992j;p97p98;2016;2595421.0;992;j
RS;aptinc992j;p97p98;2017;2613264.8;992;j
RS;aptinc992j;p99.1p99.2;1990;3467041.5;992;j
RS;aptinc992j;p99.1p99.2;1991;3035662.5;992;j
RS;aptinc992j;p99.1p99.2;1992;2099958.8;992;j
RS;aptinc992j;p99.1p99.2;1993;1373057.1;992;j
RS;aptinc992j;p99.1p99.2;1994;1430326.1;992;j
RS;aptinc992j;p99.1p99.2;1995;1523403.1;992;j
RS;aptinc992j;p99.1p99.2;1996;1542083.3;992;j
RS;aptinc992j;p99.1p99.2;1997;1640675.3;992;j
RS;aptinc992j;p99.1p99.2;1998;1750480.0;992;j
RS;aptinc992j;p99.1p99.2;1999;1949287.8;992;j
RS;aptinc992j;p99.1p99.2;2000;2234746.5;992;j
RS;aptinc992j;p99.1p99.2;2001;2264689.5;992;j
RS;aptinc992j;p99.1p99.2;2002;2490921.3;992;j
RS;aptinc992j;p99.1p99.2;2003;2635743.3;992;j
RS;aptinc992j;p99.1p99.2;2004;3055048.3;992;j
RS;aptinc992j;p99.1p99.2;2005;3486322.8;992;j
RS;aptinc992j;p99.1p99.2;2006;3720465.0;992;j
RS;aptinc992j;p99.1p99.2;2007;3729238.0;992;j
RS;aptinc992j;p99.1p99.2;2008;4006314.0;992;j
RS;aptinc992j;p99.1p99.2;2009;3984165.3;992;j
RS;aptinc992j;p99.1p99.2;2010;4173862.3;992;j
RS;aptinc992j;p99.1p99.2;2011;4298351.0;992;j
RS;aptinc992j;p99.1p99.2;2012;4323503.0;992;j
RS;aptinc992j;p99.1p99.2;2013;4333467.5;992;j
RS;aptinc992j;p99.1p99.2;2014;4393401.0;992;j
RS;aptinc992j;p99.1p99.2;2015;4301124.0;992;j
RS;aptinc992j;p99.1p99.2;2016;4437538.5;992;j
RS;aptinc992j;p99.1p99.2;2017;4470203.5;992;j
RS;asaghn992i;p0p100;1997;51150.102;992;i
RS;asaghn992i;p0p100;1998;2271.7;992;i
RS;asaghn992i;p0p100;1999;-7605.6001;992;i
RS;asaghn992i;p0p100;2000;-11357.5;992;i
RS;asaghn992i;p0p100;2001;-50207.199;992;i
RS;asaghn992i;p0p100;2002;-68293.398;992;i
RS;asaghn992i;p0p100;2003;-42056.699;992;i
RS;asaghn992i;p0p100;2004;-65070.801;992;i
RS;asaghn992i;p0p100;2005;-63501.898;992;i
RS;asaghn992i;p0p100;2006;-62386.602;992;i
RS;asaghn992i;p0p100;2007;-63315.602;992;i
RS;asaghn992i;p0p100;2008;-62955.602;992;i
RS;asaghn992i;p0p100;2009;-74660.703;992;i
RS;asaghn992i;p0p100;2010;-87002.297;992;i
RS;asaghn992i;p0p100;2011;-74121.797;992;i
RS;bcainc992j;p15p100;1990;4.1101832;992;j
RS;bcainc992j;p15p100;1991;4.0352602;992;j
RS;bcainc992j;p15p100;1992;3.939394;992;j
RS;bcainc992j;p15p100;1993;3.8523054;992;j
RS;bcainc992j;p15p100;1994;3.7698808;992;j
RS;bcainc992j;p15p100;1995;3.6909688;992;j
RS;bcainc992j;p15p100;1996;3.6230016;992;j
RS;bcainc992j;p15p100;1997;3.5434158;992;j
RS;bcainc992j;p15p100;1998;3.2632575;992;j
RS;bcainc992j;p15p100;1999;3.2421293;992;j
RS;bcainc992j;p15p100;2000;3.3380539;992;j
RS;bcainc992j;p15p100;2001;3.4274035;992;j
RS;bcainc992j;p15p100;2002;3.9046445;992;j
RS;bcainc992j;p15p100;2003;3.9928546;992;j
RS;bcainc992j;p15p100;2004;4.6373997;992;j
RS;bcainc992j;p15p100;2005;4.8308134;992;j
RS;bcainc992j;p15p100;2006;5.4480195;992;j
RS;bcainc992j;p15p100;2007;5.8324385;992;j
RS;bcainc992j;p15p100;2008;6.2577171;992;j
RS;bcainc992j;p15p100;2009;6.577033;992;j
RS;bcainc992j;p15p100;2010;7.5285873;992;j
RS;bcainc992j;p15p100;2011;8.914113;992;j
RS;bcainc992j;p15p100;2012;9.4359531;992;j
RS;bcainc992j;p15p100;2013;9.9083023;992;j
RS;bcainc992j;p15p100;2014;6.0950317;992;j
RS;bcainc992j;p15p100;2015;8.2715721;992;j
RS;bcainc992j;p15p100;2016;8.2520428;992;j
RS;bcainc992j;p15p100;2017;8.270463;992;j
RS;bdiinc992j;p52p100;1990;1.7532289;992;j
RS;bdiinc992j;p52p100;1991;1.7455497;992;j
RS;bdiinc992j;p52p100;1992;1.7376065;992;j
RS;bdiinc992j;p52p100;1993;1.7337592;992;j
RS;bdiinc992j;p52p100;1994;1.7284151;992;j
RS;bdiinc992j;p52p100;1995;1.7252473;992;j
RS;bdiinc992j;p52p100;1996;1.7184223;992;j
RS;bdiinc992j;p52p100;1997;1.7101721;992;j
RS;bdiinc992j;p52p100;1998;1.7447196;992;j
RS;bdiinc992j;p52p100;1999;1.7692786;992;j
RS;bdiinc992j;p52p100;2000;1.7786341;992;j
RS;bdiinc992j;p52p100;2001;1.79012;992;j
RS;bdiinc992j;p52p100;2002;1.8097422;992;j
RS;bdiinc992j;p52p100;2003;1.8297337;992;j
RS;bdiinc992j;p52p100;2004;1.8587866;992;j
RS;bdiinc992j;p52p100;2005;1.9034886;992;j
RS;bdiinc992j;p52p100;2006;1.9363344;992;j
RS;bdiinc992j;p52p100;2007;1.9297276;992;j
RS;bdiinc992j;p52p100;2008;1.944867;992;j
RS;bdiinc992j;p52p100;2009;1.9776731;992;j
RS;bdiinc992j;p52p100;2010;2.0351331;992;j
RS;bdiinc992j;p52p100;2011;2.0861704;992;j
RS;bdiinc992j;p52p100;2012;2.1113381;992;j
RS;bdiinc992j;p52p100;2013;2.1255553;992;j
RS;bdiinc992j;p52p100;2014;2.1009591;992;j
RS;bdiinc992j;p52p100;2015;2.1727786;992;j
RS;bdiinc992j;p52p100;2016;2.1924381;992;j
RS;bdiinc992j;p52p100;2017;2.1949008;992;j
RS;bdiinc992j;p99.995p100;1990;2.1640813;992;j
RS;bdiinc992j;p99.995p100;1991;2.11148;992;j
RS;bdiinc992j;p99.995p100;1992;2.039438;992;j
RS;bdiinc992j;p99.995p100;1993;1.9896294;992;j
RS;bdiinc992j;p99.995p100;1994;1.9580529;992;j
RS;bdiinc992j;p99.995p100;1995;1.9310728;992;j
RS;bdiinc992j;p99.995p100;1996;1.9037031;992;j
RS;bdiinc992j;p99.995p100;1997;1.8744209;992;j
RS;bdiinc992j;p99.995p100;1998;1.9044844;992;j
RS;bdiinc992j;p99.995p100;1999;2.023653;992;j
RS;bdiinc992j;p99.995p100;2000;2.0141637;992;j
RS;bdiinc992j;p99.995p100;2001;2.1113689;992;j
RS;bdiinc992j;p99.995p100;2002;2.0268683;992;j
RS;bdiinc992j;p99.995p100;2003;2.0357463;992;j
RS;bdiinc992j;p99.995p100;2004;2.0422728;992;j
RS;bdiinc992j;p99.995p100;2005;2.0868661;992;j
RS;bdiinc992j;p99.995p100;2006;1.9848638;992;j
RS;bdiinc992j;p99.995p100;2007;1.8894268;992;j
RS;bdiinc992j;p99.995p100;2008;1.7918907;992;j
RS;bdiinc992j;p99.995p100;2009;1.9176035;992;j
RS;bdiinc992j;p99.995p100;2010;1.8556683;992;j
RS;bdiinc992j;p99.995p100;2011;1.8194218;992;j
RS;bdiinc992j;p99.995p100;2012;2.1260488;992;j
RS;bdiinc992j;p99.995p100;2013;1.9212732;992;j
RS;bdiinc992j;p99.995p100;2014;2.5157979;992;j
RS;bdiinc992j;p99.995p100;2015;3.0469477;992;j
RS;bdiinc992j;p99.995p100;2016;3.0485265;992;j
RS;bdiinc992j;p99.995p100;2017;3.0512695;992;j
RS;bptinc992j;p15p100;1990;4.2398281;992;j
RS;bptinc992j;p15p100;1991;4.2368531;992;j
RS;bptinc992j;p15p100;1992;4.2419367;992;j
RS;bptinc992j;p15p100;1993;4.2523408;992;j
RS;bptinc992j;p15p100;1994;4.25631;992;j
RS;bptinc992j;p15p100;1995;4.2678223;992;j
RS;bptinc992j;p15p100;1996;4.2773023;992;j
RS;bptinc992j;p15p100;1997;4.2858877;992;j
RS;bptinc992j;p15p100;1998;4.013051;992;j
RS;bptinc992j;p15p100;1999;4.0279074;992;j
RS;bptinc992j;p15p100;2000;4.0886765;992;j
RS;bptinc992j;p15p100;2001;4.0846291;992;j
RS;bptinc992j;p15p100;2002;4.5326357;992;j
RS;bptinc992j;p15p100;2003;4.70118;992;j
RS;bptinc992j;p15p100;2004;5.158649;992;j
RS;bptinc992j;p15p100;2005;5.642601;992;j
RS;bptinc992j;p15p100;2006;6.4275169;992;j
RS;bptinc992j;p15p100;2007;7.29496;992;j
RS;bptinc992j;p15p100;2008;8.5288048;992;j
RS;bptinc992j;p15p100;2009;9.23804;992;j
RS;bptinc992j;p15p100;2010;10.636239;992;j
RS;bptinc992j;p15p100;2011;13.081481;992;j
RS;bptinc992j;p15p100;2012;14.467439;992;j
RS;bptinc992j;p15p100;2013;16.714956;992;j
RS;bptinc992j;p15p100;2014;16.164417;992;j
RS;bptinc992j;p15p100;2015;16.222424;992;j
RS;bptinc992j;p15p100;2016;16.182627;992;j
RS;bptinc992j;p15p100;2017;16.350567;992;j
RS;bptinc992j;p31p100;1990;2.4605818;992;j
RS;bptinc992j;p31p100;1991;2.4645586;992;j
RS;bptinc992j;p31p100;1992;2.4687788;992;j
RS;bptinc992j;p31p100;1993;2.4702492;992;j
RS;bptinc992j;p31p100;1994;2.4691691;992;j
RS;bptinc992j;p31p100;1995;2.474561;992;j
RS;bptinc992j;p31p100;1996;2.4733834;992;j
RS;bptinc992j;p31p100;1997;2.4721518;992;j
RS;bptinc992j;p31p100;1998;2.4818723;992;j
RS;bptinc992j;p31p100;1999;2.4911625;992;j
RS;bptinc992j;p31p100;2000;2.5268462;992;j
RS;bptinc992j;p31p100;2001;2.5371277;992;j
RS;bptinc992j;p31p100;2002;2.6063564;992;j
RS;bptinc992j;p31p100;2003;2.6833708;992;j
RS;bptinc992j;p31p100;2004;2.7844715;992;j
RS;bptinc992j;p31p100;2005;2.8861928;992;j
RS;bptinc992j;p31p100;2006;3.0173275;992;j
RS;bptinc992j;p31p100;2007;2.9889004;992;j
RS;bptinc992j;p31p100;2008;3.1012652;992;j
RS;bptinc992j;p31p100;2009;3.1953645;992;j
RS;bptinc992j;p31p100;2010;3.3488269;992;j
RS;bptinc992j;p31p100;2011;3.6015248;992;j
RS;bptinc992j;p31p100;2012;3.634804;992;j
RS;bptinc992j;p31p100;2013;3.5891054;992;j
RS;bptinc992j;p31p100;2014;3.7857206;992;j
RS;bptinc992j;p31p100;2015;3.5511327;992;j
RS;bptinc992j;p31p100;2016;3.5521727;992;j
RS;bptinc992j;p31p100;2017;3.5567153;992;j
RS;bptinc992j;p69p100;1990;1.6768949;992;j
RS;bptinc992j;p69p100;1991;1.6871041;992;j
RS;bptinc992j;p69p100;1992;1.6961515;992;j
RS;bptinc992j;p69p100;1993;1.70594;992;j
RS;bptinc992j;p69p100;1994;1.7168474;992;j
RS;bptinc992j;p69p100;1995;1.7286592;992;j
RS;bptinc992j;p69p100;1996;1.7362212;992;j
RS;bptinc992j;p69p100;1997;1.7443066;992;j
RS;bptinc992j;p69p100;1998;1.7549684;992;j
RS;bptinc992j;p69p100;1999;1.7786373;992;j
RS;bptinc992j;p69p100;2000;1.8214055;992;j
RS;bptinc992j;p69p100;2001;1.8389034;992;j
RS;bptinc992j;p69p100;2002;1.8494543;992;j
RS;bptinc992j;p69p100;2003;1.8605657;992;j
RS;bptinc992j;p69p100;2004;1.9090602;992;j
RS;bptinc992j;p69p100;2005;1.9454068;992;j
RS;bptinc992j;p69p100;2006;1.9508615;992;j
RS;bptinc992j;p69p100;2007;1.9120475;992;j
RS;bptinc992j;p69p100;2008;1.9196051;992;j
RS;bptinc992j;p69p100;2009;1.9396328;992;j
RS;bptinc992j;p69p100;2010;1.9909648;992;j
RS;bptinc992j;p69p100;2011;2.0271301;992;j
RS;bptinc992j;p69p100;2012;2.0047848;992;j
RS;bptinc992j;p69p100;2013;1.9749411;992;j
RS;bptinc992j;p69p100;2014;2.0536788;992;j
RS;bptinc992j;p69p100;2015;2.0292926;992;j
RS;bptinc992j;p69p100;2016;2.0304422;992;j
RS;bptinc992j;p69p100;2017;2.0319436;992;j
RS;bptinc992j;p85p100;1990;1.6210268;992;j
RS;bptinc992j;p85p100;1991;1.6356809;992;j
RS;bptinc992j;p85p100;1992;1.6499009;992;j
RS;bptinc992j;p85p100;1993;1.6629121;992;j
RS;bptinc992j;p85p100;1994;1.6759197;992;j
RS;bptinc992j;p85p100;1995;1.6901689;992;j
RS;bptinc992j;p85p100;1996;1.7000729;992;j
RS;bptinc992j;p85p100;1997;1.709873;992;j
RS;bptinc992j;p85p100;1998;1.7463114;992;j
RS;bptinc992j;p85p100;1999;1.7662162;992;j
RS;bptinc992j;p85p100;2000;1.8234471;992;j
RS;bptinc992j;p85p100;2001;1.8521605;992;j
RS;bptinc992j;p85p100;2002;1.8514098;992;j
RS;bptinc992j;p85p100;2003;1.8683081;992;j
RS;bptinc992j;p85p100;2004;1.8950717;992;j
RS;bptinc992j;p85p100;2005;1.9041995;992;j
RS;bptinc992j;p85p100;2006;1.9074183;992;j
RS;bptinc992j;p85p100;2007;1.847911;992;j
RS;bptinc992j;p85p100;2008;1.8379211;992;j
RS;bptinc992j;p85p100;2009;1.8481443;992;j
RS;bptinc992j;p85p100;2010;1.8805904;992;j
RS;bptinc992j;p85p100;2011;1.9029075;992;j
RS;bptinc992j;p85p100;2012;1.8656293;992;j
RS;bptinc992j;p85p100;2013;1.8318231;992;j
RS;bptinc992j;p85p100;2014;1.9445745;992;j
RS;bptinc992j;p85p100;2015;1.9393048;992;j
RS;bptinc992j;p85p100;2016;1.9394509;992;j
RS;bptinc992j;p85p100;2017;1.9399664;992;j
RS;bptinc992j;p99.3p100;1990;1.9647831;992;j
RS;bptinc992j;p99.3p100;1991;1.9847152;992;j
RS;bptinc992j;p99.3p100;1992;1.9952402;992;j
RS;bptinc992j;p99.3p100;1993;2.0150309;992;j
RS;bptinc992j;p99.3p100;1994;2.0227623;992;j
RS;bptinc992j;p99.3p100;1995;2.0416996;992;j
RS;bptinc992j;p99.3p100;1996;2.0573537;992;j
RS;bptinc992j;p99.3p100;1997;2.0747256;992;j
RS;bptinc992j;p99.3p100;1998;2.0553987;992;j
RS;bptinc992j;p99.3p100;1999;2.1100738;992;j
RS;bptinc992j;p99.3p100;2000;2.1420767;992;j
RS;bptinc992j;p99.3p100;2001;2.2000189;992;j
RS;bptinc992j;p99.3p100;2002;2.1585572;992;j
RS;bptinc992j;p99.3p100;2003;2.1287847;992;j
RS;bptinc992j;p99.3p100;2004;2.13114;992;j
RS;bptinc992j;p99.3p100;2005;2.0829544;992;j
RS;bptinc992j;p99.3p100;2006;2.0841799;992;j
RS;bptinc992j;p99.3p100;2007;2.0331006;992;j
RS;bptinc992j;p99.3p100;2008;2.0461068;992;j
RS;bptinc992j;p99.3p100;2009;2.0259929;992;j
RS;bptinc992j;p99.3p100;2010;1.9796702;992;j
RS;bptinc992j;p99.3p100;2011;2.0038626;992;j
RS;bptinc992j;p99.3p100;2012;1.8386717;992;j
RS;bptinc992j;p99.3p100;2013;1.9041746;992;j
RS;bptinc992j;p99.3p100;2014;2.2356308;992;j
RS;bptinc992j;p99.3p100;2015;2.227572;992;j
RS;bptinc992j;p99.3p100;2016;2.2279568;992;j
RS;bptinc992j;p99.3p100;2017;2.2277777;992;j
RS;mconfc999i;p0p100;1980;538527399936.0;999;i
RS;mconfc999i;p0p100;1981;526069071872.0;999;i
RS;mconfc999i;p0p100;1982;635374206976.0;999;i
RS;mconfc999i;p0p100;1983;666708344832.0;999;i
RS;mconfc999i;p0p100;1984;638498439168.0;999;i
RS;mconfc999i;p0p100;1985;610792833024.0;999;i
RS;mconfc999i;p0p100;1986;591833661440.0;999;i
RS;mconfc999i;p0p100;1987;704963674112.0;999;i
RS;mconfc999i;p0p100;1988;680459894784.0;999;i
RS;mconfc999i;p0p100;1989;681400860672.0;999;i
RS;mconfc999i;p0p100;1990;637475094528.0;999;i
RS;mconfc999i;p0p100;1991;591934586880.0;999;i
RS;mconfc999i;p0p100;1992;529086218240.0;999;i
RS;mconfc999i;p0p100;1993;478967496704.0;999;i
RS;mconfc999i;p0p100;1994;460935069696.0;999;i
RS;mconfc999i;p0p100;1995;473301286912.0;999;i
RS;mconfc999i;p0p100;1996;509162291200.0;999;i
RS;mconfc999i;p0p100;1997;561846681600.0;999;i
RS;mconfc999i;p0p100;1998;521102884864.0;999;i
RS;mconfc999i;p0p100;1999;510628331520.0;999;i
RS;mconfc999i;p0p100;2000;497900683264.0;999;i
RS;mconfc999i;p0p100;2001;632925782016.0;999;i
RS;mconfc999i;p0p100;2002;638673485824.0;999;i
RS;mconfc999i;p0p100;2003;637333405696.0;999;i
RS;mconfc999i;p0p100;2004;589614284800.0;999;i
RS;mconfc999i;p0p100;2005;596711702528.0;999;i
RS;mconfc999i;p0p100;2006;610092515328.0;999;i
RS;mconfc999i;p0p100;2007;688913580032.0;999;i
RS;mconfc999i;p0p100;2008;713297821696.0;999;i
RS;mconfc999i;p0p100;2009;711504101376.0;999;i
RS;mconfc999i;p0p100;2010;703568347136.0;999;i
RS;mconfc999i;p0p100;2011;703189549056.0;999;i
RS;mconfc999i;p0p100;2012;713547579392.0;999;i
RS;mconfc999i;p0p100;2013;724423213056.0;999;i
RS;mconfc999i;p0p100;2014;737115045888.0;999;i
RS;mconfc999i;p0p100;2015;754625740800.0;999;i
RS;mconfc999i;p0p100;2016;778190127104.0;999;i
RS;mconfc999i;p0p100;2017;807155793920.0;999;i
RS;mconfc999i;p0p100;2018;841483026432.0;999;i
RS;mconfc999i;p0p100;2019;879237857280.0;999;i
RS;npopul201f;p0p100;1950;347411.0;201;f
RS;npopul201f;p0p100;1951;350258.0;201;f
RS;npopul201f;p0p100;1952;351494.0;201;f
RS;npopul201f;p0p100;1953;350547.0;201;f
RS;npopul201f;p0p100;1954;347734.0;201;f
RS;npopul201f;p0p100;1955;343513.0;201;f
RS;npopul201f;p0p100;1956;337932.0;201;f
RS;npopul201f;p0p100;1957;331937.0;201;f
RS;npopul201f;p0p100;1958;324960.0;201;f
RS;npopul201f;p0p100;1959;315950.0;201;f
RS;npopul201f;p0p100;1960;304621.0;201;f
RS;npopul201f;p0p100;1961;291778.0;201;f
RS;npopul201f;p0p100;1962;275840.0;201;f
RS;npopul201f;p0p100;1963;260721.0;201;f
RS;npopul201f;p0p100;1964;252067.0;201;f
RS;npopul201f;p0p100;1965;253045.0;201;f
RS;npopul201f;p0p100;1966;261997.0;201;f
RS;npopul201f;p0p100;1967;280365.0;201;f
RS;npopul201f;p0p100;1968;304519.0;201;f
RS;npopul201f;p0p100;1969;328493.0;201;f
RS;npopul201f;p0p100;1970;348346.0;201;f
RS;npopul201f;p0p100;1971;365000.0;201;f
RS;npopul201f;p0p100;1972;378270.0;201;f
RS;npopul201f;p0p100;1973;387355.0;201;f
RS;npopul201f;p0p100;1974;391694.0;201;f
RS;npopul201f;p0p100;1975;391079.0;201;f
RS;npopul201f;p0p100;1976;385344.0;201;f
RS;npopul201f;p0p100;1977;373883.0;201;f
RS;npopul201f;p0p100;1978;359265.0;201;f
RS;npopul201f;p0p100;1979;345534.0;201;f
RS;npopul201f;p0p100;1980;335322.0;201;f
RS;npopul201f;p0p100;1981;328554.0;201;f
RS;npopul201f;p0p100;1982;325540.0;201;f
RS;npopul201f;p0p100;1983;325270.0;201;f
RS;npopul201f;p0p100;1984;325782.0;201;f
RS;npopul201f;p0p100;1985;325876.0;201;f
RS;npopul201f;p0p100;1986;326173.0;201;f
RS;npopul201f;p0p100;1987;326405.0;201;f
RS;npopul201f;p0p100;1988;327073.0;201;f
RS;npopul201f;p0p100;1989;328995.0;201;f
RS;npopul201f;p0p100;1990;332593.0;201;f
RS;npopul201f;p0p100;1991;338032.0;201;f
RS;npopul201f;p0p100;1992;344945.0;201;f
RS;npopul201f;p0p100;1993;352449.0;201;f
RS;npopul201f;p0p100;1994;359261.0;201;f
RS;npopul201f;p0p100;1995;364445.0;201;f
RS;npopul201f;p0p100;1996;364315.0;201;f
RS;npopul201f;p0p100;1997;361473.0;201;f
RS;npopul201f;p0p100;1998;356099.0;201;f
RS;npopul201f;p0p100;1999;274410.0;201;f
RS;npopul201f;p0p100;2000;269130.0;201;f
RS;npopul201f;p0p100;2001;267541.0;201;f
RS;npopul201f;p0p100;2002;265118.0;201;f
RS;npopul201f;p0p100;2003;261646.0;201;f
RS;npopul201f;p0p100;2004;258870.0;201;f
RS;npopul201f;p0p100;2005;257208.0;201;f
RS;npopul201f;p0p100;2006;255133.0;201;f
RS;npopul201f;p0p100;2007;254422.0;201;f
RS;npopul201f;p0p100;2008;254210.0;201;f
RS;npopul201f;p0p100;2009;253251.0;201;f
RS;npopul201f;p0p100;2010;250684.0;201;f
RS;npopul201f;p0p100;2011;246046.0;201;f
RS;npopul201f;p0p100;2012;240586.0;201;f
RS;npopul201f;p0p100;2013;234086.0;201;f
RS;npopul201f;p0p100;2014;227328.0;201;f
RS;npopul201f;p0p100;2015;220795.0;201;f
RS;npopul201f;p0p100;2016;216580.0;201;f
RS;npopul201f;p0p100;2017;213016.0;201;f
RS;npopul201f;p0p100;2018;209615.0;201;f
RS;npopul201f;p0p100;2019;206634.0;201;f
RS;npopul302m;p0p100;1950;343589.0;302;m
RS;npopul302m;p0p100;1951;343935.0;302;m
RS;npopul302m;p0p100;1952;352694.0;302;m
RS;npopul302m;p0p100;1953;368491.0;302;m
RS;npopul302m;p0p100;1954;390298.0;302;m
RS;npopul302m;p0p100;1955;417353.0;302;m
RS;npopul302m;p0p100;1956;449516.0;302;m
RS;npopul302m;p0p100;1957;486942.0;302;m
RS;npopul302m;p0p100;1958;526387.0;302;m
RS;npopul302m;p0p100;1959;563151.0;302;m
RS;npopul302m;p0p100;1960;594122.0;302;m
RS;npopul302m;p0p100;1961;620442.0;302;m
RS;npopul302m;p0p100;1962;639467.0;302;m
RS;npopul302m;p0p100;1963;652169.0;302;m
RS;npopul302m;p0p100;1964;660310.0;302;m
RS;npopul302m;p0p100;1965;664820.0;302;m
RS;npopul302m;p0p100;1966;663184.0;302;m
RS;npopul302m;p0p100;1967;658726.0;302;m
RS;npopul302m;p0p100;1968;651103.0;302;m
RS;npopul302m;p0p100;1969;639670.0;302;m
RS;npopul302m;p0p100;1970;624613.0;302;m
RS;npopul302m;p0p100;1971;606996.0;302;m
RS;npopul302m;p0p100;1972;586505.0;302;m
RS;npopul302m;p0p100;1973;566200.0;302;m
RS;npopul302m;p0p100;1974;550736.0;302;m
RS;npopul302m;p0p100;1975;543030.0;302;m
RS;npopul302m;p0p100;1976;542555.0;302;m
RS;npopul302m;p0p100;1977;549300.0;302;m
RS;npopul302m;p0p100;1978;562787.0;302;m
RS;npopul302m;p0p100;1979;581982.0;302;m
RS;npopul302m;p0p100;1980;605776.0;302;m
RS;npopul302m;p0p100;1981;634092.0;302;m
RS;npopul302m;p0p100;1982;667688.0;302;m
RS;npopul302m;p0p100;1983;702080.0;302;m
RS;npopul302m;p0p100;1984;730662.0;302;m
RS;npopul302m;p0p100;1985;749309.0;302;m
RS;npopul302m;p0p100;1986;758778.0;302;m
RS;npopul302m;p0p100;1987;758023.0;302;m
RS;npopul302m;p0p100;1988;749922.0;302;m
RS;npopul302m;p0p100;1989;739240.0;302;m
RS;npopul302m;p0p100;1990;729000.0;302;m
RS;npopul302m;p0p100;1991;718386.0;302;m
RS;npopul302m;p0p100;1992;707806.0;302;m
RS;npopul302m;p0p100;1993;697204.0;302;m
RS;npopul302m;p0p100;1994;686704.0;302;m
RS;npopul302m;p0p100;1995;676612.0;302;m
RS;npopul302m;p0p100;1996;667202.0;302;m
RS;npopul302m;p0p100;1997;657396.0;302;m
RS;npopul302m;p0p100;1998;647536.0;302;m
RS;npopul302m;p0p100;1999;502048.0;302;m
RS;npopul302m;p0p100;2000;498182.0;302;m
RS;npopul302m;p0p100;2001;497042.0;302;m
RS;npopul302m;p0p100;2002;497943.0;302;m
RS;npopul302m;p0p100;2003;499082.0;302;m
RS;npopul302m;p0p100;2004;501471.0;302;m
RS;npopul302m;p0p100;2005;504362.0;302;m
RS;npopul302m;p0p100;2006;506591.0;302;m
RS;npopul302m;p0p100;2007;509058.0;302;m
RS;npopul302m;p0p100;2008;511113.0;302;m
RS;npopul302m;p0p100;2009;512212.0;302;m
RS;npopul302m;p0p100;2010;511787.0;302;m
RS;npopul302m;p0p100;2011;508450.0;302;m
RS;npopul302m;p0p100;2012;504960.0;302;m
RS;npopul302m;p0p100;2013;500503.0;302;m
RS;npopul302m;p0p100;2014;496031.0;302;m
RS;npopul302m;p0p100;2015;491988.0;302;m
RS;npopul302m;p0p100;2016;490989.0;302;m
RS;npopul302m;p0p100;2017;491819.0;302;m
RS;npopul302m;p0p100;2018;492798.0;302;m
RS;npopul302m;p0p100;2019;493691.0;302;m
RS;npopul351i;p0p100;1950;392959.0;351;i
RS;npopul351i;p0p100;1951;370593.0;351;i
RS;npopul351i;p0p100;1952;345614.0;351;i
RS;npopul351i;p0p100;1953;323577.0;351;i
RS;npopul351i;p0p100;1954;314296.0;351;i
RS;npopul351i;p0p100;1955;323554.0;351;i
RS;npopul351i;p0p100;1956;349784.0;351;i
RS;npopul351i;p0p100;1957;394359.0;351;i
RS;npopul351i;p0p100;1958;449734.0;351;i
RS;npopul351i;p0p100;1959;503801.0;351;i
RS;npopul351i;p0p100;1960;548738.0;351;i
RS;npopul351i;p0p100;1961;586556.0;351;i
RS;npopul351i;p0p100;1962;614793.0;351;i
RS;npopul351i;p0p100;1963;634965.0;351;i
RS;npopul351i;p0p100;1964;650338.0;351;i
RS;npopul351i;p0p100;1965;662744.0;351;i
RS;npopul351i;p0p100;1966;668582.0;351;i
RS;npopul351i;p0p100;1967;670616.0;351;i
RS;npopul351i;p0p100;1968;668995.0;351;i
RS;npopul351i;p0p100;1969;663873.0;351;i
RS;npopul351i;p0p100;1970;655645.0;351;i
RS;npopul351i;p0p100;1971;645417.0;351;i
RS;npopul351i;p0p100;1972;634101.0;351;i
RS;npopul351i;p0p100;1973;620808.0;351;i
RS;npopul351i;p0p100;1974;604045.0;351;i
RS;npopul351i;p0p100;1975;583437.0;351;i
RS;npopul351i;p0p100;1976;559262.0;351;i
RS;npopul351i;p0p100;1977;530654.0;351;i
RS;npopul351i;p0p100;1978;504306.0;351;i
RS;npopul351i;p0p100;1979;490477.0;351;i
RS;npopul351i;p0p100;1980;495141.0;351;i
RS;npopul351i;p0p100;1981;516837.0;351;i
RS;npopul351i;p0p100;1982;556623.0;351;i
RS;npopul351i;p0p100;1983;607115.0;351;i
RS;npopul351i;p0p100;1984;656410.0;351;i
RS;npopul351i;p0p100;1985;696637.0;351;i
RS;npopul351i;p0p100;1986;729167.0;351;i
RS;npopul351i;p0p100;1987;753788.0;351;i
RS;npopul351i;p0p100;1988;769899.0;351;i
RS;npopul351i;p0p100;1989;777549.0;351;i
RS;npopul351i;p0p100;1990;776985.0;351;i
RS;npopul351i;p0p100;1991;767450.0;351;i
RS;npopul351i;p0p100;1992;748501.0;351;i
RS;npopul351i;p0p100;1993;723540.0;351;i
RS;npopul351i;p0p100;1994;698655.0;351;i
RS;npopul351i;p0p100;1995;678035.0;351;i
RS;npopul351i;p0p100;1996;662575.0;351;i
RS;npopul351i;p0p100;1997;650347.0;351;i
RS;npopul351i;p0p100;1998;640529.0;351;i
RS;npopul351i;p0p100;1999;496766.0;351;i
RS;npopul351i;p0p100;2000;492290.0;351;i
RS;npopul351i;p0p100;2001;488700.0;351;i
RS;npopul351i;p0p100;2002;486772.0;351;i
RS;npopul351i;p0p100;2003;485103.0;351;i
RS;npopul351i;p0p100;2004;485341.0;351;i
RS;npopul351i;p0p100;2005;487226.0;351;i
RS;npopul351i;p0p100;2006;490107.0;351;i
RS;npopul351i;p0p100;2007;493933.0;351;i
RS;npopul351i;p0p100;2008;498001.0;351;i
RS;npopul351i;p0p100;2009;501675.0;351;i
RS;npopul351i;p0p100;2010;504268.0;351;i
RS;npopul351i;p0p100;2011;504818.0;351;i
RS;npopul351i;p0p100;2012;505896.0;351;i
RS;npopul351i;p0p100;2013;505663.0;351;i
RS;npopul351i;p0p100;2014;503526.0;351;i
RS;npopul351i;p0p100;2015;499097.0;351;i
RS;npopul351i;p0p100;2016;494461.0;351;i
RS;npopul351i;p0p100;2017;488871.0;351;i
RS;npopul351i;p0p100;2018;482399.0;351;i
RS;npopul351i;p0p100;2019;477630.0;351;i
RS;scainc992j;p51p52;1990;0.0086000003;992;j
RS;scainc992j;p51p52;1991;0.0086000003;992;j
RS;scainc992j;p51p52;1992;0.0086000003;992;j
RS;scainc992j;p51p52;1993;0.0086000003;992;j
RS;scainc992j;p51p52;1994;0.0086000003;992;j
RS;scainc992j;p51p52;1995;0.0086000003;992;j
RS;scainc992j;p51p52;1996;0.0087000001;992;j
RS;scainc992j;p51p52;1997;0.0087000001;992;j
RS;scainc992j;p51p52;1998;0.0085000005;992;j
RS;scainc992j;p51p52;1999;0.0085000005;992;j
RS;scainc992j;p51p52;2000;0.0083999997;992;j
RS;scainc992j;p51p52;2001;0.0082999999;992;j
RS;scainc992j;p51p52;2002;0.0082999999;992;j
RS;scainc992j;p51p52;2003;0.0082999999;992;j
RS;scainc992j;p51p52;2004;0.0082;992;j
RS;scainc992j;p51p52;2005;0.0081000002;992;j
RS;scainc992j;p51p52;2006;0.0080000004;992;j
RS;scainc992j;p51p52;2007;0.0081000002;992;j
RS;scainc992j;p51p52;2008;0.0080000004;992;j
RS;scainc992j;p51p52;2009;0.0078999996;992;j
RS;scainc992j;p51p52;2010;0.0077999998;992;j
RS;scainc992j;p51p52;2011;0.0077;992;j
RS;scainc992j;p51p52;2012;0.0076000001;992;j
RS;scainc992j;p51p52;2013;0.0076000001;992;j
RS;scainc992j;p51p52;2014;0.0074999998;992;j
RS;scainc992j;p51p52;2015;0.0074;992;j
RS;scainc992j;p51p52;2016;0.0073000002;992;j
RS;scainc992j;p51p52;2017;0.0073000002;992;j
RS;scainc992j;p68p69;1990;0.0114;992;j
RS;scainc992j;p68p69;1991;0.0115;992;j
RS;scainc992j;p68p69;1992;0.0115;992;j
RS;scainc992j;p68p69;1993;0.0115;992;j
RS;scainc992j;p68p69;1994;0.0114;992;j
RS;scainc992j;p68p69;1995;0.0114;992;j
RS;scainc992j;p68p69;1996;0.0114;992;j
RS;scainc992j;p68p69;1997;0.0114;992;j
RS;scainc992j;p68p69;1998;0.0113;992;j
RS;scainc992j;p68p69;1999;0.0112;992;j
RS;scainc992j;p68p69;2000;0.011;992;j
RS;scainc992j;p68p69;2001;0.011;992;j
RS;scainc992j;p68p69;2002;0.0111;992;j
RS;scainc992j;p68p69;2003;0.0111;992;j
RS;scainc992j;p68p69;2004;0.0111;992;j
RS;scainc992j;p68p69;2005;0.011;992;j
RS;scainc992j;p68p69;2006;0.0111;992;j
RS;scainc992j;p68p69;2007;0.0112;992;j
RS;scainc992j;p68p69;2008;0.0112;992;j
RS;scainc992j;p68p69;2009;0.0111;992;j
RS;scainc992j;p68p69;2010;0.0111;992;j
RS;scainc992j;p68p69;2011;0.0111;992;j
RS;scainc992j;p68p69;2012;0.011;992;j
RS;scainc992j;p68p69;2013;0.0113;992;j
RS;scainc992j;p68p69;2014;0.0108;992;j
RS;scainc992j;p68p69;2015;0.0104;992;j
RS;scainc992j;p68p69;2016;0.0104;992;j
RS;scainc992j;p68p69;2017;0.0104;992;j
RS;scainc992j;p82p100;1990;0.4147;992;j
RS;scainc992j;p82p100;1991;0.41280001;992;j
RS;scainc992j;p82p100;1992;0.41119999;992;j
RS;scainc992j;p82p100;1993;0.41010001;992;j
RS;scainc992j;p82p100;1994;0.40889999;992;j
RS;scainc992j;p82p100;1995;0.40790001;992;j
RS;scainc992j;p82p100;1996;0.40580001;992;j
RS;scainc992j;p82p100;1997;0.40369999;992;j
RS;scainc992j;p82p100;1998;0.40599999;992;j
RS;scainc992j;p82p100;1999;0.41029999;992;j
RS;scainc992j;p82p100;2000;0.417;992;j
RS;scainc992j;p82p100;2001;0.42109999;992;j
RS;scainc992j;p82p100;2002;0.4296;992;j
RS;scainc992j;p82p100;2003;0.43259999;992;j
RS;scainc992j;p82p100;2004;0.44150001;992;j
RS;scainc992j;p82p100;2005;0.44949999;992;j
RS;scainc992j;p82p100;2006;0.458;992;j
RS;scainc992j;p82p100;2007;0.4585;992;j
RS;scainc992j;p82p100;2008;0.46160001;992;j
RS;scainc992j;p82p100;2009;0.46869999;992;j
RS;scainc992j;p82p100;2010;0.4804;992;j
RS;scainc992j;p82p100;2011;0.49059999;992;j
RS;scainc992j;p82p100;2012;0.4957;992;j
RS;scainc992j;p82p100;2013;0.49270001;992;j
RS;scainc992j;p82p100;2014;0.48750001;992;j
RS;scainc992j;p82p100;2015;0.51300001;992;j
RS;scainc992j;p82p100;2016;0.51300001;992;j
RS;scainc992j;p82p100;2017;0.51310003;992;j
RS;scainc992j;p85p86;1990;0.015799999;992;j
RS;scainc992j;p85p86;1991;0.015699999;992;j
RS;scainc992j;p85p86;1992;0.015699999;992;j
RS;scainc992j;p85p86;1993;0.0156;992;j
RS;scainc992j;p85p86;1994;0.0155;992;j
RS;scainc992j;p85p86;1995;0.0154;992;j
RS;scainc992j;p85p86;1996;0.0154;992;j
RS;scainc992j;p85p86;1997;0.0153;992;j
RS;scainc992j;p85p86;1998;0.0152;992;j
RS;scainc992j;p85p86;1999;0.015;992;j
RS;scainc992j;p85p86;2000;0.0148;992;j
RS;scainc992j;p85p86;2001;0.0147;992;j
RS;scainc992j;p85p86;2002;0.0149;992;j
RS;scainc992j;p85p86;2003;0.0151;992;j
RS;scainc992j;p85p86;2004;0.0154;992;j
RS;scainc992j;p85p86;2005;0.0155;992;j
RS;scainc992j;p85p86;2006;0.015799999;992;j
RS;scainc992j;p85p86;2007;0.016100001;992;j
RS;scainc992j;p85p86;2008;0.0162;992;j
RS;scainc992j;p85p86;2009;0.0163;992;j
RS;scainc992j;p85p86;2010;0.0164;992;j
RS;scainc992j;p85p86;2011;0.0166;992;j
RS;scainc992j;p85p86;2012;0.0166;992;j
RS;scainc992j;p85p86;2013;0.016899999;992;j
RS;scainc992j;p85p86;2014;0.015799999;992;j
RS;scainc992j;p85p86;2015;0.0155;992;j
RS;scainc992j;p85p86;2016;0.0155;992;j
RS;scainc992j;p85p86;2017;0.0155;992;j
RS;scainc992j;p86p87;1990;0.016100001;992;j
RS;scainc992j;p86p87;1991;0.016100001;992;j
RS;scainc992j;p86p87;1992;0.016000001;992;j
RS;scainc992j;p86p87;1993;0.015900001;992;j
RS;scainc992j;p86p87;1994;0.015900001;992;j
RS;scainc992j;p86p87;1995;0.015799999;992;j
RS;scainc992j;p86p87;1996;0.015699999;992;j
RS;scainc992j;p86p87;1997;0.015699999;992;j
RS;scainc992j;p86p87;1998;0.0156;992;j
RS;scainc992j;p86p87;1999;0.0154;992;j
RS;scainc992j;p86p87;2000;0.0152;992;j
RS;scainc992j;p86p87;2001;0.015;992;j
RS;scainc992j;p86p87;2002;0.0152;992;j
RS;scainc992j;p86p87;2003;0.0156;992;j
RS;scainc992j;p86p87;2004;0.015900001;992;j
RS;scainc992j;p86p87;2005;0.016000001;992;j
RS;scainc992j;p86p87;2006;0.0163;992;j
RS;scainc992j;p86p87;2007;0.0166;992;j
RS;scainc992j;p86p87;2008;0.0167;992;j
RS;scainc992j;p86p87;2009;0.016799999;992;j
RS;scainc992j;p86p87;2010;0.017000001;992;j
RS;scainc992j;p86p87;2011;0.017200001;992;j
RS;scainc992j;p86p87;2012;0.017100001;992;j
RS;scainc992j;p86p87;2013;0.0174;992;j
RS;scainc992j;p86p87;2014;0.0162;992;j
RS;scainc992j;p86p87;2015;0.016000001;992;j
RS;scainc992j;p86p87;2016;0.016000001;992;j
RS;scainc992j;p86p87;2017;0.016000001;992;j
RS;scainc992j;p93p94;1990;0.020099999;992;j
RS;scainc992j;p93p94;1991;0.020099999;992;j
RS;scainc992j;p93p94;1992;0.020099999;992;j
RS;scainc992j;p93p94;1993;0.020099999;992;j
RS;scainc992j;p93p94;1994;0.020099999;992;j
RS;scainc992j;p93p94;1995;0.02;992;j
RS;scainc992j;p93p94;1996;0.02;992;j
RS;scainc992j;p93p94;1997;0.02;992;j
RS;scainc992j;p93p94;1998;0.02;992;j
RS;scainc992j;p93p94;1999;0.0199;992;j
RS;scainc992j;p93p94;2000;0.02;992;j
RS;scainc992j;p93p94;2001;0.02;992;j
RS;scainc992j;p93p94;2002;0.020400001;992;j
RS;scainc992j;p93p94;2003;0.0207;992;j
RS;scainc992j;p93p94;2004;0.021199999;992;j
RS;scainc992j;p93p94;2005;0.021500001;992;j
RS;scainc992j;p93p94;2006;0.022;992;j
RS;scainc992j;p93p94;2007;0.0222;992;j
RS;scainc992j;p93p94;2008;0.022500001;992;j
RS;scainc992j;p93p94;2009;0.022500001;992;j
RS;scainc992j;p93p94;2010;0.0232;992;j
RS;scainc992j;p93p94;2011;0.023800001;992;j
RS;scainc992j;p93p94;2012;0.023;992;j
RS;scainc992j;p93p94;2013;0.023399999;992;j
RS;scainc992j;p93p94;2014;0.0218;992;j
RS;scainc992j;p93p94;2015;0.021500001;992;j
RS;scainc992j;p93p94;2016;0.021500001;992;j
RS;scainc992j;p93p94;2017;0.021500001;992;j
RS;scainc992j;p99.1p99.2;1990;0.0044;992;j
RS;scainc992j;p99.1p99.2;1991;0.0044;992;j
RS;scainc992j;p99.1p99.2;1992;0.0044;992;j
RS;scainc992j;p99.1p99.2;1993;0.0044;992;j
RS;scainc992j;p99.1p99.2;1994;0.0044;992;j
RS;scainc992j;p99.1p99.2;1995;0.0044;992;j
RS;scainc992j;p99.1p99.2;1996;0.0044;992;j
RS;scainc992j;p99.1p99.2;1997;0.0044;992;j
RS;scainc992j;p99.1p99.2;1998;0.0044;992;j
RS;scainc992j;p99.1p99.2;1999;0.0044999998;992;j
RS;scainc992j;p99.1p99.2;2000;0.0048000002;992;j
RS;scainc992j;p99.1p99.2;2001;0.0048000002;992;j
RS;scainc992j;p99.1p99.2;2002;0.0049999999;992;j
RS;scainc992j;p99.1p99.2;2003;0.0049999999;992;j
RS;scainc992j;p99.1p99.2;2004;0.0051000002;992;j
RS;scainc992j;p99.1p99.2;2005;0.0052;992;j
RS;scainc992j;p99.1p99.2;2006;0.0054000001;992;j
RS;scainc992j;p99.1p99.2;2007;0.0052999998;992;j
RS;scainc992j;p99.1p99.2;2008;0.0054000001;992;j
RS;scainc992j;p99.1p99.2;2009;0.0055;992;j
RS;scainc992j;p99.1p99.2;2010;0.0057000001;992;j
RS;scainc992j;p99.1p99.2;2011;0.0059000002;992;j
RS;scainc992j;p99.1p99.2;2012;0.0060000001;992;j
RS;scainc992j;p99.1p99.2;2013;0.0059000002;992;j
RS;scainc992j;p99.1p99.2;2014;0.0057999999;992;j
RS;scainc992j;p99.1p99.2;2015;0.0060999999;992;j
RS;scainc992j;p99.1p99.2;2016;0.0060999999;992;j
RS;scainc992j;p99.1p99.2;2017;0.0060999999;992;j
RS;scainc992j;p99.7p100;1990;0.043200001;992;j
RS;scainc992j;p99.7p100;1991;0.041900001;992;j
RS;scainc992j;p99.7p100;1992;0.0405;992;j
RS;scainc992j;p99.7p100;1993;0.039700001;992;j
RS;scainc992j;p99.7p100;1994;0.039099999;992;j
RS;scainc992j;p99.7p100;1995;0.038699999;992;j
RS;scainc992j;p99.7p100;1996;0.037799999;992;j
RS;scainc992j;p99.7p100;1997;0.036899999;992;j
RS;scainc992j;p99.7p100;1998;0.0383;992;j
RS;scainc992j;p99.7p100;1999;0.042599998;992;j
RS;scainc992j;p99.7p100;2000;0.045400001;992;j
RS;scainc992j;p99.7p100;2001;0.049199998;992;j
RS;scainc992j;p99.7p100;2002;0.048999999;992;j
RS;scainc992j;p99.7p100;2003;0.048500001;992;j
RS;scainc992j;p99.7p100;2004;0.049199998;992;j
RS;scainc992j;p99.7p100;2005;0.0517;992;j
RS;scainc992j;p99.7p100;2006;0.050999999;992;j
RS;scainc992j;p99.7p100;2007;0.047699999;992;j
RS;scainc992j;p99.7p100;2008;0.045699999;992;j
RS;scainc992j;p99.7p100;2009;0.050500002;992;j
RS;scainc992j;p99.7p100;2010;0.0506;992;j
RS;scainc992j;p99.7p100;2011;0.050999999;992;j
RS;scainc992j;p99.7p100;2012;0.062799998;992;j
RS;scainc992j;p99.7p100;2013;0.054699998;992;j
RS;scainc992j;p99.7p100;2014;0.073899999;992;j
RS;scainc992j;p99.7p100;2015;0.099399999;992;j
RS;scainc992j;p99.7p100;2016;0.099399999;992;j
RS;scainc992j;p99.7p100;2017;0.099600002;992;j
RS;scainc992j;p99.94p100;1990;0.02;992;j
RS;scainc992j;p99.94p100;1991;0.018999999;992;j
RS;scainc992j;p99.94p100;1992;0.017899999;992;j
RS;scainc992j;p99.94p100;1993;0.0173;992;j
RS;scainc992j;p99.94p100;1994;0.016899999;992;j
RS;scainc992j;p99.94p100;1995;0.0165;992;j
RS;scainc992j;p99.94p100;1996;0.015900001;992;j
RS;scainc992j;p99.94p100;1997;0.0154;992;j
RS;scainc992j;p99.94p100;1998;0.0162;992;j
RS;scainc992j;p99.94p100;1999;0.0189;992;j
RS;scainc992j;p99.94p100;2000;0.020099999;992;j
RS;scainc992j;p99.94p100;2001;0.022600001;992;j
RS;scainc992j;p99.94p100;2002;0.0219;992;j
RS;scainc992j;p99.94p100;2003;0.0217;992;j
RS;scainc992j;p99.94p100;2004;0.0221;992;j
RS;scainc992j;p99.94p100;2005;0.023600001;992;j
RS;scainc992j;p99.94p100;2006;0.022500001;992;j
RS;scainc992j;p99.94p100;2007;0.020199999;992;j
RS;scainc992j;p99.94p100;2008;0.0186;992;j
RS;scainc992j;p99.94p100;2009;0.0217;992;j
RS;scainc992j;p99.94p100;2010;0.021199999;992;j
RS;scainc992j;p99.94p100;2011;0.0211;992;j
RS;scainc992j;p99.94p100;2012;0.029200001;992;j
RS;scainc992j;p99.94p100;2013;0.023600001;992;j
RS;scainc992j;p99.94p100;2014;0.038400002;992;j
RS;scainc992j;p99.94p100;2015;0.057799999;992;j
RS;scainc992j;p99.94p100;2016;0.057799999;992;j
RS;scainc992j;p99.94p100;2017;0.0579;992;j
RS;sdiinc992j;p30p31;1990;0.0057999999;992;j
RS;sdiinc992j;p30p31;1991;0.0059000002;992;j
RS;sdiinc992j;p30p31;1992;0.0059000002;992;j
RS;sdiinc992j;p30p31;1993;0.0060000001;992;j
RS;sdiinc992j;p30p31;1994;0.0060000001;992;j
RS;sdiinc992j;p30p31;1995;0.0060999999;992;j
RS;sdiinc992j;p30p31;1996;0.0060999999;992;j
RS;sdiinc992j;p30p31;1997;0.0062000002;992;j
RS;sdiinc992j;p30p31;1998;0.0060999999;992;j
RS;sdiinc992j;p30p31;1999;0.0060000001;992;j
RS;sdiinc992j;p30p31;2000;0.0060000001;992;j
RS;sdiinc992j;p30p31;2001;0.0060000001;992;j
RS;sdiinc992j;p30p31;2002;0.0060000001;992;j
RS;sdiinc992j;p30p31;2003;0.0059000002;992;j
RS;sdiinc992j;p30p31;2004;0.0057000001;992;j
RS;sdiinc992j;p30p31;2005;0.0055999998;992;j
RS;sdiinc992j;p30p31;2006;0.0055;992;j
RS;sdiinc992j;p30p31;2007;0.0055;992;j
RS;sdiinc992j;p30p31;2008;0.0054000001;992;j
RS;sdiinc992j;p30p31;2009;0.0052;992;j
RS;sdiinc992j;p30p31;2010;0.0049999999;992;j
RS;sdiinc992j;p30p31;2011;0.0046999999;992;j
RS;sdiinc992j;p30p31;2012;0.0046999999;992;j
RS;sdiinc992j;p30p31;2013;0.0044;992;j
RS;sdiinc992j;p30p31;2014;0.0046999999;992;j
RS;sdiinc992j;p30p31;2015;0.0044;992;j
RS;sdiinc992j;p30p31;2016;0.0043000001;992;j
RS;sdiinc992j;p30p31;2017;0.0043000001;992;j
RS;sdiinc992j;p44p100;1990;0.80199999;992;j
RS;sdiinc992j;p44p100;1991;0.80059999;992;j
RS;sdiinc992j;p44p100;1992;0.79909998;992;j
RS;sdiinc992j;p44p100;1993;0.7978;992;j
RS;sdiinc992j;p44p100;1994;0.79629999;992;j
RS;sdiinc992j;p44p100;1995;0.7949;992;j
RS;sdiinc992j;p44p100;1996;0.79320002;992;j
RS;sdiinc992j;p44p100;1997;0.79100001;992;j
RS;sdiinc992j;p44p100;1998;0.7913;992;j
RS;sdiinc992j;p44p100;1999;0.79400003;992;j
RS;sdiinc992j;p44p100;2000;0.79449999;992;j
RS;sdiinc992j;p44p100;2001;0.79500002;992;j
RS;sdiinc992j;p44p100;2002;0.80269998;992;j
RS;sdiinc992j;p44p100;2003;0.80510002;992;j
RS;sdiinc992j;p44p100;2004;0.81440002;992;j
RS;sdiinc992j;p44p100;2005;0.81889999;992;j
RS;sdiinc992j;p44p100;2006;0.82620001;992;j
RS;sdiinc992j;p44p100;2007;0.82770002;992;j
RS;sdiinc992j;p44p100;2008;0.83090001;992;j
RS;sdiinc992j;p44p100;2009;0.83520001;992;j
RS;sdiinc992j;p44p100;2010;0.84320003;992;j
RS;sdiinc992j;p44p100;2011;0.85210001;992;j
RS;sdiinc992j;p44p100;2012;0.85350001;992;j
RS;sdiinc992j;p44p100;2013;0.85659999;992;j
RS;sdiinc992j;p44p100;2014;0.83789998;992;j
RS;sdiinc992j;p44p100;2015;0.85159999;992;j
RS;sdiinc992j;p44p100;2016;0.85530001;992;j
RS;sdiinc992j;p44p100;2017;0.85570002;992;j
RS;sdiinc992j;p52p53;1990;0.0088;992;j
RS;sdiinc992j;p52p53;1991;0.0088;992;j
RS;sdiinc992j;p52p53;1992;0.0088;992;j
RS;sdiinc992j;p52p53;1993;0.0088;992;j
RS;sdiinc992j;p52p53;1994;0.0088999998;992;j
RS;sdiinc992j;p52p53;1995;0.0088999998;992;j
RS;sdiinc992j;p52p53;1996;0.0088999998;992;j
RS;sdiinc992j;p52p53;1997;0.0088999998;992;j
RS;sdiinc992j;p52p53;1998;0.0087000001;992;j
RS;sdiinc992j;p52p53;1999;0.0087000001;992;j
RS;sdiinc992j;p52p53;2000;0.0086000003;992;j
RS;sdiinc992j;p52p53;2001;0.0086000003;992;j
RS;sdiinc992j;p52p53;2002;0.0086000003;992;j
RS;sdiinc992j;p52p53;2003;0.0085000005;992;j
RS;sdiinc992j;p52p53;2004;0.0085000005;992;j
RS;sdiinc992j;p52p53;2005;0.0083999997;992;j
RS;sdiinc992j;p52p53;2006;0.0082999999;992;j
RS;sdiinc992j;p52p53;2007;0.0082999999;992;j
RS;sdiinc992j;p52p53;2008;0.0082999999;992;j
RS;sdiinc992j;p52p53;2009;0.0082;992;j
RS;sdiinc992j;p52p53;2010;0.0081000002;992;j
RS;sdiinc992j;p52p53;2011;0.0080000004;992;j
RS;sdiinc992j;p52p53;2012;0.0078999996;992;j
RS;sdiinc992j;p52p53;2013;0.0078999996;992;j
RS;sdiinc992j;p52p53;2014;0.0077999998;992;j
RS;sdiinc992j;p52p53;2015;0.0077;992;j
RS;sdiinc992j;p52p53;2016;0.0077;992;j
RS;sdiinc992j;p52p53;2017;0.0076000001;992;j
RS;sdiinc992j;p99.995p100;1990;0.0057999999;992;j
RS;sdiinc992j;p99.995p100;1991;0.0054000001;992;j
RS;sdiinc992j;p99.995p100;1992;0.0049000001;992;j
RS;sdiinc992j;p99.995p100;1993;0.0046000001;992;j
RS;sdiinc992j;p99.995p100;1994;0.0044;992;j
RS;sdiinc992j;p99.995p100;1995;0.0041999999;992;j
RS;sdiinc992j;p99.995p100;1996;0.0040000002;992;j
RS;sdiinc992j;p99.995p100;1997;0.0038000001;992;j
RS;sdiinc992j;p99.995p100;1998;0.0041;992;j
RS;sdiinc992j;p99.995p100;1999;0.0052;992;j
RS;sdiinc992j;p99.995p100;2000;0.0055;992;j
RS;sdiinc992j;p99.995p100;2001;0.0065000001;992;j
RS;sdiinc992j;p99.995p100;2002;0.0060000001;992;j
RS;sdiinc992j;p99.995p100;2003;0.0060000001;992;j
RS;sdiinc992j;p99.995p100;2004;0.0060999999;992;j
RS;sdiinc992j;p99.995p100;2005;0.0066999998;992;j
RS;sdiinc992j;p99.995p100;2006;0.0060000001;992;j
RS;sdiinc992j;p99.995p100;2007;0.0049999999;992;j
RS;sdiinc992j;p99.995p100;2008;0.0043000001;992;j
RS;sdiinc992j;p99.995p100;2009;0.0055;992;j
RS;sdiinc992j;p99.995p100;2010;0.0051000002;992;j
RS;sdiinc992j;p99.995p100;2011;0.0049999999;992;j
RS;sdiinc992j;p99.995p100;2012;0.0083999997;992;j
RS;sdiinc992j;p99.995p100;2013;0.0060000001;992;j
RS;sdiinc992j;p99.995p100;2014;0.0132;992;j
RS;sdiinc992j;p99.995p100;2015;0.023499999;992;j
RS;sdiinc992j;p99.995p100;2016;0.023800001;992;j
RS;sdiinc992j;p99.995p100;2017;0.0239;992;j
RS;sptinc992j;p15p16;1990;0.0027999999;992;j
RS;sptinc992j;p15p16;1991;0.0027000001;992;j
RS;sptinc992j;p15p16;1992;0.0027000001;992;j
RS;sptinc992j;p15p16;1993;0.0027000001;992;j
RS;sptinc992j;p15p16;1994;0.0027000001;992;j
RS;sptinc992j;p15p16;1995;0.0027000001;992;j
RS;sptinc992j;p15p16;1996;0.0027000001;992;j
RS;sptinc992j;p15p16;1997;0.0027000001;992;j
RS;sptinc992j;p15p16;1998;0.0029;992;j
RS;sptinc992j;p15p16;1999;0.0029;992;j
RS;sptinc992j;p15p16;2000;0.0027999999;992;j
RS;sptinc992j;p15p16;2001;0.0027999999;992;j
RS;sptinc992j;p15p16;2002;0.0026;992;j
RS;sptinc992j;p15p16;2003;0.0024999999;992;j
RS;sptinc992j;p15p16;2004;0.0023000001;992;j
RS;sptinc992j;p15p16;2005;0.0020999999;992;j
RS;sptinc992j;p15p16;2006;0.0018;992;j
RS;sptinc992j;p15p16;2007;0.0016;992;j
RS;sptinc992j;p15p16;2008;0.0014;992;j
RS;sptinc992j;p15p16;2009;0.0013;992;j
RS;sptinc992j;p15p16;2010;0.0011;992;j
RS;sptinc992j;p15p16;2011;0.0009;992;j
RS;sptinc992j;p15p16;2012;0.0008;992;j
RS;sptinc992j;p15p16;2013;0.0007;992;j
RS;sptinc992j;p15p16;2014;0.0007;992;j
RS;sptinc992j;p15p16;2015;0.0007;992;j
RS;sptinc992j;p15p16;2016;0.0007;992;j
RS;sptinc992j;p15p16;2017;0.0007;992;j
RS;sptinc992j;p30p40;1990;0.059599999;992;j
RS;sptinc992j;p30p40;1991;0.0594;992;j
RS;sptinc992j;p30p40;1992;0.0592;992;j
RS;sptinc992j;p30p40;1993;0.059;992;j
RS;sptinc992j;p30p40;1994;0.058800001;992;j
RS;sptinc992j;p30p40;1995;0.058600001;992;j
RS;sptinc992j;p30p40;1996;0.058499999;992;j
RS;sptinc992j;p30p40;1997;0.0583;992;j
RS;sptinc992j;p30p40;1998;0.0572;992;j
RS;sptinc992j;p30p40;1999;0.057100002;992;j
RS;sptinc992j;p30p40;2000;0.056400001;992;j
RS;sptinc992j;p30p40;2001;0.0561;992;j
RS;sptinc992j;p30p40;2002;0.055500001;992;j
RS;sptinc992j;p30p40;2003;0.054699998;992;j
RS;sptinc992j;p30p40;2004;0.0535;992;j
RS;sptinc992j;p30p40;2005;0.052000001;992;j
RS;sptinc992j;p30p40;2006;0.050999999;992;j
RS;sptinc992j;p30p40;2007;0.051600002;992;j
RS;sptinc992j;p30p40;2008;0.050299998;992;j
RS;sptinc992j;p30p40;2009;0.049400002;992;j
RS;sptinc992j;p30p40;2010;0.047699999;992;j
RS;sptinc992j;p30p40;2011;0.045400001;992;j
RS;sptinc992j;p30p40;2012;0.045200001;992;j
RS;sptinc992j;p30p40;2013;0.045600001;992;j
RS;sptinc992j;p30p40;2014;0.043499999;992;j
RS;sptinc992j;p30p40;2015;0.0458;992;j
RS;sptinc992j;p30p40;2016;0.0458;992;j
RS;sptinc992j;p30p40;2017;0.045699999;992;j
RS;sptinc992j;p36p37;1990;0.0062000002;992;j
RS;sptinc992j;p36p37;1991;0.0060999999;992;j
RS;sptinc992j;p36p37;1992;0.0060999999;992;j
RS;sptinc992j;p36p37;1993;0.0060999999;992;j
RS;sptinc992j;p36p37;1994;0.0060999999;992;j
RS;sptinc992j;p36p37;1995;0.0060000001;992;j
RS;sptinc992j;p36p37;1996;0.0060000001;992;j
RS;sptinc992j;p36p37;1997;0.0060000001;992;j
RS;sptinc992j;p36p37;1998;0.0059000002;992;j
RS;sptinc992j;p36p37;1999;0.0059000002;992;j
RS;sptinc992j;p36p37;2000;0.0057999999;992;j
RS;sptinc992j;p36p37;2001;0.0057999999;992;j
RS;sptinc992j;p36p37;2002;0.0057000001;992;j
RS;sptinc992j;p36p37;2003;0.0057000001;992;j
RS;sptinc992j;p36p37;2004;0.0055999998;992;j
RS;sptinc992j;p36p37;2005;0.0054000001;992;j
RS;sptinc992j;p36p37;2006;0.0052999998;992;j
RS;sptinc992j;p36p37;2007;0.0054000001;992;j
RS;sptinc992j;p36p37;2008;0.0052;992;j
RS;sptinc992j;p36p37;2009;0.0052;992;j
RS;sptinc992j;p36p37;2010;0.0049999999;992;j
RS;sptinc992j;p36p37;2011;0.0048000002;992;j
RS;sptinc992j;p36p37;2012;0.0048000002;992;j
RS;sptinc992j;p36p37;2013;0.0048000002;992;j
RS;sptinc992j;p36p37;2014;0.0046000001;992;j
RS;sptinc992j;p36p37;2015;0.0048000002;992;j
RS;sptinc992j;p36p37;2016;0.0048000002;992;j
RS;sptinc992j;p36p37;2017;0.0048000002;992;j
RS;sptinc992j;p38p39;1990;0.0065000001;992;j
RS;sptinc992j;p38p39;1991;0.0065000001;992;j
RS;sptinc992j;p38p39;1992;0.0063999998;992;j
RS;sptinc992j;p38p39;1993;0.0063999998;992;j
RS;sptinc992j;p38p39;1994;0.0063;992;j
RS;sptinc992j;p38p39;1995;0.0063;992;j
RS;sptinc992j;p38p39;1996;0.0063;992;j
RS;sptinc992j;p38p39;1997;0.0062000002;992;j
RS;sptinc992j;p38p39;1998;0.0060999999;992;j
RS;sptinc992j;p38p39;1999;0.0060999999;992;j
RS;sptinc992j;p38p39;2000;0.0060000001;992;j
RS;sptinc992j;p38p39;2001;0.0060000001;992;j
RS;sptinc992j;p38p39;2002;0.0059000002;992;j
RS;sptinc992j;p38p39;2003;0.0059000002;992;j
RS;sptinc992j;p38p39;2004;0.0057999999;992;j
RS;sptinc992j;p38p39;2005;0.0055999998;992;j
RS;sptinc992j;p38p39;2006;0.0055999998;992;j
RS;sptinc992j;p38p39;2007;0.0055999998;992;j
RS;sptinc992j;p38p39;2008;0.0055;992;j
RS;sptinc992j;p38p39;2009;0.0055;992;j
RS;sptinc992j;p38p39;2010;0.0052999998;992;j
RS;sptinc992j;p38p39;2011;0.0051000002;992;j
RS;sptinc992j;p38p39;2012;0.0051000002;992;j
RS;sptinc992j;p38p39;2013;0.0052;992;j
RS;sptinc992j;p38p39;2014;0.0049999999;992;j
RS;sptinc992j;p38p39;2015;0.0052;992;j
RS;sptinc992j;p38p39;2016;0.0052;992;j
RS;sptinc992j;p38p39;2017;0.0052;992;j
RS;sptinc992j;p40p41;1990;0.0068000001;992;j
RS;sptinc992j;p40p41;1991;0.0066999998;992;j
RS;sptinc992j;p40p41;1992;0.0066999998;992;j
RS;sptinc992j;p40p41;1993;0.0066;992;j
RS;sptinc992j;p40p41;1994;0.0066;992;j
RS;sptinc992j;p40p41;1995;0.0065000001;992;j
RS;sptinc992j;p40p41;1996;0.0065000001;992;j
RS;sptinc992j;p40p41;1997;0.0065000001;992;j
RS;sptinc992j;p40p41;1998;0.0063;992;j
RS;sptinc992j;p40p41;1999;0.0063;992;j
RS;sptinc992j;p40p41;2000;0.0062000002;992;j
RS;sptinc992j;p40p41;2001;0.0062000002;992;j
RS;sptinc992j;p40p41;2002;0.0062000002;992;j
RS;sptinc992j;p40p41;2003;0.0060999999;992;j
RS;sptinc992j;p40p41;2004;0.0060000001;992;j
RS;sptinc992j;p40p41;2005;0.0059000002;992;j
RS;sptinc992j;p40p41;2006;0.0057999999;992;j
RS;sptinc992j;p40p41;2007;0.0059000002;992;j
RS;sptinc992j;p40p41;2008;0.0057999999;992;j
RS;sptinc992j;p40p41;2009;0.0057999999;992;j
RS;sptinc992j;p40p41;2010;0.0055999998;992;j
RS;sptinc992j;p40p41;2011;0.0055;992;j
RS;sptinc992j;p40p41;2012;0.0054000001;992;j
RS;sptinc992j;p40p41;2013;0.0055;992;j
RS;sptinc992j;p40p41;2014;0.0052999998;992;j
RS;sptinc992j;p40p41;2015;0.0055;992;j
RS;sptinc992j;p40p41;2016;0.0055;992;j
RS;sptinc992j;p40p41;2017;0.0055;992;j
RS;sptinc992j;p45p46;1990;0.0074999998;992;j
RS;sptinc992j;p45p46;1991;0.0074;992;j
RS;sptinc992j;p45p46;1992;0.0074;992;j
RS;sptinc992j;p45p46;1993;0.0073000002;992;j
RS;sptinc992j;p45p46;1994;0.0073000002;992;j
RS;sptinc992j;p45p46;1995;0.0071999999;992;j
RS;sptinc992j;p45p46;1996;0.0071999999;992;j
RS;sptinc992j;p45p46;1997;0.0071999999;992;j
RS;sptinc992j;p45p46;1998;0.0070000002;992;j
RS;sptinc992j;p45p46;1999;0.0070000002;992;j
RS;sptinc992j;p45p46;2000;0.0068999999;992;j
RS;sptinc992j;p45p46;2001;0.0068999999;992;j
RS;sptinc992j;p45p46;2002;0.0068999999;992;j
RS;sptinc992j;p45p46;2003;0.0068000001;992;j
RS;sptinc992j;p45p46;2004;0.0066999998;992;j
RS;sptinc992j;p45p46;2005;0.0066;992;j
RS;sptinc992j;p45p46;2006;0.0066;992;j
RS;sptinc992j;p45p46;2007;0.0066;992;j
RS;sptinc992j;p45p46;2008;0.0066;992;j
RS;sptinc992j;p45p46;2009;0.0065000001;992;j
RS;sptinc992j;p45p46;2010;0.0063999998;992;j
RS;sptinc992j;p45p46;2011;0.0063;992;j
RS;sptinc992j;p45p46;2012;0.0062000002;992;j
RS;sptinc992j;p45p46;2013;0.0063;992;j
RS;sptinc992j;p45p46;2014;0.0060999999;992;j
RS;sptinc992j;p45p46;2015;0.0063;992;j
RS;sptinc992j;p45p46;2016;0.0063;992;j
RS;sptinc992j;p45p46;2017;0.0063;992;j
RS;sptinc992j;p57p100;1990;0.72359997;992;j
RS;sptinc992j;p57p100;1991;0.7245;992;j
RS;sptinc992j;p57p100;1992;0.72530001;992;j
RS;sptinc992j;p57p100;1993;0.72619998;992;j
RS;sptinc992j;p57p100;1994;0.727;992;j
RS;sptinc992j;p57p100;1995;0.72790003;992;j
RS;sptinc992j;p57p100;1996;0.72839999;992;j
RS;sptinc992j;p57p100;1997;0.72899997;992;j
RS;sptinc992j;p57p100;1998;0.72799999;992;j
RS;sptinc992j;p57p100;1999;0.72850001;992;j
RS;sptinc992j;p57p100;2000;0.7324;992;j
RS;sptinc992j;p57p100;2001;0.73320001;992;j
RS;sptinc992j;p57p100;2002;0.74199998;992;j
RS;sptinc992j;p57p100;2003;0.74599999;992;j
RS;sptinc992j;p57p100;2004;0.75410002;992;j
RS;sptinc992j;p57p100;2005;0.76169997;992;j
RS;sptinc992j;p57p100;2006;0.76859999;992;j
RS;sptinc992j;p57p100;2007;0.7705;992;j
RS;sptinc992j;p57p100;2008;0.77740002;992;j
RS;sptinc992j;p57p100;2009;0.78210002;992;j
RS;sptinc992j;p57p100;2010;0.79000002;992;j
RS;sptinc992j;p57p100;2011;0.79970002;992;j
RS;sptinc992j;p57p100;2012;0.80220002;992;j
RS;sptinc992j;p57p100;2013;0.80159998;992;j
RS;sptinc992j;p57p100;2014;0.80870003;992;j
RS;sptinc992j;p57p100;2015;0.8017;992;j
RS;sptinc992j;p57p100;2016;0.8017;992;j
RS;sptinc992j;p57p100;2017;0.80190003;992;j
RS;sptinc992j;p76p100;1990;0.51410002;992;j
RS;sptinc992j;p76p100;1991;0.5158;992;j
RS;sptinc992j;p76p100;1992;0.51730001;992;j
RS;sptinc992j;p76p100;1993;0.51889998;992;j
RS;sptinc992j;p76p100;1994;0.52039999;992;j
RS;sptinc992j;p76p100;1995;0.52209997;992;j
RS;sptinc992j;p76p100;1996;0.52310002;992;j
RS;sptinc992j;p76p100;1997;0.52410001;992;j
RS;sptinc992j;p76p100;1998;0.52429998;992;j
RS;sptinc992j;p76p100;1999;0.5266;992;j
RS;sptinc992j;p76p100;2000;0.53329998;992;j
RS;sptinc992j;p76p100;2001;0.5359;992;j
RS;sptinc992j;p76p100;2002;0.54360002;992;j
RS;sptinc992j;p76p100;2003;0.54750001;992;j
RS;sptinc992j;p76p100;2004;0.55769998;992;j
RS;sptinc992j;p76p100;2005;0.56639999;992;j
RS;sptinc992j;p76p100;2006;0.57200003;992;j
RS;sptinc992j;p76p100;2007;0.57090002;992;j
RS;sptinc992j;p76p100;2008;0.57660002;992;j
RS;sptinc992j;p76p100;2009;0.58149999;992;j
RS;sptinc992j;p76p100;2010;0.59200001;992;j
RS;sptinc992j;p76p100;2011;0.60299999;992;j
RS;sptinc992j;p76p100;2012;0.60290003;992;j
RS;sptinc992j;p76p100;2013;0.59990001;992;j
RS;sptinc992j;p76p100;2014;0.6117;992;j
RS;sptinc992j;p76p100;2015;0.60399997;992;j
RS;sptinc992j;p76p100;2016;0.60409999;992;j
RS;sptinc992j;p76p100;2017;0.60439998;992;j
RS;tcainc992j;p30p31;1990;281497.69;992;j
RS;tcainc992j;p30p31;1991;246688.7;992;j
RS;tcainc992j;p30p31;1992;170519.7;992;j
RS;tcainc992j;p30p31;1993;111600.5;992;j
RS;tcainc992j;p30p31;1994;115977.5;992;j
RS;tcainc992j;p30p31;1995;123581.8;992;j
RS;tcainc992j;p30p31;1996;125869.4;992;j
RS;tcainc992j;p30p31;1997;134141.7;992;j
RS;tcainc992j;p30p31;1998;146536.3;992;j
RS;tcainc992j;p30p31;1999;166064.5;992;j
RS;tcainc992j;p30p31;2000;179007.59;992;j
RS;tcainc992j;p30p31;2001;174338.09;992;j
RS;tcainc992j;p30p31;2002;179086.91;992;j
RS;tcainc992j;p30p31;2003;184721.09;992;j
RS;tcainc992j;p30p31;2004;214713.91;992;j
RS;tcainc992j;p30p31;2005;239892.7;992;j
RS;tcainc992j;p30p31;2006;244530.5;992;j
RS;tcainc992j;p30p31;2007;243165.0;992;j
RS;tcainc992j;p30p31;2008;253475.5;992;j
RS;tcainc992j;p30p31;2009;242757.41;992;j
RS;tcainc992j;p30p31;2010;229223.2;992;j
RS;tcainc992j;p30p31;2011;217114.3;992;j
RS;tcainc992j;p30p31;2012;216944.3;992;j
RS;tcainc992j;p30p31;2013;204912.7;992;j
RS;tcainc992j;p30p31;2014;215929.0;992;j
RS;tcainc992j;p30p31;2015;202457.59;992;j
RS;tcainc992j;p30p31;2016;210075.8;992;j
RS;tcainc992j;p30p31;2017;210024.41;992;j
RS;tcainc992j;p66p100;1990;572305.31;992;j
RS;tcainc992j;p66p100;1991;495750.19;992;j
RS;tcainc992j;p66p100;1992;339191.69;992;j
RS;tcainc992j;p66p100;1993;219397.91;992;j
RS;tcainc992j;p66p100;1994;225348.0;992;j
RS;tcainc992j;p66p100;1995;237189.0;992;j
RS;tcainc992j;p66p100;1996;238879.5;992;j
RS;tcainc992j;p66p100;1997;251787.3;992;j
RS;tcainc992j;p66p100;1998;274850.31;992;j
RS;tcainc992j;p66p100;1999;310723.91;992;j
RS;tcainc992j;p66p100;2000;331590.59;992;j
RS;tcainc992j;p66p100;2001;321703.5;992;j
RS;tcainc992j;p66p100;2002;339088.69;992;j
RS;tcainc992j;p66p100;2003;357566.5;992;j
RS;tcainc992j;p66p100;2004;427959.09;992;j
RS;tcainc992j;p66p100;2005;481921.19;992;j
RS;tcainc992j;p66p100;2006;509918.0;992;j
RS;tcainc992j;p66p100;2007;512167.91;992;j
RS;tcainc992j;p66p100;2008;550396.31;992;j
RS;tcainc992j;p66p100;2009;539712.0;992;j
RS;tcainc992j;p66p100;2010;538824.38;992;j
RS;tcainc992j;p66p100;2011;542515.38;992;j
RS;tcainc992j;p66p100;2012;538489.0;992;j
RS;tcainc992j;p66p100;2013;562215.19;992;j
RS;tcainc992j;p66p100;2014;531445.38;992;j
RS;tcainc992j;p66p100;2015;516711.09;992;j
RS;tcainc992j;p66p100;2016;535924.38;992;j
RS;tcainc992j;p66p100;2017;536335.81;992;j
RS;tcainc992j;p96p100;1990;1221948.5;992;j
RS;tcainc992j;p96p100;1991;1061734.9;992;j
RS;tcainc992j;p96p100;1992;729410.13;992;j
RS;tcainc992j;p96p100;1993;474061.91;992;j
RS;tcainc992j;p96p100;1994;488498.5;992;j
RS;tcainc992j;p96p100;1995;515720.5;992;j
RS;tcainc992j;p96p100;1996;518857.31;992;j
RS;tcainc992j;p96p100;1997;546463.63;992;j
RS;tcainc992j;p96p100;1998;602667.13;992;j
RS;tcainc992j;p96p100;1999;687668.38;992;j
RS;tcainc992j;p96p100;2000;759393.88;992;j
RS;tcainc992j;p96p100;2001;740562.31;992;j
RS;tcainc992j;p96p100;2002;795899.31;992;j
RS;tcainc992j;p96p100;2003;844412.38;992;j
RS;tcainc992j;p96p100;2004;1031165.1;992;j
RS;tcainc992j;p96p100;2005;1191711.3;992;j
RS;tcainc992j;p96p100;2006;1295160.5;992;j
RS;tcainc992j;p96p100;2007;1307739.9;992;j
RS;tcainc992j;p96p100;2008;1427735.3;992;j
RS;tcainc992j;p96p100;2009;1410360.4;992;j
RS;tcainc992j;p96p100;2010;1468429.0;992;j
RS;tcainc992j;p96p100;2011;1525044.9;992;j
RS;tcainc992j;p96p100;2012;1470897.0;992;j
RS;tcainc992j;p96p100;2013;1533778.3;992;j
RS;tcainc992j;p96p100;2014;1392437.4;992;j
RS;tcainc992j;p96p100;2015;1388815.5;992;j
RS;tcainc992j;p96p100;2016;1440332.9;992;j
RS;tcainc992j;p96p100;2017;1441662.0;992;j
RS;tdiinc992j;p30p100;1990;423421.31;992;j
RS;tdiinc992j;p30p100;1991;370547.09;992;j
RS;tdiinc992j;p30p100;1992;255789.41;992;j
RS;tdiinc992j;p30p100;1993;167186.3;992;j
RS;tdiinc992j;p30p100;1994;173520.91;992;j
RS;tdiinc992j;p30p100;1995;184650.8;992;j
RS;tdiinc992j;p30p100;1996;187819.0;992;j
RS;tdiinc992j;p30p100;1997;201088.3;992;j
RS;tdiinc992j;p30p100;1998;208884.91;992;j
RS;tdiinc992j;p30p100;1999;225410.41;992;j
RS;tdiinc992j;p30p100;2000;247955.41;992;j
RS;tdiinc992j;p30p100;2001;247823.09;992;j
RS;tdiinc992j;p30p100;2002;264631.31;992;j
RS;tdiinc992j;p30p100;2003;272830.0;992;j
RS;tdiinc992j;p30p100;2004;299528.41;992;j
RS;tdiinc992j;p30p100;2005;328236.91;992;j
RS;tdiinc992j;p30p100;2006;336548.19;992;j
RS;tdiinc992j;p30p100;2007;348206.41;992;j
RS;tdiinc992j;p30p100;2008;362559.91;992;j
RS;tdiinc992j;p30p100;2009;345722.0;992;j
RS;tdiinc992j;p30p100;2010;329627.5;992;j
RS;tdiinc992j;p30p100;2011;311888.91;992;j
RS;tdiinc992j;p30p100;2012;313049.5;992;j
RS;tdiinc992j;p30p100;2013;299701.81;992;j
RS;tdiinc992j;p30p100;2014;312102.19;992;j
RS;tdiinc992j;p30p100;2015;296924.31;992;j
RS;tdiinc992j;p30p100;2016;301112.69;992;j
RS;tdiinc992j;p30p100;2017;302142.81;992;j
RS;tdiinc992j;p65p100;1990;794348.31;992;j
RS;tdiinc992j;p65p100;1991;688511.0;992;j
RS;tdiinc992j;p65p100;1992;470471.09;992;j
RS;tdiinc992j;p65p100;1993;304039.5;992;j
RS;tdiinc992j;p65p100;1994;312474.69;992;j
RS;tdiinc992j;p65p100;1995;329304.69;992;j
RS;tdiinc992j;p65p100;1996;331534.5;992;j
RS;tdiinc992j;p65p100;1997;351100.59;992;j
RS;tdiinc992j;p65p100;1998;368149.0;992;j
RS;tdiinc992j;p65p100;1999;399032.41;992;j
RS;tdiinc992j;p65p100;2000;431868.81;992;j
RS;tdiinc992j;p65p100;2001;429363.19;992;j
RS;tdiinc992j;p65p100;2002;465495.5;992;j
RS;tdiinc992j;p65p100;2003;489492.91;992;j
RS;tdiinc992j;p65p100;2004;552433.31;992;j
RS;tdiinc992j;p65p100;2005;608484.38;992;j
RS;tdiinc992j;p65p100;2006;642650.38;992;j
RS;tdiinc992j;p65p100;2007;669250.38;992;j
RS;tdiinc992j;p65p100;2008;713499.5;992;j
RS;tdiinc992j;p65p100;2009;693587.69;992;j
RS;tdiinc992j;p65p100;2010;691711.38;992;j
RS;tdiinc992j;p65p100;2011;690429.81;992;j
RS;tdiinc992j;p65p100;2012;685734.31;992;j
RS;tdiinc992j;p65p100;2013;713733.63;992;j
RS;tdiinc992j;p65p100;2014;680158.5;992;j
RS;tdiinc992j;p65p100;2015;664580.63;992;j
RS;tdiinc992j;p65p100;2016;684859.38;992;j
RS;tdiinc992j;p65p100;2017;688694.38;992;j
RS;tdiinc992j;p69p70;1990;839061.13;992;j
RS;tdiinc992j;p69p70;1991;734255.31;992;j
RS;tdiinc992j;p69p70;1992;501669.59;992;j
RS;tdiinc992j;p69p70;1993;324345.09;992;j
RS;tdiinc992j;p69p70;1994;333209.0;992;j
RS;tdiinc992j;p69p70;1995;351089.0;992;j
RS;tdiinc992j;p69p70;1996;353816.31;992;j
RS;tdiinc992j;p69p70;1997;374728.41;992;j
RS;tdiinc992j;p69p70;1998;391965.81;992;j
RS;tdiinc992j;p69p70;1999;423347.19;992;j
RS;tdiinc992j;p69p70;2000;459648.0;992;j
RS;tdiinc992j;p69p70;2001;455823.59;992;j
RS;tdiinc992j;p69p70;2002;494170.91;992;j
RS;tdiinc992j;p69p70;2003;520182.19;992;j
RS;tdiinc992j;p69p70;2004;588077.88;992;j
RS;tdiinc992j;p69p70;2005;651763.88;992;j
RS;tdiinc992j;p69p70;2006;688863.81;992;j
RS;tdiinc992j;p69p70;2007;716675.38;992;j
RS;tdiinc992j;p69p70;2008;767239.13;992;j
RS;tdiinc992j;p69p70;2009;746099.88;992;j
RS;tdiinc992j;p69p70;2010;747718.38;992;j
RS;tdiinc992j;p69p70;2011;748560.38;992;j
RS;tdiinc992j;p69p70;2012;743409.38;992;j
RS;tdiinc992j;p69p70;2013;779258.13;992;j
RS;tdiinc992j;p69p70;2014;732096.81;992;j
RS;tdiinc992j;p69p70;2015;712404.31;992;j
RS;tdiinc992j;p69p70;2016;734779.88;992;j
RS;tdiinc992j;p69p70;2017;739004.31;992;j
RS;tdiinc992j;p76p77;1990;957999.88;992;j
RS;tdiinc992j;p76p77;1991;829321.69;992;j
RS;tdiinc992j;p76p77;1992;566662.38;992;j
RS;tdiinc992j;p76p77;1993;366778.09;992;j
RS;tdiinc992j;p76p77;1994;376895.09;992;j
RS;tdiinc992j;p76p77;1995;396524.41;992;j
RS;tdiinc992j;p76p77;1996;399193.59;992;j
RS;tdiinc992j;p76p77;1997;422901.0;992;j
RS;tdiinc992j;p76p77;1998;440701.19;992;j
RS;tdiinc992j;p76p77;1999;478075.09;992;j
RS;tdiinc992j;p76p77;2000;519416.19;992;j
RS;tdiinc992j;p76p77;2001;514390.59;992;j
RS;tdiinc992j;p76p77;2002;559190.31;992;j
RS;tdiinc992j;p76p77;2003;588396.31;992;j
RS;tdiinc992j;p76p77;2004;668989.5;992;j
RS;tdiinc992j;p76p77;2005;743476.38;992;j
RS;tdiinc992j;p76p77;2006;784064.81;992;j
RS;tdiinc992j;p76p77;2007;820330.88;992;j
RS;tdiinc992j;p76p77;2008;874223.63;992;j
RS;tdiinc992j;p76p77;2009;857656.81;992;j
RS;tdiinc992j;p76p77;2010;860036.38;992;j
RS;tdiinc992j;p76p77;2011;863851.63;992;j
RS;tdiinc992j;p76p77;2012;858890.13;992;j
RS;tdiinc992j;p76p77;2013;903559.31;992;j
RS;tdiinc992j;p76p77;2014;842882.81;992;j
RS;tdiinc992j;p76p77;2015;821881.31;992;j
RS;tdiinc992j;p76p77;2016;849029.69;992;j
RS;tdiinc992j;p76p77;2017;854089.88;992;j
RS;tdiinc992j;p91p100;1990;1293473.9;992;j
RS;tdiinc992j;p91p100;1991;1121772.0;992;j
RS;tdiinc992j;p91p100;1992;766869.13;992;j
RS;tdiinc992j;p91p100;1993;495440.19;992;j
RS;tdiinc992j;p91p100;1994;508730.59;992;j
RS;tdiinc992j;p91p100;1995;535211.5;992;j
RS;tdiinc992j;p91p100;1996;538323.63;992;j
RS;tdiinc992j;p91p100;1997;568937.0;992;j
RS;tdiinc992j;p91p100;1998;602640.63;992;j
RS;tdiinc992j;p91p100;1999;659072.31;992;j
RS;tdiinc992j;p91p100;2000;717899.19;992;j
RS;tdiinc992j;p91p100;2001;714668.81;992;j
RS;tdiinc992j;p91p100;2002;775938.81;992;j
RS;tdiinc992j;p91p100;2003;828949.13;992;j
RS;tdiinc992j;p91p100;2004;958093.88;992;j
RS;tdiinc992j;p91p100;2005;1084010.4;992;j
RS;tdiinc992j;p91p100;2006;1158590.1;992;j
RS;tdiinc992j;p91p100;2007;1204928.4;992;j
RS;tdiinc992j;p91p100;2008;1291657.5;992;j
RS;tdiinc992j;p91p100;2009;1271970.9;992;j
RS;tdiinc992j;p91p100;2010;1307455.0;992;j
RS;tdiinc992j;p91p100;2011;1340912.4;992;j
RS;tdiinc992j;p91p100;2012;1297510.8;992;j
RS;tdiinc992j;p91p100;2013;1348911.1;992;j
RS;tdiinc992j;p91p100;2014;1252786.5;992;j
RS;tdiinc992j;p91p100;2015;1237844.0;992;j
RS;tdiinc992j;p91p100;2016;1283471.5;992;j
RS;tdiinc992j;p91p100;2017;1292126.4;992;j
RS;tdiinc992j;p99.997p100;1990;52147168.0;992;j
RS;tdiinc992j;p99.997p100;1991;42757528.0;992;j
RS;tdiinc992j;p99.997p100;1992;27173566.0;992;j
RS;tdiinc992j;p99.997p100;1993;16801348.0;992;j
RS;tdiinc992j;p99.997p100;1994;16734418.0;992;j
RS;tdiinc992j;p99.997p100;1995;17165556.0;992;j
RS;tdiinc992j;p99.997p100;1996;16600021.0;992;j
RS;tdiinc992j;p99.997p100;1997;16799590.0;992;j
RS;tdiinc992j;p99.997p100;1998;19004362.0;992;j
RS;tdiinc992j;p99.997p100;1999;25310738.0;992;j
RS;tdiinc992j;p99.997p100;2000;29444494.0;992;j
RS;tdiinc992j;p99.997p100;2001;33615776.0;992;j
RS;tdiinc992j;p99.997p100;2002;34111648.0;992;j
RS;tdiinc992j;p99.997p100;2003;35572380.0;992;j
RS;tdiinc992j;p99.997p100;2004;40727776.0;992;j
RS;tdiinc992j;p99.997p100;2005;48976552.0;992;j
RS;tdiinc992j;p99.997p100;2006;48205308.0;992;j
RS;tdiinc992j;p99.997p100;2007;43280620.0;992;j
RS;tdiinc992j;p99.997p100;2008;40997040.0;992;j
RS;tdiinc992j;p99.997p100;2009;49026040.0;992;j
RS;tdiinc992j;p99.997p100;2010;47108956.0;992;j
RS;tdiinc992j;p99.997p100;2011;46617448.0;992;j
RS;tdiinc992j;p99.997p100;2012;69569256.0;992;j
RS;tdiinc992j;p99.997p100;2013;54927620.0;992;j
RS;tdiinc992j;p99.997p100;2014;96352736.0;992;j
RS;tdiinc992j;p99.997p100;2015;148096432.0;992;j
RS;tdiinc992j;p99.997p100;2016;154721632.0;992;j
RS;tdiinc992j;p99.997p100;2017;156088848.0;992;j
RS;tptinc992j;p17p18;1990;211416.5;992;j
RS;tptinc992j;p17p18;1991;182842.7;992;j
RS;tptinc992j;p17p18;1992;124838.1;992;j
RS;tptinc992j;p17p18;1993;80596.297;992;j
RS;tptinc992j;p17p18;1994;82542.797;992;j
RS;tptinc992j;p17p18;1995;86716.602;992;j
RS;tptinc992j;p17p18;1996;87416.703;992;j
RS;tptinc992j;p17p18;1997;92401.398;992;j
RS;tptinc992j;p17p18;1998;103255.6;992;j
RS;tptinc992j;p17p18;1999;112883.9;992;j
RS;tptinc992j;p17p18;2000;121899.7;992;j
RS;tptinc992j;p17p18;2001;121986.2;992;j
RS;tptinc992j;p17p18;2002;118452.5;992;j
RS;tptinc992j;p17p18;2003;121889.8;992;j
RS;tptinc992j;p17p18;2004;125210.8;992;j
RS;tptinc992j;p17p18;2005;130920.7;992;j
RS;tptinc992j;p17p18;2006;122596.6;992;j
RS;tptinc992j;p17p18;2007;112806.1;992;j
RS;tptinc992j;p17p18;2008;106635.1;992;j
RS;tptinc992j;p17p18;2009;97511.703;992;j
RS;tptinc992j;p17p18;2010;88495.5;992;j
RS;tptinc992j;p17p18;2011;75233.102;992;j
RS;tptinc992j;p17p18;2012;65721.297;992;j
RS;tptinc992j;p17p18;2013;61645.0;992;j
RS;tptinc992j;p17p18;2014;57290.602;992;j
RS;tptinc992j;p17p18;2015;61957.699;992;j
RS;tptinc992j;p17p18;2016;64031.898;992;j
RS;tptinc992j;p17p18;2017;63752.699;992;j
RS;tptinc992j;p71p100;1990;878172.81;992;j
RS;tptinc992j;p71p100;1991;759566.38;992;j
RS;tptinc992j;p71p100;1992;518052.19;992;j
RS;tptinc992j;p71p100;1993;334406.91;992;j
RS;tptinc992j;p71p100;1994;343074.41;992;j
RS;tptinc992j;p71p100;1995;360315.31;992;j
RS;tptinc992j;p71p100;1996;362378.5;992;j
RS;tptinc992j;p71p100;1997;383203.31;992;j
RS;tptinc992j;p71p100;1998;400847.91;992;j
RS;tptinc992j;p71p100;1999;433675.31;992;j
RS;tptinc992j;p71p100;2000;470911.31;992;j
RS;tptinc992j;p71p100;2001;466233.0;992;j
RS;tptinc992j;p71p100;2002;505230.41;992;j
RS;tptinc992j;p71p100;2003;531396.63;992;j
RS;tptinc992j;p71p100;2004;592376.38;992;j
RS;tptinc992j;p71p100;2005;658741.13;992;j
RS;tptinc992j;p71p100;2006;700090.13;992;j
RS;tptinc992j;p71p100;2007;734571.31;992;j
RS;tptinc992j;p71p100;2008;789941.38;992;j
RS;tptinc992j;p71p100;2009;774593.38;992;j
RS;tptinc992j;p71p100;2010;768944.69;992;j
RS;tptinc992j;p71p100;2011;767047.19;992;j
RS;tptinc992j;p71p100;2012;782160.81;992;j
RS;tptinc992j;p71p100;2013;808087.31;992;j
RS;tptinc992j;p71p100;2014;773479.31;992;j
RS;tptinc992j;p71p100;2015;774498.69;992;j
RS;tptinc992j;p71p100;2016;798532.38;992;j
RS;tptinc992j;p71p100;2017;803132.19;992;j
RS;tptinc992j;p88p100;1990;1242519.5;992;j
RS;tptinc992j;p88p100;1991;1076058.5;992;j
RS;tptinc992j;p88p100;1992;733697.88;992;j
RS;tptinc992j;p88p100;1993;473817.41;992;j
RS;tptinc992j;p88p100;1994;486411.59;992;j
RS;tptinc992j;p88p100;1995;511113.19;992;j
RS;tptinc992j;p88p100;1996;513816.09;992;j
RS;tptinc992j;p88p100;1997;543348.38;992;j
RS;tptinc992j;p88p100;1998;570568.81;992;j
RS;tptinc992j;p88p100;1999;617082.63;992;j
RS;tptinc992j;p88p100;2000;672483.69;992;j
RS;tptinc992j;p88p100;2001;663981.81;992;j
RS;tptinc992j;p88p100;2002;722911.0;992;j
RS;tptinc992j;p88p100;2003;771096.13;992;j
RS;tptinc992j;p88p100;2004;879836.63;992;j
RS;tptinc992j;p88p100;2005;1001793.7;992;j
RS;tptinc992j;p88p100;2006;1070198.6;992;j
RS;tptinc992j;p88p100;2007;1129075.9;992;j
RS;tptinc992j;p88p100;2008;1215013.3;992;j
RS;tptinc992j;p88p100;2009;1208244.6;992;j
RS;tptinc992j;p88p100;2010;1217092.0;992;j
RS;tptinc992j;p88p100;2011;1235049.0;992;j
RS;tptinc992j;p88p100;2012;1262156.3;992;j
RS;tptinc992j;p88p100;2013;1281198.5;992;j
RS;tptinc992j;p88p100;2014;1229347.0;992;j
RS;tptinc992j;p88p100;2015;1243075.5;992;j
RS;tptinc992j;p88p100;2016;1280685.1;992;j
RS;tptinc992j;p88p100;2017;1288087.5;992;j
RS;tptinc992j;p99.99p99.991;1990;31244882.0;992;j
RS;tptinc992j;p99.99p99.991;1991;27970124.0;992;j
RS;tptinc992j;p99.99p99.991;1992;19562340.0;992;j
RS;tptinc992j;p99.99p99.991;1993;13065652.0;992;j
RS;tptinc992j;p99.99p99.991;1994;13712650.0;992;j
RS;tptinc992j;p99.99p99.991;1995;14895244.0;992;j
RS;tptinc992j;p99.99p99.991;1996;15324935.0;992;j
RS;tptinc992j;p99.99p99.991;1997;16597535.0;992;j
RS;tptinc992j;p99.99p99.991;1998;17342472.0;992;j
RS;tptinc992j;p99.99p99.991;1999;20390690.0;992;j
RS;tptinc992j;p99.99p99.991;2000;24065196.0;992;j
RS;tptinc992j;p99.99p99.991;2001;25725224.0;992;j
RS;tptinc992j;p99.99p99.991;2002;27213774.0;992;j
RS;tptinc992j;p99.99p99.991;2003;27995884.0;992;j
RS;tptinc992j;p99.99p99.991;2004;32506690.0;992;j
RS;tptinc992j;p99.99p99.991;2005;35336312.0;992;j
RS;tptinc992j;p99.99p99.991;2006;37756668.0;992;j
RS;tptinc992j;p99.99p99.991;2007;35951412.0;992;j
RS;tptinc992j;p99.99p99.991;2008;39163808.0;992;j
RS;tptinc992j;p99.99p99.991;2009;38111024.0;992;j
RS;tptinc992j;p99.99p99.991;2010;37805752.0;992;j
RS;tptinc992j;p99.99p99.991;2011;40001464.0;992;j
RS;tptinc992j;p99.99p99.991;2012;32673484.0;992;j
RS;tptinc992j;p99.99p99.991;2013;35794680.0;992;j
RS;tptinc992j;p99.99p99.991;2014;51436016.0;992;j
RS;tptinc992j;p99.99p99.991;2015;50055264.0;992;j
RS;tptinc992j;p99.99p99.991;2016;51658548.0;992;j
RS;tptinc992j;p99.99p99.991;2017;52027716.0;992;j
RS;xlcyup999i;p0p100;1990;0.0;999;i
RS;xlcyup999i;p0p100;1991;0.0;999;i
RS;xlcyup999i;p0p100;1992;3e-10;999;i
RS;xlcyup999i;p0p100;1993;0.48938531;999;i
RS;xlcyup999i;p0p100;1994;0.39787018;999;i
RS;xlcyup999i;p0p100;1995;0.57656586;999;i
RS;xlcyup999i;p0p100;1996;0.96697021;999;i
RS;xlcyup999i;p0p100;1997;1.0752085;999;i
RS;xlcyup999i;p0p100;1998;1.3387845;999;i
RS;xlcyup999i;p0p100;1999;1.7636001;999;i
RS;xlcyup999i;p0p100;2000;2.9498742;999;i
RS;xlcyup999i;p0p100;2001;5.4842377;999;i
RS;xlcyup999i;p0p100;2002;6.4704418;999;i
RS;xlcyup999i;p0p100;2003;7.041966;999;i
RS;xlcyup999i;p0p100;2004;7.204011;999;i
RS;xlcyup999i;p0p100;2005;7.9825902;999;i
RS;xlcyup999i;p0p100;2006;8.6745682;999;i
RS;xlcyup999i;p0p100;2007;8.7700319;999;i
RS;xlcyup999i;p0p100;2008;8.874218;999;i
RS;xlcyup999i;p0p100;2009;9.7130871;999;i
RS;xlcyup999i;p0p100;2010;9.6056423;999;i
RS;xlcyup999i;p0p100;2011;9.6800461;999;i
RS;xlcyup999i;p0p100;2012;10.128525;999;i
RS;xlcyup999i;p0p100;2013;10.445689;999;i
RS;xlcyup999i;p0p100;2014;10.666468;999;i
RS;xlcyup999i;p0p100;2015;10.928353;999;i
RS;xlcyup999i;p0p100;2016;11.156079;999;i
RS;xlcyup999i;p0p100;2017;11.565996;999;i
RS;xlcyup999i;p0p100;2018;11.883874;999;i
RS;xlcyup999i;p0p100;2019;12.177692;999;i
RS;acainc992j;p46p100;1990;772802.13;992;j
RS;acainc992j;p46p100;1991;669374.31;992;j
RS;acainc992j;p46p100;1992;457218.0;992;j
RS;acainc992j;p46p100;1993;295794.59;992;j
RS;acainc992j;p46p100;1994;303894.91;992;j
RS;acainc992j;p46p100;1995;319971.0;992;j
RS;acainc992j;p46p100;1996;321633.59;992;j
RS;acainc992j;p46p100;1997;338402.09;992;j
RS;acainc992j;p46p100;1998;370160.19;992;j
RS;acainc992j;p46p100;1999;422842.19;992;j
RS;acainc992j;p46p100;2000;460323.19;992;j
RS;acainc992j;p46p100;2001;449368.09;992;j
RS;acainc992j;p46p100;2002;475695.81;992;j
RS;acainc992j;p46p100;2003;503062.19;992;j
RS;acainc992j;p46p100;2004;608593.19;992;j
RS;acainc992j;p46p100;2005;697112.69;992;j
RS;acainc992j;p46p100;2006;742451.19;992;j
RS;acainc992j;p46p100;2007;744617.81;992;j
RS;acainc992j;p46p100;2008;801428.88;992;j
RS;acainc992j;p46p100;2009;796884.69;992;j
RS;acainc992j;p46p100;2010;809384.5;992;j
RS;acainc992j;p46p100;2011;825945.31;992;j
RS;acainc992j;p46p100;2012;827449.38;992;j
RS;acainc992j;p46p100;2013;850249.19;992;j
RS;acainc992j;p46p100;2014;815559.88;992;j
RS;acainc992j;p46p100;2015;838414.31;992;j
RS;acainc992j;p46p100;2016;869457.69;992;j
RS;acainc992j;p46p100;2017;870332.63;992;j
RS;acainc992j;p50p90;1990;630673.81;992;j
RS;acainc992j;p50p90;1991;546951.63;992;j
RS;acainc992j;p50p90;1992;373791.41;992;j
RS;acainc992j;p50p90;1993;241665.59;992;j
RS;acainc992j;p50p90;1994;248179.2;992;j
RS;acainc992j;p50p90;1995;261167.2;992;j
RS;acainc992j;p50p90;1996;262876.19;992;j
RS;acainc992j;p50p90;1997;276960.41;992;j
RS;acainc992j;p50p90;1998;301001.81;992;j
RS;acainc992j;p50p90;1999;339957.0;992;j
RS;acainc992j;p50p90;2000;364814.91;992;j
RS;acainc992j;p50p90;2001;352664.09;992;j
RS;acainc992j;p50p90;2002;371800.09;992;j
RS;acainc992j;p50p90;2003;393613.91;992;j
RS;acainc992j;p50p90;2004;474473.81;992;j
RS;acainc992j;p50p90;2005;538452.5;992;j
RS;acainc992j;p50p90;2006;569637.38;992;j
RS;acainc992j;p50p90;2007;575150.5;992;j
RS;acainc992j;p50p90;2008;618706.88;992;j
RS;acainc992j;p50p90;2009;609731.69;992;j
RS;acainc992j;p50p90;2010;612775.13;992;j
RS;acainc992j;p50p90;2011;619878.63;992;j
RS;acainc992j;p50p90;2012;615108.31;992;j
RS;acainc992j;p50p90;2013;641407.31;992;j
RS;acainc992j;p50p90;2014;600039.5;992;j
RS;acainc992j;p50p90;2015;589645.13;992;j
RS;acainc992j;p50p90;2016;611431.13;992;j
RS;acainc992j;p50p90;2017;611884.81;992;j
RS;acomnx999i;p0p100;1997;180.89999;999;i
RS;acomnx999i;p0p100;1998;135.60001;999;i
RS;acomnx999i;p0p100;1999;39.700001;999;i
RS;acomnx999i;p0p100;2000;34.400002;999;i
RS;acomnx999i;p0p100;2001;54.299999;999;i
RS;acomnx999i;p0p100;2002;-84.800003;999;i
RS;acomnx999i;p0p100;2003;-98.199997;999;i
RS;acomnx999i;p0p100;2004;-121.2;999;i
RS;acomnx999i;p0p100;2005;886.40002;999;i
RS;acomnx999i;p0p100;2006;1353.3;999;i
RS;acomnx999i;p0p100;2007;1599.8;999;i
RS;acomnx999i;p0p100;2008;2623.5;999;i
RS;acomnx999i;p0p100;2009;3293.3;999;i
RS;acomnx999i;p0p100;2010;3056.5;999;i
RS;acomnx999i;p0p100;2011;1722.6;999;i
RS;acomnx999i;p0p100;2012;2650.3;999;i
RS;acomnx999i;p0p100;2013;2646.8999;999;i
RS;acomnx999i;p0p100;2014;2687.8;999;i
RS;acomnx999i;p0p100;2015;2914.2;999;i
RS;acomnx999i;p0p100;2016;3146.7;999;i
RS;acomnx999i;p0p100;2017;3078.7;999;i
RS;acomnx999i;p0p100;2018;3328.7;999;i
RS;adiinc992j;p8p100;1990;787054.5;992;j
RS;adiinc992j;p8p100;1991;683338.31;992;j
RS;adiinc992j;p8p100;1992;467907.19;992;j
RS;adiinc992j;p8p100;1993;303384.59;992;j
RS;adiinc992j;p8p100;1994;312400.19;992;j
RS;adiinc992j;p8p100;1995;329656.69;992;j
RS;adiinc992j;p8p100;1996;332264.5;992;j
RS;adiinc992j;p8p100;1997;352143.69;992;j
RS;adiinc992j;p8p100;1998;370428.09;992;j
RS;adiinc992j;p8p100;1999;405750.69;992;j
RS;adiinc992j;p8p100;2000;446210.31;992;j
RS;adiinc992j;p8p100;2001;445502.31;992;j
RS;adiinc992j;p8p100;2002;480202.5;992;j
RS;adiinc992j;p8p100;2003;504233.81;992;j
RS;adiinc992j;p8p100;2004;568178.5;992;j
RS;adiinc992j;p8p100;2005;633964.63;992;j
RS;adiinc992j;p8p100;2006;669721.31;992;j
RS;adiinc992j;p8p100;2007;691324.31;992;j
RS;adiinc992j;p8p100;2008;735850.88;992;j
RS;adiinc992j;p8p100;2009;722545.69;992;j
RS;adiinc992j;p8p100;2010;724680.5;992;j
RS;adiinc992j;p8p100;2011;727731.63;992;j
RS;adiinc992j;p8p100;2012;727058.19;992;j
RS;adiinc992j;p8p100;2013;742380.81;992;j
RS;adiinc992j;p8p100;2014;723786.19;992;j
RS;adiinc992j;p8p100;2015;731364.69;992;j
RS;adiinc992j;p8p100;2016;754656.38;992;j
RS;adiinc992j;p8p100;2017;759191.81;992;j
RS;adiinc992j;p92p100;1990;2186198.8;992;j
RS;adiinc992j;p92p100;1991;1887744.6;992;j
RS;adiinc992j;p92p100;1992;1287389.6;992;j
RS;adiinc992j;p92p100;1993;833839.63;992;j
RS;adiinc992j;p92p100;1994;857160.81;992;j
RS;adiinc992j;p92p100;1995;903301.31;992;j
RS;adiinc992j;p92p100;1996;905054.81;992;j
RS;adiinc992j;p92p100;1997;952485.19;992;j
RS;adiinc992j;p92p100;1998;1022838.3;992;j
RS;adiinc992j;p92p100;1999;1154668.4;992;j
RS;adiinc992j;p92p100;2000;1302677.9;992;j
RS;adiinc992j;p92p100;2001;1324321.4;992;j
RS;adiinc992j;p92p100;2002;1447012.8;992;j
RS;adiinc992j;p92p100;2003;1521319.0;992;j
RS;adiinc992j;p92p100;2004;1745012.9;992;j
RS;adiinc992j;p92p100;2005;1991701.9;992;j
RS;adiinc992j;p92p100;2006;2147874.8;992;j
RS;adiinc992j;p92p100;2007;2189225.8;992;j
RS;adiinc992j;p92p100;2008;2342938.0;992;j
RS;adiinc992j;p92p100;2009;2354226.5;992;j
RS;adiinc992j;p92p100;2010;2426015.8;992;j
RS;adiinc992j;p92p100;2011;2499483.3;992;j
RS;adiinc992j;p92p100;2012;2549675.8;992;j
RS;adiinc992j;p92p100;2013;2560262.5;992;j
RS;adiinc992j;p92p100;2014;2554510.8;992;j
RS;adiinc992j;p92p100;2015;2795567.3;992;j
RS;adiinc992j;p92p100;2016;2910121.3;992;j
RS;adiinc992j;p92p100;2017;2931504.5;992;j
RS;adiinc992j;p99.96p100;1990;28256832.0;992;j
RS;adiinc992j;p99.96p100;1991;23285828.0;992;j
RS;adiinc992j;p99.96p100;1992;14919546.0;992;j
RS;adiinc992j;p99.96p100;1993;9284502.0;992;j
RS;adiinc992j;p99.96p100;1994;9290101.0;992;j
RS;adiinc992j;p99.96p100;1995;9569591.0;992;j
RS;adiinc992j;p99.96p100;1996;9299123.0;992;j
RS;adiinc992j;p99.96p100;1997;9463198.0;992;j
RS;adiinc992j;p99.96p100;1998;10639917.0;992;j
RS;adiinc992j;p99.96p100;1999;13899143.0;992;j
RS;adiinc992j;p99.96p100;2000;16167906.0;992;j
RS;adiinc992j;p99.96p100;2001;18240508.0;992;j
RS;adiinc992j;p99.96p100;2002;18682706.0;992;j
RS;adiinc992j;p99.96p100;2003;19471380.0;992;j
RS;adiinc992j;p99.96p100;2004;22281258.0;992;j
RS;adiinc992j;p99.96p100;2005;26650080.0;992;j
RS;adiinc992j;p99.96p100;2006;26556254.0;992;j
RS;adiinc992j;p99.96p100;2007;24230062.0;992;j
RS;adiinc992j;p99.96p100;2008;23416246.0;992;j
RS;adiinc992j;p99.96p100;2009;27293656.0;992;j
RS;adiinc992j;p99.96p100;2010;26522884.0;992;j
RS;adiinc992j;p99.96p100;2011;26438744.0;992;j
RS;adiinc992j;p99.96p100;2012;37630756.0;992;j
RS;adiinc992j;p99.96p100;2013;30535322.0;992;j
RS;adiinc992j;p99.96p100;2014;51130472.0;992;j
RS;adiinc992j;p99.96p100;2015;79495808.0;992;j
RS;adiinc992j;p99.96p100;2016;83053824.0;992;j
RS;adiinc992j;p99.96p100;2017;83798712.0;992;j
RS;agsrnp992i;p0p100;1997;56.099998;992;i
RS;agsrnp992i;p0p100;1998;58.700001;992;i
RS;agsrnp992i;p0p100;1999;71.5;992;i
RS;agsrnp992i;p0p100;2000;79.5;992;i
RS;agsrnp992i;p0p100;2001;92.199997;992;i
RS;agsrnp992i;p0p100;2002;113.1;992;i
RS;agsrnp992i;p0p100;2003;120.7;992;i
RS;agsrnp992i;p0p100;2004;162.39999;992;i
RS;agsrnp992i;p0p100;2005;161.0;992;i
RS;agsrnp992i;p0p100;2006;137.3;992;i
RS;agsrnp992i;p0p100;2007;130.60001;992;i
RS;agsrnp992i;p0p100;2008;129.3;992;i
RS;agsrnp992i;p0p100;2009;120.3;992;i
RS;agsrnp992i;p0p100;2010;119.7;992;i
RS;agsrnp992i;p0p100;2011;130.10001;992;i
RS;aindgo992i;p0p100;1997;44316.102;992;i
RS;aindgo992i;p0p100;1998;38798.602;992;i
RS;aindgo992i;p0p100;1999;36221.5;992;i
RS;aindgo992i;p0p100;2000;44926.0;992;i
RS;aindgo992i;p0p100;2001;48985.398;992;i
RS;aindgo992i;p0p100;2002;61574.398;992;i
RS;aindgo992i;p0p100;2003;65138.301;992;i
RS;aindgo992i;p0p100;2004;71396.297;992;i
RS;aindgo992i;p0p100;2005;80889.898;992;i
RS;aindgo992i;p0p100;2006;86805.203;992;i
RS;aindgo992i;p0p100;2007;97640.898;992;i
RS;aindgo992i;p0p100;2008;109628.5;992;i
RS;aindgo992i;p0p100;2009;108727.8;992;i
RS;aindgo992i;p0p100;2010;107677.5;992;i
RS;aindgo992i;p0p100;2011;103130.2;992;i
RS;ansrnp992i;p0p100;1997;0.0;992;i
RS;ansrnp992i;p0p100;1998;0.0;992;i
RS;ansrnp992i;p0p100;1999;0.0;992;i
RS;ansrnp992i;p0p100;2000;0.0;992;i
RS;ansrnp992i;p0p100;2001;0.0;992;i
RS;ansrnp992i;p0p100;2002;-1.2;992;i
RS;ansrnp992i;p0p100;2003;-0.1;992;i
RS;ansrnp992i;p0p100;2004;0.0;992;i
RS;ansrnp992i;p0p100;2005;-2.0;992;i
RS;ansrnp992i;p0p100;2006;-5.5;992;i
RS;ansrnp992i;p0p100;2007;-6.4000001;992;i
RS;ansrnp992i;p0p100;2008;-6.4000001;992;i
RS;ansrnp992i;p0p100;2009;-8.6000004;992;i
RS;ansrnp992i;p0p100;2010;-8.6999998;992;i
RS;ansrnp992i;p0p100;2011;-5.0;992;i
RS;aptinc992j;p43p100;1990;1079904.8;992;j
RS;aptinc992j;p43p100;1991;937905.81;992;j
RS;aptinc992j;p43p100;1992;642401.63;992;j
RS;aptinc992j;p43p100;1993;416658.59;992;j
RS;aptinc992j;p43p100;1994;429180.09;992;j
RS;aptinc992j;p43p100;1995;453049.91;992;j
RS;aptinc992j;p43p100;1996;456667.41;992;j
RS;aptinc992j;p43p100;1997;484121.09;992;j
RS;aptinc992j;p43p100;1998;507467.81;992;j
RS;aptinc992j;p43p100;1999;555727.13;992;j
RS;aptinc992j;p43p100;2000;612897.5;992;j
RS;aptinc992j;p43p100;2001;612071.5;992;j
RS;aptinc992j;p43p100;2002;664944.5;992;j
RS;aptinc992j;p43p100;2003;701446.38;992;j
RS;aptinc992j;p43p100;2004;795570.88;992;j
RS;aptinc992j;p43p100;2005;893592.19;992;j
RS;aptinc992j;p43p100;2006;950535.69;992;j
RS;aptinc992j;p43p100;2007;983837.69;992;j
RS;aptinc992j;p43p100;2008;1055136.8;992;j
RS;aptinc992j;p43p100;2009;1041812.9;992;j
RS;aptinc992j;p43p100;2010;1051322.3;992;j
RS;aptinc992j;p43p100;2011;1064477.1;992;j
RS;aptinc992j;p43p100;2012;1066175.3;992;j
RS;aptinc992j;p43p100;2013;1093111.3;992;j
RS;aptinc992j;p43p100;2014;1076114.3;992;j
RS;aptinc992j;p43p100;2015;1078128.0;992;j
RS;aptinc992j;p43p100;2016;1111471.0;992;j
RS;aptinc992j;p43p100;2017;1118285.6;992;j
RS;aptinc992j;p99.93p100;1990;23805792.0;992;j
RS;aptinc992j;p99.93p100;1991;21327206.0;992;j
RS;aptinc992j;p99.93p100;1992;14917109.0;992;j
RS;aptinc992j;p99.93p100;1993;9971509.0;992;j
RS;aptinc992j;p99.93p100;1994;10462724.0;992;j
RS;aptinc992j;p99.93p100;1995;11373784.0;992;j
RS;aptinc992j;p99.93p100;1996;11712834.0;992;j
RS;aptinc992j;p99.93p100;1997;12700545.0;992;j
RS;aptinc992j;p99.93p100;1998;13240070.0;992;j
RS;aptinc992j;p99.93p100;1999;15610637.0;992;j
RS;aptinc992j;p99.93p100;2000;18422300.0;992;j
RS;aptinc992j;p99.93p100;2001;19769908.0;992;j
RS;aptinc992j;p99.93p100;2002;20825486.0;992;j
RS;aptinc992j;p99.93p100;2003;21387706.0;992;j
RS;aptinc992j;p99.93p100;2004;24823254.0;992;j
RS;aptinc992j;p99.93p100;2005;26890518.0;992;j
RS;aptinc992j;p99.93p100;2006;28734256.0;992;j
RS;aptinc992j;p99.93p100;2007;27332276.0;992;j
RS;aptinc992j;p99.93p100;2008;29794736.0;992;j
RS;aptinc992j;p99.93p100;2009;28962086.0;992;j
RS;aptinc992j;p99.93p100;2010;28635778.0;992;j
RS;aptinc992j;p99.93p100;2011;30316692.0;992;j
RS;aptinc992j;p99.93p100;2012;24719926.0;992;j
RS;aptinc992j;p99.93p100;2013;27069236.0;992;j
RS;aptinc992j;p99.93p100;2014;39541280.0;992;j
RS;aptinc992j;p99.93p100;2015;38533248.0;992;j
RS;aptinc992j;p99.93p100;2016;39766248.0;992;j
RS;aptinc992j;p99.93p100;2017;40045484.0;992;j
RS;aptinc992j;p99.96p99.97;1990;16446544.0;992;j
RS;aptinc992j;p99.96p99.97;1991;14627832.0;992;j
RS;aptinc992j;p99.96p99.97;1992;10206879.0;992;j
RS;aptinc992j;p99.96p99.97;1993;6775737.0;992;j
RS;aptinc992j;p99.96p99.97;1994;7105080.5;992;j
RS;aptinc992j;p99.96p99.97;1995;7676411.5;992;j
RS;aptinc992j;p99.96p99.97;1996;7858951.0;992;j
RS;aptinc992j;p99.96p99.97;1997;8464344.0;992;j
RS;aptinc992j;p99.96p99.97;1998;8919627.0;992;j
RS;aptinc992j;p99.96p99.97;1999;10330097.0;992;j
RS;aptinc992j;p99.96p99.97;2000;12135870.0;992;j
RS;aptinc992j;p99.96p99.97;2001;12776124.0;992;j
RS;aptinc992j;p99.96p99.97;2002;13701036.0;992;j
RS;aptinc992j;p99.96p99.97;2003;14206479.0;992;j
RS;aptinc992j;p99.96p99.97;2004;16504838.0;992;j
RS;aptinc992j;p99.96p99.97;2005;18230122.0;992;j
RS;aptinc992j;p99.96p99.97;2006;19471410.0;992;j
RS;aptinc992j;p99.96p99.97;2007;18767780.0;992;j
RS;aptinc992j;p99.96p99.97;2008;20355484.0;992;j
RS;aptinc992j;p99.96p99.97;2009;19947052.0;992;j
RS;aptinc992j;p99.96p99.97;2010;20209554.0;992;j
RS;aptinc992j;p99.96p99.97;2011;21214296.0;992;j
RS;aptinc992j;p99.96p99.97;2012;18577650.0;992;j
RS;aptinc992j;p99.96p99.97;2013;19728970.0;992;j
RS;aptinc992j;p99.96p99.97;2014;25419210.0;992;j
RS;aptinc992j;p99.96p99.97;2015;24700608.0;992;j
RS;aptinc992j;p99.96p99.97;2016;25491956.0;992;j
RS;aptinc992j;p99.96p99.97;2017;25680192.0;992;j
RS;atiwhn992i;p0p100;1997;15858.1;992;i
RS;atiwhn992i;p0p100;1998;13207.2;992;i
RS;atiwhn992i;p0p100;1999;9738.7002;992;i
RS;atiwhn992i;p0p100;2000;10167.7;992;i
RS;atiwhn992i;p0p100;2001;25451.699;992;i
RS;atiwhn992i;p0p100;2002;33994.801;992;i
RS;atiwhn992i;p0p100;2003;29453.0;992;i
RS;atiwhn992i;p0p100;2004;34372.0;992;i
RS;atiwhn992i;p0p100;2005;35454.398;992;i
RS;atiwhn992i;p0p100;2006;40151.898;992;i
RS;atiwhn992i;p0p100;2007;36472.199;992;i
RS;atiwhn992i;p0p100;2008;39651.5;992;i
RS;atiwhn992i;p0p100;2009;30964.199;992;i
RS;atiwhn992i;p0p100;2010;28879.699;992;i
RS;atiwhn992i;p0p100;2011;38765.5;992;i
RS;bcainc992j;p33p100;1990;2.2578735;992;j
RS;bcainc992j;p33p100;1991;2.2411196;992;j
RS;bcainc992j;p33p100;1992;2.223793;992;j
RS;bcainc992j;p33p100;1993;2.2081354;992;j
RS;bcainc992j;p33p100;1994;2.1936178;992;j
RS;bcainc992j;p33p100;1995;2.1761756;992;j
RS;bcainc992j;p33p100;1996;2.1567128;992;j
RS;bcainc992j;p33p100;1997;2.1375151;992;j
RS;bcainc992j;p33p100;1998;2.1657529;992;j
RS;bcainc992j;p33p100;1999;2.1623435;992;j
RS;bcainc992j;p33p100;2000;2.1888466;992;j
RS;bcainc992j;p33p100;2001;2.2022147;992;j
RS;bcainc992j;p33p100;2002;2.2594364;992;j
RS;bcainc992j;p33p100;2003;2.282681;992;j
RS;bcainc992j;p33p100;2004;2.3502798;992;j
RS;bcainc992j;p33p100;2005;2.4110732;992;j
RS;bcainc992j;p33p100;2006;2.4938982;992;j
RS;bcainc992j;p33p100;2007;2.5229397;992;j
RS;bcainc992j;p33p100;2008;2.5713766;992;j
RS;bcainc992j;p33p100;2009;2.6523674;992;j
RS;bcainc992j;p33p100;2010;2.7737238;992;j
RS;bcainc992j;p33p100;2011;2.9241226;992;j
RS;bcainc992j;p33p100;2012;2.9977837;992;j
RS;bcainc992j;p33p100;2013;3.1622539;992;j
RS;bcainc992j;p33p100;2014;3.0315657;992;j
RS;bcainc992j;p33p100;2015;3.2115588;992;j
RS;bcainc992j;p33p100;2016;3.2108192;992;j
RS;bcainc992j;p33p100;2017;3.2117577;992;j
RS;bcainc992j;p66p100;1990;1.6493129;992;j
RS;bcainc992j;p66p100;1991;1.6472557;992;j
RS;bcainc992j;p66p100;1992;1.6428792;992;j
RS;bcainc992j;p66p100;1993;1.6422619;992;j
RS;bcainc992j;p66p100;1994;1.6416593;992;j
RS;bcainc992j;p66p100;1995;1.6412929;992;j
RS;bcainc992j;p66p100;1996;1.6361507;992;j
RS;bcainc992j;p66p100;1997;1.6311965;992;j
RS;bcainc992j;p66p100;1998;1.6393892;992;j
RS;bcainc992j;p66p100;1999;1.6609278;992;j
RS;bcainc992j;p66p100;2000;1.7015865;992;j
RS;bcainc992j;p66p100;2001;1.7162884;992;j
RS;bcainc992j;p66p100;2002;1.7305928;992;j
RS;bcainc992j;p66p100;2003;1.7389292;992;j
RS;bcainc992j;p66p100;2004;1.7658938;992;j
RS;bcainc992j;p66p100;2005;1.8056823;992;j
RS;bcainc992j;p66p100;2006;1.824448;992;j
RS;bcainc992j;p66p100;2007;1.8211644;992;j
RS;bcainc992j;p66p100;2008;1.8275821;992;j
RS;bcainc992j;p66p100;2009;1.8602279;992;j
RS;bcainc992j;p66p100;2010;1.9050565;992;j
RS;bcainc992j;p66p100;2011;1.9397601;992;j
RS;bcainc992j;p66p100;2012;1.9642321;992;j
RS;bcainc992j;p66p100;2013;1.9322679;992;j
RS;bcainc992j;p66p100;2014;1.9601586;992;j
RS;bcainc992j;p66p100;2015;2.0933294;992;j
RS;bcainc992j;p66p100;2016;2.0930192;992;j
RS;bcainc992j;p66p100;2017;2.0937071;992;j
RS;bdiinc992j;p26p100;1990;2.4371691;992;j
RS;bdiinc992j;p26p100;1991;2.4033775;992;j
RS;bdiinc992j;p26p100;1992;2.3680596;992;j
RS;bdiinc992j;p26p100;1993;2.3339541;992;j
RS;bdiinc992j;p26p100;1994;2.3032424;992;j
RS;bdiinc992j;p26p100;1995;2.2742064;992;j
RS;bdiinc992j;p26p100;1996;2.240664;992;j
RS;bdiinc992j;p26p100;1997;2.204473;992;j
RS;bdiinc992j;p26p100;1998;2.1988723;992;j
RS;bdiinc992j;p26p100;1999;2.2265127;992;j
RS;bdiinc992j;p26p100;2000;2.2081954;992;j
RS;bdiinc992j;p26p100;2001;2.2013829;992;j
RS;bdiinc992j;p26p100;2002;2.2687657;992;j
RS;bdiinc992j;p26p100;2003;2.3146141;992;j
RS;bdiinc992j;p26p100;2004;2.4265428;992;j
RS;bdiinc992j;p26p100;2005;2.4820251;992;j
RS;bdiinc992j;p26p100;2006;2.6114938;992;j
RS;bdiinc992j;p26p100;2007;2.6235211;992;j
RS;bdiinc992j;p26p100;2008;2.706111;992;j
RS;bdiinc992j;p26p100;2009;2.8332269;992;j
RS;bdiinc992j;p26p100;2010;3.0446353;992;j
RS;bdiinc992j;p26p100;2011;3.3063045;992;j
RS;bdiinc992j;p26p100;2012;3.2149043;992;j
RS;bdiinc992j;p26p100;2013;3.6667333;992;j
RS;bdiinc992j;p26p100;2014;3.2395651;992;j
RS;bdiinc992j;p26p100;2015;3.5443394;992;j
RS;bdiinc992j;p26p100;2016;3.6360278;992;j
RS;bdiinc992j;p26p100;2017;3.6487405;992;j
RS;bdiinc992j;p47p100;1990;1.8359643;992;j
RS;bdiinc992j;p47p100;1991;1.8199983;992;j
RS;bdiinc992j;p47p100;1992;1.8052654;992;j
RS;bdiinc992j;p47p100;1993;1.7965024;992;j
RS;bdiinc992j;p47p100;1994;1.787484;992;j
RS;bdiinc992j;p47p100;1995;1.7775218;992;j
RS;bdiinc992j;p47p100;1996;1.7641497;992;j
RS;bdiinc992j;p47p100;1997;1.7519602;992;j
RS;bdiinc992j;p47p100;1998;1.8151373;992;j
RS;bdiinc992j;p47p100;1999;1.8324776;992;j
RS;bdiinc992j;p47p100;2000;1.8428546;992;j
RS;bdiinc992j;p47p100;2001;1.8521646;992;j
RS;bdiinc992j;p47p100;2002;1.8867227;992;j
RS;bdiinc992j;p47p100;2003;1.9007415;992;j
RS;bdiinc992j;p47p100;2004;1.9466518;992;j
RS;bdiinc992j;p47p100;2005;1.9842232;992;j
RS;bdiinc992j;p47p100;2006;2.0196989;992;j
RS;bdiinc992j;p47p100;2007;2.0125191;992;j
RS;bdiinc992j;p47p100;2008;2.0308604;992;j
RS;bdiinc992j;p47p100;2009;2.0681705;992;j
RS;bdiinc992j;p47p100;2010;2.1318619;992;j
RS;bdiinc992j;p47p100;2011;2.182359;992;j
RS;bdiinc992j;p47p100;2012;2.2302852;992;j
RS;bdiinc992j;p47p100;2013;2.2276797;992;j
RS;bdiinc992j;p47p100;2014;2.2147791;992;j
RS;bdiinc992j;p47p100;2015;2.273752;992;j
RS;bdiinc992j;p47p100;2016;2.2982826;992;j
RS;bdiinc992j;p47p100;2017;2.3016179;992;j
RS;bdiinc992j;p99.96p100;1990;2.1273305;992;j
RS;bdiinc992j;p99.96p100;1991;2.0772326;992;j
RS;bdiinc992j;p99.96p100;1992;2.0093682;992;j
RS;bdiinc992j;p99.96p100;1993;1.9632093;992;j
RS;bdiinc992j;p99.96p100;1994;1.9338738;992;j
RS;bdiinc992j;p99.96p100;1995;1.9089292;992;j
RS;bdiinc992j;p99.96p100;1996;1.8827904;992;j
RS;bdiinc992j;p99.96p100;1997;1.8548499;992;j
RS;bdiinc992j;p99.96p100;1998;1.8849345;992;j
RS;bdiinc992j;p99.96p100;1999;2.0012834;992;j
RS;bdiinc992j;p99.96p100;2000;1.9971758;992;j
RS;bdiinc992j;p99.96p100;2001;2.0918269;992;j
RS;bdiinc992j;p99.96p100;2002;2.0126076;992;j
RS;bdiinc992j;p99.96p100;2003;2.0190184;992;j
RS;bdiinc992j;p99.96p100;2004;2.0242026;992;j
RS;bdiinc992j;p99.96p100;2005;2.0675113;992;j
RS;bdiinc992j;p99.96p100;2006;1.9721644;992;j
RS;bdiinc992j;p99.96p100;2007;1.8797441;992;j
RS;bdiinc992j;p99.96p100;2008;1.7878402;992;j
RS;bdiinc992j;p99.96p100;2009;1.9084395;992;j
RS;bdiinc992j;p99.96p100;2010;1.8502895;992;j
RS;bdiinc992j;p99.96p100;2011;1.8165988;992;j
RS;bdiinc992j;p99.96p100;2012;2.1128664;992;j
RS;bdiinc992j;p99.96p100;2013;1.9146631;992;j
RS;bdiinc992j;p99.96p100;2014;2.4897809;992;j
RS;bdiinc992j;p99.96p100;2015;3.0140018;992;j
RS;bdiinc992j;p99.96p100;2016;3.0160308;992;j
RS;bdiinc992j;p99.96p100;2017;3.0187562;992;j
RS;bdiinc992j;p99.99p100;1990;2.1558456;992;j
RS;bdiinc992j;p99.99p100;1991;2.1037345;992;j
RS;bdiinc992j;p99.99p100;1992;2.0325499;992;j
RS;bdiinc992j;p99.99p100;1993;1.9835238;992;j
RS;bdiinc992j;p99.99p100;1994;1.952433;992;j
RS;bdiinc992j;p99.99p100;1995;1.9259002;992;j
RS;bdiinc992j;p99.99p100;1996;1.8987899;992;j
RS;bdiinc992j;p99.99p100;1997;1.8697938;992;j
RS;bdiinc992j;p99.99p100;1998;1.8998966;992;j
RS;bdiinc992j;p99.99p100;1999;2.0185368;992;j
RS;bdiinc992j;p99.99p100;2000;2.0102839;992;j
RS;bdiinc992j;p99.99p100;2001;2.1069887;992;j
RS;bdiinc992j;p99.99p100;2002;2.0236261;992;j
RS;bdiinc992j;p99.99p100;2003;2.0319443;992;j
RS;bdiinc992j;p99.99p100;2004;2.038168;992;j
RS;bdiinc992j;p99.99p100;2005;2.0825069;992;j
RS;bdiinc992j;p99.99p100;2006;1.9819528;992;j
RS;bdiinc992j;p99.99p100;2007;1.8871624;992;j
RS;bdiinc992j;p99.99p100;2008;1.7909242;992;j
RS;bdiinc992j;p99.99p100;2009;1.9154756;992;j
RS;bdiinc992j;p99.99p100;2010;1.8544042;992;j
RS;bdiinc992j;p99.99p100;2011;1.8187535;992;j
RS;bdiinc992j;p99.99p100;2012;2.1231141;992;j
RS;bdiinc992j;p99.99p100;2013;1.9197426;992;j
RS;bdiinc992j;p99.99p100;2014;2.5103381;992;j
RS;bdiinc992j;p99.99p100;2015;3.0404494;992;j
RS;bdiinc992j;p99.99p100;2016;3.0421188;992;j
RS;bdiinc992j;p99.99p100;2017;3.0448601;992;j
RS;mccsho999i;p0p100;1997;125152763904.0;999;i
RS;mccsho999i;p0p100;1998;138360094720.0;999;i
RS;mccsho999i;p0p100;1999;129499357184.0;999;i
RS;mccsho999i;p0p100;2000;133907718144.0;999;i
RS;mccsho999i;p0p100;2001;136126496768.0;999;i
RS;mccsho999i;p0p100;2002;142149451776.0;999;i
RS;mccsho999i;p0p100;2003;147399344128.0;999;i
RS;mccsho999i;p0p100;2004;154407010304.0;999;i
RS;mccsho999i;p0p100;2005;163147874304.0;999;i
RS;mccsho999i;p0p100;2006;153674891264.0;999;i
RS;mccsho999i;p0p100;2007;144611868672.0;999;i
RS;mccsho999i;p0p100;2008;149816475648.0;999;i
RS;mccsho999i;p0p100;2009;169713811456.0;999;i
RS;mccsho999i;p0p100;2010;174728265728.0;999;i
RS;mccsho999i;p0p100;2011;157569990656.0;999;i
RS;mindgo999i;p0p100;1997;305092427776.0;999;i
RS;mindgo999i;p0p100;1998;266147758080.0;999;i
RS;mindgo999i;p0p100;1999;194690859008.0;999;i
RS;mindgo999i;p0p100;2000;242241159168.0;999;i
RS;mindgo999i;p0p100;2001;264807514112.0;999;i
RS;mindgo999i;p0p100;2002;334199619584.0;999;i
RS;mindgo999i;p0p100;2003;354278801408.0;999;i
RS;mindgo999i;p0p100;2004;389321981952.0;999;i
RS;mindgo999i;p0p100;2005;442081574912.0;999;i
RS;mindgo999i;p0p100;2006;474537033728.0;999;i
RS;mindgo999i;p0p100;2007;534144155648.0;999;i
RS;mindgo999i;p0p100;2008;600187994112.0;999;i
RS;mindgo999i;p0p100;2009;595820281856.0;999;i
RS;mindgo999i;p0p100;2010;590484078592.0;999;i
RS;mindgo999i;p0p100;2011;563441631232.0;999;i
RS;mptfrx999i;p0p100;2007;60501417984.0;999;i
RS;mptfrx999i;p0p100;2008;58000912384.0;999;i
RS;mptfrx999i;p0p100;2009;39916449792.0;999;i
RS;mptfrx999i;p0p100;2010;37274419200.0;999;i
RS;mptfrx999i;p0p100;2011;34006239232.0;999;i
RS;mptfrx999i;p0p100;2012;41514885120.0;999;i
RS;mptfrx999i;p0p100;2013;29837584384.0;999;i
RS;mptfrx999i;p0p100;2014;26959425536.0;999;i
RS;mptfrx999i;p0p100;2015;30015303680.0;999;i
RS;mptfrx999i;p0p100;2016;29804726272.0;999;i
RS;mptfrx999i;p0p100;2017;32204302336.0;999;i
RS;mptfrx999i;p0p100;2018;27282171904.0;999;i
RS;npopul111m;p0p100;1950;40.0;111;m
RS;npopul111m;p0p100;1951;34.0;111;m
RS;npopul111m;p0p100;1952;30.0;111;m
RS;npopul111m;p0p100;1953;26.0;111;m
RS;npopul111m;p0p100;1954;23.0;111;m
RS;npopul111m;p0p100;1955;20.0;111;m
RS;npopul111m;p0p100;1956;18.0;111;m
RS;npopul111m;p0p100;1957;16.0;111;m
RS;npopul111m;p0p100;1958;15.0;111;m
RS;npopul111m;p0p100;1959;14.0;111;m
RS;npopul111m;p0p100;1960;14.0;111;m
RS;npopul111m;p0p100;1961;14.0;111;m
RS;npopul111m;p0p100;1962;14.0;111;m
RS;npopul111m;p0p100;1963;14.0;111;m
RS;npopul111m;p0p100;1964;15.0;111;m
RS;npopul111m;p0p100;1965;15.0;111;m
RS;npopul111m;p0p100;1966;15.0;111;m
RS;npopul111m;p0p100;1967;15.0;111;m
RS;npopul111m;p0p100;1968;16.0;111;m
RS;npopul111m;p0p100;1969;16.0;111;m
RS;npopul111m;p0p100;1970;17.0;111;m
RS;npopul111m;p0p100;1971;18.0;111;m
RS;npopul111m;p0p100;1972;20.0;111;m
RS;npopul111m;p0p100;1973;21.0;111;m
RS;npopul111m;p0p100;1974;23.0;111;m
RS;npopul111m;p0p100;1975;24.0;111;m
RS;npopul111m;p0p100;1976;25.0;111;m
RS;npopul111m;p0p100;1977;25.0;111;m
RS;npopul111m;p0p100;1978;26.0;111;m
RS;npopul111m;p0p100;1979;26.0;111;m
RS;npopul111m;p0p100;1980;26.0;111;m
RS;npopul111m;p0p100;1981;26.0;111;m
RS;npopul111m;p0p100;1982;27.0;111;m
RS;npopul111m;p0p100;1983;27.0;111;m
RS;npopul111m;p0p100;1984;28.0;111;m
RS;npopul111m;p0p100;1985;28.0;111;m
RS;npopul111m;p0p100;1986;28.0;111;m
RS;npopul111m;p0p100;1987;29.0;111;m
RS;npopul111m;p0p100;1988;29.0;111;m
RS;npopul111m;p0p100;1989;29.0;111;m
RS;npopul111m;p0p100;1990;29.0;111;m
RS;npopul111m;p0p100;1991;29.0;111;m
RS;npopul111m;p0p100;1992;28.0;111;m
RS;npopul111m;p0p100;1993;27.0;111;m
RS;npopul111m;p0p100;1994;27.0;111;m
RS;npopul111m;p0p100;1995;28.0;111;m
RS;npopul111m;p0p100;1996;30.0;111;m
RS;npopul111m;p0p100;1997;33.0;111;m
RS;npopul111m;p0p100;1998;36.0;111;m
RS;npopul111m;p0p100;1999;31.0;111;m
RS;npopul111m;p0p100;2000;33.0;111;m
RS;npopul111m;p0p100;2001;35.0;111;m
RS;npopul111m;p0p100;2002;35.0;111;m
RS;npopul111m;p0p100;2003;36.0;111;m
RS;npopul111m;p0p100;2004;36.0;111;m
RS;npopul111m;p0p100;2005;36.0;111;m
RS;npopul111m;p0p100;2006;36.0;111;m
RS;npopul111m;p0p100;2007;36.0;111;m
RS;npopul111m;p0p100;2008;35.0;111;m
RS;npopul111m;p0p100;2009;34.0;111;m
RS;npopul111m;p0p100;2010;33.0;111;m
RS;npopul111m;p0p100;2011;31.0;111;m
RS;npopul111m;p0p100;2012;30.0;111;m
RS;npopul111m;p0p100;2013;28.0;111;m
RS;npopul111m;p0p100;2014;26.0;111;m
RS;npopul111m;p0p100;2015;24.0;111;m
RS;npopul111m;p0p100;2016;22.0;111;m
RS;npopul111m;p0p100;2017;21.0;111;m
RS;npopul111m;p0p100;2018;19.0;111;m
RS;npopul111m;p0p100;2019;19.0;111;m
RS;scainc992j;p12p13;1990;0.0026;992;j
RS;scainc992j;p12p13;1991;0.0026;992;j
RS;scainc992j;p12p13;1992;0.0027000001;992;j
RS;scainc992j;p12p13;1993;0.0027000001;992;j
RS;scainc992j;p12p13;1994;0.0027999999;992;j
RS;scainc992j;p12p13;1995;0.0027999999;992;j
RS;scainc992j;p12p13;1996;0.0029;992;j
RS;scainc992j;p12p13;1997;0.0029;992;j
RS;scainc992j;p12p13;1998;0.0031999999;992;j
RS;scainc992j;p12p13;1999;0.0031999999;992;j
RS;scainc992j;p12p13;2000;0.0031000001;992;j
RS;scainc992j;p12p13;2001;0.0031000001;992;j
RS;scainc992j;p12p13;2002;0.0027000001;992;j
RS;scainc992j;p12p13;2003;0.0024999999;992;j
RS;scainc992j;p12p13;2004;0.0020999999;992;j
RS;scainc992j;p12p13;2005;0.0019;992;j
RS;scainc992j;p12p13;2006;0.0017;992;j
RS;scainc992j;p12p13;2007;0.0015;992;j
RS;scainc992j;p12p13;2008;0.0014;992;j
RS;scainc992j;p12p13;2009;0.0014;992;j
RS;scainc992j;p12p13;2010;0.0012000001;992;j
RS;scainc992j;p12p13;2011;0.001;992;j
RS;scainc992j;p12p13;2012;0.0008;992;j
RS;scainc992j;p12p13;2013;0.0011;992;j
RS;scainc992j;p12p13;2014;0.0018;992;j
RS;scainc992j;p12p13;2015;0.0013;992;j
RS;scainc992j;p12p13;2016;0.0013;992;j
RS;scainc992j;p12p13;2017;0.0013;992;j
RS;scainc992j;p2p100;1990;0.9982;992;j
RS;scainc992j;p2p100;1991;0.99830002;992;j
RS;scainc992j;p2p100;1992;0.99849999;992;j
RS;scainc992j;p2p100;1993;0.99860001;992;j
RS;scainc992j;p2p100;1994;0.99879998;992;j
RS;scainc992j;p2p100;1995;0.99900001;992;j
RS;scainc992j;p2p100;1996;0.99919999;992;j
RS;scainc992j;p2p100;1997;0.99940002;992;j
RS;scainc992j;p2p100;1998;0.9993;992;j
RS;scainc992j;p2p100;1999;0.99919999;992;j
RS;scainc992j;p2p100;2000;0.99940002;992;j
RS;scainc992j;p2p100;2001;0.99949998;992;j
RS;scainc992j;p2p100;2002;0.99980003;992;j
RS;scainc992j;p2p100;2003;0.99949998;992;j
RS;scainc992j;p2p100;2004;0.99949998;992;j
RS;scainc992j;p2p100;2005;0.99949998;992;j
RS;scainc992j;p2p100;2006;0.99949998;992;j
RS;scainc992j;p2p100;2007;0.99970001;992;j
RS;scainc992j;p2p100;2008;0.99970001;992;j
RS;scainc992j;p2p100;2009;0.9993;992;j
RS;scainc992j;p2p100;2010;0.99940002;992;j
RS;scainc992j;p2p100;2011;0.99940002;992;j
RS;scainc992j;p2p100;2012;0.99959999;992;j
RS;scainc992j;p2p100;2013;0.99879998;992;j
RS;scainc992j;p2p100;2014;0.99730003;992;j
RS;scainc992j;p2p100;2015;0.9982;992;j
RS;scainc992j;p2p100;2016;0.9982;992;j
RS;scainc992j;p2p100;2017;0.9982;992;j
RS;scainc992j;p45p100;1990;0.81279999;992;j
RS;scainc992j;p45p100;1991;0.81120002;992;j
RS;scainc992j;p45p100;1992;0.80949998;992;j
RS;scainc992j;p45p100;1993;0.80790001;992;j
RS;scainc992j;p45p100;1994;0.80629998;992;j
RS;scainc992j;p45p100;1995;0.80470002;992;j
RS;scainc992j;p45p100;1996;0.80269998;992;j
RS;scainc992j;p45p100;1997;0.80080003;992;j
RS;scainc992j;p45p100;1998;0.79809999;992;j
RS;scainc992j;p45p100;1999;0.79830003;992;j
RS;scainc992j;p45p100;2000;0.801;992;j
RS;scainc992j;p45p100;2001;0.80220002;992;j
RS;scainc992j;p45p100;2002;0.81309998;992;j
RS;scainc992j;p45p100;2003;0.81580001;992;j
RS;scainc992j;p45p100;2004;0.8258;992;j
RS;scainc992j;p45p100;2005;0.83039999;992;j
RS;scainc992j;p45p100;2006;0.83859998;992;j
RS;scainc992j;p45p100;2007;0.84240001;992;j
RS;scainc992j;p45p100;2008;0.84630001;992;j
RS;scainc992j;p45p100;2009;0.85039997;992;j
RS;scainc992j;p45p100;2010;0.85979998;992;j
RS;scainc992j;p45p100;2011;0.86839998;992;j
RS;scainc992j;p45p100;2012;0.87099999;992;j
RS;scainc992j;p45p100;2013;0.87440002;992;j
RS;scainc992j;p45p100;2014;0.85430002;992;j
RS;scainc992j;p45p100;2015;0.86989999;992;j
RS;scainc992j;p45p100;2016;0.86979997;992;j
RS;scainc992j;p45p100;2017;0.86989999;992;j
RS;scainc992j;p49p50;1990;0.0082999999;992;j
RS;scainc992j;p49p50;1991;0.0082999999;992;j
RS;scainc992j;p49p50;1992;0.0083999997;992;j
RS;scainc992j;p49p50;1993;0.0083999997;992;j
RS;scainc992j;p49p50;1994;0.0083999997;992;j
RS;scainc992j;p49p50;1995;0.0083999997;992;j
RS;scainc992j;p49p50;1996;0.0083999997;992;j
RS;scainc992j;p49p50;1997;0.0083999997;992;j
RS;scainc992j;p49p50;1998;0.0082;992;j
RS;scainc992j;p49p50;1999;0.0082;992;j
RS;scainc992j;p49p50;2000;0.0081000002;992;j
RS;scainc992j;p49p50;2001;0.0081000002;992;j
RS;scainc992j;p49p50;2002;0.0080000004;992;j
RS;scainc992j;p49p50;2003;0.0080000004;992;j
RS;scainc992j;p49p50;2004;0.0078999996;992;j
RS;scainc992j;p49p50;2005;0.0077;992;j
RS;scainc992j;p49p50;2006;0.0077;992;j
RS;scainc992j;p49p50;2007;0.0077;992;j
RS;scainc992j;p49p50;2008;0.0077;992;j
RS;scainc992j;p49p50;2009;0.0076000001;992;j
RS;scainc992j;p49p50;2010;0.0074;992;j
RS;scainc992j;p49p50;2011;0.0074;992;j
RS;scainc992j;p49p50;2012;0.0071999999;992;j
RS;scainc992j;p49p50;2013;0.0073000002;992;j
RS;scainc992j;p49p50;2014;0.0071;992;j
RS;scainc992j;p49p50;2015;0.0070000002;992;j
RS;scainc992j;p49p50;2016;0.0070000002;992;j
RS;scainc992j;p49p50;2017;0.0070000002;992;j
RS;scainc992j;p62p100;1990;0.66170001;992;j
RS;scainc992j;p62p100;1991;0.65969998;992;j
RS;scainc992j;p62p100;1992;0.6577;992;j
RS;scainc992j;p62p100;1993;0.65600002;992;j
RS;scainc992j;p62p100;1994;0.65429997;992;j
RS;scainc992j;p62p100;1995;0.65270001;992;j
RS;scainc992j;p62p100;1996;0.65039998;992;j
RS;scainc992j;p62p100;1997;0.64819998;992;j
RS;scainc992j;p62p100;1998;0.64789999;992;j
RS;scainc992j;p62p100;1999;0.64920002;992;j
RS;scainc992j;p62p100;2000;0.65329999;992;j
RS;scainc992j;p62p100;2001;0.65560001;992;j
RS;scainc992j;p62p100;2002;0.66680002;992;j
RS;scainc992j;p62p100;2003;0.67019999;992;j
RS;scainc992j;p62p100;2004;0.68099999;992;j
RS;scainc992j;p62p100;2005;0.68760002;992;j
RS;scainc992j;p62p100;2006;0.69660002;992;j
RS;scainc992j;p62p100;2007;0.6997;992;j
RS;scainc992j;p62p100;2008;0.70420003;992;j
RS;scainc992j;p62p100;2009;0.70959997;992;j
RS;scainc992j;p62p100;2010;0.72140002;992;j
RS;scainc992j;p62p100;2011;0.7313;992;j
RS;scainc992j;p62p100;2012;0.73570001;992;j
RS;scainc992j;p62p100;2013;0.73860002;992;j
RS;scainc992j;p62p100;2014;0.72119999;992;j
RS;scainc992j;p62p100;2015;0.73949999;992;j
RS;scainc992j;p62p100;2016;0.73940003;992;j
RS;scainc992j;p62p100;2017;0.7396;992;j
RS;scainc992j;p78p79;1990;0.0139;992;j
RS;scainc992j;p78p79;1991;0.0139;992;j
RS;scainc992j;p78p79;1992;0.0139;992;j
RS;scainc992j;p78p79;1993;0.0138;992;j
RS;scainc992j;p78p79;1994;0.0138;992;j
RS;scainc992j;p78p79;1995;0.0137;992;j
RS;scainc992j;p78p79;1996;0.0137;992;j
RS;scainc992j;p78p79;1997;0.0137;992;j
RS;scainc992j;p78p79;1998;0.0134;992;j
RS;scainc992j;p78p79;1999;0.0133;992;j
RS;scainc992j;p78p79;2000;0.0132;992;j
RS;scainc992j;p78p79;2001;0.0131;992;j
RS;scainc992j;p78p79;2002;0.0133;992;j
RS;scainc992j;p78p79;2003;0.0133;992;j
RS;scainc992j;p78p79;2004;0.0135;992;j
RS;scainc992j;p78p79;2005;0.0135;992;j
RS;scainc992j;p78p79;2006;0.0135;992;j
RS;scainc992j;p78p79;2007;0.0137;992;j
RS;scainc992j;p78p79;2008;0.0138;992;j
RS;scainc992j;p78p79;2009;0.0137;992;j
RS;scainc992j;p78p79;2010;0.0138;992;j
RS;scainc992j;p78p79;2011;0.0139;992;j
RS;scainc992j;p78p79;2012;0.0138;992;j
RS;scainc992j;p78p79;2013;0.0141;992;j
RS;scainc992j;p78p79;2014;0.0132;992;j
RS;scainc992j;p78p79;2015;0.013;992;j
RS;scainc992j;p78p79;2016;0.013;992;j
RS;scainc992j;p78p79;2017;0.013;992;j
RS;scainc992j;p80p90;1990;0.1575;992;j
RS;scainc992j;p80p90;1991;0.1569;992;j
RS;scainc992j;p80p90;1992;0.15629999;992;j
RS;scainc992j;p80p90;1993;0.1556;992;j
RS;scainc992j;p80p90;1994;0.1548;992;j
RS;scainc992j;p80p90;1995;0.1541;992;j
RS;scainc992j;p80p90;1996;0.15350001;992;j
RS;scainc992j;p80p90;1997;0.1529;992;j
RS;scainc992j;p80p90;1998;0.1515;992;j
RS;scainc992j;p80p90;1999;0.1499;992;j
RS;scainc992j;p80p90;2000;0.14839999;992;j
RS;scainc992j;p80p90;2001;0.147;992;j
RS;scainc992j;p80p90;2002;0.14920001;992;j
RS;scainc992j;p80p90;2003;0.1514;992;j
RS;scainc992j;p80p90;2004;0.15449999;992;j
RS;scainc992j;p80p90;2005;0.15549999;992;j
RS;scainc992j;p80p90;2006;0.1573;992;j
RS;scainc992j;p80p90;2007;0.15979999;992;j
RS;scainc992j;p80p90;2008;0.1611;992;j
RS;scainc992j;p80p90;2009;0.1617;992;j
RS;scainc992j;p80p90;2010;0.1638;992;j
RS;scainc992j;p80p90;2011;0.16590001;992;j
RS;scainc992j;p80p90;2012;0.1645;992;j
RS;scainc992j;p80p90;2013;0.1681;992;j
RS;scainc992j;p80p90;2014;0.15719999;992;j
RS;scainc992j;p80p90;2015;0.154;992;j
RS;scainc992j;p80p90;2016;0.1539;992;j
RS;scainc992j;p80p90;2017;0.1539;992;j
RS;sdiinc992j;p41p100;1990;0.82429999;992;j
RS;sdiinc992j;p41p100;1991;0.82300001;992;j
RS;sdiinc992j;p41p100;1992;0.82160002;992;j
RS;sdiinc992j;p41p100;1993;0.82020003;992;j
RS;sdiinc992j;p41p100;1994;0.81879997;992;j
RS;sdiinc992j;p41p100;1995;0.8175;992;j
RS;sdiinc992j;p41p100;1996;0.81580001;992;j
RS;sdiinc992j;p41p100;1997;0.81379998;992;j
RS;sdiinc992j;p41p100;1998;0.81339997;992;j
RS;sdiinc992j;p41p100;1999;0.81599998;992;j
RS;sdiinc992j;p41p100;2000;0.81639999;992;j
RS;sdiinc992j;p41p100;2001;0.8168;992;j
RS;sdiinc992j;p41p100;2002;0.82440001;992;j
RS;sdiinc992j;p41p100;2003;0.82669997;992;j
RS;sdiinc992j;p41p100;2004;0.83579999;992;j
RS;sdiinc992j;p41p100;2005;0.8398;992;j
RS;sdiinc992j;p41p100;2006;0.84689999;992;j
RS;sdiinc992j;p41p100;2007;0.8484;992;j
RS;sdiinc992j;p41p100;2008;0.85140002;992;j
RS;sdiinc992j;p41p100;2009;0.85549998;992;j
RS;sdiinc992j;p41p100;2010;0.86299998;992;j
RS;sdiinc992j;p41p100;2011;0.87150002;992;j
RS;sdiinc992j;p41p100;2012;0.87260002;992;j
RS;sdiinc992j;p41p100;2013;0.87559998;992;j
RS;sdiinc992j;p41p100;2014;0.85689998;992;j
RS;sdiinc992j;p41p100;2015;0.87019998;992;j
RS;sdiinc992j;p41p100;2016;0.87379998;992;j
RS;sdiinc992j;p41p100;2017;0.87419999;992;j
RS;sdiinc992j;p49p100;1990;0.7622;992;j
RS;sdiinc992j;p49p100;1991;0.76059997;992;j
RS;sdiinc992j;p49p100;1992;0.75889999;992;j
RS;sdiinc992j;p49p100;1993;0.75739998;992;j
RS;sdiinc992j;p49p100;1994;0.75580001;992;j
RS;sdiinc992j;p49p100;1995;0.7543;992;j
RS;sdiinc992j;p49p100;1996;0.75239998;992;j
RS;sdiinc992j;p49p100;1997;0.75010002;992;j
RS;sdiinc992j;p49p100;1998;0.75169998;992;j
RS;sdiinc992j;p49p100;1999;0.75480002;992;j
RS;sdiinc992j;p49p100;2000;0.7554;992;j
RS;sdiinc992j;p49p100;2001;0.75599998;992;j
RS;sdiinc992j;p49p100;2002;0.76389998;992;j
RS;sdiinc992j;p49p100;2003;0.7665;992;j
RS;sdiinc992j;p49p100;2004;0.77630001;992;j
RS;sdiinc992j;p49p100;2005;0.78130001;992;j
RS;sdiinc992j;p49p100;2006;0.78890002;992;j
RS;sdiinc992j;p49p100;2007;0.79030001;992;j
RS;sdiinc992j;p49p100;2008;0.7938;992;j
RS;sdiinc992j;p49p100;2009;0.79839998;992;j
RS;sdiinc992j;p49p100;2010;0.80720001;992;j
RS;sdiinc992j;p49p100;2011;0.81660002;992;j
RS;sdiinc992j;p49p100;2012;0.8186;992;j
RS;sdiinc992j;p49p100;2013;0.82160002;992;j
RS;sdiinc992j;p49p100;2014;0.80339998;992;j
RS;sdiinc992j;p49p100;2015;0.8175;992;j
RS;sdiinc992j;p49p100;2016;0.82139999;992;j
RS;sdiinc992j;p49p100;2017;0.82190001;992;j
RS;sdiinc992j;p74p75;1990;0.0127;992;j
RS;sdiinc992j;p74p75;1991;0.0127;992;j
RS;sdiinc992j;p74p75;1992;0.0126;992;j
RS;sdiinc992j;p74p75;1993;0.0126;992;j
RS;sdiinc992j;p74p75;1994;0.0126;992;j
RS;sdiinc992j;p74p75;1995;0.0126;992;j
RS;sdiinc992j;p74p75;1996;0.0126;992;j
RS;sdiinc992j;p74p75;1997;0.0126;992;j
RS;sdiinc992j;p74p75;1998;0.0125;992;j
RS;sdiinc992j;p74p75;1999;0.0123;992;j
RS;sdiinc992j;p74p75;2000;0.0122;992;j
RS;sdiinc992j;p74p75;2001;0.0121;992;j
RS;sdiinc992j;p74p75;2002;0.0122;992;j
RS;sdiinc992j;p74p75;2003;0.0122;992;j
RS;sdiinc992j;p74p75;2004;0.0123;992;j
RS;sdiinc992j;p74p75;2005;0.0123;992;j
RS;sdiinc992j;p74p75;2006;0.0123;992;j
RS;sdiinc992j;p74p75;2007;0.0124;992;j
RS;sdiinc992j;p74p75;2008;0.0124;992;j
RS;sdiinc992j;p74p75;2009;0.0124;992;j
RS;sdiinc992j;p74p75;2010;0.0124;992;j
RS;sdiinc992j;p74p75;2011;0.0124;992;j
RS;sdiinc992j;p74p75;2012;0.0124;992;j
RS;sdiinc992j;p74p75;2013;0.0127;992;j
RS;sdiinc992j;p74p75;2014;0.0121;992;j
RS;sdiinc992j;p74p75;2015;0.0117;992;j
RS;sdiinc992j;p74p75;2016;0.0117;992;j
RS;sdiinc992j;p74p75;2017;0.0117;992;j
RS;sptinc992j;p97p98;1990;0.0298;992;j
RS;sptinc992j;p97p98;1991;0.029899999;992;j
RS;sptinc992j;p97p98;1992;0.030099999;992;j
RS;sptinc992j;p97p98;1993;0.030200001;992;j
RS;sptinc992j;p97p98;1994;0.030400001;992;j
RS;sptinc992j;p97p98;1995;0.0306;992;j
RS;sptinc992j;p97p98;1996;0.0306;992;j
RS;sptinc992j;p97p98;1997;0.0307;992;j
RS;sptinc992j;p97p98;1998;0.030999999;992;j
RS;sptinc992j;p97p98;1999;0.031199999;992;j
RS;sptinc992j;p97p98;2000;0.032000002;992;j
RS;sptinc992j;p97p98;2001;0.032099999;992;j
RS;sptinc992j;p97p98;2002;0.0328;992;j
RS;sptinc992j;p97p98;2003;0.033300001;992;j
RS;sptinc992j;p97p98;2004;0.034200002;992;j
RS;sptinc992j;p97p98;2005;0.035100002;992;j
RS;sptinc992j;p97p98;2006;0.035500001;992;j
RS;sptinc992j;p97p98;2007;0.035100002;992;j
RS;sptinc992j;p97p98;2008;0.035300002;992;j
RS;sptinc992j;p97p98;2009;0.0359;992;j
RS;sptinc992j;p97p98;2010;0.037300002;992;j
RS;sptinc992j;p97p98;2011;0.0381;992;j
RS;sptinc992j;p97p98;2012;0.039000001;992;j
RS;sptinc992j;p97p98;2013;0.037999999;992;j
RS;sptinc992j;p97p98;2014;0.037500001;992;j
RS;sptinc992j;p97p98;2015;0.036899999;992;j
RS;sptinc992j;p97p98;2016;0.036899999;992;j
RS;sptinc992j;p97p98;2017;0.036899999;992;j
RS;sptinc992j;p99.4p100;1990;0.065499999;992;j
RS;sptinc992j;p99.4p100;1991;0.066799998;992;j
RS;sptinc992j;p99.4p100;1992;0.068000004;992;j
RS;sptinc992j;p99.4p100;1993;0.069300003;992;j
RS;sptinc992j;p99.4p100;1994;0.070500001;992;j
RS;sptinc992j;p99.4p100;1995;0.071900003;992;j
RS;sptinc992j;p99.4p100;1996;0.072899997;992;j
RS;sptinc992j;p99.4p100;1997;0.073899999;992;j
RS;sptinc992j;p99.4p100;1998;0.074199997;992;j
RS;sptinc992j;p99.4p100;1999;0.077799998;992;j
RS;sptinc992j;p99.4p100;2000;0.082599998;992;j
RS;sptinc992j;p99.4p100;2001;0.086499996;992;j
RS;sptinc992j;p99.4p100;2002;0.086599998;992;j
RS;sptinc992j;p99.4p100;2003;0.0858;992;j
RS;sptinc992j;p99.4p100;2004;0.088500001;992;j
RS;sptinc992j;p99.4p100;2005;0.088299997;992;j
RS;sptinc992j;p99.4p100;2006;0.089299999;992;j
RS;sptinc992j;p99.4p100;2007;0.084200002;992;j
RS;sptinc992j;p99.4p100;2008;0.085600004;992;j
RS;sptinc992j;p99.4p100;2009;0.085699998;992;j
RS;sptinc992j;p99.4p100;2010;0.087300003;992;j
RS;sptinc992j;p99.4p100;2011;0.090800002;992;j
RS;sptinc992j;p99.4p100;2012;0.082900003;992;j
RS;sptinc992j;p99.4p100;2013;0.0845;992;j
RS;sptinc992j;p99.4p100;2014;0.105;992;j
RS;sptinc992j;p99.4p100;2015;0.1015;992;j
RS;sptinc992j;p99.4p100;2016;0.1016;992;j
RS;sptinc992j;p99.4p100;2017;0.1017;992;j
RS;sptinc992j;p99.95p99.96;1990;0.0020000001;992;j
RS;sptinc992j;p99.95p99.96;1991;0.0020000001;992;j
RS;sptinc992j;p99.95p99.96;1992;0.0020000001;992;j
RS;sptinc992j;p99.95p99.96;1993;0.0020999999;992;j
RS;sptinc992j;p99.95p99.96;1994;0.0020999999;992;j
RS;sptinc992j;p99.95p99.96;1995;0.0022;992;j
RS;sptinc992j;p99.95p99.96;1996;0.0022;992;j
RS;sptinc992j;p99.95p99.96;1997;0.0022;992;j
RS;sptinc992j;p99.95p99.96;1998;0.0023000001;992;j
RS;sptinc992j;p99.95p99.96;1999;0.0024000001;992;j
RS;sptinc992j;p99.95p99.96;2000;0.0024999999;992;j
RS;sptinc992j;p99.95p99.96;2001;0.0027000001;992;j
RS;sptinc992j;p99.95p99.96;2002;0.0027000001;992;j
RS;sptinc992j;p99.95p99.96;2003;0.0026;992;j
RS;sptinc992j;p99.95p99.96;2004;0.0027000001;992;j
RS;sptinc992j;p99.95p99.96;2005;0.0027000001;992;j
RS;sptinc992j;p99.95p99.96;2006;0.0027000001;992;j
RS;sptinc992j;p99.95p99.96;2007;0.0026;992;j
RS;sptinc992j;p99.95p99.96;2008;0.0026;992;j
RS;sptinc992j;p99.95p99.96;2009;0.0026;992;j
RS;sptinc992j;p99.95p99.96;2010;0.0026;992;j
RS;sptinc992j;p99.95p99.96;2011;0.0027999999;992;j
RS;sptinc992j;p99.95p99.96;2012;0.0024999999;992;j
RS;sptinc992j;p99.95p99.96;2013;0.0024999999;992;j
RS;sptinc992j;p99.95p99.96;2014;0.0033;992;j
RS;sptinc992j;p99.95p99.96;2015;0.0031000001;992;j
RS;sptinc992j;p99.95p99.96;2016;0.0031000001;992;j
RS;sptinc992j;p99.95p99.96;2017;0.0031000001;992;j
RS;sptinc992j;p99.99p100;1990;0.0088999998;992;j
RS;sptinc992j;p99.99p100;1991;0.0093;992;j
RS;sptinc992j;p99.99p100;1992;0.0094999997;992;j
RS;sptinc992j;p99.99p100;1993;0.0098999999;992;j
RS;sptinc992j;p99.99p100;1994;0.0101;992;j
RS;sptinc992j;p99.99p100;1995;0.0105;992;j
RS;sptinc992j;p99.99p100;1996;0.0108;992;j
RS;sptinc992j;p99.99p100;1997;0.0111;992;j
RS;sptinc992j;p99.99p100;1998;0.0109;992;j
RS;sptinc992j;p99.99p100;1999;0.012;992;j
RS;sptinc992j;p99.99p100;2000;0.013;992;j
RS;sptinc992j;p99.99p100;2001;0.0143;992;j
RS;sptinc992j;p99.99p100;2002;0.0137;992;j
RS;sptinc992j;p99.99p100;2003;0.0132;992;j
RS;sptinc992j;p99.99p100;2004;0.0136;992;j
RS;sptinc992j;p99.99p100;2005;0.0129;992;j
RS;sptinc992j;p99.99p100;2006;0.013;992;j
RS;sptinc992j;p99.99p100;2007;0.0118;992;j
RS;sptinc992j;p99.99p100;2008;0.0122;992;j
RS;sptinc992j;p99.99p100;2009;0.0119;992;j
RS;sptinc992j;p99.99p100;2010;0.0113;992;j
RS;sptinc992j;p99.99p100;2011;0.0121;992;j
RS;sptinc992j;p99.99p100;2012;0.0088;992;j
RS;sptinc992j;p99.99p100;2013;0.0098999999;992;j
RS;sptinc992j;p99.99p100;2014;0.0176;992;j
RS;sptinc992j;p99.99p100;2015;0.017100001;992;j
RS;sptinc992j;p99.99p100;2016;0.017100001;992;j
RS;sptinc992j;p99.99p100;2017;0.017100001;992;j
RS;tcainc992j;p39p40;1990;353624.09;992;j
RS;tcainc992j;p39p40;1991;307979.0;992;j
RS;tcainc992j;p39p40;1992;211473.91;992;j
RS;tcainc992j;p39p40;1993;137504.09;992;j
RS;tcainc992j;p39p40;1994;141818.91;992;j
RS;tcainc992j;p39p40;1995;149834.59;992;j
RS;tcainc992j;p39p40;1996;151657.91;992;j
RS;tcainc992j;p39p40;1997;160619.7;992;j
RS;tcainc992j;p39p40;1998;171033.59;992;j
RS;tcainc992j;p39p40;1999;195106.91;992;j
RS;tcainc992j;p39p40;2000;209060.91;992;j
RS;tcainc992j;p39p40;2001;203919.7;992;j
RS;tcainc992j;p39p40;2002;208541.7;992;j
RS;tcainc992j;p39p40;2003;218907.8;992;j
RS;tcainc992j;p39p40;2004;256128.2;992;j
RS;tcainc992j;p39p40;2005;285309.5;992;j
RS;tcainc992j;p39p40;2006;296204.81;992;j
RS;tcainc992j;p39p40;2007;295435.19;992;j
RS;tcainc992j;p39p40;2008;314072.19;992;j
RS;tcainc992j;p39p40;2009;306162.59;992;j
RS;tcainc992j;p39p40;2010;298179.09;992;j
RS;tcainc992j;p39p40;2011;293775.41;992;j
RS;tcainc992j;p39p40;2012;286478.91;992;j
RS;tcainc992j;p39p40;2013;287142.81;992;j
RS;tcainc992j;p39p40;2014;286025.31;992;j
RS;tcainc992j;p39p40;2015;281099.59;992;j
RS;tcainc992j;p39p40;2016;291570.09;992;j
RS;tcainc992j;p39p40;2017;291706.0;992;j
RS;tdiinc992j;p24p25;1990;354482.41;992;j
RS;tdiinc992j;p24p25;1991;311885.0;992;j
RS;tdiinc992j;p24p25;1992;216155.09;992;j
RS;tdiinc992j;p24p25;1993;141955.7;992;j
RS;tdiinc992j;p24p25;1994;148094.91;992;j
RS;tdiinc992j;p24p25;1995;158263.59;992;j
RS;tdiinc992j;p24p25;1996;161730.8;992;j
RS;tdiinc992j;p24p25;1997;174109.09;992;j
RS;tdiinc992j;p24p25;1998;185451.41;992;j
RS;tdiinc992j;p24p25;1999;200459.59;992;j
RS;tdiinc992j;p24p25;2000;222954.8;992;j
RS;tdiinc992j;p24p25;2001;223147.2;992;j
RS;tdiinc992j;p24p25;2002;232804.5;992;j
RS;tdiinc992j;p24p25;2003;237998.3;992;j
RS;tdiinc992j;p24p25;2004;254604.8;992;j
RS;tdiinc992j;p24p25;2005;278386.5;992;j
RS;tdiinc992j;p24p25;2006;279563.41;992;j
RS;tdiinc992j;p24p25;2007;286266.31;992;j
RS;tdiinc992j;p24p25;2008;296761.41;992;j
RS;tdiinc992j;p24p25;2009;274080.91;992;j
RS;tdiinc992j;p24p25;2010;255053.41;992;j
RS;tdiinc992j;p24p25;2011;235220.3;992;j
RS;tdiinc992j;p24p25;2012;243263.2;992;j
RS;tdiinc992j;p24p25;2013;213820.0;992;j
RS;tdiinc992j;p24p25;2014;242739.91;992;j
RS;tdiinc992j;p24p25;2015;217496.59;992;j
RS;tdiinc992j;p24p25;2016;218136.0;992;j
RS;tdiinc992j;p24p25;2017;218852.41;992;j
RS;tdiinc992j;p49p100;1990;613002.81;992;j
RS;tdiinc992j;p49p100;1991;534344.69;992;j
RS;tdiinc992j;p49p100;1992;366941.19;992;j
RS;tdiinc992j;p49p100;1993;238327.7;992;j
RS;tdiinc992j;p49p100;1994;245680.8;992;j
RS;tdiinc992j;p49p100;1995;259952.0;992;j
RS;tdiinc992j;p49p100;1996;262563.09;992;j
RS;tdiinc992j;p49p100;1997;279131.31;992;j
RS;tdiinc992j;p49p100;1998;285475.91;992;j
RS;tdiinc992j;p49p100;1999;310903.41;992;j
RS;tdiinc992j;p49p100;2000;340460.81;992;j
RS;tdiinc992j;p49p100;2001;337834.19;992;j
RS;tdiinc992j;p49p100;2002;361393.5;992;j
RS;tdiinc992j;p49p100;2003;377239.41;992;j
RS;tdiinc992j;p49p100;2004;421529.0;992;j
RS;tdiinc992j;p49p100;2005;461856.5;992;j
RS;tdiinc992j;p49p100;2006;483250.91;992;j
RS;tdiinc992j;p49p100;2007;499908.19;992;j
RS;tdiinc992j;p49p100;2008;530935.63;992;j
RS;tdiinc992j;p49p100;2009;516539.5;992;j
RS;tdiinc992j;p49p100;2010;508820.59;992;j
RS;tdiinc992j;p49p100;2011;505859.69;992;j
RS;tdiinc992j;p49p100;2012;496017.41;992;j
RS;tdiinc992j;p49p100;2013;510707.19;992;j
RS;tdiinc992j;p49p100;2014;490398.81;992;j
RS;tdiinc992j;p49p100;2015;491605.59;992;j
RS;tdiinc992j;p49p100;2016;504204.69;992;j
RS;tdiinc992j;p49p100;2017;506845.19;992;j
RS;tdiinc992j;p83p84;1990;1081504.5;992;j
RS;tdiinc992j;p83p84;1991;934303.88;992;j
RS;tdiinc992j;p83p84;1992;636805.88;992;j
RS;tdiinc992j;p83p84;1993;410854.0;992;j
RS;tdiinc992j;p83p84;1994;421151.69;992;j
RS;tdiinc992j;p83p84;1995;442361.69;992;j
RS;tdiinc992j;p83p84;1996;444102.81;992;j
RS;tdiinc992j;p83p84;1997;468498.31;992;j
RS;tdiinc992j;p83p84;1998;487401.31;992;j
RS;tdiinc992j;p83p84;1999;530206.88;992;j
RS;tdiinc992j;p83p84;2000;575615.88;992;j
RS;tdiinc992j;p83p84;2001;569492.13;992;j
RS;tdiinc992j;p83p84;2002;622527.63;992;j
RS;tdiinc992j;p83p84;2003;657549.81;992;j
RS;tdiinc992j;p83p84;2004;752285.31;992;j
RS;tdiinc992j;p83p84;2005;841789.69;992;j
RS;tdiinc992j;p83p84;2006;894073.31;992;j
RS;tdiinc992j;p83p84;2007;934860.38;992;j
RS;tdiinc992j;p83p84;2008;1005972.7;992;j
RS;tdiinc992j;p83p84;2009;991502.38;992;j
RS;tdiinc992j;p83p84;2010;1004334.1;992;j
RS;tdiinc992j;p83p84;2011;1020703.9;992;j
RS;tdiinc992j;p83p84;2012;1012289.8;992;j
RS;tdiinc992j;p83p84;2013;1064756.5;992;j
RS;tdiinc992j;p83p84;2014;972904.13;992;j
RS;tdiinc992j;p83p84;2015;957762.0;992;j
RS;tdiinc992j;p83p84;2016;990869.63;992;j
RS;tdiinc992j;p83p84;2017;997015.63;992;j
RS;tptinc992j;p59p100;1990;696095.5;992;j
RS;tptinc992j;p59p100;1991;602117.88;992;j
RS;tptinc992j;p59p100;1992;410669.0;992;j
RS;tptinc992j;p59p100;1993;265053.41;992;j
RS;tptinc992j;p59p100;1994;272296.59;992;j
RS;tptinc992j;p59p100;1995;285806.59;992;j
RS;tptinc992j;p59p100;1996;287108.81;992;j
RS;tptinc992j;p59p100;1997;303693.0;992;j
RS;tptinc992j;p59p100;1998;316796.81;992;j
RS;tptinc992j;p59p100;1999;345858.09;992;j
RS;tptinc992j;p59p100;2000;375446.09;992;j
RS;tptinc992j;p59p100;2001;370730.59;992;j
RS;tptinc992j;p59p100;2002;398738.19;992;j
RS;tptinc992j;p59p100;2003;419595.5;992;j
RS;tptinc992j;p59p100;2004;464677.5;992;j
RS;tptinc992j;p59p100;2005;514054.81;992;j
RS;tptinc992j;p59p100;2006;544133.38;992;j
RS;tptinc992j;p59p100;2007;566955.69;992;j
RS;tptinc992j;p59p100;2008;606116.31;992;j
RS;tptinc992j;p59p100;2009;593630.0;992;j
RS;tptinc992j;p59p100;2010;586518.38;992;j
RS;tptinc992j;p59p100;2011;580713.69;992;j
RS;tptinc992j;p59p100;2012;582117.38;992;j
RS;tptinc992j;p59p100;2013;606546.81;992;j
RS;tptinc992j;p59p100;2014;579280.63;992;j
RS;tptinc992j;p59p100;2015;595129.63;992;j
RS;tptinc992j;p59p100;2016;613286.38;992;j
RS;tptinc992j;p59p100;2017;616799.13;992;j
RS;tptinc992j;p64p65;1990;765801.19;992;j
RS;tptinc992j;p64p65;1991;663344.81;992;j
RS;tptinc992j;p64p65;1992;452777.69;992;j
RS;tptinc992j;p64p65;1993;292575.31;992;j
RS;tptinc992j;p64p65;1994;300045.31;992;j
RS;tptinc992j;p64p65;1995;315365.69;992;j
RS;tptinc992j;p64p65;1996;317164.09;992;j
RS;tptinc992j;p64p65;1997;335520.81;992;j
RS;tptinc992j;p64p65;1998;351957.31;992;j
RS;tptinc992j;p64p65;1999;381656.81;992;j
RS;tptinc992j;p64p65;2000;413023.0;992;j
RS;tptinc992j;p64p65;2001;408193.91;992;j
RS;tptinc992j;p64p65;2002;441413.5;992;j
RS;tptinc992j;p64p65;2003;463940.19;992;j
RS;tptinc992j;p64p65;2004;514326.31;992;j
RS;tptinc992j;p64p65;2005;569238.63;992;j
RS;tptinc992j;p64p65;2006;604817.38;992;j
RS;tptinc992j;p64p65;2007;632919.88;992;j
RS;tptinc992j;p64p65;2008;677316.81;992;j
RS;tptinc992j;p64p65;2009;665123.81;992;j
RS;tptinc992j;p64p65;2010;657935.38;992;j
RS;tptinc992j;p64p65;2011;653328.81;992;j
RS;tptinc992j;p64p65;2012;659077.0;992;j
RS;tptinc992j;p64p65;2013;686101.81;992;j
RS;tptinc992j;p64p65;2014;656411.31;992;j
RS;tptinc992j;p64p65;2015;668540.69;992;j
RS;tptinc992j;p64p65;2016;689128.63;992;j
RS;tptinc992j;p64p65;2017;693158.31;992;j
RS;tptinc992j;p82p83;1990;1085935.0;992;j
RS;tptinc992j;p82p83;1991;940593.0;992;j
RS;tptinc992j;p82p83;1992;642763.63;992;j
RS;tptinc992j;p82p83;1993;415753.31;992;j
RS;tptinc992j;p82p83;1994;426847.19;992;j
RS;tptinc992j;p82p83;1995;448748.09;992;j
RS;tptinc992j;p82p83;1996;451723.69;992;j
RS;tptinc992j;p82p83;1997;478034.41;992;j
RS;tptinc992j;p82p83;1998;495750.09;992;j
RS;tptinc992j;p82p83;1999;540142.38;992;j
RS;tptinc992j;p82p83;2000;586233.13;992;j
RS;tptinc992j;p82p83;2001;580311.88;992;j
RS;tptinc992j;p82p83;2002;633951.38;992;j
RS;tptinc992j;p82p83;2003;665907.0;992;j
RS;tptinc992j;p82p83;2004;751640.31;992;j
RS;tptinc992j;p82p83;2005;846572.81;992;j
RS;tptinc992j;p82p83;2006;896653.38;992;j
RS;tptinc992j;p82p83;2007;945622.38;992;j
RS;tptinc992j;p82p83;2008;1021091.2;992;j
RS;tptinc992j;p82p83;2009;1002103.3;992;j
RS;tptinc992j;p82p83;2010;1007426.9;992;j
RS;tptinc992j;p82p83;2011;1014850.0;992;j
RS;tptinc992j;p82p83;2012;1035973.8;992;j
RS;tptinc992j;p82p83;2013;1062341.5;992;j
RS;tptinc992j;p82p83;2014;1015536.3;992;j
RS;tptinc992j;p82p83;2015;1009581.3;992;j
RS;tptinc992j;p82p83;2016;1040314.6;992;j
RS;tptinc992j;p82p83;2017;1046215.8;992;j
RS;tptinc992j;p99.7p99.8;1990;5632590.0;992;j
RS;tptinc992j;p99.7p99.8;1991;4955373.5;992;j
RS;tptinc992j;p99.7p99.8;1992;3439705.5;992;j
RS;tptinc992j;p99.7p99.8;1993;2259699.0;992;j
RS;tptinc992j;p99.7p99.8;1994;2361518.5;992;j
RS;tptinc992j;p99.7p99.8;1995;2527024.5;992;j
RS;tptinc992j;p99.7p99.8;1996;2566387.8;992;j
RS;tptinc992j;p99.7p99.8;1997;2739737.3;992;j
RS;tptinc992j;p99.7p99.8;1998;2918535.0;992;j
RS;tptinc992j;p99.7p99.8;1999;3291458.5;992;j
RS;tptinc992j;p99.7p99.8;2000;3815718.0;992;j
RS;tptinc992j;p99.7p99.8;2001;3913248.8;992;j
RS;tptinc992j;p99.7p99.8;2002;4280239.5;992;j
RS;tptinc992j;p99.7p99.8;2003;4499593.5;992;j
RS;tptinc992j;p99.7p99.8;2004;5224502.0;992;j
RS;tptinc992j;p99.7p99.8;2005;5912541.0;992;j
RS;tptinc992j;p99.7p99.8;2006;6311240.5;992;j
RS;tptinc992j;p99.7p99.8;2007;6233987.5;992;j
RS;tptinc992j;p99.7p99.8;2008;6714839.0;992;j
RS;tptinc992j;p99.7p99.8;2009;6651590.5;992;j
RS;tptinc992j;p99.7p99.8;2010;6930376.5;992;j
RS;tptinc992j;p99.7p99.8;2011;7179124.5;992;j
RS;tptinc992j;p99.7p99.8;2012;6974409.5;992;j
RS;tptinc992j;p99.7p99.8;2013;7083689.5;992;j
RS;tptinc992j;p99.7p99.8;2014;7679129.0;992;j
RS;tptinc992j;p99.7p99.8;2015;7477416.5;992;j
RS;tptinc992j;p99.7p99.8;2016;7716021.5;992;j
RS;tptinc992j;p99.7p99.8;2017;7774175.5;992;j
RS;acainc992j;p18p19;1990;179292.09;992;j
RS;acainc992j;p18p19;1991;157431.0;992;j
RS;acainc992j;p18p19;1992;109413.4;992;j
RS;acainc992j;p18p19;1993;71924.898;992;j
RS;acainc992j;p18p19;1994;75182.398;992;j
RS;acainc992j;p18p19;1995;80584.102;992;j
RS;acainc992j;p18p19;1996;82374.5;992;j
RS;acainc992j;p18p19;1997;88146.102;992;j
RS;acainc992j;p18p19;1998;103656.9;992;j
RS;acainc992j;p18p19;1999;117292.6;992;j
RS;acainc992j;p18p19;2000;123627.1;992;j
RS;acainc992j;p18p19;2001;119287.8;992;j
RS;acainc992j;p18p19;2002;112777.2;992;j
RS;acainc992j;p18p19;2003;118738.4;992;j
RS;acainc992j;p18p19;2004;124077.4;992;j
RS;acainc992j;p18p19;2005;142924.5;992;j
RS;acainc992j;p18p19;2006;134612.3;992;j
RS;acainc992j;p18p19;2007;133908.09;992;j
RS;acainc992j;p18p19;2008;130945.2;992;j
RS;acainc992j;p18p19;2009;126422.2;992;j
RS;acainc992j;p18p19;2010;107991.3;992;j
RS;acainc992j;p18p19;2011;95600.898;992;j
RS;acainc992j;p18p19;2012;96851.703;992;j
RS;acainc992j;p18p19;2013;82504.5;992;j
RS;acainc992j;p18p19;2014;116293.4;992;j
RS;acainc992j;p18p19;2015;93496.102;992;j
RS;acainc992j;p18p19;2016;97193.602;992;j
RS;acainc992j;p18p19;2017;97047.203;992;j
RS;acainc992j;p31p32;1990;295636.31;992;j
RS;acainc992j;p31p32;1991;258381.7;992;j
RS;acainc992j;p31p32;1992;178113.91;992;j
RS;acainc992j;p31p32;1993;116256.0;992;j
RS;acainc992j;p31p32;1994;120497.2;992;j
RS;acainc992j;p31p32;1995;127974.8;992;j
RS;acainc992j;p31p32;1996;130097.1;992;j
RS;acainc992j;p31p32;1997;138414.5;992;j
RS;acainc992j;p31p32;1998;150256.8;992;j
RS;acainc992j;p31p32;1999;171453.2;992;j
RS;acainc992j;p31p32;2000;184370.7;992;j
RS;acainc992j;p31p32;2001;179169.2;992;j
RS;acainc992j;p31p32;2002;183857.5;992;j
RS;acainc992j;p31p32;2003;190907.09;992;j
RS;acainc992j;p31p32;2004;223053.59;992;j
RS;acainc992j;p31p32;2005;249095.0;992;j
RS;acainc992j;p31p32;2006;254388.3;992;j
RS;acainc992j;p31p32;2007;252851.41;992;j
RS;acainc992j;p31p32;2008;265299.0;992;j
RS;acainc992j;p31p32;2009;255712.3;992;j
RS;acainc992j;p31p32;2010;244339.41;992;j
RS;acainc992j;p31p32;2011;234703.09;992;j
RS;acainc992j;p31p32;2012;230460.7;992;j
RS;acainc992j;p31p32;2013;219564.2;992;j
RS;acainc992j;p31p32;2014;224939.3;992;j
RS;acainc992j;p31p32;2015;214227.3;992;j
RS;acainc992j;p31p32;2016;222234.7;992;j
RS;acainc992j;p31p32;2017;222264.2;992;j
RS;acainc992j;p64p100;1990;922727.69;992;j
RS;acainc992j;p64p100;1991;798358.38;992;j
RS;acainc992j;p64p100;1992;544814.13;992;j
RS;acainc992j;p64p100;1993;352267.19;992;j
RS;acainc992j;p64p100;1994;361693.81;992;j
RS;acainc992j;p64p100;1995;380620.5;992;j
RS;acainc992j;p64p100;1996;382174.81;992;j
RS;acainc992j;p64p100;1997;401654.5;992;j
RS;acainc992j;p64p100;1998;440565.09;992;j
RS;acainc992j;p64p100;1999;504385.19;992;j
RS;acainc992j;p64p100;2000;551001.81;992;j
RS;acainc992j;p64p100;2001;539053.0;992;j
RS;acainc992j;p64p100;2002;572760.5;992;j
RS;acainc992j;p64p100;2003;606753.0;992;j
RS;acainc992j;p64p100;2004;737127.63;992;j
RS;acainc992j;p64p100;2005;848136.63;992;j
RS;acainc992j;p64p100;2006;906396.5;992;j
RS;acainc992j;p64p100;2007;908871.69;992;j
RS;acainc992j;p64p100;2008;980002.31;992;j
RS;acainc992j;p64p100;2009;977600.5;992;j
RS;acainc992j;p64p100;2010;998784.19;992;j
RS;acainc992j;p64p100;2011;1023373.5;992;j
RS;acainc992j;p64p100;2012;1028237.8;992;j
RS;acainc992j;p64p100;2013;1056470.6;992;j
RS;acainc992j;p64p100;2014;1012835.0;992;j
RS;acainc992j;p64p100;2015;1049846.1;992;j
RS;acainc992j;p64p100;2016;1088719.8;992;j
RS;acainc992j;p64p100;2017;1089901.3;992;j
RS;acainc992j;p99.3p99.4;1990;2553435.5;992;j
RS;acainc992j;p99.3p99.4;1991;2207438.5;992;j
RS;acainc992j;p99.3p99.4;1992;1510648.1;992;j
RS;acainc992j;p99.3p99.4;1993;982859.88;992;j
RS;acainc992j;p99.3p99.4;1994;1012778.2;992;j
RS;acainc992j;p99.3p99.4;1995;1069822.9;992;j
RS;acainc992j;p99.3p99.4;1996;1071116.6;992;j
RS;acainc992j;p99.3p99.4;1997;1122487.6;992;j
RS;acainc992j;p99.3p99.4;1998;1252102.5;992;j
RS;acainc992j;p99.3p99.4;1999;1474485.0;992;j
RS;acainc992j;p99.3p99.4;2000;1684192.0;992;j
RS;acainc992j;p99.3p99.4;2001;1679629.1;992;j
RS;acainc992j;p99.3p99.4;2002;1814434.4;992;j
RS;acainc992j;p99.3p99.4;2003;1898560.9;992;j
RS;acainc992j;p99.3p99.4;2004;2301654.0;992;j
RS;acainc992j;p99.3p99.4;2005;2683199.5;992;j
RS;acainc992j;p99.3p99.4;2006;2928131.8;992;j
RS;acainc992j;p99.3p99.4;2007;2895348.5;992;j
RS;acainc992j;p99.3p99.4;2008;3136009.0;992;j
RS;acainc992j;p99.3p99.4;2009;3176973.5;992;j
RS;acainc992j;p99.3p99.4;2010;3302140.0;992;j
RS;acainc992j;p99.3p99.4;2011;3429830.8;992;j
RS;acainc992j;p99.3p99.4;2012;3517406.3;992;j
RS;acainc992j;p99.3p99.4;2013;3529390.5;992;j
RS;acainc992j;p99.3p99.4;2014;3454887.0;992;j
RS;acainc992j;p99.3p99.4;2015;3723055.0;992;j
RS;acainc992j;p99.3p99.4;2016;3860723.3;992;j
RS;acainc992j;p99.3p99.4;2017;3865116.8;992;j
RS;accmho999i;p0p100;1997;4866.7998;999;i
RS;accmho999i;p0p100;1998;5329.7998;999;i
RS;accmho999i;p0p100;1999;6994.6001;999;i
RS;accmho999i;p0p100;2000;8145.7998;999;i
RS;accmho999i;p0p100;2001;7819.0;999;i
RS;accmho999i;p0p100;2002;7419.3999;999;i
RS;accmho999i;p0p100;2003;5724.2998;999;i
RS;accmho999i;p0p100;2004;6630.2998;999;i
RS;accmho999i;p0p100;2005;6905.7998;999;i
RS;accmho999i;p0p100;2006;8383.2998;999;i
RS;accmho999i;p0p100;2007;8334.0996;999;i
RS;accmho999i;p0p100;2008;8795.5;999;i
RS;accmho999i;p0p100;2009;8336.7002;999;i
RS;accmho999i;p0p100;2010;8471.2002;999;i
RS;accmho999i;p0p100;2011;9710.5996;999;i
RS;adiinc992j;p0p100;1990;735105.13;992;j
RS;adiinc992j;p0p100;1991;638136.13;992;j
RS;adiinc992j;p0p100;1992;436886.59;992;j
RS;adiinc992j;p0p100;1993;283232.5;992;j
RS;adiinc992j;p0p100;1994;291613.69;992;j
RS;adiinc992j;p0p100;1995;307680.81;992;j
RS;adiinc992j;p0p100;1996;310072.0;992;j
RS;adiinc992j;p0p100;1997;328609.81;992;j
RS;adiinc992j;p0p100;1998;345611.69;992;j
RS;adiinc992j;p0p100;1999;378427.59;992;j
RS;adiinc992j;p0p100;2000;416097.5;992;j
RS;adiinc992j;p0p100;2001;415412.5;992;j
RS;adiinc992j;p0p100;2002;446889.09;992;j
RS;adiinc992j;p0p100;2003;469460.59;992;j
RS;adiinc992j;p0p100;2004;528433.38;992;j
RS;adiinc992j;p0p100;2005;589344.88;992;j
RS;adiinc992j;p0p100;2006;622122.69;992;j
RS;adiinc992j;p0p100;2007;641935.38;992;j
RS;adiinc992j;p0p100;2008;683461.81;992;j
RS;adiinc992j;p0p100;2009;671403.81;992;j
RS;adiinc992j;p0p100;2010;673251.31;992;j
RS;adiinc992j;p0p100;2011;675523.81;992;j
RS;adiinc992j;p0p100;2012;674617.88;992;j
RS;adiinc992j;p0p100;2013;690835.38;992;j
RS;adiinc992j;p0p100;2014;677289.13;992;j
RS;adiinc992j;p0p100;2015;682056.38;992;j
RS;adiinc992j;p0p100;2016;703175.13;992;j
RS;adiinc992j;p0p100;2017;707332.38;992;j
RS;ansrgo999i;p0p100;1997;0.0;999;i
RS;ansrgo999i;p0p100;1998;0.0;999;i
RS;ansrgo999i;p0p100;1999;0.0;999;i
RS;ansrgo999i;p0p100;2000;0.0;999;i
RS;ansrgo999i;p0p100;2001;0.0;999;i
RS;ansrgo999i;p0p100;2002;0.0;999;i
RS;ansrgo999i;p0p100;2003;0.0;999;i
RS;ansrgo999i;p0p100;2004;0.0;999;i
RS;ansrgo999i;p0p100;2005;0.0;999;i
RS;ansrgo999i;p0p100;2006;0.0;999;i
RS;ansrgo999i;p0p100;2007;0.0;999;i
RS;ansrgo999i;p0p100;2008;0.0;999;i
RS;ansrgo999i;p0p100;2009;0.0;999;i
RS;ansrgo999i;p0p100;2010;0.0;999;i
RS;ansrgo999i;p0p100;2011;0.0;999;i
RS;aptinc992j;p68p69;1990;841699.19;992;j
RS;aptinc992j;p68p69;1991;727911.63;992;j
RS;aptinc992j;p68p69;1992;496485.0;992;j
RS;aptinc992j;p68p69;1993;320649.41;992;j
RS;aptinc992j;p68p69;1994;328712.5;992;j
RS;aptinc992j;p68p69;1995;345332.69;992;j
RS;aptinc992j;p68p69;1996;346952.0;992;j
RS;aptinc992j;p68p69;1997;366642.91;992;j
RS;aptinc992j;p68p69;1998;383404.19;992;j
RS;aptinc992j;p68p69;1999;415123.69;992;j
RS;aptinc992j;p68p69;2000;449826.91;992;j
RS;aptinc992j;p68p69;2001;446120.09;992;j
RS;aptinc992j;p68p69;2002;483487.5;992;j
RS;aptinc992j;p68p69;2003;507885.09;992;j
RS;aptinc992j;p68p69;2004;565108.13;992;j
RS;aptinc992j;p68p69;2005;626966.13;992;j
RS;aptinc992j;p68p69;2006;666879.31;992;j
RS;aptinc992j;p68p69;2007;701226.13;992;j
RS;aptinc992j;p68p69;2008;751672.0;992;j
RS;aptinc992j;p68p69;2009;735889.38;992;j
RS;aptinc992j;p68p69;2010;729242.5;992;j
RS;aptinc992j;p68p69;2011;729755.19;992;j
RS;aptinc992j;p68p69;2012;737940.5;992;j
RS;aptinc992j;p68p69;2013;765109.88;992;j
RS;aptinc992j;p68p69;2014;731985.19;992;j
RS;aptinc992j;p68p69;2015;738048.13;992;j
RS;aptinc992j;p68p69;2016;760590.31;992;j
RS;aptinc992j;p68p69;2017;764817.31;992;j
RS;aptinc992j;p69p100;1990;1423443.0;992;j
RS;aptinc992j;p69p100;1991;1238501.5;992;j
RS;aptinc992j;p69p100;1992;849725.63;992;j
RS;aptinc992j;p69p100;1993;552071.81;992;j
RS;aptinc992j;p69p100;1994;569658.13;992;j
RS;aptinc992j;p69p100;1995;602408.63;992;j
RS;aptinc992j;p69p100;1996;607912.69;992;j
RS;aptinc992j;p69p100;1997;645199.19;992;j
RS;aptinc992j;p69p100;1998;678072.69;992;j
RS;aptinc992j;p69p100;1999;744131.69;992;j
RS;aptinc992j;p69p100;2000;825768.88;992;j
RS;aptinc992j;p69p100;2001;827086.88;992;j
RS;aptinc992j;p69p100;2002;901842.13;992;j
RS;aptinc992j;p69p100;2003;953382.81;992;j
RS;aptinc992j;p69p100;2004;1089817.9;992;j
RS;aptinc992j;p69p100;2005;1231455.4;992;j
RS;aptinc992j;p69p100;2006;1312441.9;992;j
RS;aptinc992j;p69p100;2007;1355033.4;992;j
RS;aptinc992j;p69p100;2008;1456610.4;992;j
RS;aptinc992j;p69p100;2009;1441578.0;992;j
RS;aptinc992j;p69p100;2010;1466204.8;992;j
RS;aptinc992j;p69p100;2011;1494270.4;992;j
RS;aptinc992j;p69p100;2012;1495867.4;992;j
RS;aptinc992j;p69p100;2013;1526460.3;992;j
RS;aptinc992j;p69p100;2014;1517909.4;992;j
RS;aptinc992j;p69p100;2015;1510288.0;992;j
RS;aptinc992j;p69p100;2016;1557154.4;992;j
RS;aptinc992j;p69p100;2017;1567022.5;992;j
RS;asegco999i;p0p100;1997;-1657.5;999;i
RS;asegco999i;p0p100;1998;24982.6;999;i
RS;asegco999i;p0p100;1999;37838.301;999;i
RS;asegco999i;p0p100;2000;46937.199;999;i
RS;asegco999i;p0p100;2001;35656.699;999;i
RS;asegco999i;p0p100;2002;29137.4;999;i
RS;asegco999i;p0p100;2003;21471.801;999;i
RS;asegco999i;p0p100;2004;46576.5;999;i
RS;asegco999i;p0p100;2005;53324.102;999;i
RS;asegco999i;p0p100;2006;57740.898;999;i
RS;asegco999i;p0p100;2007;52517.102;999;i
RS;asegco999i;p0p100;2008;52707.5;999;i
RS;asegco999i;p0p100;2009;63250.602;999;i
RS;asegco999i;p0p100;2010;63931.898;999;i
RS;asegco999i;p0p100;2011;71539.203;999;i
RS;asscnf999i;p0p100;1997;0.0;999;i
RS;asscnf999i;p0p100;1998;0.0;999;i
RS;asscnf999i;p0p100;1999;0.0;999;i
RS;asscnf999i;p0p100;2000;0.0;999;i
RS;asscnf999i;p0p100;2001;0.0;999;i
RS;asscnf999i;p0p100;2002;0.0;999;i
RS;asscnf999i;p0p100;2003;0.0;999;i
RS;asscnf999i;p0p100;2004;0.0;999;i
RS;asscnf999i;p0p100;2005;0.0;999;i
RS;asscnf999i;p0p100;2006;0.0;999;i
RS;asscnf999i;p0p100;2007;0.0;999;i
RS;asscnf999i;p0p100;2008;0.0;999;i
RS;asscnf999i;p0p100;2009;0.0;999;i
RS;asscnf999i;p0p100;2010;0.0;999;i
RS;asscnf999i;p0p100;2011;0.0;999;i
RS;bcainc992j;p99.3p100;1990;1.9785262;992;j
RS;bcainc992j;p99.3p100;1991;1.9422437;992;j
RS;bcainc992j;p99.3p100;1992;1.8954695;992;j
RS;bcainc992j;p99.3p100;1993;1.8661965;992;j
RS;bcainc992j;p99.3p100;1994;1.8470584;992;j
RS;bcainc992j;p99.3p100;1995;1.8311193;992;j
RS;bcainc992j;p99.3p100;1996;1.8109576;992;j
RS;bcainc992j;p99.3p100;1997;1.7897056;992;j
RS;bcainc992j;p99.3p100;1998;1.815819;992;j
RS;bcainc992j;p99.3p100;1999;1.9126018;992;j
RS;bcainc992j;p99.3p100;2000;1.9323835;992;j
RS;bcainc992j;p99.3p100;2001;2.0126896;992;j
RS;bcainc992j;p99.3p100;2002;1.9614099;992;j
RS;bcainc992j;p99.3p100;2003;1.9569722;992;j
RS;bcainc992j;p99.3p100;2004;1.9554577;992;j
RS;bcainc992j;p99.3p100;2005;1.9908947;992;j
RS;bcainc992j;p99.3p100;2006;1.9274423;992;j
RS;bcainc992j;p99.3p100;2007;1.8511118;992;j
RS;bcainc992j;p99.3p100;2008;1.7830749;992;j
RS;bcainc992j;p99.3p100;2009;1.8810737;992;j
RS;bcainc992j;p99.3p100;2010;1.8394367;992;j
RS;bcainc992j;p99.3p100;2011;1.8156848;992;j
RS;bcainc992j;p99.3p100;2012;2.0631676;992;j
RS;bcainc992j;p99.3p100;2013;1.8978573;992;j
RS;bcainc992j;p99.3p100;2014;2.363359;992;j
RS;bcainc992j;p99.3p100;2015;2.8249862;992;j
RS;bcainc992j;p99.3p100;2016;2.8256834;992;j
RS;bcainc992j;p99.3p100;2017;2.8281143;992;j
RS;bcainc992j;p99.98p100;1990;2.1500523;992;j
RS;bcainc992j;p99.98p100;1991;2.0983739;992;j
RS;bcainc992j;p99.98p100;1992;2.0280647;992;j
RS;bcainc992j;p99.98p100;1993;1.9799044;992;j
RS;bcainc992j;p99.98p100;1994;1.9493454;992;j
RS;bcainc992j;p99.98p100;1995;1.923309;992;j
RS;bcainc992j;p99.98p100;1996;1.8964564;992;j
RS;bcainc992j;p99.98p100;1997;1.8678497;992;j
RS;bcainc992j;p99.98p100;1998;1.8973235;992;j
RS;bcainc992j;p99.98p100;1999;2.0148561;992;j
RS;bcainc992j;p99.98p100;2000;2.0087252;992;j
RS;bcainc992j;p99.98p100;2001;2.105448;992;j
RS;bcainc992j;p99.98p100;2002;2.0239041;992;j
RS;bcainc992j;p99.98p100;2003;2.0314703;992;j
RS;bcainc992j;p99.98p100;2004;2.0367873;992;j
RS;bcainc992j;p99.98p100;2005;2.0807314;992;j
RS;bcainc992j;p99.98p100;2006;1.9818119;992;j
RS;bcainc992j;p99.98p100;2007;1.8880029;992;j
RS;bcainc992j;p99.98p100;2008;1.7931427;992;j
RS;bcainc992j;p99.98p100;2009;1.9164774;992;j
RS;bcainc992j;p99.98p100;2010;1.8563536;992;j
RS;bcainc992j;p99.98p100;2011;1.8211871;992;j
RS;bcainc992j;p99.98p100;2012;2.124011;992;j
RS;bcainc992j;p99.98p100;2013;1.9215214;992;j
RS;bcainc992j;p99.98p100;2014;2.5105171;992;j
RS;bcainc992j;p99.98p100;2015;3.046895;992;j
RS;bcainc992j;p99.98p100;2016;3.0479217;992;j
RS;bcainc992j;p99.98p100;2017;3.0509741;992;j
RS;bdiinc992j;p19p100;1990;2.9270864;992;j
RS;bdiinc992j;p19p100;1991;2.8840377;992;j
RS;bdiinc992j;p19p100;1992;2.8386102;992;j
RS;bdiinc992j;p19p100;1993;2.7979352;992;j
RS;bdiinc992j;p19p100;1994;2.7601397;992;j
RS;bdiinc992j;p19p100;1995;2.7225308;992;j
RS;bdiinc992j;p19p100;1996;2.6821599;992;j
RS;bdiinc992j;p19p100;1997;2.644665;992;j
RS;bdiinc992j;p19p100;1998;2.528372;992;j
RS;bdiinc992j;p19p100;1999;2.6232007;992;j
RS;bdiinc992j;p19p100;2000;2.668262;992;j
RS;bdiinc992j;p19p100;2001;2.6735187;992;j
RS;bdiinc992j;p19p100;2002;2.8453419;992;j
RS;bdiinc992j;p19p100;2003;2.8624694;992;j
RS;bdiinc992j;p19p100;2004;3.2109752;992;j
RS;bdiinc992j;p19p100;2005;3.1265833;992;j
RS;bdiinc992j;p19p100;2006;3.4035883;992;j
RS;bdiinc992j;p19p100;2007;3.3989501;992;j
RS;bdiinc992j;p19p100;2008;3.595706;992;j
RS;bdiinc992j;p19p100;2009;3.8290122;992;j
RS;bdiinc992j;p19p100;2010;4.2533674;992;j
RS;bdiinc992j;p19p100;2011;4.7398076;992;j
RS;bdiinc992j;p19p100;2012;4.6420593;992;j
RS;bdiinc992j;p19p100;2013;5.31914;992;j
RS;bdiinc992j;p19p100;2014;4.0884633;992;j
RS;bdiinc992j;p19p100;2015;4.7984786;992;j
RS;bdiinc992j;p19p100;2016;4.9942632;992;j
RS;bdiinc992j;p19p100;2017;5.0229335;992;j
RS;bptinc992j;p43p100;1990;2.0573642;992;j
RS;bptinc992j;p43p100;1991;2.0760934;992;j
RS;bptinc992j;p43p100;1992;2.0911555;992;j
RS;bptinc992j;p43p100;1993;2.1106191;992;j
RS;bptinc992j;p43p100;1994;2.1258917;992;j
RS;bptinc992j;p43p100;1995;2.1430292;992;j
RS;bptinc992j;p43p100;1996;2.1560016;992;j
RS;bptinc992j;p43p100;1997;2.1705985;992;j
RS;bptinc992j;p43p100;1998;2.2005186;992;j
RS;bptinc992j;p43p100;1999;2.1984849;992;j
RS;bptinc992j;p43p100;2000;2.229259;992;j
RS;bptinc992j;p43p100;2001;2.2366724;992;j
RS;bptinc992j;p43p100;2002;2.2846422;992;j
RS;bptinc992j;p43p100;2003;2.3059092;992;j
RS;bptinc992j;p43p100;2004;2.3493936;992;j
RS;bptinc992j;p43p100;2005;2.4218769;992;j
RS;bptinc992j;p43p100;2006;2.4576533;992;j
RS;bptinc992j;p43p100;2007;2.4598393;992;j
RS;bptinc992j;p43p100;2008;2.4955802;992;j
RS;bptinc992j;p43p100;2009;2.5142498;992;j
RS;bptinc992j;p43p100;2010;2.5849407;992;j
RS;bptinc992j;p43p100;2011;2.6667607;992;j
RS;bptinc992j;p43p100;2012;2.7061832;992;j
RS;bptinc992j;p43p100;2013;2.6471748;992;j
RS;bptinc992j;p43p100;2014;2.7529173;992;j
RS;bptinc992j;p43p100;2015;2.6672034;992;j
RS;bptinc992j;p43p100;2016;2.6684117;992;j
RS;bptinc992j;p43p100;2017;2.6710644;992;j
RS;mpinpx999i;p0p100;2002;44111396864.0;999;i
RS;mpinpx999i;p0p100;2003;50875228160.0;999;i
RS;mpinpx999i;p0p100;2004;62541676544.0;999;i
RS;mpinpx999i;p0p100;2005;86483738624.0;999;i
RS;mpinpx999i;p0p100;2006;106169434112.0;999;i
RS;mpinpx999i;p0p100;2007;217439322112.0;999;i
RS;mpinpx999i;p0p100;2008;211960741888.0;999;i
RS;mpinpx999i;p0p100;2009;144556998656.0;999;i
RS;mpinpx999i;p0p100;2010;167459127296.0;999;i
RS;mpinpx999i;p0p100;2011;258335719424.0;999;i
RS;mpinpx999i;p0p100;2012;251746402304.0;999;i
RS;mpinpx999i;p0p100;2013;276306558976.0;999;i
RS;mpinpx999i;p0p100;2014;272685137920.0;999;i
RS;mpinpx999i;p0p100;2015;325147852800.0;999;i
RS;mpinpx999i;p0p100;2016;346004127744.0;999;i
RS;mpinpx999i;p0p100;2017;389208178688.0;999;i
RS;mpinpx999i;p0p100;2018;329369681920.0;999;i
RS;npopul951m;p0p100;1950;356.0;951;m
RS;npopul951m;p0p100;1951;370.0;951;m
RS;npopul951m;p0p100;1952;431.0;951;m
RS;npopul951m;p0p100;1953;467.0;951;m
RS;npopul951m;p0p100;1954;417.0;951;m
RS;npopul951m;p0p100;1955;230.0;951;m
RS;npopul951m;p0p100;1956;251.0;951;m
RS;npopul951m;p0p100;1957;309.0;951;m
RS;npopul951m;p0p100;1958;350.0;951;m
RS;npopul951m;p0p100;1959;321.0;951;m
RS;npopul951m;p0p100;1960;186.0;951;m
RS;npopul951m;p0p100;1961;211.0;951;m
RS;npopul951m;p0p100;1962;268.0;951;m
RS;npopul951m;p0p100;1963;314.0;951;m
RS;npopul951m;p0p100;1964;305.0;951;m
RS;npopul951m;p0p100;1965;210.0;951;m
RS;npopul951m;p0p100;1966;269.0;951;m
RS;npopul951m;p0p100;1967;375.0;951;m
RS;npopul951m;p0p100;1968;449.0;951;m
RS;npopul951m;p0p100;1969;437.0;951;m
RS;npopul951m;p0p100;1970;295.0;951;m
RS;npopul951m;p0p100;1971;342.0;951;m
RS;npopul951m;p0p100;1972;425.0;951;m
RS;npopul951m;p0p100;1973;482.0;951;m
RS;npopul951m;p0p100;1974;462.0;951;m
RS;npopul951m;p0p100;1975;313.0;951;m
RS;npopul951m;p0p100;1976;360.0;951;m
RS;npopul951m;p0p100;1977;453.0;951;m
RS;npopul951m;p0p100;1978;520.0;951;m
RS;npopul951m;p0p100;1979;499.0;951;m
RS;npopul951m;p0p100;1980;337.0;951;m
RS;npopul951m;p0p100;1981;402.0;951;m
RS;npopul951m;p0p100;1982;515.0;951;m
RS;npopul951m;p0p100;1983;591.0;951;m
RS;npopul951m;p0p100;1984;561.0;951;m
RS;npopul951m;p0p100;1985;368.0;951;m
RS;npopul951m;p0p100;1986;392.0;951;m
RS;npopul951m;p0p100;1987;461.0;951;m
RS;npopul951m;p0p100;1988;517.0;951;m
RS;npopul951m;p0p100;1989;499.0;951;m
RS;npopul951m;p0p100;1990;344.0;951;m
RS;npopul951m;p0p100;1991;447.0;951;m
RS;npopul951m;p0p100;1992;637.0;951;m
RS;npopul951m;p0p100;1993;781.0;951;m
RS;npopul951m;p0p100;1994;771.0;951;m
RS;npopul951m;p0p100;1995;526.0;951;m
RS;npopul951m;p0p100;1996;632.0;951;m
RS;npopul951m;p0p100;1997;815.0;951;m
RS;npopul951m;p0p100;1998;944.0;951;m
RS;npopul951m;p0p100;1999;719.0;951;m
RS;npopul951m;p0p100;2000;502.0;951;m
RS;npopul951m;p0p100;2001;602.0;951;m
RS;npopul951m;p0p100;2002;781.0;951;m
RS;npopul951m;p0p100;2003;897.0;951;m
RS;npopul951m;p0p100;2004;838.0;951;m
RS;npopul951m;p0p100;2005;520.0;951;m
RS;npopul951m;p0p100;2006;576.0;951;m
RS;npopul951m;p0p100;2007;694.0;951;m
RS;npopul951m;p0p100;2008;761.0;951;m
RS;npopul951m;p0p100;2009;686.0;951;m
RS;npopul951m;p0p100;2010;396.0;951;m
RS;npopul951m;p0p100;2011;400.0;951;m
RS;npopul951m;p0p100;2012;464.0;951;m
RS;npopul951m;p0p100;2013;522.0;951;m
RS;npopul951m;p0p100;2014;501.0;951;m
RS;npopul951m;p0p100;2015;327.0;951;m
RS;npopul951m;p0p100;2016;473.0;951;m
RS;npopul951m;p0p100;2017;745.0;951;m
RS;npopul951m;p0p100;2018;955.0;951;m
RS;npopul951m;p0p100;2019;958.0;951;m
RS;scainc992j;p17p18;1990;0.0031000001;992;j
RS;scainc992j;p17p18;1991;0.0031999999;992;j
RS;scainc992j;p17p18;1992;0.0031999999;992;j
RS;scainc992j;p17p18;1993;0.0033;992;j
RS;scainc992j;p17p18;1994;0.0034;992;j
RS;scainc992j;p17p18;1995;0.0034;992;j
RS;scainc992j;p17p18;1996;0.0035000001;992;j
RS;scainc992j;p17p18;1997;0.0035000001;992;j
RS;scainc992j;p17p18;1998;0.0038000001;992;j
RS;scainc992j;p17p18;1999;0.0038999999;992;j
RS;scainc992j;p17p18;2000;0.0037;992;j
RS;scainc992j;p17p18;2001;0.0037;992;j
RS;scainc992j;p17p18;2002;0.0033;992;j
RS;scainc992j;p17p18;2003;0.0033;992;j
RS;scainc992j;p17p18;2004;0.0029;992;j
RS;scainc992j;p17p18;2005;0.0027999999;992;j
RS;scainc992j;p17p18;2006;0.0024999999;992;j
RS;scainc992j;p17p18;2007;0.0024000001;992;j
RS;scainc992j;p17p18;2008;0.0022;992;j
RS;scainc992j;p17p18;2009;0.0022;992;j
RS;scainc992j;p17p18;2010;0.0019;992;j
RS;scainc992j;p17p18;2011;0.0017;992;j
RS;scainc992j;p17p18;2012;0.0016;992;j
RS;scainc992j;p17p18;2013;0.0014;992;j
RS;scainc992j;p17p18;2014;0.0020999999;992;j
RS;scainc992j;p17p18;2015;0.0016;992;j
RS;scainc992j;p17p18;2016;0.0016;992;j
RS;scainc992j;p17p18;2017;0.0016;992;j
RS;scainc992j;p26p100;1990;0.93169999;992;j
RS;scainc992j;p26p100;1991;0.93080002;992;j
RS;scainc992j;p26p100;1992;0.92989999;992;j
RS;scainc992j;p26p100;1993;0.9289;992;j
RS;scainc992j;p26p100;1994;0.92790002;992;j
RS;scainc992j;p26p100;1995;0.92690003;992;j
RS;scainc992j;p26p100;1996;0.92580003;992;j
RS;scainc992j;p26p100;1997;0.92470002;992;j
RS;scainc992j;p26p100;1998;0.91970003;992;j
RS;scainc992j;p26p100;1999;0.91939998;992;j
RS;scainc992j;p26p100;2000;0.92119998;992;j
RS;scainc992j;p26p100;2001;0.92199999;992;j
RS;scainc992j;p26p100;2002;0.93110001;992;j
RS;scainc992j;p26p100;2003;0.93269998;992;j
RS;scainc992j;p26p100;2004;0.94010001;992;j
RS;scainc992j;p26p100;2005;0.94239998;992;j
RS;scainc992j;p26p100;2006;0.9479;992;j
RS;scainc992j;p26p100;2007;0.95099998;992;j
RS;scainc992j;p26p100;2008;0.95310003;992;j
RS;scainc992j;p26p100;2009;0.95499998;992;j
RS;scainc992j;p26p100;2010;0.96039999;992;j
RS;scainc992j;p26p100;2011;0.96530002;992;j
RS;scainc992j;p26p100;2012;0.96649998;992;j
RS;scainc992j;p26p100;2013;0.96600002;992;j
RS;scainc992j;p26p100;2014;0.94840002;992;j
RS;scainc992j;p26p100;2015;0.96039999;992;j
RS;scainc992j;p26p100;2016;0.96039999;992;j
RS;scainc992j;p26p100;2017;0.9605;992;j
RS;scainc992j;p45p46;1990;0.0077;992;j
RS;scainc992j;p45p46;1991;0.0077;992;j
RS;scainc992j;p45p46;1992;0.0077999998;992;j
RS;scainc992j;p45p46;1993;0.0077999998;992;j
RS;scainc992j;p45p46;1994;0.0077999998;992;j
RS;scainc992j;p45p46;1995;0.0077999998;992;j
RS;scainc992j;p45p46;1996;0.0078999996;992;j
RS;scainc992j;p45p46;1997;0.0078999996;992;j
RS;scainc992j;p45p46;1998;0.0076000001;992;j
RS;scainc992j;p45p46;1999;0.0076000001;992;j
RS;scainc992j;p45p46;2000;0.0074999998;992;j
RS;scainc992j;p45p46;2001;0.0074999998;992;j
RS;scainc992j;p45p46;2002;0.0074999998;992;j
RS;scainc992j;p45p46;2003;0.0074;992;j
RS;scainc992j;p45p46;2004;0.0073000002;992;j
RS;scainc992j;p45p46;2005;0.0071999999;992;j
RS;scainc992j;p45p46;2006;0.0071;992;j
RS;scainc992j;p45p46;2007;0.0071999999;992;j
RS;scainc992j;p45p46;2008;0.0071;992;j
RS;scainc992j;p45p46;2009;0.0070000002;992;j
RS;scainc992j;p45p46;2010;0.0068000001;992;j
RS;scainc992j;p45p46;2011;0.0066999998;992;j
RS;scainc992j;p45p46;2012;0.0066;992;j
RS;scainc992j;p45p46;2013;0.0066;992;j
RS;scainc992j;p45p46;2014;0.0065000001;992;j
RS;scainc992j;p45p46;2015;0.0063999998;992;j
RS;scainc992j;p45p46;2016;0.0063999998;992;j
RS;scainc992j;p45p46;2017;0.0063999998;992;j
RS;scainc992j;p58p59;1990;0.0097000003;992;j
RS;scainc992j;p58p59;1991;0.0097000003;992;j
RS;scainc992j;p58p59;1992;0.0097000003;992;j
RS;scainc992j;p58p59;1993;0.0097000003;992;j
RS;scainc992j;p58p59;1994;0.0097000003;992;j
RS;scainc992j;p58p59;1995;0.0097000003;992;j
RS;scainc992j;p58p59;1996;0.0097000003;992;j
RS;scainc992j;p58p59;1997;0.0097000003;992;j
RS;scainc992j;p58p59;1998;0.0096000005;992;j
RS;scainc992j;p58p59;1999;0.0094999997;992;j
RS;scainc992j;p58p59;2000;0.0093999999;992;j
RS;scainc992j;p58p59;2001;0.0093;992;j
RS;scainc992j;p58p59;2002;0.0093;992;j
RS;scainc992j;p58p59;2003;0.0093;992;j
RS;scainc992j;p58p59;2004;0.0093;992;j
RS;scainc992j;p58p59;2005;0.0092000002;992;j
RS;scainc992j;p58p59;2006;0.0092000002;992;j
RS;scainc992j;p58p59;2007;0.0093;992;j
RS;scainc992j;p58p59;2008;0.0093;992;j
RS;scainc992j;p58p59;2009;0.0091000004;992;j
RS;scainc992j;p58p59;2010;0.0089999996;992;j
RS;scainc992j;p58p59;2011;0.0089999996;992;j
RS;scainc992j;p58p59;2012;0.0088999998;992;j
RS;scainc992j;p58p59;2013;0.0088999998;992;j
RS;scainc992j;p58p59;2014;0.0087000001;992;j
RS;scainc992j;p58p59;2015;0.0085000005;992;j
RS;scainc992j;p58p59;2016;0.0085000005;992;j
RS;scainc992j;p58p59;2017;0.0085000005;992;j
RS;scainc992j;p93p100;1990;0.2307;992;j
RS;scainc992j;p93p100;1991;0.22930001;992;j
RS;scainc992j;p93p100;1992;0.22830001;992;j
RS;scainc992j;p93p100;1993;0.228;992;j
RS;scainc992j;p93p100;1994;0.22759999;992;j
RS;scainc992j;p93p100;1995;0.2273;992;j
RS;scainc992j;p93p100;1996;0.22589999;992;j
RS;scainc992j;p93p100;1997;0.2244;992;j
RS;scainc992j;p93p100;1998;0.2274;992;j
RS;scainc992j;p93p100;1999;0.2333;992;j
RS;scainc992j;p93p100;2000;0.24160001;992;j
RS;scainc992j;p93p100;2001;0.24699999;992;j
RS;scainc992j;p93p100;2002;0.2529;992;j
RS;scainc992j;p93p100;2003;0.2529;992;j
RS;scainc992j;p93p100;2004;0.25760001;992;j
RS;scainc992j;p93p100;2005;0.26370001;992;j
RS;scainc992j;p93p100;2006;0.26980001;992;j
RS;scainc992j;p93p100;2007;0.2674;992;j
RS;scainc992j;p93p100;2008;0.26899999;992;j
RS;scainc992j;p93p100;2009;0.2753;992;j
RS;scainc992j;p93p100;2010;0.28349999;992;j
RS;scainc992j;p93p100;2011;0.29049999;992;j
RS;scainc992j;p93p100;2012;0.29890001;992;j
RS;scainc992j;p93p100;2013;0.2922;992;j
RS;scainc992j;p93p100;2014;0.29929999;992;j
RS;scainc992j;p93p100;2015;0.3285;992;j
RS;scainc992j;p93p100;2016;0.3285;992;j
RS;scainc992j;p93p100;2017;0.32859999;992;j
RS;sdiinc992j;p48p49;1990;0.0082999999;992;j
RS;sdiinc992j;p48p49;1991;0.0082999999;992;j
RS;sdiinc992j;p48p49;1992;0.0082999999;992;j
RS;sdiinc992j;p48p49;1993;0.0082999999;992;j
RS;sdiinc992j;p48p49;1994;0.0083999997;992;j
RS;sdiinc992j;p48p49;1995;0.0083999997;992;j
RS;sdiinc992j;p48p49;1996;0.0083999997;992;j
RS;sdiinc992j;p48p49;1997;0.0083999997;992;j
RS;sdiinc992j;p48p49;1998;0.0082;992;j
RS;sdiinc992j;p48p49;1999;0.0081000002;992;j
RS;sdiinc992j;p48p49;2000;0.0081000002;992;j
RS;sdiinc992j;p48p49;2001;0.0081000002;992;j
RS;sdiinc992j;p48p49;2002;0.0080000004;992;j
RS;sdiinc992j;p48p49;2003;0.0080000004;992;j
RS;sdiinc992j;p48p49;2004;0.0078999996;992;j
RS;sdiinc992j;p48p49;2005;0.0077999998;992;j
RS;sdiinc992j;p48p49;2006;0.0077;992;j
RS;sdiinc992j;p48p49;2007;0.0077;992;j
RS;sdiinc992j;p48p49;2008;0.0077;992;j
RS;sdiinc992j;p48p49;2009;0.0076000001;992;j
RS;sdiinc992j;p48p49;2010;0.0074999998;992;j
RS;sdiinc992j;p48p49;2011;0.0074;992;j
RS;sdiinc992j;p48p49;2012;0.0073000002;992;j
RS;sdiinc992j;p48p49;2013;0.0073000002;992;j
RS;sdiinc992j;p48p49;2014;0.0071999999;992;j
RS;sdiinc992j;p48p49;2015;0.0071;992;j
RS;sdiinc992j;p48p49;2016;0.0071;992;j
RS;sdiinc992j;p48p49;2017;0.0071;992;j
RS;sdiinc992j;p76p100;1990;0.48069999;992;j
RS;sdiinc992j;p76p100;1991;0.47870001;992;j
RS;sdiinc992j;p76p100;1992;0.47710001;992;j
RS;sdiinc992j;p76p100;1993;0.47589999;992;j
RS;sdiinc992j;p76p100;1994;0.47459999;992;j
RS;sdiinc992j;p76p100;1995;0.4734;992;j
RS;sdiinc992j;p76p100;1996;0.47130001;992;j
RS;sdiinc992j;p76p100;1997;0.4689;992;j
RS;sdiinc992j;p76p100;1998;0.4727;992;j
RS;sdiinc992j;p76p100;1999;0.47870001;992;j
RS;sdiinc992j;p76p100;2000;0.48230001;992;j
RS;sdiinc992j;p76p100;2001;0.4849;992;j
RS;sdiinc992j;p76p100;2002;0.49149999;992;j
RS;sdiinc992j;p76p100;2003;0.49430001;992;j
RS;sdiinc992j;p76p100;2004;0.50370002;992;j
RS;sdiinc992j;p76p100;2005;0.5115;992;j
RS;sdiinc992j;p76p100;2006;0.5194;992;j
RS;sdiinc992j;p76p100;2007;0.51880002;992;j
RS;sdiinc992j;p76p100;2008;0.52209997;992;j
RS;sdiinc992j;p76p100;2009;0.52880001;992;j
RS;sdiinc992j;p76p100;2010;0.5395;992;j
RS;sdiinc992j;p76p100;2011;0.55049998;992;j
RS;sdiinc992j;p76p100;2012;0.5539;992;j
RS;sdiinc992j;p76p100;2013;0.55330002;992;j
RS;sdiinc992j;p76p100;2014;0.54320002;992;j
RS;sdiinc992j;p76p100;2015;0.56440002;992;j
RS;sdiinc992j;p76p100;2016;0.56849998;992;j
RS;sdiinc992j;p76p100;2017;0.56910002;992;j
RS;sdiinc992j;p99.7p100;1990;0.040399998;992;j
RS;sdiinc992j;p99.7p100;1991;0.0392;992;j
RS;sdiinc992j;p99.7p100;1992;0.037799999;992;j
RS;sdiinc992j;p99.7p100;1993;0.037099998;992;j
RS;sdiinc992j;p99.7p100;1994;0.036600001;992;j
RS;sdiinc992j;p99.7p100;1995;0.036200002;992;j
RS;sdiinc992j;p99.7p100;1996;0.035399999;992;j
RS;sdiinc992j;p99.7p100;1997;0.034499999;992;j
RS;sdiinc992j;p99.7p100;1998;0.0363;992;j
RS;sdiinc992j;p99.7p100;1999;0.0407;992;j
RS;sdiinc992j;p99.7p100;2000;0.043000001;992;j
RS;sdiinc992j;p99.7p100;2001;0.046500001;992;j
RS;sdiinc992j;p99.7p100;2002;0.045899998;992;j
RS;sdiinc992j;p99.7p100;2003;0.045400001;992;j
RS;sdiinc992j;p99.7p100;2004;0.046100002;992;j
RS;sdiinc992j;p99.7p100;2005;0.0484;992;j
RS;sdiinc992j;p99.7p100;2006;0.047800001;992;j
RS;sdiinc992j;p99.7p100;2007;0.044399999;992;j
RS;sdiinc992j;p99.7p100;2008;0.042399999;992;j
RS;sdiinc992j;p99.7p100;2009;0.046999998;992;j
RS;sdiinc992j;p99.7p100;2010;0.046999998;992;j
RS;sdiinc992j;p99.7p100;2011;0.047499999;992;j
RS;sdiinc992j;p99.7p100;2012;0.0583;992;j
RS;sdiinc992j;p99.7p100;2013;0.050799999;992;j
RS;sdiinc992j;p99.7p100;2014;0.068599999;992;j
RS;sdiinc992j;p99.7p100;2015;0.091899998;992;j
RS;sdiinc992j;p99.7p100;2016;0.093099996;992;j
RS;sdiinc992j;p99.7p100;2017;0.0933;992;j
RS;sdiinc992j;p99.99p99.991;1990;0.0004;992;j
RS;sdiinc992j;p99.99p99.991;1991;0.0004;992;j
RS;sdiinc992j;p99.99p99.991;1992;0.0003;992;j
RS;sdiinc992j;p99.99p99.991;1993;0.0003;992;j
RS;sdiinc992j;p99.99p99.991;1994;0.0003;992;j
RS;sdiinc992j;p99.99p99.991;1995;0.0003;992;j
RS;sdiinc992j;p99.99p99.991;1996;0.0003;992;j
RS;sdiinc992j;p99.99p99.991;1997;0.0003;992;j
RS;sdiinc992j;p99.99p99.991;1998;0.0003;992;j
RS;sdiinc992j;p99.99p99.991;1999;0.0004;992;j
RS;sdiinc992j;p99.99p99.991;2000;0.0004;992;j
RS;sdiinc992j;p99.99p99.991;2001;0.0004;992;j
RS;sdiinc992j;p99.99p99.991;2002;0.0004;992;j
RS;sdiinc992j;p99.99p99.991;2003;0.0004;992;j
RS;sdiinc992j;p99.99p99.991;2004;0.0004;992;j
RS;sdiinc992j;p99.99p99.991;2005;0.0005;992;j
RS;sdiinc992j;p99.99p99.991;2006;0.0004;992;j
RS;sdiinc992j;p99.99p99.991;2007;0.0004;992;j
RS;sdiinc992j;p99.99p99.991;2008;0.0004;992;j
RS;sdiinc992j;p99.99p99.991;2009;0.0004;992;j
RS;sdiinc992j;p99.99p99.991;2010;0.0004;992;j
RS;sdiinc992j;p99.99p99.991;2011;0.0004;992;j
RS;sdiinc992j;p99.99p99.991;2012;0.0006;992;j
RS;sdiinc992j;p99.99p99.991;2013;0.0005;992;j
RS;sdiinc992j;p99.99p99.991;2014;0.0007;992;j
RS;sdiinc992j;p99.99p99.991;2015;0.001;992;j
RS;sdiinc992j;p99.99p99.991;2016;0.001;992;j
RS;sdiinc992j;p99.99p99.991;2017;0.001;992;j
RS;tcainc992j;p29p100;1990;271725.69;992;j
RS;tcainc992j;p29p100;1991;238249.3;992;j
RS;tcainc992j;p29p100;1992;165770.09;992;j
RS;tcainc992j;p29p100;1993;108482.0;992;j
RS;tcainc992j;p29p100;1994;112934.6;992;j
RS;tcainc992j;p29p100;1995;120472.6;992;j
RS;tcainc992j;p29p100;1996;122925.2;992;j
RS;tcainc992j;p29p100;1997;131124.7;992;j
RS;tcainc992j;p29p100;1998;143993.8;992;j
RS;tcainc992j;p29p100;1999;163031.0;992;j
RS;tcainc992j;p29p100;2000;176159.41;992;j
RS;tcainc992j;p29p100;2001;171784.09;992;j
RS;tcainc992j;p29p100;2002;175346.0;992;j
RS;tcainc992j;p29p100;2003;180788.0;992;j
RS;tcainc992j;p29p100;2004;209035.5;992;j
RS;tcainc992j;p29p100;2005;234048.8;992;j
RS;tcainc992j;p29p100;2006;236936.0;992;j
RS;tcainc992j;p29p100;2007;235859.3;992;j
RS;tcainc992j;p29p100;2008;243566.91;992;j
RS;tcainc992j;p29p100;2009;233570.2;992;j
RS;tcainc992j;p29p100;2010;218595.8;992;j
RS;tcainc992j;p29p100;2011;205818.0;992;j
RS;tcainc992j;p29p100;2012;207358.59;992;j
RS;tcainc992j;p29p100;2013;193564.0;992;j
RS;tcainc992j;p29p100;2014;207940.7;992;j
RS;tcainc992j;p29p100;2015;193245.91;992;j
RS;tcainc992j;p29p100;2016;200441.5;992;j
RS;tcainc992j;p29p100;2017;200520.59;992;j
RS;tcainc992j;p52p100;1990;448106.31;992;j
RS;tcainc992j;p52p100;1991;389896.31;992;j
RS;tcainc992j;p52p100;1992;267587.91;992;j
RS;tcainc992j;p52p100;1993;173509.8;992;j
RS;tcainc992j;p52p100;1994;178830.3;992;j
RS;tcainc992j;p52p100;1995;188639.5;992;j
RS;tcainc992j;p52p100;1996;190369.5;992;j
RS;tcainc992j;p52p100;1997;201083.8;992;j
RS;tcainc992j;p52p100;1998;217075.0;992;j
RS;tcainc992j;p52p100;1999;245857.3;992;j
RS;tcainc992j;p52p100;2000;265041.31;992;j
RS;tcainc992j;p52p100;2001;256690.3;992;j
RS;tcainc992j;p52p100;2002;267425.41;992;j
RS;tcainc992j;p52p100;2003;279657.19;992;j
RS;tcainc992j;p52p100;2004;333322.91;992;j
RS;tcainc992j;p52p100;2005;372956.19;992;j
RS;tcainc992j;p52p100;2006;390313.31;992;j
RS;tcainc992j;p52p100;2007;391230.0;992;j
RS;tcainc992j;p52p100;2008;417513.91;992;j
RS;tcainc992j;p52p100;2009;408543.81;992;j
RS;tcainc992j;p52p100;2010;402533.09;992;j
RS;tcainc992j;p52p100;2011;401537.69;992;j
RS;tcainc992j;p52p100;2012;396288.0;992;j
RS;tcainc992j;p52p100;2013;404465.91;992;j
RS;tcainc992j;p52p100;2014;391777.19;992;j
RS;tcainc992j;p52p100;2015;387551.81;992;j
RS;tcainc992j;p52p100;2016;401981.0;992;j
RS;tcainc992j;p52p100;2017;402244.91;992;j
RS;tcainc992j;p6p100;1990;78188.203;992;j
RS;tcainc992j;p6p100;1991;67617.703;992;j
RS;tcainc992j;p6p100;1992;46094.398;992;j
RS;tcainc992j;p6p100;1993;29926.6;992;j
RS;tcainc992j;p6p100;1994;31821.9;992;j
RS;tcainc992j;p6p100;1995;34368.898;992;j
RS;tcainc992j;p6p100;1996;35560.102;992;j
RS;tcainc992j;p6p100;1997;38511.5;992;j
RS;tcainc992j;p6p100;1998;45782.801;992;j
RS;tcainc992j;p6p100;1999;53746.5;992;j
RS;tcainc992j;p6p100;2000;54847.301;992;j
RS;tcainc992j;p6p100;2001;52037.5;992;j
RS;tcainc992j;p6p100;2002;41497.301;992;j
RS;tcainc992j;p6p100;2003;43822.602;992;j
RS;tcainc992j;p6p100;2004;43706.102;992;j
RS;tcainc992j;p6p100;2005;44426.801;992;j
RS;tcainc992j;p6p100;2006;36427.699;992;j
RS;tcainc992j;p6p100;2007;28491.4;992;j
RS;tcainc992j;p6p100;2008;32247.5;992;j
RS;tcainc992j;p6p100;2009;35017.699;992;j
RS;tcainc992j;p6p100;2010;29607.4;992;j
RS;tcainc992j;p6p100;2011;25542.4;992;j
RS;tcainc992j;p6p100;2012;21876.6;992;j
RS;tcainc992j;p6p100;2013;41885.102;992;j
RS;tcainc992j;p6p100;2014;78930.203;992;j
RS;tcainc992j;p6p100;2015;54917.199;992;j
RS;tcainc992j;p6p100;2016;57028.898;992;j
RS;tcainc992j;p6p100;2017;56958.199;992;j
RS;tcainc992j;p99.994p100;1990;27248026.0;992;j
RS;tcainc992j;p99.994p100;1991;22509986.0;992;j
RS;tcainc992j;p99.994p100;1992;14464509.0;992;j
RS;tcainc992j;p99.994p100;1993;9014865.0;992;j
RS;tcainc992j;p99.994p100;1994;9025469.0;992;j
RS;tcainc992j;p99.994p100;1995;9299683.0;992;j
RS;tcainc992j;p99.994p100;1996;9037151.0;992;j
RS;tcainc992j;p99.994p100;1997;9167699.0;992;j
RS;tcainc992j;p99.994p100;1998;10620556.0;992;j
RS;tcainc992j;p99.994p100;1999;14282417.0;992;j
RS;tcainc992j;p99.994p100;2000;16557306.0;992;j
RS;tcainc992j;p99.994p100;2001;18205524.0;992;j
RS;tcainc992j;p99.994p100;2002;18362382.0;992;j
RS;tcainc992j;p99.994p100;2003;19192188.0;992;j
RS;tcainc992j;p99.994p100;2004;23295570.0;992;j
RS;tcainc992j;p99.994p100;2005;28373330.0;992;j
RS;tcainc992j;p99.994p100;2006;28392764.0;992;j
RS;tcainc992j;p99.994p100;2007;25280548.0;992;j
RS;tcainc992j;p99.994p100;2008;24598810.0;992;j
RS;tcainc992j;p99.994p100;2009;28839540.0;992;j
RS;tcainc992j;p99.994p100;2010;28137348.0;992;j
RS;tcainc992j;p99.994p100;2011;28130376.0;992;j
RS;tcainc992j;p99.994p100;2012;39887672.0;992;j
RS;tcainc992j;p99.994p100;2013;32581846.0;992;j
RS;tcainc992j;p99.994p100;2014;52573708.0;992;j
RS;tcainc992j;p99.994p100;2015;77176912.0;992;j
RS;tcainc992j;p99.994p100;2016;80086888.0;992;j
RS;tcainc992j;p99.994p100;2017;80265816.0;992;j
RS;tdiinc992j;p16p100;1990;249013.09;992;j
RS;tdiinc992j;p16p100;1991;219951.59;992;j
RS;tdiinc992j;p16p100;1992;153207.7;992;j
RS;tdiinc992j;p16p100;1993;100866.7;992;j
RS;tdiinc992j;p16p100;1994;105564.1;992;j
RS;tdiinc992j;p16p100;1995;112978.0;992;j
RS;tdiinc992j;p16p100;1996;115314.6;992;j
RS;tdiinc992j;p16p100;1997;124550.5;992;j
RS;tdiinc992j;p16p100;1998;136550.59;992;j
RS;tdiinc992j;p16p100;1999;149369.91;992;j
RS;tdiinc992j;p16p100;2000;162413.7;992;j
RS;tdiinc992j;p16p100;2001;159329.2;992;j
RS;tdiinc992j;p16p100;2002;157619.41;992;j
RS;tdiinc992j;p16p100;2003;164720.5;992;j
RS;tdiinc992j;p16p100;2004;167610.59;992;j
RS;tdiinc992j;p16p100;2005;180485.8;992;j
RS;tdiinc992j;p16p100;2006;173981.3;992;j
RS;tdiinc992j;p16p100;2007;174603.8;992;j
RS;tdiinc992j;p16p100;2008;179916.0;992;j
RS;tdiinc992j;p16p100;2009;168696.3;992;j
RS;tdiinc992j;p16p100;2010;152445.91;992;j
RS;tdiinc992j;p16p100;2011;137633.91;992;j
RS;tdiinc992j;p16p100;2012;136390.41;992;j
RS;tdiinc992j;p16p100;2013;131318.5;992;j
RS;tdiinc992j;p16p100;2014;172482.59;992;j
RS;tdiinc992j;p16p100;2015;144603.7;992;j
RS;tdiinc992j;p16p100;2016;142157.09;992;j
RS;tdiinc992j;p16p100;2017;142041.41;992;j
RS;tdiinc992j;p99.995p99.996;1990;39689196.0;992;j
RS;tdiinc992j;p99.995p99.996;1991;32732758.0;992;j
RS;tdiinc992j;p99.995p99.996;1992;20978382.0;992;j
RS;tdiinc992j;p99.995p99.996;1993;13050623.0;992;j
RS;tdiinc992j;p99.995p99.996;1994;13051375.0;992;j
RS;tdiinc992j;p99.995p99.996;1995;13435318.0;992;j
RS;tdiinc992j;p99.995p99.996;1996;13041613.0;992;j
RS;tdiinc992j;p99.995p99.996;1997;13253171.0;992;j
RS;tdiinc992j;p99.995p99.996;1998;14927677.0;992;j
RS;tdiinc992j;p99.995p99.996;1999;19570580.0;992;j
RS;tdiinc992j;p99.995p99.996;2000;22787438.0;992;j
RS;tdiinc992j;p99.995p99.996;2001;25715268.0;992;j
RS;tdiinc992j;p99.995p99.996;2002;26353362.0;992;j
RS;tdiinc992j;p99.995p99.996;2003;27455152.0;992;j
RS;tdiinc992j;p99.995p99.996;2004;31411052.0;992;j
RS;tdiinc992j;p99.995p99.996;2005;37572800.0;992;j
RS;tdiinc992j;p99.995p99.996;2006;37438472.0;992;j
RS;tdiinc992j;p99.995p99.996;2007;34049372.0;992;j
RS;tdiinc992j;p99.995p99.996;2008;32720772.0;992;j
RS;tdiinc992j;p99.995p99.996;2009;38414760.0;992;j
RS;tdiinc992j;p99.995p99.996;2010;37234728.0;992;j
RS;tdiinc992j;p99.995p99.996;2011;37043320.0;992;j
RS;tdiinc992j;p99.995p99.996;2012;53112588.0;992;j
RS;tdiinc992j;p99.995p99.996;2013;43010676.0;992;j
RS;tdiinc992j;p99.995p99.996;2014;70897280.0;992;j
RS;tdiinc992j;p99.995p99.996;2015;105177040.0;992;j
RS;tdiinc992j;p99.995p99.996;2016;109871136.0;992;j
RS;tdiinc992j;p99.995p99.996;2017;110825256.0;992;j
RS;tptinc992j;p11p12;1990;167136.09;992;j
RS;tptinc992j;p11p12;1991;145712.59;992;j
RS;tptinc992j;p11p12;1992;100201.6;992;j
RS;tptinc992j;p11p12;1993;65236.398;992;j
RS;tptinc992j;p11p12;1994;67513.5;992;j
RS;tptinc992j;p11p12;1995;71467.203;992;j
RS;tptinc992j;p11p12;1996;72494.0;992;j
RS;tptinc992j;p11p12;1997;77218.203;992;j
RS;tptinc992j;p11p12;1998;88586.602;992;j
RS;tptinc992j;p11p12;1999;97422.297;992;j
RS;tptinc992j;p11p12;2000;105469.3;992;j
RS;tptinc992j;p11p12;2001;106891.3;992;j
RS;tptinc992j;p11p12;2002;100754.1;992;j
RS;tptinc992j;p11p12;2003;100082.1;992;j
RS;tptinc992j;p11p12;2004;100264.5;992;j
RS;tptinc992j;p11p12;2005;100085.6;992;j
RS;tptinc992j;p11p12;2006;90938.0;992;j
RS;tptinc992j;p11p12;2007;83374.102;992;j
RS;tptinc992j;p11p12;2008;71969.297;992;j
RS;tptinc992j;p11p12;2009;61554.602;992;j
RS;tptinc992j;p11p12;2010;55696.0;992;j
RS;tptinc992j;p11p12;2011;47528.102;992;j
RS;tptinc992j;p11p12;2012;42519.801;992;j
RS;tptinc992j;p11p12;2013;36876.801;992;j
RS;tptinc992j;p11p12;2014;33230.699;992;j
RS;tptinc992j;p11p12;2015;37593.898;992;j
RS;tptinc992j;p11p12;2016;38937.102;992;j
RS;tptinc992j;p11p12;2017;39149.199;992;j
RS;tptinc992j;p56p57;1990;659578.31;992;j
RS;tptinc992j;p56p57;1991;571068.81;992;j
RS;tptinc992j;p56p57;1992;390351.5;992;j
RS;tptinc992j;p56p57;1993;252487.8;992;j
RS;tptinc992j;p56p57;1994;259382.5;992;j
RS;tptinc992j;p56p57;1995;272799.91;992;j
RS;tptinc992j;p56p57;1996;274572.09;992;j
RS;tptinc992j;p56p57;1997;290625.5;992;j
RS;tptinc992j;p56p57;1998;302849.41;992;j
RS;tptinc992j;p56p57;1999;328742.5;992;j
RS;tptinc992j;p56p57;2000;357931.0;992;j
RS;tptinc992j;p56p57;2001;353983.19;992;j
RS;tptinc992j;p56p57;2002;379736.81;992;j
RS;tptinc992j;p56p57;2003;398160.69;992;j
RS;tptinc992j;p56p57;2004;441626.5;992;j
RS;tptinc992j;p56p57;2005;487173.19;992;j
RS;tptinc992j;p56p57;2006;514597.81;992;j
RS;tptinc992j;p56p57;2007;534933.31;992;j
RS;tptinc992j;p56p57;2008;567797.81;992;j
RS;tptinc992j;p56p57;2009;558951.81;992;j
RS;tptinc992j;p56p57;2010;549508.81;992;j
RS;tptinc992j;p56p57;2011;543873.81;992;j
RS;tptinc992j;p56p57;2012;547232.31;992;j
RS;tptinc992j;p56p57;2013;567534.13;992;j
RS;tptinc992j;p56p57;2014;540570.5;992;j
RS;tptinc992j;p56p57;2015;556819.19;992;j
RS;tptinc992j;p56p57;2016;573654.63;992;j
RS;tptinc992j;p56p57;2017;576840.81;992;j
RS;tptinc992j;p65p66;1990;783784.88;992;j
RS;tptinc992j;p65p66;1991;677571.88;992;j
RS;tptinc992j;p65p66;1992;462719.0;992;j
RS;tptinc992j;p65p66;1993;298647.19;992;j
RS;tptinc992j;p65p66;1994;306454.59;992;j
RS;tptinc992j;p65p66;1995;322386.0;992;j
RS;tptinc992j;p65p66;1996;323977.19;992;j
RS;tptinc992j;p65p66;1997;342492.0;992;j
RS;tptinc992j;p65p66;1998;359062.81;992;j
RS;tptinc992j;p65p66;1999;389210.41;992;j
RS;tptinc992j;p65p66;2000;421301.31;992;j
RS;tptinc992j;p65p66;2001;416669.5;992;j
RS;tptinc992j;p65p66;2002;451053.91;992;j
RS;tptinc992j;p65p66;2003;473504.31;992;j
RS;tptinc992j;p65p66;2004;524721.63;992;j
RS;tptinc992j;p65p66;2005;581538.0;992;j
RS;tptinc992j;p65p66;2006;618762.0;992;j
RS;tptinc992j;p65p66;2007;646344.88;992;j
RS;tptinc992j;p65p66;2008;692584.88;992;j
RS;tptinc992j;p65p66;2009;679812.81;992;j
RS;tptinc992j;p65p66;2010;673365.31;992;j
RS;tptinc992j;p65p66;2011;671585.38;992;j
RS;tptinc992j;p65p66;2012;676330.5;992;j
RS;tptinc992j;p65p66;2013;702526.31;992;j
RS;tptinc992j;p65p66;2014;672994.63;992;j
RS;tptinc992j;p65p66;2015;685073.31;992;j
RS;tptinc992j;p65p66;2016;705812.31;992;j
RS;tptinc992j;p65p66;2017;709880.63;992;j
RS;tptinc992j;p96p97;1990;1810651.5;992;j
RS;tptinc992j;p96p97;1991;1576546.1;992;j
RS;tptinc992j;p96p97;1992;1083440.5;992;j
RS;tptinc992j;p96p97;1993;704270.0;992;j
RS;tptinc992j;p96p97;1994;728003.19;992;j
RS;tptinc992j;p96p97;1995;770269.19;992;j
RS;tptinc992j;p96p97;1996;777217.0;992;j
RS;tptinc992j;p96p97;1997;824605.38;992;j
RS;tptinc992j;p96p97;1998;874779.13;992;j
RS;tptinc992j;p96p97;1999;957455.31;992;j
RS;tptinc992j;p96p97;2000;1069319.9;992;j
RS;tptinc992j;p96p97;2001;1067449.0;992;j
RS;tptinc992j;p96p97;2002;1172319.4;992;j
RS;tptinc992j;p96p97;2003;1251678.6;992;j
RS;tptinc992j;p96p97;2004;1442236.0;992;j
RS;tptinc992j;p96p97;2005;1652052.9;992;j
RS;tptinc992j;p96p97;2006;1762540.0;992;j
RS;tptinc992j;p96p97;2007;1816190.4;992;j
RS;tptinc992j;p96p97;2008;1946967.6;992;j
RS;tptinc992j;p96p97;2009;1941209.1;992;j
RS;tptinc992j;p96p97;2010;2011123.4;992;j
RS;tptinc992j;p96p97;2011;2056107.9;992;j
RS;tptinc992j;p96p97;2012;2096176.3;992;j
RS;tptinc992j;p96p97;2013;2102821.3;992;j
RS;tptinc992j;p96p97;2014;2014283.4;992;j
RS;tptinc992j;p96p97;2015;2008167.5;992;j
RS;tptinc992j;p96p97;2016;2070673.9;992;j
RS;tptinc992j;p96p97;2017;2084186.3;992;j
RS;tptinc992j;p99.5p99.6;1990;4422032.5;992;j
RS;tptinc992j;p99.5p99.6;1991;3880984.3;992;j
RS;tptinc992j;p99.5p99.6;1992;2689654.8;992;j
RS;tptinc992j;p99.5p99.6;1993;1762775.4;992;j
RS;tptinc992j;p99.5p99.6;1994;1839618.6;992;j
RS;tptinc992j;p99.5p99.6;1995;1964004.1;992;j
RS;tptinc992j;p99.5p99.6;1996;1991239.8;992;j
RS;tptinc992j;p99.5p99.6;1997;2121970.5;992;j
RS;tptinc992j;p99.5p99.6;1998;2263155.3;992;j
RS;tptinc992j;p99.5p99.6;1999;2536378.3;992;j
RS;tptinc992j;p99.5p99.6;2000;2925888.8;992;j
RS;tptinc992j;p99.5p99.6;2001;2982824.8;992;j
RS;tptinc992j;p99.5p99.6;2002;3273086.8;992;j
RS;tptinc992j;p99.5p99.6;2003;3451966.5;992;j
RS;tptinc992j;p99.5p99.6;2004;4005357.0;992;j
RS;tptinc992j;p99.5p99.6;2005;4553332.5;992;j
RS;tptinc992j;p99.5p99.6;2006;4859741.0;992;j
RS;tptinc992j;p99.5p99.6;2007;4833430.5;992;j
RS;tptinc992j;p99.5p99.6;2008;5199069.5;992;j
RS;tptinc992j;p99.5p99.6;2009;5160839.5;992;j
RS;tptinc992j;p99.5p99.6;2010;5396732.5;992;j
RS;tptinc992j;p99.5p99.6;2011;5573955.5;992;j
RS;tptinc992j;p99.5p99.6;2012;5518324.0;992;j
RS;tptinc992j;p99.5p99.6;2013;5563006.5;992;j
RS;tptinc992j;p99.5p99.6;2014;5823688.5;992;j
RS;tptinc992j;p99.5p99.6;2015;5682788.0;992;j
RS;tptinc992j;p99.5p99.6;2016;5863671.0;992;j
RS;tptinc992j;p99.5p99.6;2017;5907533.0;992;j
RS;tptinc992j;p99.92p99.93;1990;10792482.0;992;j
RS;tptinc992j;p99.92p99.93;1991;9557844.0;992;j
RS;tptinc992j;p99.92p99.93;1992;6657259.5;992;j
RS;tptinc992j;p99.92p99.93;1993;4401373.5;992;j
RS;tptinc992j;p99.92p99.93;1994;4611001.0;992;j
RS;tptinc992j;p99.92p99.93;1995;4963519.0;992;j
RS;tptinc992j;p99.92p99.93;1996;5065168.0;992;j
RS;tptinc992j;p99.92p99.93;1997;5435761.0;992;j
RS;tptinc992j;p99.92p99.93;1998;5756844.0;992;j
RS;tptinc992j;p99.92p99.93;1999;6599312.0;992;j
RS;tptinc992j;p99.92p99.93;2000;7721546.5;992;j
RS;tptinc992j;p99.92p99.93;2001;8046257.0;992;j
RS;tptinc992j;p99.92p99.93;2002;8702148.0;992;j
RS;tptinc992j;p99.92p99.93;2003;9071263.0;992;j
RS;tptinc992j;p99.92p99.93;2004;10539876.0;992;j
RS;tptinc992j;p99.92p99.93;2005;11759889.0;992;j
RS;tptinc992j;p99.92p99.93;2006;12557530.0;992;j
RS;tptinc992j;p99.92p99.93;2007;12210670.0;992;j
RS;tptinc992j;p99.92p99.93;2008;13206424.0;992;j
RS;tptinc992j;p99.92p99.93;2009;12999178.0;992;j
RS;tptinc992j;p99.92p99.93;2010;13337161.0;992;j
RS;tptinc992j;p99.92p99.93;2011;13927188.0;992;j
RS;tptinc992j;p99.92p99.93;2012;12738858.0;992;j
RS;tptinc992j;p99.92p99.93;2013;13272448.0;992;j
RS;tptinc992j;p99.92p99.93;2014;15940807.0;992;j
RS;tptinc992j;p99.92p99.93;2015;15487572.0;992;j
RS;tptinc992j;p99.92p99.93;2016;15983455.0;992;j
RS;tptinc992j;p99.92p99.93;2017;16103283.0;992;j
RS;acainc992j;p15p100;1990;593410.19;992;j
RS;acainc992j;p15p100;1991;514973.0;992;j
RS;acainc992j;p15p100;1992;352440.09;992;j
RS;acainc992j;p15p100;1993;228409.59;992;j
RS;acainc992j;p15p100;1994;235090.41;992;j
RS;acainc992j;p15p100;1995;247965.91;992;j
RS;acainc992j;p15p100;1996;249806.59;992;j
RS;acainc992j;p15p100;1997;263412.0;992;j
RS;acainc992j;p15p100;1998;288210.41;992;j
RS;acainc992j;p15p100;1999;328991.69;992;j
RS;acainc992j;p15p100;2000;357429.69;992;j
RS;acainc992j;p15p100;2001;348579.69;992;j
RS;acainc992j;p15p100;2002;366124.0;992;j
RS;acainc992j;p15p100;2003;386121.69;992;j
RS;acainc992j;p15p100;2004;463145.69;992;j
RS;acainc992j;p15p100;2005;528260.5;992;j
RS;acainc992j;p15p100;2006;558423.81;992;j
RS;acainc992j;p15p100;2007;558828.0;992;j
RS;acainc992j;p15p100;2008;598837.5;992;j
RS;acainc992j;p15p100;2009;592350.5;992;j
RS;acainc992j;p15p100;2010;595890.31;992;j
RS;acainc992j;p15p100;2011;603092.5;992;j
RS;acainc992j;p15p100;2012;603235.38;992;j
RS;acainc992j;p15p100;2013;614463.88;992;j
RS;acainc992j;p15p100;2014;596577.19;992;j
RS;acainc992j;p15p100;2015;606562.63;992;j
RS;acainc992j;p15p100;2016;629060.69;992;j
RS;acainc992j;p15p100;2017;629625.81;992;j
RS;acainc992j;p18p100;1990;609475.69;992;j
RS;acainc992j;p18p100;1991;528819.13;992;j
RS;acainc992j;p18p100;1992;361848.69;992;j
RS;acainc992j;p18p100;1993;234464.3;992;j
RS;acainc992j;p18p100;1994;241276.41;992;j
RS;acainc992j;p18p100;1995;254442.7;992;j
RS;acainc992j;p18p100;1996;256279.7;992;j
RS;acainc992j;p18p100;1997;270183.0;992;j
RS;acainc992j;p18p100;1998;295372.59;992;j
RS;acainc992j;p18p100;1999;337098.31;992;j
RS;acainc992j;p18p100;2000;366366.69;992;j
RS;acainc992j;p18p100;2001;357400.0;992;j
RS;acainc992j;p18p100;2002;375840.81;992;j
RS;acainc992j;p18p100;2003;396388.81;992;j
RS;acainc992j;p18p100;2004;476042.69;992;j
RS;acainc992j;p18p100;2005;543162.19;992;j
RS;acainc992j;p18p100;2006;574715.0;992;j
RS;acainc992j;p18p100;2007;575364.5;992;j
RS;acainc992j;p18p100;2008;616794.19;992;j
RS;acainc992j;p18p100;2009;610213.31;992;j
RS;acainc992j;p18p100;2010;614433.19;992;j
RS;acainc992j;p18p100;2011;622305.81;992;j
RS;acainc992j;p18p100;2012;622597.88;992;j
RS;acainc992j;p18p100;2013;634401.5;992;j
RS;acainc992j;p18p100;2014;614602.5;992;j
RS;acainc992j;p18p100;2015;625838.19;992;j
RS;acainc992j;p18p100;2016;649044.38;992;j
RS;acainc992j;p18p100;2017;649633.81;992;j
RS;acainc992j;p24p25;1990;233877.7;992;j
RS;acainc992j;p24p25;1991;206087.0;992;j
RS;acainc992j;p24p25;1992;143285.5;992;j
RS;acainc992j;p24p25;1993;94267.703;992;j
RS;acainc992j;p24p25;1994;98533.203;992;j
RS;acainc992j;p24p25;1995;105521.4;992;j
RS;acainc992j;p24p25;1996;108110.0;992;j
RS;acainc992j;p24p25;1997;115915.0;992;j
RS;acainc992j;p24p25;1998;129944.1;992;j
RS;acainc992j;p24p25;1999;147871.41;992;j
RS;acainc992j;p24p25;2000;160882.5;992;j
RS;acainc992j;p24p25;2001;157066.5;992;j
RS;acainc992j;p24p25;2002;157303.91;992;j
RS;acainc992j;p24p25;2003;161123.91;992;j
RS;acainc992j;p24p25;2004;182414.91;992;j
RS;acainc992j;p24p25;2005;203019.8;992;j
RS;acainc992j;p24p25;2006;202039.09;992;j
RS;acainc992j;p24p25;2007;198590.91;992;j
RS;acainc992j;p24p25;2008;204905.59;992;j
RS;acainc992j;p24p25;2009;190066.7;992;j
RS;acainc992j;p24p25;2010;173525.09;992;j
RS;acainc992j;p24p25;2011;159668.09;992;j
RS;acainc992j;p24p25;2012;165095.0;992;j
RS;acainc992j;p24p25;2013;140099.59;992;j
RS;acainc992j;p24p25;2014;162989.09;992;j
RS;acainc992j;p24p25;2015;143394.2;992;j
RS;acainc992j;p24p25;2016;148846.8;992;j
RS;acainc992j;p24p25;2017;148839.0;992;j
RS;acainc992j;p71p100;1990;1004223.9;992;j
RS;acainc992j;p71p100;1991;868190.69;992;j
RS;acainc992j;p71p100;1992;592353.19;992;j
RS;acainc992j;p71p100;1993;382989.09;992;j
RS;acainc992j;p71p100;1994;393201.81;992;j
RS;acainc992j;p71p100;1995;413734.59;992;j
RS;acainc992j;p71p100;1996;415230.31;992;j
RS;acainc992j;p71p100;1997;436181.0;992;j
RS;acainc992j;p71p100;1998;478835.41;992;j
RS;acainc992j;p71p100;1999;549369.69;992;j
RS;acainc992j;p71p100;2000;601861.88;992;j
RS;acainc992j;p71p100;2001;589623.31;992;j
RS;acainc992j;p71p100;2002;627186.88;992;j
RS;acainc992j;p71p100;2003;664800.88;992;j
RS;acainc992j;p71p100;2004;808962.13;992;j
RS;acainc992j;p71p100;2005;933211.81;992;j
RS;acainc992j;p71p100;2006;998811.5;992;j
RS;acainc992j;p71p100;2007;1001019.0;992;j
RS;acainc992j;p71p100;2008;1079650.5;992;j
RS;acainc992j;p71p100;2009;1079377.6;992;j
RS;acainc992j;p71p100;2010;1105498.1;992;j
RS;acainc992j;p71p100;2011;1135196.1;992;j
RS;acainc992j;p71p100;2012;1142133.1;992;j
RS;acainc992j;p71p100;2013;1170951.0;992;j
RS;acainc992j;p71p100;2014;1124731.8;992;j
RS;acainc992j;p71p100;2015;1174208.1;992;j
RS;acainc992j;p71p100;2016;1217699.6;992;j
RS;acainc992j;p71p100;2017;1219067.8;992;j
RS;acainc992j;p87p100;1990;1344285.8;992;j
RS;acainc992j;p87p100;1991;1161204.0;992;j
RS;acainc992j;p87p100;1992;791833.0;992;j
RS;acainc992j;p87p100;1993;512265.59;992;j
RS;acainc992j;p87p100;1994;526147.81;992;j
RS;acainc992j;p87p100;1995;553911.0;992;j
RS;acainc992j;p87p100;1996;555194.38;992;j
RS;acainc992j;p87p100;1997;582442.63;992;j
RS;acainc992j;p87p100;1998;645199.31;992;j
RS;acainc992j;p87p100;1999;748057.13;992;j
RS;acainc992j;p87p100;2000;829787.0;992;j
RS;acainc992j;p87p100;2001;820212.5;992;j
RS;acainc992j;p87p100;2002;874549.81;992;j
RS;acainc992j;p87p100;2003;927085.0;992;j
RS;acainc992j;p87p100;2004;1131034.3;992;j
RS;acainc992j;p87p100;2005;1314798.8;992;j
RS;acainc992j;p87p100;2006;1414510.4;992;j
RS;acainc992j;p87p100;2007;1409309.3;992;j
RS;acainc992j;p87p100;2008;1519025.3;992;j
RS;acainc992j;p87p100;2009;1529025.8;992;j
RS;acainc992j;p87p100;2010;1578445.0;992;j
RS;acainc992j;p87p100;2011;1631154.8;992;j
RS;acainc992j;p87p100;2012;1650364.5;992;j
RS;acainc992j;p87p100;2013;1669703.3;992;j
RS;acainc992j;p87p100;2014;1640940.3;992;j
RS;acainc992j;p87p100;2015;1765180.8;992;j
RS;acainc992j;p87p100;2016;1830652.8;992;j
RS;acainc992j;p87p100;2017;1833014.4;992;j
RS;adiinc992j;p29p100;1990;934101.88;992;j
RS;adiinc992j;p29p100;1991;810007.63;992;j
RS;adiinc992j;p29p100;1992;553904.69;992;j
RS;adiinc992j;p29p100;1993;358678.91;992;j
RS;adiinc992j;p29p100;1994;368849.09;992;j
RS;adiinc992j;p29p100;1995;388711.31;992;j
RS;adiinc992j;p29p100;1996;391205.19;992;j
RS;adiinc992j;p29p100;1997;413900.19;992;j
RS;adiinc992j;p29p100;1998;434132.81;992;j
RS;adiinc992j;p29p100;1999;476376.5;992;j
RS;adiinc992j;p29p100;2000;523870.09;992;j
RS;adiinc992j;p29p100;2001;523190.19;992;j
RS;adiinc992j;p29p100;2002;567172.31;992;j
RS;adiinc992j;p29p100;2003;596964.38;992;j
RS;adiinc992j;p29p100;2004;677603.81;992;j
RS;adiinc992j;p29p100;2005;757901.81;992;j
RS;adiinc992j;p29p100;2006;804940.88;992;j
RS;adiinc992j;p29p100;2007;831856.0;992;j
RS;adiinc992j;p29p100;2008;887717.88;992;j
RS;adiinc992j;p29p100;2009;874611.69;992;j
RS;adiinc992j;p29p100;2010;882120.69;992;j
RS;adiinc992j;p29p100;2011;891071.38;992;j
RS;adiinc992j;p29p100;2012;890004.38;992;j
RS;adiinc992j;p29p100;2013;912211.19;992;j
RS;adiinc992j;p29p100;2014;877784.0;992;j
RS;adiinc992j;p29p100;2015;895042.69;992;j
RS;adiinc992j;p29p100;2016;925510.81;992;j
RS;adiinc992j;p29p100;2017;931334.63;992;j
RS;adiinc992j;p3p100;1990;754184.63;992;j
RS;adiinc992j;p3p100;1991;654804.38;992;j
RS;adiinc992j;p3p100;1992;448385.41;992;j
RS;adiinc992j;p3p100;1993;290747.41;992;j
RS;adiinc992j;p3p100;1994;299416.41;992;j
RS;adiinc992j;p3p100;1995;315984.19;992;j
RS;adiinc992j;p3p100;1996;318511.69;992;j
RS;adiinc992j;p3p100;1997;337618.69;992;j
RS;adiinc992j;p3p100;1998;355168.59;992;j
RS;adiinc992j;p3p100;1999;388949.81;992;j
RS;adiinc992j;p3p100;2000;427672.69;992;j
RS;adiinc992j;p3p100;2001;426975.59;992;j
RS;adiinc992j;p3p100;2002;459530.5;992;j
RS;adiinc992j;p3p100;2003;482526.09;992;j
RS;adiinc992j;p3p100;2004;543182.5;992;j
RS;adiinc992j;p3p100;2005;605799.19;992;j
RS;adiinc992j;p3p100;2006;639518.38;992;j
RS;adiinc992j;p3p100;2007;659885.81;992;j
RS;adiinc992j;p3p100;2008;702542.88;992;j
RS;adiinc992j;p3p100;2009;689921.0;992;j
RS;adiinc992j;p3p100;2010;691814.88;992;j
RS;adiinc992j;p3p100;2011;694310.5;992;j
RS;adiinc992j;p3p100;2012;693453.0;992;j
RS;adiinc992j;p3p100;2013;709362.63;992;j
RS;adiinc992j;p3p100;2014;693999.13;992;j
RS;adiinc992j;p3p100;2015;699755.13;992;j
RS;adiinc992j;p3p100;2016;721654.69;992;j
RS;adiinc992j;p3p100;2017;725946.81;992;j
RS;adiinc992j;p68p69;1990;833203.31;992;j
RS;adiinc992j;p68p69;1991;728067.5;992;j
RS;adiinc992j;p68p69;1992;497547.41;992;j
RS;adiinc992j;p68p69;1993;321843.0;992;j
RS;adiinc992j;p68p69;1994;330676.69;992;j
RS;adiinc992j;p68p69;1995;348283.41;992;j
RS;adiinc992j;p68p69;1996;350805.41;992;j
RS;adiinc992j;p68p69;1997;371455.41;992;j
RS;adiinc992j;p68p69;1998;389141.31;992;j
RS;adiinc992j;p68p69;1999;420767.19;992;j
RS;adiinc992j;p68p69;2000;456912.59;992;j
RS;adiinc992j;p68p69;2001;453127.31;992;j
RS;adiinc992j;p68p69;2002;491451.81;992;j
RS;adiinc992j;p68p69;2003;516313.31;992;j
RS;adiinc992j;p68p69;2004;583946.5;992;j
RS;adiinc992j;p68p69;2005;646693.88;992;j
RS;adiinc992j;p68p69;2006;683428.81;992;j
RS;adiinc992j;p68p69;2007;710328.69;992;j
RS;adiinc992j;p68p69;2008;760247.31;992;j
RS;adiinc992j;p68p69;2009;740419.63;992;j
RS;adiinc992j;p68p69;2010;740988.19;992;j
RS;adiinc992j;p68p69;2011;741943.31;992;j
RS;adiinc992j;p68p69;2012;736830.69;992;j
RS;adiinc992j;p68p69;2013;771624.13;992;j
RS;adiinc992j;p68p69;2014;726059.0;992;j
RS;adiinc992j;p68p69;2015;706078.0;992;j
RS;adiinc992j;p68p69;2016;728158.38;992;j
RS;adiinc992j;p68p69;2017;732425.5;992;j
RS;afsubx999i;p0p100;1997;-101.8;999;i
RS;afsubx999i;p0p100;1998;-128.89999;999;i
RS;afsubx999i;p0p100;1999;-218.39999;999;i
RS;afsubx999i;p0p100;2000;-239.39999;999;i
RS;afsubx999i;p0p100;2001;-241.39999;999;i
RS;afsubx999i;p0p100;2002;-393.5;999;i
RS;afsubx999i;p0p100;2003;-428.70001;999;i
RS;afsubx999i;p0p100;2004;-484.10001;999;i
RS;afsubx999i;p0p100;2005;-477.10001;999;i
RS;afsubx999i;p0p100;2006;-494.10001;999;i
RS;afsubx999i;p0p100;2007;0.0;999;i
RS;afsubx999i;p0p100;2008;0.0;999;i
RS;afsubx999i;p0p100;2009;0.0;999;i
RS;afsubx999i;p0p100;2010;0.0;999;i
RS;afsubx999i;p0p100;2011;0.0;999;i
RS;afsubx999i;p0p100;2012;0.0;999;i
RS;afsubx999i;p0p100;2013;0.0;999;i
RS;afsubx999i;p0p100;2014;0.0;999;i
RS;afsubx999i;p0p100;2015;0.0;999;i
RS;afsubx999i;p0p100;2016;0.0;999;i
RS;afsubx999i;p0p100;2017;0.0;999;i
RS;afsubx999i;p0p100;2018;0.0;999;i
RS;agdpro992i;p0p100;1980;831076.19;992;i
RS;agdpro992i;p0p100;1981;831703.88;992;i
RS;agdpro992i;p0p100;1982;832240.38;992;i
RS;agdpro992i;p0p100;1983;832603.88;992;i
RS;agdpro992i;p0p100;1984;832738.81;992;i
RS;agdpro992i;p0p100;1985;832608.31;992;i
RS;agdpro992i;p0p100;1986;833260.88;992;i
RS;agdpro992i;p0p100;1987;833696.38;992;i
RS;agdpro992i;p0p100;1988;833907.13;992;i
RS;agdpro992i;p0p100;1989;833909.38;992;i
RS;agdpro992i;p0p100;1990;833679.13;992;i
RS;agdpro992i;p0p100;1991;728707.13;992;i
RS;agdpro992i;p0p100;1992;516779.09;992;i
RS;agdpro992i;p0p100;1993;354557.5;992;i
RS;agdpro992i;p0p100;1994;359438.31;992;i
RS;agdpro992i;p0p100;1995;376751.5;992;i
RS;agdpro992i;p0p100;1996;384014.59;992;i
RS;agdpro992i;p0p100;1997;411691.41;992;i
RS;agdpro992i;p0p100;1998;423218.81;992;i
RS;agdpro992i;p0p100;1999;474516.31;992;i
RS;agdpro992i;p0p100;2000;509723.0;992;i
RS;agdpro992i;p0p100;2001;533802.5;992;i
RS;agdpro992i;p0p100;2002;569497.5;992;i
RS;agdpro992i;p0p100;2003;593407.81;992;i
RS;agdpro992i;p0p100;2004;645417.88;992;i
RS;agdpro992i;p0p100;2005;709361.13;992;i
RS;agdpro992i;p0p100;2006;745392.5;992;i
RS;agdpro992i;p0p100;2007;792840.81;992;i
RS;agdpro992i;p0p100;2008;837030.88;992;i
RS;agdpro992i;p0p100;2009;813394.69;992;i
RS;agdpro992i;p0p100;2010;818759.38;992;i
RS;agdpro992i;p0p100;2011;838554.38;992;i
RS;agdpro992i;p0p100;2012;833725.19;992;i
RS;agdpro992i;p0p100;2013;858764.81;992;i
RS;agdpro992i;p0p100;2014;846075.81;992;i
RS;agdpro992i;p0p100;2015;862427.63;992;i
RS;agdpro992i;p0p100;2016;895117.31;992;i
RS;agdpro992i;p0p100;2017;915181.81;992;i
RS;agdpro992i;p0p100;2018;957348.38;992;i
RS;agdpro992i;p0p100;2019;1006213.1;992;i
RS;aprgnp999i;p0p100;1997;39.200001;999;i
RS;aprgnp999i;p0p100;1998;76.800003;999;i
RS;aprgnp999i;p0p100;1999;48.099998;999;i
RS;aprgnp999i;p0p100;2000;54.599998;999;i
RS;aprgnp999i;p0p100;2001;78.900002;999;i
RS;aprgnp999i;p0p100;2002;80.800003;999;i
RS;aprgnp999i;p0p100;2003;87.599998;999;i
RS;aprgnp999i;p0p100;2004;118.6;999;i
RS;aprgnp999i;p0p100;2005;157.2;999;i
RS;aprgnp999i;p0p100;2006;185.0;999;i
RS;aprgnp999i;p0p100;2007;197.3;999;i
RS;aprgnp999i;p0p100;2008;216.0;999;i
RS;aprgnp999i;p0p100;2009;208.89999;999;i
RS;aprgnp999i;p0p100;2010;194.10001;999;i
RS;aprgnp999i;p0p100;2011;199.0;999;i
RS;aptinc992j;p24p100;1990;914916.38;992;j
RS;aptinc992j;p24p100;1991;794173.81;992;j
RS;aptinc992j;p24p100;1992;543676.19;992;j
RS;aptinc992j;p24p100;1993;352453.5;992;j
RS;aptinc992j;p24p100;1994;362872.81;992;j
RS;aptinc992j;p24p100;1995;382857.69;992;j
RS;aptinc992j;p24p100;1996;385799.19;992;j
RS;aptinc992j;p24p100;1997;408860.19;992;j
RS;aptinc992j;p24p100;1998;428233.91;992;j
RS;aptinc992j;p24p100;1999;468785.41;992;j
RS;aptinc992j;p24p100;2000;516125.5;992;j
RS;aptinc992j;p24p100;2001;515132.09;992;j
RS;aptinc992j;p24p100;2002;557967.38;992;j
RS;aptinc992j;p24p100;2003;587322.63;992;j
RS;aptinc992j;p24p100;2004;663777.69;992;j
RS;aptinc992j;p24p100;2005;742842.81;992;j
RS;aptinc992j;p24p100;2006;787707.81;992;j
RS;aptinc992j;p24p100;2007;815507.88;992;j
RS;aptinc992j;p24p100;2008;871967.63;992;j
RS;aptinc992j;p24p100;2009;859069.63;992;j
RS;aptinc992j;p24p100;2010;863554.13;992;j
RS;aptinc992j;p24p100;2011;869857.5;992;j
RS;aptinc992j;p24p100;2012;870104.69;992;j
RS;aptinc992j;p24p100;2013;892428.31;992;j
RS;aptinc992j;p24p100;2014;875463.81;992;j
RS;aptinc992j;p24p100;2015;880966.0;992;j
RS;aptinc992j;p24p100;2016;908203.19;992;j
RS;aptinc992j;p24p100;2017;913680.63;992;j
RS;aptinc992j;p2p100;1990;748945.69;992;j
RS;aptinc992j;p2p100;1991;650182.19;992;j
RS;aptinc992j;p2p100;1992;445156.81;992;j
RS;aptinc992j;p2p100;1993;288610.0;992;j
RS;aptinc992j;p2p100;1994;297166.81;992;j
RS;aptinc992j;p2p100;1995;313558.09;992;j
RS;aptinc992j;p2p100;1996;316013.41;992;j
RS;aptinc992j;p2p100;1997;334928.41;992;j
RS;aptinc992j;p2p100;1998;352238.19;992;j
RS;aptinc992j;p2p100;1999;385666.81;992;j
RS;aptinc992j;p2p100;2000;424072.41;992;j
RS;aptinc992j;p2p100;2001;423362.0;992;j
RS;aptinc992j;p2p100;2002;455536.19;992;j
RS;aptinc992j;p2p100;2003;478476.19;992;j
RS;aptinc992j;p2p100;2004;538625.38;992;j
RS;aptinc992j;p2p100;2005;600727.0;992;j
RS;aptinc992j;p2p100;2006;634183.19;992;j
RS;aptinc992j;p2p100;2007;654416.13;992;j
RS;aptinc992j;p2p100;2008;696867.19;992;j
RS;aptinc992j;p2p100;2009;684644.0;992;j
RS;aptinc992j;p2p100;2010;686535.0;992;j
RS;aptinc992j;p2p100;2011;688913.88;992;j
RS;aptinc992j;p2p100;2012;687997.5;992;j
RS;aptinc992j;p2p100;2013;704640.19;992;j
RS;aptinc992j;p2p100;2014;690810.88;992;j
RS;aptinc992j;p2p100;2015;695673.69;992;j
RS;aptinc992j;p2p100;2016;717213.19;992;j
RS;aptinc992j;p2p100;2017;721456.63;992;j
RS;aptinc992j;p44p100;1990;1089714.8;992;j
RS;aptinc992j;p44p100;1991;946491.69;992;j
RS;aptinc992j;p44p100;1992;648323.81;992;j
RS;aptinc992j;p44p100;1993;420527.59;992;j
RS;aptinc992j;p44p100;1994;433195.19;992;j
RS;aptinc992j;p44p100;1995;457316.41;992;j
RS;aptinc992j;p44p100;1996;460992.5;992;j
RS;aptinc992j;p44p100;1997;488733.69;992;j
RS;aptinc992j;p44p100;1998;512362.91;992;j
RS;aptinc992j;p44p100;1999;561093.88;992;j
RS;aptinc992j;p44p100;2000;618883.63;992;j
RS;aptinc992j;p44p100;2001;618065.31;992;j
RS;aptinc992j;p44p100;2002;671555.88;992;j
RS;aptinc992j;p44p100;2003;708475.5;992;j
RS;aptinc992j;p44p100;2004;803654.5;992;j
RS;aptinc992j;p44p100;2005;902879.0;992;j
RS;aptinc992j;p44p100;2006;960529.81;992;j
RS;aptinc992j;p44p100;2007;994153.13;992;j
RS;aptinc992j;p44p100;2008;1066315.5;992;j
RS;aptinc992j;p44p100;2009;1052918.1;992;j
RS;aptinc992j;p44p100;2010;1062754.1;992;j
RS;aptinc992j;p44p100;2011;1076277.3;992;j
RS;aptinc992j;p44p100;2012;1078091.8;992;j
RS;aptinc992j;p44p100;2013;1105163.0;992;j
RS;aptinc992j;p44p100;2014;1088258.4;992;j
RS;aptinc992j;p44p100;2015;1090088.1;992;j
RS;aptinc992j;p44p100;2016;1123803.5;992;j
RS;aptinc992j;p44p100;2017;1130700.3;992;j
RS;aptinc992j;p62p100;1990;1307259.1;992;j
RS;aptinc992j;p62p100;1991;1136617.4;992;j
RS;aptinc992j;p62p100;1992;779318.88;992;j
RS;aptinc992j;p62p100;1993;506004.19;992;j
RS;aptinc992j;p62p100;1994;521782.09;992;j
RS;aptinc992j;p62p100;1995;551410.13;992;j
RS;aptinc992j;p62p100;1996;556204.81;992;j
RS;aptinc992j;p62p100;1997;590067.0;992;j
RS;aptinc992j;p62p100;1998;619934.88;992;j
RS;aptinc992j;p62p100;1999;679469.63;992;j
RS;aptinc992j;p62p100;2000;752024.19;992;j
RS;aptinc992j;p62p100;2001;752264.0;992;j
RS;aptinc992j;p62p100;2002;819668.5;992;j
RS;aptinc992j;p62p100;2003;865922.69;992;j
RS;aptinc992j;p62p100;2004;986903.5;992;j
RS;aptinc992j;p62p100;2005;1113052.5;992;j
RS;aptinc992j;p62p100;2006;1185958.4;992;j
RS;aptinc992j;p62p100;2007;1226158.3;992;j
RS;aptinc992j;p62p100;2008;1317572.3;992;j
RS;aptinc992j;p62p100;2009;1302867.6;992;j
RS;aptinc992j;p62p100;2010;1321714.3;992;j
RS;aptinc992j;p62p100;2011;1344251.3;992;j
RS;aptinc992j;p62p100;2012;1346589.5;992;j
RS;aptinc992j;p62p100;2013;1376424.8;992;j
RS;aptinc992j;p62p100;2014;1364007.3;992;j
RS;aptinc992j;p62p100;2015;1359599.8;992;j
RS;aptinc992j;p62p100;2016;1401732.5;992;j
RS;aptinc992j;p62p100;2017;1410515.8;992;j
RS;asavin992i;p0p100;1997;-55702.898;992;i
RS;asavin992i;p0p100;1998;-65735.5;992;i
RS;asavin992i;p0p100;1999;-73453.297;992;i
RS;asavin992i;p0p100;2000;-71985.5;992;i
RS;asavin992i;p0p100;2001;-134371.3;992;i
RS;asavin992i;p0p100;2002;-156588.91;992;i
RS;asavin992i;p0p100;2003;-135443.0;992;i
RS;asavin992i;p0p100;2004;-90123.898;992;i
RS;asavin992i;p0p100;2005;-82303.203;992;i
RS;asavin992i;p0p100;2006;-84037.602;992;i
RS;asavin992i;p0p100;2007;-110530.6;992;i
RS;asavin992i;p0p100;2008;-123020.2;992;i
RS;asavin992i;p0p100;2009;-133485.41;992;i
RS;asavin992i;p0p100;2010;-139366.0;992;i
RS;asavin992i;p0p100;2011;-111282.4;992;i
RS;asavnp999i;p0p100;1997;-724.29999;999;i
RS;asavnp999i;p0p100;1998;-704.20001;999;i
RS;asavnp999i;p0p100;1999;-935.70001;999;i
RS;asavnp999i;p0p100;2000;-1524.8;999;i
RS;asavnp999i;p0p100;2001;-1067.9;999;i
RS;asavnp999i;p0p100;2002;-1118.4;999;i
RS;asavnp999i;p0p100;2003;-1095.3;999;i
RS;asavnp999i;p0p100;2004;-1399.1;999;i
RS;asavnp999i;p0p100;2005;-1478.6;999;i
RS;asavnp999i;p0p100;2006;-1541.5;999;i
RS;asavnp999i;p0p100;2007;-1830.1;999;i
RS;asavnp999i;p0p100;2008;-1765.1;999;i
RS;asavnp999i;p0p100;2009;-1602.1;999;i
RS;asavnp999i;p0p100;2010;-1635.6;999;i
RS;asavnp999i;p0p100;2011;-1707.0;999;i
RS;asecgo992i;p0p100;1997;66382.297;992;i
RS;asecgo992i;p0p100;1998;55660.801;992;i
RS;asecgo992i;p0p100;1999;57084.5;992;i
RS;asecgo992i;p0p100;2000;58234.102;992;i
RS;asecgo992i;p0p100;2001;85453.203;992;i
RS;asecgo992i;p0p100;2002;107215.1;992;i
RS;asecgo992i;p0p100;2003;117597.3;992;i
RS;asecgo992i;p0p100;2004;135738.5;992;i
RS;asecgo992i;p0p100;2005;139654.8;992;i
RS;asecgo992i;p0p100;2006;140307.5;992;i
RS;asecgo992i;p0p100;2007;154290.09;992;i
RS;asecgo992i;p0p100;2008;156992.59;992;i
RS;asecgo992i;p0p100;2009;136600.91;992;i
RS;asecgo992i;p0p100;2010;141035.91;992;i
RS;asecgo992i;p0p100;2011;140104.7;992;i
RS;aseggo992i;p0p100;1997;74543.398;992;i
RS;aseggo992i;p0p100;1998;63257.301;992;i
RS;aseggo992i;p0p100;1999;66584.5;992;i
RS;aseggo992i;p0p100;2000;67468.102;992;i
RS;aseggo992i;p0p100;2001;97161.398;992;i
RS;aseggo992i;p0p100;2002;118982.3;992;i
RS;aseggo992i;p0p100;2003;129315.4;992;i
RS;aseggo992i;p0p100;2004;146551.2;992;i
RS;aseggo992i;p0p100;2005;150573.2;992;i
RS;aseggo992i;p0p100;2006;151467.7;992;i
RS;aseggo992i;p0p100;2007;166883.3;992;i
RS;aseggo992i;p0p100;2008;170021.5;992;i
RS;aseggo992i;p0p100;2009;149584.7;992;i
RS;aseggo992i;p0p100;2010;153865.8;992;i
RS;aseggo992i;p0p100;2011;152975.59;992;i
RS;bdiinc992j;p42p100;1990;1.9068658;992;j
RS;bdiinc992j;p42p100;1991;1.8986427;992;j
RS;bdiinc992j;p42p100;1992;1.8903028;992;j
RS;bdiinc992j;p42p100;1993;1.8843141;992;j
RS;bdiinc992j;p42p100;1994;1.8763647;992;j
RS;bdiinc992j;p42p100;1995;1.871188;992;j
RS;bdiinc992j;p42p100;1996;1.8610225;992;j
RS;bdiinc992j;p42p100;1997;1.8490727;992;j
RS;bdiinc992j;p42p100;1998;1.8990358;992;j
RS;bdiinc992j;p42p100;1999;1.9210105;992;j
RS;bdiinc992j;p42p100;2000;1.9273199;992;j
RS;bdiinc992j;p42p100;2001;1.932838;992;j
RS;bdiinc992j;p42p100;2002;1.9597028;992;j
RS;bdiinc992j;p42p100;2003;1.9727219;992;j
RS;bdiinc992j;p42p100;2004;2.0211091;992;j
RS;bdiinc992j;p42p100;2005;2.0769036;992;j
RS;bdiinc992j;p42p100;2006;2.1225944;992;j
RS;bdiinc992j;p42p100;2007;2.1304586;992;j
RS;bdiinc992j;p42p100;2008;2.1528611;992;j
RS;bdiinc992j;p42p100;2009;2.1882107;992;j
RS;bdiinc992j;p42p100;2010;2.2612996;992;j
RS;bdiinc992j;p42p100;2011;2.327718;992;j
RS;bdiinc992j;p42p100;2012;2.3726816;992;j
RS;bdiinc992j;p42p100;2013;2.3977969;992;j
RS;bdiinc992j;p42p100;2014;2.3391576;992;j
RS;bdiinc992j;p42p100;2015;2.4224496;992;j
RS;bdiinc992j;p42p100;2016;2.4519272;992;j
RS;bdiinc992j;p42p100;2017;2.4555631;992;j
RS;bptinc992j;p0p100;1990;19.321005;992;j
RS;bptinc992j;p0p100;1991;20.821507;992;j
RS;bptinc992j;p0p100;1992;22.561117;992;j
RS;bptinc992j;p0p100;1993;24.622156;992;j
RS;bptinc992j;p0p100;1994;27.096615;992;j
RS;bptinc992j;p0p100;1995;30.133175;992;j
RS;bptinc992j;p0p100;1996;34.389828;992;j
RS;bptinc992j;p0p100;1997;40.334316;992;j
RS;bptinc992j;p0p100;1998;39.404404;992;j
RS;bptinc992j;p0p100;1999;41.569607;992;j
RS;bptinc992j;p0p100;2000;42.878246;992;j
RS;bptinc992j;p0p100;2001;39.334351;992;j
RS;bptinc992j;p0p100;2002;45.385654;992;j
RS;bptinc992j;p0p100;2003;38.480339;992;j
RS;bptinc992j;p0p100;2004;41.6996;992;j
RS;bptinc992j;p0p100;2005;41.577164;992;j
RS;bptinc992j;p0p100;2006;42.649303;992;j
RS;bptinc992j;p0p100;2007;41.204781;992;j
RS;bptinc992j;p0p100;2008;-0.40102169;992;j
RS;bptinc992j;p0p100;2009;64.012306;992;j
RS;bptinc992j;p0p100;2010;62.8302;992;j
RS;bptinc992j;p0p100;2011;59.671394;992;j
RS;bptinc992j;p0p100;2012;888.95612;992;j
RS;bptinc992j;p0p100;2013;-81.861122;992;j
RS;bptinc992j;p0p100;2014;-45.750393;992;j
RS;bptinc992j;p0p100;2015;-36.577248;992;j
RS;bptinc992j;p0p100;2016;-32.048275;992;j
RS;bptinc992j;p0p100;2017;-28.281342;992;j
RS;bptinc992j;p80p100;1990;1.6045088;992;j
RS;bptinc992j;p80p100;1991;1.6135763;992;j
RS;bptinc992j;p80p100;1992;1.623824;992;j
RS;bptinc992j;p80p100;1993;1.6349036;992;j
RS;bptinc992j;p80p100;1994;1.6459345;992;j
RS;bptinc992j;p80p100;1995;1.6571223;992;j
RS;bptinc992j;p80p100;1996;1.6641827;992;j
RS;bptinc992j;p80p100;1997;1.669953;992;j
RS;bptinc992j;p80p100;1998;1.6963748;992;j
RS;bptinc992j;p80p100;1999;1.7195824;992;j
RS;bptinc992j;p80p100;2000;1.7663705;992;j
RS;bptinc992j;p80p100;2001;1.7943193;992;j
RS;bptinc992j;p80p100;2002;1.7918994;992;j
RS;bptinc992j;p80p100;2003;1.806053;992;j
RS;bptinc992j;p80p100;2004;1.8425064;992;j
RS;bptinc992j;p80p100;2005;1.8637682;992;j
RS;bptinc992j;p80p100;2006;1.875832;992;j
RS;bptinc992j;p80p100;2007;1.8246648;992;j
RS;bptinc992j;p80p100;2008;1.8217845;992;j
RS;bptinc992j;p80p100;2009;1.8425094;992;j
RS;bptinc992j;p80p100;2010;1.8878689;992;j
RS;bptinc992j;p80p100;2011;1.923062;992;j
RS;bptinc992j;p80p100;2012;1.8710738;992;j
RS;bptinc992j;p80p100;2013;1.8536274;992;j
RS;bptinc992j;p80p100;2014;1.9569825;992;j
RS;bptinc992j;p80p100;2015;1.9493463;992;j
RS;bptinc992j;p80p100;2016;1.9507301;992;j
RS;bptinc992j;p80p100;2017;1.9520535;992;j
RS;bptinc992j;p81p100;1990;1.6065414;992;j
RS;bptinc992j;p81p100;1991;1.617926;992;j
RS;bptinc992j;p81p100;1992;1.6285164;992;j
RS;bptinc992j;p81p100;1993;1.6407346;992;j
RS;bptinc992j;p81p100;1994;1.6535308;992;j
RS;bptinc992j;p81p100;1995;1.6638436;992;j
RS;bptinc992j;p81p100;1996;1.6703776;992;j
RS;bptinc992j;p81p100;1997;1.6763724;992;j
RS;bptinc992j;p81p100;1998;1.7038414;992;j
RS;bptinc992j;p81p100;1999;1.7260406;992;j
RS;bptinc992j;p81p100;2000;1.7760845;992;j
RS;bptinc992j;p81p100;2001;1.8023376;992;j
RS;bptinc992j;p81p100;2002;1.8019247;992;j
RS;bptinc992j;p81p100;2003;1.8160087;992;j
RS;bptinc992j;p81p100;2004;1.8495206;992;j
RS;bptinc992j;p81p100;2005;1.8701164;992;j
RS;bptinc992j;p81p100;2006;1.8810544;992;j
RS;bptinc992j;p81p100;2007;1.8283141;992;j
RS;bptinc992j;p81p100;2008;1.8235824;992;j
RS;bptinc992j;p81p100;2009;1.8468277;992;j
RS;bptinc992j;p81p100;2010;1.8892546;992;j
RS;bptinc992j;p81p100;2011;1.9217857;992;j
RS;bptinc992j;p81p100;2012;1.8688036;992;j
RS;bptinc992j;p81p100;2013;1.8544133;992;j
RS;bptinc992j;p81p100;2014;1.9566579;992;j
RS;bptinc992j;p81p100;2015;1.9529225;992;j
RS;bptinc992j;p81p100;2016;1.953539;992;j
RS;bptinc992j;p81p100;2017;1.9552739;992;j
RS;mprggo999i;p0p100;1997;345677398016.0;999;i
RS;mprggo999i;p0p100;1998;376652234752.0;999;i
RS;mprggo999i;p0p100;1999;301641203712.0;999;i
RS;mprggo999i;p0p100;2000;321535279104.0;999;i
RS;mprggo999i;p0p100;2001;451143761920.0;999;i
RS;mprggo999i;p0p100;2002;592875487232.0;999;i
RS;mprggo999i;p0p100;2003;655717171200.0;999;i
RS;mprggo999i;p0p100;2004;653370392576.0;999;i
RS;mprggo999i;p0p100;2005;725194702848.0;999;i
RS;mprggo999i;p0p100;2006;721599397888.0;999;i
RS;mprggo999i;p0p100;2007;795041923072.0;999;i
RS;mprggo999i;p0p100;2008;863916654592.0;999;i
RS;mprggo999i;p0p100;2009;876128370688.0;999;i
RS;mprggo999i;p0p100;2010;885245149184.0;999;i
RS;mprggo999i;p0p100;2011;758461628416.0;999;i
RS;scainc992j;p30p100;1990;0.91140002;992;j
RS;scainc992j;p30p100;1991;0.91030002;992;j
RS;scainc992j;p30p100;1992;0.90899998;992;j
RS;scainc992j;p30p100;1993;0.90780002;992;j
RS;scainc992j;p30p100;1994;0.90649998;992;j
RS;scainc992j;p30p100;1995;0.90530002;992;j
RS;scainc992j;p30p100;1996;0.90390003;992;j
RS;scainc992j;p30p100;1997;0.90249997;992;j
RS;scainc992j;p30p100;1998;0.89740002;992;j
RS;scainc992j;p30p100;1999;0.89719999;992;j
RS;scainc992j;p30p100;2000;0.89910001;992;j
RS;scainc992j;p30p100;2001;0.89990002;992;j
RS;scainc992j;p30p100;2002;0.9095;992;j
RS;scainc992j;p30p100;2003;0.91159999;992;j
RS;scainc992j;p30p100;2004;0.91979998;992;j
RS;scainc992j;p30p100;2005;0.92250001;992;j
RS;scainc992j;p30p100;2006;0.92879999;992;j
RS;scainc992j;p30p100;2007;0.93199998;992;j
RS;scainc992j;p30p100;2008;0.93480003;992;j
RS;scainc992j;p30p100;2009;0.93739998;992;j
RS;scainc992j;p30p100;2010;0.94400001;992;j
RS;scainc992j;p30p100;2011;0.9501;992;j
RS;scainc992j;p30p100;2012;0.95109999;992;j
RS;scainc992j;p30p100;2013;0.95230001;992;j
RS;scainc992j;p30p100;2014;0.93330002;992;j
RS;scainc992j;p30p100;2015;0.9465;992;j
RS;scainc992j;p30p100;2016;0.9465;992;j
RS;scainc992j;p30p100;2017;0.9465;992;j
RS;scainc992j;p60p61;1990;0.0099999998;992;j
RS;scainc992j;p60p61;1991;0.0099999998;992;j
RS;scainc992j;p60p61;1992;0.0099999998;992;j
RS;scainc992j;p60p61;1993;0.0099999998;992;j
RS;scainc992j;p60p61;1994;0.0098999999;992;j
RS;scainc992j;p60p61;1995;0.0098999999;992;j
RS;scainc992j;p60p61;1996;0.0098999999;992;j
RS;scainc992j;p60p61;1997;0.0098999999;992;j
RS;scainc992j;p60p61;1998;0.0098999999;992;j
RS;scainc992j;p60p61;1999;0.0098000001;992;j
RS;scainc992j;p60p61;2000;0.0097000003;992;j
RS;scainc992j;p60p61;2001;0.0096000005;992;j
RS;scainc992j;p60p61;2002;0.0096000005;992;j
RS;scainc992j;p60p61;2003;0.0096000005;992;j
RS;scainc992j;p60p61;2004;0.0096000005;992;j
RS;scainc992j;p60p61;2005;0.0094999997;992;j
RS;scainc992j;p60p61;2006;0.0094999997;992;j
RS;scainc992j;p60p61;2007;0.0094999997;992;j
RS;scainc992j;p60p61;2008;0.0094999997;992;j
RS;scainc992j;p60p61;2009;0.0093999999;992;j
RS;scainc992j;p60p61;2010;0.0093;992;j
RS;scainc992j;p60p61;2011;0.0093;992;j
RS;scainc992j;p60p61;2012;0.0092000002;992;j
RS;scainc992j;p60p61;2013;0.0093;992;j
RS;scainc992j;p60p61;2014;0.0091000004;992;j
RS;scainc992j;p60p61;2015;0.0088;992;j
RS;scainc992j;p60p61;2016;0.0088;992;j
RS;scainc992j;p60p61;2017;0.0088;992;j
RS;scainc992j;p65p100;1990;0.63020003;992;j
RS;scainc992j;p65p100;1991;0.62809998;992;j
RS;scainc992j;p65p100;1992;0.62620002;992;j
RS;scainc992j;p65p100;1993;0.62459999;992;j
RS;scainc992j;p65p100;1994;0.62290001;992;j
RS;scainc992j;p65p100;1995;0.62129998;992;j
RS;scainc992j;p65p100;1996;0.61900002;992;j
RS;scainc992j;p65p100;1997;0.61680001;992;j
RS;scainc992j;p65p100;1998;0.61659998;992;j
RS;scainc992j;p65p100;1999;0.61830002;992;j
RS;scainc992j;p65p100;2000;0.62290001;992;j
RS;scainc992j;p65p100;2001;0.62519997;992;j
RS;scainc992j;p65p100;2002;0.63630003;992;j
RS;scainc992j;p65p100;2003;0.6397;992;j
RS;scainc992j;p65p100;2004;0.6505;992;j
RS;scainc992j;p65p100;2005;0.65750003;992;j
RS;scainc992j;p65p100;2006;0.66640002;992;j
RS;scainc992j;p65p100;2007;0.66930002;992;j
RS;scainc992j;p65p100;2008;0.67379999;992;j
RS;scainc992j;p65p100;2009;0.67949998;992;j
RS;scainc992j;p65p100;2010;0.69160002;992;j
RS;scainc992j;p65p100;2011;0.70160002;992;j
RS;scainc992j;p65p100;2012;0.70609999;992;j
RS;scainc992j;p65p100;2013;0.70859998;992;j
RS;scainc992j;p65p100;2014;0.69199997;992;j
RS;scainc992j;p65p100;2015;0.7112;992;j
RS;scainc992j;p65p100;2016;0.7112;992;j
RS;scainc992j;p65p100;2017;0.71130002;992;j
RS;scainc992j;p85p100;1990;0.3691;992;j
RS;scainc992j;p85p100;1991;0.3673;992;j
RS;scainc992j;p85p100;1992;0.366;992;j
RS;scainc992j;p85p100;1993;0.3651;992;j
RS;scainc992j;p85p100;1994;0.3642;992;j
RS;scainc992j;p85p100;1995;0.3633;992;j
RS;scainc992j;p85p100;1996;0.36140001;992;j
RS;scainc992j;p85p100;1997;0.35949999;992;j
RS;scainc992j;p85p100;1998;0.36250001;992;j
RS;scainc992j;p85p100;1999;0.36719999;992;j
RS;scainc992j;p85p100;2000;0.37439999;992;j
RS;scainc992j;p85p100;2001;0.37889999;992;j
RS;scainc992j;p85p100;2002;0.3867;992;j
RS;scainc992j;p85p100;2003;0.38929999;992;j
RS;scainc992j;p85p100;2004;0.39750001;992;j
RS;scainc992j;p85p100;2005;0.40529999;992;j
RS;scainc992j;p85p100;2006;0.41339999;992;j
RS;scainc992j;p85p100;2007;0.41319999;992;j
RS;scainc992j;p85p100;2008;0.41580001;992;j
RS;scainc992j;p85p100;2009;0.42269999;992;j
RS;scainc992j;p85p100;2010;0.4339;992;j
RS;scainc992j;p85p100;2011;0.44350001;992;j
RS;scainc992j;p85p100;2012;0.44870001;992;j
RS;scainc992j;p85p100;2013;0.4445;992;j
RS;scainc992j;p85p100;2014;0.4427;992;j
RS;scainc992j;p85p100;2015;0.46919999;992;j
RS;scainc992j;p85p100;2016;0.46919999;992;j
RS;scainc992j;p85p100;2017;0.4693;992;j
RS;scainc992j;p99.99p99.991;1990;0.0004;992;j
RS;scainc992j;p99.99p99.991;1991;0.0004;992;j
RS;scainc992j;p99.99p99.991;1992;0.0004;992;j
RS;scainc992j;p99.99p99.991;1993;0.0004;992;j
RS;scainc992j;p99.99p99.991;1994;0.0004;992;j
RS;scainc992j;p99.99p99.991;1995;0.0003;992;j
RS;scainc992j;p99.99p99.991;1996;0.0003;992;j
RS;scainc992j;p99.99p99.991;1997;0.0003;992;j
RS;scainc992j;p99.99p99.991;1998;0.0003;992;j
RS;scainc992j;p99.99p99.991;1999;0.0004;992;j
RS;scainc992j;p99.99p99.991;2000;0.0004;992;j
RS;scainc992j;p99.99p99.991;2001;0.0005;992;j
RS;scainc992j;p99.99p99.991;2002;0.0005;992;j
RS;scainc992j;p99.99p99.991;2003;0.0005;992;j
RS;scainc992j;p99.99p99.991;2004;0.0005;992;j
RS;scainc992j;p99.99p99.991;2005;0.0005;992;j
RS;scainc992j;p99.99p99.991;2006;0.0005;992;j
RS;scainc992j;p99.99p99.991;2007;0.0004;992;j
RS;scainc992j;p99.99p99.991;2008;0.0004;992;j
RS;scainc992j;p99.99p99.991;2009;0.0005;992;j
RS;scainc992j;p99.99p99.991;2010;0.0004;992;j
RS;scainc992j;p99.99p99.991;2011;0.0004;992;j
RS;scainc992j;p99.99p99.991;2012;0.0006;992;j
RS;scainc992j;p99.99p99.991;2013;0.0005;992;j
RS;scainc992j;p99.99p99.991;2014;0.0008;992;j
RS;scainc992j;p99.99p99.991;2015;0.0011;992;j
RS;scainc992j;p99.99p99.991;2016;0.0011;992;j
RS;scainc992j;p99.99p99.991;2017;0.0011;992;j
RS;sdiinc992j;p94p100;1990;0.2;992;j
RS;sdiinc992j;p94p100;1991;0.1987;992;j
RS;sdiinc992j;p94p100;1992;0.1978;992;j
RS;sdiinc992j;p94p100;1993;0.19760001;992;j
RS;sdiinc992j;p94p100;1994;0.1973;992;j
RS;sdiinc992j;p94p100;1995;0.1971;992;j
RS;sdiinc992j;p94p100;1996;0.19580001;992;j
RS;sdiinc992j;p94p100;1997;0.19419999;992;j
RS;sdiinc992j;p94p100;1998;0.1988;992;j
RS;sdiinc992j;p94p100;1999;0.2061;992;j
RS;sdiinc992j;p94p100;2000;0.21259999;992;j
RS;sdiinc992j;p94p100;2001;0.2172;992;j
RS;sdiinc992j;p94p100;2002;0.2207;992;j
RS;sdiinc992j;p94p100;2003;0.22040001;992;j
RS;sdiinc992j;p94p100;2004;0.2244;992;j
RS;sdiinc992j;p94p100;2005;0.23;992;j
RS;sdiinc992j;p94p100;2006;0.2351;992;j
RS;sdiinc992j;p94p100;2007;0.2314;992;j
RS;sdiinc992j;p94p100;2008;0.2323;992;j
RS;sdiinc992j;p94p100;2009;0.2385;992;j
RS;sdiinc992j;p94p100;2010;0.24510001;992;j
RS;sdiinc992j;p94p100;2011;0.25170001;992;j
RS;sdiinc992j;p94p100;2012;0.25960001;992;j
RS;sdiinc992j;p94p100;2013;0.25299999;992;j
RS;sdiinc992j;p94p100;2014;0.26100001;992;j
RS;sdiinc992j;p94p100;2015;0.2879;992;j
RS;sdiinc992j;p94p100;2016;0.29080001;992;j
RS;sdiinc992j;p94p100;2017;0.29120001;992;j
RS;sdiinc992j;p99.6p99.7;1990;0.0062000002;992;j
RS;sdiinc992j;p99.6p99.7;1991;0.0060999999;992;j
RS;sdiinc992j;p99.6p99.7;1992;0.0060999999;992;j
RS;sdiinc992j;p99.6p99.7;1993;0.0060999999;992;j
RS;sdiinc992j;p99.6p99.7;1994;0.0060999999;992;j
RS;sdiinc992j;p99.6p99.7;1995;0.0060999999;992;j
RS;sdiinc992j;p99.6p99.7;1996;0.0060000001;992;j
RS;sdiinc992j;p99.6p99.7;1997;0.0060000001;992;j
RS;sdiinc992j;p99.6p99.7;1998;0.0062000002;992;j
RS;sdiinc992j;p99.6p99.7;1999;0.0065000001;992;j
RS;sdiinc992j;p99.6p99.7;2000;0.0068000001;992;j
RS;sdiinc992j;p99.6p99.7;2001;0.0071;992;j
RS;sdiinc992j;p99.6p99.7;2002;0.0071999999;992;j
RS;sdiinc992j;p99.6p99.7;2003;0.0071;992;j
RS;sdiinc992j;p99.6p99.7;2004;0.0071999999;992;j
RS;sdiinc992j;p99.6p99.7;2005;0.0074;992;j
RS;sdiinc992j;p99.6p99.7;2006;0.0077;992;j
RS;sdiinc992j;p99.6p99.7;2007;0.0074;992;j
RS;sdiinc992j;p99.6p99.7;2008;0.0074999998;992;j
RS;sdiinc992j;p99.6p99.7;2009;0.0077999998;992;j
RS;sdiinc992j;p99.6p99.7;2010;0.0080000004;992;j
RS;sdiinc992j;p99.6p99.7;2011;0.0082;992;j
RS;sdiinc992j;p99.6p99.7;2012;0.0087000001;992;j
RS;sdiinc992j;p99.6p99.7;2013;0.0082999999;992;j
RS;sdiinc992j;p99.6p99.7;2014;0.0087000001;992;j
RS;sdiinc992j;p99.6p99.7;2015;0.0097000003;992;j
RS;sdiinc992j;p99.6p99.7;2016;0.0098000001;992;j
RS;sdiinc992j;p99.6p99.7;2017;0.0098000001;992;j
RS;sdiinc992j;p99.992p99.993;1990;0.0004;992;j
RS;sdiinc992j;p99.992p99.993;1991;0.0004;992;j
RS;sdiinc992j;p99.992p99.993;1992;0.0004;992;j
RS;sdiinc992j;p99.992p99.993;1993;0.0004;992;j
RS;sdiinc992j;p99.992p99.993;1994;0.0004;992;j
RS;sdiinc992j;p99.992p99.993;1995;0.0004;992;j
RS;sdiinc992j;p99.992p99.993;1996;0.0003;992;j
RS;sdiinc992j;p99.992p99.993;1997;0.0003;992;j
RS;sdiinc992j;p99.992p99.993;1998;0.0004;992;j
RS;sdiinc992j;p99.992p99.993;1999;0.0004;992;j
RS;sdiinc992j;p99.992p99.993;2000;0.0004;992;j
RS;sdiinc992j;p99.992p99.993;2001;0.0005;992;j
RS;sdiinc992j;p99.992p99.993;2002;0.0005;992;j
RS;sdiinc992j;p99.992p99.993;2003;0.0005;992;j
RS;sdiinc992j;p99.992p99.993;2004;0.0005;992;j
RS;sdiinc992j;p99.992p99.993;2005;0.0005;992;j
RS;sdiinc992j;p99.992p99.993;2006;0.0005;992;j
RS;sdiinc992j;p99.992p99.993;2007;0.0004;992;j
RS;sdiinc992j;p99.992p99.993;2008;0.0004;992;j
RS;sdiinc992j;p99.992p99.993;2009;0.0005;992;j
RS;sdiinc992j;p99.992p99.993;2010;0.0005;992;j
RS;sdiinc992j;p99.992p99.993;2011;0.0005;992;j
RS;sdiinc992j;p99.992p99.993;2012;0.0006;992;j
RS;sdiinc992j;p99.992p99.993;2013;0.0005;992;j
RS;sdiinc992j;p99.992p99.993;2014;0.0008;992;j
RS;sdiinc992j;p99.992p99.993;2015;0.0012000001;992;j
RS;sdiinc992j;p99.992p99.993;2016;0.0012000001;992;j
RS;sdiinc992j;p99.992p99.993;2017;0.0012000001;992;j
RS;sptinc992j;p23p100;1990;0.94980001;992;j
RS;sptinc992j;p23p100;1991;0.94980001;992;j
RS;sptinc992j;p23p100;1992;0.9497;992;j
RS;sptinc992j;p23p100;1993;0.94959998;992;j
RS;sptinc992j;p23p100;1994;0.94959998;992;j
RS;sptinc992j;p23p100;1995;0.94959998;992;j
RS;sptinc992j;p23p100;1996;0.94950002;992;j
RS;sptinc992j;p23p100;1997;0.94950002;992;j
RS;sptinc992j;p23p100;1998;0.94569999;992;j
RS;sptinc992j;p23p100;1999;0.94550002;992;j
RS;sptinc992j;p23p100;2000;0.94660002;992;j
RS;sptinc992j;p23p100;2001;0.94630003;992;j
RS;sptinc992j;p23p100;2002;0.9526;992;j
RS;sptinc992j;p23p100;2003;0.9544;992;j
RS;sptinc992j;p23p100;2004;0.958;992;j
RS;sptinc992j;p23p100;2005;0.9612;992;j
RS;sptinc992j;p23p100;2006;0.96530002;992;j
RS;sptinc992j;p23p100;2007;0.96850002;992;j
RS;sptinc992j;p23p100;2008;0.97240001;992;j
RS;sptinc992j;p23p100;2009;0.97509998;992;j
RS;sptinc992j;p23p100;2010;0.9774;992;j
RS;sptinc992j;p23p100;2011;0.98089999;992;j
RS;sptinc992j;p23p100;2012;0.98229998;992;j
RS;sptinc992j;p23p100;2013;0.98379999;992;j
RS;sptinc992j;p23p100;2014;0.98430002;992;j
RS;sptinc992j;p23p100;2015;0.98369998;992;j
RS;sptinc992j;p23p100;2016;0.98369998;992;j
RS;sptinc992j;p23p100;2017;0.98379999;992;j
RS;sptinc992j;p69p70;1990;0.0116;992;j
RS;sptinc992j;p69p70;1991;0.0116;992;j
RS;sptinc992j;p69p70;1992;0.0115;992;j
RS;sptinc992j;p69p70;1993;0.0115;992;j
RS;sptinc992j;p69p70;1994;0.0115;992;j
RS;sptinc992j;p69p70;1995;0.0114;992;j
RS;sptinc992j;p69p70;1996;0.0114;992;j
RS;sptinc992j;p69p70;1997;0.0114;992;j
RS;sptinc992j;p69p70;1998;0.0113;992;j
RS;sptinc992j;p69p70;1999;0.0111;992;j
RS;sptinc992j;p69p70;2000;0.011;992;j
RS;sptinc992j;p69p70;2001;0.0109;992;j
RS;sptinc992j;p69p70;2002;0.011;992;j
RS;sptinc992j;p69p70;2003;0.011;992;j
RS;sptinc992j;p69p70;2004;0.0109;992;j
RS;sptinc992j;p69p70;2005;0.0108;992;j
RS;sptinc992j;p69p70;2006;0.0109;992;j
RS;sptinc992j;p69p70;2007;0.0111;992;j
RS;sptinc992j;p69p70;2008;0.0112;992;j
RS;sptinc992j;p69p70;2009;0.0112;992;j
RS;sptinc992j;p69p70;2010;0.011;992;j
RS;sptinc992j;p69p70;2011;0.011;992;j
RS;sptinc992j;p69p70;2012;0.0112;992;j
RS;sptinc992j;p69p70;2013;0.0113;992;j
RS;sptinc992j;p69p70;2014;0.011;992;j
RS;sptinc992j;p69p70;2015;0.011;992;j
RS;sptinc992j;p69p70;2016;0.011;992;j
RS;sptinc992j;p69p70;2017;0.011;992;j
RS;sptinc992j;p99.91p100;1990;0.025599999;992;j
RS;sptinc992j;p99.91p100;1991;0.0264;992;j
RS;sptinc992j;p99.91p100;1992;0.027000001;992;j
RS;sptinc992j;p99.91p100;1993;0.027799999;992;j
RS;sptinc992j;p99.91p100;1994;0.0283;992;j
RS;sptinc992j;p99.91p100;1995;0.029100001;992;j
RS;sptinc992j;p99.91p100;1996;0.0297;992;j
RS;sptinc992j;p99.91p100;1997;0.030400001;992;j
RS;sptinc992j;p99.91p100;1998;0.030200001;992;j
RS;sptinc992j;p99.91p100;1999;0.032400001;992;j
RS;sptinc992j;p99.91p100;2000;0.034699999;992;j
RS;sptinc992j;p99.91p100;2001;0.0372;992;j
RS;sptinc992j;p99.91p100;2002;0.036499999;992;j
RS;sptinc992j;p99.91p100;2003;0.035799999;992;j
RS;sptinc992j;p99.91p100;2004;0.036899999;992;j
RS;sptinc992j;p99.91p100;2005;0.0359;992;j
RS;sptinc992j;p99.91p100;2006;0.036400001;992;j
RS;sptinc992j;p99.91p100;2007;0.033599999;992;j
RS;sptinc992j;p99.91p100;2008;0.034400001;992;j
RS;sptinc992j;p99.91p100;2009;0.0341;992;j
RS;sptinc992j;p99.91p100;2010;0.0337;992;j
RS;sptinc992j;p99.91p100;2011;0.035500001;992;j
RS;sptinc992j;p99.91p100;2012;0.0294;992;j
RS;sptinc992j;p99.91p100;2013;0.031300001;992;j
RS;sptinc992j;p99.91p100;2014;0.045600001;992;j
RS;sptinc992j;p99.91p100;2015;0.044100001;992;j
RS;sptinc992j;p99.91p100;2016;0.044100001;992;j
RS;sptinc992j;p99.91p100;2017;0.044199999;992;j
RS;tcainc992j;p0p10;1990;37965.398;992;j
RS;tcainc992j;p0p10;1991;27859.801;992;j
RS;tcainc992j;p0p10;1992;15655.3;992;j
RS;tcainc992j;p0p10;1993;7957.3999;992;j
RS;tcainc992j;p0p10;1994;5954.7002;992;j
RS;tcainc992j;p0p10;1995;4193.8999;992;j
RS;tcainc992j;p0p10;1996;1911.9;992;j
RS;tcainc992j;p0p10;1997;-496.79999;992;j
RS;tcainc992j;p0p10;1998;222.39999;992;j
RS;tcainc992j;p0p10;1999;1129.6;992;j
RS;tcainc992j;p0p10;2000;-2923.2;992;j
RS;tcainc992j;p0p10;2001;-3174.1001;992;j
RS;tcainc992j;p0p10;2002;-5736.1001;992;j
RS;tcainc992j;p0p10;2003;1330.5;992;j
RS;tcainc992j;p0p10;2004;2321.3;992;j
RS;tcainc992j;p0p10;2005;2283.8999;992;j
RS;tcainc992j;p0p10;2006;4287.3999;992;j
RS;tcainc992j;p0p10;2007;-13152510.0;992;j
RS;tcainc992j;p0p10;2008;-21086188.0;992;j
RS;tcainc992j;p0p10;2009;9980.7002;992;j
RS;tcainc992j;p0p10;2010;10054.0;992;j
RS;tcainc992j;p0p10;2011;9045.0996;992;j
RS;tcainc992j;p0p10;2012;6743.1001;992;j
RS;tcainc992j;p0p10;2013;-14144.5;992;j
RS;tcainc992j;p0p10;2014;21598.1;992;j
RS;tcainc992j;p0p10;2015;12758.3;992;j
RS;tcainc992j;p0p10;2016;12006.7;992;j
RS;tcainc992j;p0p10;2017;10735.9;992;j
RS;tcainc992j;p15p16;1990;144375.59;992;j
RS;tcainc992j;p15p16;1991;127618.3;992;j
RS;tcainc992j;p15p16;1992;89465.602;992;j
RS;tcainc992j;p15p16;1993;59291.699;992;j
RS;tcainc992j;p15p16;1994;62360.199;992;j
RS;tcainc992j;p15p16;1995;67181.797;992;j
RS;tcainc992j;p15p16;1996;68950.203;992;j
RS;tcainc992j;p15p16;1997;74338.398;992;j
RS;tcainc992j;p15p16;1998;88319.898;992;j
RS;tcainc992j;p15p16;1999;101474.0;992;j
RS;tcainc992j;p15p16;2000;107077.3;992;j
RS;tcainc992j;p15p16;2001;101703.7;992;j
RS;tcainc992j;p15p16;2002;93766.297;992;j
RS;tcainc992j;p15p16;2003;96703.203;992;j
RS;tcainc992j;p15p16;2004;99871.898;992;j
RS;tcainc992j;p15p16;2005;109352.3;992;j
RS;tcainc992j;p15p16;2006;102500.3;992;j
RS;tcainc992j;p15p16;2007;95813.797;992;j
RS;tcainc992j;p15p16;2008;95695.797;992;j
RS;tcainc992j;p15p16;2009;90063.5;992;j
RS;tcainc992j;p15p16;2010;79150.297;992;j
RS;tcainc992j;p15p16;2011;67655.898;992;j
RS;tcainc992j;p15p16;2012;63929.5;992;j
RS;tcainc992j;p15p16;2013;62015.102;992;j
RS;tcainc992j;p15p16;2014;97879.297;992;j
RS;tcainc992j;p15p16;2015;73331.0;992;j
RS;tcainc992j;p15p16;2016;76230.898;992;j
RS;tcainc992j;p15p16;2017;76129.5;992;j
RS;tcainc992j;p35p100;1990;322352.41;992;j
RS;tcainc992j;p35p100;1991;281065.41;992;j
RS;tcainc992j;p35p100;1992;193404.09;992;j
RS;tcainc992j;p35p100;1993;126013.6;992;j
RS;tcainc992j;p35p100;1994;130205.8;992;j
RS;tcainc992j;p35p100;1995;137909.0;992;j
RS;tcainc992j;p35p100;1996;139903.91;992;j
RS;tcainc992j;p35p100;1997;148567.8;992;j
RS;tcainc992j;p35p100;1998;159063.3;992;j
RS;tcainc992j;p35p100;1999;181011.59;992;j
RS;tcainc992j;p35p100;2000;195112.91;992;j
RS;tcainc992j;p35p100;2001;187668.0;992;j
RS;tcainc992j;p35p100;2002;193965.5;992;j
RS;tcainc992j;p35p100;2003;203606.7;992;j
RS;tcainc992j;p35p100;2004;237941.41;992;j
RS;tcainc992j;p35p100;2005;265101.81;992;j
RS;tcainc992j;p35p100;2006;274458.59;992;j
RS;tcainc992j;p35p100;2007;269967.59;992;j
RS;tcainc992j;p35p100;2008;284490.5;992;j
RS;tcainc992j;p35p100;2009;275962.91;992;j
RS;tcainc992j;p35p100;2010;268221.19;992;j
RS;tcainc992j;p35p100;2011;263685.19;992;j
RS;tcainc992j;p35p100;2012;256105.7;992;j
RS;tcainc992j;p35p100;2013;253059.91;992;j
RS;tcainc992j;p35p100;2014;252778.59;992;j
RS;tcainc992j;p35p100;2015;247709.91;992;j
RS;tcainc992j;p35p100;2016;256997.09;992;j
RS;tcainc992j;p35p100;2017;256995.59;992;j
RS;tcainc992j;p61p62;1990;520894.91;992;j
RS;tcainc992j;p61p62;1991;452198.81;992;j
RS;tcainc992j;p61p62;1992;309260.59;992;j
RS;tcainc992j;p61p62;1993;200205.8;992;j
RS;tcainc992j;p61p62;1994;205762.8;992;j
RS;tcainc992j;p61p62;1995;216693.09;992;j
RS;tcainc992j;p61p62;1996;218426.09;992;j
RS;tcainc992j;p61p62;1997;230561.8;992;j
RS;tcainc992j;p61p62;1998;252009.09;992;j
RS;tcainc992j;p61p62;1999;284890.91;992;j
RS;tcainc992j;p61p62;2000;304915.81;992;j
RS;tcainc992j;p61p62;2001;294434.31;992;j
RS;tcainc992j;p61p62;2002;308128.19;992;j
RS;tcainc992j;p61p62;2003;324504.69;992;j
RS;tcainc992j;p61p62;2004;386344.31;992;j
RS;tcainc992j;p61p62;2005;436350.41;992;j
RS;tcainc992j;p61p62;2006;459349.5;992;j
RS;tcainc992j;p61p62;2007;462876.31;992;j
RS;tcainc992j;p61p62;2008;495240.81;992;j
RS;tcainc992j;p61p62;2009;485277.69;992;j
RS;tcainc992j;p61p62;2010;481282.09;992;j
RS;tcainc992j;p61p62;2011;483079.91;992;j
RS;tcainc992j;p61p62;2012;479580.09;992;j
RS;tcainc992j;p61p62;2013;496104.0;992;j
RS;tcainc992j;p61p62;2014;478303.09;992;j
RS;tcainc992j;p61p62;2015;464343.91;992;j
RS;tcainc992j;p61p62;2016;481616.81;992;j
RS;tcainc992j;p61p62;2017;481829.41;992;j
RS;tcainc992j;p78p79;1990;714529.69;992;j
RS;tcainc992j;p78p79;1991;618992.69;992;j
RS;tcainc992j;p78p79;1992;423038.91;992;j
RS;tcainc992j;p78p79;1993;273495.0;992;j
RS;tcainc992j;p78p79;1994;280575.69;992;j
RS;tcainc992j;p78p79;1995;294932.31;992;j
RS;tcainc992j;p78p79;1996;296695.19;992;j
RS;tcainc992j;p78p79;1997;312563.5;992;j
RS;tcainc992j;p78p79;1998;337521.41;992;j
RS;tcainc992j;p78p79;1999;381168.91;992;j
RS;tcainc992j;p78p79;2000;410477.59;992;j
RS;tcainc992j;p78p79;2001;395494.69;992;j
RS;tcainc992j;p78p79;2002;419963.91;992;j
RS;tcainc992j;p78p79;2003;443640.09;992;j
RS;tcainc992j;p78p79;2004;536483.38;992;j
RS;tcainc992j;p78p79;2005;610162.38;992;j
RS;tcainc992j;p78p79;2006;644966.31;992;j
RS;tcainc992j;p78p79;2007;651099.88;992;j
RS;tcainc992j;p78p79;2008;704280.38;992;j
RS;tcainc992j;p78p79;2009;692930.81;992;j
RS;tcainc992j;p78p79;2010;697203.13;992;j
RS;tcainc992j;p78p79;2011;708485.5;992;j
RS;tcainc992j;p78p79;2012;703308.31;992;j
RS;tcainc992j;p78p79;2013;737764.19;992;j
RS;tcainc992j;p78p79;2014;678179.31;992;j
RS;tcainc992j;p78p79;2015;669494.13;992;j
RS;tcainc992j;p78p79;2016;694264.13;992;j
RS;tcainc992j;p78p79;2017;694707.5;992;j
RS;tcainc992j;p99.95p100;1990;8931582.0;992;j
RS;tcainc992j;p99.95p100;1991;7552390.0;992;j
RS;tcainc992j;p99.95p100;1992;5016938.0;992;j
RS;tcainc992j;p99.95p100;1993;3201789.5;992;j
RS;tcainc992j;p99.95p100;1994;3256290.3;992;j
RS;tcainc992j;p99.95p100;1995;3401539.8;992;j
RS;tcainc992j;p99.95p100;1996;3355510.0;992;j
RS;tcainc992j;p99.95p100;1997;3460393.0;992;j
RS;tcainc992j;p99.95p100;1998;3938867.8;992;j
RS;tcainc992j;p99.95p100;1999;4968909.5;992;j
RS;tcainc992j;p99.95p100;2000;5762100.5;992;j
RS;tcainc992j;p99.95p100;2001;6043163.5;992;j
RS;tcainc992j;p99.95p100;2002;6331129.5;992;j
RS;tcainc992j;p99.95p100;2003;6599854.0;992;j
RS;tcainc992j;p99.95p100;2004;7993115.0;992;j
RS;tcainc992j;p99.95p100;2005;9528825.0;992;j
RS;tcainc992j;p99.95p100;2006;9999959.0;992;j
RS;tcainc992j;p99.95p100;2007;9375255.0;992;j
RS;tcainc992j;p99.95p100;2008;9649466.0;992;j
RS;tcainc992j;p99.95p100;2009;10515097.0;992;j
RS;tcainc992j;p99.95p100;2010;10611062.0;992;j
RS;tcainc992j;p99.95p100;2011;10829643.0;992;j
RS;tcainc992j;p99.95p100;2012;13080726.0;992;j
RS;tcainc992j;p99.95p100;2013;11829096.0;992;j
RS;tcainc992j;p99.95p100;2014;14865869.0;992;j
RS;tcainc992j;p99.95p100;2015;18847594.0;992;j
RS;tcainc992j;p99.95p100;2016;19552306.0;992;j
RS;tcainc992j;p99.95p100;2017;19584138.0;992;j
RS;tcainc992j;p99.996p99.997;1990;33837284.0;992;j
RS;tcainc992j;p99.996p99.997;1991;27825134.0;992;j
RS;tcainc992j;p99.996p99.997;1992;17761526.0;992;j
RS;tcainc992j;p99.996p99.997;1993;11016361.0;992;j
RS;tcainc992j;p99.996p99.997;1994;10994180.0;992;j
RS;tcainc992j;p99.996p99.997;1995;11296519.0;992;j
RS;tcainc992j;p99.996p99.997;1996;10945082.0;992;j
RS;tcainc992j;p99.996p99.997;1997;11067050.0;992;j
RS;tcainc992j;p99.996p99.997;1998;12864240.0;992;j
RS;tcainc992j;p99.996p99.997;1999;17515876.0;992;j
RS;tcainc992j;p99.996p99.997;2000;20292956.0;992;j
RS;tcainc992j;p99.996p99.997;2001;22519188.0;992;j
RS;tcainc992j;p99.996p99.997;2002;22537958.0;992;j
RS;tcainc992j;p99.996p99.997;2003;23574088.0;992;j
RS;tcainc992j;p99.996p99.997;2004;28630456.0;992;j
RS;tcainc992j;p99.996p99.997;2005;35017588.0;992;j
RS;tcainc992j;p99.996p99.997;2006;34703768.0;992;j
RS;tcainc992j;p99.996p99.997;2007;30587730.0;992;j
RS;tcainc992j;p99.996p99.997;2008;29427100.0;992;j
RS;tcainc992j;p99.996p99.997;2009;35004984.0;992;j
RS;tcainc992j;p99.996p99.997;2010;33919696.0;992;j
RS;tcainc992j;p99.996p99.997;2011;33768608.0;992;j
RS;tcainc992j;p99.996p99.997;2012;49420972.0;992;j
RS;tcainc992j;p99.996p99.997;2013;39568680.0;992;j
RS;tcainc992j;p99.996p99.997;2014;67066668.0;992;j
RS;tcainc992j;p99.996p99.997;2015;101257624.0;992;j
RS;tcainc992j;p99.996p99.997;2016;105081848.0;992;j
RS;tcainc992j;p99.996p99.997;2017;105329048.0;992;j
RS;tdiinc992j;p10p11;1990;204251.2;992;j
RS;tdiinc992j;p10p11;1991;179620.5;992;j
RS;tdiinc992j;p10p11;1992;124776.1;992;j
RS;tdiinc992j;p10p11;1993;82031.297;992;j
RS;tdiinc992j;p10p11;1994;85926.797;992;j
RS;tdiinc992j;p10p11;1995;92096.297;992;j
RS;tdiinc992j;p10p11;1996;94589.703;992;j
RS;tdiinc992j;p10p11;1997;102419.3;992;j
RS;tdiinc992j;p10p11;1998;113139.7;992;j
RS;tdiinc992j;p10p11;1999;121904.9;992;j
RS;tdiinc992j;p10p11;2000;133249.09;992;j
RS;tdiinc992j;p10p11;2001;131593.09;992;j
RS;tdiinc992j;p10p11;2002;127330.5;992;j
RS;tdiinc992j;p10p11;2003;124317.6;992;j
RS;tdiinc992j;p10p11;2004;121844.1;992;j
RS;tdiinc992j;p10p11;2005;126961.5;992;j
RS;tdiinc992j;p10p11;2006;122617.8;992;j
RS;tdiinc992j;p10p11;2007;118919.1;992;j
RS;tdiinc992j;p10p11;2008;121044.3;992;j
RS;tdiinc992j;p10p11;2009;114785.3;992;j
RS;tdiinc992j;p10p11;2010;105150.4;992;j
RS;tdiinc992j;p10p11;2011;93928.898;992;j
RS;tdiinc992j;p10p11;2012;90581.602;992;j
RS;tdiinc992j;p10p11;2013;111618.9;992;j
RS;tdiinc992j;p10p11;2014;154847.0;992;j
RS;tdiinc992j;p10p11;2015;126603.5;992;j
RS;tdiinc992j;p10p11;2016;123293.5;992;j
RS;tdiinc992j;p10p11;2017;123153.0;992;j
RS;tdiinc992j;p3p4;1990;126773.6;992;j
RS;tdiinc992j;p3p4;1991;110755.9;992;j
RS;tdiinc992j;p3p4;1992;75093.797;992;j
RS;tdiinc992j;p3p4;1993;48342.199;992;j
RS;tdiinc992j;p3p4;1994;49202.199;992;j
RS;tdiinc992j;p3p4;1995;50858.301;992;j
RS;tdiinc992j;p3p4;1996;50244.301;992;j
RS;tdiinc992j;p3p4;1997;51653.602;992;j
RS;tdiinc992j;p3p4;1998;52797.801;992;j
RS;tdiinc992j;p3p4;1999;55988.602;992;j
RS;tdiinc992j;p3p4;2000;62117.602;992;j
RS;tdiinc992j;p3p4;2001;61710.0;992;j
RS;tdiinc992j;p3p4;2002;53354.398;992;j
RS;tdiinc992j;p3p4;2003;56762.602;992;j
RS;tdiinc992j;p3p4;2004;62642.699;992;j
RS;tdiinc992j;p3p4;2005;67114.797;992;j
RS;tdiinc992j;p3p4;2006;66412.898;992;j
RS;tdiinc992j;p3p4;2007;69482.0;992;j
RS;tdiinc992j;p3p4;2008;78943.5;992;j
RS;tdiinc992j;p3p4;2009;80518.797;992;j
RS;tdiinc992j;p3p4;2010;78489.797;992;j
RS;tdiinc992j;p3p4;2011;72769.898;992;j
RS;tdiinc992j;p3p4;2012;70757.797;992;j
RS;tdiinc992j;p3p4;2013;96862.602;992;j
RS;tdiinc992j;p3p4;2014;141531.7;992;j
RS;tdiinc992j;p3p4;2015;113697.8;992;j
RS;tdiinc992j;p3p4;2016;109766.5;992;j
RS;tdiinc992j;p3p4;2017;109561.0;992;j
RS;tdiinc992j;p75p100;1990;939093.81;992;j
RS;tdiinc992j;p75p100;1991;813858.31;992;j
RS;tdiinc992j;p75p100;1992;557020.63;992;j
RS;tdiinc992j;p75p100;1993;360292.09;992;j
RS;tdiinc992j;p75p100;1994;370122.41;992;j
RS;tdiinc992j;p75p100;1995;389762.59;992;j
RS;tdiinc992j;p75p100;1996;392621.69;992;j
RS;tdiinc992j;p75p100;1997;415658.09;992;j
RS;tdiinc992j;p75p100;1998;434071.0;992;j
RS;tdiinc992j;p75p100;1999;469569.09;992;j
RS;tdiinc992j;p75p100;2000;511316.81;992;j
RS;tdiinc992j;p75p100;2001;505476.0;992;j
RS;tdiinc992j;p75p100;2002;549744.19;992;j
RS;tdiinc992j;p75p100;2003;578355.63;992;j
RS;tdiinc992j;p75p100;2004;658167.13;992;j
RS;tdiinc992j;p75p100;2005;729456.88;992;j
RS;tdiinc992j;p75p100;2006;770946.13;992;j
RS;tdiinc992j;p75p100;2007;804680.88;992;j
RS;tdiinc992j;p75p100;2008;858861.88;992;j
RS;tdiinc992j;p75p100;2009;840356.0;992;j
RS;tdiinc992j;p75p100;2010;842828.5;992;j
RS;tdiinc992j;p75p100;2011;845869.81;992;j
RS;tdiinc992j;p75p100;2012;842577.63;992;j
RS;tdiinc992j;p75p100;2013;886748.63;992;j
RS;tdiinc992j;p75p100;2014;826335.88;992;j
RS;tdiinc992j;p75p100;2015;804798.13;992;j
RS;tdiinc992j;p75p100;2016;831108.13;992;j
RS;tdiinc992j;p75p100;2017;835949.19;992;j
RS;tptinc992j;p0p90;1990;38046.898;992;j
RS;tptinc992j;p0p90;1991;30647.9;992;j
RS;tptinc992j;p0p90;1992;19364.6;992;j
RS;tptinc992j;p0p90;1993;11503.2;992;j
RS;tptinc992j;p0p90;1994;10762.0;992;j
RS;tptinc992j;p0p90;1995;10210.7;992;j
RS;tptinc992j;p0p90;1996;9016.4004;992;j
RS;tptinc992j;p0p90;1997;8147.2002;992;j
RS;tptinc992j;p0p90;1998;8770.9004;992;j
RS;tptinc992j;p0p90;1999;9103.5;992;j
RS;tptinc992j;p0p90;2000;9704.2002;992;j
RS;tptinc992j;p0p90;2001;10561.1;992;j
RS;tptinc992j;p0p90;2002;9846.5;992;j
RS;tptinc992j;p0p90;2003;12200.0;992;j
RS;tptinc992j;p0p90;2004;12672.4;992;j
RS;tptinc992j;p0p90;2005;14174.7;992;j
RS;tptinc992j;p0p90;2006;14586.9;992;j
RS;tptinc992j;p0p90;2007;15579.1;992;j
RS;tptinc992j;p0p90;2008;-1704301.4;992;j
RS;tptinc992j;p0p90;2009;10488.7;992;j
RS;tptinc992j;p0p90;2010;10715.4;992;j
RS;tptinc992j;p0p90;2011;11320.7;992;j
RS;tptinc992j;p0p90;2012;758.90002;992;j
RS;tptinc992j;p0p90;2013;-8439.0996;992;j
RS;tptinc992j;p0p90;2014;-14804.0;992;j
RS;tptinc992j;p0p90;2015;-18647.0;992;j
RS;tptinc992j;p0p90;2016;-21941.1;992;j
RS;tptinc992j;p0p90;2017;-25010.6;992;j
RS;tptinc992j;p36p37;1990;448558.19;992;j
RS;tptinc992j;p36p37;1991;387453.0;992;j
RS;tptinc992j;p36p37;1992;264355.31;992;j
RS;tptinc992j;p36p37;1993;170650.2;992;j
RS;tptinc992j;p36p37;1994;175071.8;992;j
RS;tptinc992j;p36p37;1995;183974.41;992;j
RS;tptinc992j;p36p37;1996;184834.2;992;j
RS;tptinc992j;p36p37;1997;195350.5;992;j
RS;tptinc992j;p36p37;1998;201283.2;992;j
RS;tptinc992j;p36p37;1999;220095.41;992;j
RS;tptinc992j;p36p37;2000;239292.3;992;j
RS;tptinc992j;p36p37;2001;237300.2;992;j
RS;tptinc992j;p36p37;2002;252981.3;992;j
RS;tptinc992j;p36p37;2003;263293.09;992;j
RS;tptinc992j;p36p37;2004;289888.81;992;j
RS;tptinc992j;p36p37;2005;315337.59;992;j
RS;tptinc992j;p36p37;2006;327304.31;992;j
RS;tptinc992j;p36p37;2007;340931.59;992;j
RS;tptinc992j;p36p37;2008;353306.81;992;j
RS;tptinc992j;p36p37;2009;341202.81;992;j
RS;tptinc992j;p36p37;2010;330618.19;992;j
RS;tptinc992j;p36p37;2011;317442.31;992;j
RS;tptinc992j;p36p37;2012;314780.09;992;j
RS;tptinc992j;p36p37;2013;325121.69;992;j
RS;tptinc992j;p36p37;2014;303664.19;992;j
RS;tptinc992j;p36p37;2015;322248.09;992;j
RS;tptinc992j;p36p37;2016;332152.19;992;j
RS;tptinc992j;p36p37;2017;333672.41;992;j
RS;tptinc992j;p5p6;1990;88735.898;992;j
RS;tptinc992j;p5p6;1991;79055.703;992;j
RS;tptinc992j;p5p6;1992;55140.398;992;j
RS;tptinc992j;p5p6;1993;36633.398;992;j
RS;tptinc992j;p5p6;1994;38547.801;992;j
RS;tptinc992j;p5p6;1995;41379.301;992;j
RS;tptinc992j;p5p6;1996;42073.301;992;j
RS;tptinc992j;p5p6;1997;45276.301;992;j
RS;tptinc992j;p5p6;1998;52174.699;992;j
RS;tptinc992j;p5p6;1999;59982.801;992;j
RS;tptinc992j;p5p6;2000;64235.5;992;j
RS;tptinc992j;p5p6;2001;64395.602;992;j
RS;tptinc992j;p5p6;2002;56141.5;992;j
RS;tptinc992j;p5p6;2003;53597.898;992;j
RS;tptinc992j;p5p6;2004;55213.801;992;j
RS;tptinc992j;p5p6;2005;55198.0;992;j
RS;tptinc992j;p5p6;2006;49776.898;992;j
RS;tptinc992j;p5p6;2007;46409.398;992;j
RS;tptinc992j;p5p6;2008;42134.102;992;j
RS;tptinc992j;p5p6;2009;35108.699;992;j
RS;tptinc992j;p5p6;2010;34621.801;992;j
RS;tptinc992j;p5p6;2011;30236.5;992;j
RS;tptinc992j;p5p6;2012;28190.301;992;j
RS;tptinc992j;p5p6;2013;23632.1;992;j
RS;tptinc992j;p5p6;2014;22588.801;992;j
RS;tptinc992j;p5p6;2015;23985.6;992;j
RS;tptinc992j;p5p6;2016;24832.6;992;j
RS;tptinc992j;p5p6;2017;24799.5;992;j
RS;tptinc992j;p67p68;1990;821111.81;992;j
RS;tptinc992j;p67p68;1991;708431.63;992;j
RS;tptinc992j;p67p68;1992;482687.5;992;j
RS;tptinc992j;p67p68;1993;311613.41;992;j
RS;tptinc992j;p67p68;1994;319197.09;992;j
RS;tptinc992j;p67p68;1995;335269.0;992;j
RS;tptinc992j;p67p68;1996;336871.81;992;j
RS;tptinc992j;p67p68;1997;356199.0;992;j
RS;tptinc992j;p67p68;1998;372224.5;992;j
RS;tptinc992j;p67p68;1999;403386.81;992;j
RS;tptinc992j;p67p68;2000;436884.81;992;j
RS;tptinc992j;p67p68;2001;432753.31;992;j
RS;tptinc992j;p67p68;2002;469810.19;992;j
RS;tptinc992j;p67p68;2003;491696.69;992;j
RS;tptinc992j;p67p68;2004;546597.31;992;j
RS;tptinc992j;p67p68;2005;606017.31;992;j
RS;tptinc992j;p67p68;2006;645274.88;992;j
RS;tptinc992j;p67p68;2007;676820.63;992;j
RS;tptinc992j;p67p68;2008;725613.38;992;j
RS;tptinc992j;p67p68;2009;710344.81;992;j
RS;tptinc992j;p67p68;2010;704549.19;992;j
RS;tptinc992j;p67p68;2011;703577.81;992;j
RS;tptinc992j;p67p68;2012;708791.38;992;j
RS;tptinc992j;p67p68;2013;734694.69;992;j
RS;tptinc992j;p67p68;2014;706111.88;992;j
RS;tptinc992j;p67p68;2015;714822.63;992;j
RS;tptinc992j;p67p68;2016;736618.19;992;j
RS;tptinc992j;p67p68;2017;740724.31;992;j
RS;tptinc992j;p99.3p100;1990;3785059.0;992;j
RS;tptinc992j;p99.3p100;1991;3316899.5;992;j
RS;tptinc992j;p99.3p100;1992;2296097.5;992;j
RS;tptinc992j;p99.3p100;1993;1502568.9;992;j
RS;tptinc992j;p99.3p100;1994;1566342.5;992;j
RS;tptinc992j;p99.3p100;1995;1669715.0;992;j
RS;tptinc992j;p99.3p100;1996;1691128.4;992;j
RS;tptinc992j;p99.3p100;1997;1800254.0;992;j
RS;tptinc992j;p99.3p100;1998;1920702.8;992;j
RS;tptinc992j;p99.3p100;1999;2143807.0;992;j
RS;tptinc992j;p99.3p100;2000;2463657.8;992;j
RS;tptinc992j;p99.3p100;2001;2502018.8;992;j
RS;tptinc992j;p99.3p100;2002;2749967.8;992;j
RS;tptinc992j;p99.3p100;2003;2906373.0;992;j
RS;tptinc992j;p99.3p100;2004;3370189.5;992;j
RS;tptinc992j;p99.3p100;2005;3841035.5;992;j
RS;tptinc992j;p99.3p100;2006;4099180.8;992;j
RS;tptinc992j;p99.3p100;2007;4096857.8;992;j
RS;tptinc992j;p99.3p100;2008;4403157.5;992;j
RS;tptinc992j;p99.3p100;2009;4376075.5;992;j
RS;tptinc992j;p99.3p100;2010;4582596.5;992;j
RS;tptinc992j;p99.3p100;2011;4724211.0;992;j
RS;tptinc992j;p99.3p100;2012;4726838.5;992;j
RS;tptinc992j;p99.3p100;2013;4746416.5;992;j
RS;tptinc992j;p99.3p100;2014;4865869.5;992;j
RS;tptinc992j;p99.3p100;2015;4757334.5;992;j
RS;tptinc992j;p99.3p100;2016;4908432.5;992;j
RS;tptinc992j;p99.3p100;2017;4944818.5;992;j
RS;tptinc992j;p99.93p100;1990;11541873.0;992;j
RS;tptinc992j;p99.93p100;1991;10228505.0;992;j
RS;tptinc992j;p99.93p100;1992;7126549.0;992;j
RS;tptinc992j;p99.93p100;1993;4714711.5;992;j
RS;tptinc992j;p99.93p100;1994;4940128.0;992;j
RS;tptinc992j;p99.93p100;1995;5320959.0;992;j
RS;tptinc992j;p99.93p100;1996;5432699.0;992;j
RS;tptinc992j;p99.93p100;1997;5833481.5;992;j
RS;tptinc992j;p99.93p100;1998;6173437.0;992;j
RS;tptinc992j;p99.93p100;1999;7088517.0;992;j
RS;tptinc992j;p99.93p100;2000;8299935.5;992;j
RS;tptinc992j;p99.93p100;2001;8663102.0;992;j
RS;tptinc992j;p99.93p100;2002;9357067.0;992;j
RS;tptinc992j;p99.93p100;2003;9745650.0;992;j
RS;tptinc992j;p99.93p100;2004;11323505.0;992;j
RS;tptinc992j;p99.93p100;2005;12614355.0;992;j
RS;tptinc992j;p99.93p100;2006;13470477.0;992;j
RS;tptinc992j;p99.93p100;2007;13079357.0;992;j
RS;tptinc992j;p99.93p100;2008;14152202.0;992;j
RS;tptinc992j;p99.93p100;2009;13920424.0;992;j
RS;tptinc992j;p99.93p100;2010;14255227.0;992;j
RS;tptinc992j;p99.93p100;2011;14898253.0;992;j
RS;tptinc992j;p99.93p100;2012;13535399.0;992;j
RS;tptinc992j;p99.93p100;2013;14143814.0;992;j
RS;tptinc992j;p99.93p100;2014;17175780.0;992;j
RS;tptinc992j;p99.93p100;2015;16686835.0;992;j
RS;tptinc992j;p99.93p100;2016;17221202.0;992;j
RS;tptinc992j;p99.93p100;2017;17350056.0;992;j
RS;acainc992j;p16p17;1990;153055.8;992;j
RS;acainc992j;p16p17;1991;135521.5;992;j
RS;acainc992j;p16p17;1992;94680.0;992;j
RS;acainc992j;p16p17;1993;62501.301;992;j
RS;acainc992j;p16p17;1994;65527.102;992;j
RS;acainc992j;p16p17;1995;70482.5;992;j
RS;acainc992j;p16p17;1996;72413.703;992;j
RS;acainc992j;p16p17;1997;77820.203;992;j
RS;acainc992j;p16p17;1998;91823.797;992;j
RS;acainc992j;p16p17;1999;107422.7;992;j
RS;acainc992j;p16p17;2000;112968.8;992;j
RS;acainc992j;p16p17;2001;107280.9;992;j
RS;acainc992j;p16p17;2002;100551.3;992;j
RS;acainc992j;p16p17;2003;105533.2;992;j
RS;acainc992j;p16p17;2004;111108.0;992;j
RS;acainc992j;p16p17;2005;120812.2;992;j
RS;acainc992j;p16p17;2006;112866.7;992;j
RS;acainc992j;p16p17;2007;105987.3;992;j
RS;acainc992j;p16p17;2008;107966.9;992;j
RS;acainc992j;p16p17;2009;103761.7;992;j
RS;acainc992j;p16p17;2010;88573.602;992;j
RS;acainc992j;p16p17;2011;77367.398;992;j
RS;acainc992j;p16p17;2012;73320.398;992;j
RS;acainc992j;p16p17;2013;69092.703;992;j
RS;acainc992j;p16p17;2014;102973.9;992;j
RS;acainc992j;p16p17;2015;78564.5;992;j
RS;acainc992j;p16p17;2016;81672.102;992;j
RS;acainc992j;p16p17;2017;81544.703;992;j
RS;acainc992j;p47p48;1990;411529.5;992;j
RS;acainc992j;p47p48;1991;359638.0;992;j
RS;acainc992j;p47p48;1992;247616.5;992;j
RS;acainc992j;p47p48;1993;161128.59;992;j
RS;acainc992j;p47p48;1994;166543.3;992;j
RS;acainc992j;p47p48;1995;176275.3;992;j
RS;acainc992j;p47p48;1996;178432.0;992;j
RS;acainc992j;p47p48;1997;189011.09;992;j
RS;acainc992j;p47p48;1998;201125.09;992;j
RS;acainc992j;p47p48;1999;228496.91;992;j
RS;acainc992j;p47p48;2000;246025.5;992;j
RS;acainc992j;p47p48;2001;238517.3;992;j
RS;acainc992j;p47p48;2002;246298.3;992;j
RS;acainc992j;p47p48;2003;257317.5;992;j
RS;acainc992j;p47p48;2004;304769.09;992;j
RS;acainc992j;p47p48;2005;340809.41;992;j
RS;acainc992j;p47p48;2006;356284.5;992;j
RS;acainc992j;p47p48;2007;356873.09;992;j
RS;acainc992j;p47p48;2008;380618.0;992;j
RS;acainc992j;p47p48;2009;371909.69;992;j
RS;acainc992j;p47p48;2010;365145.5;992;j
RS;acainc992j;p47p48;2011;365287.09;992;j
RS;acainc992j;p47p48;2012;356617.19;992;j
RS;acainc992j;p47p48;2013;367336.31;992;j
RS;acainc992j;p47p48;2014;352833.91;992;j
RS;acainc992j;p47p48;2015;352958.91;992;j
RS;acainc992j;p47p48;2016;366064.31;992;j
RS;acainc992j;p47p48;2017;366221.19;992;j
RS;acainc992j;p76p77;1990;693446.81;992;j
RS;acainc992j;p76p77;1991;600525.13;992;j
RS;acainc992j;p76p77;1992;410397.69;992;j
RS;acainc992j;p76p77;1993;265432.09;992;j
RS;acainc992j;p76p77;1994;272746.69;992;j
RS;acainc992j;p76p77;1995;287199.69;992;j
RS;acainc992j;p76p77;1996;289185.81;992;j
RS;acainc992j;p76p77;1997;304809.41;992;j
RS;acainc992j;p76p77;1998;329734.59;992;j
RS;acainc992j;p76p77;1999;372143.41;992;j
RS;acainc992j;p76p77;2000;400058.91;992;j
RS;acainc992j;p76p77;2001;386459.91;992;j
RS;acainc992j;p76p77;2002;408775.31;992;j
RS;acainc992j;p76p77;2003;431524.41;992;j
RS;acainc992j;p76p77;2004;520451.19;992;j
RS;acainc992j;p76p77;2005;591804.13;992;j
RS;acainc992j;p76p77;2006;624281.81;992;j
RS;acainc992j;p76p77;2007;632531.81;992;j
RS;acainc992j;p76p77;2008;679560.81;992;j
RS;acainc992j;p76p77;2009;670506.81;992;j
RS;acainc992j;p76p77;2010;673528.31;992;j
RS;acainc992j;p76p77;2011;681639.88;992;j
RS;acainc992j;p76p77;2012;677962.13;992;j
RS;acainc992j;p76p77;2013;714159.13;992;j
RS;acainc992j;p76p77;2014;662990.81;992;j
RS;acainc992j;p76p77;2015;647835.13;992;j
RS;acainc992j;p76p77;2016;671734.19;992;j
RS;acainc992j;p76p77;2017;672271.63;992;j
RS;adiinc992j;p33p34;1990;461335.31;992;j
RS;adiinc992j;p33p34;1991;402119.09;992;j
RS;adiinc992j;p33p34;1992;276596.59;992;j
RS;adiinc992j;p33p34;1993;180058.0;992;j
RS;adiinc992j;p33p34;1994;186243.09;992;j
RS;adiinc992j;p33p34;1995;197390.3;992;j
RS;adiinc992j;p33p34;1996;200195.91;992;j
RS;adiinc992j;p33p34;1997;213708.2;992;j
RS;adiinc992j;p33p34;1998;219151.7;992;j
RS;adiinc992j;p33p34;1999;238600.09;992;j
RS;adiinc992j;p33p34;2000;261624.41;992;j
RS;adiinc992j;p33p34;2001;259968.09;992;j
RS;adiinc992j;p33p34;2002;277676.59;992;j
RS;adiinc992j;p33p34;2003;290075.81;992;j
RS;adiinc992j;p33p34;2004;320391.5;992;j
RS;adiinc992j;p33p34;2005;350437.41;992;j
RS;adiinc992j;p33p34;2006;362025.69;992;j
RS;adiinc992j;p33p34;2007;372464.69;992;j
RS;adiinc992j;p33p34;2008;391560.69;992;j
RS;adiinc992j;p33p34;2009;375304.19;992;j
RS;adiinc992j;p33p34;2010;365116.81;992;j
RS;adiinc992j;p33p34;2011;353090.19;992;j
RS;adiinc992j;p33p34;2012;346054.41;992;j
RS;adiinc992j;p33p34;2013;342942.69;992;j
RS;adiinc992j;p33p34;2014;340037.0;992;j
RS;adiinc992j;p33p34;2015;334307.81;992;j
RS;adiinc992j;p33p34;2016;340103.19;992;j
RS;adiinc992j;p33p34;2017;341452.0;992;j
RS;adiinc992j;p60p70;1990;790384.5;992;j
RS;adiinc992j;p60p70;1991;687135.63;992;j
RS;adiinc992j;p60p70;1992;469955.69;992;j
RS;adiinc992j;p60p70;1993;304131.91;992;j
RS;adiinc992j;p60p70;1994;312610.5;992;j
RS;adiinc992j;p60p70;1995;329275.41;992;j
RS;adiinc992j;p60p70;1996;331790.31;992;j
RS;adiinc992j;p60p70;1997;351589.59;992;j
RS;adiinc992j;p60p70;1998;368221.0;992;j
RS;adiinc992j;p60p70;1999;399293.59;992;j
RS;adiinc992j;p60p70;2000;432795.31;992;j
RS;adiinc992j;p60p70;2001;429481.81;992;j
RS;adiinc992j;p60p70;2002;464958.19;992;j
RS;adiinc992j;p60p70;2003;488617.19;992;j
RS;adiinc992j;p60p70;2004;550619.19;992;j
RS;adiinc992j;p60p70;2005;608440.81;992;j
RS;adiinc992j;p60p70;2006;642835.81;992;j
RS;adiinc992j;p60p70;2007;667988.69;992;j
RS;adiinc992j;p60p70;2008;712674.81;992;j
RS;adiinc992j;p60p70;2009;694412.81;992;j
RS;adiinc992j;p60p70;2010;692076.69;992;j
RS;adiinc992j;p60p70;2011;691548.38;992;j
RS;adiinc992j;p60p70;2012;687210.69;992;j
RS;adiinc992j;p60p70;2013;715569.38;992;j
RS;adiinc992j;p60p70;2014;680762.69;992;j
RS;adiinc992j;p60p70;2015;663259.13;992;j
RS;adiinc992j;p60p70;2016;683435.69;992;j
RS;adiinc992j;p60p70;2017;687348.63;992;j
RS;adiinc992j;p71p100;1990;1375741.6;992;j
RS;adiinc992j;p71p100;1991;1189876.5;992;j
RS;adiinc992j;p71p100;1992;812149.31;992;j
RS;adiinc992j;p71p100;1993;525261.69;992;j
RS;adiinc992j;p71p100;1994;539421.0;992;j
RS;adiinc992j;p71p100;1995;567745.63;992;j
RS;adiinc992j;p71p100;1996;569959.63;992;j
RS;adiinc992j;p71p100;1997;601235.69;992;j
RS;adiinc992j;p71p100;1998;636449.38;992;j
RS;adiinc992j;p71p100;1999;703682.5;992;j
RS;adiinc992j;p71p100;2000;777918.5;992;j
RS;adiinc992j;p71p100;2001;779607.69;992;j
RS;adiinc992j;p71p100;2002;849579.38;992;j
RS;adiinc992j;p71p100;2003;897304.19;992;j
RS;adiinc992j;p71p100;2004;1028182.1;992;j
RS;adiinc992j;p71p100;2005;1161641.4;992;j
RS;adiinc992j;p71p100;2006;1243404.3;992;j
RS;adiinc992j;p71p100;2007;1282971.4;992;j
RS;adiinc992j;p71p100;2008;1374145.5;992;j
RS;adiinc992j;p71p100;2009;1364890.1;992;j
RS;adiinc992j;p71p100;2010;1393437.5;992;j
RS;adiinc992j;p71p100;2011;1423242.8;992;j
RS;adiinc992j;p71p100;2012;1429079.3;992;j
RS;adiinc992j;p71p100;2013;1465774.8;992;j
RS;adiinc992j;p71p100;2014;1406769.1;992;j
RS;adiinc992j;p71p100;2015;1462026.0;992;j
RS;adiinc992j;p71p100;2016;1517510.0;992;j
RS;adiinc992j;p71p100;2017;1527870.8;992;j
RS;adiinc992j;p99.992p100;1990;66720244.0;992;j
RS;adiinc992j;p99.992p100;1991;53979644.0;992;j
RS;adiinc992j;p99.992p100;1992;33678524.0;992;j
RS;adiinc992j;p99.992p100;1993;20557608.0;992;j
RS;adiinc992j;p99.992p100;1994;20309518.0;992;j
RS;adiinc992j;p99.992p100;1995;20687936.0;992;j
RS;adiinc992j;p99.992p100;1996;19866388.0;992;j
RS;adiinc992j;p99.992p100;1997;19954830.0;992;j
RS;adiinc992j;p99.992p100;1998;22746170.0;992;j
RS;adiinc992j;p99.992p100;1999;31229526.0;992;j
RS;adiinc992j;p99.992p100;2000;36230360.0;992;j
RS;adiinc992j;p99.992p100;2001;42400724.0;992;j
RS;adiinc992j;p99.992p100;2002;42101564.0;992;j
RS;adiinc992j;p99.992p100;2003;44010164.0;992;j
RS;adiinc992j;p99.992p100;2004;50476064.0;992;j
RS;adiinc992j;p99.992p100;2005;61393524.0;992;j
RS;adiinc992j;p99.992p100;2006;58859100.0;992;j
RS;adiinc992j;p99.992p100;2007;51569392.0;992;j
RS;adiinc992j;p99.992p100;2008;47637328.0;992;j
RS;adiinc992j;p99.992p100;2009;58832708.0;992;j
RS;adiinc992j;p99.992p100;2010;55635232.0;992;j
RS;adiinc992j;p99.992p100;2011;54541312.0;992;j
RS;adiinc992j;p99.992p100;2012;88044112.0;992;j
RS;adiinc992j;p99.992p100;2013;65965004.0;992;j
RS;adiinc992j;p99.992p100;2014;134392112.0;992;j
RS;adiinc992j;p99.992p100;2015;233722272.0;992;j
RS;adiinc992j;p99.992p100;2016;244260032.0;992;j
RS;adiinc992j;p99.992p100;2017;246568640.0;992;j
RS;adiinc992j;p99.9p99.91;1990;8547960.0;992;j
RS;adiinc992j;p99.9p99.91;1991;7278212.5;992;j
RS;adiinc992j;p99.9p99.91;1992;4880667.5;992;j
RS;adiinc992j;p99.9p99.91;1993;3135298.5;992;j
RS;adiinc992j;p99.9p99.91;1994;3202938.0;992;j
RS;adiinc992j;p99.9p99.91;1995;3358882.0;992;j
RS;adiinc992j;p99.9p99.91;1996;3328334.3;992;j
RS;adiinc992j;p99.9p99.91;1997;3459869.5;992;j
RS;adiinc992j;p99.9p99.91;1998;3799340.3;992;j
RS;adiinc992j;p99.9p99.91;1999;4556589.0;992;j
RS;adiinc992j;p99.9p99.91;2000;5302271.0;992;j
RS;adiinc992j;p99.9p99.91;2001;5606275.5;992;j
RS;adiinc992j;p99.9p99.91;2002;6051701.0;992;j
RS;adiinc992j;p99.9p99.91;2003;6286006.5;992;j
RS;adiinc992j;p99.9p99.91;2004;7171404.5;992;j
RS;adiinc992j;p99.9p99.91;2005;8327404.5;992;j
RS;adiinc992j;p99.9p99.91;2006;8849963.0;992;j
RS;adiinc992j;p99.9p99.91;2007;8644333.0;992;j
RS;adiinc992j;p99.9p99.91;2008;8968118.0;992;j
RS;adiinc992j;p99.9p99.91;2009;9522020.0;992;j
RS;adiinc992j;p99.9p99.91;2010;9662576.0;992;j
RS;adiinc992j;p99.9p99.91;2011;9882962.0;992;j
RS;adiinc992j;p99.9p99.91;2012;11369002.0;992;j
RS;adiinc992j;p99.9p99.91;2013;10588988.0;992;j
RS;adiinc992j;p99.9p99.91;2014;12383166.0;992;j
RS;adiinc992j;p99.9p99.91;2015;14992358.0;992;j
RS;adiinc992j;p99.9p99.91;2016;15647115.0;992;j
RS;adiinc992j;p99.9p99.91;2017;15769110.0;992;j
RS;agsrnf992i;p0p100;1997;-2502.2;992;i
RS;agsrnf992i;p0p100;1998;36302.898;992;i
RS;agsrnf992i;p0p100;1999;57880.398;992;i
RS;agsrnf992i;p0p100;2000;75451.898;992;i
RS;agsrnf992i;p0p100;2001;55614.699;992;i
RS;agsrnf992i;p0p100;2002;43138.801;992;i
RS;agsrnf992i;p0p100;2003;38247.301;992;i
RS;agsrnf992i;p0p100;2004;72895.602;992;i
RS;agsrnf992i;p0p100;2005;98011.5;992;i
RS;agsrnf992i;p0p100;2006;99152.5;992;i
RS;agsrnf992i;p0p100;2007;107396.9;992;i
RS;agsrnf992i;p0p100;2008;117770.3;992;i
RS;agsrnf992i;p0p100;2009;105495.6;992;i
RS;agsrnf992i;p0p100;2010;114385.6;992;i
RS;agsrnf992i;p0p100;2011;140663.2;992;i
RS;anninc992i;p0p100;1980;741453.88;992;i
RS;anninc992i;p0p100;1981;744851.31;992;i
RS;anninc992i;p0p100;1982;728183.38;992;i
RS;anninc992i;p0p100;1983;724290.5;992;i
RS;anninc992i;p0p100;1984;729816.88;992;i
RS;anninc992i;p0p100;1985;734893.13;992;i
RS;anninc992i;p0p100;1986;739145.38;992;i
RS;anninc992i;p0p100;1987;722181.63;992;i
RS;anninc992i;p0p100;1988;726872.38;992;i
RS;anninc992i;p0p100;1989;727509.63;992;i
RS;anninc992i;p0p100;1990;735105.13;992;i
RS;anninc992i;p0p100;1991;638136.13;992;i
RS;anninc992i;p0p100;1992;436886.59;992;i
RS;anninc992i;p0p100;1993;283232.5;992;i
RS;anninc992i;p0p100;1994;291613.69;992;i
RS;anninc992i;p0p100;1995;307680.81;992;i
RS;anninc992i;p0p100;1996;310072.0;992;i
RS;anninc992i;p0p100;1997;328609.81;992;i
RS;anninc992i;p0p100;1998;345611.69;992;i
RS;anninc992i;p0p100;1999;378427.59;992;i
RS;anninc992i;p0p100;2000;416097.5;992;i
RS;anninc992i;p0p100;2001;415412.5;992;i
RS;anninc992i;p0p100;2002;446889.09;992;i
RS;anninc992i;p0p100;2003;469460.59;992;i
RS;anninc992i;p0p100;2004;528433.38;992;i
RS;anninc992i;p0p100;2005;589344.88;992;i
RS;anninc992i;p0p100;2006;622122.69;992;i
RS;anninc992i;p0p100;2007;641935.38;992;i
RS;anninc992i;p0p100;2008;683461.81;992;i
RS;anninc992i;p0p100;2009;671403.81;992;i
RS;anninc992i;p0p100;2010;673251.31;992;i
RS;anninc992i;p0p100;2011;675523.81;992;i
RS;anninc992i;p0p100;2012;674617.88;992;i
RS;anninc992i;p0p100;2013;690835.38;992;i
RS;anninc992i;p0p100;2014;677289.13;992;i
RS;anninc992i;p0p100;2015;682056.38;992;i
RS;anninc992i;p0p100;2016;703175.13;992;i
RS;anninc992i;p0p100;2017;707332.38;992;i
RS;anninc992i;p0p100;2018;752778.88;992;i
RS;anninc992i;p0p100;2019;791904.63;992;i
RS;aptinc992j;p4p5;1990;85405.5;992;j
RS;aptinc992j;p4p5;1991;75927.203;992;j
RS;aptinc992j;p4p5;1992;52987.102;992;j
RS;aptinc992j;p4p5;1993;34908.5;992;j
RS;aptinc992j;p4p5;1994;36388.199;992;j
RS;aptinc992j;p4p5;1995;38811.301;992;j
RS;aptinc992j;p4p5;1996;39412.301;992;j
RS;aptinc992j;p4p5;1997;41817.5;992;j
RS;aptinc992j;p4p5;1998;48210.301;992;j
RS;aptinc992j;p4p5;1999;54854.0;992;j
RS;aptinc992j;p4p5;2000;58684.898;992;j
RS;aptinc992j;p4p5;2001;59504.5;992;j
RS;aptinc992j;p4p5;2002;51272.898;992;j
RS;aptinc992j;p4p5;2003;50952.5;992;j
RS;aptinc992j;p4p5;2004;51551.301;992;j
RS;aptinc992j;p4p5;2005;51620.102;992;j
RS;aptinc992j;p4p5;2006;47390.0;992;j
RS;aptinc992j;p4p5;2007;44897.0;992;j
RS;aptinc992j;p4p5;2008;40195.699;992;j
RS;aptinc992j;p4p5;2009;34044.0;992;j
RS;aptinc992j;p4p5;2010;33523.699;992;j
RS;aptinc992j;p4p5;2011;28398.5;992;j
RS;aptinc992j;p4p5;2012;27125.9;992;j
RS;aptinc992j;p4p5;2013;22161.5;992;j
RS;aptinc992j;p4p5;2014;22324.4;992;j
RS;aptinc992j;p4p5;2015;22562.801;992;j
RS;aptinc992j;p4p5;2016;23324.301;992;j
RS;aptinc992j;p4p5;2017;23243.0;992;j
RS;aptinc992j;p99.6p100;1990;9813081.0;992;j
RS;aptinc992j;p99.6p100;1991;8711658.0;992;j
RS;aptinc992j;p99.6p100;1992;6071114.5;992;j
RS;aptinc992j;p99.6p100;1993;4023458.8;992;j
RS;aptinc992j;p99.6p100;1994;4214266.0;992;j
RS;aptinc992j;p99.6p100;1995;4546021.5;992;j
RS;aptinc992j;p99.6p100;1996;4649475.0;992;j
RS;aptinc992j;p99.6p100;1997;5002940.5;992;j
RS;aptinc992j;p99.6p100;1998;5273177.0;992;j
RS;aptinc992j;p99.6p100;1999;6084897.5;992;j
RS;aptinc992j;p99.6p100;2000;7124406.5;992;j
RS;aptinc992j;p99.6p100;2001;7482515.5;992;j
RS;aptinc992j;p99.6p100;2002;8027584.0;992;j
RS;aptinc992j;p99.6p100;2003;8336898.0;992;j
RS;aptinc992j;p99.6p100;2004;9679821.0;992;j
RS;aptinc992j;p99.6p100;2005;10714969.0;992;j
RS;aptinc992j;p99.6p100;2006;11443658.0;992;j
RS;aptinc992j;p99.6p100;2007;11084416.0;992;j
RS;aptinc992j;p99.6p100;2008;12010907.0;992;j
RS;aptinc992j;p99.6p100;2009;11786590.0;992;j
RS;aptinc992j;p99.6p100;2010;11975834.0;992;j
RS;aptinc992j;p99.6p100;2011;12539938.0;992;j
RS;aptinc992j;p99.6p100;2012;11214241.0;992;j
RS;aptinc992j;p99.6p100;2013;11792191.0;992;j
RS;aptinc992j;p99.6p100;2014;14842092.0;992;j
RS;aptinc992j;p99.6p100;2015;14450192.0;992;j
RS;aptinc992j;p99.6p100;2016;14912228.0;992;j
RS;aptinc992j;p99.6p100;2017;15020999.0;992;j
RS;bcainc992j;p65p100;1990;1.6589576;992;j
RS;bcainc992j;p65p100;1991;1.6561527;992;j
RS;bcainc992j;p65p100;1992;1.6541854;992;j
RS;bcainc992j;p65p100;1993;1.6554493;992;j
RS;bcainc992j;p65p100;1994;1.654085;992;j
RS;bcainc992j;p65p100;1995;1.6518297;992;j
RS;bcainc992j;p65p100;1996;1.6474611;992;j
RS;bcainc992j;p65p100;1997;1.6425207;992;j
RS;bcainc992j;p65p100;1998;1.6488423;992;j
RS;bcainc992j;p65p100;1999;1.6723142;992;j
RS;bcainc992j;p65p100;2000;1.7124227;992;j
RS;bcainc992j;p65p100;2001;1.7269214;992;j
RS;bcainc992j;p65p100;2002;1.7422988;992;j
RS;bcainc992j;p65p100;2003;1.749588;992;j
RS;bcainc992j;p65p100;2004;1.7738614;992;j
RS;bcainc992j;p65p100;2005;1.8170462;992;j
RS;bcainc992j;p65p100;2006;1.8405441;992;j
RS;bcainc992j;p65p100;2007;1.8295318;992;j
RS;bcainc992j;p65p100;2008;1.8388597;992;j
RS;bcainc992j;p65p100;2009;1.8760425;992;j
RS;bcainc992j;p65p100;2010;1.9203502;992;j
RS;bcainc992j;p65p100;2011;1.9594095;992;j
RS;bcainc992j;p65p100;2012;1.984639;992;j
RS;bcainc992j;p65p100;2013;1.9562726;992;j
RS;bcainc992j;p65p100;2014;1.9726591;992;j
RS;bcainc992j;p65p100;2015;2.0998099;992;j
RS;bcainc992j;p65p100;2016;2.0996082;992;j
RS;bcainc992j;p65p100;2017;2.1009505;992;j
RS;bcainc992j;p7p100;1990;6.3952565;992;j
RS;bcainc992j;p7p100;1991;6.362464;992;j
RS;bcainc992j;p7p100;1992;6.368392;992;j
RS;bcainc992j;p7p100;1993;6.2964687;992;j
RS;bcainc992j;p7p100;1994;6.1127009;992;j
RS;bcainc992j;p7p100;1995;6.0395217;992;j
RS;bcainc992j;p7p100;1996;5.8473639;992;j
RS;bcainc992j;p7p100;1997;5.7365422;992;j
RS;bcainc992j;p7p100;1998;5.2095709;992;j
RS;bcainc992j;p7p100;1999;5.0773849;992;j
RS;bcainc992j;p7p100;2000;5.4143124;992;j
RS;bcainc992j;p7p100;2001;5.5040541;992;j
RS;bcainc992j;p7p100;2002;7.4602299;992;j
RS;bcainc992j;p7p100;2003;7.2726898;992;j
RS;bcainc992j;p7p100;2004;8.6910524;992;j
RS;bcainc992j;p7p100;2005;9.405755;992;j
RS;bcainc992j;p7p100;2006;11.763803;992;j
RS;bcainc992j;p7p100;2007;15.246644;992;j
RS;bcainc992j;p7p100;2008;15.382449;992;j
RS;bcainc992j;p7p100;2009;14.320426;992;j
RS;bcainc992j;p7p100;2010;16.213522;992;j
RS;bcainc992j;p7p100;2011;19.814358;992;j
RS;bcainc992j;p7p100;2012;24.432598;992;j
RS;bcainc992j;p7p100;2013;12.923873;992;j
RS;bcainc992j;p7p100;2014;6.8713002;992;j
RS;bcainc992j;p7p100;2015;9.9872074;992;j
RS;bcainc992j;p7p100;2016;9.9714308;992;j
RS;bcainc992j;p7p100;2017;9.9914923;992;j
RS;bptinc992j;p46p100;1990;2.0049748;992;j
RS;bptinc992j;p46p100;1991;2.0161874;992;j
RS;bptinc992j;p46p100;1992;2.029726;992;j
RS;bptinc992j;p46p100;1993;2.0443726;992;j
RS;bptinc992j;p46p100;1994;2.0574403;992;j
RS;bptinc992j;p46p100;1995;2.0694504;992;j
RS;bptinc992j;p46p100;1996;2.079464;992;j
RS;bptinc992j;p46p100;1997;2.0889034;992;j
RS;bptinc992j;p46p100;1998;2.1362965;992;j
RS;bptinc992j;p46p100;1999;2.1329997;992;j
RS;bptinc992j;p46p100;2000;2.165127;992;j
RS;bptinc992j;p46p100;2001;2.1681938;992;j
RS;bptinc992j;p46p100;2002;2.2130949;992;j
RS;bptinc992j;p46p100;2003;2.2241387;992;j
RS;bptinc992j;p46p100;2004;2.2768977;992;j
RS;bptinc992j;p46p100;2005;2.3353269;992;j
RS;bptinc992j;p46p100;2006;2.3658226;992;j
RS;bptinc992j;p46p100;2007;2.3558578;992;j
RS;bptinc992j;p46p100;2008;2.3942742;992;j
RS;bptinc992j;p46p100;2009;2.412776;992;j
RS;bptinc992j;p46p100;2010;2.4832246;992;j
RS;bptinc992j;p46p100;2011;2.5579963;992;j
RS;bptinc992j;p46p100;2012;2.6000936;992;j
RS;bptinc992j;p46p100;2013;2.5431154;992;j
RS;bptinc992j;p46p100;2014;2.6346273;992;j
RS;bptinc992j;p46p100;2015;2.5577714;992;j
RS;bptinc992j;p46p100;2016;2.5586219;992;j
RS;bptinc992j;p46p100;2017;2.5610764;992;j
RS;bptinc992j;p53p100;1990;1.8824934;992;j
RS;bptinc992j;p53p100;1991;1.8913218;992;j
RS;bptinc992j;p53p100;1992;1.8996024;992;j
RS;bptinc992j;p53p100;1993;1.9088008;992;j
RS;bptinc992j;p53p100;1994;1.9184911;992;j
RS;bptinc992j;p53p100;1995;1.9281566;992;j
RS;bptinc992j;p53p100;1996;1.9327184;992;j
RS;bptinc992j;p53p100;1997;1.937471;992;j
RS;bptinc992j;p53p100;1998;1.9566591;992;j
RS;bptinc992j;p53p100;1999;1.9619477;992;j
RS;bptinc992j;p53p100;2000;1.9983221;992;j
RS;bptinc992j;p53p100;2001;2.0095906;992;j
RS;bptinc992j;p53p100;2002;2.0480099;992;j
RS;bptinc992j;p53p100;2003;2.0591576;992;j
RS;bptinc992j;p53p100;2004;2.115705;992;j
RS;bptinc992j;p53p100;2005;2.1603534;992;j
RS;bptinc992j;p53p100;2006;2.1825156;992;j
RS;bptinc992j;p53p100;2007;2.1765614;992;j
RS;bptinc992j;p53p100;2008;2.2000577;992;j
RS;bptinc992j;p53p100;2009;2.2180674;992;j
RS;bptinc992j;p53p100;2010;2.2854941;992;j
RS;bptinc992j;p53p100;2011;2.3419645;992;j
RS;bptinc992j;p53p100;2012;2.3257551;992;j
RS;bptinc992j;p53p100;2013;2.2883739;992;j
RS;bptinc992j;p53p100;2014;2.3928442;992;j
RS;bptinc992j;p53p100;2015;2.3238261;992;j
RS;bptinc992j;p53p100;2016;2.3249347;992;j
RS;bptinc992j;p53p100;2017;2.3263457;992;j
RS;bptinc992j;p99.97p100;1990;2.0792401;992;j
RS;bptinc992j;p99.97p100;1991;2.1020513;992;j
RS;bptinc992j;p99.97p100;1992;2.1096358;992;j
RS;bptinc992j;p99.97p100;1993;2.1316352;992;j
RS;bptinc992j;p99.97p100;1994;2.1336689;992;j
RS;bptinc992j;p99.97p100;1995;2.1532903;992;j
RS;bptinc992j;p99.97p100;1996;2.1720979;992;j
RS;bptinc992j;p99.97p100;1997;2.1938143;992;j
RS;bptinc992j;p99.97p100;1998;2.1592166;992;j
RS;bptinc992j;p99.97p100;1999;2.2169087;992;j
RS;bptinc992j;p99.97p100;2000;2.2316587;992;j
RS;bptinc992j;p99.97p100;2001;2.2946129;992;j
RS;bptinc992j;p99.97p100;2002;2.2359891;992;j
RS;bptinc992j;p99.97p100;2003;2.2048569;992;j
RS;bptinc992j;p99.97p100;2004;2.2016838;992;j
RS;bptinc992j;p99.97p100;2005;2.1394382;992;j
RS;bptinc992j;p99.97p100;2006;2.1408494;992;j
RS;bptinc992j;p99.97p100;2007;2.0988932;992;j
RS;bptinc992j;p99.97p100;2008;2.1148474;992;j
RS;bptinc992j;p99.97p100;2009;2.089397;992;j
RS;bptinc992j;p99.97p100;2010;2.0135562;992;j
RS;bptinc992j;p99.97p100;2011;2.0399458;992;j
RS;bptinc992j;p99.97p100;2012;1.8242018;992;j
RS;bptinc992j;p99.97p100;2013;1.915482;992;j
RS;bptinc992j;p99.97p100;2014;2.3121092;992;j
RS;bptinc992j;p99.97p100;2015;2.3215313;992;j
RS;bptinc992j;p99.97p100;2016;2.3214049;992;j
RS;bptinc992j;p99.97p100;2017;2.3202138;992;j
RS;mndpro999i;p0p100;1980;4455294566400.0;999;i
RS;mndpro999i;p0p100;1981;4511589466112.0;999;i
RS;mndpro999i;p0p100;1982;4446301454336.0;999;i
RS;mndpro999i;p0p100;1983;4458268852224.0;999;i
RS;mndpro999i;p0p100;1984;4527581298688.0;999;i
RS;mndpro999i;p0p100;1985;4593629528064.0;999;i
RS;mndpro999i;p0p100;1986;4648026505216.0;999;i
RS;mndpro999i;p0p100;1987;4565420736512.0;999;i
RS;mndpro999i;p0p100;1988;4621003653120.0;999;i
RS;mndpro999i;p0p100;1989;4659083739136.0;999;i
RS;mndpro999i;p0p100;1990;4753902796800.0;999;i
RS;mndpro999i;p0p100;1991;4170594123776.0;999;i
RS;mndpro999i;p0p100;1992;2893271269376.0;999;i
RS;mndpro999i;p0p100;1993;1901985267712.0;999;i
RS;mndpro999i;p0p100;1994;1981800120320.0;999;i
RS;mndpro999i;p0p100;1995;2108355510272.0;999;i
RS;mndpro999i;p0p100;1996;2135128539136.0;999;i
RS;mndpro999i;p0p100;1997;2272429604864.0;999;i
RS;mndpro999i;p0p100;1998;2382063468544.0;999;i
RS;mndpro999i;p0p100;1999;2039900405760.0;999;i
RS;mndpro999i;p0p100;2000;2250526162944.0;999;i
RS;mndpro999i;p0p100;2001;2252729483264.0;999;i
RS;mndpro999i;p0p100;2002;2452314652672.0;999;i
RS;mndpro999i;p0p100;2003;2590135025664.0;999;i
RS;mndpro999i;p0p100;2004;2929829871616.0;999;i
RS;mndpro999i;p0p100;2005;3280107995136.0;999;i
RS;mndpro999i;p0p100;2006;3464738897920.0;999;i
RS;mndpro999i;p0p100;2007;3648316768256.0;999;i
RS;mndpro999i;p0p100;2008;3869233643520.0;999;i
RS;mndpro999i;p0p100;2009;3745839316992.0;999;i
RS;mndpro999i;p0p100;2010;3786361798656.0;999;i
RS;mndpro999i;p0p100;2011;3878170656768.0;999;i
RS;mndpro999i;p0p100;2012;3836592783360.0;999;i
RS;mndpro999i;p0p100;2013;3957331066880.0;999;i
RS;mndpro999i;p0p100;2014;3870218780672.0;999;i
RS;mndpro999i;p0p100;2015;3934555471872.0;999;i
RS;mndpro999i;p0p100;2016;4067617669120.0;999;i
RS;mndpro999i;p0p100;2017;4137960603648.0;999;i
RS;mndpro999i;p0p100;2018;4320839073792.0;999;i
RS;mndpro999i;p0p100;2019;4537901907968.0;999;i
RS;msscfc999i;p0p100;1997;0.0;999;i
RS;msscfc999i;p0p100;1998;0.0;999;i
RS;msscfc999i;p0p100;1999;0.0;999;i
RS;msscfc999i;p0p100;2000;0.0;999;i
RS;msscfc999i;p0p100;2001;0.0;999;i
RS;msscfc999i;p0p100;2002;0.0;999;i
RS;msscfc999i;p0p100;2003;0.0;999;i
RS;msscfc999i;p0p100;2004;0.0;999;i
RS;msscfc999i;p0p100;2005;0.0;999;i
RS;msscfc999i;p0p100;2006;0.0;999;i
RS;msscfc999i;p0p100;2007;0.0;999;i
RS;msscfc999i;p0p100;2008;0.0;999;i
RS;msscfc999i;p0p100;2009;0.0;999;i
RS;msscfc999i;p0p100;2010;0.0;999;i
RS;msscfc999i;p0p100;2011;0.0;999;i
RS;mtaxco999i;p0p100;1997;10303692800.0;999;i
RS;mtaxco999i;p0p100;1998;9199620096.0;999;i
RS;mtaxco999i;p0p100;1999;9962029056.0;999;i
RS;mtaxco999i;p0p100;2000;10422896640.0;999;i
RS;mtaxco999i;p0p100;2001;10647802880.0;999;i
RS;mtaxco999i;p0p100;2002;15392169984.0;999;i
RS;mtaxco999i;p0p100;2003;13174659072.0;999;i
RS;mtaxco999i;p0p100;2004;21147373568.0;999;i
RS;mtaxco999i;p0p100;2005;27204395008.0;999;i
RS;mtaxco999i;p0p100;2006;35416961024.0;999;i
RS;mtaxco999i;p0p100;2007;41424117760.0;999;i
RS;mtaxco999i;p0p100;2008;37574492160.0;999;i
RS;mtaxco999i;p0p100;2009;36912971776.0;999;i
RS;mtaxco999i;p0p100;2010;40941453312.0;999;i
RS;mtaxco999i;p0p100;2011;52574760960.0;999;i
RS;scainc992j;p63p64;1990;0.0105;992;j
RS;scainc992j;p63p64;1991;0.0105;992;j
RS;scainc992j;p63p64;1992;0.0105;992;j
RS;scainc992j;p63p64;1993;0.0105;992;j
RS;scainc992j;p63p64;1994;0.0105;992;j
RS;scainc992j;p63p64;1995;0.0105;992;j
RS;scainc992j;p63p64;1996;0.0105;992;j
RS;scainc992j;p63p64;1997;0.0105;992;j
RS;scainc992j;p63p64;1998;0.0104;992;j
RS;scainc992j;p63p64;1999;0.0103;992;j
RS;scainc992j;p63p64;2000;0.0102;992;j
RS;scainc992j;p63p64;2001;0.0101;992;j
RS;scainc992j;p63p64;2002;0.0102;992;j
RS;scainc992j;p63p64;2003;0.0102;992;j
RS;scainc992j;p63p64;2004;0.0102;992;j
RS;scainc992j;p63p64;2005;0.0101;992;j
RS;scainc992j;p63p64;2006;0.0101;992;j
RS;scainc992j;p63p64;2007;0.0101;992;j
RS;scainc992j;p63p64;2008;0.0101;992;j
RS;scainc992j;p63p64;2009;0.0099999998;992;j
RS;scainc992j;p63p64;2010;0.0099999998;992;j
RS;scainc992j;p63p64;2011;0.0098999999;992;j
RS;scainc992j;p63p64;2012;0.0098999999;992;j
RS;scainc992j;p63p64;2013;0.0099999998;992;j
RS;scainc992j;p63p64;2014;0.0097000003;992;j
RS;scainc992j;p63p64;2015;0.0093999999;992;j
RS;scainc992j;p63p64;2016;0.0093999999;992;j
RS;scainc992j;p63p64;2017;0.0093999999;992;j
RS;scainc992j;p72p100;1990;0.54979998;992;j
RS;scainc992j;p72p100;1991;0.54759997;992;j
RS;scainc992j;p72p100;1992;0.54570001;992;j
RS;scainc992j;p72p100;1993;0.54430002;992;j
RS;scainc992j;p72p100;1994;0.54280001;992;j
RS;scainc992j;p72p100;1995;0.5413;992;j
RS;scainc992j;p72p100;1996;0.53899997;992;j
RS;scainc992j;p72p100;1997;0.53680003;992;j
RS;scainc992j;p72p100;1998;0.53719997;992;j
RS;scainc992j;p72p100;1999;0.5399;992;j
RS;scainc992j;p72p100;2000;0.54549998;992;j
RS;scainc992j;p72p100;2001;0.54839998;992;j
RS;scainc992j;p72p100;2002;0.55879998;992;j
RS;scainc992j;p72p100;2003;0.56209999;992;j
RS;scainc992j;p72p100;2004;0.57249999;992;j
RS;scainc992j;p72p100;2005;0.58020002;992;j
RS;scainc992j;p72p100;2006;0.58899999;992;j
RS;scainc992j;p72p100;2007;0.59119999;992;j
RS;scainc992j;p72p100;2008;0.59530002;992;j
RS;scainc992j;p72p100;2009;0.60170001;992;j
RS;scainc992j;p72p100;2010;0.61390001;992;j
RS;scainc992j;p72p100;2011;0.6243;992;j
RS;scainc992j;p72p100;2012;0.62910002;992;j
RS;scainc992j;p72p100;2013;0.62989998;992;j
RS;scainc992j;p72p100;2014;0.6164;992;j
RS;scainc992j;p72p100;2015;0.63840002;992;j
RS;scainc992j;p72p100;2016;0.63840002;992;j
RS;scainc992j;p72p100;2017;0.63849998;992;j
RS;scainc992j;p7p100;1990;0.99169999;992;j
RS;scainc992j;p7p100;1991;0.99190003;992;j
RS;scainc992j;p7p100;1992;0.99199998;992;j
RS;scainc992j;p7p100;1993;0.99220002;992;j
RS;scainc992j;p7p100;1994;0.99229997;992;j
RS;scainc992j;p7p100;1995;0.99250001;992;j
RS;scainc992j;p7p100;1996;0.99269998;992;j
RS;scainc992j;p7p100;1997;0.99290001;992;j
RS;scainc992j;p7p100;1998;0.99229997;992;j
RS;scainc992j;p7p100;1999;0.99199998;992;j
RS;scainc992j;p7p100;2000;0.99260002;992;j
RS;scainc992j;p7p100;2001;0.9928;992;j
RS;scainc992j;p7p100;2002;0.99519998;992;j
RS;scainc992j;p7p100;2003;0.99470001;992;j
RS;scainc992j;p7p100;2004;0.99550003;992;j
RS;scainc992j;p7p100;2005;0.99589998;992;j
RS;scainc992j;p7p100;2006;0.99650002;992;j
RS;scainc992j;p7p100;2007;0.99730003;992;j
RS;scainc992j;p7p100;2008;0.9971;992;j
RS;scainc992j;p7p100;2009;0.99650002;992;j
RS;scainc992j;p7p100;2010;0.99680001;992;j
RS;scainc992j;p7p100;2011;0.99720001;992;j
RS;scainc992j;p7p100;2012;0.99779999;992;j
RS;scainc992j;p7p100;2013;0.99510002;992;j
RS;scainc992j;p7p100;2014;0.98989999;992;j
RS;scainc992j;p7p100;2015;0.9932;992;j
RS;scainc992j;p7p100;2016;0.9932;992;j
RS;scainc992j;p7p100;2017;0.9932;992;j
RS;scainc992j;p99.96p100;1990;0.0165;992;j
RS;scainc992j;p99.96p100;1991;0.015699999;992;j
RS;scainc992j;p99.96p100;1992;0.0147;992;j
RS;scainc992j;p99.96p100;1993;0.0141;992;j
RS;scainc992j;p99.96p100;1994;0.0137;992;j
RS;scainc992j;p99.96p100;1995;0.0133;992;j
RS;scainc992j;p99.96p100;1996;0.0129;992;j
RS;scainc992j;p99.96p100;1997;0.0124;992;j
RS;scainc992j;p99.96p100;1998;0.0131;992;j
RS;scainc992j;p99.96p100;1999;0.0154;992;j
RS;scainc992j;p99.96p100;2000;0.0164;992;j
RS;scainc992j;p99.96p100;2001;0.0186;992;j
RS;scainc992j;p99.96p100;2002;0.017899999;992;j
RS;scainc992j;p99.96p100;2003;0.0178;992;j
RS;scainc992j;p99.96p100;2004;0.018100001;992;j
RS;scainc992j;p99.96p100;2005;0.019400001;992;j
RS;scainc992j;p99.96p100;2006;0.018300001;992;j
RS;scainc992j;p99.96p100;2007;0.0163;992;j
RS;scainc992j;p99.96p100;2008;0.0148;992;j
RS;scainc992j;p99.96p100;2009;0.0175;992;j
RS;scainc992j;p99.96p100;2010;0.017000001;992;j
RS;scainc992j;p99.96p100;2011;0.016799999;992;j
RS;scainc992j;p99.96p100;2012;0.0241;992;j
RS;scainc992j;p99.96p100;2013;0.019099999;992;j
RS;scainc992j;p99.96p100;2014;0.032600001;992;j
RS;scainc992j;p99.96p100;2015;0.050500002;992;j
RS;scainc992j;p99.96p100;2016;0.050500002;992;j
RS;scainc992j;p99.96p100;2017;0.0506;992;j
RS;sdiinc992j;p40p100;1990;0.83149999;992;j
RS;sdiinc992j;p40p100;1991;0.83029997;992;j
RS;sdiinc992j;p40p100;1992;0.82889998;992;j
RS;sdiinc992j;p40p100;1993;0.82749999;992;j
RS;sdiinc992j;p40p100;1994;0.82609999;992;j
RS;sdiinc992j;p40p100;1995;0.82480001;992;j
RS;sdiinc992j;p40p100;1996;0.82309997;992;j
RS;sdiinc992j;p40p100;1997;0.8211;992;j
RS;sdiinc992j;p40p100;1998;0.82059997;992;j
RS;sdiinc992j;p40p100;1999;0.82309997;992;j
RS;sdiinc992j;p40p100;2000;0.82340002;992;j
RS;sdiinc992j;p40p100;2001;0.82389998;992;j
RS;sdiinc992j;p40p100;2002;0.83139998;992;j
RS;sdiinc992j;p40p100;2003;0.8337;992;j
RS;sdiinc992j;p40p100;2004;0.8427;992;j
RS;sdiinc992j;p40p100;2005;0.8466;992;j
RS;sdiinc992j;p40p100;2006;0.85350001;992;j
RS;sdiinc992j;p40p100;2007;0.85500002;992;j
RS;sdiinc992j;p40p100;2008;0.85799998;992;j
RS;sdiinc992j;p40p100;2009;0.86189997;992;j
RS;sdiinc992j;p40p100;2010;0.86930001;992;j
RS;sdiinc992j;p40p100;2011;0.87769997;992;j
RS;sdiinc992j;p40p100;2012;0.87870002;992;j
RS;sdiinc992j;p40p100;2013;0.88169998;992;j
RS;sdiinc992j;p40p100;2014;0.86290002;992;j
RS;sdiinc992j;p40p100;2015;0.87620002;992;j
RS;sdiinc992j;p40p100;2016;0.87970001;992;j
RS;sdiinc992j;p40p100;2017;0.88010001;992;j
RS;sdiinc992j;p54p100;1990;0.71880001;992;j
RS;sdiinc992j;p54p100;1991;0.71700001;992;j
RS;sdiinc992j;p54p100;1992;0.71530002;992;j
RS;sdiinc992j;p54p100;1993;0.7137;992;j
RS;sdiinc992j;p54p100;1994;0.71210003;992;j
RS;sdiinc992j;p54p100;1995;0.71060002;992;j
RS;sdiinc992j;p54p100;1996;0.70859998;992;j
RS;sdiinc992j;p54p100;1997;0.7062;992;j
RS;sdiinc992j;p54p100;1998;0.7087;992;j
RS;sdiinc992j;p54p100;1999;0.71210003;992;j
RS;sdiinc992j;p54p100;2000;0.71289998;992;j
RS;sdiinc992j;p54p100;2001;0.71380001;992;j
RS;sdiinc992j;p54p100;2002;0.72170001;992;j
RS;sdiinc992j;p54p100;2003;0.72460002;992;j
RS;sdiinc992j;p54p100;2004;0.73449999;992;j
RS;sdiinc992j;p54p100;2005;0.7403;992;j
RS;sdiinc992j;p54p100;2006;0.7482;992;j
RS;sdiinc992j;p54p100;2007;0.74940002;992;j
RS;sdiinc992j;p54p100;2008;0.75300002;992;j
RS;sdiinc992j;p54p100;2009;0.75809997;992;j
RS;sdiinc992j;p54p100;2010;0.76749998;992;j
RS;sdiinc992j;p54p100;2011;0.77740002;992;j
RS;sdiinc992j;p54p100;2012;0.77969998;992;j
RS;sdiinc992j;p54p100;2013;0.7827;992;j
RS;sdiinc992j;p54p100;2014;0.76520002;992;j
RS;sdiinc992j;p54p100;2015;0.7798;992;j
RS;sdiinc992j;p54p100;2016;0.78380001;992;j
RS;sdiinc992j;p54p100;2017;0.78430003;992;j
RS;sdiinc992j;p61p100;1990;0.65200001;992;j
RS;sdiinc992j;p61p100;1991;0.65020001;992;j
RS;sdiinc992j;p61p100;1992;0.64840001;992;j
RS;sdiinc992j;p61p100;1993;0.6469;992;j
RS;sdiinc992j;p61p100;1994;0.64539999;992;j
RS;sdiinc992j;p61p100;1995;0.64389998;992;j
RS;sdiinc992j;p61p100;1996;0.64179999;992;j
RS;sdiinc992j;p61p100;1997;0.63929999;992;j
RS;sdiinc992j;p61p100;1998;0.64230001;992;j
RS;sdiinc992j;p61p100;1999;0.64639997;992;j
RS;sdiinc992j;p61p100;2000;0.64789999;992;j
RS;sdiinc992j;p61p100;2001;0.64929998;992;j
RS;sdiinc992j;p61p100;2002;0.65700001;992;j
RS;sdiinc992j;p61p100;2003;0.66009998;992;j
RS;sdiinc992j;p61p100;2004;0.67030001;992;j
RS;sdiinc992j;p61p100;2005;0.6767;992;j
RS;sdiinc992j;p61p100;2006;0.68480003;992;j
RS;sdiinc992j;p61p100;2007;0.68550003;992;j
RS;sdiinc992j;p61p100;2008;0.6893;992;j
RS;sdiinc992j;p61p100;2009;0.69489998;992;j
RS;sdiinc992j;p61p100;2010;0.7051;992;j
RS;sdiinc992j;p61p100;2011;0.71539998;992;j
RS;sdiinc992j;p61p100;2012;0.71829998;992;j
RS;sdiinc992j;p61p100;2013;0.72109997;992;j
RS;sdiinc992j;p61p100;2014;0.70480001;992;j
RS;sdiinc992j;p61p100;2015;0.72070003;992;j
RS;sdiinc992j;p61p100;2016;0.72490001;992;j
RS;sdiinc992j;p61p100;2017;0.72549999;992;j
RS;sdiinc992j;p88p89;1990;0.0165;992;j
RS;sdiinc992j;p88p89;1991;0.0164;992;j
RS;sdiinc992j;p88p89;1992;0.0164;992;j
RS;sdiinc992j;p88p89;1993;0.0163;992;j
RS;sdiinc992j;p88p89;1994;0.0162;992;j
RS;sdiinc992j;p88p89;1995;0.016100001;992;j
RS;sdiinc992j;p88p89;1996;0.016100001;992;j
RS;sdiinc992j;p88p89;1997;0.016000001;992;j
RS;sdiinc992j;p88p89;1998;0.016100001;992;j
RS;sdiinc992j;p88p89;1999;0.016000001;992;j
RS;sdiinc992j;p88p89;2000;0.015699999;992;j
RS;sdiinc992j;p88p89;2001;0.0156;992;j
RS;sdiinc992j;p88p89;2002;0.015699999;992;j
RS;sdiinc992j;p88p89;2003;0.016100001;992;j
RS;sdiinc992j;p88p89;2004;0.0165;992;j
RS;sdiinc992j;p88p89;2005;0.0167;992;j
RS;sdiinc992j;p88p89;2006;0.016899999;992;j
RS;sdiinc992j;p88p89;2007;0.017100001;992;j
RS;sdiinc992j;p88p89;2008;0.017200001;992;j
RS;sdiinc992j;p88p89;2009;0.0173;992;j
RS;sdiinc992j;p88p89;2010;0.0176;992;j
RS;sdiinc992j;p88p89;2011;0.017899999;992;j
RS;sdiinc992j;p88p89;2012;0.0176;992;j
RS;sdiinc992j;p88p89;2013;0.0178;992;j
RS;sdiinc992j;p88p89;2014;0.016899999;992;j
RS;sdiinc992j;p88p89;2015;0.0165;992;j
RS;sdiinc992j;p88p89;2016;0.0166;992;j
RS;sdiinc992j;p88p89;2017;0.0166;992;j
RS;sdiinc992j;p99.6p100;1990;0.046599999;992;j
RS;sdiinc992j;p99.6p100;1991;0.045299999;992;j
RS;sdiinc992j;p99.6p100;1992;0.043900002;992;j
RS;sdiinc992j;p99.6p100;1993;0.043200001;992;j
RS;sdiinc992j;p99.6p100;1994;0.0427;992;j
RS;sdiinc992j;p99.6p100;1995;0.042300001;992;j
RS;sdiinc992j;p99.6p100;1996;0.0414;992;j
RS;sdiinc992j;p99.6p100;1997;0.0405;992;j
RS;sdiinc992j;p99.6p100;1998;0.042399999;992;j
RS;sdiinc992j;p99.6p100;1999;0.047200002;992;j
RS;sdiinc992j;p99.6p100;2000;0.049899999;992;j
RS;sdiinc992j;p99.6p100;2001;0.053599998;992;j
RS;sdiinc992j;p99.6p100;2002;0.053100001;992;j
RS;sdiinc992j;p99.6p100;2003;0.0526;992;j
RS;sdiinc992j;p99.6p100;2004;0.053300001;992;j
RS;sdiinc992j;p99.6p100;2005;0.0559;992;j
RS;sdiinc992j;p99.6p100;2006;0.055399999;992;j
RS;sdiinc992j;p99.6p100;2007;0.051800001;992;j
RS;sdiinc992j;p99.6p100;2008;0.049899999;992;j
RS;sdiinc992j;p99.6p100;2009;0.054699998;992;j
RS;sdiinc992j;p99.6p100;2010;0.054900002;992;j
RS;sdiinc992j;p99.6p100;2011;0.0557;992;j
RS;sdiinc992j;p99.6p100;2012;0.067000002;992;j
RS;sdiinc992j;p99.6p100;2013;0.0592;992;j
RS;sdiinc992j;p99.6p100;2014;0.077299997;992;j
RS;sdiinc992j;p99.6p100;2015;0.1016;992;j
RS;sdiinc992j;p99.6p100;2016;0.1029;992;j
RS;sdiinc992j;p99.6p100;2017;0.1031;992;j
RS;sdiinc992j;p99.999p100;1990;0.0027999999;992;j
RS;sdiinc992j;p99.999p100;1991;0.0024999999;992;j
RS;sdiinc992j;p99.999p100;1992;0.0022;992;j
RS;sdiinc992j;p99.999p100;1993;0.0020000001;992;j
RS;sdiinc992j;p99.999p100;1994;0.0019;992;j
RS;sdiinc992j;p99.999p100;1995;0.0018;992;j
RS;sdiinc992j;p99.999p100;1996;0.0017;992;j
RS;sdiinc992j;p99.999p100;1997;0.0016;992;j
RS;sdiinc992j;p99.999p100;1998;0.0018;992;j
RS;sdiinc992j;p99.999p100;1999;0.0024000001;992;j
RS;sdiinc992j;p99.999p100;2000;0.0024999999;992;j
RS;sdiinc992j;p99.999p100;2001;0.0031000001;992;j
RS;sdiinc992j;p99.999p100;2002;0.0027000001;992;j
RS;sdiinc992j;p99.999p100;2003;0.0027000001;992;j
RS;sdiinc992j;p99.999p100;2004;0.0027999999;992;j
RS;sdiinc992j;p99.999p100;2005;0.0031000001;992;j
RS;sdiinc992j;p99.999p100;2006;0.0027000001;992;j
RS;sdiinc992j;p99.999p100;2007;0.0020999999;992;j
RS;sdiinc992j;p99.999p100;2008;0.0017;992;j
RS;sdiinc992j;p99.999p100;2009;0.0024000001;992;j
RS;sdiinc992j;p99.999p100;2010;0.0022;992;j
RS;sdiinc992j;p99.999p100;2011;0.0020999999;992;j
RS;sdiinc992j;p99.999p100;2012;0.0038999999;992;j
RS;sdiinc992j;p99.999p100;2013;0.0026;992;j
RS;sdiinc992j;p99.999p100;2014;0.0070000002;992;j
RS;sdiinc992j;p99.999p100;2015;0.0139;992;j
RS;sdiinc992j;p99.999p100;2016;0.0141;992;j
RS;sdiinc992j;p99.999p100;2017;0.0141;992;j
RS;sptinc992j;p33p100;1990;0.90149999;992;j
RS;sptinc992j;p33p100;1991;0.90149999;992;j
RS;sptinc992j;p33p100;1992;0.90149999;992;j
RS;sptinc992j;p33p100;1993;0.9016;992;j
RS;sptinc992j;p33p100;1994;0.9016;992;j
RS;sptinc992j;p33p100;1995;0.90170002;992;j
RS;sptinc992j;p33p100;1996;0.9016;992;j
RS;sptinc992j;p33p100;1997;0.9016;992;j
RS;sptinc992j;p33p100;1998;0.89749998;992;j
RS;sptinc992j;p33p100;1999;0.89749998;992;j
RS;sptinc992j;p33p100;2000;0.8994;992;j
RS;sptinc992j;p33p100;2001;0.89929998;992;j
RS;sptinc992j;p33p100;2002;0.90710002;992;j
RS;sptinc992j;p33p100;2003;0.91009998;992;j
RS;sptinc992j;p33p100;2004;0.91549999;992;j
RS;sptinc992j;p33p100;2005;0.92019999;992;j
RS;sptinc992j;p33p100;2006;0.92610002;992;j
RS;sptinc992j;p33p100;2007;0.92930001;992;j
RS;sptinc992j;p33p100;2008;0.93470001;992;j
RS;sptinc992j;p33p100;2009;0.93849999;992;j
RS;sptinc992j;p33p100;2010;0.94260001;992;j
RS;sptinc992j;p33p100;2011;0.94880003;992;j
RS;sptinc992j;p33p100;2012;0.95099998;992;j
RS;sptinc992j;p33p100;2013;0.95270002;992;j
RS;sptinc992j;p33p100;2014;0.9544;992;j
RS;sptinc992j;p33p100;2015;0.95179999;992;j
RS;sptinc992j;p33p100;2016;0.95169997;992;j
RS;sptinc992j;p33p100;2017;0.95190001;992;j
RS;sptinc992j;p50p90;1990;0.4835;992;j
RS;sptinc992j;p50p90;1991;0.48199999;992;j
RS;sptinc992j;p50p90;1992;0.48050001;992;j
RS;sptinc992j;p50p90;1993;0.479;992;j
RS;sptinc992j;p50p90;1994;0.47749999;992;j
RS;sptinc992j;p50p90;1995;0.47589999;992;j
RS;sptinc992j;p50p90;1996;0.47490001;992;j
RS;sptinc992j;p50p90;1997;0.47400001;992;j
RS;sptinc992j;p50p90;1998;0.47009999;992;j
RS;sptinc992j;p50p90;1999;0.46630001;992;j
RS;sptinc992j;p50p90;2000;0.4605;992;j
RS;sptinc992j;p50p90;2001;0.45660001;992;j
RS;sptinc992j;p50p90;2002;0.4603;992;j
RS;sptinc992j;p50p90;2003;0.461;992;j
RS;sptinc992j;p50p90;2004;0.4594;992;j
RS;sptinc992j;p50p90;2005;0.46000001;992;j
RS;sptinc992j;p50p90;2006;0.463;992;j
RS;sptinc992j;p50p90;2007;0.47119999;992;j
RS;sptinc992j;p50p90;2008;0.4745;992;j
RS;sptinc992j;p50p90;2009;0.47530001;992;j
RS;sptinc992j;p50p90;2010;0.4718;992;j
RS;sptinc992j;p50p90;2011;0.47139999;992;j
RS;sptinc992j;p50p90;2012;0.47850001;992;j
RS;sptinc992j;p50p90;2013;0.4822;992;j
RS;sptinc992j;p50p90;2014;0.47;992;j
RS;sptinc992j;p50p90;2015;0.4707;992;j
RS;sptinc992j;p50p90;2016;0.47049999;992;j
RS;sptinc992j;p50p90;2017;0.47040001;992;j
RS;sptinc992j;p78p79;1990;0.0139;992;j
RS;sptinc992j;p78p79;1991;0.0139;992;j
RS;sptinc992j;p78p79;1992;0.0138;992;j
RS;sptinc992j;p78p79;1993;0.0138;992;j
RS;sptinc992j;p78p79;1994;0.0138;992;j
RS;sptinc992j;p78p79;1995;0.0137;992;j
RS;sptinc992j;p78p79;1996;0.0137;992;j
RS;sptinc992j;p78p79;1997;0.0137;992;j
RS;sptinc992j;p78p79;1998;0.0135;992;j
RS;sptinc992j;p78p79;1999;0.0134;992;j
RS;sptinc992j;p78p79;2000;0.0133;992;j
RS;sptinc992j;p78p79;2001;0.0131;992;j
RS;sptinc992j;p78p79;2002;0.0133;992;j
RS;sptinc992j;p78p79;2003;0.0133;992;j
RS;sptinc992j;p78p79;2004;0.0133;992;j
RS;sptinc992j;p78p79;2005;0.0134;992;j
RS;sptinc992j;p78p79;2006;0.0134;992;j
RS;sptinc992j;p78p79;2007;0.0137;992;j
RS;sptinc992j;p78p79;2008;0.0138;992;j
RS;sptinc992j;p78p79;2009;0.0138;992;j
RS;sptinc992j;p78p79;2010;0.0137;992;j
RS;sptinc992j;p78p79;2011;0.0138;992;j
RS;sptinc992j;p78p79;2012;0.0141;992;j
RS;sptinc992j;p78p79;2013;0.0142;992;j
RS;sptinc992j;p78p79;2014;0.0137;992;j
RS;sptinc992j;p78p79;2015;0.0136;992;j
RS;sptinc992j;p78p79;2016;0.0136;992;j
RS;sptinc992j;p78p79;2017;0.0136;992;j
RS;sptinc992j;p7p100;1990;0.99260002;992;j
RS;sptinc992j;p7p100;1991;0.99260002;992;j
RS;sptinc992j;p7p100;1992;0.99250001;992;j
RS;sptinc992j;p7p100;1993;0.99250001;992;j
RS;sptinc992j;p7p100;1994;0.99250001;992;j
RS;sptinc992j;p7p100;1995;0.99239999;992;j
RS;sptinc992j;p7p100;1996;0.99239999;992;j
RS;sptinc992j;p7p100;1997;0.99239999;992;j
RS;sptinc992j;p7p100;1998;0.99169999;992;j
RS;sptinc992j;p7p100;1999;0.99150002;992;j
RS;sptinc992j;p7p100;2000;0.99169999;992;j
RS;sptinc992j;p7p100;2001;0.99150002;992;j
RS;sptinc992j;p7p100;2002;0.9932;992;j
RS;sptinc992j;p7p100;2003;0.99339998;992;j
RS;sptinc992j;p7p100;2004;0.99400002;992;j
RS;sptinc992j;p7p100;2005;0.99440002;992;j
RS;sptinc992j;p7p100;2006;0.99510002;992;j
RS;sptinc992j;p7p100;2007;0.99559999;992;j
RS;sptinc992j;p7p100;2008;0.99629998;992;j
RS;sptinc992j;p7p100;2009;0.99680001;992;j
RS;sptinc992j;p7p100;2010;0.99690002;992;j
RS;sptinc992j;p7p100;2011;0.99730003;992;j
RS;sptinc992j;p7p100;2012;0.99739999;992;j
RS;sptinc992j;p7p100;2013;0.99790001;992;j
RS;sptinc992j;p7p100;2014;0.99790001;992;j
RS;sptinc992j;p7p100;2015;0.99779999;992;j
RS;sptinc992j;p7p100;2016;0.99779999;992;j
RS;sptinc992j;p7p100;2017;0.99790001;992;j
RS;sptinc992j;p99.2p99.3;1990;0.0049999999;992;j
RS;sptinc992j;p99.2p99.3;1991;0.0049999999;992;j
RS;sptinc992j;p99.2p99.3;1992;0.0051000002;992;j
RS;sptinc992j;p99.2p99.3;1993;0.0051000002;992;j
RS;sptinc992j;p99.2p99.3;1994;0.0052;992;j
RS;sptinc992j;p99.2p99.3;1995;0.0052999998;992;j
RS;sptinc992j;p99.2p99.3;1996;0.0052999998;992;j
RS;sptinc992j;p99.2p99.3;1997;0.0052999998;992;j
RS;sptinc992j;p99.2p99.3;1998;0.0054000001;992;j
RS;sptinc992j;p99.2p99.3;1999;0.0055;992;j
RS;sptinc992j;p99.2p99.3;2000;0.0057000001;992;j
RS;sptinc992j;p99.2p99.3;2001;0.0057999999;992;j
RS;sptinc992j;p99.2p99.3;2002;0.0059000002;992;j
RS;sptinc992j;p99.2p99.3;2003;0.0060000001;992;j
RS;sptinc992j;p99.2p99.3;2004;0.0062000002;992;j
RS;sptinc992j;p99.2p99.3;2005;0.0063;992;j
RS;sptinc992j;p99.2p99.3;2006;0.0063999998;992;j
RS;sptinc992j;p99.2p99.3;2007;0.0062000002;992;j
RS;sptinc992j;p99.2p99.3;2008;0.0062000002;992;j
RS;sptinc992j;p99.2p99.3;2009;0.0063;992;j
RS;sptinc992j;p99.2p99.3;2010;0.0066;992;j
RS;sptinc992j;p99.2p99.3;2011;0.0068000001;992;j
RS;sptinc992j;p99.2p99.3;2012;0.0068000001;992;j
RS;sptinc992j;p99.2p99.3;2013;0.0066999998;992;j
RS;sptinc992j;p99.2p99.3;2014;0.0068999999;992;j
RS;sptinc992j;p99.2p99.3;2015;0.0066999998;992;j
RS;sptinc992j;p99.2p99.3;2016;0.0066999998;992;j
RS;sptinc992j;p99.2p99.3;2017;0.0066999998;992;j
RS;sptinc992j;p99.96p99.97;1990;0.0022;992;j
RS;sptinc992j;p99.96p99.97;1991;0.0023000001;992;j
RS;sptinc992j;p99.96p99.97;1992;0.0023000001;992;j
RS;sptinc992j;p99.96p99.97;1993;0.0024000001;992;j
RS;sptinc992j;p99.96p99.97;1994;0.0024000001;992;j
RS;sptinc992j;p99.96p99.97;1995;0.0024999999;992;j
RS;sptinc992j;p99.96p99.97;1996;0.0024999999;992;j
RS;sptinc992j;p99.96p99.97;1997;0.0026;992;j
RS;sptinc992j;p99.96p99.97;1998;0.0026;992;j
RS;sptinc992j;p99.96p99.97;1999;0.0027000001;992;j
RS;sptinc992j;p99.96p99.97;2000;0.0029;992;j
RS;sptinc992j;p99.96p99.97;2001;0.0031000001;992;j
RS;sptinc992j;p99.96p99.97;2002;0.0031000001;992;j
RS;sptinc992j;p99.96p99.97;2003;0.003;992;j
RS;sptinc992j;p99.96p99.97;2004;0.0031000001;992;j
RS;sptinc992j;p99.96p99.97;2005;0.0031000001;992;j
RS;sptinc992j;p99.96p99.97;2006;0.0031000001;992;j
RS;sptinc992j;p99.96p99.97;2007;0.0029;992;j
RS;sptinc992j;p99.96p99.97;2008;0.003;992;j
RS;sptinc992j;p99.96p99.97;2009;0.003;992;j
RS;sptinc992j;p99.96p99.97;2010;0.003;992;j
RS;sptinc992j;p99.96p99.97;2011;0.0031000001;992;j
RS;sptinc992j;p99.96p99.97;2012;0.0027999999;992;j
RS;sptinc992j;p99.96p99.97;2013;0.0029;992;j
RS;sptinc992j;p99.96p99.97;2014;0.0038000001;992;j
RS;sptinc992j;p99.96p99.97;2015;0.0035999999;992;j
RS;sptinc992j;p99.96p99.97;2016;0.0035999999;992;j
RS;sptinc992j;p99.96p99.97;2017;0.0035999999;992;j
RS;tcainc992j;p20p30;1990;192347.2;992;j
RS;tcainc992j;p20p30;1991;169970.3;992;j
RS;tcainc992j;p20p30;1992;119001.5;992;j
RS;tcainc992j;p20p30;1993;78627.297;992;j
RS;tcainc992j;p20p30;1994;82453.5;992;j
RS;tcainc992j;p20p30;1995;88439.797;992;j
RS;tcainc992j;p20p30;1996;90874.898;992;j
RS;tcainc992j;p20p30;1997;97446.602;992;j
RS;tcainc992j;p20p30;1998;113537.4;992;j
RS;tcainc992j;p20p30;1999;127956.8;992;j
RS;tcainc992j;p20p30;2000;138402.91;992;j
RS;tcainc992j;p20p30;2001;135227.41;992;j
RS;tcainc992j;p20p30;2002;130547.9;992;j
RS;tcainc992j;p20p30;2003;133802.41;992;j
RS;tcainc992j;p20p30;2004;147033.5;992;j
RS;tcainc992j;p20p30;2005;164613.7;992;j
RS;tcainc992j;p20p30;2006;159024.5;992;j
RS;tcainc992j;p20p30;2007;156672.5;992;j
RS;tcainc992j;p20p30;2008;159714.8;992;j
RS;tcainc992j;p20p30;2009;141812.5;992;j
RS;tcainc992j;p20p30;2010;126292.9;992;j
RS;tcainc992j;p20p30;2011;111914.8;992;j
RS;tcainc992j;p20p30;2012;114552.5;992;j
RS;tcainc992j;p20p30;2013;91217.797;992;j
RS;tcainc992j;p20p30;2014;125079.7;992;j
RS;tcainc992j;p20p30;2015;101980.2;992;j
RS;tcainc992j;p20p30;2016;105994.3;992;j
RS;tcainc992j;p20p30;2017;105775.5;992;j
RS;tcainc992j;p22p23;1990;211836.59;992;j
RS;tcainc992j;p22p23;1991;186950.41;992;j
RS;tcainc992j;p22p23;1992;129986.0;992;j
RS;tcainc992j;p22p23;1993;85817.602;992;j
RS;tcainc992j;p22p23;1994;90081.5;992;j
RS;tcainc992j;p22p23;1995;96809.102;992;j
RS;tcainc992j;p22p23;1996;99589.602;992;j
RS;tcainc992j;p22p23;1997;106964.5;992;j
RS;tcainc992j;p22p23;1998;121754.5;992;j
RS;tcainc992j;p22p23;1999;138018.5;992;j
RS;tcainc992j;p22p23;2000;150498.0;992;j
RS;tcainc992j;p22p23;2001;146716.8;992;j
RS;tcainc992j;p22p23;2002;143942.41;992;j
RS;tcainc992j;p22p23;2003;147842.41;992;j
RS;tcainc992j;p22p23;2004;164085.2;992;j
RS;tcainc992j;p22p23;2005;183324.5;992;j
RS;tcainc992j;p22p23;2006;180362.8;992;j
RS;tcainc992j;p22p23;2007;176833.59;992;j
RS;tcainc992j;p22p23;2008;181808.2;992;j
RS;tcainc992j;p22p23;2009;164070.91;992;j
RS;tcainc992j;p22p23;2010;147780.7;992;j
RS;tcainc992j;p22p23;2011;133365.7;992;j
RS;tcainc992j;p22p23;2012;138511.59;992;j
RS;tcainc992j;p22p23;2013;112151.9;992;j
RS;tcainc992j;p22p23;2014;136938.5;992;j
RS;tcainc992j;p22p23;2015;115542.1;992;j
RS;tcainc992j;p22p23;2016;120005.4;992;j
RS;tcainc992j;p22p23;2017;119866.6;992;j
RS;tcainc992j;p34p35;1990;313941.69;992;j
RS;tcainc992j;p34p35;1991;273915.19;992;j
RS;tcainc992j;p34p35;1992;188466.8;992;j
RS;tcainc992j;p34p35;1993;122728.3;992;j
RS;tcainc992j;p34p35;1994;127150.5;992;j
RS;tcainc992j;p34p35;1995;134786.8;992;j
RS;tcainc992j;p34p35;1996;136773.09;992;j
RS;tcainc992j;p34p35;1997;145234.3;992;j
RS;tcainc992j;p34p35;1998;156023.5;992;j
RS;tcainc992j;p34p35;1999;177836.3;992;j
RS;tcainc992j;p34p35;2000;191407.8;992;j
RS;tcainc992j;p34p35;2001;185155.2;992;j
RS;tcainc992j;p34p35;2002;190675.0;992;j
RS;tcainc992j;p34p35;2003;199643.59;992;j
RS;tcainc992j;p34p35;2004;233484.09;992;j
RS;tcainc992j;p34p35;2005;260512.91;992;j
RS;tcainc992j;p34p35;2006;268332.59;992;j
RS;tcainc992j;p34p35;2007;264412.09;992;j
RS;tcainc992j;p34p35;2008;279364.09;992;j
RS;tcainc992j;p34p35;2009;269880.41;992;j
RS;tcainc992j;p34p35;2010;261302.8;992;j
RS;tcainc992j;p34p35;2011;255229.8;992;j
RS;tcainc992j;p34p35;2012;247675.8;992;j
RS;tcainc992j;p34p35;2013;245895.3;992;j
RS;tcainc992j;p34p35;2014;244226.09;992;j
RS;tcainc992j;p34p35;2015;238942.7;992;j
RS;tcainc992j;p34p35;2016;247988.5;992;j
RS;tcainc992j;p34p35;2017;248015.8;992;j
RS;tcainc992j;p90p100;1990;912344.38;992;j
RS;tcainc992j;p90p100;1991;790729.0;992;j
RS;tcainc992j;p90p100;1992;539942.88;992;j
RS;tcainc992j;p90p100;1993;348368.91;992;j
RS;tcainc992j;p90p100;1994;357393.69;992;j
RS;tcainc992j;p90p100;1995;375660.19;992;j
RS;tcainc992j;p90p100;1996;377714.69;992;j
RS;tcainc992j;p90p100;1997;397451.09;992;j
RS;tcainc992j;p90p100;1998;436652.91;992;j
RS;tcainc992j;p90p100;1999;495405.31;992;j
RS;tcainc992j;p90p100;2000;532438.88;992;j
RS;tcainc992j;p90p100;2001;517831.19;992;j
RS;tcainc992j;p90p100;2002;547056.88;992;j
RS;tcainc992j;p90p100;2003;587794.88;992;j
RS;tcainc992j;p90p100;2004;722547.31;992;j
RS;tcainc992j;p90p100;2005;834947.31;992;j
RS;tcainc992j;p90p100;2006;889744.88;992;j
RS;tcainc992j;p90p100;2007;898476.63;992;j
RS;tcainc992j;p90p100;2008;967767.63;992;j
RS;tcainc992j;p90p100;2009;960015.88;992;j
RS;tcainc992j;p90p100;2010;988504.5;992;j
RS;tcainc992j;p90p100;2011;1018272.1;992;j
RS;tcainc992j;p90p100;2012;987353.38;992;j
RS;tcainc992j;p90p100;2013;1025513.3;992;j
RS;tcainc992j;p90p100;2014;955864.69;992;j
RS;tcainc992j;p90p100;2015;944595.13;992;j
RS;tcainc992j;p90p100;2016;979736.19;992;j
RS;tcainc992j;p90p100;2017;980767.81;992;j
RS;tdiinc992j;p30p31;1990;423421.31;992;j
RS;tdiinc992j;p30p31;1991;370547.09;992;j
RS;tdiinc992j;p30p31;1992;255789.41;992;j
RS;tdiinc992j;p30p31;1993;167186.3;992;j
RS;tdiinc992j;p30p31;1994;173520.91;992;j
RS;tdiinc992j;p30p31;1995;184650.8;992;j
RS;tdiinc992j;p30p31;1996;187819.0;992;j
RS;tdiinc992j;p30p31;1997;201088.3;992;j
RS;tdiinc992j;p30p31;1998;208884.91;992;j
RS;tdiinc992j;p30p31;1999;225410.41;992;j
RS;tdiinc992j;p30p31;2000;247955.41;992;j
RS;tdiinc992j;p30p31;2001;247823.09;992;j
RS;tdiinc992j;p30p31;2002;264631.31;992;j
RS;tdiinc992j;p30p31;2003;272830.0;992;j
RS;tdiinc992j;p30p31;2004;299528.41;992;j
RS;tdiinc992j;p30p31;2005;328236.91;992;j
RS;tdiinc992j;p30p31;2006;336548.19;992;j
RS;tdiinc992j;p30p31;2007;348206.41;992;j
RS;tdiinc992j;p30p31;2008;362559.91;992;j
RS;tdiinc992j;p30p31;2009;345722.0;992;j
RS;tdiinc992j;p30p31;2010;329627.5;992;j
RS;tdiinc992j;p30p31;2011;311888.91;992;j
RS;tdiinc992j;p30p31;2012;313049.5;992;j
RS;tdiinc992j;p30p31;2013;299701.81;992;j
RS;tdiinc992j;p30p31;2014;312102.19;992;j
RS;tdiinc992j;p30p31;2015;296924.31;992;j
RS;tdiinc992j;p30p31;2016;301112.69;992;j
RS;tdiinc992j;p30p31;2017;302142.81;992;j
RS;tdiinc992j;p50p60;1990;625114.38;992;j
RS;tdiinc992j;p50p60;1991;543979.0;992;j
RS;tdiinc992j;p50p60;1992;373029.59;992;j
RS;tdiinc992j;p50p60;1993;242209.0;992;j
RS;tdiinc992j;p50p60;1994;249751.3;992;j
RS;tdiinc992j;p50p60;1995;263571.41;992;j
RS;tdiinc992j;p50p60;1996;266246.41;992;j
RS;tdiinc992j;p50p60;1997;282755.59;992;j
RS;tdiinc992j;p50p60;1998;290033.0;992;j
RS;tdiinc992j;p50p60;1999;315975.91;992;j
RS;tdiinc992j;p50p60;2000;345516.5;992;j
RS;tdiinc992j;p50p60;2001;342737.59;992;j
RS;tdiinc992j;p50p60;2002;368894.19;992;j
RS;tdiinc992j;p50p60;2003;383586.0;992;j
RS;tdiinc992j;p50p60;2004;430649.59;992;j
RS;tdiinc992j;p50p60;2005;470072.91;992;j
RS;tdiinc992j;p50p60;2006;492352.0;992;j
RS;tdiinc992j;p50p60;2007;509933.19;992;j
RS;tdiinc992j;p50p60;2008;540873.88;992;j
RS;tdiinc992j;p50p60;2009;527369.63;992;j
RS;tdiinc992j;p50p60;2010;519364.69;992;j
RS;tdiinc992j;p50p60;2011;514829.81;992;j
RS;tdiinc992j;p50p60;2012;506625.0;992;j
RS;tdiinc992j;p50p60;2013;522553.91;992;j
RS;tdiinc992j;p50p60;2014;500286.59;992;j
RS;tdiinc992j;p50p60;2015;500732.0;992;j
RS;tdiinc992j;p50p60;2016;513778.59;992;j
RS;tdiinc992j;p50p60;2017;516439.91;992;j
RS;tdiinc992j;p50p90;1990;625114.38;992;j
RS;tdiinc992j;p50p90;1991;543979.0;992;j
RS;tdiinc992j;p50p90;1992;373029.59;992;j
RS;tdiinc992j;p50p90;1993;242209.0;992;j
RS;tdiinc992j;p50p90;1994;249751.3;992;j
RS;tdiinc992j;p50p90;1995;263571.41;992;j
RS;tdiinc992j;p50p90;1996;266246.41;992;j
RS;tdiinc992j;p50p90;1997;282755.59;992;j
RS;tdiinc992j;p50p90;1998;290033.0;992;j
RS;tdiinc992j;p50p90;1999;315975.91;992;j
RS;tdiinc992j;p50p90;2000;345516.5;992;j
RS;tdiinc992j;p50p90;2001;342737.59;992;j
RS;tdiinc992j;p50p90;2002;368894.19;992;j
RS;tdiinc992j;p50p90;2003;383586.0;992;j
RS;tdiinc992j;p50p90;2004;430649.59;992;j
RS;tdiinc992j;p50p90;2005;470072.91;992;j
RS;tdiinc992j;p50p90;2006;492352.0;992;j
RS;tdiinc992j;p50p90;2007;509933.19;992;j
RS;tdiinc992j;p50p90;2008;540873.88;992;j
RS;tdiinc992j;p50p90;2009;527369.63;992;j
RS;tdiinc992j;p50p90;2010;519364.69;992;j
RS;tdiinc992j;p50p90;2011;514829.81;992;j
RS;tdiinc992j;p50p90;2012;506625.0;992;j
RS;tdiinc992j;p50p90;2013;522553.91;992;j
RS;tdiinc992j;p50p90;2014;500286.59;992;j
RS;tdiinc992j;p50p90;2015;500732.0;992;j
RS;tdiinc992j;p50p90;2016;513778.59;992;j
RS;tdiinc992j;p50p90;2017;516439.91;992;j
RS;tdiinc992j;p67p100;1990;818727.81;992;j
RS;tdiinc992j;p67p100;1991;710994.31;992;j
RS;tdiinc992j;p67p100;1992;486090.91;992;j
RS;tdiinc992j;p67p100;1993;314559.5;992;j
RS;tdiinc992j;p67p100;1994;322846.5;992;j
RS;tdiinc992j;p67p100;1995;339872.41;992;j
RS;tdiinc992j;p67p100;1996;342362.81;992;j
RS;tdiinc992j;p67p100;1997;362426.59;992;j
RS;tdiinc992j;p67p100;1998;379901.09;992;j
RS;tdiinc992j;p67p100;1999;412316.5;992;j
RS;tdiinc992j;p67p100;2000;446221.81;992;j
RS;tdiinc992j;p67p100;2001;443763.09;992;j
RS;tdiinc992j;p67p100;2002;481530.19;992;j
RS;tdiinc992j;p67p100;2003;505683.59;992;j
RS;tdiinc992j;p67p100;2004;571249.81;992;j
RS;tdiinc992j;p67p100;2005;631117.63;992;j
RS;tdiinc992j;p67p100;2006;667357.69;992;j
RS;tdiinc992j;p67p100;2007;693317.63;992;j
RS;tdiinc992j;p67p100;2008;741521.13;992;j
RS;tdiinc992j;p67p100;2009;722565.31;992;j
RS;tdiinc992j;p67p100;2010;721375.63;992;j
RS;tdiinc992j;p67p100;2011;722043.88;992;j
RS;tdiinc992j;p67p100;2012;716520.13;992;j
RS;tdiinc992j;p67p100;2013;749306.63;992;j
RS;tdiinc992j;p67p100;2014;706468.69;992;j
RS;tdiinc992j;p67p100;2015;687032.38;992;j
RS;tdiinc992j;p67p100;2016;708142.0;992;j
RS;tdiinc992j;p67p100;2017;712398.5;992;j
RS;acainc992j;p23p24;1990;225302.2;992;j
RS;acainc992j;p23p24;1991;198533.59;992;j
RS;acainc992j;p23p24;1992;138116.8;992;j
RS;acainc992j;p23p24;1993;90977.797;992;j
RS;acainc992j;p23p24;1994;95127.703;992;j
RS;acainc992j;p23p24;1995;101971.1;992;j
RS;acainc992j;p23p24;1996;104566.1;992;j
RS;acainc992j;p23p24;1997;112206.1;992;j
RS;acainc992j;p23p24;1998;126857.3;992;j
RS;acainc992j;p23p24;1999;144260.09;992;j
RS;acainc992j;p23p24;2000;157092.0;992;j
RS;acainc992j;p23p24;2001;153380.91;992;j
RS;acainc992j;p23p24;2002;152493.7;992;j
RS;acainc992j;p23p24;2003;155824.2;992;j
RS;acainc992j;p23p24;2004;175043.41;992;j
RS;acainc992j;p23p24;2005;194900.41;992;j
RS;acainc992j;p23p24;2006;193284.59;992;j
RS;acainc992j;p23p24;2007;189313.59;992;j
RS;acainc992j;p23p24;2008;195515.7;992;j
RS;acainc992j;p23p24;2009;179288.41;992;j
RS;acainc992j;p23p24;2010;163159.7;992;j
RS;acainc992j;p23p24;2011;148863.7;992;j
RS;acainc992j;p23p24;2012;154188.91;992;j
RS;acainc992j;p23p24;2013;129718.4;992;j
RS;acainc992j;p23p24;2014;153920.5;992;j
RS;acainc992j;p23p24;2015;132572.09;992;j
RS;acainc992j;p23p24;2016;137622.91;992;j
RS;acainc992j;p23p24;2017;137611.91;992;j
RS;acainc992j;p68p100;1990;966578.81;992;j
RS;acainc992j;p68p100;1991;836101.38;992;j
RS;acainc992j;p68p100;1992;570505.88;992;j
RS;acainc992j;p68p100;1993;368873.5;992;j
RS;acainc992j;p68p100;1994;378735.59;992;j
RS;acainc992j;p68p100;1995;398550.31;992;j
RS;acainc992j;p68p100;1996;400090.81;992;j
RS;acainc992j;p68p100;1997;420385.81;992;j
RS;acainc992j;p68p100;1998;461282.0;992;j
RS;acainc992j;p68p100;1999;528605.38;992;j
RS;acainc992j;p68p100;2000;578399.5;992;j
RS;acainc992j;p68p100;2001;566196.19;992;j
RS;acainc992j;p68p100;2002;601924.69;992;j
RS;acainc992j;p68p100;2003;637911.19;992;j
RS;acainc992j;p68p100;2004;775684.88;992;j
RS;acainc992j;p68p100;2005;893866.38;992;j
RS;acainc992j;p68p100;2006;955992.5;992;j
RS;acainc992j;p68p100;2007;958368.63;992;j
RS;acainc992j;p68p100;2008;1033599.7;992;j
RS;acainc992j;p68p100;2009;1032242.9;992;j
RS;acainc992j;p68p100;2010;1056188.9;992;j
RS;acainc992j;p68p100;2011;1083408.4;992;j
RS;acainc992j;p68p100;2012;1089371.0;992;j
RS;acainc992j;p68p100;2013;1118200.9;992;j
RS;acainc992j;p68p100;2014;1072847.1;992;j
RS;acainc992j;p68p100;2015;1116219.3;992;j
RS;acainc992j;p68p100;2016;1157557.4;992;j
RS;acainc992j;p68p100;2017;1158837.4;992;j
RS;acainc992j;p79p100;1990;1130192.6;992;j
RS;acainc992j;p79p100;1991;976474.69;992;j
RS;acainc992j;p79p100;1992;665921.13;992;j
RS;acainc992j;p79p100;1993;430513.59;992;j
RS;acainc992j;p79p100;1994;441905.5;992;j
RS;acainc992j;p79p100;1995;464919.41;992;j
RS;acainc992j;p79p100;1996;466222.81;992;j
RS;acainc992j;p79p100;1997;489340.0;992;j
RS;acainc992j;p79p100;1998;538755.63;992;j
RS;acainc992j;p79p100;1999;620613.13;992;j
RS;acainc992j;p79p100;2000;682804.19;992;j
RS;acainc992j;p79p100;2001;670946.13;992;j
RS;acainc992j;p79p100;2002;714678.19;992;j
RS;acainc992j;p79p100;2003;758113.63;992;j
RS;acainc992j;p79p100;2004;924044.0;992;j
RS;acainc992j;p79p100;2005;1069817.1;992;j
RS;acainc992j;p79p100;2006;1148178.3;992;j
RS;acainc992j;p79p100;2007;1148735.6;992;j
RS;acainc992j;p79p100;2008;1239513.1;992;j
RS;acainc992j;p79p100;2009;1243003.9;992;j
RS;acainc992j;p79p100;2010;1277856.1;992;j
RS;acainc992j;p79p100;2011;1316564.8;992;j
RS;acainc992j;p79p100;2012;1327076.1;992;j
RS;acainc992j;p79p100;2013;1353832.3;992;j
RS;acainc992j;p79p100;2014;1308648.1;992;j
RS;acainc992j;p79p100;2015;1382268.6;992;j
RS;acainc992j;p79p100;2016;1433494.6;992;j
RS;acainc992j;p79p100;2017;1435197.6;992;j
RS;accshn992i;p0p100;1997;18235.1;992;i
RS;accshn992i;p0p100;1998;20228.6;992;i
RS;accshn992i;p0p100;1999;24164.301;992;i
RS;accshn992i;p0p100;2000;24914.0;992;i
RS;accshn992i;p0p100;2001;25273.5;992;i
RS;accshn992i;p0p100;2002;26304.5;992;i
RS;accshn992i;p0p100;2003;27221.9;992;i
RS;accshn992i;p0p100;2004;28478.5;992;i
RS;accshn992i;p0p100;2005;30014.9;992;i
RS;accshn992i;p0p100;2006;28253.801;992;i
RS;accshn992i;p0p100;2007;26571.801;992;i
RS;accshn992i;p0p100;2008;27500.801;992;i
RS;accshn992i;p0p100;2009;31099.0;992;i
RS;accshn992i;p0p100;2010;31990.9;992;i
RS;accshn992i;p0p100;2011;28976.1;992;i
RS;adiinc992j;p17p100;1990;848243.69;992;j
RS;adiinc992j;p17p100;1991;736154.13;992;j
RS;adiinc992j;p17p100;1992;503844.31;992;j
RS;adiinc992j;p17p100;1993;326537.19;992;j
RS;adiinc992j;p17p100;1994;336084.31;992;j
RS;adiinc992j;p17p100;1995;354483.31;992;j
RS;adiinc992j;p17p100;1996;357102.0;992;j
RS;adiinc992j;p17p100;1997;378234.91;992;j
RS;adiinc992j;p17p100;1998;397229.59;992;j
RS;adiinc992j;p17p100;1999;435336.09;992;j
RS;adiinc992j;p17p100;2000;478900.81;992;j
RS;adiinc992j;p17p100;2001;478304.31;992;j
RS;adiinc992j;p17p100;2002;517065.31;992;j
RS;adiinc992j;p17p100;2003;543537.69;992;j
RS;adiinc992j;p17p100;2004;614524.38;992;j
RS;adiinc992j;p17p100;2005;686619.81;992;j
RS;adiinc992j;p17p100;2006;726802.0;992;j
RS;adiinc992j;p17p100;2007;750987.19;992;j
RS;adiinc992j;p17p100;2008;799918.19;992;j
RS;adiinc992j;p17p100;2009;785944.69;992;j
RS;adiinc992j;p17p100;2010;789598.63;992;j
RS;adiinc992j;p17p100;2011;794450.5;992;j
RS;adiinc992j;p17p100;2012;794329.81;992;j
RS;adiinc992j;p17p100;2013;809880.69;992;j
RS;adiinc992j;p17p100;2014;784637.81;992;j
RS;adiinc992j;p17p100;2015;796099.81;992;j
RS;adiinc992j;p17p100;2016;822232.69;992;j
RS;adiinc992j;p17p100;2017;827273.88;992;j
RS;adiinc992j;p37p38;1990;506824.69;992;j
RS;adiinc992j;p37p38;1991;440999.41;992;j
RS;adiinc992j;p37p38;1992;302710.0;992;j
RS;adiinc992j;p37p38;1993;196654.7;992;j
RS;adiinc992j;p37p38;1994;202865.09;992;j
RS;adiinc992j;p37p38;1995;214425.59;992;j
RS;adiinc992j;p37p38;1996;216909.0;992;j
RS;adiinc992j;p37p38;1997;230938.59;992;j
RS;adiinc992j;p37p38;1998;235071.41;992;j
RS;adiinc992j;p37p38;1999;255296.09;992;j
RS;adiinc992j;p37p38;2000;279114.31;992;j
RS;adiinc992j;p37p38;2001;278632.5;992;j
RS;adiinc992j;p37p38;2002;295856.09;992;j
RS;adiinc992j;p37p38;2003;309380.59;992;j
RS;adiinc992j;p37p38;2004;341116.59;992;j
RS;adiinc992j;p37p38;2005;372848.91;992;j
RS;adiinc992j;p37p38;2006;388694.69;992;j
RS;adiinc992j;p37p38;2007;401501.91;992;j
RS;adiinc992j;p37p38;2008;423649.59;992;j
RS;adiinc992j;p37p38;2009;409880.41;992;j
RS;adiinc992j;p37p38;2010;400117.31;992;j
RS;adiinc992j;p37p38;2011;391884.91;992;j
RS;adiinc992j;p37p38;2012;384901.59;992;j
RS;adiinc992j;p37p38;2013;383436.09;992;j
RS;adiinc992j;p37p38;2014;381738.81;992;j
RS;adiinc992j;p37p38;2015;376047.0;992;j
RS;adiinc992j;p37p38;2016;383700.59;992;j
RS;adiinc992j;p37p38;2017;385408.31;992;j
RS;adiinc992j;p44p100;1990;1052766.1;992;j
RS;adiinc992j;p44p100;1991;912310.69;992;j
RS;adiinc992j;p44p100;1992;623446.88;992;j
RS;adiinc992j;p44p100;1993;403481.09;992;j
RS;adiinc992j;p44p100;1994;414669.5;992;j
RS;adiinc992j;p44p100;1995;436746.09;992;j
RS;adiinc992j;p44p100;1996;439173.09;992;j
RS;adiinc992j;p44p100;1997;464180.5;992;j
RS;adiinc992j;p44p100;1998;488346.69;992;j
RS;adiinc992j;p44p100;1999;536577.63;992;j
RS;adiinc992j;p44p100;2000;590314.69;992;j
RS;adiinc992j;p44p100;2001;589750.13;992;j
RS;adiinc992j;p44p100;2002;640529.31;992;j
RS;adiinc992j;p44p100;2003;674906.81;992;j
RS;adiinc992j;p44p100;2004;768501.38;992;j
RS;adiinc992j;p44p100;2005;861810.5;992;j
RS;adiinc992j;p44p100;2006;917844.69;992;j
RS;adiinc992j;p44p100;2007;948813.5;992;j
RS;adiinc992j;p44p100;2008;1014104.7;992;j
RS;adiinc992j;p44p100;2009;1001335.3;992;j
RS;adiinc992j;p44p100;2010;1013721.6;992;j
RS;adiinc992j;p44p100;2011;1027882.3;992;j
RS;adiinc992j;p44p100;2012;1028161.1;992;j
RS;adiinc992j;p44p100;2013;1056773.5;992;j
RS;adiinc992j;p44p100;2014;1013359.2;992;j
RS;adiinc992j;p44p100;2015;1037201.6;992;j
RS;adiinc992j;p44p100;2016;1073929.6;992;j
RS;adiinc992j;p44p100;2017;1080877.6;992;j
RS;adiinc992j;p69p70;1990;845809.13;992;j
RS;adiinc992j;p69p70;1991;738447.5;992;j
RS;adiinc992j;p69p70;1992;504476.81;992;j
RS;adiinc992j;p69p70;1993;326315.0;992;j
RS;adiinc992j;p69p70;1994;335453.09;992;j
RS;adiinc992j;p69p70;1995;353603.69;992;j
RS;adiinc992j;p69p70;1996;356494.09;992;j
RS;adiinc992j;p69p70;1997;378016.91;992;j
RS;adiinc992j;p69p70;1998;395177.19;992;j
RS;adiinc992j;p69p70;1999;426591.19;992;j
RS;adiinc992j;p69p70;2000;463353.5;992;j
RS;adiinc992j;p69p70;2001;458601.91;992;j
RS;adiinc992j;p69p70;2002;497064.19;992;j
RS;adiinc992j;p69p70;2003;523513.09;992;j
RS;adiinc992j;p69p70;2004;592214.5;992;j
RS;adiinc992j;p69p70;2005;655974.63;992;j
RS;adiinc992j;p69p70;2006;693147.81;992;j
RS;adiinc992j;p69p70;2007;721960.38;992;j
RS;adiinc992j;p69p70;2008;772574.38;992;j
RS;adiinc992j;p69p70;2009;751304.69;992;j
RS;adiinc992j;p69p70;2010;754010.0;992;j
RS;adiinc992j;p69p70;2011;753817.19;992;j
RS;adiinc992j;p69p70;2012;749163.19;992;j
RS;adiinc992j;p69p70;2013;786200.69;992;j
RS;adiinc992j;p69p70;2014;739082.19;992;j
RS;adiinc992j;p69p70;2015;719652.31;992;j
RS;adiinc992j;p69p70;2016;742291.31;992;j
RS;adiinc992j;p69p70;2017;746625.13;992;j
RS;adiinc992j;p99.7p100;1990;9896249.0;992;j
RS;adiinc992j;p99.7p100;1991;8337570.5;992;j
RS;adiinc992j;p99.7p100;1992;5511620.5;992;j
RS;adiinc992j;p99.7p100;1993;3506311.5;992;j
RS;adiinc992j;p99.7p100;1994;3559942.5;992;j
RS;adiinc992j;p99.7p100;1995;3713780.8;992;j
RS;adiinc992j;p99.7p100;1996;3660209.0;992;j
RS;adiinc992j;p99.7p100;1997;3783106.8;992;j
RS;adiinc992j;p99.7p100;1998;4179526.0;992;j
RS;adiinc992j;p99.7p100;1999;5134819.0;992;j
RS;adiinc992j;p99.7p100;2000;5968131.0;992;j
RS;adiinc992j;p99.7p100;2001;6438038.5;992;j
RS;adiinc992j;p99.7p100;2002;6832630.5;992;j
RS;adiinc992j;p99.7p100;2003;7107713.0;992;j
RS;adiinc992j;p99.7p100;2004;8118269.5;992;j
RS;adiinc992j;p99.7p100;2005;9513798.0;992;j
RS;adiinc992j;p99.7p100;2006;9906812.0;992;j
RS;adiinc992j;p99.7p100;2007;9491519.0;992;j
RS;adiinc992j;p99.7p100;2008;9661163.0;992;j
RS;adiinc992j;p99.7p100;2009;10516478.0;992;j
RS;adiinc992j;p99.7p100;2010;10542038.0;992;j
RS;adiinc992j;p99.7p100;2011;10706626.0;992;j
RS;adiinc992j;p99.7p100;2012;13110803.0;992;j
RS;adiinc992j;p99.7p100;2013;11707541.0;992;j
RS;adiinc992j;p99.7p100;2014;15481970.0;992;j
RS;adiinc992j;p99.7p100;2015;20903540.0;992;j
RS;adiinc992j;p99.7p100;2016;21825984.0;992;j
RS;adiinc992j;p99.7p100;2017;22008288.0;992;j
RS;agsmhn999i;p0p100;1997;71344.297;999;i
RS;agsmhn999i;p0p100;1998;70910.5;999;i
RS;agsmhn999i;p0p100;1999;94706.898;999;i
RS;agsmhn999i;p0p100;2000;105857.3;999;i
RS;agsmhn999i;p0p100;2001;105950.5;999;i
RS;agsmhn999i;p0p100;2002;96012.102;999;i
RS;agsmhn999i;p0p100;2003;91665.703;999;i
RS;agsmhn999i;p0p100;2004;99076.297;999;i
RS;agsmhn999i;p0p100;2005;106152.6;999;i
RS;agsmhn999i;p0p100;2006;125256.0;999;i
RS;agsmhn999i;p0p100;2007;128750.6;999;i
RS;agsmhn999i;p0p100;2008;136965.0;999;i
RS;agsmhn999i;p0p100;2009;137625.5;999;i
RS;agsmhn999i;p0p100;2010;141457.3;999;i
RS;agsmhn999i;p0p100;2011;151230.59;999;i
RS;ansmho992i;p0p100;1997;76247.398;992;i
RS;ansmho992i;p0p100;1998;72366.297;992;i
RS;ansmho992i;p0p100;1999;98884.102;992;i
RS;ansmho992i;p0p100;2000;111293.9;992;i
RS;ansmho992i;p0p100;2001;110935.0;992;i
RS;ansmho992i;p0p100;2002;96117.602;992;i
RS;ansmho992i;p0p100;2003;90981.398;992;i
RS;ansmho992i;p0p100;2004;98046.898;992;i
RS;ansmho992i;p0p100;2005;105109.0;992;i
RS;ansmho992i;p0p100;2006;130204.0;992;i
RS;ansmho992i;p0p100;2007;135917.91;992;i
RS;ansmho992i;p0p100;2008;144582.0;992;i
RS;ansmho992i;p0p100;2009;141630.59;992;i
RS;ansmho992i;p0p100;2010;144839.7;992;i
RS;ansmho992i;p0p100;2011;158478.41;992;i
RS;aptfop992i;p0p100;2007;17252.9;992;i
RS;aptfop992i;p0p100;2008;19728.1;992;i
RS;aptfop992i;p0p100;2009;17381.199;992;i
RS;aptfop992i;p0p100;2010;18051.1;992;i
RS;aptfop992i;p0p100;2011;18023.6;992;i
RS;aptfop992i;p0p100;2012;19797.9;992;i
RS;aptfop992i;p0p100;2013;20137.1;992;i
RS;aptfop992i;p0p100;2014;21026.0;992;i
RS;aptfop992i;p0p100;2015;23781.801;992;i
RS;aptfop992i;p0p100;2016;23154.4;992;i
RS;aptfop992i;p0p100;2017;19562.801;992;i
RS;aptfop992i;p0p100;2018;15085.7;992;i
RS;aptinc992j;p27p100;1990;939156.13;992;j
RS;aptinc992j;p27p100;1991;815264.69;992;j
RS;aptinc992j;p27p100;1992;558145.81;992;j
RS;aptinc992j;p27p100;1993;361846.81;992;j
RS;aptinc992j;p27p100;1994;372561.0;992;j
RS;aptinc992j;p27p100;1995;393096.69;992;j
RS;aptinc992j;p27p100;1996;396127.09;992;j
RS;aptinc992j;p27p100;1997;419817.81;992;j
RS;aptinc992j;p27p100;1998;439575.81;992;j
RS;aptinc992j;p27p100;1999;481224.41;992;j
RS;aptinc992j;p27p100;2000;529960.88;992;j
RS;aptinc992j;p27p100;2001;528983.13;992;j
RS;aptinc992j;p27p100;2002;573342.63;992;j
RS;aptinc992j;p27p100;2003;603798.69;992;j
RS;aptinc992j;p27p100;2004;682857.19;992;j
RS;aptinc992j;p27p100;2005;764610.13;992;j
RS;aptinc992j;p27p100;2006;811249.88;992;j
RS;aptinc992j;p27p100;2007;840054.69;992;j
RS;aptinc992j;p27p100;2008;898676.63;992;j
RS;aptinc992j;p27p100;2009;885696.5;992;j
RS;aptinc992j;p27p100;2010;890858.88;992;j
RS;aptinc992j;p27p100;2011;898190.69;992;j
RS;aptinc992j;p27p100;2012;898828.38;992;j
RS;aptinc992j;p27p100;2013;922063.19;992;j
RS;aptinc992j;p27p100;2014;904698.63;992;j
RS;aptinc992j;p27p100;2015;909924.0;992;j
RS;aptinc992j;p27p100;2016;938051.13;992;j
RS;aptinc992j;p27p100;2017;943726.13;992;j
RS;aptinc992j;p50p100;1990;1152695.5;992;j
RS;aptinc992j;p50p100;1991;1001509.9;992;j
RS;aptinc992j;p50p100;1992;686214.31;992;j
RS;aptinc992j;p50p100;1993;445242.91;992;j
RS;aptinc992j;p50p100;1994;458804.31;992;j
RS;aptinc992j;p50p100;1995;484505.69;992;j
RS;aptinc992j;p50p100;1996;488512.81;992;j
RS;aptinc992j;p50p100;1997;518031.5;992;j
RS;aptinc992j;p50p100;1998;543650.31;992;j
RS;aptinc992j;p50p100;1999;595452.5;992;j
RS;aptinc992j;p50p100;2000;657322.63;992;j
RS;aptinc992j;p50p100;2001;656615.38;992;j
RS;aptinc992j;p50p100;2002;714042.81;992;j
RS;aptinc992j;p50p100;2003;753714.38;992;j
RS;aptinc992j;p50p100;2004;855975.38;992;j
RS;aptinc992j;p50p100;2005;962902.5;992;j
RS;aptinc992j;p50p100;2006;1024944.0;992;j
RS;aptinc992j;p50p100;2007;1060486.5;992;j
RS;aptinc992j;p50p100;2008;1138260.1;992;j
RS;aptinc992j;p50p100;2009;1124456.3;992;j
RS;aptinc992j;p50p100;2010;1136658.6;992;j
RS;aptinc992j;p50p100;2011;1152545.4;992;j
RS;aptinc992j;p50p100;2012;1155022.8;992;j
RS;aptinc992j;p50p100;2013;1183043.4;992;j
RS;aptinc992j;p50p100;2014;1166937.4;992;j
RS;aptinc992j;p50p100;2015;1167244.8;992;j
RS;aptinc992j;p50p100;2016;1203359.9;992;j
RS;aptinc992j;p50p100;2017;1210788.3;992;j
RS;aptinc992j;p79p80;1990;1041597.3;992;j
RS;aptinc992j;p79p80;1991;901939.0;992;j
RS;aptinc992j;p79p80;1992;616071.88;992;j
RS;aptinc992j;p79p80;1993;398323.31;992;j
RS;aptinc992j;p79p80;1994;408989.09;992;j
RS;aptinc992j;p79p80;1995;430239.5;992;j
RS;aptinc992j;p79p80;1996;432940.09;992;j
RS;aptinc992j;p79p80;1997;458258.59;992;j
RS;aptinc992j;p79p80;1998;475547.31;992;j
RS;aptinc992j;p79p80;1999;516818.69;992;j
RS;aptinc992j;p79p80;2000;561597.88;992;j
RS;aptinc992j;p79p80;2001;555602.38;992;j
RS;aptinc992j;p79p80;2002;606237.19;992;j
RS;aptinc992j;p79p80;2003;637788.88;992;j
RS;aptinc992j;p79p80;2004;718092.63;992;j
RS;aptinc992j;p79p80;2005;803433.63;992;j
RS;aptinc992j;p79p80;2006;852156.63;992;j
RS;aptinc992j;p79p80;2007;899685.13;992;j
RS;aptinc992j;p79p80;2008;968387.38;992;j
RS;aptinc992j;p79p80;2009;949833.88;992;j
RS;aptinc992j;p79p80;2010;947607.88;992;j
RS;aptinc992j;p79p80;2011;951265.63;992;j
RS;aptinc992j;p79p80;2012;974035.63;992;j
RS;aptinc992j;p79p80;2013;1001227.0;992;j
RS;aptinc992j;p79p80;2014;952382.88;992;j
RS;aptinc992j;p79p80;2015;951313.5;992;j
RS;aptinc992j;p79p80;2016;980467.5;992;j
RS;aptinc992j;p79p80;2017;986087.13;992;j
RS;aptinc992j;p92p100;1990;2422505.5;992;j
RS;aptinc992j;p92p100;1991;2120201.0;992;j
RS;aptinc992j;p92p100;1992;1463104.9;992;j
RS;aptinc992j;p92p100;1993;956106.63;992;j
RS;aptinc992j;p92p100;1994;992502.81;992;j
RS;aptinc992j;p92p100;1995;1055925.0;992;j
RS;aptinc992j;p92p100;1996;1069362.8;992;j
RS;aptinc992j;p92p100;1997;1138839.9;992;j
RS;aptinc992j;p92p100;1998;1207365.9;992;j
RS;aptinc992j;p92p100;1999;1342021.6;992;j
RS;aptinc992j;p92p100;2000;1522822.3;992;j
RS;aptinc992j;p92p100;2001;1543788.5;992;j
RS;aptinc992j;p92p100;2002;1685660.6;992;j
RS;aptinc992j;p92p100;2003;1784554.6;992;j
RS;aptinc992j;p92p100;2004;2062176.3;992;j
RS;aptinc992j;p92p100;2005;2340558.8;992;j
RS;aptinc992j;p92p100;2006;2497853.8;992;j
RS;aptinc992j;p92p100;2007;2524258.3;992;j
RS;aptinc992j;p92p100;2008;2713919.8;992;j
RS;aptinc992j;p92p100;2009;2694511.5;992;j
RS;aptinc992j;p92p100;2010;2783493.0;992;j
RS;aptinc992j;p92p100;2011;2865272.3;992;j
RS;aptinc992j;p92p100;2012;2827723.0;992;j
RS;aptinc992j;p92p100;2013;2866833.5;992;j
RS;aptinc992j;p92p100;2014;2965133.5;992;j
RS;aptinc992j;p92p100;2015;2928798.8;992;j
RS;aptinc992j;p92p100;2016;3020898.3;992;j
RS;aptinc992j;p92p100;2017;3041637.0;992;j
RS;aptinc992j;p94p100;1990;2737322.3;992;j
RS;aptinc992j;p94p100;1991;2398510.5;992;j
RS;aptinc992j;p94p100;1992;1657189.1;992;j
RS;aptinc992j;p94p100;1993;1084238.6;992;j
RS;aptinc992j;p94p100;1994;1127067.5;992;j
RS;aptinc992j;p94p100;1995;1200665.0;992;j
RS;aptinc992j;p94p100;1996;1216806.3;992;j
RS;aptinc992j;p94p100;1997;1296717.8;992;j
RS;aptinc992j;p94p100;1998;1375758.3;992;j
RS;aptinc992j;p94p100;1999;1534499.3;992;j
RS;aptinc992j;p94p100;2000;1749356.9;992;j
RS;aptinc992j;p94p100;2001;1778918.3;992;j
RS;aptinc992j;p94p100;2002;1942022.3;992;j
RS;aptinc992j;p94p100;2003;2052301.3;992;j
RS;aptinc992j;p94p100;2004;2373949.5;992;j
RS;aptinc992j;p94p100;2005;2691509.3;992;j
RS;aptinc992j;p94p100;2006;2872548.0;992;j
RS;aptinc992j;p94p100;2007;2888151.0;992;j
RS;aptinc992j;p94p100;2008;3106642.0;992;j
RS;aptinc992j;p94p100;2009;3082518.0;992;j
RS;aptinc992j;p94p100;2010;3189157.3;992;j
RS;aptinc992j;p94p100;2011;3287517.3;992;j
RS;aptinc992j;p94p100;2012;3234111.8;992;j
RS;aptinc992j;p94p100;2013;3279113.0;992;j
RS;aptinc992j;p94p100;2014;3433379.8;992;j
RS;aptinc992j;p94p100;2015;3381082.5;992;j
RS;aptinc992j;p94p100;2016;3487740.5;992;j
RS;aptinc992j;p94p100;2017;3512148.3;992;j
RS;aptinc992j;p99.995p100;1990;93939168.0;992;j
RS;aptinc992j;p99.995p100;1991;85322832.0;992;j
RS;aptinc992j;p99.995p100;1992;59941296.0;992;j
RS;aptinc992j;p99.995p100;1993;40587312.0;992;j
RS;aptinc992j;p99.995p100;1994;42630428.0;992;j
RS;aptinc992j;p99.995p100;1995;46864772.0;992;j
RS;aptinc992j;p99.995p100;1996;48776680.0;992;j
RS;aptinc992j;p99.995p100;1997;53530596.0;992;j
RS;aptinc992j;p99.995p100;1998;54726904.0;992;j
RS;aptinc992j;p99.995p100;1999;66601804.0;992;j
RS;aptinc992j;p99.995p100;2000;79185808.0;992;j
RS;aptinc992j;p99.995p100;2001;87775056.0;992;j
RS;aptinc992j;p99.995p100;2002;89697568.0;992;j
RS;aptinc992j;p99.995p100;2003;90600624.0;992;j
RS;aptinc992j;p99.995p100;2004;104961248.0;992;j
RS;aptinc992j;p99.995p100;2005;109785904.0;992;j
RS;aptinc992j;p99.995p100;2006;117408928.0;992;j
RS;aptinc992j;p99.995p100;2007;108996080.0;992;j
RS;aptinc992j;p99.995p100;2008;119952032.0;992;j
RS;aptinc992j;p99.995p100;2009;114833264.0;992;j
RS;aptinc992j;p99.995p100;2010;108197928.0;992;j
RS;aptinc992j;p99.995p100;2011;116509864.0;992;j
RS;aptinc992j;p99.995p100;2012;81406984.0;992;j
RS;aptinc992j;p99.995p100;2013;95588416.0;992;j
RS;aptinc992j;p99.995p100;2014;177025296.0;992;j
RS;aptinc992j;p99.995p100;2015;173364576.0;992;j
RS;aptinc992j;p99.995p100;2016;178899264.0;992;j
RS;aptinc992j;p99.995p100;2017;180047600.0;992;j
RS;asaghn999i;p0p100;1997;35989.0;999;i
RS;asaghn999i;p0p100;1998;1609.0;999;i
RS;asaghn999i;p0p100;1999;-5421.5;999;i
RS;asaghn999i;p0p100;2000;-8147.6001;999;i
RS;asaghn999i;p0p100;2001;-36171.699;999;i
RS;asaghn999i;p0p100;2002;-49422.102;999;i
RS;asaghn999i;p0p100;2003;-30577.9;999;i
RS;asaghn999i;p0p100;2004;-47544.102;999;i
RS;asaghn999i;p0p100;2005;-46642.0;999;i
RS;asaghn999i;p0p100;2006;-46015.602;999;i
RS;asaghn999i;p0p100;2007;-46923.199;999;i
RS;asaghn999i;p0p100;2008;-46891.898;999;i
RS;asaghn999i;p0p100;2009;-55886.602;999;i
RS;asaghn999i;p0p100;2010;-65433.602;999;i
RS;asaghn999i;p0p100;2011;-55960.199;999;i
RS;assbco999i;p0p100;1997;0.0;999;i
RS;assbco999i;p0p100;1998;0.0;999;i
RS;assbco999i;p0p100;1999;0.0;999;i
RS;assbco999i;p0p100;2000;0.0;999;i
RS;assbco999i;p0p100;2001;0.0;999;i
RS;assbco999i;p0p100;2002;0.0;999;i
RS;assbco999i;p0p100;2003;0.0;999;i
RS;assbco999i;p0p100;2004;0.0;999;i
RS;assbco999i;p0p100;2005;0.0;999;i
RS;assbco999i;p0p100;2006;0.0;999;i
RS;assbco999i;p0p100;2007;0.0;999;i
RS;assbco999i;p0p100;2008;0.0;999;i
RS;assbco999i;p0p100;2009;0.0;999;i
RS;assbco999i;p0p100;2010;0.0;999;i
RS;assbco999i;p0p100;2011;0.0;999;i
RS;bcainc992j;p31p100;1990;2.3360217;992;j
RS;bcainc992j;p31p100;1991;2.3154888;992;j
RS;bcainc992j;p31p100;1992;2.2972295;992;j
RS;bcainc992j;p31p100;1993;2.2761731;992;j
RS;bcainc992j;p31p100;1994;2.2562137;992;j
RS;bcainc992j;p31p100;1995;2.2383566;992;j
RS;bcainc992j;p31p100;1996;2.2167127;992;j
RS;bcainc992j;p31p100;1997;2.1898081;992;j
RS;bcainc992j;p31p100;1998;2.2000887;992;j
RS;bcainc992j;p31p100;1999;2.1998768;992;j
RS;bcainc992j;p31p100;2000;2.2244415;992;j
RS;bcainc992j;p31p100;2001;2.2289405;992;j
RS;bcainc992j;p31p100;2002;2.2932224;992;j
RS;bcainc992j;p31p100;2003;2.3375545;992;j
RS;bcainc992j;p31p100;2004;2.4186473;992;j
RS;bcainc992j;p31p100;2005;2.4717598;992;j
RS;bcainc992j;p31p100;2006;2.5738478;992;j
RS;bcainc992j;p31p100;2007;2.5894008;992;j
RS;bcainc992j;p31p100;2008;2.6595907;992;j
RS;bcainc992j;p31p100;2009;2.7371731;992;j
RS;bcainc992j;p31p100;2010;2.9083323;992;j
RS;bcainc992j;p31p100;2011;3.0899217;992;j
RS;bcainc992j;p31p100;2012;3.1363175;992;j
RS;bcainc992j;p31p100;2013;3.3815103;992;j
RS;bcainc992j;p31p100;2014;3.1607785;992;j
RS;bcainc992j;p31p100;2015;3.4325507;992;j
RS;bcainc992j;p31p100;2016;3.4310379;992;j
RS;bcainc992j;p31p100;2017;3.4345288;992;j
RS;bcainc992j;p99.96p100;1990;2.1345928;992;j
RS;bcainc992j;p99.96p100;1991;2.0840964;992;j
RS;bcainc992j;p99.96p100;1992;2.0157177;992;j
RS;bcainc992j;p99.96p100;1993;1.9692076;992;j
RS;bcainc992j;p99.96p100;1994;1.9396546;992;j
RS;bcainc992j;p99.96p100;1995;1.914525;992;j
RS;bcainc992j;p99.96p100;1996;1.8882319;992;j
RS;bcainc992j;p99.96p100;1997;1.8602563;992;j
RS;bcainc992j;p99.96p100;1998;1.8895185;992;j
RS;bcainc992j;p99.96p100;1999;2.0055223;992;j
RS;bcainc992j;p99.96p100;2000;2.0018897;992;j
RS;bcainc992j;p99.96p100;2001;2.0974319;992;j
RS;bcainc992j;p99.96p100;2002;2.0184164;992;j
RS;bcainc992j;p99.96p100;2003;2.0248873;992;j
RS;bcainc992j;p99.96p100;2004;2.0295804;992;j
RS;bcainc992j;p99.96p100;2005;2.0728917;992;j
RS;bcainc992j;p99.96p100;2006;1.9769679;992;j
RS;bcainc992j;p99.96p100;2007;1.8845983;992;j
RS;bcainc992j;p99.96p100;2008;1.7921867;992;j
RS;bcainc992j;p99.96p100;2009;1.9132653;992;j
RS;bcainc992j;p99.96p100;2010;1.8547941;992;j
RS;bcainc992j;p99.96p100;2011;1.8206754;992;j
RS;bcainc992j;p99.96p100;2012;2.1189291;992;j
RS;bcainc992j;p99.96p100;2013;1.9194028;992;j
RS;bcainc992j;p99.96p100;2014;2.4993939;992;j
RS;bcainc992j;p99.96p100;2015;3.0321207;992;j
RS;bcainc992j;p99.96p100;2016;3.0331285;992;j
RS;bcainc992j;p99.96p100;2017;3.0361462;992;j
RS;bdiinc992j;p77p100;1990;1.5315156;992;j
RS;bdiinc992j;p77p100;1991;1.5289551;992;j
RS;bdiinc992j;p77p100;1992;1.5268151;992;j
RS;bdiinc992j;p77p100;1993;1.5266316;992;j
RS;bdiinc992j;p77p100;1994;1.5256373;992;j
RS;bdiinc992j;p77p100;1995;1.5223402;992;j
RS;bdiinc992j;p77p100;1996;1.5165151;992;j
RS;bdiinc992j;p77p100;1997;1.5108607;992;j
RS;bdiinc992j;p77p100;1998;1.5418096;992;j
RS;bdiinc992j;p77p100;1999;1.5747449;992;j
RS;bdiinc992j;p77p100;2000;1.6036768;992;j
RS;bdiinc992j;p77p100;2001;1.62792;992;j
RS;bdiinc992j;p77p100;2002;1.6344694;992;j
RS;bdiinc992j;p77p100;2003;1.6377821;992;j
RS;bdiinc992j;p77p100;2004;1.6579356;992;j
RS;bdiinc992j;p77p100;2005;1.6850502;992;j
RS;bdiinc992j;p77p100;2006;1.7102972;992;j
RS;bdiinc992j;p77p100;2007;1.689128;992;j
RS;bdiinc992j;p77p100;2008;1.693254;992;j
RS;bdiinc992j;p77p100;2009;1.7192036;992;j
RS;bdiinc992j;p77p100;2010;1.7549062;992;j
RS;bdiinc992j;p77p100;2011;1.7866926;992;j
RS;bdiinc992j;p77p100;2012;1.8052163;992;j
RS;bdiinc992j;p77p100;2013;1.7534333;992;j
RS;bdiinc992j;p77p100;2014;1.8237196;992;j
RS;bdiinc992j;p77p100;2015;1.9520527;992;j
RS;bdiinc992j;p77p100;2016;1.9623953;992;j
RS;bdiinc992j;p77p100;2017;1.9636042;992;j
RS;bptinc992j;p25p100;1990;2.9317527;992;j
RS;bptinc992j;p25p100;1991;2.9465647;992;j
RS;bptinc992j;p25p100;1992;2.9611275;992;j
RS;bptinc992j;p25p100;1993;2.9588816;992;j
RS;bptinc992j;p25p100;1994;2.9635038;992;j
RS;bptinc992j;p25p100;1995;2.9652979;992;j
RS;bptinc992j;p25p100;1996;2.9695623;992;j
RS;bptinc992j;p25p100;1997;2.9768;992;j
RS;bptinc992j;p25p100;1998;2.8956654;992;j
RS;bptinc992j;p25p100;1999;2.9041398;992;j
RS;bptinc992j;p25p100;2000;2.9691617;992;j
RS;bptinc992j;p25p100;2001;2.9898903;992;j
RS;bptinc992j;p25p100;2002;3.1347189;992;j
RS;bptinc992j;p25p100;2003;3.2541084;992;j
RS;bptinc992j;p25p100;2004;3.4462264;992;j
RS;bptinc992j;p25p100;2005;3.6101706;992;j
RS;bptinc992j;p25p100;2006;3.8059199;992;j
RS;bptinc992j;p25p100;2007;3.8789365;992;j
RS;bptinc992j;p25p100;2008;4.1132059;992;j
RS;bptinc992j;p25p100;2009;4.2494602;992;j
RS;bptinc992j;p25p100;2010;4.5417638;992;j
RS;bptinc992j;p25p100;2011;5.0606017;992;j
RS;bptinc992j;p25p100;2012;5.4098167;992;j
RS;bptinc992j;p25p100;2013;5.5782719;992;j
RS;bptinc992j;p25p100;2014;5.5866933;992;j
RS;bptinc992j;p25p100;2015;5.3910465;992;j
RS;bptinc992j;p25p100;2016;5.3884211;992;j
RS;bptinc992j;p25p100;2017;5.3952055;992;j
RS;bptinc992j;p62p100;1990;1.7740403;992;j
RS;bptinc992j;p62p100;1991;1.7840024;992;j
RS;bptinc992j;p62p100;1992;1.7937322;992;j
RS;bptinc992j;p62p100;1993;1.8029848;992;j
RS;bptinc992j;p62p100;1994;1.813162;992;j
RS;bptinc992j;p62p100;1995;1.8237373;992;j
RS;bptinc992j;p62p100;1996;1.8306422;992;j
RS;bptinc992j;p62p100;1997;1.8381157;992;j
RS;bptinc992j;p62p100;1998;1.8405528;992;j
RS;bptinc992j;p62p100;1999;1.8492793;992;j
RS;bptinc992j;p62p100;2000;1.8934199;992;j
RS;bptinc992j;p62p100;2001;1.9213599;992;j
RS;bptinc992j;p62p100;2002;1.9426575;992;j
RS;bptinc992j;p62p100;2003;1.9482523;992;j
RS;bptinc992j;p62p100;2004;2.0075471;992;j
RS;bptinc992j;p62p100;2005;2.0421898;992;j
RS;bptinc992j;p62p100;2006;2.0502341;992;j
RS;bptinc992j;p62p100;2007;2.0296378;992;j
RS;bptinc992j;p62p100;2008;2.037297;992;j
RS;bptinc992j;p62p100;2009;2.055414;992;j
RS;bptinc992j;p62p100;2010;2.111021;992;j
RS;bptinc992j;p62p100;2011;2.1624072;992;j
RS;bptinc992j;p62p100;2012;2.1535754;992;j
RS;bptinc992j;p62p100;2013;2.109966;992;j
RS;bptinc992j;p62p100;2014;2.1788597;992;j
RS;bptinc992j;p62p100;2015;2.1311908;992;j
RS;bptinc992j;p62p100;2016;2.1315112;992;j
RS;bptinc992j;p62p100;2017;2.1330209;992;j
RS;bptinc992j;p89p100;1990;1.6601723;992;j
RS;bptinc992j;p89p100;1991;1.6766531;992;j
RS;bptinc992j;p89p100;1992;1.693717;992;j
RS;bptinc992j;p89p100;1993;1.7101067;992;j
RS;bptinc992j;p89p100;1994;1.7269901;992;j
RS;bptinc992j;p89p100;1995;1.7431529;992;j
RS;bptinc992j;p89p100;1996;1.7531999;992;j
RS;bptinc992j;p89p100;1997;1.7639046;992;j
RS;bptinc992j;p89p100;1998;1.7746931;992;j
RS;bptinc992j;p89p100;1999;1.8152177;992;j
RS;bptinc992j;p89p100;2000;1.8767643;992;j
RS;bptinc992j;p89p100;2001;1.9150554;992;j
RS;bptinc992j;p89p100;2002;1.9207395;992;j
RS;bptinc992j;p89p100;2003;1.9093813;992;j
RS;bptinc992j;p89p100;2004;1.9281203;992;j
RS;bptinc992j;p89p100;2005;1.918389;992;j
RS;bptinc992j;p89p100;2006;1.9176505;992;j
RS;bptinc992j;p89p100;2007;1.8510453;992;j
RS;bptinc992j;p89p100;2008;1.8558601;992;j
RS;bptinc992j;p89p100;2009;1.8529677;992;j
RS;bptinc992j;p89p100;2010;1.8912134;992;j
RS;bptinc992j;p89p100;2011;1.9090545;992;j
RS;bptinc992j;p89p100;2012;1.8643225;992;j
RS;bptinc992j;p89p100;2013;1.8585094;992;j
RS;bptinc992j;p89p100;2014;1.9769003;992;j
RS;bptinc992j;p89p100;2015;1.9399121;992;j
RS;bptinc992j;p89p100;2016;1.9414561;992;j
RS;bptinc992j;p89p100;2017;1.9430307;992;j
RS;mgmxho999i;p0p100;1997;427344756736.0;999;i
RS;mgmxho999i;p0p100;1998;416326221824.0;999;i
RS;mgmxho999i;p0p100;1999;428519456768.0;999;i
RS;mgmxho999i;p0p100;2000;499092652032.0;999;i
RS;mgmxho999i;p0p100;2001;495457107968.0;999;i
RS;mgmxho999i;p0p100;2002;418785361920.0;999;i
RS;mgmxho999i;p0p100;2003;346317717504.0;999;i
RS;mgmxho999i;p0p100;2004;384448135168.0;999;i
RS;mgmxho999i;p0p100;2005;409862569984.0;999;i
RS;mgmxho999i;p0p100;2006;537747423232.0;999;i
RS;mgmxho999i;p0p100;2007;559048359936.0;999;i
RS;mgmxho999i;p0p100;2008;613143019520.0;999;i
RS;mgmxho999i;p0p100;2009;564083359744.0;999;i
RS;mgmxho999i;p0p100;2010;576106070016.0;999;i
RS;mgmxho999i;p0p100;2011;651306729472.0;999;i
RS;npopul451i;p0p100;1950;408396.0;451;i
RS;npopul451i;p0p100;1951;417385.0;451;i
RS;npopul451i;p0p100;1952;428625.0;451;i
RS;npopul451i;p0p100;1953;438791.0;451;i
RS;npopul451i;p0p100;1954;444407.0;451;i
RS;npopul451i;p0p100;1955;443764.0;451;i
RS;npopul451i;p0p100;1956;436946.0;451;i
RS;npopul451i;p0p100;1957;425758.0;451;i
RS;npopul451i;p0p100;1958;410784.0;451;i
RS;npopul451i;p0p100;1959;392802.0;451;i
RS;npopul451i;p0p100;1960;372915.0;451;i
RS;npopul451i;p0p100;1961;351244.0;451;i
RS;npopul451i;p0p100;1962;325945.0;451;i
RS;npopul451i;p0p100;1963;303822.0;451;i
RS;npopul451i;p0p100;1964;294629.0;451;i
RS;npopul451i;p0p100;1965;303755.0;451;i
RS;npopul451i;p0p100;1966;328372.0;451;i
RS;npopul451i;p0p100;1967;370932.0;451;i
RS;npopul451i;p0p100;1968;424083.0;451;i
RS;npopul451i;p0p100;1969;476120.0;451;i
RS;npopul451i;p0p100;1970;519564.0;451;i
RS;npopul451i;p0p100;1971;554973.0;451;i
RS;npopul451i;p0p100;1972;582645.0;451;i
RS;npopul451i;p0p100;1973;603437.0;451;i
RS;npopul451i;p0p100;1974;619728.0;451;i
RS;npopul451i;p0p100;1975;632851.0;451;i
RS;npopul451i;p0p100;1976;640791.0;451;i
RS;npopul451i;p0p100;1977;644364.0;451;i
RS;npopul451i;p0p100;1978;643982.0;451;i
RS;npopul451i;p0p100;1979;640269.0;451;i
RS;npopul451i;p0p100;1980;633750.0;451;i
RS;npopul451i;p0p100;1981;624090.0;451;i
RS;npopul451i;p0p100;1982;613571.0;451;i
RS;npopul451i;p0p100;1983;601208.0;451;i
RS;npopul451i;p0p100;1984;585231.0;451;i
RS;npopul451i;p0p100;1985;565204.0;451;i
RS;npopul451i;p0p100;1986;540905.0;451;i
RS;npopul451i;p0p100;1987;511853.0;451;i
RS;npopul451i;p0p100;1988;485261.0;451;i
RS;npopul451i;p0p100;1989;471819.0;451;i
RS;npopul451i;p0p100;1990;477590.0;451;i
RS;npopul451i;p0p100;1991;500219.0;451;i
RS;npopul451i;p0p100;1992;541387.0;451;i
RS;npopul451i;p0p100;1993;593198.0;451;i
RS;npopul451i;p0p100;1994;642756.0;451;i
RS;npopul451i;p0p100;1995;681310.0;451;i
RS;npopul451i;p0p100;1996;714812.0;451;i
RS;npopul451i;p0p100;1997;738588.0;451;i
RS;npopul451i;p0p100;1998;752098.0;451;i
RS;npopul451i;p0p100;1999;594864.0;451;i
RS;npopul451i;p0p100;2000;594725.0;451;i
RS;npopul451i;p0p100;2001;583634.0;451;i
RS;npopul451i;p0p100;2002;564106.0;451;i
RS;npopul451i;p0p100;2003;538158.0;451;i
RS;npopul451i;p0p100;2004;513480.0;451;i
RS;npopul451i;p0p100;2005;493792.0;451;i
RS;npopul451i;p0p100;2006;480517.0;451;i
RS;npopul451i;p0p100;2007;473355.0;451;i
RS;npopul451i;p0p100;2008;470540.0;451;i
RS;npopul451i;p0p100;2009;469346.0;451;i
RS;npopul451i;p0p100;2010;467888.0;451;i
RS;npopul451i;p0p100;2011;464893.0;451;i
RS;npopul451i;p0p100;2012;463724.0;451;i
RS;npopul451i;p0p100;2013;463258.0;451;i
RS;npopul451i;p0p100;2014;463893.0;451;i
RS;npopul451i;p0p100;2015;465629.0;451;i
RS;npopul451i;p0p100;2016;467602.0;451;i
RS;npopul451i;p0p100;2017;471901.0;451;i
RS;npopul451i;p0p100;2018;476623.0;451;i
RS;npopul451i;p0p100;2019;481180.0;451;i
RS;npopul702m;p0p100;1950;101121.0;702;m
RS;npopul702m;p0p100;1951;100289.0;702;m
RS;npopul702m;p0p100;1952;99306.0;702;m
RS;npopul702m;p0p100;1953;98343.0;702;m
RS;npopul702m;p0p100;1954;97803.0;702;m
RS;npopul702m;p0p100;1955;97866.0;702;m
RS;npopul702m;p0p100;1956;98583.0;702;m
RS;npopul702m;p0p100;1957;99569.0;702;m
RS;npopul702m;p0p100;1958;100557.0;702;m
RS;npopul702m;p0p100;1959;101046.0;702;m
RS;npopul702m;p0p100;1960;100847.0;702;m
RS;npopul702m;p0p100;1961;100458.0;702;m
RS;npopul702m;p0p100;1962;99255.0;702;m
RS;npopul702m;p0p100;1963;98308.0;702;m
RS;npopul702m;p0p100;1964;98837.0;702;m
RS;npopul702m;p0p100;1965;101403.0;702;m
RS;npopul702m;p0p100;1966;104915.0;702;m
RS;npopul702m;p0p100;1967;109715.0;702;m
RS;npopul702m;p0p100;1968;115735.0;702;m
RS;npopul702m;p0p100;1969;122779.0;702;m
RS;npopul702m;p0p100;1970;130625.0;702;m
RS;npopul702m;p0p100;1971;138360.0;702;m
RS;npopul702m;p0p100;1972;146167.0;702;m
RS;npopul702m;p0p100;1973;153913.0;702;m
RS;npopul702m;p0p100;1974;161539.0;702;m
RS;npopul702m;p0p100;1975;169007.0;702;m
RS;npopul702m;p0p100;1976;175120.0;702;m
RS;npopul702m;p0p100;1977;180915.0;702;m
RS;npopul702m;p0p100;1978;186057.0;702;m
RS;npopul702m;p0p100;1979;189828.0;702;m
RS;npopul702m;p0p100;1980;191826.0;702;m
RS;npopul702m;p0p100;1981;191347.0;702;m
RS;npopul702m;p0p100;1982;189860.0;702;m
RS;npopul702m;p0p100;1983;187211.0;702;m
RS;npopul702m;p0p100;1984;182762.0;702;m
RS;npopul702m;p0p100;1985;176391.0;702;m
RS;npopul702m;p0p100;1986;167481.0;702;m
RS;npopul702m;p0p100;1987;157002.0;702;m
RS;npopul702m;p0p100;1988;147564.0;702;m
RS;npopul702m;p0p100;1989;142107.0;702;m
RS;npopul702m;p0p100;1990;141943.0;702;m
RS;npopul702m;p0p100;1991;145631.0;702;m
RS;npopul702m;p0p100;1992;152633.0;702;m
RS;npopul702m;p0p100;1993;162734.0;702;m
RS;npopul702m;p0p100;1994;175599.0;702;m
RS;npopul702m;p0p100;1995;190626.0;702;m
RS;npopul702m;p0p100;1996;206877.0;702;m
RS;npopul702m;p0p100;1997;223507.0;702;m
RS;npopul702m;p0p100;1998;239384.0;702;m
RS;npopul702m;p0p100;1999;199533.0;702;m
RS;npopul702m;p0p100;2000;210590.0;702;m
RS;npopul702m;p0p100;2001;218385.0;702;m
RS;npopul702m;p0p100;2002;225001.0;702;m
RS;npopul702m;p0p100;2003;229869.0;702;m
RS;npopul702m;p0p100;2004;233503.0;702;m
RS;npopul702m;p0p100;2005;235739.0;702;m
RS;npopul702m;p0p100;2006;237762.0;702;m
RS;npopul702m;p0p100;2007;239332.0;702;m
RS;npopul702m;p0p100;2008;240242.0;702;m
RS;npopul702m;p0p100;2009;239933.0;702;m
RS;npopul702m;p0p100;2010;238057.0;702;m
RS;npopul702m;p0p100;2011;232752.0;702;m
RS;npopul702m;p0p100;2012;226848.0;702;m
RS;npopul702m;p0p100;2013;221601.0;702;m
RS;npopul702m;p0p100;2014;219373.0;702;m
RS;npopul702m;p0p100;2015;221243.0;702;m
RS;npopul702m;p0p100;2016;221543.0;702;m
RS;npopul702m;p0p100;2017;224992.0;702;m
RS;npopul702m;p0p100;2018;231079.0;702;m
RS;npopul702m;p0p100;2019;239986.0;702;m
RS;npopul851f;p0p100;1950;12554.0;851;f
RS;npopul851f;p0p100;1951;13431.0;851;f
RS;npopul851f;p0p100;1952;13777.0;851;f
RS;npopul851f;p0p100;1953;13646.0;851;f
RS;npopul851f;p0p100;1954;13265.0;851;f
RS;npopul851f;p0p100;1955;12678.0;851;f
RS;npopul851f;p0p100;1956;14171.0;851;f
RS;npopul851f;p0p100;1957;15261.0;851;f
RS;npopul851f;p0p100;1958;15670.0;851;f
RS;npopul851f;p0p100;1959;15367.0;851;f
RS;npopul851f;p0p100;1960;14388.0;851;f
RS;npopul851f;p0p100;1961;15313.0;851;f
RS;npopul851f;p0p100;1962;15816.0;851;f
RS;npopul851f;p0p100;1963;15766.0;851;f
RS;npopul851f;p0p100;1964;15176.0;851;f
RS;npopul851f;p0p100;1965;14097.0;851;f
RS;npopul851f;p0p100;1966;14355.0;851;f
RS;npopul851f;p0p100;1967;14161.0;851;f
RS;npopul851f;p0p100;1968;13783.0;851;f
RS;npopul851f;p0p100;1969;13559.0;851;f
RS;npopul851f;p0p100;1970;13580.0;851;f
RS;npopul851f;p0p100;1971;15089.0;851;f
RS;npopul851f;p0p100;1972;16541.0;851;f
RS;npopul851f;p0p100;1973;17473.0;851;f
RS;npopul851f;p0p100;1974;17607.0;851;f
RS;npopul851f;p0p100;1975;16887.0;851;f
RS;npopul851f;p0p100;1976;17079.0;851;f
RS;npopul851f;p0p100;1977;16623.0;851;f
RS;npopul851f;p0p100;1978;16074.0;851;f
RS;npopul851f;p0p100;1979;16038.0;851;f
RS;npopul851f;p0p100;1980;16709.0;851;f
RS;npopul851f;p0p100;1981;19230.0;851;f
RS;npopul851f;p0p100;1982;21589.0;851;f
RS;npopul851f;p0p100;1983;23328.0;851;f
RS;npopul851f;p0p100;1984;24346.0;851;f
RS;npopul851f;p0p100;1985;24629.0;851;f
RS;npopul851f;p0p100;1986;26469.0;851;f
RS;npopul851f;p0p100;1987;27513.0;851;f
RS;npopul851f;p0p100;1988;27939.0;851;f
RS;npopul851f;p0p100;1989;28252.0;851;f
RS;npopul851f;p0p100;1990;28639.0;851;f
RS;npopul851f;p0p100;1991;31007.0;851;f
RS;npopul851f;p0p100;1992;32873.0;851;f
RS;npopul851f;p0p100;1993;33836.0;851;f
RS;npopul851f;p0p100;1994;33914.0;851;f
RS;npopul851f;p0p100;1995;33144.0;851;f
RS;npopul851f;p0p100;1996;34593.0;851;f
RS;npopul851f;p0p100;1997;35511.0;851;f
RS;npopul851f;p0p100;1998;35389.0;851;f
RS;npopul851f;p0p100;1999;26665.0;851;f
RS;npopul851f;p0p100;2000;24603.0;851;f
RS;npopul851f;p0p100;2001;23393.0;851;f
RS;npopul851f;p0p100;2002;21233.0;851;f
RS;npopul851f;p0p100;2003;19322.0;851;f
RS;npopul851f;p0p100;2004;18891.0;851;f
RS;npopul851f;p0p100;2005;20035.0;851;f
RS;npopul851f;p0p100;2006;24084.0;851;f
RS;npopul851f;p0p100;2007;28041.0;851;f
RS;npopul851f;p0p100;2008;31212.0;851;f
RS;npopul851f;p0p100;2009;33606.0;851;f
RS;npopul851f;p0p100;2010;35310.0;851;f
RS;npopul851f;p0p100;2011;39054.0;851;f
RS;npopul851f;p0p100;2012;42007.0;851;f
RS;npopul851f;p0p100;2013;43911.0;851;f
RS;npopul851f;p0p100;2014;45306.0;851;f
RS;npopul851f;p0p100;2015;46513.0;851;f
RS;npopul851f;p0p100;2016;49877.0;851;f
RS;npopul851f;p0p100;2017;52352.0;851;f
RS;npopul851f;p0p100;2018;53515.0;851;f
RS;npopul851f;p0p100;2019;53769.0;851;f
RS;npopul991m;p0p100;1950;1304943.0;991;m
RS;npopul991m;p0p100;1951;1327463.0;991;m
RS;npopul991m;p0p100;1952;1342155.0;991;m
RS;npopul991m;p0p100;1953;1355144.0;991;m
RS;npopul991m;p0p100;1954;1366683.0;991;m
RS;npopul991m;p0p100;1955;1375759.0;991;m
RS;npopul991m;p0p100;1956;1381329.0;991;m
RS;npopul991m;p0p100;1957;1386059.0;991;m
RS;npopul991m;p0p100;1958;1391211.0;991;m
RS;npopul991m;p0p100;1959;1398758.0;991;m
RS;npopul991m;p0p100;1960;1409749.0;991;m
RS;npopul991m;p0p100;1961;1418405.0;991;m
RS;npopul991m;p0p100;1962;1435424.0;991;m
RS;npopul991m;p0p100;1963;1454944.0;991;m
RS;npopul991m;p0p100;1964;1469372.0;991;m
RS;npopul991m;p0p100;1965;1474864.0;991;m
RS;npopul991m;p0p100;1966;1480841.0;991;m
RS;npopul991m;p0p100;1967;1476852.0;991;m
RS;npopul991m;p0p100;1968;1466198.0;991;m
RS;npopul991m;p0p100;1969;1454202.0;991;m
RS;npopul991m;p0p100;1970;1443876.0;991;m
RS;npopul991m;p0p100;1971;1433851.0;991;m
RS;npopul991m;p0p100;1972;1424270.0;991;m
RS;npopul991m;p0p100;1973;1416605.0;991;m
RS;npopul991m;p0p100;1974;1411925.0;991;m
RS;npopul991m;p0p100;1975;1411030.0;991;m
RS;npopul991m;p0p100;1976;1416173.0;991;m
RS;npopul991m;p0p100;1977;1425355.0;991;m
RS;npopul991m;p0p100;1978;1437275.0;991;m
RS;npopul991m;p0p100;1979;1449805.0;991;m
RS;npopul991m;p0p100;1980;1461344.0;991;m
RS;npopul991m;p0p100;1981;1473481.0;991;m
RS;npopul991m;p0p100;1982;1484035.0;991;m
RS;npopul991m;p0p100;1983;1493127.0;991;m
RS;npopul991m;p0p100;1984;1501255.0;991;m
RS;npopul991m;p0p100;1985;1508597.0;991;m
RS;npopul991m;p0p100;1986;1514142.0;991;m
RS;npopul991m;p0p100;1987;1519076.0;991;m
RS;npopul991m;p0p100;1988;1523342.0;991;m
RS;npopul991m;p0p100;1989;1526894.0;991;m
RS;npopul991m;p0p100;1990;1529896.0;991;m
RS;npopul991m;p0p100;1991;1535045.0;991;m
RS;npopul991m;p0p100;1992;1538057.0;991;m
RS;npopul991m;p0p100;1993;1537030.0;991;m
RS;npopul991m;p0p100;1994;1529640.0;991;m
RS;npopul991m;p0p100;1995;1514019.0;991;m
RS;npopul991m;p0p100;1996;1480453.0;991;m
RS;npopul991m;p0p100;1997;1443789.0;991;m
RS;npopul991m;p0p100;1998;1406437.0;991;m
RS;npopul991m;p0p100;1999;1079269.0;991;m
RS;npopul991m;p0p100;2000;1062132.0;991;m
RS;npopul991m;p0p100;2001;1048622.0;991;m
RS;npopul991m;p0p100;2002;1036997.0;991;m
RS;npopul991m;p0p100;2003;1023117.0;991;m
RS;npopul991m;p0p100;2004;1008893.0;991;m
RS;npopul991m;p0p100;2005;993162.0;991;m
RS;npopul991m;p0p100;2006;974730.0;991;m
RS;npopul991m;p0p100;2007;954977.0;991;m
RS;npopul991m;p0p100;2008;934844.0;991;m
RS;npopul991m;p0p100;2009;915847.0;991;m
RS;npopul991m;p0p100;2010;898250.0;991;m
RS;npopul991m;p0p100;2011;876548.0;991;m
RS;npopul991m;p0p100;2012;858184.0;991;m
RS;npopul991m;p0p100;2013;840942.0;991;m
RS;npopul991m;p0p100;2014;825090.0;991;m
RS;npopul991m;p0p100;2015;810533.0;991;m
RS;npopul991m;p0p100;2016;798377.0;991;m
RS;npopul991m;p0p100;2017;790290.0;991;m
RS;npopul991m;p0p100;2018;782755.0;991;m
RS;npopul991m;p0p100;2019;774474.0;991;m
RS;scainc992j;p34p35;1990;0.0060999999;992;j
RS;scainc992j;p34p35;1991;0.0062000002;992;j
RS;scainc992j;p34p35;1992;0.0062000002;992;j
RS;scainc992j;p34p35;1993;0.0062000002;992;j
RS;scainc992j;p34p35;1994;0.0063;992;j
RS;scainc992j;p34p35;1995;0.0063;992;j
RS;scainc992j;p34p35;1996;0.0063;992;j
RS;scainc992j;p34p35;1997;0.0063999998;992;j
RS;scainc992j;p34p35;1998;0.0062000002;992;j
RS;scainc992j;p34p35;1999;0.0062000002;992;j
RS;scainc992j;p34p35;2000;0.0062000002;992;j
RS;scainc992j;p34p35;2001;0.0060999999;992;j
RS;scainc992j;p34p35;2002;0.0060000001;992;j
RS;scainc992j;p34p35;2003;0.0060000001;992;j
RS;scainc992j;p34p35;2004;0.0059000002;992;j
RS;scainc992j;p34p35;2005;0.0057999999;992;j
RS;scainc992j;p34p35;2006;0.0055999998;992;j
RS;scainc992j;p34p35;2007;0.0055;992;j
RS;scainc992j;p34p35;2008;0.0055;992;j
RS;scainc992j;p34p35;2009;0.0054000001;992;j
RS;scainc992j;p34p35;2010;0.0052;992;j
RS;scainc992j;p34p35;2011;0.0049999999;992;j
RS;scainc992j;p34p35;2012;0.0049000001;992;j
RS;scainc992j;p34p35;2013;0.0046999999;992;j
RS;scainc992j;p34p35;2014;0.0048000002;992;j
RS;scainc992j;p34p35;2015;0.0046999999;992;j
RS;scainc992j;p34p35;2016;0.0046999999;992;j
RS;scainc992j;p34p35;2017;0.0046999999;992;j
RS;scainc992j;p88p89;1990;0.017000001;992;j
RS;scainc992j;p88p89;1991;0.016899999;992;j
RS;scainc992j;p88p89;1992;0.016899999;992;j
RS;scainc992j;p88p89;1993;0.016799999;992;j
RS;scainc992j;p88p89;1994;0.0167;992;j
RS;scainc992j;p88p89;1995;0.0166;992;j
RS;scainc992j;p88p89;1996;0.0165;992;j
RS;scainc992j;p88p89;1997;0.0164;992;j
RS;scainc992j;p88p89;1998;0.0164;992;j
RS;scainc992j;p88p89;1999;0.0162;992;j
RS;scainc992j;p88p89;2000;0.016100001;992;j
RS;scainc992j;p88p89;2001;0.016000001;992;j
RS;scainc992j;p88p89;2002;0.016100001;992;j
RS;scainc992j;p88p89;2003;0.0166;992;j
RS;scainc992j;p88p89;2004;0.017000001;992;j
RS;scainc992j;p88p89;2005;0.017200001;992;j
RS;scainc992j;p88p89;2006;0.0174;992;j
RS;scainc992j;p88p89;2007;0.0177;992;j
RS;scainc992j;p88p89;2008;0.0178;992;j
RS;scainc992j;p88p89;2009;0.017899999;992;j
RS;scainc992j;p88p89;2010;0.018200001;992;j
RS;scainc992j;p88p89;2011;0.0185;992;j
RS;scainc992j;p88p89;2012;0.018200001;992;j
RS;scainc992j;p88p89;2013;0.0185;992;j
RS;scainc992j;p88p89;2014;0.0175;992;j
RS;scainc992j;p88p89;2015;0.017000001;992;j
RS;scainc992j;p88p89;2016;0.017000001;992;j
RS;scainc992j;p88p89;2017;0.017000001;992;j
RS;scainc992j;p99.995p99.996;1990;0.0006;992;j
RS;scainc992j;p99.995p99.996;1991;0.0006;992;j
RS;scainc992j;p99.995p99.996;1992;0.0005;992;j
RS;scainc992j;p99.995p99.996;1993;0.0005;992;j
RS;scainc992j;p99.995p99.996;1994;0.0005;992;j
RS;scainc992j;p99.995p99.996;1995;0.0005;992;j
RS;scainc992j;p99.995p99.996;1996;0.0005;992;j
RS;scainc992j;p99.995p99.996;1997;0.0005;992;j
RS;scainc992j;p99.995p99.996;1998;0.0005;992;j
RS;scainc992j;p99.995p99.996;1999;0.0006;992;j
RS;scainc992j;p99.995p99.996;2000;0.0006;992;j
RS;scainc992j;p99.995p99.996;2001;0.0007;992;j
RS;scainc992j;p99.995p99.996;2002;0.0007;992;j
RS;scainc992j;p99.995p99.996;2003;0.0007;992;j
RS;scainc992j;p99.995p99.996;2004;0.0007;992;j
RS;scainc992j;p99.995p99.996;2005;0.0007;992;j
RS;scainc992j;p99.995p99.996;2006;0.0007;992;j
RS;scainc992j;p99.995p99.996;2007;0.0006;992;j
RS;scainc992j;p99.995p99.996;2008;0.0005;992;j
RS;scainc992j;p99.995p99.996;2009;0.0006;992;j
RS;scainc992j;p99.995p99.996;2010;0.0006;992;j
RS;scainc992j;p99.995p99.996;2011;0.0006;992;j
RS;scainc992j;p99.995p99.996;2012;0.0009;992;j
RS;scainc992j;p99.995p99.996;2013;0.0007;992;j
RS;scainc992j;p99.995p99.996;2014;0.0012000001;992;j
RS;scainc992j;p99.995p99.996;2015;0.0018;992;j
RS;scainc992j;p99.995p99.996;2016;0.0018;992;j
RS;scainc992j;p99.995p99.996;2017;0.0018;992;j
RS;sdiinc992j;p58p100;1990;0.68159997;992;j
RS;sdiinc992j;p58p100;1991;0.67979997;992;j
RS;sdiinc992j;p58p100;1992;0.67799997;992;j
RS;sdiinc992j;p58p100;1993;0.67640001;992;j
RS;sdiinc992j;p58p100;1994;0.67479998;992;j
RS;sdiinc992j;p58p100;1995;0.67330003;992;j
RS;sdiinc992j;p58p100;1996;0.67119998;992;j
RS;sdiinc992j;p58p100;1997;0.6688;992;j
RS;sdiinc992j;p58p100;1998;0.67159998;992;j
RS;sdiinc992j;p58p100;1999;0.67540002;992;j
RS;sdiinc992j;p58p100;2000;0.67650002;992;j
RS;sdiinc992j;p58p100;2001;0.67769998;992;j
RS;sdiinc992j;p58p100;2002;0.68550003;992;j
RS;sdiinc992j;p58p100;2003;0.6886;992;j
RS;sdiinc992j;p58p100;2004;0.69870001;992;j
RS;sdiinc992j;p58p100;2005;0.70480001;992;j
RS;sdiinc992j;p58p100;2006;0.71280003;992;j
RS;sdiinc992j;p58p100;2007;0.71380001;992;j
RS;sdiinc992j;p58p100;2008;0.71759999;992;j
RS;sdiinc992j;p58p100;2009;0.72289997;992;j
RS;sdiinc992j;p58p100;2010;0.73280001;992;j
RS;sdiinc992j;p58p100;2011;0.74290001;992;j
RS;sdiinc992j;p58p100;2012;0.74550003;992;j
RS;sdiinc992j;p58p100;2013;0.74860001;992;j
RS;sdiinc992j;p58p100;2014;0.73180002;992;j
RS;sdiinc992j;p58p100;2015;0.74699998;992;j
RS;sdiinc992j;p58p100;2016;0.7511;992;j
RS;sdiinc992j;p58p100;2017;0.75160003;992;j
RS;sdiinc992j;p82p83;1990;0.0146;992;j
RS;sdiinc992j;p82p83;1991;0.0145;992;j
RS;sdiinc992j;p82p83;1992;0.0145;992;j
RS;sdiinc992j;p82p83;1993;0.0144;992;j
RS;sdiinc992j;p82p83;1994;0.0143;992;j
RS;sdiinc992j;p82p83;1995;0.0143;992;j
RS;sdiinc992j;p82p83;1996;0.0142;992;j
RS;sdiinc992j;p82p83;1997;0.0142;992;j
RS;sdiinc992j;p82p83;1998;0.014;992;j
RS;sdiinc992j;p82p83;1999;0.0139;992;j
RS;sdiinc992j;p82p83;2000;0.0137;992;j
RS;sdiinc992j;p82p83;2001;0.0136;992;j
RS;sdiinc992j;p82p83;2002;0.0138;992;j
RS;sdiinc992j;p82p83;2003;0.0139;992;j
RS;sdiinc992j;p82p83;2004;0.0141;992;j
RS;sdiinc992j;p82p83;2005;0.0142;992;j
RS;sdiinc992j;p82p83;2006;0.0142;992;j
RS;sdiinc992j;p82p83;2007;0.0144;992;j
RS;sdiinc992j;p82p83;2008;0.0146;992;j
RS;sdiinc992j;p82p83;2009;0.0146;992;j
RS;sdiinc992j;p82p83;2010;0.0148;992;j
RS;sdiinc992j;p82p83;2011;0.0149;992;j
RS;sdiinc992j;p82p83;2012;0.0148;992;j
RS;sdiinc992j;p82p83;2013;0.0152;992;j
RS;sdiinc992j;p82p83;2014;0.0142;992;j
RS;sdiinc992j;p82p83;2015;0.0139;992;j
RS;sdiinc992j;p82p83;2016;0.0139;992;j
RS;sdiinc992j;p82p83;2017;0.0139;992;j
RS;sdiinc992j;p99.95p100;1990;0.017100001;992;j
RS;sdiinc992j;p99.95p100;1991;0.0163;992;j
RS;sdiinc992j;p99.95p100;1992;0.0153;992;j
RS;sdiinc992j;p99.95p100;1993;0.0147;992;j
RS;sdiinc992j;p99.95p100;1994;0.0143;992;j
RS;sdiinc992j;p99.95p100;1995;0.014;992;j
RS;sdiinc992j;p99.95p100;1996;0.0135;992;j
RS;sdiinc992j;p99.95p100;1997;0.013;992;j
RS;sdiinc992j;p99.95p100;1998;0.0139;992;j
RS;sdiinc992j;p99.95p100;1999;0.0164;992;j
RS;sdiinc992j;p99.95p100;2000;0.0174;992;j
RS;sdiinc992j;p99.95p100;2001;0.0195;992;j
RS;sdiinc992j;p99.95p100;2002;0.0187;992;j
RS;sdiinc992j;p99.95p100;2003;0.0185;992;j
RS;sdiinc992j;p99.95p100;2004;0.0188;992;j
RS;sdiinc992j;p99.95p100;2005;0.020199999;992;j
RS;sdiinc992j;p99.95p100;2006;0.019099999;992;j
RS;sdiinc992j;p99.95p100;2007;0.017000001;992;j
RS;sdiinc992j;p99.95p100;2008;0.0155;992;j
RS;sdiinc992j;p99.95p100;2009;0.018300001;992;j
RS;sdiinc992j;p99.95p100;2010;0.0178;992;j
RS;sdiinc992j;p99.95p100;2011;0.0177;992;j
RS;sdiinc992j;p99.95p100;2012;0.024800001;992;j
RS;sdiinc992j;p99.95p100;2013;0.0199;992;j
RS;sdiinc992j;p99.95p100;2014;0.033;992;j
RS;sdiinc992j;p99.95p100;2015;0.0502;992;j
RS;sdiinc992j;p99.95p100;2016;0.050900001;992;j
RS;sdiinc992j;p99.95p100;2017;0.050999999;992;j
RS;sptinc992j;p39p40;1990;0.0066;992;j
RS;sptinc992j;p39p40;1991;0.0066;992;j
RS;sptinc992j;p39p40;1992;0.0065000001;992;j
RS;sptinc992j;p39p40;1993;0.0065000001;992;j
RS;sptinc992j;p39p40;1994;0.0065000001;992;j
RS;sptinc992j;p39p40;1995;0.0063999998;992;j
RS;sptinc992j;p39p40;1996;0.0063999998;992;j
RS;sptinc992j;p39p40;1997;0.0063999998;992;j
RS;sptinc992j;p39p40;1998;0.0062000002;992;j
RS;sptinc992j;p39p40;1999;0.0062000002;992;j
RS;sptinc992j;p39p40;2000;0.0060999999;992;j
RS;sptinc992j;p39p40;2001;0.0060999999;992;j
RS;sptinc992j;p39p40;2002;0.0060000001;992;j
RS;sptinc992j;p39p40;2003;0.0060000001;992;j
RS;sptinc992j;p39p40;2004;0.0059000002;992;j
RS;sptinc992j;p39p40;2005;0.0057000001;992;j
RS;sptinc992j;p39p40;2006;0.0057000001;992;j
RS;sptinc992j;p39p40;2007;0.0057000001;992;j
RS;sptinc992j;p39p40;2008;0.0057000001;992;j
RS;sptinc992j;p39p40;2009;0.0055999998;992;j
RS;sptinc992j;p39p40;2010;0.0055;992;j
RS;sptinc992j;p39p40;2011;0.0052999998;992;j
RS;sptinc992j;p39p40;2012;0.0052999998;992;j
RS;sptinc992j;p39p40;2013;0.0052999998;992;j
RS;sptinc992j;p39p40;2014;0.0052;992;j
RS;sptinc992j;p39p40;2015;0.0052999998;992;j
RS;sptinc992j;p39p40;2016;0.0052999998;992;j
RS;sptinc992j;p39p40;2017;0.0052999998;992;j
RS;sptinc992j;p96p97;1990;0.026000001;992;j
RS;sptinc992j;p96p97;1991;0.0261;992;j
RS;sptinc992j;p96p97;1992;0.0262;992;j
RS;sptinc992j;p96p97;1993;0.0263;992;j
RS;sptinc992j;p96p97;1994;0.0264;992;j
RS;sptinc992j;p96p97;1995;0.0265;992;j
RS;sptinc992j;p96p97;1996;0.0265;992;j
RS;sptinc992j;p96p97;1997;0.0266;992;j
RS;sptinc992j;p96p97;1998;0.026799999;992;j
RS;sptinc992j;p96p97;1999;0.026799999;992;j
RS;sptinc992j;p96p97;2000;0.0273;992;j
RS;sptinc992j;p96p97;2001;0.0274;992;j
RS;sptinc992j;p96p97;2002;0.028000001;992;j
RS;sptinc992j;p96p97;2003;0.0284;992;j
RS;sptinc992j;p96p97;2004;0.029100001;992;j
RS;sptinc992j;p96p97;2005;0.029899999;992;j
RS;sptinc992j;p96p97;2006;0.030200001;992;j
RS;sptinc992j;p96p97;2007;0.030099999;992;j
RS;sptinc992j;p96p97;2008;0.030300001;992;j
RS;sptinc992j;p96p97;2009;0.0307;992;j
RS;sptinc992j;p96p97;2010;0.031800002;992;j
RS;sptinc992j;p96p97;2011;0.032499999;992;j
RS;sptinc992j;p96p97;2012;0.033199999;992;j
RS;sptinc992j;p96p97;2013;0.032499999;992;j
RS;sptinc992j;p96p97;2014;0.031800002;992;j
RS;sptinc992j;p96p97;2015;0.031399999;992;j
RS;sptinc992j;p96p97;2016;0.031399999;992;j
RS;sptinc992j;p96p97;2017;0.031399999;992;j
RS;tcainc992j;p26p27;1990;244256.8;992;j
RS;tcainc992j;p26p27;1991;215361.7;992;j
RS;tcainc992j;p26p27;1992;149870.2;992;j
RS;tcainc992j;p26p27;1993;98720.602;992;j
RS;tcainc992j;p26p27;1994;103113.9;992;j
RS;tcainc992j;p26p27;1995;110298.1;992;j
RS;tcainc992j;p26p27;1996;112939.0;992;j
RS;tcainc992j;p26p27;1997;120989.3;992;j
RS;tcainc992j;p26p27;1998;134298.09;992;j
RS;tcainc992j;p26p27;1999;153091.2;992;j
RS;tcainc992j;p26p27;2000;166290.2;992;j
RS;tcainc992j;p26p27;2001;162330.59;992;j
RS;tcainc992j;p26p27;2002;163587.8;992;j
RS;tcainc992j;p26p27;2003;168744.09;992;j
RS;tcainc992j;p26p27;2004;192823.0;992;j
RS;tcainc992j;p26p27;2005;214799.59;992;j
RS;tcainc992j;p26p27;2006;214679.2;992;j
RS;tcainc992j;p26p27;2007;211607.5;992;j
RS;tcainc992j;p26p27;2008;218560.3;992;j
RS;tcainc992j;p26p27;2009;205872.5;992;j
RS;tcainc992j;p26p27;2010;190011.0;992;j
RS;tcainc992j;p26p27;2011;175955.09;992;j
RS;tcainc992j;p26p27;2012;180673.7;992;j
RS;tcainc992j;p26p27;2013;156841.7;992;j
RS;tcainc992j;p26p27;2014;175695.2;992;j
RS;tcainc992j;p26p27;2015;159657.8;992;j
RS;tcainc992j;p26p27;2016;165663.8;992;j
RS;tcainc992j;p26p27;2017;165607.7;992;j
RS;tcainc992j;p32p100;1990;299133.19;992;j
RS;tcainc992j;p32p100;1991;261182.8;992;j
RS;tcainc992j;p32p100;1992;179926.91;992;j
RS;tcainc992j;p32p100;1993;117277.8;992;j
RS;tcainc992j;p32p100;1994;121526.6;992;j
RS;tcainc992j;p32p100;1995;129065.4;992;j
RS;tcainc992j;p32p100;1996;131309.09;992;j
RS;tcainc992j;p32p100;1997;139729.91;992;j
RS;tcainc992j;p32p100;1998;151719.91;992;j
RS;tcainc992j;p32p100;1999;172509.2;992;j
RS;tcainc992j;p32p100;2000;185944.3;992;j
RS;tcainc992j;p32p100;2001;180361.59;992;j
RS;tcainc992j;p32p100;2002;185390.2;992;j
RS;tcainc992j;p32p100;2003;192922.7;992;j
RS;tcainc992j;p32p100;2004;225055.2;992;j
RS;tcainc992j;p32p100;2005;251745.91;992;j
RS;tcainc992j;p32p100;2006;256950.5;992;j
RS;tcainc992j;p32p100;2007;255278.91;992;j
RS;tcainc992j;p32p100;2008;268346.91;992;j
RS;tcainc992j;p32p100;2009;258935.41;992;j
RS;tcainc992j;p32p100;2010;247827.3;992;j
RS;tcainc992j;p32p100;2011;238532.3;992;j
RS;tcainc992j;p32p100;2012;233331.8;992;j
RS;tcainc992j;p32p100;2013;224037.41;992;j
RS;tcainc992j;p32p100;2014;228063.91;992;j
RS;tcainc992j;p32p100;2015;218363.8;992;j
RS;tcainc992j;p32p100;2016;226673.3;992;j
RS;tcainc992j;p32p100;2017;226523.5;992;j
RS;tcainc992j;p37p100;1990;340533.5;992;j
RS;tcainc992j;p37p100;1991;296596.91;992;j
RS;tcainc992j;p37p100;1992;203788.91;992;j
RS;tcainc992j;p37p100;1993;132362.09;992;j
RS;tcainc992j;p37p100;1994;136801.3;992;j
RS;tcainc992j;p37p100;1995;144826.41;992;j
RS;tcainc992j;p37p100;1996;146669.5;992;j
RS;tcainc992j;p37p100;1997;155386.41;992;j
RS;tcainc992j;p37p100;1998;165402.5;992;j
RS;tcainc992j;p37p100;1999;188040.7;992;j
RS;tcainc992j;p37p100;2000;201651.09;992;j
RS;tcainc992j;p37p100;2001;196493.3;992;j
RS;tcainc992j;p37p100;2002;200961.2;992;j
RS;tcainc992j;p37p100;2003;210688.2;992;j
RS;tcainc992j;p37p100;2004;245971.2;992;j
RS;tcainc992j;p37p100;2005;274120.09;992;j
RS;tcainc992j;p37p100;2006;284849.59;992;j
RS;tcainc992j;p37p100;2007;283086.31;992;j
RS;tcainc992j;p37p100;2008;298689.81;992;j
RS;tcainc992j;p37p100;2009;290920.5;992;j
RS;tcainc992j;p37p100;2010;283703.31;992;j
RS;tcainc992j;p37p100;2011;279530.31;992;j
RS;tcainc992j;p37p100;2012;272839.31;992;j
RS;tcainc992j;p37p100;2013;269945.0;992;j
RS;tcainc992j;p37p100;2014;270023.19;992;j
RS;tcainc992j;p37p100;2015;263925.0;992;j
RS;tcainc992j;p37p100;2016;273816.91;992;j
RS;tcainc992j;p37p100;2017;273812.0;992;j
RS;tcainc992j;p40p100;1990;359841.0;992;j
RS;tcainc992j;p40p100;1991;313343.0;992;j
RS;tcainc992j;p40p100;1992;215169.91;992;j
RS;tcainc992j;p40p100;1993;139791.59;992;j
RS;tcainc992j;p40p100;1994;144227.59;992;j
RS;tcainc992j;p40p100;1995;152392.41;992;j
RS;tcainc992j;p40p100;1996;154237.0;992;j
RS;tcainc992j;p40p100;1997;163334.7;992;j
RS;tcainc992j;p40p100;1998;174833.41;992;j
RS;tcainc992j;p40p100;1999;199305.59;992;j
RS;tcainc992j;p40p100;2000;213901.2;992;j
RS;tcainc992j;p40p100;2001;207393.41;992;j
RS;tcainc992j;p40p100;2002;214849.09;992;j
RS;tcainc992j;p40p100;2003;224018.91;992;j
RS;tcainc992j;p40p100;2004;262555.5;992;j
RS;tcainc992j;p40p100;2005;293895.19;992;j
RS;tcainc992j;p40p100;2006;303718.59;992;j
RS;tcainc992j;p40p100;2007;301423.31;992;j
RS;tcainc992j;p40p100;2008;320403.31;992;j
RS;tcainc992j;p40p100;2009;312846.91;992;j
RS;tcainc992j;p40p100;2010;305560.0;992;j
RS;tcainc992j;p40p100;2011;303106.09;992;j
RS;tcainc992j;p40p100;2012;294005.5;992;j
RS;tcainc992j;p40p100;2013;296271.69;992;j
RS;tcainc992j;p40p100;2014;293059.81;992;j
RS;tcainc992j;p40p100;2015;289150.09;992;j
RS;tcainc992j;p40p100;2016;299816.09;992;j
RS;tcainc992j;p40p100;2017;300015.19;992;j
RS;tcainc992j;p50p100;1990;434297.59;992;j
RS;tcainc992j;p50p100;1991;378035.41;992;j
RS;tcainc992j;p50p100;1992;259286.0;992;j
RS;tcainc992j;p50p100;1993;168386.8;992;j
RS;tcainc992j;p50p100;1994;173662.2;992;j
RS;tcainc992j;p50p100;1995;183285.09;992;j
RS;tcainc992j;p50p100;1996;185189.3;992;j
RS;tcainc992j;p50p100;1997;195720.2;992;j
RS;tcainc992j;p50p100;1998;209541.0;992;j
RS;tcainc992j;p50p100;1999;238566.59;992;j
RS;tcainc992j;p50p100;2000;256755.09;992;j
RS;tcainc992j;p50p100;2001;248336.09;992;j
RS;tcainc992j;p50p100;2002;258826.91;992;j
RS;tcainc992j;p50p100;2003;269731.19;992;j
RS;tcainc992j;p50p100;2004;321512.0;992;j
RS;tcainc992j;p50p100;2005;357735.69;992;j
RS;tcainc992j;p50p100;2006;373978.59;992;j
RS;tcainc992j;p50p100;2007;374150.0;992;j
RS;tcainc992j;p50p100;2008;398989.5;992;j
RS;tcainc992j;p50p100;2009;391713.31;992;j
RS;tcainc992j;p50p100;2010;385367.5;992;j
RS;tcainc992j;p50p100;2011;384621.69;992;j
RS;tcainc992j;p50p100;2012;377160.31;992;j
RS;tcainc992j;p50p100;2013;389343.41;992;j
RS;tcainc992j;p50p100;2014;371716.19;992;j
RS;tcainc992j;p50p100;2015;371500.0;992;j
RS;tcainc992j;p50p100;2016;385287.91;992;j
RS;tcainc992j;p50p100;2017;385459.41;992;j
RS;tcainc992j;p7p8;1990;86417.297;992;j
RS;tcainc992j;p7p8;1991;75407.797;992;j
RS;tcainc992j;p7p8;1992;51580.199;992;j
RS;tcainc992j;p7p8;1993;33824.0;992;j
RS;tcainc992j;p7p8;1994;35875.301;992;j
RS;tcainc992j;p7p8;1995;38314.699;992;j
RS;tcainc992j;p7p8;1996;39886.199;992;j
RS;tcainc992j;p7p8;1997;42890.301;992;j
RS;tcainc992j;p7p8;1998;51792.102;992;j
RS;tcainc992j;p7p8;1999;60666.0;992;j
RS;tcainc992j;p7p8;2000;61756.699;992;j
RS;tcainc992j;p7p8;2001;59226.5;992;j
RS;tcainc992j;p7p8;2002;45734.801;992;j
RS;tcainc992j;p7p8;2003;49420.898;992;j
RS;tcainc992j;p7p8;2004;49456.801;992;j
RS;tcainc992j;p7p8;2005;52059.699;992;j
RS;tcainc992j;p7p8;2006;43921.801;992;j
RS;tcainc992j;p7p8;2007;33860.102;992;j
RS;tcainc992j;p7p8;2008;35941.301;992;j
RS;tcainc992j;p7p8;2009;38176.102;992;j
RS;tcainc992j;p7p8;2010;33870.5;992;j
RS;tcainc992j;p7p8;2011;28011.1;992;j
RS;tcainc992j;p7p8;2012;22697.4;992;j
RS;tcainc992j;p7p8;2013;43802.199;992;j
RS;tcainc992j;p7p8;2014;80465.602;992;j
RS;tcainc992j;p7p8;2015;56063.898;992;j
RS;tcainc992j;p7p8;2016;58236.602;992;j
RS;tcainc992j;p7p8;2017;58170.5;992;j
RS;tcainc992j;p99.994p99.995;1990;27248026.0;992;j
RS;tcainc992j;p99.994p99.995;1991;22509986.0;992;j
RS;tcainc992j;p99.994p99.995;1992;14464509.0;992;j
RS;tcainc992j;p99.994p99.995;1993;9014865.0;992;j
RS;tcainc992j;p99.994p99.995;1994;9025469.0;992;j
RS;tcainc992j;p99.994p99.995;1995;9299683.0;992;j
RS;tcainc992j;p99.994p99.995;1996;9037151.0;992;j
RS;tcainc992j;p99.994p99.995;1997;9167699.0;992;j
RS;tcainc992j;p99.994p99.995;1998;10620556.0;992;j
RS;tcainc992j;p99.994p99.995;1999;14282417.0;992;j
RS;tcainc992j;p99.994p99.995;2000;16557306.0;992;j
RS;tcainc992j;p99.994p99.995;2001;18205524.0;992;j
RS;tcainc992j;p99.994p99.995;2002;18362382.0;992;j
RS;tcainc992j;p99.994p99.995;2003;19192188.0;992;j
RS;tcainc992j;p99.994p99.995;2004;23295570.0;992;j
RS;tcainc992j;p99.994p99.995;2005;28373330.0;992;j
RS;tcainc992j;p99.994p99.995;2006;28392764.0;992;j
RS;tcainc992j;p99.994p99.995;2007;25280548.0;992;j
RS;tcainc992j;p99.994p99.995;2008;24598810.0;992;j
RS;tcainc992j;p99.994p99.995;2009;28839540.0;992;j
RS;tcainc992j;p99.994p99.995;2010;28137348.0;992;j
RS;tcainc992j;p99.994p99.995;2011;28130376.0;992;j
RS;tcainc992j;p99.994p99.995;2012;39887672.0;992;j
RS;tcainc992j;p99.994p99.995;2013;32581846.0;992;j
RS;tcainc992j;p99.994p99.995;2014;52573708.0;992;j
RS;tcainc992j;p99.994p99.995;2015;77176912.0;992;j
RS;tcainc992j;p99.994p99.995;2016;80086888.0;992;j
RS;tcainc992j;p99.994p99.995;2017;80265816.0;992;j
RS;tdiinc992j;p70p71;1990;852890.13;992;j
RS;tdiinc992j;p70p71;1991;742340.31;992;j
RS;tdiinc992j;p70p71;1992;507472.81;992;j
RS;tdiinc992j;p70p71;1993;328730.0;992;j
RS;tdiinc992j;p70p71;1994;338067.19;992;j
RS;tdiinc992j;p70p71;1995;356414.69;992;j
RS;tdiinc992j;p70p71;1996;359507.09;992;j
RS;tdiinc992j;p70p71;1997;381202.41;992;j
RS;tdiinc992j;p70p71;1998;398553.69;992;j
RS;tdiinc992j;p70p71;1999;430033.0;992;j
RS;tdiinc992j;p70p71;2000;467604.31;992;j
RS;tdiinc992j;p70p71;2001;462285.59;992;j
RS;tdiinc992j;p70p71;2002;500406.91;992;j
RS;tdiinc992j;p70p71;2003;527667.81;992;j
RS;tdiinc992j;p70p71;2004;596457.81;992;j
RS;tdiinc992j;p70p71;2005;661972.38;992;j
RS;tdiinc992j;p70p71;2006;698619.31;992;j
RS;tdiinc992j;p70p71;2007;726437.31;992;j
RS;tdiinc992j;p70p71;2008;778861.0;992;j
RS;tdiinc992j;p70p71;2009;757024.88;992;j
RS;tdiinc992j;p70p71;2010;760591.13;992;j
RS;tdiinc992j;p70p71;2011;761076.31;992;j
RS;tdiinc992j;p70p71;2012;756462.69;992;j
RS;tdiinc992j;p70p71;2013;793865.13;992;j
RS;tdiinc992j;p70p71;2014;746491.38;992;j
RS;tdiinc992j;p70p71;2015;726459.63;992;j
RS;tdiinc992j;p70p71;2016;749260.69;992;j
RS;tdiinc992j;p70p71;2017;753760.31;992;j
RS;tdiinc992j;p91p92;1990;1293473.9;992;j
RS;tdiinc992j;p91p92;1991;1121772.0;992;j
RS;tdiinc992j;p91p92;1992;766869.13;992;j
RS;tdiinc992j;p91p92;1993;495440.19;992;j
RS;tdiinc992j;p91p92;1994;508730.59;992;j
RS;tdiinc992j;p91p92;1995;535211.5;992;j
RS;tdiinc992j;p91p92;1996;538323.63;992;j
RS;tdiinc992j;p91p92;1997;568937.0;992;j
RS;tdiinc992j;p91p92;1998;602640.63;992;j
RS;tdiinc992j;p91p92;1999;659072.31;992;j
RS;tdiinc992j;p91p92;2000;717899.19;992;j
RS;tdiinc992j;p91p92;2001;714668.81;992;j
RS;tdiinc992j;p91p92;2002;775938.81;992;j
RS;tdiinc992j;p91p92;2003;828949.13;992;j
RS;tdiinc992j;p91p92;2004;958093.88;992;j
RS;tdiinc992j;p91p92;2005;1084010.4;992;j
RS;tdiinc992j;p91p92;2006;1158590.1;992;j
RS;tdiinc992j;p91p92;2007;1204928.4;992;j
RS;tdiinc992j;p91p92;2008;1291657.5;992;j
RS;tdiinc992j;p91p92;2009;1271970.9;992;j
RS;tdiinc992j;p91p92;2010;1307455.0;992;j
RS;tdiinc992j;p91p92;2011;1340912.4;992;j
RS;tdiinc992j;p91p92;2012;1297510.8;992;j
RS;tdiinc992j;p91p92;2013;1348911.1;992;j
RS;tdiinc992j;p91p92;2014;1252786.5;992;j
RS;tdiinc992j;p91p92;2015;1237844.0;992;j
RS;tdiinc992j;p91p92;2016;1283471.5;992;j
RS;tdiinc992j;p91p92;2017;1292126.4;992;j
RS;tdiinc992j;p99.999p100;1990;94063784.0;992;j
RS;tdiinc992j;p99.999p100;1991;76161640.0;992;j
RS;tdiinc992j;p99.999p100;1992;47526256.0;992;j
RS;tdiinc992j;p99.999p100;1993;28994628.0;992;j
RS;tdiinc992j;p99.999p100;1994;28624900.0;992;j
RS;tdiinc992j;p99.999p100;1995;29134800.0;992;j
RS;tdiinc992j;p99.999p100;1996;27946356.0;992;j
RS;tdiinc992j;p99.999p100;1997;28029560.0;992;j
RS;tdiinc992j;p99.999p100;1998;32003044.0;992;j
RS;tdiinc992j;p99.999p100;1999;44092768.0;992;j
RS;tdiinc992j;p99.999p100;2000;51171204.0;992;j
RS;tdiinc992j;p99.999p100;2001;59902468.0;992;j
RS;tdiinc992j;p99.999p100;2002;59490164.0;992;j
RS;tdiinc992j;p99.999p100;2003;62179992.0;992;j
RS;tdiinc992j;p99.999p100;2004;71311656.0;992;j
RS;tdiinc992j;p99.999p100;2005;86743504.0;992;j
RS;tdiinc992j;p99.999p100;2006;83113936.0;992;j
RS;tdiinc992j;p99.999p100;2007;72571592.0;992;j
RS;tdiinc992j;p99.999p100;2008;66612152.0;992;j
RS;tdiinc992j;p99.999p100;2009;82912136.0;992;j
RS;tdiinc992j;p99.999p100;2010;78169784.0;992;j
RS;tdiinc992j;p99.999p100;2011;76453072.0;992;j
RS;tdiinc992j;p99.999p100;2012;124440032.0;992;j
RS;tdiinc992j;p99.999p100;2013;93001680.0;992;j
RS;tdiinc992j;p99.999p100;2014;186660704.0;992;j
RS;tdiinc992j;p99.999p100;2015;309582272.0;992;j
RS;tdiinc992j;p99.999p100;2016;323495296.0;992;j
RS;tdiinc992j;p99.999p100;2017;326459712.0;992;j
RS;tptinc992j;p33p100;1990;415500.19;992;j
RS;tptinc992j;p33p100;1991;359797.91;992;j
RS;tptinc992j;p33p100;1992;246120.8;992;j
RS;tptinc992j;p33p100;1993;159311.59;992;j
RS;tptinc992j;p33p100;1994;163889.5;992;j
RS;tptinc992j;p33p100;1995;172471.0;992;j
RS;tptinc992j;p33p100;1996;173897.09;992;j
RS;tptinc992j;p33p100;1997;184262.5;992;j
RS;tptinc992j;p33p100;1998;191418.7;992;j
RS;tptinc992j;p33p100;1999;209002.2;992;j
RS;tptinc992j;p33p100;2000;227092.59;992;j
RS;tptinc992j;p33p100;2001;224978.8;992;j
RS;tptinc992j;p33p100;2002;239126.7;992;j
RS;tptinc992j;p33p100;2003;246849.0;992;j
RS;tptinc992j;p33p100;2004;269635.69;992;j
RS;tptinc992j;p33p100;2005;292907.91;992;j
RS;tptinc992j;p33p100;2006;300482.5;992;j
RS;tptinc992j;p33p100;2007;315871.09;992;j
RS;tptinc992j;p33p100;2008;325409.81;992;j
RS;tptinc992j;p33p100;2009;311662.0;992;j
RS;tptinc992j;p33p100;2010;300844.19;992;j
RS;tptinc992j;p33p100;2011;284012.41;992;j
RS;tptinc992j;p33p100;2012;283253.59;992;j
RS;tptinc992j;p33p100;2013;290786.69;992;j
RS;tptinc992j;p33p100;2014;271934.09;992;j
RS;tptinc992j;p33p100;2015;290566.69;992;j
RS;tptinc992j;p33p100;2016;299465.81;992;j
RS;tptinc992j;p33p100;2017;301024.69;992;j
RS;tptinc992j;p81p82;1990;1070818.5;992;j
RS;tptinc992j;p81p82;1991;926767.31;992;j
RS;tptinc992j;p81p82;1992;632772.63;992;j
RS;tptinc992j;p81p82;1993;408765.09;992;j
RS;tptinc992j;p81p82;1994;419238.5;992;j
RS;tptinc992j;p81p82;1995;441382.09;992;j
RS;tptinc992j;p81p82;1996;444123.31;992;j
RS;tptinc992j;p81p82;1997;470148.5;992;j
RS;tptinc992j;p81p82;1998;487500.31;992;j
RS;tptinc992j;p81p82;1999;530341.5;992;j
RS;tptinc992j;p81p82;2000;575859.13;992;j
RS;tptinc992j;p81p82;2001;570356.88;992;j
RS;tptinc992j;p81p82;2002;622698.69;992;j
RS;tptinc992j;p81p82;2003;654470.5;992;j
RS;tptinc992j;p81p82;2004;738544.69;992;j
RS;tptinc992j;p81p82;2005;828870.31;992;j
RS;tptinc992j;p81p82;2006;878930.81;992;j
RS;tptinc992j;p81p82;2007;928090.13;992;j
RS;tptinc992j;p81p82;2008;1000881.6;992;j
RS;tptinc992j;p81p82;2009;980319.13;992;j
RS;tptinc992j;p81p82;2010;981578.38;992;j
RS;tptinc992j;p81p82;2011;988136.19;992;j
RS;tptinc992j;p81p82;2012;1011690.1;992;j
RS;tptinc992j;p81p82;2013;1037477.4;992;j
RS;tptinc992j;p81p82;2014;989155.81;992;j
RS;tptinc992j;p81p82;2015;985100.13;992;j
RS;tptinc992j;p81p82;2016;1015472.9;992;j
RS;tptinc992j;p81p82;2017;1021173.5;992;j
RS;tptinc992j;p99.991p99.992;1990;32997514.0;992;j
RS;tptinc992j;p99.991p99.992;1991;29555242.0;992;j
RS;tptinc992j;p99.991p99.992;1992;20674772.0;992;j
RS;tptinc992j;p99.991p99.992;1993;13815741.0;992;j
RS;tptinc992j;p99.991p99.992;1994;14500656.0;992;j
RS;tptinc992j;p99.991p99.992;1995;15758298.0;992;j
RS;tptinc992j;p99.991p99.992;1996;16219713.0;992;j
RS;tptinc992j;p99.991p99.992;1997;17574988.0;992;j
RS;tptinc992j;p99.991p99.992;1998;18349940.0;992;j
RS;tptinc992j;p99.991p99.992;1999;21602626.0;992;j
RS;tptinc992j;p99.991p99.992;2000;25503992.0;992;j
RS;tptinc992j;p99.991p99.992;2001;27298522.0;992;j
RS;tptinc992j;p99.991p99.992;2002;28843794.0;992;j
RS;tptinc992j;p99.991p99.992;2003;29653032.0;992;j
RS;tptinc992j;p99.991p99.992;2004;34428652.0;992;j
RS;tptinc992j;p99.991p99.992;2005;37373968.0;992;j
RS;tptinc992j;p99.991p99.992;2006;39935180.0;992;j
RS;tptinc992j;p99.991p99.992;2007;37988016.0;992;j
RS;tptinc992j;p99.991p99.992;2008;41397956.0;992;j
RS;tptinc992j;p99.991p99.992;2009;40260872.0;992;j
RS;tptinc992j;p99.991p99.992;2010;39863688.0;992;j
RS;tptinc992j;p99.991p99.992;2011;42207404.0;992;j
RS;tptinc992j;p99.991p99.992;2012;34266880.0;992;j
RS;tptinc992j;p99.991p99.992;2013;37642936.0;992;j
RS;tptinc992j;p99.991p99.992;2014;54601656.0;992;j
RS;tptinc992j;p99.991p99.992;2015;53144900.0;992;j
RS;tptinc992j;p99.991p99.992;2016;54847036.0;992;j
RS;tptinc992j;p99.991p99.992;2017;55237756.0;992;j
RS;acainc992j;p0p99;1990;482137.69;992;j
RS;acainc992j;p0p99;1991;419156.81;992;j
RS;acainc992j;p0p99;1992;287396.69;992;j
RS;acainc992j;p0p99;1993;186436.91;992;j
RS;acainc992j;p0p99;1994;192057.59;992;j
RS;acainc992j;p0p99;1995;202723.5;992;j
RS;acainc992j;p0p99;1996;204534.09;992;j
RS;acainc992j;p0p99;1997;215990.91;992;j
RS;acainc992j;p0p99;1998;236470.5;992;j
RS;acainc992j;p0p99;1999;268466.41;992;j
RS;acainc992j;p0p99;2000;289706.59;992;j
RS;acainc992j;p0p99;2001;280913.91;992;j
RS;acainc992j;p0p99;2002;292956.41;992;j
RS;acainc992j;p0p99;2003;309004.69;992;j
RS;acainc992j;p0p99;2004;368718.0;992;j
RS;acainc992j;p0p99;2005;418288.0;992;j
RS;acainc992j;p0p99;2006;440715.31;992;j
RS;acainc992j;p0p99;2007;441888.09;992;j
RS;acainc992j;p0p99;2008;474164.31;992;j
RS;acainc992j;p0p99;2009;466065.69;992;j
RS;acainc992j;p0p99;2010;467189.31;992;j
RS;acainc992j;p0p99;2011;471052.91;992;j
RS;acainc992j;p0p99;2012;463384.31;992;j
RS;acainc992j;p0p99;2013;479257.59;992;j
RS;acainc992j;p0p99;2014;460289.31;992;j
RS;acainc992j;p0p99;2015;449159.5;992;j
RS;acainc992j;p0p99;2016;465818.19;992;j
RS;acainc992j;p0p99;2017;466143.59;992;j
RS;acainc992j;p29p30;1990;276878.91;992;j
RS;acainc992j;p29p30;1991;243057.7;992;j
RS;acainc992j;p29p30;1992;168303.3;992;j
RS;acainc992j;p29p30;1993;110223.5;992;j
RS;acainc992j;p29p30;1994;114707.9;992;j
RS;acainc992j;p29p30;1995;122183.4;992;j
RS;acainc992j;p29p30;1996;124515.0;992;j
RS;acainc992j;p29p30;1997;132798.91;992;j
RS;acainc992j;p29p30;1998;145325.2;992;j
RS;acainc992j;p29p30;1999;164855.41;992;j
RS;acainc992j;p29p30;2000;177762.5;992;j
RS;acainc992j;p29p30;2001;173332.3;992;j
RS;acainc992j;p29p30;2002;177549.8;992;j
RS;acainc992j;p29p30;2003;183005.59;992;j
RS;acainc992j;p29p30;2004;211974.91;992;j
RS;acainc992j;p29p30;2005;237244.41;992;j
RS;acainc992j;p29p30;2006;241052.41;992;j
RS;acainc992j;p29p30;2007;239786.3;992;j
RS;acainc992j;p29p30;2008;248120.59;992;j
RS;acainc992j;p29p30;2009;238240.2;992;j
RS;acainc992j;p29p30;2010;224338.41;992;j
RS;acainc992j;p29p30;2011;211348.2;992;j
RS;acainc992j;p29p30;2012;213017.09;992;j
RS;acainc992j;p29p30;2013;199170.59;992;j
RS;acainc992j;p29p30;2014;212790.2;992;j
RS;acainc992j;p29p30;2015;198776.91;992;j
RS;acainc992j;p29p30;2016;206207.5;992;j
RS;acainc992j;p29p30;2017;206265.41;992;j
RS;acainc992j;p66p100;1990;943910.38;992;j
RS;acainc992j;p66p100;1991;816627.38;992;j
RS;acainc992j;p66p100;1992;557251.0;992;j
RS;acainc992j;p66p100;1993;360308.81;992;j
RS;acainc992j;p66p100;1994;369944.59;992;j
RS;acainc992j;p66p100;1995;389296.59;992;j
RS;acainc992j;p66p100;1996;390842.91;992;j
RS;acainc992j;p66p100;1997;410714.5;992;j
RS;acainc992j;p66p100;1998;450586.69;992;j
RS;acainc992j;p66p100;1999;516090.0;992;j
RS;acainc992j;p66p100;2000;564230.13;992;j
RS;acainc992j;p66p100;2001;552136.13;992;j
RS;acainc992j;p66p100;2002;586824.38;992;j
RS;acainc992j;p66p100;2003;621782.88;992;j
RS;acainc992j;p66p100;2004;755730.31;992;j
RS;acainc992j;p66p100;2005;870196.63;992;j
RS;acainc992j;p66p100;2006;930318.81;992;j
RS;acainc992j;p66p100;2007;932742.0;992;j
RS;acainc992j;p66p100;2008;1005894.4;992;j
RS;acainc992j;p66p100;2009;1003987.4;992;j
RS;acainc992j;p66p100;2010;1026490.8;992;j
RS;acainc992j;p66p100;2011;1052349.8;992;j
RS;acainc992j;p66p100;2012;1057717.4;992;j
RS;acainc992j;p66p100;2013;1086350.3;992;j
RS;acainc992j;p66p100;2014;1041717.3;992;j
RS;acainc992j;p66p100;2015;1081646.5;992;j
RS;acainc992j;p66p100;2016;1121700.3;992;j
RS;acainc992j;p66p100;2017;1122929.9;992;j
RS;acainc992j;p90p100;1990;1483730.3;992;j
RS;acainc992j;p90p100;1991;1281319.3;992;j
RS;acainc992j;p90p100;1992;873742.19;992;j
RS;acainc992j;p90p100;1993;565569.38;992;j
RS;acainc992j;p90p100;1994;581144.88;992;j
RS;acainc992j;p90p100;1995;612132.63;992;j
RS;acainc992j;p90p100;1996;613441.38;992;j
RS;acainc992j;p90p100;1997;643424.63;992;j
RS;acainc992j;p90p100;1998;713839.69;992;j
RS;acainc992j;p90p100;1999;831383.0;992;j
RS;acainc992j;p90p100;2000;927254.69;992;j
RS;acainc992j;p90p100;2001;919750.19;992;j
RS;acainc992j;p90p100;2002;982010.63;992;j
RS;acainc992j;p90p100;2003;1038051.1;992;j
RS;acainc992j;p90p100;2004;1265234.5;992;j
RS;acainc992j;p90p100;2005;1472748.6;992;j
RS;acainc992j;p90p100;2006;1586610.3;992;j
RS;acainc992j;p90p100;2007;1576241.9;992;j
RS;acainc992j;p90p100;2008;1699294.4;992;j
RS;acainc992j;p90p100;2009;1713930.8;992;j
RS;acainc992j;p90p100;2010;1771911.8;992;j
RS;acainc992j;p90p100;2011;1833022.8;992;j
RS;acainc992j;p90p100;2012;1863552.9;992;j
RS;acainc992j;p90p100;2013;1877130.5;992;j
RS;acainc992j;p90p100;2014;1861305.9;992;j
RS;acainc992j;p90p100;2015;2026045.3;992;j
RS;acainc992j;p90p100;2016;2101243.0;992;j
RS;acainc992j;p90p100;2017;2104075.0;992;j
RS;acainc992j;p92p93;1990;995172.63;992;j
RS;acainc992j;p92p93;1991;863405.5;992;j
RS;acainc992j;p92p93;1992;590946.88;992;j
RS;acainc992j;p92p93;1993;382306.59;992;j
RS;acainc992j;p92p93;1994;392865.41;992;j
RS;acainc992j;p92p93;1995;413625.19;992;j
RS;acainc992j;p92p93;1996;416047.81;992;j
RS;acainc992j;p92p93;1997;438015.59;992;j
RS;acainc992j;p92p93;1998;481694.09;992;j
RS;acainc992j;p92p93;1999;547066.31;992;j
RS;acainc992j;p92p93;2000;593498.81;992;j
RS;acainc992j;p92p93;2001;577464.0;992;j
RS;acainc992j;p92p93;2002;614097.88;992;j
RS;acainc992j;p92p93;2003;656892.5;992;j
RS;acainc992j;p92p93;2004;805441.88;992;j
RS;acainc992j;p92p93;2005;930449.38;992;j
RS;acainc992j;p92p93;2006;999018.19;992;j
RS;acainc992j;p92p93;2007;1009691.2;992;j
RS;acainc992j;p92p93;2008;1093813.4;992;j
RS;acainc992j;p92p93;2009;1082098.9;992;j
RS;acainc992j;p92p93;2010;1119282.4;992;j
RS;acainc992j;p92p93;2011;1156804.8;992;j
RS;acainc992j;p92p93;2012;1116689.3;992;j
RS;acainc992j;p92p93;2013;1163279.3;992;j
RS;acainc992j;p92p93;2014;1070901.6;992;j
RS;acainc992j;p92p93;2015;1061279.9;992;j
RS;acainc992j;p92p93;2016;1100592.9;992;j
RS;acainc992j;p92p93;2017;1101816.8;992;j
RS;aconfc992i;p0p100;1980;89622.203;992;i
RS;aconfc992i;p0p100;1981;86852.602;992;i
RS;aconfc992i;p0p100;1982;104057.0;992;i
RS;aconfc992i;p0p100;1983;108313.5;992;i
RS;aconfc992i;p0p100;1984;102921.8;992;i
RS;aconfc992i;p0p100;1985;97715.203;992;i
RS;aconfc992i;p0p100;1986;94115.5;992;i
RS;aconfc992i;p0p100;1987;111514.8;992;i
RS;aconfc992i;p0p100;1988;107034.7;992;i
RS;aconfc992i;p0p100;1989;106399.8;992;i
RS;aconfc992i;p0p100;1990;98574.0;992;i
RS;aconfc992i;p0p100;1991;90571.0;992;i
RS;aconfc992i;p0p100;1992;79892.5;992;i
RS;aconfc992i;p0p100;1993;71325.0;992;i
RS;aconfc992i;p0p100;1994;67824.703;992;i
RS;aconfc992i;p0p100;1995;69070.797;992;i
RS;aconfc992i;p0p100;1996;73942.602;992;i
RS;aconfc992i;p0p100;1997;81610.797;992;i
RS;aconfc992i;p0p100;1998;75965.5;992;i
RS;aconfc992i;p0p100;1999;95000.5;992;i
RS;aconfc992i;p0p100;2000;92340.602;992;i
RS;aconfc992i;p0p100;2001;117081.7;992;i
RS;aconfc992i;p0p100;2002;117672.1;992;i
RS;aconfc992i;p0p100;2003;117181.2;992;i
RS;aconfc992i;p0p100;2004;108127.2;992;i
RS;aconfc992i;p0p100;2005;109183.3;992;i
RS;aconfc992i;p0p100;2006;111601.8;992;i
RS;aconfc992i;p0p100;2007;125932.6;992;i
RS;aconfc992i;p0p100;2008;130288.8;992;i
RS;aconfc992i;p0p100;2009;129838.2;992;i
RS;aconfc992i;p0p100;2010;128298.9;992;i
RS;aconfc992i;p0p100;2011;128709.1;992;i
RS;aconfc992i;p0p100;2012;130743.8;992;i
RS;aconfc992i;p0p100;2013;132879.5;992;i
RS;aconfc992i;p0p100;2014;135361.41;992;i
RS;aconfc992i;p0p100;2015;138789.7;992;i
RS;aconfc992i;p0p100;2016;143747.2;992;i
RS;aconfc992i;p0p100;2017;149378.5;992;i
RS;aconfc992i;p0p100;2018;156052.3;992;i
RS;aconfc992i;p0p100;2019;163315.09;992;i
RS;adiinc992j;p3p4;1990;129817.1;992;j
RS;adiinc992j;p3p4;1991;112753.6;992;j
RS;adiinc992j;p3p4;1992;77426.102;992;j
RS;adiinc992j;p3p4;1993;50303.199;992;j
RS;adiinc992j;p3p4;1994;51463.199;992;j
RS;adiinc992j;p3p4;1995;53675.199;992;j
RS;adiinc992j;p3p4;1996;53269.898;992;j
RS;adiinc992j;p3p4;1997;55965.0;992;j
RS;adiinc992j;p3p4;1998;56526.602;992;j
RS;adiinc992j;p3p4;1999;60522.398;992;j
RS;adiinc992j;p3p4;2000;66618.898;992;j
RS;adiinc992j;p3p4;2001;66365.602;992;j
RS;adiinc992j;p3p4;2002;59229.301;992;j
RS;adiinc992j;p3p4;2003;61501.699;992;j
RS;adiinc992j;p3p4;2004;65060.398;992;j
RS;adiinc992j;p3p4;2005;69795.203;992;j
RS;adiinc992j;p3p4;2006;70254.398;992;j
RS;adiinc992j;p3p4;2007;70969.0;992;j
RS;adiinc992j;p3p4;2008;80016.602;992;j
RS;adiinc992j;p3p4;2009;81518.297;992;j
RS;adiinc992j;p3p4;2010;81180.797;992;j
RS;adiinc992j;p3p4;2011;74239.398;992;j
RS;adiinc992j;p3p4;2012;70810.398;992;j
RS;adiinc992j;p3p4;2013;97853.0;992;j
RS;adiinc992j;p3p4;2014;142423.91;992;j
RS;adiinc992j;p3p4;2015;114647.6;992;j
RS;adiinc992j;p3p4;2016;110749.6;992;j
RS;adiinc992j;p3p4;2017;110561.2;992;j
RS;adiinc992j;p4p100;1990;760688.38;992;j
RS;adiinc992j;p4p100;1991;660450.81;992;j
RS;adiinc992j;p4p100;1992;452249.5;992;j
RS;adiinc992j;p4p100;1993;293252.0;992;j
RS;adiinc992j;p4p100;1994;301999.31;992;j
RS;adiinc992j;p4p100;1995;318716.59;992;j
RS;adiinc992j;p4p100;1996;321274.59;992;j
RS;adiinc992j;p4p100;1997;340552.59;992;j
RS;adiinc992j;p4p100;1998;358279.41;992;j
RS;adiinc992j;p4p100;1999;392370.91;992;j
RS;adiinc992j;p4p100;2000;431433.69;992;j
RS;adiinc992j;p4p100;2001;430731.91;992;j
RS;adiinc992j;p4p100;2002;463700.31;992;j
RS;adiinc992j;p4p100;2003;486911.69;992;j
RS;adiinc992j;p4p100;2004;548162.88;992;j
RS;adiinc992j;p4p100;2005;611382.63;992;j
RS;adiinc992j;p4p100;2006;645448.19;992;j
RS;adiinc992j;p4p100;2007;666020.38;992;j
RS;adiinc992j;p4p100;2008;709027.5;992;j
RS;adiinc992j;p4p100;2009;696258.5;992;j
RS;adiinc992j;p4p100;2010;698175.63;992;j
RS;adiinc992j;p4p100;2011;700769.5;992;j
RS;adiinc992j;p4p100;2012;699938.81;992;j
RS;adiinc992j;p4p100;2013;715732.5;992;j
RS;adiinc992j;p4p100;2014;699744.69;992;j
RS;adiinc992j;p4p100;2015;705850.0;992;j
RS;adiinc992j;p4p100;2016;728018.31;992;j
RS;adiinc992j;p4p100;2017;732357.13;992;j
RS;adiinc992j;p5p6;1990;147330.2;992;j
RS;adiinc992j;p5p6;1991;128226.5;992;j
RS;adiinc992j;p5p6;1992;87941.297;992;j
RS;adiinc992j;p5p6;1993;57280.5;992;j
RS;adiinc992j;p5p6;1994;59834.199;992;j
RS;adiinc992j;p5p6;1995;64456.801;992;j
RS;adiinc992j;p5p6;1996;65719.203;992;j
RS;adiinc992j;p5p6;1997;71048.703;992;j
RS;adiinc992j;p5p6;1998;75493.0;992;j
RS;adiinc992j;p5p6;1999;80651.398;992;j
RS;adiinc992j;p5p6;2000;87233.797;992;j
RS;adiinc992j;p5p6;2001;86614.797;992;j
RS;adiinc992j;p5p6;2002;81372.398;992;j
RS;adiinc992j;p5p6;2003;85320.0;992;j
RS;adiinc992j;p5p6;2004;84544.5;992;j
RS;adiinc992j;p5p6;2005;86691.602;992;j
RS;adiinc992j;p5p6;2006;81649.5;992;j
RS;adiinc992j;p5p6;2007;80733.5;992;j
RS;adiinc992j;p5p6;2008;89895.398;992;j
RS;adiinc992j;p5p6;2009;89618.102;992;j
RS;adiinc992j;p5p6;2010;85879.898;992;j
RS;adiinc992j;p5p6;2011;79055.0;992;j
RS;adiinc992j;p5p6;2012;76017.703;992;j
RS;adiinc992j;p5p6;2013;101629.0;992;j
RS;adiinc992j;p5p6;2014;145697.8;992;j
RS;adiinc992j;p5p6;2015;118273.9;992;j
RS;adiinc992j;p5p6;2016;114572.0;992;j
RS;adiinc992j;p5p6;2017;114385.1;992;j
RS;adiinc992j;p71p72;1990;877558.0;992;j
RS;adiinc992j;p71p72;1991;763083.38;992;j
RS;adiinc992j;p71p72;1992;522210.31;992;j
RS;adiinc992j;p71p72;1993;338198.19;992;j
RS;adiinc992j;p71p72;1994;347738.41;992;j
RS;adiinc992j;p71p72;1995;366565.81;992;j
RS;adiinc992j;p71p72;1996;369608.69;992;j
RS;adiinc992j;p71p72;1997;391831.41;992;j
RS;adiinc992j;p71p72;1998;409687.91;992;j
RS;adiinc992j;p71p72;1999;443212.69;992;j
RS;adiinc992j;p71p72;2000;481312.19;992;j
RS;adiinc992j;p71p72;2001;476335.31;992;j
RS;adiinc992j;p71p72;2002;514998.69;992;j
RS;adiinc992j;p71p72;2003;542806.69;992;j
RS;adiinc992j;p71p72;2004;615500.31;992;j
RS;adiinc992j;p71p72;2005;682028.81;992;j
RS;adiinc992j;p71p72;2006;720792.0;992;j
RS;adiinc992j;p71p72;2007;747925.19;992;j
RS;adiinc992j;p71p72;2008;801453.31;992;j
RS;adiinc992j;p71p72;2009;783119.63;992;j
RS;adiinc992j;p71p72;2010;785206.19;992;j
RS;adiinc992j;p71p72;2011;782763.31;992;j
RS;adiinc992j;p71p72;2012;780446.88;992;j
RS;adiinc992j;p71p72;2013;817935.81;992;j
RS;adiinc992j;p71p72;2014;769900.31;992;j
RS;adiinc992j;p71p72;2015;748711.63;992;j
RS;adiinc992j;p71p72;2016;772661.13;992;j
RS;adiinc992j;p71p72;2017;777254.5;992;j
RS;ansrhn999i;p0p100;1997;14839.3;999;i
RS;ansrhn999i;p0p100;1998;13598.7;999;i
RS;ansrhn999i;p0p100;1999;20652.1;999;i
RS;ansrhn999i;p0p100;2000;21583.801;999;i
RS;ansrhn999i;p0p100;2001;21711.4;999;i
RS;ansrhn999i;p0p100;2002;21138.4;999;i
RS;ansrhn999i;p0p100;2003;25578.1;999;i
RS;ansrhn999i;p0p100;2004;26755.6;999;i
RS;ansrhn999i;p0p100;2005;29023.301;999;i
RS;ansrhn999i;p0p100;2006;31861.199;999;i
RS;ansrhn999i;p0p100;2007;33322.602;999;i
RS;ansrhn999i;p0p100;2008;33063.0;999;i
RS;ansrhn999i;p0p100;2009;37294.602;999;i
RS;ansrhn999i;p0p100;2010;38385.898;999;i
RS;ansrhn999i;p0p100;2011;39351.602;999;i
RS;aprgco992i;p0p100;1997;-859.09998;992;i
RS;aprgco992i;p0p100;1998;36614.699;992;i
RS;aprgco992i;p0p100;1999;54935.398;992;i
RS;aprgco992i;p0p100;2000;67362.602;992;i
RS;aprgco992i;p0p100;2001;51461.898;992;i
RS;aprgco992i;p0p100;2002;43099.102;992;i
RS;aprgco992i;p0p100;2003;31954.4;992;i
RS;aprgco992i;p0p100;2004;67624.703;992;i
RS;aprgco992i;p0p100;2005;77577.203;992;i
RS;aprgco992i;p0p100;2006;84762.0;992;i
RS;aprgco992i;p0p100;2007;78435.898;992;i
RS;aprgco992i;p0p100;2008;77626.703;992;i
RS;aprgco992i;p0p100;2009;91234.5;992;i
RS;aprgco992i;p0p100;2010;92471.398;992;i
RS;aprgco992i;p0p100;2011;104380.0;992;i
RS;aprpho999i;p0p100;1997;1470.6;999;i
RS;aprpho999i;p0p100;1998;3089.3999;999;i
RS;aprpho999i;p0p100;1999;2667.6001;999;i
RS;aprpho999i;p0p100;2000;4801.0;999;i
RS;aprpho999i;p0p100;2001;3956.5;999;i
RS;aprpho999i;p0p100;2002;1054.7;999;i
RS;aprpho999i;p0p100;2003;2551.0;999;i
RS;aprpho999i;p0p100;2004;698.70001;999;i
RS;aprpho999i;p0p100;2005;8138.8999;999;i
RS;aprpho999i;p0p100;2006;2968.8999;999;i
RS;aprpho999i;p0p100;2007;3450.5;999;i
RS;aprpho999i;p0p100;2008;11770.2;999;i
RS;aprpho999i;p0p100;2009;744.90002;999;i
RS;aprpho999i;p0p100;2010;3463.1001;999;i
RS;aprpho999i;p0p100;2011;5153.0;999;i
RS;aptinc992j;p23p24;1990;289463.91;992;j
RS;aptinc992j;p23p24;1991;250367.41;992;j
RS;aptinc992j;p23p24;1992;171153.59;992;j
RS;aptinc992j;p23p24;1993;110698.5;992;j
RS;aptinc992j;p23p24;1994;113753.4;992;j
RS;aptinc992j;p23p24;1995;119866.9;992;j
RS;aptinc992j;p23p24;1996;120731.9;992;j
RS;aptinc992j;p23p24;1997;127773.7;992;j
RS;aptinc992j;p23p24;1998;139260.5;992;j
RS;aptinc992j;p23p24;1999;151184.09;992;j
RS;aptinc992j;p23p24;2000;162364.5;992;j
RS;aptinc992j;p23p24;2001;160765.09;992;j
RS;aptinc992j;p23p24;2002;164438.8;992;j
RS;aptinc992j;p23p24;2003;166862.5;992;j
RS;aptinc992j;p23p24;2004;177690.8;992;j
RS;aptinc992j;p23p24;2005;190286.7;992;j
RS;aptinc992j;p23p24;2006;190390.7;992;j
RS;aptinc992j;p23p24;2007;191889.41;992;j
RS;aptinc992j;p23p24;2008;191445.91;992;j
RS;aptinc992j;p23p24;2009;180428.7;992;j
RS;aptinc992j;p23p24;2010;172963.59;992;j
RS;aptinc992j;p23p24;2011;152771.0;992;j
RS;aptinc992j;p23p24;2012;138412.09;992;j
RS;aptinc992j;p23p24;2013;142740.09;992;j
RS;aptinc992j;p23p24;2014;130567.3;992;j
RS;aptinc992j;p23p24;2015;141430.3;992;j
RS;aptinc992j;p23p24;2016;145930.91;992;j
RS;aptinc992j;p23p24;2017;146515.5;992;j
RS;aptinc992j;p51p52;1990;614646.38;992;j
RS;aptinc992j;p51p52;1991;531361.19;992;j
RS;aptinc992j;p51p52;1992;362222.91;992;j
RS;aptinc992j;p51p52;1993;233828.8;992;j
RS;aptinc992j;p51p52;1994;239773.0;992;j
RS;aptinc992j;p51p52;1995;251898.09;992;j
RS;aptinc992j;p51p52;1996;253179.41;992;j
RS;aptinc992j;p51p52;1997;267522.59;992;j
RS;aptinc992j;p51p52;1998;277404.59;992;j
RS;aptinc992j;p51p52;1999;303178.0;992;j
RS;aptinc992j;p51p52;2000;328469.0;992;j
RS;aptinc992j;p51p52;2001;326096.0;992;j
RS;aptinc992j;p51p52;2002;349944.5;992;j
RS;aptinc992j;p51p52;2003;366340.81;992;j
RS;aptinc992j;p51p52;2004;406054.19;992;j
RS;aptinc992j;p51p52;2005;446459.0;992;j
RS;aptinc992j;p51p52;2006;470614.91;992;j
RS;aptinc992j;p51p52;2007;488793.59;992;j
RS;aptinc992j;p51p52;2008;519089.41;992;j
RS;aptinc992j;p51p52;2009;508938.91;992;j
RS;aptinc992j;p51p52;2010;498096.0;992;j
RS;aptinc992j;p51p52;2011;493061.19;992;j
RS;aptinc992j;p51p52;2012;496477.31;992;j
RS;aptinc992j;p51p52;2013;515910.81;992;j
RS;aptinc992j;p51p52;2014;486703.69;992;j
RS;aptinc992j;p51p52;2015;503398.91;992;j
RS;aptinc992j;p51p52;2016;518805.5;992;j
RS;aptinc992j;p51p52;2017;521611.41;992;j
RS;aptinc992j;p64p65;1990;773903.19;992;j
RS;aptinc992j;p64p65;1991;669595.0;992;j
RS;aptinc992j;p64p65;1992;457416.5;992;j
RS;aptinc992j;p64p65;1993;295647.19;992;j
RS;aptinc992j;p64p65;1994;303337.31;992;j
RS;aptinc992j;p64p65;1995;318927.91;992;j
RS;aptinc992j;p64p65;1996;320639.5;992;j
RS;aptinc992j;p64p65;1997;339080.59;992;j
RS;aptinc992j;p64p65;1998;355653.91;992;j
RS;aptinc992j;p64p65;1999;385284.31;992;j
RS;aptinc992j;p64p65;2000;416910.59;992;j
RS;aptinc992j;p64p65;2001;412440.81;992;j
RS;aptinc992j;p64p65;2002;446611.69;992;j
RS;aptinc992j;p64p65;2003;468760.59;992;j
RS;aptinc992j;p64p65;2004;519711.41;992;j
RS;aptinc992j;p64p65;2005;575549.69;992;j
RS;aptinc992j;p64p65;2006;611605.81;992;j
RS;aptinc992j;p64p65;2007;639631.38;992;j
RS;aptinc992j;p64p65;2008;684650.69;992;j
RS;aptinc992j;p64p65;2009;672159.5;992;j
RS;aptinc992j;p64p65;2010;665345.19;992;j
RS;aptinc992j;p64p65;2011;662477.5;992;j
RS;aptinc992j;p64p65;2012;667777.38;992;j
RS;aptinc992j;p64p65;2013;693993.13;992;j
RS;aptinc992j;p64p65;2014;664995.88;992;j
RS;aptinc992j;p64p65;2015;675949.5;992;j
RS;aptinc992j;p64p65;2016;696678.0;992;j
RS;aptinc992j;p64p65;2017;700733.63;992;j
RS;aptinc992j;p81p82;1990;1078100.1;992;j
RS;aptinc992j;p81p82;1991;933558.31;992;j
RS;aptinc992j;p81p82;1992;637656.88;992;j
RS;aptinc992j;p81p82;1993;412299.91;992;j
RS;aptinc992j;p81p82;1994;423215.09;992;j
RS;aptinc992j;p81p82;1995;445249.19;992;j
RS;aptinc992j;p81p82;1996;447978.59;992;j
RS;aptinc992j;p81p82;1997;474115.0;992;j
RS;aptinc992j;p81p82;1998;491498.91;992;j
RS;aptinc992j;p81p82;1999;535048.5;992;j
RS;aptinc992j;p81p82;2000;580941.69;992;j
RS;aptinc992j;p81p82;2001;575017.13;992;j
RS;aptinc992j;p81p82;2002;628771.88;992;j
RS;aptinc992j;p81p82;2003;660223.5;992;j
RS;aptinc992j;p81p82;2004;744932.88;992;j
RS;aptinc992j;p81p82;2005;837180.81;992;j
RS;aptinc992j;p81p82;2006;887256.0;992;j
RS;aptinc992j;p81p82;2007;936677.13;992;j
RS;aptinc992j;p81p82;2008;1011524.3;992;j
RS;aptinc992j;p81p82;2009;991333.38;992;j
RS;aptinc992j;p81p82;2010;994851.69;992;j
RS;aptinc992j;p81p82;2011;1002445.6;992;j
RS;aptinc992j;p81p82;2012;1024439.3;992;j
RS;aptinc992j;p81p82;2013;1049564.8;992;j
RS;aptinc992j;p81p82;2014;1003171.9;992;j
RS;aptinc992j;p81p82;2015;996479.81;992;j
RS;aptinc992j;p81p82;2016;1026965.2;992;j
RS;aptinc992j;p81p82;2017;1032889.3;992;j
RS;aptinc992j;p91p92;1990;1380660.6;992;j
RS;aptinc992j;p91p92;1991;1200142.3;992;j
RS;aptinc992j;p91p92;1992;821671.81;992;j
RS;aptinc992j;p91p92;1993;533055.0;992;j
RS;aptinc992j;p91p92;1994;548217.81;992;j
RS;aptinc992j;p91p92;1995;578448.69;992;j
RS;aptinc992j;p91p92;1996;583367.5;992;j
RS;aptinc992j;p91p92;1997;618941.81;992;j
RS;aptinc992j;p91p92;1998;651950.81;992;j
RS;aptinc992j;p91p92;1999;708688.38;992;j
RS;aptinc992j;p91p92;2000;777734.13;992;j
RS;aptinc992j;p91p92;2001;772354.69;992;j
RS;aptinc992j;p91p92;2002;842512.5;992;j
RS;aptinc992j;p91p92;2003;902840.31;992;j
RS;aptinc992j;p91p92;2004;1035284.1;992;j
RS;aptinc992j;p91p92;2005;1181386.6;992;j
RS;aptinc992j;p91p92;2006;1260337.5;992;j
RS;aptinc992j;p91p92;2007;1320299.1;992;j
RS;aptinc992j;p91p92;2008;1415552.8;992;j
RS;aptinc992j;p91p92;2009;1410178.0;992;j
RS;aptinc992j;p91p92;2010;1435318.5;992;j
RS;aptinc992j;p91p92;2011;1463853.0;992;j
RS;aptinc992j;p91p92;2012;1461757.1;992;j
RS;aptinc992j;p91p92;2013;1489118.9;992;j
RS;aptinc992j;p91p92;2014;1429640.3;992;j
RS;aptinc992j;p91p92;2015;1446394.6;992;j
RS;aptinc992j;p91p92;2016;1490762.8;992;j
RS;aptinc992j;p91p92;2017;1499395.1;992;j
RS;assbhn999i;p0p100;1997;36227.398;999;i
RS;assbhn999i;p0p100;1998;48095.102;999;i
RS;assbhn999i;p0p100;1999;46371.602;999;i
RS;assbhn999i;p0p100;2000;50071.5;999;i
RS;assbhn999i;p0p100;2001;56614.199;999;i
RS;assbhn999i;p0p100;2002;74083.797;999;i
RS;assbhn999i;p0p100;2003;71979.602;999;i
RS;assbhn999i;p0p100;2004;70816.5;999;i
RS;assbhn999i;p0p100;2005;83381.203;999;i
RS;assbhn999i;p0p100;2006;95520.297;999;i
RS;assbhn999i;p0p100;2007;98524.102;999;i
RS;assbhn999i;p0p100;2008;110851.2;999;i
RS;assbhn999i;p0p100;2009;119535.7;999;i
RS;assbhn999i;p0p100;2010;119357.8;999;i
RS;assbhn999i;p0p100;2011;110236.7;999;i
RS;bcainc992j;p16p100;1990;4.0083857;992;j
RS;bcainc992j;p16p100;1991;3.9170797;992;j
RS;bcainc992j;p16p100;1992;3.8291941;992;j
RS;bcainc992j;p16p100;1993;3.7524679;992;j
RS;bcainc992j;p16p100;1994;3.6734176;992;j
RS;bcainc992j;p16p100;1995;3.605808;992;j
RS;bcainc992j;p16p100;1996;3.5470333;992;j
RS;bcainc992j;p16p100;1997;3.4756613;992;j
RS;bcainc992j;p16p100;1998;3.2152612;992;j
RS;bcainc992j;p16p100;1999;3.153116;992;j
RS;bcainc992j;p16p100;2000;3.2514329;992;j
RS;bcainc992j;p16p100;2001;3.3366377;992;j
RS;bcainc992j;p16p100;2002;3.7981093;992;j
RS;bcainc992j;p16p100;2003;3.8286283;992;j
RS;bcainc992j;p16p100;2004;4.3576193;992;j
RS;bcainc992j;p16p100;2005;4.5519948;992;j
RS;bcainc992j;p16p100;2006;5.1506567;992;j
RS;bcainc992j;p16p100;2007;5.5020757;992;j
RS;bcainc992j;p16p100;2008;5.7913079;992;j
RS;bcainc992j;p16p100;2009;6.1304827;992;j
RS;bcainc992j;p16p100;2010;7.2174392;992;j
RS;bcainc992j;p16p100;2011;8.3159485;992;j
RS;bcainc992j;p16p100;2012;8.6191225;992;j
RS;bcainc992j;p16p100;2013;9.4725733;992;j
RS;bcainc992j;p16p100;2014;6.0042081;992;j
RS;bcainc992j;p16p100;2015;8.0516682;992;j
RS;bcainc992j;p16p100;2016;8.0341549;992;j
RS;bcainc992j;p16p100;2017;8.0574837;992;j
RS;bcainc992j;p54p100;1990;1.8017153;992;j
RS;bcainc992j;p54p100;1991;1.7925138;992;j
RS;bcainc992j;p54p100;1992;1.7841645;992;j
RS;bcainc992j;p54p100;1993;1.778734;992;j
RS;bcainc992j;p54p100;1994;1.7740306;992;j
RS;bcainc992j;p54p100;1995;1.7701703;992;j
RS;bcainc992j;p54p100;1996;1.7612152;992;j
RS;bcainc992j;p54p100;1997;1.7520607;992;j
RS;bcainc992j;p54p100;1998;1.7669418;992;j
RS;bcainc992j;p54p100;1999;1.7886111;992;j
RS;bcainc992j;p54p100;2000;1.8104986;992;j
RS;bcainc992j;p54p100;2001;1.8231094;992;j
RS;bcainc992j;p54p100;2002;1.859603;992;j
RS;bcainc992j;p54p100;2003;1.8770064;992;j
RS;bcainc992j;p54p100;2004;1.9167894;992;j
RS;bcainc992j;p54p100;2005;1.9549655;992;j
RS;bcainc992j;p54p100;2006;1.9912037;992;j
RS;bcainc992j;p54p100;2007;1.9885519;992;j
RS;bcainc992j;p54p100;2008;2.0147414;992;j
RS;bcainc992j;p54p100;2009;2.0475576;992;j
RS;bcainc992j;p54p100;2010;2.1038015;992;j
RS;bcainc992j;p54p100;2011;2.149158;992;j
RS;bcainc992j;p54p100;2012;2.1731043;992;j
RS;bcainc992j;p54p100;2013;2.1959534;992;j
RS;bcainc992j;p54p100;2014;2.1884565;992;j
RS;bcainc992j;p54p100;2015;2.2841983;992;j
RS;bcainc992j;p54p100;2016;2.2846167;992;j
RS;bcainc992j;p54p100;2017;2.2856987;992;j
RS;bcainc992j;p97p100;1990;1.8090782;992;j
RS;bcainc992j;p97p100;1991;1.788524;992;j
RS;bcainc992j;p97p100;1992;1.7648075;992;j
RS;bcainc992j;p97p100;1993;1.7533596;992;j
RS;bcainc992j;p97p100;1994;1.7451897;992;j
RS;bcainc992j;p97p100;1995;1.7389265;992;j
RS;bcainc992j;p97p100;1996;1.725805;992;j
RS;bcainc992j;p97p100;1997;1.7121799;992;j
RS;bcainc992j;p97p100;1998;1.7338288;992;j
RS;bcainc992j;p97p100;1999;1.8060712;992;j
RS;bcainc992j;p97p100;2000;1.8486631;992;j
RS;bcainc992j;p97p100;2001;1.9085037;992;j
RS;bcainc992j;p97p100;2002;1.8901885;992;j
RS;bcainc992j;p97p100;2003;1.8738219;992;j
RS;bcainc992j;p97p100;2004;1.8656679;992;j
RS;bcainc992j;p97p100;2005;1.8908309;992;j
RS;bcainc992j;p97p100;2006;1.8659459;992;j
RS;bcainc992j;p97p100;2007;1.8102076;992;j
RS;bcainc992j;p97p100;2008;1.7718928;992;j
RS;bcainc992j;p97p100;2009;1.8409566;992;j
RS;bcainc992j;p97p100;2010;1.8201706;992;j
RS;bcainc992j;p97p100;2011;1.809387;992;j
RS;bcainc992j;p97p100;2012;1.9895748;992;j
RS;bcainc992j;p97p100;2013;1.8702275;992;j
RS;bcainc992j;p97p100;2014;2.1800323;992;j
RS;bcainc992j;p97p100;2015;2.5230374;992;j
RS;bcainc992j;p97p100;2016;2.5232933;992;j
RS;bcainc992j;p97p100;2017;2.5248508;992;j
RS;bdiinc992j;p40p100;1990;1.9337957;992;j
RS;bdiinc992j;p40p100;1991;1.9256519;992;j
RS;bdiinc992j;p40p100;1992;1.917411;992;j
RS;bdiinc992j;p40p100;1993;1.9108418;992;j
RS;bdiinc992j;p40p100;1994;1.9042591;992;j
RS;bdiinc992j;p40p100;1995;1.8988671;992;j
RS;bdiinc992j;p40p100;1996;1.8878676;992;j
RS;bdiinc992j;p40p100;1997;1.8753405;992;j
RS;bdiinc992j;p40p100;1998;1.9266137;992;j
RS;bdiinc992j;p40p100;1999;1.9448051;992;j
RS;bdiinc992j;p40p100;2000;1.9573786;992;j
RS;bdiinc992j;p40p100;2001;1.9654561;992;j
RS;bdiinc992j;p40p100;2002;1.9886703;992;j
RS;bdiinc992j;p40p100;2003;2.0130978;992;j
RS;bdiinc992j;p40p100;2004;2.0715699;992;j
RS;bdiinc992j;p40p100;2005;2.1146691;992;j
RS;bdiinc992j;p40p100;2006;2.1701739;992;j
RS;bdiinc992j;p40p100;2007;2.1772325;992;j
RS;bdiinc992j;p40p100;2008;2.1983266;992;j
RS;bdiinc992j;p40p100;2009;2.2368643;992;j
RS;bdiinc992j;p40p100;2010;2.3093815;992;j
RS;bdiinc992j;p40p100;2011;2.3751593;992;j
RS;bdiinc992j;p40p100;2012;2.432446;992;j
RS;bdiinc992j;p40p100;2013;2.4753654;992;j
RS;bdiinc992j;p40p100;2014;2.4035344;992;j
RS;bdiinc992j;p40p100;2015;2.4810886;992;j
RS;bdiinc992j;p40p100;2016;2.514257;992;j
RS;bdiinc992j;p40p100;2017;2.5179272;992;j
RS;bdiinc992j;p85p100;1990;1.5491958;992;j
RS;bdiinc992j;p85p100;1991;1.547529;992;j
RS;bdiinc992j;p85p100;1992;1.5466577;992;j
RS;bdiinc992j;p85p100;1993;1.5508986;992;j
RS;bdiinc992j;p85p100;1994;1.5534358;992;j
RS;bdiinc992j;p85p100;1995;1.5573788;992;j
RS;bdiinc992j;p85p100;1996;1.5551711;992;j
RS;bdiinc992j;p85p100;1997;1.5520874;992;j
RS;bdiinc992j;p85p100;1998;1.5908215;992;j
RS;bdiinc992j;p85p100;1999;1.6301607;992;j
RS;bdiinc992j;p85p100;2000;1.6777819;992;j
RS;bdiinc992j;p85p100;2001;1.7106718;992;j
RS;bdiinc992j;p85p100;2002;1.716911;992;j
RS;bdiinc992j;p85p100;2003;1.7051655;992;j
RS;bdiinc992j;p85p100;2004;1.7156962;992;j
RS;bdiinc992j;p85p100;2005;1.7379373;992;j
RS;bdiinc992j;p85p100;2006;1.7468473;992;j
RS;bdiinc992j;p85p100;2007;1.7170066;992;j
RS;bdiinc992j;p85p100;2008;1.7111012;992;j
RS;bdiinc992j;p85p100;2009;1.7227691;992;j
RS;bdiinc992j;p85p100;2010;1.7563454;992;j
RS;bdiinc992j;p85p100;2011;1.7728851;992;j
RS;bdiinc992j;p85p100;2012;1.79387;992;j
RS;bdiinc992j;p85p100;2013;1.7414694;992;j
RS;bdiinc992j;p85p100;2014;1.8478957;992;j
RS;bdiinc992j;p85p100;2015;1.99796;992;j
RS;bdiinc992j;p85p100;2016;2.0070655;992;j
RS;bdiinc992j;p85p100;2017;2.0088201;992;j
RS;bptinc992j;p68p100;1990;1.6815336;992;j
RS;bptinc992j;p68p100;1991;1.693101;992;j
RS;bptinc992j;p68p100;1992;1.7032144;992;j
RS;bptinc992j;p68p100;1993;1.7143489;992;j
RS;bptinc992j;p68p100;1994;1.7250626;992;j
RS;bptinc992j;p68p100;1995;1.737519;992;j
RS;bptinc992j;p68p100;1996;1.7449912;992;j
RS;bptinc992j;p68p100;1997;1.752893;992;j
RS;bptinc992j;p68p100;1998;1.7596442;992;j
RS;bptinc992j;p68p100;1999;1.7828114;992;j
RS;bptinc992j;p68p100;2000;1.8258969;992;j
RS;bptinc992j;p68p100;2001;1.8435861;992;j
RS;bptinc992j;p68p100;2002;1.8551699;992;j
RS;bptinc992j;p68p100;2003;1.866269;992;j
RS;bptinc992j;p68p100;2004;1.9158486;992;j
RS;bptinc992j;p68p100;2005;1.9528265;992;j
RS;bptinc992j;p68p100;2006;1.9572312;992;j
RS;bptinc992j;p68p100;2007;1.9232868;992;j
RS;bptinc992j;p68p100;2008;1.9276478;992;j
RS;bptinc992j;p68p100;2009;1.9486958;992;j
RS;bptinc992j;p68p100;2010;2.0003359;992;j
RS;bptinc992j;p68p100;2011;2.0355608;992;j
RS;bptinc992j;p68p100;2012;2.0179112;992;j
RS;bptinc992j;p68p100;2013;1.9863807;992;j
RS;bptinc992j;p68p100;2014;2.0645382;992;j
RS;bptinc992j;p68p100;2015;2.0304205;992;j
RS;bptinc992j;p68p100;2016;2.0312121;992;j
RS;bptinc992j;p68p100;2017;2.0333579;992;j
RS;mnmxhn999i;p0p100;1997;379724791808.0;999;i
RS;mnmxhn999i;p0p100;1998;364704530432.0;999;i
RS;mnmxhn999i;p0p100;1999;375777263616.0;999;i
RS;mnmxhn999i;p0p100;2000;437865611264.0;999;i
RS;mnmxhn999i;p0p100;2001;436787412992.0;999;i
RS;mnmxhn999i;p0p100;2002;363139858432.0;999;i
RS;mnmxhn999i;p0p100;2003;303496232960.0;999;i
RS;mnmxhn999i;p0p100;2004;334965178368.0;999;i
RS;mnmxhn999i;p0p100;2005;358477987840.0;999;i
RS;mnmxhn999i;p0p100;2006;475614117888.0;999;i
RS;mnmxhn999i;p0p100;2007;497529716736.0;999;i
RS;mnmxhn999i;p0p100;2008;548494376960.0;999;i
RS;mnmxhn999i;p0p100;2009;503051681792.0;999;i
RS;mnmxhn999i;p0p100;2010;514338652160.0;999;i
RS;mnmxhn999i;p0p100;2011;581035687936.0;999;i
RS;mtiwgo999i;p0p100;1997;119478206464.0;999;i
RS;mtiwgo999i;p0p100;1998;99797680128.0;999;i
RS;mtiwgo999i;p0p100;1999;62307438592.0;999;i
RS;mtiwgo999i;p0p100;2000;65246982144.0;999;i
RS;mtiwgo999i;p0p100;2001;148235780096.0;999;i
RS;mtiwgo999i;p0p100;2002;199901429760.0;999;i
RS;mtiwgo999i;p0p100;2003;173365739520.0;999;i
RS;mtiwgo999i;p0p100;2004;208576659456.0;999;i
RS;mtiwgo999i;p0p100;2005;220970532864.0;999;i
RS;mtiwgo999i;p0p100;2006;254915166208.0;999;i
RS;mtiwgo999i;p0p100;2007;240945201152.0;999;i
RS;mtiwgo999i;p0p100;2008;254656249856.0;999;i
RS;mtiwgo999i;p0p100;2009;206594768896.0;999;i
RS;mtiwgo999i;p0p100;2010;199312785408.0;999;i
RS;mtiwgo999i;p0p100;2011;264366096384.0;999;i
RS;mtprgo999i;p0p100;1997;256209649664.0;999;i
RS;mtprgo999i;p0p100;1998;291537813504.0;999;i
RS;mtprgo999i;p0p100;1999;227875422208.0;999;i
RS;mtprgo999i;p0p100;2000;249114951680.0;999;i
RS;mtprgo999i;p0p100;2001;407807590400.0;999;i
RS;mtprgo999i;p0p100;2002;552940929024.0;999;i
RS;mtprgo999i;p0p100;2003;600405901312.0;999;i
RS;mtprgo999i;p0p100;2004;630138667008.0;999;i
RS;mtprgo999i;p0p100;2005;728718508032.0;999;i
RS;mtprgo999i;p0p100;2006;706406514688.0;999;i
RS;mtprgo999i;p0p100;2007;764616900608.0;999;i
RS;mtprgo999i;p0p100;2008;825581305856.0;999;i
RS;mtprgo999i;p0p100;2009;800116703232.0;999;i
RS;mtprgo999i;p0p100;2010;818936741888.0;999;i
RS;mtprgo999i;p0p100;2011;720136306688.0;999;i
RS;npopul991f;p0p100;1950;1278023.0;991;f
RS;npopul991f;p0p100;1951;1298122.0;991;f
RS;npopul991f;p0p100;1952;1311395.0;991;f
RS;npopul991f;p0p100;1953;1323241.0;991;f
RS;npopul991f;p0p100;1954;1333583.0;991;f
RS;npopul991f;p0p100;1955;1341435.0;991;f
RS;npopul991f;p0p100;1956;1345868.0;991;f
RS;npopul991f;p0p100;1957;1348872.0;991;f
RS;npopul991f;p0p100;1958;1352177.0;991;f
RS;npopul991f;p0p100;1959;1358195.0;991;f
RS;npopul991f;p0p100;1960;1368120.0;991;f
RS;npopul991f;p0p100;1961;1374544.0;991;f
RS;npopul991f;p0p100;1962;1389873.0;991;f
RS;npopul991f;p0p100;1963;1408266.0;991;f
RS;npopul991f;p0p100;1964;1422078.0;991;f
RS;npopul991f;p0p100;1965;1427497.0;991;f
RS;npopul991f;p0p100;1966;1432808.0;991;f
RS;npopul991f;p0p100;1967;1428712.0;991;f
RS;npopul991f;p0p100;1968;1418243.0;991;f
RS;npopul991f;p0p100;1969;1406440.0;991;f
RS;npopul991f;p0p100;1970;1396107.0;991;f
RS;npopul991f;p0p100;1971;1385408.0;991;f
RS;npopul991f;p0p100;1972;1375050.0;991;f
RS;npopul991f;p0p100;1973;1366498.0;991;f
RS;npopul991f;p0p100;1974;1360873.0;991;f
RS;npopul991f;p0p100;1975;1359038.0;991;f
RS;npopul991f;p0p100;1976;1363164.0;991;f
RS;npopul991f;p0p100;1977;1371218.0;991;f
RS;npopul991f;p0p100;1978;1381950.0;991;f
RS;npopul991f;p0p100;1979;1393315.0;991;f
RS;npopul991f;p0p100;1980;1403729.0;991;f
RS;npopul991f;p0p100;1981;1414840.0;991;f
RS;npopul991f;p0p100;1982;1424407.0;991;f
RS;npopul991f;p0p100;1983;1432622.0;991;f
RS;npopul991f;p0p100;1984;1439995.0;991;f
RS;npopul991f;p0p100;1985;1446727.0;991;f
RS;npopul991f;p0p100;1986;1451253.0;991;f
RS;npopul991f;p0p100;1987;1455181.0;991;f
RS;npopul991f;p0p100;1988;1458462.0;991;f
RS;npopul991f;p0p100;1989;1461142.0;991;f
RS;npopul991f;p0p100;1990;1463455.0;991;f
RS;npopul991f;p0p100;1991;1468503.0;991;f
RS;npopul991f;p0p100;1992;1471925.0;991;f
RS;npopul991f;p0p100;1993;1471757.0;991;f
RS;npopul991f;p0p100;1994;1465509.0;991;f
RS;npopul991f;p0p100;1995;1451266.0;991;f
RS;npopul991f;p0p100;1996;1418260.0;991;f
RS;npopul991f;p0p100;1997;1381739.0;991;f
RS;npopul991f;p0p100;1998;1344208.0;991;f
RS;npopul991f;p0p100;1999;1030010.0;991;f
RS;npopul991f;p0p100;2000;1012049.0;991;f
RS;npopul991f;p0p100;2001;998680.0;991;f
RS;npopul991f;p0p100;2002;986811.0;991;f
RS;npopul991f;p0p100;2003;972370.0;991;f
RS;npopul991f;p0p100;2004;957078.0;991;f
RS;npopul991f;p0p100;2005;939905.0;991;f
RS;npopul991f;p0p100;2006;921367.0;991;f
RS;npopul991f;p0p100;2007;901621.0;991;f
RS;npopul991f;p0p100;2008;881626.0;991;f
RS;npopul991f;p0p100;2009;862866.0;991;f
RS;npopul991f;p0p100;2010;845582.0;991;f
RS;npopul991f;p0p100;2011;823744.0;991;f
RS;npopul991f;p0p100;2012;805244.0;991;f
RS;npopul991f;p0p100;2013;787969.0;991;f
RS;npopul991f;p0p100;2014;772139.0;991;f
RS;npopul991f;p0p100;2015;757687.0;991;f
RS;npopul991f;p0p100;2016;746308.0;991;f
RS;npopul991f;p0p100;2017;738718.0;991;f
RS;npopul991f;p0p100;2018;731651.0;991;f
RS;npopul991f;p0p100;2019;723916.0;991;f
RS;scainc992j;p49p100;1990;0.78130001;992;j
RS;scainc992j;p49p100;1991;0.77950001;992;j
RS;scainc992j;p49p100;1992;0.77759999;992;j
RS;scainc992j;p49p100;1993;0.77590001;992;j
RS;scainc992j;p49p100;1994;0.77420002;992;j
RS;scainc992j;p49p100;1995;0.77249998;992;j
RS;scainc992j;p49p100;1996;0.77039999;992;j
RS;scainc992j;p49p100;1997;0.7683;992;j
RS;scainc992j;p49p100;1998;0.76670003;992;j
RS;scainc992j;p49p100;1999;0.76700002;992;j
RS;scainc992j;p49p100;2000;0.76990002;992;j
RS;scainc992j;p49p100;2001;0.77130002;992;j
RS;scainc992j;p49p100;2002;0.78240001;992;j
RS;scainc992j;p49p100;2003;0.78539997;992;j
RS;scainc992j;p49p100;2004;0.79570001;992;j
RS;scainc992j;p49p100;2005;0.80080003;992;j
RS;scainc992j;p49p100;2006;0.80930001;992;j
RS;scainc992j;p49p100;2007;0.81300002;992;j
RS;scainc992j;p49p100;2008;0.81709999;992;j
RS;scainc992j;p49p100;2009;0.8215;992;j
RS;scainc992j;p49p100;2010;0.83160001;992;j
RS;scainc992j;p49p100;2011;0.8405;992;j
RS;scainc992j;p49p100;2012;0.84380001;992;j
RS;scainc992j;p49p100;2013;0.847;992;j
RS;scainc992j;p49p100;2014;0.82749999;992;j
RS;scainc992j;p49p100;2015;0.84329998;992;j
RS;scainc992j;p49p100;2016;0.84320003;992;j
RS;scainc992j;p49p100;2017;0.8434;992;j
RS;scainc992j;p52p100;1990;0.75599998;992;j
RS;scainc992j;p52p100;1991;0.75400001;992;j
RS;scainc992j;p52p100;1992;0.75209999;992;j
RS;scainc992j;p52p100;1993;0.75040001;992;j
RS;scainc992j;p52p100;1994;0.74860001;992;j
RS;scainc992j;p52p100;1995;0.74690002;992;j
RS;scainc992j;p52p100;1996;0.74479997;992;j
RS;scainc992j;p52p100;1997;0.74260002;992;j
RS;scainc992j;p52p100;1998;0.74159998;992;j
RS;scainc992j;p52p100;1999;0.74199998;992;j
RS;scainc992j;p52p100;2000;0.74510002;992;j
RS;scainc992j;p52p100;2001;0.74659997;992;j
RS;scainc992j;p52p100;2002;0.7579;992;j
RS;scainc992j;p52p100;2003;0.76109999;992;j
RS;scainc992j;p52p100;2004;0.77139997;992;j
RS;scainc992j;p52p100;2005;0.77710003;992;j
RS;scainc992j;p52p100;2006;0.78570002;992;j
RS;scainc992j;p52p100;2007;0.78930002;992;j
RS;scainc992j;p52p100;2008;0.79360002;992;j
RS;scainc992j;p52p100;2009;0.79820001;992;j
RS;scainc992j;p52p100;2010;0.80879998;992;j
RS;scainc992j;p52p100;2011;0.81800002;992;j
RS;scainc992j;p52p100;2012;0.82160002;992;j
RS;scainc992j;p52p100;2013;0.8247;992;j
RS;scainc992j;p52p100;2014;0.80559999;992;j
RS;scainc992j;p52p100;2015;0.82169998;992;j
RS;scainc992j;p52p100;2016;0.82169998;992;j
RS;scainc992j;p52p100;2017;0.82179999;992;j
RS;scainc992j;p54p55;1990;0.0089999996;992;j
RS;scainc992j;p54p55;1991;0.0089999996;992;j
RS;scainc992j;p54p55;1992;0.0089999996;992;j
RS;scainc992j;p54p55;1993;0.0089999996;992;j
RS;scainc992j;p54p55;1994;0.0089999996;992;j
RS;scainc992j;p54p55;1995;0.0089999996;992;j
RS;scainc992j;p54p55;1996;0.0091000004;992;j
RS;scainc992j;p54p55;1997;0.0091000004;992;j
RS;scainc992j;p54p55;1998;0.0089999996;992;j
RS;scainc992j;p54p55;1999;0.0088999998;992;j
RS;scainc992j;p54p55;2000;0.0088;992;j
RS;scainc992j;p54p55;2001;0.0088;992;j
RS;scainc992j;p54p55;2002;0.0087000001;992;j
RS;scainc992j;p54p55;2003;0.0087000001;992;j
RS;scainc992j;p54p55;2004;0.0086000003;992;j
RS;scainc992j;p54p55;2005;0.0085000005;992;j
RS;scainc992j;p54p55;2006;0.0085000005;992;j
RS;scainc992j;p54p55;2007;0.0085000005;992;j
RS;scainc992j;p54p55;2008;0.0085000005;992;j
RS;scainc992j;p54p55;2009;0.0083999997;992;j
RS;scainc992j;p54p55;2010;0.0082999999;992;j
RS;scainc992j;p54p55;2011;0.0082;992;j
RS;scainc992j;p54p55;2012;0.0081000002;992;j
RS;scainc992j;p54p55;2013;0.0081000002;992;j
RS;scainc992j;p54p55;2014;0.0080000004;992;j
RS;scainc992j;p54p55;2015;0.0077999998;992;j
RS;scainc992j;p54p55;2016;0.0077999998;992;j
RS;scainc992j;p54p55;2017;0.0077999998;992;j
RS;scainc992j;p76p100;1990;0.4989;992;j
RS;scainc992j;p76p100;1991;0.49669999;992;j
RS;scainc992j;p76p100;1992;0.49489999;992;j
RS;scainc992j;p76p100;1993;0.49360001;992;j
RS;scainc992j;p76p100;1994;0.4921;992;j
RS;scainc992j;p76p100;1995;0.49070001;992;j
RS;scainc992j;p76p100;1996;0.4885;992;j
RS;scainc992j;p76p100;1997;0.4862;992;j
RS;scainc992j;p76p100;1998;0.48719999;992;j
RS;scainc992j;p76p100;1999;0.49059999;992;j
RS;scainc992j;p76p100;2000;0.49669999;992;j
RS;scainc992j;p76p100;2001;0.5;992;j
RS;scainc992j;p76p100;2002;0.50989997;992;j
RS;scainc992j;p76p100;2003;0.51300001;992;j
RS;scainc992j;p76p100;2004;0.52289999;992;j
RS;scainc992j;p76p100;2005;0.53100002;992;j
RS;scainc992j;p76p100;2006;0.53969997;992;j
RS;scainc992j;p76p100;2007;0.5413;992;j
RS;scainc992j;p76p100;2008;0.54530001;992;j
RS;scainc992j;p76p100;2009;0.55190003;992;j
RS;scainc992j;p76p100;2010;0.56410003;992;j
RS;scainc992j;p76p100;2011;0.5747;992;j
RS;scainc992j;p76p100;2012;0.57950002;992;j
RS;scainc992j;p76p100;2013;0.57880002;992;j
RS;scainc992j;p76p100;2014;0.56800002;992;j
RS;scainc992j;p76p100;2015;0.5916;992;j
RS;scainc992j;p76p100;2016;0.5916;992;j
RS;scainc992j;p76p100;2017;0.59179997;992;j
RS;scainc992j;p99.8p100;1990;0.035500001;992;j
RS;scainc992j;p99.8p100;1991;0.034299999;992;j
RS;scainc992j;p99.8p100;1992;0.032900002;992;j
RS;scainc992j;p99.8p100;1993;0.032099999;992;j
RS;scainc992j;p99.8p100;1994;0.031599998;992;j
RS;scainc992j;p99.8p100;1995;0.031099999;992;j
RS;scainc992j;p99.8p100;1996;0.030400001;992;j
RS;scainc992j;p99.8p100;1997;0.0296;992;j
RS;scainc992j;p99.8p100;1998;0.0308;992;j
RS;scainc992j;p99.8p100;1999;0.034600001;992;j
RS;scainc992j;p99.8p100;2000;0.036899999;992;j
RS;scainc992j;p99.8p100;2001;0.040399998;992;j
RS;scainc992j;p99.8p100;2002;0.039999999;992;j
RS;scainc992j;p99.8p100;2003;0.0396;992;j
RS;scainc992j;p99.8p100;2004;0.040199999;992;j
RS;scainc992j;p99.8p100;2005;0.042300001;992;j
RS;scainc992j;p99.8p100;2006;0.041499998;992;j
RS;scainc992j;p99.8p100;2007;0.038400002;992;j
RS;scainc992j;p99.8p100;2008;0.036400001;992;j
RS;scainc992j;p99.8p100;2009;0.040800001;992;j
RS;scainc992j;p99.8p100;2010;0.040600002;992;j
RS;scainc992j;p99.8p100;2011;0.040800001;992;j
RS;scainc992j;p99.8p100;2012;0.0517;992;j
RS;scainc992j;p99.8p100;2013;0.044300001;992;j
RS;scainc992j;p99.8p100;2014;0.062600002;992;j
RS;scainc992j;p99.8p100;2015;0.086599998;992;j
RS;scainc992j;p99.8p100;2016;0.086599998;992;j
RS;scainc992j;p99.8p100;2017;0.0867;992;j
RS;sdiinc992j;p21p22;1990;0.0044;992;j
RS;sdiinc992j;p21p22;1991;0.0044999998;992;j
RS;sdiinc992j;p21p22;1992;0.0044999998;992;j
RS;sdiinc992j;p21p22;1993;0.0046000001;992;j
RS;sdiinc992j;p21p22;1994;0.0046999999;992;j
RS;sdiinc992j;p21p22;1995;0.0048000002;992;j
RS;sdiinc992j;p21p22;1996;0.0048000002;992;j
RS;sdiinc992j;p21p22;1997;0.0049000001;992;j
RS;sdiinc992j;p21p22;1998;0.0051000002;992;j
RS;sdiinc992j;p21p22;1999;0.0049999999;992;j
RS;sdiinc992j;p21p22;2000;0.0049999999;992;j
RS;sdiinc992j;p21p22;2001;0.0049999999;992;j
RS;sdiinc992j;p21p22;2002;0.0048000002;992;j
RS;sdiinc992j;p21p22;2003;0.0046999999;992;j
RS;sdiinc992j;p21p22;2004;0.0044;992;j
RS;sdiinc992j;p21p22;2005;0.0043000001;992;j
RS;sdiinc992j;p21p22;2006;0.0041;992;j
RS;sdiinc992j;p21p22;2007;0.0040000002;992;j
RS;sdiinc992j;p21p22;2008;0.0038999999;992;j
RS;sdiinc992j;p21p22;2009;0.0035999999;992;j
RS;sdiinc992j;p21p22;2010;0.0033;992;j
RS;sdiinc992j;p21p22;2011;0.003;992;j
RS;sdiinc992j;p21p22;2012;0.0031000001;992;j
RS;sdiinc992j;p21p22;2013;0.0026;992;j
RS;sdiinc992j;p21p22;2014;0.0031000001;992;j
RS;sdiinc992j;p21p22;2015;0.0027000001;992;j
RS;sdiinc992j;p21p22;2016;0.0027000001;992;j
RS;sdiinc992j;p21p22;2017;0.0026;992;j
RS;sdiinc992j;p99.994p100;1990;0.0063999998;992;j
RS;sdiinc992j;p99.994p100;1991;0.0059000002;992;j
RS;sdiinc992j;p99.994p100;1992;0.0054000001;992;j
RS;sdiinc992j;p99.994p100;1993;0.0049999999;992;j
RS;sdiinc992j;p99.994p100;1994;0.0048000002;992;j
RS;sdiinc992j;p99.994p100;1995;0.0046000001;992;j
RS;sdiinc992j;p99.994p100;1996;0.0044;992;j
RS;sdiinc992j;p99.994p100;1997;0.0041999999;992;j
RS;sdiinc992j;p99.994p100;1998;0.0044999998;992;j
RS;sdiinc992j;p99.994p100;1999;0.0057000001;992;j
RS;sdiinc992j;p99.994p100;2000;0.0060000001;992;j
RS;sdiinc992j;p99.994p100;2001;0.0071;992;j
RS;sdiinc992j;p99.994p100;2002;0.0065000001;992;j
RS;sdiinc992j;p99.994p100;2003;0.0065000001;992;j
RS;sdiinc992j;p99.994p100;2004;0.0066;992;j
RS;sdiinc992j;p99.994p100;2005;0.0073000002;992;j
RS;sdiinc992j;p99.994p100;2006;0.0065000001;992;j
RS;sdiinc992j;p99.994p100;2007;0.0055;992;j
RS;sdiinc992j;p99.994p100;2008;0.0046999999;992;j
RS;sdiinc992j;p99.994p100;2009;0.0060000001;992;j
RS;sdiinc992j;p99.994p100;2010;0.0057000001;992;j
RS;sdiinc992j;p99.994p100;2011;0.0055;992;j
RS;sdiinc992j;p99.994p100;2012;0.0091000004;992;j
RS;sdiinc992j;p99.994p100;2013;0.0066;992;j
RS;sdiinc992j;p99.994p100;2014;0.0142;992;j
RS;sdiinc992j;p99.994p100;2015;0.024900001;992;j
RS;sdiinc992j;p99.994p100;2016;0.0253;992;j
RS;sdiinc992j;p99.994p100;2017;0.0254;992;j
RS;sptinc992j;p70p80;1990;0.1296;992;j
RS;sptinc992j;p70p80;1991;0.1292;992;j
RS;sptinc992j;p70p80;1992;0.12890001;992;j
RS;sptinc992j;p70p80;1993;0.1285;992;j
RS;sptinc992j;p70p80;1994;0.12819999;992;j
RS;sptinc992j;p70p80;1995;0.1278;992;j
RS;sptinc992j;p70p80;1996;0.1276;992;j
RS;sptinc992j;p70p80;1997;0.1274;992;j
RS;sptinc992j;p70p80;1998;0.12630001;992;j
RS;sptinc992j;p70p80;1999;0.1249;992;j
RS;sptinc992j;p70p80;2000;0.1235;992;j
RS;sptinc992j;p70p80;2001;0.1225;992;j
RS;sptinc992j;p70p80;2002;0.1237;992;j
RS;sptinc992j;p70p80;2003;0.1237;992;j
RS;sptinc992j;p70p80;2004;0.1235;992;j
RS;sptinc992j;p70p80;2005;0.1233;992;j
RS;sptinc992j;p70p80;2006;0.1242;992;j
RS;sptinc992j;p70p80;2007;0.1267;992;j
RS;sptinc992j;p70p80;2008;0.1276;992;j
RS;sptinc992j;p70p80;2009;0.1276;992;j
RS;sptinc992j;p70p80;2010;0.12630001;992;j
RS;sptinc992j;p70p80;2011;0.1261;992;j
RS;sptinc992j;p70p80;2012;0.12890001;992;j
RS;sptinc992j;p70p80;2013;0.12970001;992;j
RS;sptinc992j;p70p80;2014;0.12639999;992;j
RS;sptinc992j;p70p80;2015;0.1252;992;j
RS;sptinc992j;p70p80;2016;0.1252;992;j
RS;sptinc992j;p70p80;2017;0.1252;992;j
RS;sptinc992j;p99.94p100;1990;0.021;992;j
RS;sptinc992j;p99.94p100;1991;0.0217;992;j
RS;sptinc992j;p99.94p100;1992;0.0222;992;j
RS;sptinc992j;p99.94p100;1993;0.0229;992;j
RS;sptinc992j;p99.94p100;1994;0.023399999;992;j
RS;sptinc992j;p99.94p100;1995;0.0241;992;j
RS;sptinc992j;p99.94p100;1996;0.024599999;992;j
RS;sptinc992j;p99.94p100;1997;0.0252;992;j
RS;sptinc992j;p99.94p100;1998;0.025;992;j
RS;sptinc992j;p99.94p100;1999;0.026900001;992;j
RS;sptinc992j;p99.94p100;2000;0.028899999;992;j
RS;sptinc992j;p99.94p100;2001;0.031099999;992;j
RS;sptinc992j;p99.94p100;2002;0.030400001;992;j
RS;sptinc992j;p99.94p100;2003;0.0297;992;j
RS;sptinc992j;p99.94p100;2004;0.0307;992;j
RS;sptinc992j;p99.94p100;2005;0.0297;992;j
RS;sptinc992j;p99.94p100;2006;0.030099999;992;j
RS;sptinc992j;p99.94p100;2007;0.0277;992;j
RS;sptinc992j;p99.94p100;2008;0.0284;992;j
RS;sptinc992j;p99.94p100;2009;0.028000001;992;j
RS;sptinc992j;p99.94p100;2010;0.0276;992;j
RS;sptinc992j;p99.94p100;2011;0.029100001;992;j
RS;sptinc992j;p99.94p100;2012;0.023600001;992;j
RS;sptinc992j;p99.94p100;2013;0.0253;992;j
RS;sptinc992j;p99.94p100;2014;0.038199998;992;j
RS;sptinc992j;p99.94p100;2015;0.037;992;j
RS;sptinc992j;p99.94p100;2016;0.037;992;j
RS;sptinc992j;p99.94p100;2017;0.037099998;992;j
RS;tcainc992j;p11p12;1990;122363.2;992;j
RS;tcainc992j;p11p12;1991;108300.3;992;j
RS;tcainc992j;p11p12;1992;75416.5;992;j
RS;tcainc992j;p11p12;1993;49961.0;992;j
RS;tcainc992j;p11p12;1994;52420.898;992;j
RS;tcainc992j;p11p12;1995;56432.301;992;j
RS;tcainc992j;p11p12;1996;58484.699;992;j
RS;tcainc992j;p11p12;1997;63130.0;992;j
RS;tcainc992j;p11p12;1998;76718.703;992;j
RS;tcainc992j;p11p12;1999;87624.0;992;j
RS;tcainc992j;p11p12;2000;92734.5;992;j
RS;tcainc992j;p11p12;2001;88923.602;992;j
RS;tcainc992j;p11p12;2002;82216.297;992;j
RS;tcainc992j;p11p12;2003;77998.898;992;j
RS;tcainc992j;p11p12;2004;79157.602;992;j
RS;tcainc992j;p11p12;2005;78507.398;992;j
RS;tcainc992j;p11p12;2006;72200.203;992;j
RS;tcainc992j;p11p12;2007;63249.199;992;j
RS;tcainc992j;p11p12;2008;63116.699;992;j
RS;tcainc992j;p11p12;2009;60216.699;992;j
RS;tcainc992j;p11p12;2010;50456.199;992;j
RS;tcainc992j;p11p12;2011;41000.602;992;j
RS;tcainc992j;p11p12;2012;35997.801;992;j
RS;tcainc992j;p11p12;2013;50966.199;992;j
RS;tcainc992j;p11p12;2014;87546.0;992;j
RS;tcainc992j;p11p12;2015;63151.301;992;j
RS;tcainc992j;p11p12;2016;65602.398;992;j
RS;tcainc992j;p11p12;2017;65509.398;992;j
RS;tcainc992j;p13p100;1990;135564.8;992;j
RS;tcainc992j;p13p100;1991;120253.2;992;j
RS;tcainc992j;p13p100;1992;84139.5;992;j
RS;tcainc992j;p13p100;1993;55635.5;992;j
RS;tcainc992j;p13p100;1994;58570.898;992;j
RS;tcainc992j;p13p100;1995;63019.102;992;j
RS;tcainc992j;p13p100;1996;64785.5;992;j
RS;tcainc992j;p13p100;1997;69599.5;992;j
RS;tcainc992j;p13p100;1998;83866.703;992;j
RS;tcainc992j;p13p100;1999;94829.297;992;j
RS;tcainc992j;p13p100;2000;99306.297;992;j
RS;tcainc992j;p13p100;2001;96051.602;992;j
RS;tcainc992j;p13p100;2002;87768.703;992;j
RS;tcainc992j;p13p100;2003;87678.0;992;j
RS;tcainc992j;p13p100;2004;88313.297;992;j
RS;tcainc992j;p13p100;2005;92383.398;992;j
RS;tcainc992j;p13p100;2006;87353.797;992;j
RS;tcainc992j;p13p100;2007;77814.797;992;j
RS;tcainc992j;p13p100;2008;79319.0;992;j
RS;tcainc992j;p13p100;2009;76486.5;992;j
RS;tcainc992j;p13p100;2010;65481.602;992;j
RS;tcainc992j;p13p100;2011;53357.0;992;j
RS;tcainc992j;p13p100;2012;45394.801;992;j
RS;tcainc992j;p13p100;2013;57283.398;992;j
RS;tcainc992j;p13p100;2014;93300.398;992;j
RS;tcainc992j;p13p100;2015;68818.797;992;j
RS;tcainc992j;p13p100;2016;71544.102;992;j
RS;tcainc992j;p13p100;2017;71407.797;992;j
RS;tcainc992j;p7p100;1990;86417.297;992;j
RS;tcainc992j;p7p100;1991;75407.797;992;j
RS;tcainc992j;p7p100;1992;51580.199;992;j
RS;tcainc992j;p7p100;1993;33824.0;992;j
RS;tcainc992j;p7p100;1994;35875.301;992;j
RS;tcainc992j;p7p100;1995;38314.699;992;j
RS;tcainc992j;p7p100;1996;39886.199;992;j
RS;tcainc992j;p7p100;1997;42890.301;992;j
RS;tcainc992j;p7p100;1998;51792.102;992;j
RS;tcainc992j;p7p100;1999;60666.0;992;j
RS;tcainc992j;p7p100;2000;61756.699;992;j
RS;tcainc992j;p7p100;2001;59226.5;992;j
RS;tcainc992j;p7p100;2002;45734.801;992;j
RS;tcainc992j;p7p100;2003;49420.898;992;j
RS;tcainc992j;p7p100;2004;49456.801;992;j
RS;tcainc992j;p7p100;2005;52059.699;992;j
RS;tcainc992j;p7p100;2006;43921.801;992;j
RS;tcainc992j;p7p100;2007;33860.102;992;j
RS;tcainc992j;p7p100;2008;35941.301;992;j
RS;tcainc992j;p7p100;2009;38176.102;992;j
RS;tcainc992j;p7p100;2010;33870.5;992;j
RS;tcainc992j;p7p100;2011;28011.1;992;j
RS;tcainc992j;p7p100;2012;22697.4;992;j
RS;tcainc992j;p7p100;2013;43802.199;992;j
RS;tcainc992j;p7p100;2014;80465.602;992;j
RS;tcainc992j;p7p100;2015;56063.898;992;j
RS;tcainc992j;p7p100;2016;58236.602;992;j
RS;tcainc992j;p7p100;2017;58170.5;992;j
RS;tcainc992j;p99.6p100;1990;3185737.3;992;j
RS;tcainc992j;p99.6p100;1991;2745551.0;992;j
RS;tcainc992j;p99.6p100;1992;1871643.1;992;j
RS;tcainc992j;p99.6p100;1993;1215105.8;992;j
RS;tcainc992j;p99.6p100;1994;1250156.6;992;j
RS;tcainc992j;p99.6p100;1995;1318900.0;992;j
RS;tcainc992j;p99.6p100;1996;1317538.3;992;j
RS;tcainc992j;p99.6p100;1997;1377396.4;992;j
RS;tcainc992j;p99.6p100;1998;1542040.9;992;j
RS;tcainc992j;p99.6p100;1999;1836853.1;992;j
RS;tcainc992j;p99.6p100;2000;2108620.0;992;j
RS;tcainc992j;p99.6p100;2001;2120042.8;992;j
RS;tcainc992j;p99.6p100;2002;2282422.8;992;j
RS;tcainc992j;p99.6p100;2003;2384129.8;992;j
RS;tcainc992j;p99.6p100;2004;2888610.5;992;j
RS;tcainc992j;p99.6p100;2005;3379609.3;992;j
RS;tcainc992j;p99.6p100;2006;3671794.5;992;j
RS;tcainc992j;p99.6p100;2007;3599726.0;992;j
RS;tcainc992j;p99.6p100;2008;3871699.0;992;j
RS;tcainc992j;p99.6p100;2009;3966816.3;992;j
RS;tcainc992j;p99.6p100;2010;4107318.8;992;j
RS;tcainc992j;p99.6p100;2011;4256873.5;992;j
RS;tcainc992j;p99.6p100;2012;4479224.5;992;j
RS;tcainc992j;p99.6p100;2013;4421972.5;992;j
RS;tcainc992j;p99.6p100;2014;4493438.5;992;j
RS;tcainc992j;p99.6p100;2015;4969349.0;992;j
RS;tcainc992j;p99.6p100;2016;5153885.5;992;j
RS;tcainc992j;p99.6p100;2017;5159621.0;992;j
RS;tcainc992j;p99.94p100;1990;8131917.5;992;j
RS;tcainc992j;p99.94p100;1991;6889215.0;992;j
RS;tcainc992j;p99.94p100;1992;4588532.0;992;j
RS;tcainc992j;p99.94p100;1993;2933773.3;992;j
RS;tcainc992j;p99.94p100;1994;2987367.0;992;j
RS;tcainc992j;p99.94p100;1995;3123933.0;992;j
RS;tcainc992j;p99.94p100;1996;3085431.8;992;j
RS;tcainc992j;p99.94p100;1997;3186119.0;992;j
RS;tcainc992j;p99.94p100;1998;3621239.8;992;j
RS;tcainc992j;p99.94p100;1999;4543873.0;992;j
RS;tcainc992j;p99.94p100;2000;5267454.5;992;j
RS;tcainc992j;p99.94p100;2001;5502639.5;992;j
RS;tcainc992j;p99.94p100;2002;5781832.0;992;j
RS;tcainc992j;p99.94p100;2003;6026818.5;992;j
RS;tcainc992j;p99.94p100;2004;7298351.0;992;j
RS;tcainc992j;p99.94p100;2005;8685137.0;992;j
RS;tcainc992j;p99.94p100;2006;9148345.0;992;j
RS;tcainc992j;p99.94p100;2007;8613338.0;992;j
RS;tcainc992j;p99.94p100;2008;8904820.0;992;j
RS;tcainc992j;p99.94p100;2009;9646093.0;992;j
RS;tcainc992j;p99.94p100;2010;9759979.0;992;j
RS;tcainc992j;p99.94p100;2011;9977057.0;992;j
RS;tcainc992j;p99.94p100;2012;11893358.0;992;j
RS;tcainc992j;p99.94p100;2013;10845679.0;992;j
RS;tcainc992j;p99.94p100;2014;13353363.0;992;j
RS;tcainc992j;p99.94p100;2015;16720115.0;992;j
RS;tcainc992j;p99.94p100;2016;17344850.0;992;j
RS;tcainc992j;p99.94p100;2017;17372218.0;992;j
RS;tcainc992j;p99.98p100;1990;14397269.0;992;j
RS;tcainc992j;p99.98p100;1991;12054886.0;992;j
RS;tcainc992j;p99.98p100;1992;7897162.0;992;j
RS;tcainc992j;p99.98p100;1993;4990667.0;992;j
RS;tcainc992j;p99.98p100;1994;5042644.5;992;j
RS;tcainc992j;p99.98p100;1995;5237787.0;992;j
RS;tcainc992j;p99.98p100;1996;5134225.0;992;j
RS;tcainc992j;p99.98p100;1997;5258117.5;992;j
RS;tcainc992j;p99.98p100;1998;6030706.0;992;j
RS;tcainc992j;p99.98p100;1999;7818521.0;992;j
RS;tcainc992j;p99.98p100;2000;9072571.0;992;j
RS;tcainc992j;p99.98p100;2001;9709159.0;992;j
RS;tcainc992j;p99.98p100;2002;10013153.0;992;j
RS;tcainc992j;p99.98p100;2003;10446486.0;992;j
RS;tcainc992j;p99.98p100;2004;12661559.0;992;j
RS;tcainc992j;p99.98p100;2005;15232647.0;992;j
RS;tcainc992j;p99.98p100;2006;15673561.0;992;j
RS;tcainc992j;p99.98p100;2007;14376237.0;992;j
RS;tcainc992j;p99.98p100;2008;14453856.0;992;j
RS;tcainc992j;p99.98p100;2009;16244214.0;992;j
RS;tcainc992j;p99.98p100;2010;16163983.0;992;j
RS;tcainc992j;p99.98p100;2011;16356478.0;992;j
RS;tcainc992j;p99.98p100;2012;21145590.0;992;j
RS;tcainc992j;p99.98p100;2013;18314658.0;992;j
RS;tcainc992j;p99.98p100;2014;25589544.0;992;j
RS;tcainc992j;p99.98p100;2015;34558468.0;992;j
RS;tcainc992j;p99.98p100;2016;35855220.0;992;j
RS;tcainc992j;p99.98p100;2017;35922856.0;992;j
RS;tdiinc992j;p2p100;1990;123178.3;992;j
RS;tdiinc992j;p2p100;1991;104060.8;992;j
RS;tdiinc992j;p2p100;1992;68609.898;992;j
RS;tdiinc992j;p2p100;1993;42701.898;992;j
RS;tdiinc992j;p2p100;1994;42107.301;992;j
RS;tdiinc992j;p2p100;1995;42736.5;992;j
RS;tdiinc992j;p2p100;1996;40734.699;992;j
RS;tdiinc992j;p2p100;1997;41457.199;992;j
RS;tdiinc992j;p2p100;1998;40898.699;992;j
RS;tdiinc992j;p2p100;1999;43308.102;992;j
RS;tdiinc992j;p2p100;2000;48713.699;992;j
RS;tdiinc992j;p2p100;2001;48420.102;992;j
RS;tdiinc992j;p2p100;2002;41635.898;992;j
RS;tdiinc992j;p2p100;2003;50528.5;992;j
RS;tdiinc992j;p2p100;2004;54299.398;992;j
RS;tdiinc992j;p2p100;2005;60213.199;992;j
RS;tdiinc992j;p2p100;2006;62976.801;992;j
RS;tdiinc992j;p2p100;2007;66207.0;992;j
RS;tdiinc992j;p2p100;2008;73438.797;992;j
RS;tdiinc992j;p2p100;2009;75089.398;992;j
RS;tdiinc992j;p2p100;2010;75200.203;992;j
RS;tdiinc992j;p2p100;2011;70190.203;992;j
RS;tdiinc992j;p2p100;2012;68719.602;992;j
RS;tdiinc992j;p2p100;2013;94508.297;992;j
RS;tdiinc992j;p2p100;2014;138889.3;992;j
RS;tdiinc992j;p2p100;2015;111719.6;992;j
RS;tdiinc992j;p2p100;2016;107672.4;992;j
RS;tdiinc992j;p2p100;2017;107499.6;992;j
RS;tdiinc992j;p32p33;1990;446699.81;992;j
RS;tdiinc992j;p32p33;1991;389685.31;992;j
RS;tdiinc992j;p32p33;1992;268214.31;992;j
RS;tdiinc992j;p32p33;1993;174686.8;992;j
RS;tdiinc992j;p32p33;1994;180854.09;992;j
RS;tdiinc992j;p32p33;1995;191899.41;992;j
RS;tdiinc992j;p32p33;1996;195010.91;992;j
RS;tdiinc992j;p32p33;1997;208499.59;992;j
RS;tdiinc992j;p32p33;1998;215561.3;992;j
RS;tdiinc992j;p32p33;1999;233460.8;992;j
RS;tdiinc992j;p32p33;2000;256659.91;992;j
RS;tdiinc992j;p32p33;2001;255549.2;992;j
RS;tdiinc992j;p32p33;2002;272873.09;992;j
RS;tdiinc992j;p32p33;2003;283515.5;992;j
RS;tdiinc992j;p32p33;2004;312225.0;992;j
RS;tdiinc992j;p32p33;2005;342503.5;992;j
RS;tdiinc992j;p32p33;2006;351496.81;992;j
RS;tdiinc992j;p32p33;2007;363163.31;992;j
RS;tdiinc992j;p32p33;2008;380783.5;992;j
RS;tdiinc992j;p32p33;2009;365450.69;992;j
RS;tdiinc992j;p32p33;2010;352234.09;992;j
RS;tdiinc992j;p32p33;2011;337837.59;992;j
RS;tdiinc992j;p32p33;2012;332849.19;992;j
RS;tdiinc992j;p32p33;2013;322810.69;992;j
RS;tdiinc992j;p32p33;2014;326760.59;992;j
RS;tdiinc992j;p32p33;2015;316101.81;992;j
RS;tdiinc992j;p32p33;2016;321258.09;992;j
RS;tdiinc992j;p32p33;2017;322296.81;992;j
RS;tdiinc992j;p43p44;1990;550595.81;992;j
RS;tdiinc992j;p43p44;1991;479425.69;992;j
RS;tdiinc992j;p43p44;1992;328991.91;992;j
RS;tdiinc992j;p43p44;1993;213475.41;992;j
RS;tdiinc992j;p43p44;1994;220472.2;992;j
RS;tdiinc992j;p43p44;1995;233133.0;992;j
RS;tdiinc992j;p43p44;1996;235725.59;992;j
RS;tdiinc992j;p43p44;1997;250912.41;992;j
RS;tdiinc992j;p43p44;1998;256538.0;992;j
RS;tdiinc992j;p43p44;1999;279113.0;992;j
RS;tdiinc992j;p43p44;2000;305750.69;992;j
RS;tdiinc992j;p43p44;2001;303891.31;992;j
RS;tdiinc992j;p43p44;2002;325888.41;992;j
RS;tdiinc992j;p43p44;2003;341139.69;992;j
RS;tdiinc992j;p43p44;2004;380351.5;992;j
RS;tdiinc992j;p43p44;2005;414317.19;992;j
RS;tdiinc992j;p43p44;2006;432572.41;992;j
RS;tdiinc992j;p43p44;2007;445678.69;992;j
RS;tdiinc992j;p43p44;2008;470347.09;992;j
RS;tdiinc992j;p43p44;2009;457544.0;992;j
RS;tdiinc992j;p43p44;2010;448051.31;992;j
RS;tdiinc992j;p43p44;2011;440116.09;992;j
RS;tdiinc992j;p43p44;2012;434335.5;992;j
RS;tdiinc992j;p43p44;2013;443065.41;992;j
RS;tdiinc992j;p43p44;2014;432378.09;992;j
RS;tdiinc992j;p43p44;2015;427059.09;992;j
RS;tdiinc992j;p43p44;2016;436951.0;992;j
RS;tdiinc992j;p43p44;2017;438962.31;992;j
RS;tdiinc992j;p59p60;1990;719428.81;992;j
RS;tdiinc992j;p59p60;1991;625080.63;992;j
RS;tdiinc992j;p59p60;1992;427872.91;992;j
RS;tdiinc992j;p59p60;1993;276882.81;992;j
RS;tdiinc992j;p59p60;1994;284269.19;992;j
RS;tdiinc992j;p59p60;1995;299244.31;992;j
RS;tdiinc992j;p59p60;1996;301620.31;992;j
RS;tdiinc992j;p59p60;1997;319532.19;992;j
RS;tdiinc992j;p59p60;1998;333936.59;992;j
RS;tdiinc992j;p59p60;1999;362417.0;992;j
RS;tdiinc992j;p59p60;2000;394278.09;992;j
RS;tdiinc992j;p59p60;2001;390378.59;992;j
RS;tdiinc992j;p59p60;2002;421602.91;992;j
RS;tdiinc992j;p59p60;2003;442996.31;992;j
RS;tdiinc992j;p59p60;2004;497441.91;992;j
RS;tdiinc992j;p59p60;2005;548607.88;992;j
RS;tdiinc992j;p59p60;2006;577498.81;992;j
RS;tdiinc992j;p59p60;2007;601596.31;992;j
RS;tdiinc992j;p59p60;2008;640783.31;992;j
RS;tdiinc992j;p59p60;2009;621912.63;992;j
RS;tdiinc992j;p59p60;2010;617717.38;992;j
RS;tdiinc992j;p59p60;2011;615545.5;992;j
RS;tdiinc992j;p59p60;2012;608605.5;992;j
RS;tdiinc992j;p59p60;2013;626522.0;992;j
RS;tdiinc992j;p59p60;2014;603028.0;992;j
RS;tdiinc992j;p59p60;2015;590967.5;992;j
RS;tdiinc992j;p59p60;2016;607912.13;992;j
RS;tdiinc992j;p59p60;2017;611304.81;992;j
RS;tdiinc992j;p89p100;1990;1228059.3;992;j
RS;tdiinc992j;p89p100;1991;1062552.1;992;j
RS;tdiinc992j;p89p100;1992;725223.63;992;j
RS;tdiinc992j;p89p100;1993;467000.5;992;j
RS;tdiinc992j;p89p100;1994;478672.19;992;j
RS;tdiinc992j;p89p100;1995;502152.59;992;j
RS;tdiinc992j;p89p100;1996;503819.31;992;j
RS;tdiinc992j;p89p100;1997;530946.69;992;j
RS;tdiinc992j;p89p100;1998;561844.38;992;j
RS;tdiinc992j;p89p100;1999;612214.31;992;j
RS;tdiinc992j;p89p100;2000;664770.81;992;j
RS;tdiinc992j;p89p100;2001;659327.5;992;j
RS;tdiinc992j;p89p100;2002;714471.38;992;j
RS;tdiinc992j;p89p100;2003;767513.38;992;j
RS;tdiinc992j;p89p100;2004;889228.38;992;j
RS;tdiinc992j;p89p100;2005;1004095.3;992;j
RS;tdiinc992j;p89p100;2006;1069791.1;992;j
RS;tdiinc992j;p89p100;2007;1116185.9;992;j
RS;tdiinc992j;p89p100;2008;1195955.1;992;j
RS;tdiinc992j;p89p100;2009;1179240.5;992;j
RS;tdiinc992j;p89p100;2010;1203609.5;992;j
RS;tdiinc992j;p89p100;2011;1229376.9;992;j
RS;tdiinc992j;p89p100;2012;1203354.4;992;j
RS;tdiinc992j;p89p100;2013;1251612.4;992;j
RS;tdiinc992j;p89p100;2014;1163611.8;992;j
RS;tdiinc992j;p89p100;2015;1140057.8;992;j
RS;tdiinc992j;p89p100;2016;1181397.4;992;j
RS;tdiinc992j;p89p100;2017;1189151.3;992;j
RS;tdiinc992j;p98p99;1990;2140874.3;992;j
RS;tdiinc992j;p98p99;1991;1859852.5;992;j
RS;tdiinc992j;p98p99;1992;1279052.3;992;j
RS;tdiinc992j;p98p99;1993;833383.88;992;j
RS;tdiinc992j;p98p99;1994;859997.13;992;j
RS;tdiinc992j;p98p99;1995;909335.38;992;j
RS;tdiinc992j;p98p99;1996;914123.38;992;j
RS;tdiinc992j;p98p99;1997;965439.69;992;j
RS;tdiinc992j;p98p99;1998;1033239.1;992;j
RS;tdiinc992j;p98p99;1999;1149539.3;992;j
RS;tdiinc992j;p98p99;2000;1298707.1;992;j
RS;tdiinc992j;p98p99;2001;1303442.8;992;j
RS;tdiinc992j;p98p99;2002;1440323.3;992;j
RS;tdiinc992j;p98p99;2003;1512409.3;992;j
RS;tdiinc992j;p98p99;2004;1733274.9;992;j
RS;tdiinc992j;p98p99;2005;1966727.5;992;j
RS;tdiinc992j;p98p99;2006;2150177.3;992;j
RS;tdiinc992j;p98p99;2007;2219870.5;992;j
RS;tdiinc992j;p98p99;2008;2408675.5;992;j
RS;tdiinc992j;p98p99;2009;2378840.8;992;j
RS;tdiinc992j;p98p99;2010;2473310.5;992;j
RS;tdiinc992j;p98p99;2011;2562144.5;992;j
RS;tdiinc992j;p98p99;2012;2502924.3;992;j
RS;tdiinc992j;p98p99;2013;2587037.3;992;j
RS;tdiinc992j;p98p99;2014;2378518.8;992;j
RS;tdiinc992j;p98p99;2015;2418971.5;992;j
RS;tdiinc992j;p98p99;2016;2516452.5;992;j
RS;tdiinc992j;p98p99;2017;2533959.5;992;j
RS;tdiinc992j;p99p99.1;1990;2833911.8;992;j
RS;tdiinc992j;p99p99.1;1991;2456470.3;992;j
RS;tdiinc992j;p99p99.1;1992;1686033.8;992;j
RS;tdiinc992j;p99p99.1;1993;1098515.1;992;j
RS;tdiinc992j;p99p99.1;1994;1133266.4;992;j
RS;tdiinc992j;p99p99.1;1995;1198221.6;992;j
RS;tdiinc992j;p99p99.1;1996;1202086.9;992;j
RS;tdiinc992j;p99p99.1;1997;1266703.1;992;j
RS;tdiinc992j;p99p99.1;1998;1363185.6;992;j
RS;tdiinc992j;p99p99.1;1999;1537368.0;992;j
RS;tdiinc992j;p99p99.1;2000;1756554.0;992;j
RS;tdiinc992j;p99p99.1;2001;1778519.1;992;j
RS;tdiinc992j;p99p99.1;2002;1965501.1;992;j
RS;tdiinc992j;p99p99.1;2003;2054021.0;992;j
RS;tdiinc992j;p99p99.1;2004;2348653.8;992;j
RS;tdiinc992j;p99p99.1;2005;2675000.8;992;j
RS;tdiinc992j;p99p99.1;2006;2925597.5;992;j
RS;tdiinc992j;p99p99.1;2007;2992949.0;992;j
RS;tdiinc992j;p99p99.1;2008;3233911.3;992;j
RS;tdiinc992j;p99p99.1;2009;3228560.0;992;j
RS;tdiinc992j;p99p99.1;2010;3351969.0;992;j
RS;tdiinc992j;p99p99.1;2011;3472003.5;992;j
RS;tdiinc992j;p99p99.1;2012;3478045.5;992;j
RS;tdiinc992j;p99p99.1;2013;3538081.3;992;j
RS;tdiinc992j;p99p99.1;2014;3359329.3;992;j
RS;tdiinc992j;p99p99.1;2015;3521764.0;992;j
RS;tdiinc992j;p99p99.1;2016;3667834.0;992;j
RS;tdiinc992j;p99p99.1;2017;3693946.8;992;j
RS;tptinc992j;p69p100;1990;848856.38;992;j
RS;tptinc992j;p69p100;1991;734099.13;992;j
RS;tptinc992j;p69p100;1992;500972.69;992;j
RS;tptinc992j;p69p100;1993;323617.41;992;j
RS;tptinc992j;p69p100;1994;331804.69;992;j
RS;tptinc992j;p69p100;1995;348483.19;992;j
RS;tptinc992j;p69p100;1996;350135.5;992;j
RS;tptinc992j;p69p100;1997;369888.59;992;j
RS;tptinc992j;p69p100;1998;386373.19;992;j
RS;tptinc992j;p69p100;1999;418371.81;992;j
RS;tptinc992j;p69p100;2000;453369.09;992;j
RS;tptinc992j;p69p100;2001;449771.81;992;j
RS;tptinc992j;p69p100;2002;487626.09;992;j
RS;tptinc992j;p69p100;2003;512415.59;992;j
RS;tptinc992j;p69p100;2004;570866.19;992;j
RS;tptinc992j;p69p100;2005;633006.63;992;j
RS;tptinc992j;p69p100;2006;672749.88;992;j
RS;tptinc992j;p69p100;2007;708681.88;992;j
RS;tptinc992j;p69p100;2008;758807.31;992;j
RS;tptinc992j;p69p100;2009;743222.13;992;j
RS;tptinc992j;p69p100;2010;736429.31;992;j
RS;tptinc992j;p69p100;2011;737135.88;992;j
RS;tptinc992j;p69p100;2012;746148.63;992;j
RS;tptinc992j;p69p100;2013;772914.31;992;j
RS;tptinc992j;p69p100;2014;739117.31;992;j
RS;tptinc992j;p69p100;2015;744243.63;992;j
RS;tptinc992j;p69p100;2016;766904.13;992;j
RS;tptinc992j;p69p100;2017;771193.88;992;j
RS;acainc992j;p83p84;1990;787686.5;992;j
RS;acainc992j;p83p84;1991;680394.88;992;j
RS;acainc992j;p83p84;1992;463871.0;992;j
RS;acainc992j;p83p84;1993;299185.0;992;j
RS;acainc992j;p83p84;1994;306365.31;992;j
RS;acainc992j;p83p84;1995;321510.41;992;j
RS;acainc992j;p83p84;1996;322546.91;992;j
RS;acainc992j;p83p84;1997;338723.41;992;j
RS;acainc992j;p83p84;1998;365875.19;992;j
RS;acainc992j;p83p84;1999;413853.0;992;j
RS;acainc992j;p83p84;2000;444254.0;992;j
RS;acainc992j;p83p84;2001;428763.31;992;j
RS;acainc992j;p83p84;2002;456548.91;992;j
RS;acainc992j;p83p84;2003;484166.81;992;j
RS;acainc992j;p83p84;2004;589300.19;992;j
RS;acainc992j;p83p84;2005;672202.0;992;j
RS;acainc992j;p83p84;2006;715428.81;992;j
RS;acainc992j;p83p84;2007;726560.19;992;j
RS;acainc992j;p83p84;2008;786192.19;992;j
RS;acainc992j;p83p84;2009;781423.13;992;j
RS;acainc992j;p83p84;2010;793509.81;992;j
RS;acainc992j;p83p84;2011;811478.81;992;j
RS;acainc992j;p83p84;2012;807867.88;992;j
RS;acainc992j;p83p84;2013;849508.13;992;j
RS;acainc992j;p83p84;2014;776119.88;992;j
RS;acainc992j;p83p84;2015;765324.0;992;j
RS;acainc992j;p83p84;2016;793678.38;992;j
RS;acainc992j;p83p84;2017;794314.63;992;j
RS;acainc992j;p99.2p99.3;1990;2394698.5;992;j
RS;acainc992j;p99.2p99.3;1991;2071920.8;992;j
RS;acainc992j;p99.2p99.3;1992;1419307.3;992;j
RS;acainc992j;p99.2p99.3;1993;923883.0;992;j
RS;acainc992j;p99.2p99.3;1994;952355.69;992;j
RS;acainc992j;p99.2p99.3;1995;1006288.0;992;j
RS;acainc992j;p99.2p99.3;1996;1008124.2;992;j
RS;acainc992j;p99.2p99.3;1997;1057164.9;992;j
RS;acainc992j;p99.2p99.3;1998;1178022.1;992;j
RS;acainc992j;p99.2p99.3;1999;1382775.4;992;j
RS;acainc992j;p99.2p99.3;2000;1576631.3;992;j
RS;acainc992j;p99.2p99.3;2001;1568674.5;992;j
RS;acainc992j;p99.2p99.3;2002;1695767.6;992;j
RS;acainc992j;p99.2p99.3;2003;1775534.8;992;j
RS;acainc992j;p99.2p99.3;2004;2153177.8;992;j
RS;acainc992j;p99.2p99.3;2005;2507620.5;992;j
RS;acainc992j;p99.2p99.3;2006;2739233.8;992;j
RS;acainc992j;p99.2p99.3;2007;2714989.3;992;j
RS;acainc992j;p99.2p99.3;2008;2945990.5;992;j
RS;acainc992j;p99.2p99.3;2009;2975201.0;992;j
RS;acainc992j;p99.2p99.3;2010;3095338.5;992;j
RS;acainc992j;p99.2p99.3;2011;3216713.0;992;j
RS;acainc992j;p99.2p99.3;2012;3275188.5;992;j
RS;acainc992j;p99.2p99.3;2013;3301374.0;992;j
RS;acainc992j;p99.2p99.3;2014;3198392.8;992;j
RS;acainc992j;p99.2p99.3;2015;3419461.5;992;j
RS;acainc992j;p99.2p99.3;2016;3545884.3;992;j
RS;acainc992j;p99.2p99.3;2017;3549835.8;992;j
RS;acainc992j;p99.8p100;1990;9196801.0;992;j
RS;acainc992j;p99.8p100;1991;7710850.0;992;j
RS;acainc992j;p99.8p100;1992;5064134.0;992;j
RS;acainc992j;p99.8p100;1993;3207013.0;992;j
RS;acainc992j;p99.8p100;1994;3245960.3;992;j
RS;acainc992j;p99.8p100;1995;3377020.8;992;j
RS;acainc992j;p99.8p100;1996;3318121.5;992;j
RS;acainc992j;p99.8p100;1997;3407667.8;992;j
RS;acainc992j;p99.8p100;1998;3894496.0;992;j
RS;acainc992j;p99.8p100;1999;4999679.0;992;j
RS;acainc992j;p99.8p100;2000;5787652.5;992;j
RS;acainc992j;p99.8p100;2001;6164914.0;992;j
RS;acainc992j;p99.8p100;2002;6372087.5;992;j
RS;acainc992j;p99.8p100;2003;6652709.5;992;j
RS;acainc992j;p99.8p100;2004;8064214.0;992;j
RS;acainc992j;p99.8p100;2005;9681200.0;992;j
RS;acainc992j;p99.8p100;2006;9996411.0;992;j
RS;acainc992j;p99.8p100;2007;9240776.0;992;j
RS;acainc992j;p99.8p100;2008;9380659.0;992;j
RS;acainc992j;p99.8p100;2009;10405130.0;992;j
RS;acainc992j;p99.8p100;2010;10404819.0;992;j
RS;acainc992j;p99.8p100;2011;10563997.0;992;j
RS;acainc992j;p99.8p100;2012;13372896.0;992;j
RS;acainc992j;p99.8p100;2013;11708869.0;992;j
RS;acainc992j;p99.8p100;2014;16256963.0;992;j
RS;acainc992j;p99.8p100;2015;22691978.0;992;j
RS;acainc992j;p99.8p100;2016;23543468.0;992;j
RS;acainc992j;p99.8p100;2017;23595746.0;992;j
RS;accshn999i;p0p100;1997;12830.1;999;i
RS;accshn999i;p0p100;1998;14327.0;999;i
RS;accshn999i;p0p100;1999;17225.0;999;i
RS;accshn999i;p0p100;2000;17872.5;999;i
RS;accshn999i;p0p100;2001;18208.301;999;i
RS;accshn999i;p0p100;2002;19035.801;999;i
RS;accshn999i;p0p100;2003;19792.0;999;i
RS;accshn999i;p0p100;2004;20807.9;999;i
RS;accshn999i;p0p100;2005;22045.9;999;i
RS;accshn999i;p0p100;2006;20839.699;999;i
RS;accshn999i;p0p100;2007;19692.4;999;i
RS;accshn999i;p0p100;2008;20483.699;999;i
RS;accshn999i;p0p100;2009;23278.9;999;i
RS;accshn999i;p0p100;2010;24060.0;999;i
RS;accshn999i;p0p100;2011;21876.301;999;i
RS;aconnp992i;p0p100;1997;1029.2;992;i
RS;aconnp992i;p0p100;1998;1044.0;992;i
RS;aconnp992i;p0p100;1999;1308.6;992;i
RS;aconnp992i;p0p100;2000;2122.1001;992;i
RS;aconnp992i;p0p100;2001;1499.6;992;i
RS;aconnp992i;p0p100;2002;1542.9;992;i
RS;aconnp992i;p0p100;2003;1506.2;992;i
RS;aconnp992i;p0p100;2004;1914.8;992;i
RS;aconnp992i;p0p100;2005;2064.1001;992;i
RS;aconnp992i;p0p100;2006;2198.0;992;i
RS;aconnp992i;p0p100;2007;2598.8;992;i
RS;aconnp992i;p0p100;2008;2524.0;992;i
RS;aconnp992i;p0p100;2009;2290.5;992;i
RS;aconnp992i;p0p100;2010;2304.3;992;i
RS;aconnp992i;p0p100;2011;2389.5;992;i
RS;adiinc992j;p74p100;1990;1431222.5;992;j
RS;adiinc992j;p74p100;1991;1237492.4;992;j
RS;adiinc992j;p74p100;1992;844504.31;992;j
RS;adiinc992j;p74p100;1993;546141.5;992;j
RS;adiinc992j;p74p100;1994;560805.19;992;j
RS;adiinc992j;p74p100;1995;590200.88;992;j
RS;adiinc992j;p74p100;1996;592321.63;992;j
RS;adiinc992j;p74p100;1997;624602.81;992;j
RS;adiinc992j;p74p100;1998;661806.88;992;j
RS;adiinc992j;p74p100;1999;732884.81;992;j
RS;adiinc992j;p74p100;2000;811171.63;992;j
RS;adiinc992j;p74p100;2001;813606.19;992;j
RS;adiinc992j;p74p100;2002;887036.13;992;j
RS;adiinc992j;p74p100;2003;937073.88;992;j
RS;adiinc992j;p74p100;2004;1074373.6;992;j
RS;adiinc992j;p74p100;2005;1215455.3;992;j
RS;adiinc992j;p74p100;2006;1302103.4;992;j
RS;adiinc992j;p74p100;2007;1342751.0;992;j
RS;adiinc992j;p74p100;2008;1438372.8;992;j
RS;adiinc992j;p74p100;2009;1430185.4;992;j
RS;adiinc992j;p74p100;2010;1461839.4;992;j
RS;adiinc992j;p74p100;2011;1495216.4;992;j
RS;adiinc992j;p74p100;2012;1501997.8;992;j
RS;adiinc992j;p74p100;2013;1538242.1;992;j
RS;adiinc992j;p74p100;2014;1478544.8;992;j
RS;adiinc992j;p74p100;2015;1542525.8;992;j
RS;adiinc992j;p74p100;2016;1601570.1;992;j
RS;adiinc992j;p74p100;2017;1612587.0;992;j
RS;adiinc992j;p89p100;1990;1938234.0;992;j
RS;adiinc992j;p89p100;1991;1674773.1;992;j
RS;adiinc992j;p89p100;1992;1142496.9;992;j
RS;adiinc992j;p89p100;1993;739577.0;992;j
RS;adiinc992j;p89p100;1994;760058.81;992;j
RS;adiinc992j;p89p100;1995;800684.31;992;j
RS;adiinc992j;p89p100;1996;802725.13;992;j
RS;adiinc992j;p89p100;1997;845373.19;992;j
RS;adiinc992j;p89p100;1998;905538.88;992;j
RS;adiinc992j;p89p100;1999;1016436.7;992;j
RS;adiinc992j;p89p100;2000;1139709.1;992;j
RS;adiinc992j;p89p100;2001;1154380.4;992;j
RS;adiinc992j;p89p100;2002;1259972.3;992;j
RS;adiinc992j;p89p100;2003;1328371.3;992;j
RS;adiinc992j;p89p100;2004;1525829.8;992;j
RS;adiinc992j;p89p100;2005;1738834.5;992;j
RS;adiinc992j;p89p100;2006;1872069.4;992;j
RS;adiinc992j;p89p100;2007;1914698.5;992;j
RS;adiinc992j;p89p100;2008;2049584.8;992;j
RS;adiinc992j;p89p100;2009;2052644.1;992;j
RS;adiinc992j;p89p100;2010;2113903.8;992;j
RS;adiinc992j;p89p100;2011;2175931.5;992;j
RS;adiinc992j;p89p100;2012;2201523.0;992;j
RS;adiinc992j;p89p100;2013;2223327.8;992;j
RS;adiinc992j;p89p100;2014;2193498.8;992;j
RS;adiinc992j;p89p100;2015;2364272.0;992;j
RS;adiinc992j;p89p100;2016;2459735.5;992;j
RS;adiinc992j;p89p100;2017;2477580.8;992;j
RS;ansrco999i;p0p100;1997;-30933.1;999;i
RS;ansrco999i;p0p100;1998;2220.2;999;i
RS;ansrco999i;p0p100;1999;5517.3999;999;i
RS;ansrco999i;p0p100;2000;20051.1;999;i
RS;ansrco999i;p0p100;2001;-8111.1001;999;i
RS;ansrco999i;p0p100;2002;-14257.6;999;i
RS;ansrco999i;p0p100;2003;-21377.1;999;i
RS;ansrco999i;p0p100;2004;11113.3;999;i
RS;ansrco999i;p0p100;2005;29438.4;999;i
RS;ansrco999i;p0p100;2006;28647.5;999;i
RS;ansrco999i;p0p100;2007;25470.1;999;i
RS;ansrco999i;p0p100;2008;31989.301;999;i
RS;ansrco999i;p0p100;2009;25685.4;999;i
RS;ansrco999i;p0p100;2010;34623.301;999;i
RS;ansrco999i;p0p100;2011;54297.199;999;i
RS;aprinp999i;p0p100;1997;-0.2;999;i
RS;aprinp999i;p0p100;1998;35.200001;999;i
RS;aprinp999i;p0p100;1999;-2.9000001;999;i
RS;aprinp999i;p0p100;2000;-2.4000001;999;i
RS;aprinp999i;p0p100;2001;12.5;999;i
RS;aprinp999i;p0p100;2002;-1.9;999;i
RS;aprinp999i;p0p100;2003;-0.2;999;i
RS;aprinp999i;p0p100;2004;0.0;999;i
RS;aprinp999i;p0p100;2005;37.5;999;i
RS;aprinp999i;p0p100;2006;79.699997;999;i
RS;aprinp999i;p0p100;2007;95.800003;999;i
RS;aprinp999i;p0p100;2008;114.9;999;i
RS;aprinp999i;p0p100;2009;112.4;999;i
RS;aprinp999i;p0p100;2010;97.5;999;i
RS;aprinp999i;p0p100;2011;97.0;999;i
RS;aptinc992j;p21p100;1990;890549.63;992;j
RS;aptinc992j;p21p100;1991;772996.13;992;j
RS;aptinc992j;p21p100;1992;529174.5;992;j
RS;aptinc992j;p21p100;1993;343043.59;992;j
RS;aptinc992j;p21p100;1994;353176.59;992;j
RS;aptinc992j;p21p100;1995;372618.31;992;j
RS;aptinc992j;p21p100;1996;375477.0;992;j
RS;aptinc992j;p21p100;1997;397913.69;992;j
RS;aptinc992j;p21p100;1998;416990.19;992;j
RS;aptinc992j;p21p100;1999;456419.0;992;j
RS;aptinc992j;p21p100;2000;502369.0;992;j
RS;aptinc992j;p21p100;2001;501367.81;992;j
RS;aptinc992j;p21p100;2002;542623.69;992;j
RS;aptinc992j;p21p100;2003;571033.0;992;j
RS;aptinc992j;p21p100;2004;644952.0;992;j
RS;aptinc992j;p21p100;2005;721445.31;992;j
RS;aptinc992j;p21p100;2006;764556.69;992;j
RS;aptinc992j;p21p100;2007;791315.0;992;j
RS;aptinc992j;p21p100;2008;845562.63;992;j
RS;aptinc992j;p21p100;2009;832722.69;992;j
RS;aptinc992j;p21p100;2010;836659.13;992;j
RS;aptinc992j;p21p100;2011;841936.63;992;j
RS;aptinc992j;p21p100;2012;841636.0;992;j
RS;aptinc992j;p21p100;2013;863292.38;992;j
RS;aptinc992j;p21p100;2014;846532.69;992;j
RS;aptinc992j;p21p100;2015;852149.81;992;j
RS;aptinc992j;p21p100;2016;878501.63;992;j
RS;aptinc992j;p21p100;2017;883786.31;992;j
RS;aptinc992j;p56p57;1990;665200.88;992;j
RS;aptinc992j;p56p57;1991;575790.88;992;j
RS;aptinc992j;p56p57;1992;393208.5;992;j
RS;aptinc992j;p56p57;1993;254188.5;992;j
RS;aptinc992j;p56p57;1994;260981.91;992;j
RS;aptinc992j;p56p57;1995;274493.81;992;j
RS;aptinc992j;p56p57;1996;276218.69;992;j
RS;aptinc992j;p56p57;1997;292360.5;992;j
RS;aptinc992j;p56p57;1998;304674.91;992;j
RS;aptinc992j;p56p57;1999;331228.69;992;j
RS;aptinc992j;p56p57;2000;360388.31;992;j
RS;aptinc992j;p56p57;2001;356412.69;992;j
RS;aptinc992j;p56p57;2002;382230.91;992;j
RS;aptinc992j;p56p57;2003;401128.09;992;j
RS;aptinc992j;p56p57;2004;444439.69;992;j
RS;aptinc992j;p56p57;2005;491306.5;992;j
RS;aptinc992j;p56p57;2006;519187.81;992;j
RS;aptinc992j;p56p57;2007;539185.13;992;j
RS;aptinc992j;p56p57;2008;574101.31;992;j
RS;aptinc992j;p56p57;2009;563212.38;992;j
RS;aptinc992j;p56p57;2010;554047.69;992;j
RS;aptinc992j;p56p57;2011;549379.0;992;j
RS;aptinc992j;p56p57;2012;552405.88;992;j
RS;aptinc992j;p56p57;2013;573076.81;992;j
RS;aptinc992j;p56p57;2014;546055.13;992;j
RS;aptinc992j;p56p57;2015;562550.0;992;j
RS;aptinc992j;p56p57;2016;579729.5;992;j
RS;aptinc992j;p56p57;2017;582887.19;992;j
RS;aptinc992j;p59p100;1990;1264071.1;992;j
RS;aptinc992j;p59p100;1991;1098791.3;992;j
RS;aptinc992j;p59p100;1992;753214.69;992;j
RS;aptinc992j;p59p100;1993;488936.5;992;j
RS;aptinc992j;p59p100;1994;504063.0;992;j
RS;aptinc992j;p59p100;1995;532560.38;992;j
RS;aptinc992j;p59p100;1996;537111.13;992;j
RS;aptinc992j;p59p100;1997;569725.63;992;j
RS;aptinc992j;p59p100;1998;598472.5;992;j
RS;aptinc992j;p59p100;1999;655823.13;992;j
RS;aptinc992j;p59p100;2000;725232.88;992;j
RS;aptinc992j;p59p100;2001;725048.38;992;j
RS;aptinc992j;p59p100;2002;789692.38;992;j
RS;aptinc992j;p59p100;2003;834080.31;992;j
RS;aptinc992j;p59p100;2004;949610.31;992;j
RS;aptinc992j;p59p100;2005;1070269.4;992;j
RS;aptinc992j;p59p100;2006;1140163.9;992;j
RS;aptinc992j;p59p100;2007;1179249.9;992;j
RS;aptinc992j;p59p100;2008;1266944.1;992;j
RS;aptinc992j;p59p100;2009;1252343.8;992;j
RS;aptinc992j;p59p100;2010;1269242.5;992;j
RS;aptinc992j;p59p100;2011;1289798.3;992;j
RS;aptinc992j;p59p100;2012;1292071.5;992;j
RS;aptinc992j;p59p100;2013;1321647.6;992;j
RS;aptinc992j;p59p100;2014;1308266.3;992;j
RS;aptinc992j;p59p100;2015;1305159.8;992;j
RS;aptinc992j;p59p100;2016;1345584.5;992;j
RS;aptinc992j;p59p100;2017;1353983.3;992;j
RS;aptinc992j;p64p100;1990;1338202.8;992;j
RS;aptinc992j;p64p100;1991;1163688.8;992;j
RS;aptinc992j;p64p100;1992;797994.0;992;j
RS;aptinc992j;p64p100;1993;518209.31;992;j
RS;aptinc992j;p64p100;1994;534447.63;992;j
RS;aptinc992j;p64p100;1995;564883.38;992;j
RS;aptinc992j;p64p100;1996;569850.63;992;j
RS;aptinc992j;p64p100;1997;604600.19;992;j
RS;aptinc992j;p64p100;1998;635222.81;992;j
RS;aptinc992j;p64p100;1999;696394.38;992;j
RS;aptinc992j;p64p100;2000;771288.31;992;j
RS;aptinc992j;p64p100;2001;771841.81;992;j
RS;aptinc992j;p64p100;2002;841210.63;992;j
RS;aptinc992j;p64p100;2003;888791.19;992;j
RS;aptinc992j;p64p100;2004;1013769.3;992;j
RS;aptinc992j;p64p100;2005;1143930.4;992;j
RS;aptinc992j;p64p100;2006;1218993.8;992;j
RS;aptinc992j;p64p100;2007;1259900.0;992;j
RS;aptinc992j;p64p100;2008;1354013.4;992;j
RS;aptinc992j;p64p100;2009;1339131.4;992;j
RS;aptinc992j;p64p100;2010;1359434.5;992;j
RS;aptinc992j;p64p100;2011;1383496.9;992;j
RS;aptinc992j;p64p100;2012;1385670.6;992;j
RS;aptinc992j;p64p100;2013;1415682.3;992;j
RS;aptinc992j;p64p100;2014;1404128.4;992;j
RS;aptinc992j;p64p100;2015;1398821.4;992;j
RS;aptinc992j;p64p100;2016;1442182.0;992;j
RS;aptinc992j;p64p100;2017;1451248.0;992;j
RS;aptinc992j;p71p72;1990;885970.63;992;j
RS;aptinc992j;p71p72;1991;766430.5;992;j
RS;aptinc992j;p71p72;1992;522772.81;992;j
RS;aptinc992j;p71p72;1993;337678.19;992;j
RS;aptinc992j;p71p72;1994;346695.5;992;j
RS;aptinc992j;p71p72;1995;364445.81;992;j
RS;aptinc992j;p71p72;1996;366435.41;992;j
RS;aptinc992j;p71p72;1997;387553.69;992;j
RS;aptinc992j;p71p72;1998;404840.69;992;j
RS;aptinc992j;p71p72;1999;438739.91;992;j
RS;aptinc992j;p71p72;2000;475910.5;992;j
RS;aptinc992j;p71p72;2001;471744.81;992;j
RS;aptinc992j;p71p72;2002;510800.69;992;j
RS;aptinc992j;p71p72;2003;537367.0;992;j
RS;aptinc992j;p71p72;2004;599947.13;992;j
RS;aptinc992j;p71p72;2005;667686.19;992;j
RS;aptinc992j;p71p72;2006;709307.88;992;j
RS;aptinc992j;p71p72;2007;743486.81;992;j
RS;aptinc992j;p71p72;2008;798882.69;992;j
RS;aptinc992j;p71p72;2009;784984.5;992;j
RS;aptinc992j;p71p72;2010;777617.88;992;j
RS;aptinc992j;p71p72;2011;776469.88;992;j
RS;aptinc992j;p71p72;2012;793040.81;992;j
RS;aptinc992j;p71p72;2013;817330.5;992;j
RS;aptinc992j;p71p72;2014;783008.31;992;j
RS;aptinc992j;p71p72;2015;783438.0;992;j
RS;aptinc992j;p71p72;2016;807448.5;992;j
RS;aptinc992j;p71p72;2017;812327.69;992;j
RS;ataxfc992i;p0p100;1997;88.5;992;i
RS;ataxfc992i;p0p100;1998;97.900002;992;i
RS;ataxfc992i;p0p100;1999;255.7;992;i
RS;ataxfc992i;p0p100;2000;223.7;992;i
RS;ataxfc992i;p0p100;2001;180.10001;992;i
RS;ataxfc992i;p0p100;2002;159.7;992;i
RS;ataxfc992i;p0p100;2003;189.7;992;i
RS;ataxfc992i;p0p100;2004;241.7;992;i
RS;ataxfc992i;p0p100;2005;338.60001;992;i
RS;ataxfc992i;p0p100;2006;774.70001;992;i
RS;ataxfc992i;p0p100;2007;902.5;992;i
RS;ataxfc992i;p0p100;2008;1126.6;992;i
RS;ataxfc992i;p0p100;2009;1069.6;992;i
RS;ataxfc992i;p0p100;2010;1211.8;992;i
RS;ataxfc992i;p0p100;2011;1276.5;992;i
RS;ataxnp992i;p0p100;1997;0.0;992;i
RS;ataxnp992i;p0p100;1998;0.0;992;i
RS;ataxnp992i;p0p100;1999;0.0;992;i
RS;ataxnp992i;p0p100;2000;0.0;992;i
RS;ataxnp992i;p0p100;2001;0.0;992;i
RS;ataxnp992i;p0p100;2002;0.0;992;i
RS;ataxnp992i;p0p100;2003;0.0;992;i
RS;ataxnp992i;p0p100;2004;0.0;992;i
RS;ataxnp992i;p0p100;2005;0.0;992;i
RS;ataxnp992i;p0p100;2006;0.0;992;i
RS;ataxnp992i;p0p100;2007;0.0;992;i
RS;ataxnp992i;p0p100;2008;0.0;992;i
RS;ataxnp992i;p0p100;2009;0.0;992;i
RS;ataxnp992i;p0p100;2010;0.0;992;i
RS;ataxnp992i;p0p100;2011;0.0;992;i
RS;bdiinc992j;p93p100;1990;1.6553549;992;j
RS;bdiinc992j;p93p100;1991;1.6459795;992;j
RS;bdiinc992j;p93p100;1992;1.6382543;992;j
RS;bdiinc992j;p93p100;1993;1.638889;992;j
RS;bdiinc992j;p93p100;1994;1.6384757;992;j
RS;bdiinc992j;p93p100;1995;1.639124;992;j
RS;bdiinc992j;p93p100;1996;1.6317314;992;j
RS;bdiinc992j;p93p100;1997;1.6236854;992;j
RS;bdiinc992j;p93p100;1998;1.6453918;992;j
RS;bdiinc992j;p93p100;1999;1.7002103;992;j
RS;bdiinc992j;p93p100;2000;1.7524852;992;j
RS;bdiinc992j;p93p100;2001;1.7923313;992;j
RS;bdiinc992j;p93p100;2002;1.7955354;992;j
RS;bdiinc992j;p93p100;2003;1.7715123;992;j
RS;bdiinc992j;p93p100;2004;1.7603384;992;j
RS;bdiinc992j;p93p100;2005;1.7772171;992;j
RS;bdiinc992j;p93p100;2006;1.7828953;992;j
RS;bdiinc992j;p93p100;2007;1.7441479;992;j
RS;bdiinc992j;p93p100;2008;1.7327586;992;j
RS;bdiinc992j;p93p100;2009;1.7745425;992;j
RS;bdiinc992j;p93p100;2010;1.7726036;992;j
RS;bdiinc992j;p93p100;2011;1.7758868;992;j
RS;bdiinc992j;p93p100;2012;1.8871069;992;j
RS;bdiinc992j;p93p100;2013;1.8133841;992;j
RS;bdiinc992j;p93p100;2014;1.9803404;992;j
RS;bdiinc992j;p93p100;2015;2.2064779;992;j
RS;bdiinc992j;p93p100;2016;2.2143798;992;j
RS;bdiinc992j;p93p100;2017;2.2157478;992;j
RS;iquali999i;p0p100;2019;5.0;999;i
RS;mgsrho999i;p0p100;1997;270351040512.0;999;i
RS;mgsrho999i;p0p100;1998;270069186560.0;999;i
RS;mgsrho999i;p0p100;1999;285224796160.0;999;i
RS;mgsrho999i;p0p100;2000;296138801152.0;999;i
RS;mgsrho999i;p0p100;2001;299036868608.0;999;i
RS;mgsrho999i;p0p100;2002;300694765568.0;999;i
RS;mgsrho999i;p0p100;2003;338739167232.0;999;i
RS;mgsrho999i;p0p100;2004;354088386560.0;999;i
RS;mgsrho999i;p0p100;2005;379114389504.0;999;i
RS;mgsrho999i;p0p100;2006;389845909504.0;999;i
RS;mgsrho999i;p0p100;2007;390620348416.0;999;i
RS;mgsrho999i;p0p100;2008;392872001536.0;999;i
RS;mgsrho999i;p0p100;2009;442787495936.0;999;i
RS;mgsrho999i;p0p100;2010;454664585216.0;999;i
RS;mgsrho999i;p0p100;2011;442365673472.0;999;i
RS;scainc992j;p99.93p100;1990;0.021500001;992;j
RS;scainc992j;p99.93p100;1991;0.020500001;992;j
RS;scainc992j;p99.93p100;1992;0.019400001;992;j
RS;scainc992j;p99.93p100;1993;0.0187;992;j
RS;scainc992j;p99.93p100;1994;0.018300001;992;j
RS;scainc992j;p99.93p100;1995;0.017899999;992;j
RS;scainc992j;p99.93p100;1996;0.0173;992;j
RS;scainc992j;p99.93p100;1997;0.0167;992;j
RS;scainc992j;p99.93p100;1998;0.0176;992;j
RS;scainc992j;p99.93p100;1999;0.020400001;992;j
RS;scainc992j;p99.93p100;2000;0.0218;992;j
RS;scainc992j;p99.93p100;2001;0.0243;992;j
RS;scainc992j;p99.93p100;2002;0.023700001;992;j
RS;scainc992j;p99.93p100;2003;0.023499999;992;j
RS;scainc992j;p99.93p100;2004;0.023800001;992;j
RS;scainc992j;p99.93p100;2005;0.0254;992;j
RS;scainc992j;p99.93p100;2006;0.0243;992;j
RS;scainc992j;p99.93p100;2007;0.0219;992;j
RS;scainc992j;p99.93p100;2008;0.020199999;992;j
RS;scainc992j;p99.93p100;2009;0.023499999;992;j
RS;scainc992j;p99.93p100;2010;0.023;992;j
RS;scainc992j;p99.93p100;2011;0.0229;992;j
RS;scainc992j;p99.93p100;2012;0.031399999;992;j
RS;scainc992j;p99.93p100;2013;0.025599999;992;j
RS;scainc992j;p99.93p100;2014;0.040899999;992;j
RS;scainc992j;p99.93p100;2015;0.060800001;992;j
RS;scainc992j;p99.93p100;2016;0.060899999;992;j
RS;scainc992j;p99.93p100;2017;0.061000001;992;j
RS;sdiinc992j;p30p100;1990;0.89649999;992;j
RS;sdiinc992j;p30p100;1991;0.8955;992;j
RS;sdiinc992j;p30p100;1992;0.8944;992;j
RS;sdiinc992j;p30p100;1993;0.8933;992;j
RS;sdiinc992j;p30p100;1994;0.89219999;992;j
RS;sdiinc992j;p30p100;1995;0.89099997;992;j
RS;sdiinc992j;p30p100;1996;0.88980001;992;j
RS;sdiinc992j;p30p100;1997;0.88819999;992;j
RS;sdiinc992j;p30p100;1998;0.88590002;992;j
RS;sdiinc992j;p30p100;1999;0.88789999;992;j
RS;sdiinc992j;p30p100;2000;0.88800001;992;j
RS;sdiinc992j;p30p100;2001;0.8883;992;j
RS;sdiinc992j;p30p100;2002;0.89520001;992;j
RS;sdiinc992j;p30p100;2003;0.89709997;992;j
RS;sdiinc992j;p30p100;2004;0.9048;992;j
RS;sdiinc992j;p30p100;2005;0.90759999;992;j
RS;sdiinc992j;p30p100;2006;0.91329998;992;j
RS;sdiinc992j;p30p100;2007;0.91469997;992;j
RS;sdiinc992j;p30p100;2008;0.917;992;j
RS;sdiinc992j;p30p100;2009;0.91979998;992;j
RS;sdiinc992j;p30p100;2010;0.92549998;992;j
RS;sdiinc992j;p30p100;2011;0.93199998;992;j
RS;sdiinc992j;p30p100;2012;0.9321;992;j
RS;sdiinc992j;p30p100;2013;0.93330002;992;j
RS;sdiinc992j;p30p100;2014;0.9156;992;j
RS;sdiinc992j;p30p100;2015;0.92739999;992;j
RS;sdiinc992j;p30p100;2016;0.9303;992;j
RS;sdiinc992j;p30p100;2017;0.9307;992;j
RS;sdiinc992j;p34p35;1990;0.0063999998;992;j
RS;sdiinc992j;p34p35;1991;0.0063999998;992;j
RS;sdiinc992j;p34p35;1992;0.0065000001;992;j
RS;sdiinc992j;p34p35;1993;0.0065000001;992;j
RS;sdiinc992j;p34p35;1994;0.0065000001;992;j
RS;sdiinc992j;p34p35;1995;0.0066;992;j
RS;sdiinc992j;p34p35;1996;0.0066;992;j
RS;sdiinc992j;p34p35;1997;0.0066;992;j
RS;sdiinc992j;p34p35;1998;0.0065000001;992;j
RS;sdiinc992j;p34p35;1999;0.0063999998;992;j
RS;sdiinc992j;p34p35;2000;0.0063999998;992;j
RS;sdiinc992j;p34p35;2001;0.0063;992;j
RS;sdiinc992j;p34p35;2002;0.0063;992;j
RS;sdiinc992j;p34p35;2003;0.0063;992;j
RS;sdiinc992j;p34p35;2004;0.0062000002;992;j
RS;sdiinc992j;p34p35;2005;0.0060000001;992;j
RS;sdiinc992j;p34p35;2006;0.0059000002;992;j
RS;sdiinc992j;p34p35;2007;0.0059000002;992;j
RS;sdiinc992j;p34p35;2008;0.0057999999;992;j
RS;sdiinc992j;p34p35;2009;0.0057000001;992;j
RS;sdiinc992j;p34p35;2010;0.0055;992;j
RS;sdiinc992j;p34p35;2011;0.0054000001;992;j
RS;sdiinc992j;p34p35;2012;0.0052999998;992;j
RS;sdiinc992j;p34p35;2013;0.0051000002;992;j
RS;sdiinc992j;p34p35;2014;0.0052;992;j
RS;sdiinc992j;p34p35;2015;0.0051000002;992;j
RS;sdiinc992j;p34p35;2016;0.0049999999;992;j
RS;sdiinc992j;p34p35;2017;0.0049999999;992;j
RS;sdiinc992j;p5p100;1990;0.99150002;992;j
RS;sdiinc992j;p5p100;1991;0.99169999;992;j
RS;sdiinc992j;p5p100;1992;0.99190003;992;j
RS;sdiinc992j;p5p100;1993;0.9921;992;j
RS;sdiinc992j;p5p100;1994;0.99229997;992;j
RS;sdiinc992j;p5p100;1995;0.99250001;992;j
RS;sdiinc992j;p5p100;1996;0.9928;992;j
RS;sdiinc992j;p5p100;1997;0.99290001;992;j
RS;sdiinc992j;p5p100;1998;0.99330002;992;j
RS;sdiinc992j;p5p100;1999;0.99349999;992;j
RS;sdiinc992j;p5p100;2000;0.99349999;992;j
RS;sdiinc992j;p5p100;2001;0.99360001;992;j
RS;sdiinc992j;p5p100;2002;0.99449998;992;j
RS;sdiinc992j;p5p100;2003;0.99409997;992;j
RS;sdiinc992j;p5p100;2004;0.99449998;992;j
RS;sdiinc992j;p5p100;2005;0.9946;992;j
RS;sdiinc992j;p5p100;2006;0.99479997;992;j
RS;sdiinc992j;p5p100;2007;0.99479997;992;j
RS;sdiinc992j;p5p100;2008;0.99470001;992;j
RS;sdiinc992j;p5p100;2009;0.99430001;992;j
RS;sdiinc992j;p5p100;2010;0.99430001;992;j
RS;sdiinc992j;p5p100;2011;0.99470001;992;j
RS;sdiinc992j;p5p100;2012;0.995;992;j
RS;sdiinc992j;p5p100;2013;0.9932;992;j
RS;sdiinc992j;p5p100;2014;0.98970002;992;j
RS;sdiinc992j;p5p100;2015;0.99180001;992;j
RS;sdiinc992j;p5p100;2016;0.99229997;992;j
RS;sdiinc992j;p5p100;2017;0.99239999;992;j
RS;sdiinc992j;p72p100;1990;0.53079998;992;j
RS;sdiinc992j;p72p100;1991;0.52880001;992;j
RS;sdiinc992j;p72p100;1992;0.52710003;992;j
RS;sdiinc992j;p72p100;1993;0.52590001;992;j
RS;sdiinc992j;p72p100;1994;0.52450001;992;j
RS;sdiinc992j;p72p100;1995;0.52319998;992;j
RS;sdiinc992j;p72p100;1996;0.52109998;992;j
RS;sdiinc992j;p72p100;1997;0.5187;992;j
RS;sdiinc992j;p72p100;1998;0.52219999;992;j
RS;sdiinc992j;p72p100;1999;0.52749997;992;j
RS;sdiinc992j;p72p100;2000;0.53060001;992;j
RS;sdiinc992j;p72p100;2001;0.53280002;992;j
RS;sdiinc992j;p72p100;2002;0.53979999;992;j
RS;sdiinc992j;p72p100;2003;0.54269999;992;j
RS;sdiinc992j;p72p100;2004;0.55260003;992;j
RS;sdiinc992j;p72p100;2005;0.56;992;j
RS;sdiinc992j;p72p100;2006;0.56800002;992;j
RS;sdiinc992j;p72p100;2007;0.5679;992;j
RS;sdiinc992j;p72p100;2008;0.57130003;992;j
RS;sdiinc992j;p72p100;2009;0.57789999;992;j
RS;sdiinc992j;p72p100;2010;0.58859998;992;j
RS;sdiinc992j;p72p100;2011;0.59939998;992;j
RS;sdiinc992j;p72p100;2012;0.60280001;992;j
RS;sdiinc992j;p72p100;2013;0.60350001;992;j
RS;sdiinc992j;p72p100;2014;0.59100002;992;j
RS;sdiinc992j;p72p100;2015;0.61070001;992;j
RS;sdiinc992j;p72p100;2016;0.61489999;992;j
RS;sdiinc992j;p72p100;2017;0.61540002;992;j
RS;sdiinc992j;p99.92p99.93;1990;0.0013;992;j
RS;sdiinc992j;p99.92p99.93;1991;0.0013;992;j
RS;sdiinc992j;p99.92p99.93;1992;0.0013;992;j
RS;sdiinc992j;p99.92p99.93;1993;0.0012000001;992;j
RS;sdiinc992j;p99.92p99.93;1994;0.0012000001;992;j
RS;sdiinc992j;p99.92p99.93;1995;0.0012000001;992;j
RS;sdiinc992j;p99.92p99.93;1996;0.0012000001;992;j
RS;sdiinc992j;p99.92p99.93;1997;0.0012000001;992;j
RS;sdiinc992j;p99.92p99.93;1998;0.0012000001;992;j
RS;sdiinc992j;p99.92p99.93;1999;0.0014;992;j
RS;sdiinc992j;p99.92p99.93;2000;0.0014;992;j
RS;sdiinc992j;p99.92p99.93;2001;0.0015;992;j
RS;sdiinc992j;p99.92p99.93;2002;0.0015;992;j
RS;sdiinc992j;p99.92p99.93;2003;0.0015;992;j
RS;sdiinc992j;p99.92p99.93;2004;0.0015;992;j
RS;sdiinc992j;p99.92p99.93;2005;0.0016;992;j
RS;sdiinc992j;p99.92p99.93;2006;0.0016;992;j
RS;sdiinc992j;p99.92p99.93;2007;0.0015;992;j
RS;sdiinc992j;p99.92p99.93;2008;0.0015;992;j
RS;sdiinc992j;p99.92p99.93;2009;0.0016;992;j
RS;sdiinc992j;p99.92p99.93;2010;0.0016;992;j
RS;sdiinc992j;p99.92p99.93;2011;0.0016;992;j
RS;sdiinc992j;p99.92p99.93;2012;0.0019;992;j
RS;sdiinc992j;p99.92p99.93;2013;0.0017;992;j
RS;sdiinc992j;p99.92p99.93;2014;0.0020999999;992;j
RS;sdiinc992j;p99.92p99.93;2015;0.0026;992;j
RS;sdiinc992j;p99.92p99.93;2016;0.0026;992;j
RS;sdiinc992j;p99.92p99.93;2017;0.0026;992;j
RS;sptinc992j;p22p23;1990;0.0037;992;j
RS;sptinc992j;p22p23;1991;0.0037;992;j
RS;sptinc992j;p22p23;1992;0.0037;992;j
RS;sptinc992j;p22p23;1993;0.0037;992;j
RS;sptinc992j;p22p23;1994;0.0037;992;j
RS;sptinc992j;p22p23;1995;0.0037;992;j
RS;sptinc992j;p22p23;1996;0.0037;992;j
RS;sptinc992j;p22p23;1997;0.0037;992;j
RS;sptinc992j;p22p23;1998;0.0038000001;992;j
RS;sptinc992j;p22p23;1999;0.0038000001;992;j
RS;sptinc992j;p22p23;2000;0.0037;992;j
RS;sptinc992j;p22p23;2001;0.0037;992;j
RS;sptinc992j;p22p23;2002;0.0034;992;j
RS;sptinc992j;p22p23;2003;0.0034;992;j
RS;sptinc992j;p22p23;2004;0.0031999999;992;j
RS;sptinc992j;p22p23;2005;0.003;992;j
RS;sptinc992j;p22p23;2006;0.0029;992;j
RS;sptinc992j;p22p23;2007;0.0027999999;992;j
RS;sptinc992j;p22p23;2008;0.0026;992;j
RS;sptinc992j;p22p23;2009;0.0024999999;992;j
RS;sptinc992j;p22p23;2010;0.0023000001;992;j
RS;sptinc992j;p22p23;2011;0.0020000001;992;j
RS;sptinc992j;p22p23;2012;0.0018;992;j
RS;sptinc992j;p22p23;2013;0.0018;992;j
RS;sptinc992j;p22p23;2014;0.0017;992;j
RS;sptinc992j;p22p23;2015;0.0018;992;j
RS;sptinc992j;p22p23;2016;0.0018;992;j
RS;sptinc992j;p22p23;2017;0.0018;992;j
RS;sptinc992j;p24p100;1990;0.94590002;992;j
RS;sptinc992j;p24p100;1991;0.94580001;992;j
RS;sptinc992j;p24p100;1992;0.94580001;992;j
RS;sptinc992j;p24p100;1993;0.94569999;992;j
RS;sptinc992j;p24p100;1994;0.94569999;992;j
RS;sptinc992j;p24p100;1995;0.94569999;992;j
RS;sptinc992j;p24p100;1996;0.94559997;992;j
RS;sptinc992j;p24p100;1997;0.94559997;992;j
RS;sptinc992j;p24p100;1998;0.94169998;992;j
RS;sptinc992j;p24p100;1999;0.94150001;992;j
RS;sptinc992j;p24p100;2000;0.94270003;992;j
RS;sptinc992j;p24p100;2001;0.94239998;992;j
RS;sptinc992j;p24p100;2002;0.94889998;992;j
RS;sptinc992j;p24p100;2003;0.9508;992;j
RS;sptinc992j;p24p100;2004;0.95469999;992;j
RS;sptinc992j;p24p100;2005;0.95789999;992;j
RS;sptinc992j;p24p100;2006;0.9623;992;j
RS;sptinc992j;p24p100;2007;0.9655;992;j
RS;sptinc992j;p24p100;2008;0.96960002;992;j
RS;sptinc992j;p24p100;2009;0.97240001;992;j
RS;sptinc992j;p24p100;2010;0.97479999;992;j
RS;sptinc992j;p24p100;2011;0.97860003;992;j
RS;sptinc992j;p24p100;2012;0.98019999;992;j
RS;sptinc992j;p24p100;2013;0.98180002;992;j
RS;sptinc992j;p24p100;2014;0.9824;992;j
RS;sptinc992j;p24p100;2015;0.98159999;992;j
RS;sptinc992j;p24p100;2016;0.98159999;992;j
RS;sptinc992j;p24p100;2017;0.9817;992;j
RS;sptinc992j;p47p100;1990;0.80769998;992;j
RS;sptinc992j;p47p100;1991;0.80830002;992;j
RS;sptinc992j;p47p100;1992;0.8089;992;j
RS;sptinc992j;p47p100;1993;0.80940002;992;j
RS;sptinc992j;p47p100;1994;0.81;992;j
RS;sptinc992j;p47p100;1995;0.81059998;992;j
RS;sptinc992j;p47p100;1996;0.81089997;992;j
RS;sptinc992j;p47p100;1997;0.81129998;992;j
RS;sptinc992j;p47p100;1998;0.80909997;992;j
RS;sptinc992j;p47p100;1999;0.80930001;992;j
RS;sptinc992j;p47p100;2000;0.81209999;992;j
RS;sptinc992j;p47p100;2001;0.81239998;992;j
RS;sptinc992j;p47p100;2002;0.82090002;992;j
RS;sptinc992j;p47p100;2003;0.82459998;992;j
RS;sptinc992j;p47p100;2004;0.83139998;992;j
RS;sptinc992j;p47p100;2005;0.83810002;992;j
RS;sptinc992j;p47p100;2006;0.84490001;992;j
RS;sptinc992j;p47p100;2007;0.84729999;992;j
RS;sptinc992j;p47p100;2008;0.85390002;992;j
RS;sptinc992j;p47p100;2009;0.8585;992;j
RS;sptinc992j;p47p100;2010;0.86479998;992;j
RS;sptinc992j;p47p100;2011;0.87339997;992;j
RS;sptinc992j;p47p100;2012;0.87629998;992;j
RS;sptinc992j;p47p100;2013;0.8768;992;j
RS;sptinc992j;p47p100;2014;0.88129997;992;j
RS;sptinc992j;p47p100;2015;0.8761;992;j
RS;sptinc992j;p47p100;2016;0.8761;992;j
RS;sptinc992j;p47p100;2017;0.87629998;992;j
RS;tcainc992j;p0p90;1990;37965.398;992;j
RS;tcainc992j;p0p90;1991;27859.801;992;j
RS;tcainc992j;p0p90;1992;15655.3;992;j
RS;tcainc992j;p0p90;1993;7957.3999;992;j
RS;tcainc992j;p0p90;1994;5954.7002;992;j
RS;tcainc992j;p0p90;1995;4193.8999;992;j
RS;tcainc992j;p0p90;1996;1911.9;992;j
RS;tcainc992j;p0p90;1997;-496.79999;992;j
RS;tcainc992j;p0p90;1998;222.39999;992;j
RS;tcainc992j;p0p90;1999;1129.6;992;j
RS;tcainc992j;p0p90;2000;-2923.2;992;j
RS;tcainc992j;p0p90;2001;-3174.1001;992;j
RS;tcainc992j;p0p90;2002;-5736.1001;992;j
RS;tcainc992j;p0p90;2003;1330.5;992;j
RS;tcainc992j;p0p90;2004;2321.3;992;j
RS;tcainc992j;p0p90;2005;2283.8999;992;j
RS;tcainc992j;p0p90;2006;4287.3999;992;j
RS;tcainc992j;p0p90;2007;-13152510.0;992;j
RS;tcainc992j;p0p90;2008;-21086188.0;992;j
RS;tcainc992j;p0p90;2009;9980.7002;992;j
RS;tcainc992j;p0p90;2010;10054.0;992;j
RS;tcainc992j;p0p90;2011;9045.0996;992;j
RS;tcainc992j;p0p90;2012;6743.1001;992;j
RS;tcainc992j;p0p90;2013;-14144.5;992;j
RS;tcainc992j;p0p90;2014;21598.1;992;j
RS;tcainc992j;p0p90;2015;12758.3;992;j
RS;tcainc992j;p0p90;2016;12006.7;992;j
RS;tcainc992j;p0p90;2017;10735.9;992;j
RS;tcainc992j;p18p100;1990;171412.59;992;j
RS;tcainc992j;p18p100;1991;150156.0;992;j
RS;tcainc992j;p18p100;1992;103914.7;992;j
RS;tcainc992j;p18p100;1993;68281.398;992;j
RS;tcainc992j;p18p100;1994;71588.703;992;j
RS;tcainc992j;p18p100;1995;77076.297;992;j
RS;tcainc992j;p18p100;1996;78860.297;992;j
RS;tcainc992j;p18p100;1997;84353.102;992;j
RS;tcainc992j;p18p100;1998;99661.398;992;j
RS;tcainc992j;p18p100;1999;113221.1;992;j
RS;tcainc992j;p18p100;2000;119524.0;992;j
RS;tcainc992j;p18p100;2001;114804.0;992;j
RS;tcainc992j;p18p100;2002;108409.7;992;j
RS;tcainc992j;p18p100;2003;114594.6;992;j
RS;tcainc992j;p18p100;2004;120186.4;992;j
RS;tcainc992j;p18p100;2005;134531.91;992;j
RS;tcainc992j;p18p100;2006;126099.6;992;j
RS;tcainc992j;p18p100;2007;121221.6;992;j
RS;tcainc992j;p18p100;2008;121255.9;992;j
RS;tcainc992j;p18p100;2009;120874.3;992;j
RS;tcainc992j;p18p100;2010;102583.8;992;j
RS;tcainc992j;p18p100;2011;91046.797;992;j
RS;tcainc992j;p18p100;2012;89887.203;992;j
RS;tcainc992j;p18p100;2013;78978.398;992;j
RS;tcainc992j;p18p100;2014;112652.1;992;j
RS;tcainc992j;p18p100;2015;89664.297;992;j
RS;tcainc992j;p18p100;2016;93172.898;992;j
RS;tcainc992j;p18p100;2017;93049.898;992;j
RS;tcainc992j;p38p100;1990;348149.69;992;j
RS;tcainc992j;p38p100;1991;302976.0;992;j
RS;tcainc992j;p38p100;1992;207989.09;992;j
RS;tcainc992j;p38p100;1993;135169.91;992;j
RS;tcainc992j;p38p100;1994;139504.2;992;j
RS;tcainc992j;p38p100;1995;147431.3;992;j
RS;tcainc992j;p38p100;1996;149249.2;992;j
RS;tcainc992j;p38p100;1997;158051.41;992;j
RS;tcainc992j;p38p100;1998;168100.41;992;j
RS;tcainc992j;p38p100;1999;191582.8;992;j
RS;tcainc992j;p38p100;2000;205650.41;992;j
RS;tcainc992j;p38p100;2001;200141.09;992;j
RS;tcainc992j;p38p100;2002;204666.2;992;j
RS;tcainc992j;p38p100;2003;215285.91;992;j
RS;tcainc992j;p38p100;2004;251304.5;992;j
RS;tcainc992j;p38p100;2005;279773.69;992;j
RS;tcainc992j;p38p100;2006;290762.0;992;j
RS;tcainc992j;p38p100;2007;289195.91;992;j
RS;tcainc992j;p38p100;2008;307925.19;992;j
RS;tcainc992j;p38p100;2009;299295.19;992;j
RS;tcainc992j;p38p100;2010;291520.81;992;j
RS;tcainc992j;p38p100;2011;286750.59;992;j
RS;tcainc992j;p38p100;2012;279928.41;992;j
RS;tcainc992j;p38p100;2013;277811.69;992;j
RS;tcainc992j;p38p100;2014;276718.81;992;j
RS;tcainc992j;p38p100;2015;272420.91;992;j
RS;tcainc992j;p38p100;2016;282661.09;992;j
RS;tcainc992j;p38p100;2017;282720.31;992;j
RS;tcainc992j;p43p100;1990;377843.31;992;j
RS;tcainc992j;p43p100;1991;329146.59;992;j
RS;tcainc992j;p43p100;1992;225943.59;992;j
RS;tcainc992j;p43p100;1993;146637.8;992;j
RS;tcainc992j;p43p100;1994;151506.3;992;j
RS;tcainc992j;p43p100;1995;160258.5;992;j
RS;tcainc992j;p43p100;1996;162104.3;992;j
RS;tcainc992j;p43p100;1997;171709.91;992;j
RS;tcainc992j;p43p100;1998;183534.91;992;j
RS;tcainc992j;p43p100;1999;209056.09;992;j
RS;tcainc992j;p43p100;2000;225065.3;992;j
RS;tcainc992j;p43p100;2001;218050.5;992;j
RS;tcainc992j;p43p100;2002;225936.2;992;j
RS;tcainc992j;p43p100;2003;237151.8;992;j
RS;tcainc992j;p43p100;2004;280544.19;992;j
RS;tcainc992j;p43p100;2005;311411.69;992;j
RS;tcainc992j;p43p100;2006;324311.31;992;j
RS;tcainc992j;p43p100;2007;322109.31;992;j
RS;tcainc992j;p43p100;2008;341435.69;992;j
RS;tcainc992j;p43p100;2009;334454.41;992;j
RS;tcainc992j;p43p100;2010;326680.19;992;j
RS;tcainc992j;p43p100;2011;322953.0;992;j
RS;tcainc992j;p43p100;2012;317328.69;992;j
RS;tcainc992j;p43p100;2013;323559.31;992;j
RS;tcainc992j;p43p100;2014;315498.59;992;j
RS;tcainc992j;p43p100;2015;310394.09;992;j
RS;tcainc992j;p43p100;2016;321990.81;992;j
RS;tcainc992j;p43p100;2017;322032.09;992;j
RS;tcainc992j;p94p100;1990;1065902.1;992;j
RS;tcainc992j;p94p100;1991;925494.88;992;j
RS;tcainc992j;p94p100;1992;634521.81;992;j
RS;tcainc992j;p94p100;1993;411290.31;992;j
RS;tcainc992j;p94p100;1994;423146.59;992;j
RS;tcainc992j;p94p100;1995;446020.19;992;j
RS;tcainc992j;p94p100;1996;448738.0;992;j
RS;tcainc992j;p94p100;1997;472573.81;992;j
RS;tcainc992j;p94p100;1998;520192.09;992;j
RS;tcainc992j;p94p100;1999;591484.19;992;j
RS;tcainc992j;p94p100;2000;645931.88;992;j
RS;tcainc992j;p94p100;2001;628635.63;992;j
RS;tcainc992j;p94p100;2002;671418.88;992;j
RS;tcainc992j;p94p100;2003;715971.31;992;j
RS;tcainc992j;p94p100;2004;876636.81;992;j
RS;tcainc992j;p94p100;2005;1012652.7;992;j
RS;tcainc992j;p94p100;2006;1092840.4;992;j
RS;tcainc992j;p94p100;2007;1104689.3;992;j
RS;tcainc992j;p94p100;2008;1201075.8;992;j
RS;tcainc992j;p94p100;2009;1186539.1;992;j
RS;tcainc992j;p94p100;2010;1230882.4;992;j
RS;tcainc992j;p94p100;2011;1274852.0;992;j
RS;tcainc992j;p94p100;2012;1227770.0;992;j
RS;tcainc992j;p94p100;2013;1281137.6;992;j
RS;tcainc992j;p94p100;2014;1169311.0;992;j
RS;tcainc992j;p94p100;2015;1158322.3;992;j
RS;tcainc992j;p94p100;2016;1201334.8;992;j
RS;tcainc992j;p94p100;2017;1202494.3;992;j
RS;tdiinc992j;p23p100;1990;343121.69;992;j
RS;tdiinc992j;p23p100;1991;301546.81;992;j
RS;tdiinc992j;p23p100;1992;209336.2;992;j
RS;tdiinc992j;p23p100;1993;137554.5;992;j
RS;tdiinc992j;p23p100;1994;143555.5;992;j
RS;tdiinc992j;p23p100;1995;153744.59;992;j
RS;tdiinc992j;p23p100;1996;157354.41;992;j
RS;tdiinc992j;p23p100;1997;169873.5;992;j
RS;tdiinc992j;p23p100;1998;181682.7;992;j
RS;tdiinc992j;p23p100;1999;195627.8;992;j
RS;tdiinc992j;p23p100;2000;217929.8;992;j
RS;tdiinc992j;p23p100;2001;218383.41;992;j
RS;tdiinc992j;p23p100;2002;226598.41;992;j
RS;tdiinc992j;p23p100;2003;231628.41;992;j
RS;tdiinc992j;p23p100;2004;246205.91;992;j
RS;tdiinc992j;p23p100;2005;269595.59;992;j
RS;tdiinc992j;p23p100;2006;269637.59;992;j
RS;tdiinc992j;p23p100;2007;276522.5;992;j
RS;tdiinc992j;p23p100;2008;285859.31;992;j
RS;tdiinc992j;p23p100;2009;262041.5;992;j
RS;tdiinc992j;p23p100;2010;243423.0;992;j
RS;tdiinc992j;p23p100;2011;223108.09;992;j
RS;tdiinc992j;p23p100;2012;231076.2;992;j
RS;tdiinc992j;p23p100;2013;203028.2;992;j
RS;tdiinc992j;p23p100;2014;229691.8;992;j
RS;tdiinc992j;p23p100;2015;205234.09;992;j
RS;tdiinc992j;p23p100;2016;205586.5;992;j
RS;tdiinc992j;p23p100;2017;205769.59;992;j
RS;tdiinc992j;p7p100;1990;165918.5;992;j
RS;tdiinc992j;p7p100;1991;144385.59;992;j
RS;tdiinc992j;p7p100;1992;98697.203;992;j
RS;tdiinc992j;p7p100;1993;64432.602;992;j
RS;tdiinc992j;p7p100;1994;67665.703;992;j
RS;tdiinc992j;p7p100;1995;71937.797;992;j
RS;tdiinc992j;p7p100;1996;74139.797;992;j
RS;tdiinc992j;p7p100;1997;80068.102;992;j
RS;tdiinc992j;p7p100;1998;86857.5;992;j
RS;tdiinc992j;p7p100;1999;93752.797;992;j
RS;tdiinc992j;p7p100;2000;100823.6;992;j
RS;tdiinc992j;p7p100;2001;100173.7;992;j
RS;tdiinc992j;p7p100;2002;90268.797;992;j
RS;tdiinc992j;p7p100;2003;96553.297;992;j
RS;tdiinc992j;p7p100;2004;96634.398;992;j
RS;tdiinc992j;p7p100;2005;102161.1;992;j
RS;tdiinc992j;p7p100;2006;95095.398;992;j
RS;tdiinc992j;p7p100;2007;89778.297;992;j
RS;tdiinc992j;p7p100;2008;95991.797;992;j
RS;tdiinc992j;p7p100;2009;96240.703;992;j
RS;tdiinc992j;p7p100;2010;92246.797;992;j
RS;tdiinc992j;p7p100;2011;82783.898;992;j
RS;tdiinc992j;p7p100;2012;78357.398;992;j
RS;tdiinc992j;p7p100;2013;105028.0;992;j
RS;tdiinc992j;p7p100;2014;148468.0;992;j
RS;tdiinc992j;p7p100;2015;120423.3;992;j
RS;tdiinc992j;p7p100;2016;116815.9;992;j
RS;tdiinc992j;p7p100;2017;116650.5;992;j
RS;tdiinc992j;p96p100;1990;1664825.3;992;j
RS;tdiinc992j;p96p100;1991;1446766.9;992;j
RS;tdiinc992j;p96p100;1992;993972.5;992;j
RS;tdiinc992j;p96p100;1993;646058.31;992;j
RS;tdiinc992j;p96p100;1994;665818.13;992;j
RS;tdiinc992j;p96p100;1995;703022.0;992;j
RS;tdiinc992j;p96p100;1996;707402.63;992;j
RS;tdiinc992j;p96p100;1997;747933.0;992;j
RS;tdiinc992j;p96p100;1998;796376.31;992;j
RS;tdiinc992j;p96p100;1999;876976.38;992;j
RS;tdiinc992j;p96p100;2000;976262.13;992;j
RS;tdiinc992j;p96p100;2001;974109.81;992;j
RS;tdiinc992j;p96p100;2002;1071150.0;992;j
RS;tdiinc992j;p96p100;2003;1132329.0;992;j
RS;tdiinc992j;p96p100;2004;1301942.6;992;j
RS;tdiinc992j;p96p100;2005;1473865.5;992;j
RS;tdiinc992j;p96p100;2006;1601108.3;992;j
RS;tdiinc992j;p96p100;2007;1662657.6;992;j
RS;tdiinc992j;p96p100;2008;1801533.0;992;j
RS;tdiinc992j;p96p100;2009;1769606.6;992;j
RS;tdiinc992j;p96p100;2010;1835461.1;992;j
RS;tdiinc992j;p96p100;2011;1896516.0;992;j
RS;tdiinc992j;p96p100;2012;1828119.1;992;j
RS;tdiinc992j;p96p100;2013;1905426.8;992;j
RS;tdiinc992j;p96p100;2014;1733297.6;992;j
RS;tdiinc992j;p96p100;2015;1727292.4;992;j
RS;tdiinc992j;p96p100;2016;1794373.8;992;j
RS;tdiinc992j;p96p100;2017;1806631.3;992;j
RS;tptinc992j;p40p100;1990;492727.09;992;j
RS;tptinc992j;p40p100;1991;424755.31;992;j
RS;tptinc992j;p40p100;1992;288881.19;992;j
RS;tptinc992j;p40p100;1993;185998.3;992;j
RS;tptinc992j;p40p100;1994;190152.0;992;j
RS;tptinc992j;p40p100;1995;199263.2;992;j
RS;tptinc992j;p40p100;1996;199920.91;992;j
RS;tptinc992j;p40p100;1997;210567.0;992;j
RS;tptinc992j;p40p100;1998;215852.41;992;j
RS;tptinc992j;p40p100;1999;235927.3;992;j
RS;tptinc992j;p40p100;2000;256723.91;992;j
RS;tptinc992j;p40p100;2001;255574.7;992;j
RS;tptinc992j;p40p100;2002;272687.81;992;j
RS;tptinc992j;p40p100;2003;283965.0;992;j
RS;tptinc992j;p40p100;2004;314325.09;992;j
RS;tptinc992j;p40p100;2005;342641.69;992;j
RS;tptinc992j;p40p100;2006;357635.69;992;j
RS;tptinc992j;p40p100;2007;372458.69;992;j
RS;tptinc992j;p40p100;2008;392197.69;992;j
RS;tptinc992j;p40p100;2009;381779.31;992;j
RS;tptinc992j;p40p100;2010;373820.19;992;j
RS;tptinc992j;p40p100;2011;365019.09;992;j
RS;tptinc992j;p40p100;2012;360031.31;992;j
RS;tptinc992j;p40p100;2013;373682.91;992;j
RS;tptinc992j;p40p100;2014;355394.59;992;j
RS;tptinc992j;p40p100;2015;368290.69;992;j
RS;tptinc992j;p40p100;2016;379590.09;992;j
RS;tptinc992j;p40p100;2017;381547.0;992;j
RS;tptinc992j;p44p100;1990;536348.0;992;j
RS;tptinc992j;p44p100;1991;462084.19;992;j
RS;tptinc992j;p44p100;1992;314343.59;992;j
RS;tptinc992j;p44p100;1993;202314.2;992;j
RS;tptinc992j;p44p100;1994;206570.59;992;j
RS;tptinc992j;p44p100;1995;216297.8;992;j
RS;tptinc992j;p44p100;1996;216598.91;992;j
RS;tptinc992j;p44p100;1997;228080.09;992;j
RS;tptinc992j;p44p100;1998;235270.0;992;j
RS;tptinc992j;p44p100;1999;257155.5;992;j
RS;tptinc992j;p44p100;2000;279896.91;992;j
RS;tptinc992j;p44p100;2001;278716.31;992;j
RS;tptinc992j;p44p100;2002;297802.19;992;j
RS;tptinc992j;p44p100;2003;310710.41;992;j
RS;tptinc992j;p44p100;2004;346239.5;992;j
RS;tptinc992j;p44p100;2005;376970.09;992;j
RS;tptinc992j;p44p100;2006;393982.0;992;j
RS;tptinc992j;p44p100;2007;410888.69;992;j
RS;tptinc992j;p44p100;2008;434593.19;992;j
RS;tptinc992j;p44p100;2009;424732.91;992;j
RS;tptinc992j;p44p100;2010;415274.81;992;j
RS;tptinc992j;p44p100;2011;407398.31;992;j
RS;tptinc992j;p44p100;2012;402414.5;992;j
RS;tptinc992j;p44p100;2013;422794.19;992;j
RS;tptinc992j;p44p100;2014;400205.59;992;j
RS;tptinc992j;p44p100;2015;412428.19;992;j
RS;tptinc992j;p44p100;2016;425204.09;992;j
RS;tptinc992j;p44p100;2017;427585.41;992;j
RS;tptinc992j;p85p86;1990;1161474.1;992;j
RS;tptinc992j;p85p86;1991;1004410.1;992;j
RS;tptinc992j;p85p86;1992;685022.88;992;j
RS;tptinc992j;p85p86;1993;442820.91;992;j
RS;tptinc992j;p85p86;1994;454647.59;992;j
RS;tptinc992j;p85p86;1995;478123.31;992;j
RS;tptinc992j;p85p86;1996;480493.5;992;j
RS;tptinc992j;p85p86;1997;507881.69;992;j
RS;tptinc992j;p85p86;1998;525393.38;992;j
RS;tptinc992j;p85p86;1999;573393.88;992;j
RS;tptinc992j;p85p86;2000;623111.88;992;j
RS;tptinc992j;p85p86;2001;617837.63;992;j
RS;tptinc992j;p85p86;2002;674486.63;992;j
RS;tptinc992j;p85p86;2003;708845.88;992;j
RS;tptinc992j;p85p86;2004;804824.31;992;j
RS;tptinc992j;p85p86;2005;909898.5;992;j
RS;tptinc992j;p85p86;2006;969550.81;992;j
RS;tptinc992j;p85p86;2007;1023058.3;992;j
RS;tptinc992j;p85p86;2008;1105911.4;992;j
RS;tptinc992j;p85p86;2009;1092297.4;992;j
RS;tptinc992j;p85p86;2010;1102044.3;992;j
RS;tptinc992j;p85p86;2011;1117339.0;992;j
RS;tptinc992j;p85p86;2012;1131224.1;992;j
RS;tptinc992j;p85p86;2013;1170861.0;992;j
RS;tptinc992j;p85p86;2014;1116949.6;992;j
RS;tptinc992j;p85p86;2015;1113075.8;992;j
RS;tptinc992j;p85p86;2016;1147743.9;992;j
RS;tptinc992j;p85p86;2017;1155008.5;992;j
RS;tptinc992j;p87p100;1990;1209306.6;992;j
RS;tptinc992j;p87p100;1991;1046121.4;992;j
RS;tptinc992j;p87p100;1992;713613.0;992;j
RS;tptinc992j;p87p100;1993;461529.5;992;j
RS;tptinc992j;p87p100;1994;474318.09;992;j
RS;tptinc992j;p87p100;1995;499170.19;992;j
RS;tptinc992j;p87p100;1996;501841.0;992;j
RS;tptinc992j;p87p100;1997;530460.0;992;j
RS;tptinc992j;p87p100;1998;554053.31;992;j
RS;tptinc992j;p87p100;1999;601753.69;992;j
RS;tptinc992j;p87p100;2000;654219.13;992;j
RS;tptinc992j;p87p100;2001;645797.19;992;j
RS;tptinc992j;p87p100;2002;704061.31;992;j
RS;tptinc992j;p87p100;2003;746052.38;992;j
RS;tptinc992j;p87p100;2004;848465.19;992;j
RS;tptinc992j;p87p100;2005;964676.81;992;j
RS;tptinc992j;p87p100;2006;1031211.3;992;j
RS;tptinc992j;p87p100;2007;1090275.5;992;j
RS;tptinc992j;p87p100;2008;1176610.8;992;j
RS;tptinc992j;p87p100;2009;1165073.6;992;j
RS;tptinc992j;p87p100;2010;1172591.3;992;j
RS;tptinc992j;p87p100;2011;1191483.5;992;j
RS;tptinc992j;p87p100;2012;1209720.3;992;j
RS;tptinc992j;p87p100;2013;1239512.4;992;j
RS;tptinc992j;p87p100;2014;1184040.8;992;j
RS;tptinc992j;p87p100;2015;1196103.9;992;j
RS;tptinc992j;p87p100;2016;1232978.5;992;j
RS;tptinc992j;p87p100;2017;1240861.8;992;j
RS;acainc992j;p27p100;1990;658099.88;992;j
RS;acainc992j;p27p100;1991;570622.81;992;j
RS;acainc992j;p27p100;1992;390167.31;992;j
RS;acainc992j;p27p100;1993;252636.91;992;j
RS;acainc992j;p27p100;1994;259792.91;992;j
RS;acainc992j;p27p100;1995;273775.0;992;j
RS;acainc992j;p27p100;1996;275533.19;992;j
RS;acainc992j;p27p100;1997;290251.69;992;j
RS;acainc992j;p27p100;1998;316712.5;992;j
RS;acainc992j;p27p100;1999;361572.31;992;j
RS;acainc992j;p27p100;2000;393034.19;992;j
RS;acainc992j;p27p100;2001;383430.69;992;j
RS;acainc992j;p27p100;2002;404402.81;992;j
RS;acainc992j;p27p100;2003;426977.59;992;j
RS;acainc992j;p27p100;2004;514408.91;992;j
RS;acainc992j;p27p100;2005;587322.0;992;j
RS;acainc992j;p27p100;2006;623155.0;992;j
RS;acainc992j;p27p100;2007;624230.31;992;j
RS;acainc992j;p27p100;2008;670226.31;992;j
RS;acainc992j;p27p100;2009;664646.13;992;j
RS;acainc992j;p27p100;2010;671408.19;992;j
RS;acainc992j;p27p100;2011;681975.69;992;j
RS;acainc992j;p27p100;2012;681806.31;992;j
RS;acainc992j;p27p100;2013;697898.69;992;j
RS;acainc992j;p27p100;2014;672408.5;992;j
RS;acainc992j;p27p100;2015;687540.88;992;j
RS;acainc992j;p27p100;2016;713012.13;992;j
RS;acainc992j;p27p100;2017;713686.5;992;j
RS;acainc992j;p76p100;1990;1077405.8;992;j
RS;acainc992j;p76p100;1991;931039.5;992;j
RS;acainc992j;p76p100;1992;635042.81;992;j
RS;acainc992j;p76p100;1993;410544.09;992;j
RS;acainc992j;p76p100;1994;421422.59;992;j
RS;acainc992j;p76p100;1995;443368.0;992;j
RS;acainc992j;p76p100;1996;444740.19;992;j
RS;acainc992j;p76p100;1997;466929.5;992;j
RS;acainc992j;p76p100;1998;513275.0;992;j
RS;acainc992j;p76p100;1999;590319.69;992;j
RS;acainc992j;p76p100;2000;648320.88;992;j
RS;acainc992j;p76p100;2001;636181.69;992;j
RS;acainc992j;p76p100;2002;677391.19;992;j
RS;acainc992j;p76p100;2003;718334.88;992;j
RS;acainc992j;p76p100;2004;874925.19;992;j
RS;acainc992j;p76p100;2005;1011633.9;992;j
RS;acainc992j;p76p100;2006;1084420.1;992;j
RS;acainc992j;p76p100;2007;1085792.1;992;j
RS;acainc992j;p76p100;2008;1171556.0;992;j
RS;acainc992j;p76p100;2009;1173331.8;992;j
RS;acainc992j;p76p100;2010;1204345.3;992;j
RS;acainc992j;p76p100;2011;1239367.9;992;j
RS;acainc992j;p76p100;2012;1248136.3;992;j
RS;acainc992j;p76p100;2013;1275937.3;992;j
RS;acainc992j;p76p100;2014;1229391.8;992;j
RS;acainc992j;p76p100;2015;1292469.5;992;j
RS;acainc992j;p76p100;2016;1340353.9;992;j
RS;acainc992j;p76p100;2017;1341910.5;992;j
RS;acainc992j;p89p90;1990;902555.63;992;j
RS;acainc992j;p89p90;1991;781069.5;992;j
RS;acainc992j;p89p90;1992;532515.5;992;j
RS;acainc992j;p89p90;1993;343255.0;992;j
RS;acainc992j;p89p90;1994;351928.69;992;j
RS;acainc992j;p89p90;1995;369753.5;992;j
RS;acainc992j;p89p90;1996;371242.5;992;j
RS;acainc992j;p89p90;1997;390160.09;992;j
RS;acainc992j;p89p90;1998;428563.09;992;j
RS;acainc992j;p89p90;1999;485495.91;992;j
RS;acainc992j;p89p90;2000;522145.5;992;j
RS;acainc992j;p89p90;2001;506142.59;992;j
RS;acainc992j;p89p90;2002;535533.38;992;j
RS;acainc992j;p89p90;2003;576002.13;992;j
RS;acainc992j;p89p90;2004;709104.31;992;j
RS;acainc992j;p89p90;2005;818004.63;992;j
RS;acainc992j;p89p90;2006;871118.38;992;j
RS;acainc992j;p89p90;2007;881241.0;992;j
RS;acainc992j;p89p90;2008;950103.5;992;j
RS;acainc992j;p89p90;2009;942625.19;992;j
RS;acainc992j;p89p90;2010;968145.13;992;j
RS;acainc992j;p89p90;2011;995532.31;992;j
RS;acainc992j;p89p90;2012;969694.13;992;j
RS;acainc992j;p89p90;2013;1011477.1;992;j
RS;acainc992j;p89p90;2014;939703.5;992;j
RS;acainc992j;p89p90;2015;925564.0;992;j
RS;acainc992j;p89p90;2016;959809.88;992;j
RS;acainc992j;p89p90;2017;960761.31;992;j
RS;acainc992j;p99.2p100;1990;4566984.0;992;j
RS;acainc992j;p99.2p100;1991;3882735.5;992;j
RS;acainc992j;p99.2p100;1992;2599220.3;992;j
RS;acainc992j;p99.2p100;1993;1667381.9;992;j
RS;acainc992j;p99.2p100;1994;1702186.8;992;j
RS;acainc992j;p99.2p100;1995;1784004.5;992;j
RS;acainc992j;p99.2p100;1996;1768587.3;992;j
RS;acainc992j;p99.2p100;1997;1833962.5;992;j
RS;acainc992j;p99.2p100;1998;2072310.6;992;j
RS;acainc992j;p99.2p100;1999;2556326.5;992;j
RS;acainc992j;p99.2p100;2000;2944918.3;992;j
RS;acainc992j;p99.2p100;2001;3045909.8;992;j
RS;acainc992j;p99.2p100;2002;3213290.0;992;j
RS;acainc992j;p99.2p100;2003;3356389.0;992;j
RS;acainc992j;p99.2p100;2004;4067566.0;992;j
RS;acainc992j;p99.2p100;2005;4819305.0;992;j
RS;acainc992j;p99.2p100;2006;5106097.0;992;j
RS;acainc992j;p99.2p100;2007;4869199.5;992;j
RS;acainc992j;p99.2p100;2008;5099656.0;992;j
RS;acainc992j;p99.2p100;2009;5419121.0;992;j
RS;acainc992j;p99.2p100;2010;5519921.0;992;j
RS;acainc992j;p99.2p100;2011;5666548.0;992;j
RS;acainc992j;p99.2p100;2012;6516694.0;992;j
RS;acainc992j;p99.2p100;2013;6066100.5;992;j
RS;acainc992j;p99.2p100;2014;7242985.0;992;j
RS;acainc992j;p99.2p100;2015;9184740.0;992;j
RS;acainc992j;p99.2p100;2016;9527602.0;992;j
RS;acainc992j;p99.2p100;2017;9545114.0;992;j
RS;acainc992j;p99.991p100;1990;47479796.0;992;j
RS;acainc992j;p99.991p100;1991;38446376.0;992;j
RS;acainc992j;p99.991p100;1992;24022518.0;992;j
RS;acainc992j;p99.991p100;1993;14678497.0;992;j
RS;acainc992j;p99.991p100;1994;14509814.0;992;j
RS;acainc992j;p99.991p100;1995;14787133.0;992;j
RS;acainc992j;p99.991p100;1996;14208470.0;992;j
RS;acainc992j;p99.991p100;1997;14239388.0;992;j
RS;acainc992j;p99.991p100;1998;16700151.0;992;j
RS;acainc992j;p99.991p100;1999;23563942.0;992;j
RS;acainc992j;p99.991p100;2000;27220658.0;992;j
RS;acainc992j;p99.991p100;2001;31093850.0;992;j
RS;acainc992j;p99.991p100;2002;30352844.0;992;j
RS;acainc992j;p99.991p100;2003;31834498.0;992;j
RS;acainc992j;p99.991p100;2004;38730572.0;992;j
RS;acainc992j;p99.991p100;2005;47997444.0;992;j
RS;acainc992j;p99.991p100;2006;46139196.0;992;j
RS;acainc992j;p99.991p100;2007;39514580.0;992;j
RS;acainc992j;p99.991p100;2008;36890592.0;992;j
RS;acainc992j;p99.991p100;2009;45606140.0;992;j
RS;acainc992j;p99.991p100;2010;43362720.0;992;j
RS;acainc992j;p99.991p100;2011;42688168.0;992;j
RS;acainc992j;p99.991p100;2012;68524288.0;992;j
RS;acainc992j;p99.991p100;2013;51604388.0;992;j
RS;acainc992j;p99.991p100;2014;103849992.0;992;j
RS;acainc992j;p99.991p100;2015;179916432.0;992;j
RS;acainc992j;p99.991p100;2016;186752544.0;992;j
RS;acainc992j;p99.991p100;2017;187335984.0;992;j
RS;acfcnf992i;p0p100;1997;47882.102;992;i
RS;acfcnf992i;p0p100;1998;39829.898;992;i
RS;acfcnf992i;p0p100;1999;50692.0;992;i
RS;acfcnf992i;p0p100;2000;45945.0;992;i
RS;acfcnf992i;p0p100;2001;68081.703;992;i
RS;acfcnf992i;p0p100;2002;68079.0;992;i
RS;acfcnf992i;p0p100;2003;69018.703;992;i
RS;acfcnf992i;p0p100;2004;58207.5;992;i
RS;acfcnf992i;p0p100;2005;56842.398;992;i
RS;acfcnf992i;p0p100;2006;58278.102;992;i
RS;acfcnf992i;p0p100;2007;72707.398;992;i
RS;acfcnf992i;p0p100;2008;75078.703;992;i
RS;acfcnf992i;p0p100;2009;71743.797;992;i
RS;acfcnf992i;p0p100;2010;69278.5;992;i
RS;acfcnf992i;p0p100;2011;71141.102;992;i
RS;adiinc992j;p0p1;1990;110468.1;992;j
RS;adiinc992j;p0p1;1991;90403.703;992;j
RS;adiinc992j;p0p1;1992;57781.199;992;j
RS;adiinc992j;p0p1;1993;34739.699;992;j
RS;adiinc992j;p0p1;1994;32913.699;992;j
RS;adiinc992j;p0p1;1995;31734.199;992;j
RS;adiinc992j;p0p1;1996;29003.4;992;j
RS;adiinc992j;p0p1;1997;28022.699;992;j
RS;adiinc992j;p0p1;1998;26477.301;992;j
RS;adiinc992j;p0p1;1999;26665.801;992;j
RS;adiinc992j;p0p1;2000;27921.4;992;j
RS;adiinc992j;p0p1;2001;28006.6;992;j
RS;adiinc992j;p0p1;2002;29271.0;992;j
RS;adiinc992j;p0p1;2003;39997.5;992;j
RS;adiinc992j;p0p1;2004;44448.699;992;j
RS;adiinc992j;p0p1;2005;50295.801;992;j
RS;adiinc992j;p0p1;2006;53827.398;992;j
RS;adiinc992j;p0p1;2007;52457.699;992;j
RS;adiinc992j;p0p1;2008;51663.301;992;j
RS;adiinc992j;p0p1;2009;67435.703;992;j
RS;adiinc992j;p0p1;2010;68307.398;992;j
RS;adiinc992j;p0p1;2011;64125.0;992;j
RS;adiinc992j;p0p1;2012;61730.898;992;j
RS;adiinc992j;p0p1;2013;86665.203;992;j
RS;adiinc992j;p0p1;2014;133098.5;992;j
RS;adiinc992j;p0p1;2015;106130.6;992;j
RS;adiinc992j;p0p1;2016;101826.4;992;j
RS;adiinc992j;p0p1;2017;101606.3;992;j
RS;adiinc992j;p51p52;1990;639713.31;992;j
RS;adiinc992j;p51p52;1991;556472.5;992;j
RS;adiinc992j;p51p52;1992;381568.41;992;j
RS;adiinc992j;p51p52;1993;247427.2;992;j
RS;adiinc992j;p51p52;1994;254804.5;992;j
RS;adiinc992j;p51p52;1995;268863.69;992;j
RS;adiinc992j;p51p52;1996;271428.19;992;j
RS;adiinc992j;p51p52;1997;288261.0;992;j
RS;adiinc992j;p51p52;1998;297392.81;992;j
RS;adiinc992j;p51p52;1999;322671.0;992;j
RS;adiinc992j;p51p52;2000;353260.41;992;j
RS;adiinc992j;p51p52;2001;350336.5;992;j
RS;adiinc992j;p51p52;2002;377649.31;992;j
RS;adiinc992j;p51p52;2003;393648.5;992;j
RS;adiinc992j;p51p52;2004;442159.31;992;j
RS;adiinc992j;p51p52;2005;484597.09;992;j
RS;adiinc992j;p51p52;2006;507900.31;992;j
RS;adiinc992j;p51p52;2007;526325.13;992;j
RS;adiinc992j;p51p52;2008;558087.38;992;j
RS;adiinc992j;p51p52;2009;542494.69;992;j
RS;adiinc992j;p51p52;2010;535295.5;992;j
RS;adiinc992j;p51p52;2011;529649.38;992;j
RS;adiinc992j;p51p52;2012;524057.59;992;j
RS;adiinc992j;p51p52;2013;536083.38;992;j
RS;adiinc992j;p51p52;2014;518809.59;992;j
RS;adiinc992j;p51p52;2015;515355.09;992;j
RS;adiinc992j;p51p52;2016;529053.13;992;j
RS;adiinc992j;p51p52;2017;531826.81;992;j
RS;adiinc992j;p72p73;1990;895662.63;992;j
RS;adiinc992j;p72p73;1991;777700.63;992;j
RS;adiinc992j;p72p73;1992;531941.69;992;j
RS;adiinc992j;p72p73;1993;344356.69;992;j
RS;adiinc992j;p72p73;1994;354107.0;992;j
RS;adiinc992j;p72p73;1995;373054.19;992;j
RS;adiinc992j;p72p73;1996;376094.0;992;j
RS;adiinc992j;p72p73;1997;398686.69;992;j
RS;adiinc992j;p72p73;1998;416586.81;992;j
RS;adiinc992j;p72p73;1999;450586.31;992;j
RS;adiinc992j;p72p73;2000;489705.0;992;j
RS;adiinc992j;p72p73;2001;485113.0;992;j
RS;adiinc992j;p72p73;2002;524883.5;992;j
RS;adiinc992j;p72p73;2003;552180.69;992;j
RS;adiinc992j;p72p73;2004;628061.38;992;j
RS;adiinc992j;p72p73;2005;695071.69;992;j
RS;adiinc992j;p72p73;2006;733955.88;992;j
RS;adiinc992j;p72p73;2007;765556.5;992;j
RS;adiinc992j;p72p73;2008;818473.38;992;j
RS;adiinc992j;p72p73;2009;798959.0;992;j
RS;adiinc992j;p72p73;2010;799813.19;992;j
RS;adiinc992j;p72p73;2011;798442.19;992;j
RS;adiinc992j;p72p73;2012;796273.69;992;j
RS;adiinc992j;p72p73;2013;836844.31;992;j
RS;adiinc992j;p72p73;2014;783953.0;992;j
RS;adiinc992j;p72p73;2015;763912.0;992;j
RS;adiinc992j;p72p73;2016;788525.0;992;j
RS;adiinc992j;p72p73;2017;793161.63;992;j
RS;adiinc992j;p99.994p99.995;1990;37765692.0;992;j
RS;adiinc992j;p99.994p99.995;1991;31179138.0;992;j
RS;adiinc992j;p99.994p99.995;1992;20012974.0;992;j
RS;adiinc992j;p99.994p99.995;1993;12463748.0;992;j
RS;adiinc992j;p99.994p99.995;1994;12473543.0;992;j
RS;adiinc992j;p99.994p99.995;1995;12848688.0;992;j
RS;adiinc992j;p99.994p99.995;1996;12480640.0;992;j
RS;adiinc992j;p99.994p99.995;1997;12692585.0;992;j
RS;adiinc992j;p99.994p99.995;1998;14285000.0;992;j
RS;adiinc992j;p99.994p99.995;1999;18674678.0;992;j
RS;adiinc992j;p99.994p99.995;2000;21747386.0;992;j
RS;adiinc992j;p99.994p99.995;2001;24490142.0;992;j
RS;adiinc992j;p99.994p99.995;2002;25142350.0;992;j
RS;adiinc992j;p99.994p99.995;2003;26189106.0;992;j
RS;adiinc992j;p99.994p99.995;2004;29958750.0;992;j
RS;adiinc992j;p99.994p99.995;2005;35801240.0;992;j
RS;adiinc992j;p99.994p99.995;2006;35752064.0;992;j
RS;adiinc992j;p99.994p99.995;2007;32591314.0;992;j
RS;adiinc992j;p99.994p99.995;2008;31400878.0;992;j
RS;adiinc992j;p99.994p99.995;2009;36742904.0;992;j
RS;adiinc992j;p99.994p99.995;2010;35669892.0;992;j
RS;adiinc992j;p99.994p99.995;2011;35520460.0;992;j
RS;adiinc992j;p99.994p99.995;2012;50562768.0;992;j
RS;adiinc992j;p99.994p99.995;2013;41133444.0;992;j
RS;adiinc992j;p99.994p99.995;2014;67046676.0;992;j
RS;adiinc992j;p99.994p99.995;2015;98830352.0;992;j
RS;adiinc992j;p99.994p99.995;2016;103239128.0;992;j
RS;adiinc992j;p99.994p99.995;2017;104132768.0;992;j
RS;aptinc992j;p14p100;1990;835796.0;992;j
RS;aptinc992j;p14p100;1991;725411.69;992;j
RS;aptinc992j;p14p100;1992;496566.19;992;j
RS;aptinc992j;p14p100;1993;321878.09;992;j
RS;aptinc992j;p14p100;1994;331357.91;992;j
RS;aptinc992j;p14p100;1995;349568.59;992;j
RS;aptinc992j;p14p100;1996;352230.19;992;j
RS;aptinc992j;p14p100;1997;373249.09;992;j
RS;aptinc992j;p14p100;1998;391693.31;992;j
RS;aptinc992j;p14p100;1999;428732.5;992;j
RS;aptinc992j;p14p100;2000;471650.59;992;j
RS;aptinc992j;p14p100;2001;470723.31;992;j
RS;aptinc992j;p14p100;2002;508410.31;992;j
RS;aptinc992j;p14p100;2003;534769.69;992;j
RS;aptinc992j;p14p100;2004;603040.13;992;j
RS;aptinc992j;p14p100;2005;673734.0;992;j
RS;aptinc992j;p14p100;2006;712790.38;992;j
RS;aptinc992j;p14p100;2007;736762.69;992;j
RS;aptinc992j;p14p100;2008;786112.5;992;j
RS;aptinc992j;p14p100;2009;773322.69;992;j
RS;aptinc992j;p14p100;2010;776069.38;992;j
RS;aptinc992j;p14p100;2011;779761.13;992;j
RS;aptinc992j;p14p100;2012;779024.81;992;j
RS;aptinc992j;p14p100;2013;798642.63;992;j
RS;aptinc992j;p14p100;2014;782932.31;992;j
RS;aptinc992j;p14p100;2015;788343.69;992;j
RS;aptinc992j;p14p100;2016;812738.38;992;j
RS;aptinc992j;p14p100;2017;817587.0;992;j
RS;aptinc992j;p60p100;1990;1278070.3;992;j
RS;aptinc992j;p60p100;1991;1111051.3;992;j
RS;aptinc992j;p60p100;1992;761676.19;992;j
RS;aptinc992j;p60p100;1993;494467.31;992;j
RS;aptinc992j;p60p100;1994;509802.19;992;j
RS;aptinc992j;p60p100;1995;538663.88;992;j
RS;aptinc992j;p60p100;1996;543291.19;992;j
RS;aptinc992j;p60p100;1997;576306.69;992;j
RS;aptinc992j;p60p100;1998;605435.38;992;j
RS;aptinc992j;p60p100;1999;663491.88;992;j
RS;aptinc992j;p60p100;2000;733897.88;992;j
RS;aptinc992j;p60p100;2001;733836.88;992;j
RS;aptinc992j;p60p100;2002;799371.19;992;j
RS;aptinc992j;p60p100;2003;844370.13;992;j
RS;aptinc992j;p60p100;2004;961641.88;992;j
RS;aptinc992j;p60p100;2005;1084077.3;992;j
RS;aptinc992j;p60p100;2006;1154946.0;992;j
RS;aptinc992j;p60p100;2007;1194400.3;992;j
RS;aptinc992j;p60p100;2008;1283301.3;992;j
RS;aptinc992j;p60p100;2009;1268673.9;992;j
RS;aptinc992j;p60p100;2010;1286195.1;992;j
RS;aptinc992j;p60p100;2011;1307379.9;992;j
RS;aptinc992j;p60p100;2012;1309698.1;992;j
RS;aptinc992j;p60p100;2013;1339364.0;992;j
RS;aptinc992j;p60p100;2014;1326301.8;992;j
RS;aptinc992j;p60p100;2015;1322749.3;992;j
RS;aptinc992j;p60p100;2016;1363726.9;992;j
RS;aptinc992j;p60p100;2017;1372248.9;992;j
RS;aptinc992j;p85p86;1990;1174418.0;992;j
RS;aptinc992j;p85p86;1991;1016010.5;992;j
RS;aptinc992j;p85p86;1992;693211.63;992;j
RS;aptinc992j;p85p86;1993;448090.59;992;j
RS;aptinc992j;p85p86;1994;459739.69;992;j
RS;aptinc992j;p85p86;1995;483234.31;992;j
RS;aptinc992j;p85p86;1996;485638.91;992;j
RS;aptinc992j;p85p86;1997;513345.19;992;j
RS;aptinc992j;p85p86;1998;531684.5;992;j
RS;aptinc992j;p85p86;1999;579717.38;992;j
RS;aptinc992j;p85p86;2000;629848.69;992;j
RS;aptinc992j;p85p86;2001;623903.13;992;j
RS;aptinc992j;p85p86;2002;681789.5;992;j
RS;aptinc992j;p85p86;2003;718111.31;992;j
RS;aptinc992j;p85p86;2004;816776.19;992;j
RS;aptinc992j;p85p86;2005;923032.88;992;j
RS;aptinc992j;p85p86;2006;984624.31;992;j
RS;aptinc992j;p85p86;2007;1039864.9;992;j
RS;aptinc992j;p85p86;2008;1125304.1;992;j
RS;aptinc992j;p85p86;2009;1112046.0;992;j
RS;aptinc992j;p85p86;2010;1119931.4;992;j
RS;aptinc992j;p85p86;2011;1134810.6;992;j
RS;aptinc992j;p85p86;2012;1148381.8;992;j
RS;aptinc992j;p85p86;2013;1187997.8;992;j
RS;aptinc992j;p85p86;2014;1132170.9;992;j
RS;aptinc992j;p85p86;2015;1133373.1;992;j
RS;aptinc992j;p85p86;2016;1168005.0;992;j
RS;aptinc992j;p85p86;2017;1174878.8;992;j
RS;atpigo992i;p0p100;1997;46133.199;992;i
RS;atpigo992i;p0p100;1998;51908.801;992;i
RS;atpigo992i;p0p100;1999;52151.398;992;i
RS;atpigo992i;p0p100;2000;56171.801;992;i
RS;atpigo992i;p0p100;2001;88613.297;992;i
RS;atpigo992i;p0p100;2002;117951.7;992;i
RS;atpigo992i;p0p100;2003;126749.5;992;i
RS;atpigo992i;p0p100;2004;128234.5;992;i
RS;atpigo992i;p0p100;2005;143111.7;992;i
RS;atpigo992i;p0p100;2006;140898.8;992;i
RS;atpigo992i;p0p100;2007;151523.91;992;i
RS;atpigo992i;p0p100;2008;164617.7;992;i
RS;atpigo992i;p0p100;2009;162610.2;992;i
RS;atpigo992i;p0p100;2010;167266.59;992;i
RS;atpigo992i;p0p100;2011;147908.3;992;i
RS;bcainc992j;p11p100;1990;4.6810346;992;j
RS;bcainc992j;p11p100;1991;4.5908203;992;j
RS;bcainc992j;p11p100;1992;4.5129199;992;j
RS;bcainc992j;p11p100;1993;4.4159708;992;j
RS;bcainc992j;p11p100;1994;4.3329039;992;j
RS;bcainc992j;p11p100;1995;4.2463002;992;j
RS;bcainc992j;p11p100;1996;4.1287665;992;j
RS;bcainc992j;p11p100;1997;4.0342503;992;j
RS;bcainc992j;p11p100;1998;3.6365499;992;j
RS;bcainc992j;p11p100;1999;3.6344745;992;j
RS;bcainc992j;p11p100;2000;3.7294927;992;j
RS;bcainc992j;p11p100;2001;3.7923007;992;j
RS;bcainc992j;p11p100;2002;4.3011475;992;j
RS;bcainc992j;p11p100;2003;4.7784252;992;j
RS;bcainc992j;p11p100;2004;5.6383824;992;j
RS;bcainc992j;p11p100;2005;6.4797025;992;j
RS;bcainc992j;p11p100;2006;7.4411807;992;j
RS;bcainc992j;p11p100;2007;8.4941406;992;j
RS;bcainc992j;p11p100;2008;9.1175156;992;j
RS;bcainc992j;p11p100;2009;9.451129;992;j
RS;bcainc992j;p11p100;2010;11.336421;992;j
RS;bcainc992j;p11p100;2011;14.107331;992;j
RS;bcainc992j;p11p100;2012;16.062971;992;j
RS;bcainc992j;p11p100;2013;11.564597;992;j
RS;bcainc992j;p11p100;2014;6.5561199;992;j
RS;bcainc992j;p11p100;2015;9.2222881;992;j
RS;bcainc992j;p11p100;2016;9.2071133;992;j
RS;bcainc992j;p11p100;2017;9.2283449;992;j
RS;bcainc992j;p68p100;1990;1.6435772;992;j
RS;bcainc992j;p68p100;1991;1.6306329;992;j
RS;bcainc992j;p68p100;1992;1.6291564;992;j
RS;bcainc992j;p68p100;1993;1.6269242;992;j
RS;bcainc992j;p68p100;1994;1.6261007;992;j
RS;bcainc992j;p68p100;1995;1.6254891;992;j
RS;bcainc992j;p68p100;1996;1.6207469;992;j
RS;bcainc992j;p68p100;1997;1.61652;992;j
RS;bcainc992j;p68p100;1998;1.6241215;992;j
RS;bcainc992j;p68p100;1999;1.6505489;992;j
RS;bcainc992j;p68p100;2000;1.686736;992;j
RS;bcainc992j;p68p100;2001;1.7047766;992;j
RS;bcainc992j;p68p100;2002;1.717597;992;j
RS;bcainc992j;p68p100;2003;1.7301742;992;j
RS;bcainc992j;p68p100;2004;1.7524503;992;j
RS;bcainc992j;p68p100;2005;1.787254;992;j
RS;bcainc992j;p68p100;2006;1.8080442;992;j
RS;bcainc992j;p68p100;2007;1.8046848;992;j
RS;bcainc992j;p68p100;2008;1.8067322;992;j
RS;bcainc992j;p68p100;2009;1.8399551;992;j
RS;bcainc992j;p68p100;2010;1.8818328;992;j
RS;bcainc992j;p68p100;2011;1.9116405;992;j
RS;bcainc992j;p68p100;2012;1.9373533;992;j
RS;bcainc992j;p68p100;2013;1.8980999;992;j
RS;bcainc992j;p68p100;2014;1.9384038;992;j
RS;bcainc992j;p68p100;2015;2.081599;992;j
RS;bcainc992j;p68p100;2016;2.0806971;992;j
RS;bcainc992j;p68p100;2017;2.0809803;992;j
RS;bdiinc992j;p16p100;1990;3.3779953;992;j
RS;bdiinc992j;p16p100;1991;3.3191469;992;j
RS;bdiinc992j;p16p100;1992;3.2615681;992;j
RS;bdiinc992j;p16p100;1993;3.2108402;992;j
RS;bdiinc992j;p16p100;1994;3.1578398;992;j
RS;bdiinc992j;p16p100;1995;3.1123307;992;j
RS;bdiinc992j;p16p100;1996;3.0719836;992;j
RS;bdiinc992j;p16p100;1997;3.0127211;992;j
RS;bdiinc992j;p16p100;1998;2.8864584;992;j
RS;bdiinc992j;p16p100;1999;2.8919067;992;j
RS;bdiinc992j;p16p100;2000;2.9256358;992;j
RS;bdiinc992j;p16p100;2001;2.9783282;992;j
RS;bdiinc992j;p16p100;2002;3.2536349;992;j
RS;bdiinc992j;p16p100;2003;3.2727234;992;j
RS;bdiinc992j;p16p100;2004;3.634964;992;j
RS;bdiinc992j;p16p100;2005;3.7711856;992;j
RS;bdiinc992j;p16p100;2006;4.1399183;992;j
RS;bdiinc992j;p16p100;2007;4.2620754;992;j
RS;bdiinc992j;p16p100;2008;4.4053221;992;j
RS;bdiinc992j;p16p100;2009;4.6158986;992;j
RS;bdiinc992j;p16p100;2010;5.1302605;992;j
RS;bdiinc992j;p16p100;2011;5.7158132;992;j
RS;bdiinc992j;p16p100;2012;5.7667775;992;j
RS;bdiinc992j;p16p100;2013;6.1061654;992;j
RS;bdiinc992j;p16p100;2014;4.5070324;992;j
RS;bdiinc992j;p16p100;2015;5.4519615;992;j
RS;bdiinc992j;p16p100;2016;5.7272406;992;j
RS;bdiinc992j;p16p100;2017;5.7669687;992;j
RS;bdiinc992j;p39p100;1990;1.948728;992;j
RS;bdiinc992j;p39p100;1991;1.9403291;992;j
RS;bdiinc992j;p39p100;1992;1.932216;992;j
RS;bdiinc992j;p39p100;1993;1.9242269;992;j
RS;bdiinc992j;p39p100;1994;1.9182603;992;j
RS;bdiinc992j;p39p100;1995;1.9130472;992;j
RS;bdiinc992j;p39p100;1996;1.9019682;992;j
RS;bdiinc992j;p39p100;1997;1.8892345;992;j
RS;bdiinc992j;p39p100;1998;1.9501528;992;j
RS;bdiinc992j;p39p100;1999;1.9678009;992;j
RS;bdiinc992j;p39p100;2000;1.9827899;992;j
RS;bdiinc992j;p39p100;2001;1.9799097;992;j
RS;bdiinc992j;p39p100;2002;2.0259094;992;j
RS;bdiinc992j;p39p100;2003;2.0381761;992;j
RS;bdiinc992j;p39p100;2004;2.10006;992;j
RS;bdiinc992j;p39p100;2005;2.152734;992;j
RS;bdiinc992j;p39p100;2006;2.1995821;992;j
RS;bdiinc992j;p39p100;2007;2.1964531;992;j
RS;bdiinc992j;p39p100;2008;2.2172437;992;j
RS;bdiinc992j;p39p100;2009;2.2591288;992;j
RS;bdiinc992j;p39p100;2010;2.3373673;992;j
RS;bdiinc992j;p39p100;2011;2.4180677;992;j
RS;bdiinc992j;p39p100;2012;2.463907;992;j
RS;bdiinc992j;p39p100;2013;2.5186894;992;j
RS;bdiinc992j;p39p100;2014;2.4313383;992;j
RS;bdiinc992j;p39p100;2015;2.5174735;992;j
RS;bdiinc992j;p39p100;2016;2.5515125;992;j
RS;bdiinc992j;p39p100;2017;2.5557902;992;j
RS;bdiinc992j;p59p100;1990;1.6743079;992;j
RS;bdiinc992j;p59p100;1991;1.668329;992;j
RS;bdiinc992j;p59p100;1992;1.6641871;992;j
RS;bdiinc992j;p59p100;1993;1.6634454;992;j
RS;bdiinc992j;p59p100;1994;1.6641856;992;j
RS;bdiinc992j;p59p100;1995;1.6641946;992;j
RS;bdiinc992j;p59p100;1996;1.6587508;992;j
RS;bdiinc992j;p59p100;1997;1.6531764;992;j
RS;bdiinc992j;p59p100;1998;1.6709696;992;j
RS;bdiinc992j;p59p100;1999;1.6958864;992;j
RS;bdiinc992j;p59p100;2000;1.717033;992;j
RS;bdiinc992j;p59p100;2001;1.7346016;992;j
RS;bdiinc992j;p59p100;2002;1.7480192;992;j
RS;bdiinc992j;p59p100;2003;1.7555647;992;j
RS;bdiinc992j;p59p100;2004;1.7859988;992;j
RS;bdiinc992j;p59p100;2005;1.8224486;992;j
RS;bdiinc992j;p59p100;2006;1.8487617;992;j
RS;bdiinc992j;p59p100;2007;1.8335568;992;j
RS;bdiinc992j;p59p100;2008;1.8425277;992;j
RS;bdiinc992j;p59p100;2009;1.8792235;992;j
RS;bdiinc992j;p59p100;2010;1.9237437;992;j
RS;bdiinc992j;p59p100;2011;1.964406;992;j
RS;bdiinc992j;p59p100;2012;1.9914407;992;j
RS;bdiinc992j;p59p100;2013;1.9892162;992;j
RS;bdiinc992j;p59p100;2014;1.9805526;992;j
RS;bdiinc992j;p59p100;2015;2.0784509;992;j
RS;bdiinc992j;p59p100;2016;2.0947933;992;j
RS;bdiinc992j;p59p100;2017;2.0970328;992;j
RS;bptinc992j;p10p100;1990;5.3273444;992;j
RS;bptinc992j;p10p100;1991;5.2957478;992;j
RS;bptinc992j;p10p100;1992;5.2659497;992;j
RS;bptinc992j;p10p100;1993;5.2421651;992;j
RS;bptinc992j;p10p100;1994;5.2099915;992;j
RS;bptinc992j;p10p100;1995;5.1625838;992;j
RS;bptinc992j;p10p100;1996;5.1059823;992;j
RS;bptinc992j;p10p100;1997;5.0431118;992;j
RS;bptinc992j;p10p100;1998;4.5553827;992;j
RS;bptinc992j;p10p100;1999;4.4632125;992;j
RS;bptinc992j;p10p100;2000;4.5454469;992;j
RS;bptinc992j;p10p100;2001;4.4740973;992;j
RS;bptinc992j;p10p100;2002;5.2833419;992;j
RS;bptinc992j;p10p100;2003;5.6463385;992;j
RS;bptinc992j;p10p100;2004;6.297616;992;j
RS;bptinc992j;p10p100;2005;7.006125;992;j
RS;bptinc992j;p10p100;2006;7.9851265;992;j
RS;bptinc992j;p10p100;2007;9.2778473;992;j
RS;bptinc992j;p10p100;2008;11.2797;992;j
RS;bptinc992j;p10p100;2009;13.042738;992;j
RS;bptinc992j;p10p100;2010;14.308846;992;j
RS;bptinc992j;p10p100;2011;17.428402;992;j
RS;bptinc992j;p10p100;2012;19.729824;992;j
RS;bptinc992j;p10p100;2013;23.794533;992;j
RS;bptinc992j;p10p100;2014;22.970825;992;j
RS;bptinc992j;p10p100;2015;23.054977;992;j
RS;bptinc992j;p10p100;2016;22.998657;992;j
RS;bptinc992j;p10p100;2017;23.23671;992;j
RS;bptinc992j;p32p100;1990;2.412473;992;j
RS;bptinc992j;p32p100;1991;2.4110305;992;j
RS;bptinc992j;p32p100;1992;2.4177659;992;j
RS;bptinc992j;p32p100;1993;2.4214392;992;j
RS;bptinc992j;p32p100;1994;2.4263017;992;j
RS;bptinc992j;p32p100;1995;2.4311347;992;j
RS;bptinc992j;p32p100;1996;2.4301498;992;j
RS;bptinc992j;p32p100;1997;2.4282322;992;j
RS;bptinc992j;p32p100;1998;2.4508269;992;j
RS;bptinc992j;p32p100;1999;2.4566333;992;j
RS;bptinc992j;p32p100;2000;2.4905066;992;j
RS;bptinc992j;p32p100;2001;2.5033557;992;j
RS;bptinc992j;p32p100;2002;2.5584583;992;j
RS;bptinc992j;p32p100;2003;2.6385601;992;j
RS;bptinc992j;p32p100;2004;2.7253058;992;j
RS;bptinc992j;p32p100;2005;2.8289182;992;j
RS;bptinc992j;p32p100;2006;2.9331019;992;j
RS;bptinc992j;p32p100;2007;2.8840787;992;j
RS;bptinc992j;p32p100;2008;2.9940042;992;j
RS;bptinc992j;p32p100;2009;3.0991082;992;j
RS;bptinc992j;p32p100;2010;3.2445571;992;j
RS;bptinc992j;p32p100;2011;3.4776559;992;j
RS;bptinc992j;p32p100;2012;3.4795971;992;j
RS;bptinc992j;p32p100;2013;3.4609811;992;j
RS;bptinc992j;p32p100;2014;3.6614866;992;j
RS;bptinc992j;p32p100;2015;3.4566491;992;j
RS;bptinc992j;p32p100;2016;3.4572401;992;j
RS;bptinc992j;p32p100;2017;3.4613829;992;j
RS;npopul602m;p0p100;1950;174279.0;602;m
RS;npopul602m;p0p100;1951;172886.0;602;m
RS;npopul602m;p0p100;1952;171149.0;602;m
RS;npopul602m;p0p100;1953;169623.0;602;m
RS;npopul602m;p0p100;1954;169818.0;602;m
RS;npopul602m;p0p100;1955;172736.0;602;m
RS;npopul602m;p0p100;1956;177224.0;602;m
RS;npopul602m;p0p100;1957;183742.0;602;m
RS;npopul602m;p0p100;1958;192127.0;602;m
RS;npopul602m;p0p100;1959;202133.0;602;m
RS;npopul602m;p0p100;1960;213526.0;602;m
RS;npopul602m;p0p100;1961;225712.0;602;m
RS;npopul602m;p0p100;1962;238336.0;602;m
RS;npopul602m;p0p100;1963;251039.0;602;m
RS;npopul602m;p0p100;1964;263485.0;602;m
RS;npopul602m;p0p100;1965;275451.0;602;m
RS;npopul602m;p0p100;1966;284377.0;602;m
RS;npopul602m;p0p100;1967;293055.0;602;m
RS;npopul602m;p0p100;1968;300843.0;602;m
RS;npopul602m;p0p100;1969;306692.0;602;m
RS;npopul602m;p0p100;1970;310034.0;602;m
RS;npopul602m;p0p100;1971;309720.0;602;m
RS;npopul602m;p0p100;1972;307924.0;602;m
RS;npopul602m;p0p100;1973;304208.0;602;m
RS;npopul602m;p0p100;1974;297934.0;602;m
RS;npopul602m;p0p100;1975;289037.0;602;m
RS;npopul602m;p0p100;1976;276059.0;602;m
RS;npopul602m;p0p100;1977;261043.0;602;m
RS;npopul602m;p0p100;1978;246798.0;602;m
RS;npopul602m;p0p100;1979;237235.0;602;m
RS;npopul602m;p0p100;1980;234635.0;602;m
RS;npopul602m;p0p100;1981;236693.0;602;m
RS;npopul602m;p0p100;1982;244316.0;602;m
RS;npopul602m;p0p100;1983;257054.0;602;m
RS;npopul602m;p0p100;1984;274385.0;602;m
RS;npopul602m;p0p100;1985;295793.0;602;m
RS;npopul602m;p0p100;1986;318678.0;602;m
RS;npopul602m;p0p100;1987;344576.0;602;m
RS;npopul602m;p0p100;1988;371404.0;602;m
RS;npopul602m;p0p100;1989;396703.0;602;m
RS;npopul602m;p0p100;1990;419229.0;602;m
RS;npopul602m;p0p100;1991;436959.0;602;m
RS;npopul602m;p0p100;1992;452894.0;602;m
RS;npopul602m;p0p100;1993;466290.0;602;m
RS;npopul602m;p0p100;1994;475879.0;602;m
RS;npopul602m;p0p100;1995;480753.0;602;m
RS;npopul602m;p0p100;1996;481480.0;602;m
RS;npopul602m;p0p100;1997;477903.0;602;m
RS;npopul602m;p0p100;1998;470866.0;602;m
RS;npopul602m;p0p100;1999;363116.0;602;m
RS;npopul602m;p0p100;2000;356862.0;602;m
RS;npopul602m;p0p100;2001;346169.0;602;m
RS;npopul602m;p0p100;2002;334623.0;602;m
RS;npopul602m;p0p100;2003;323177.0;602;m
RS;npopul602m;p0p100;2004;315667.0;602;m
RS;npopul602m;p0p100;2005;313570.0;602;m
RS;npopul602m;p0p100;2006;314862.0;602;m
RS;npopul602m;p0p100;2007;320212.0;602;m
RS;npopul602m;p0p100;2008;329204.0;602;m
RS;npopul602m;p0p100;2009;341675.0;602;m
RS;npopul602m;p0p100;2010;357176.0;602;m
RS;npopul602m;p0p100;2011;373666.0;602;m
RS;npopul602m;p0p100;2012;394093.0;602;m
RS;npopul602m;p0p100;2013;414618.0;602;m
RS;npopul602m;p0p100;2014;431455.0;602;m
RS;npopul602m;p0p100;2015;442479.0;602;m
RS;npopul602m;p0p100;2016;444160.0;602;m
RS;npopul602m;p0p100;2017;442378.0;602;m
RS;npopul602m;p0p100;2018;437090.0;602;m
RS;npopul602m;p0p100;2019;430247.0;602;m
RS;npopul999f;p0p100;1950;3462459.0;999;f
RS;npopul999f;p0p100;1951;3518497.0;999;f
RS;npopul999f;p0p100;1952;3569163.0;999;f
RS;npopul999f;p0p100;1953;3614858.0;999;f
RS;npopul999f;p0p100;1954;3656013.0;999;f
RS;npopul999f;p0p100;1955;3693137.0;999;f
RS;npopul999f;p0p100;1956;3726776.0;999;f
RS;npopul999f;p0p100;1957;3757546.0;999;f
RS;npopul999f;p0p100;1958;3786105.0;999;f
RS;npopul999f;p0p100;1959;3813109.0;999;f
RS;npopul999f;p0p100;1960;3839197.0;999;f
RS;npopul999f;p0p100;1961;3864860.0;999;f
RS;npopul999f;p0p100;1962;3890404.0;999;f
RS;npopul999f;p0p100;1963;3915937.0;999;f
RS;npopul999f;p0p100;1964;3941429.0;999;f
RS;npopul999f;p0p100;1965;3966923.0;999;f
RS;npopul999f;p0p100;1966;3992520.0;999;f
RS;npopul999f;p0p100;1967;4018566.0;999;f
RS;npopul999f;p0p100;1968;4045684.0;999;f
RS;npopul999f;p0p100;1969;4074630.0;999;f
RS;npopul999f;p0p100;1970;4105916.0;999;f
RS;npopul999f;p0p100;1971;4139698.0;999;f
RS;npopul999f;p0p100;1972;4175791.0;999;f
RS;npopul999f;p0p100;1973;4213908.0;999;f
RS;npopul999f;p0p100;1974;4253586.0;999;f
RS;npopul999f;p0p100;1975;4294387.0;999;f
RS;npopul999f;p0p100;1976;4336243.0;999;f
RS;npopul999f;p0p100;1977;4378956.0;999;f
RS;npopul999f;p0p100;1978;4421763.0;999;f
RS;npopul999f;p0p100;1979;4463740.0;999;f
RS;npopul999f;p0p100;1980;4504174.0;999;f
RS;npopul999f;p0p100;1981;4542931.0;999;f
RS;npopul999f;p0p100;1982;4580077.0;999;f
RS;npopul999f;p0p100;1983;4615365.0;999;f
RS;npopul999f;p0p100;1984;4648564.0;999;f
RS;npopul999f;p0p100;1985;4679646.0;999;f
RS;npopul999f;p0p100;1986;4707275.0;999;f
RS;npopul999f;p0p100;1987;4731606.0;999;f
RS;npopul999f;p0p100;1988;4755835.0;999;f
RS;npopul999f;p0p100;1989;4784339.0;999;f
RS;npopul999f;p0p100;1990;4819625.0;999;f
RS;npopul999f;p0p100;1991;4864064.0;999;f
RS;npopul999f;p0p100;1992;4915081.0;999;f
RS;npopul999f;p0p100;1993;4964157.0;999;f
RS;npopul999f;p0p100;1994;4999654.0;999;f
RS;npopul999f;p0p100;1995;5013592.0;999;f
RS;npopul999f;p0p100;1996;5002633.0;999;f
RS;npopul999f;p0p100;1997;4970319.0;999;f
RS;npopul999f;p0p100;1998;4924169.0;999;f
RS;npopul999f;p0p100;1999;3836942.0;999;f
RS;npopul999f;p0p100;2000;3827724.0;999;f
RS;npopul999f;p0p100;2001;3823815.0;999;f
RS;npopul999f;p0p100;2002;3824390.0;999;f
RS;npopul999f;p0p100;2003;3816326.0;999;f
RS;npopul999f;p0p100;2004;3808712.0;999;f
RS;npopul999f;p0p100;2005;3797947.0;999;f
RS;npopul999f;p0p100;2006;3783018.0;999;f
RS;npopul999f;p0p100;2007;3767041.0;999;f
RS;npopul999f;p0p100;2008;3749982.0;999;f
RS;npopul999f;p0p100;2009;3733874.0;999;f
RS;npopul999f;p0p100;2010;3718024.0;999;f
RS;npopul999f;p0p100;2011;3689452.0;999;f
RS;npopul999f;p0p100;2012;3671309.0;999;f
RS;npopul999f;p0p100;2013;3653439.0;999;f
RS;npopul999f;p0p100;2014;3635829.0;999;f
RS;npopul999f;p0p100;2015;3617486.0;999;f
RS;npopul999f;p0p100;2016;3598916.0;999;f
RS;npopul999f;p0p100;2017;3590163.0;999;f
RS;npopul999f;p0p100;2018;3579782.0;999;f
RS;npopul999f;p0p100;2019;3567953.0;999;f
RS;scainc992j;p27p28;1990;0.0049999999;992;j
RS;scainc992j;p27p28;1991;0.0051000002;992;j
RS;scainc992j;p27p28;1992;0.0051000002;992;j
RS;scainc992j;p27p28;1993;0.0052;992;j
RS;scainc992j;p27p28;1994;0.0052999998;992;j
RS;scainc992j;p27p28;1995;0.0052999998;992;j
RS;scainc992j;p27p28;1996;0.0054000001;992;j
RS;scainc992j;p27p28;1997;0.0055;992;j
RS;scainc992j;p27p28;1998;0.0055999998;992;j
RS;scainc992j;p27p28;1999;0.0055;992;j
RS;scainc992j;p27p28;2000;0.0055;992;j
RS;scainc992j;p27p28;2001;0.0055;992;j
RS;scainc992j;p27p28;2002;0.0052999998;992;j
RS;scainc992j;p27p28;2003;0.0052;992;j
RS;scainc992j;p27p28;2004;0.0049999999;992;j
RS;scainc992j;p27p28;2005;0.0049000001;992;j
RS;scainc992j;p27p28;2006;0.0046999999;992;j
RS;scainc992j;p27p28;2007;0.0046999999;992;j
RS;scainc992j;p27p28;2008;0.0044999998;992;j
RS;scainc992j;p27p28;2009;0.0043000001;992;j
RS;scainc992j;p27p28;2010;0.0040000002;992;j
RS;scainc992j;p27p28;2011;0.0037;992;j
RS;scainc992j;p27p28;2012;0.0038000001;992;j
RS;scainc992j;p27p28;2013;0.0033;992;j
RS;scainc992j;p27p28;2014;0.0037;992;j
RS;scainc992j;p27p28;2015;0.0034;992;j
RS;scainc992j;p27p28;2016;0.0034;992;j
RS;scainc992j;p27p28;2017;0.0034;992;j
RS;scainc992j;p99.3p100;1990;0.065899998;992;j
RS;scainc992j;p99.3p100;1991;0.064400002;992;j
RS;scainc992j;p99.3p100;1992;0.062899999;992;j
RS;scainc992j;p99.3p100;1993;0.062199999;992;j
RS;scainc992j;p99.3p100;1994;0.0616;992;j
RS;scainc992j;p99.3p100;1995;0.0612;992;j
RS;scainc992j;p99.3p100;1996;0.0601;992;j
RS;scainc992j;p99.3p100;1997;0.059099998;992;j
RS;scainc992j;p99.3p100;1998;0.060899999;992;j
RS;scainc992j;p99.3p100;1999;0.066;992;j
RS;scainc992j;p99.3p100;2000;0.070200004;992;j
RS;scainc992j;p99.3p100;2001;0.074699998;992;j
RS;scainc992j;p99.3p100;2002;0.075300001;992;j
RS;scainc992j;p99.3p100;2003;0.074600004;992;j
RS;scainc992j;p99.3p100;2004;0.0757;992;j
RS;scainc992j;p99.3p100;2005;0.0788;992;j
RS;scainc992j;p99.3p100;2006;0.079000004;992;j
RS;scainc992j;p99.3p100;2007;0.075300001;992;j
RS;scainc992j;p99.3p100;2008;0.073399998;992;j
RS;scainc992j;p99.3p100;2009;0.079099998;992;j
RS;scainc992j;p99.3p100;2010;0.0801;992;j
RS;scainc992j;p99.3p100;2011;0.0814;992;j
RS;scainc992j;p99.3p100;2012;0.094499998;992;j
RS;scainc992j;p99.3p100;2013;0.085500002;992;j
RS;scainc992j;p99.3p100;2014;0.1054;992;j
RS;scainc992j;p99.3p100;2015;0.1336;992;j
RS;scainc992j;p99.3p100;2016;0.1337;992;j
RS;scainc992j;p99.3p100;2017;0.1338;992;j
RS;scainc992j;p99.5p100;1990;0.055599999;992;j
RS;scainc992j;p99.5p100;1991;0.054200001;992;j
RS;scainc992j;p99.5p100;1992;0.052700002;992;j
RS;scainc992j;p99.5p100;1993;0.052000001;992;j
RS;scainc992j;p99.5p100;1994;0.051399998;992;j
RS;scainc992j;p99.5p100;1995;0.050900001;992;j
RS;scainc992j;p99.5p100;1996;0.050000001;992;j
RS;scainc992j;p99.5p100;1997;0.048999999;992;j
RS;scainc992j;p99.5p100;1998;0.0506;992;j
RS;scainc992j;p99.5p100;1999;0.055399999;992;j
RS;scainc992j;p99.5p100;2000;0.059;992;j
RS;scainc992j;p99.5p100;2001;0.063199997;992;j
RS;scainc992j;p99.5p100;2002;0.063500002;992;j
RS;scainc992j;p99.5p100;2003;0.062899999;992;j
RS;scainc992j;p99.5p100;2004;0.063699998;992;j
RS;scainc992j;p99.5p100;2005;0.066600002;992;j
RS;scainc992j;p99.5p100;2006;0.066399999;992;j
RS;scainc992j;p99.5p100;2007;0.062799998;992;j
RS;scainc992j;p99.5p100;2008;0.060800001;992;j
RS;scainc992j;p99.5p100;2009;0.066200003;992;j
RS;scainc992j;p99.5p100;2010;0.066699997;992;j
RS;scainc992j;p99.5p100;2011;0.067599997;992;j
RS;scainc992j;p99.5p100;2012;0.080300003;992;j
RS;scainc992j;p99.5p100;2013;0.071599998;992;j
RS;scainc992j;p99.5p100;2014;0.091499999;992;j
RS;scainc992j;p99.5p100;2015;0.1187;992;j
RS;scainc992j;p99.5p100;2016;0.1187;992;j
RS;scainc992j;p99.5p100;2017;0.1188;992;j
RS;sdiinc992j;p4p100;1990;0.99339998;992;j
RS;sdiinc992j;p4p100;1991;0.99360001;992;j
RS;sdiinc992j;p4p100;1992;0.99379998;992;j
RS;sdiinc992j;p4p100;1993;0.99400002;992;j
RS;sdiinc992j;p4p100;1994;0.99419999;992;j
RS;sdiinc992j;p4p100;1995;0.99440002;992;j
RS;sdiinc992j;p4p100;1996;0.99470001;992;j
RS;sdiinc992j;p4p100;1997;0.99489999;992;j
RS;sdiinc992j;p4p100;1998;0.99519998;992;j
RS;sdiinc992j;p4p100;1999;0.99540001;992;j
RS;sdiinc992j;p4p100;2000;0.99540001;992;j
RS;sdiinc992j;p4p100;2001;0.99540001;992;j
RS;sdiinc992j;p4p100;2002;0.99610001;992;j
RS;sdiinc992j;p4p100;2003;0.9957;992;j
RS;sdiinc992j;p4p100;2004;0.99580002;992;j
RS;sdiinc992j;p4p100;2005;0.99589998;992;j
RS;sdiinc992j;p4p100;2006;0.99599999;992;j
RS;sdiinc992j;p4p100;2007;0.99599999;992;j
RS;sdiinc992j;p4p100;2008;0.99589998;992;j
RS;sdiinc992j;p4p100;2009;0.99550003;992;j
RS;sdiinc992j;p4p100;2010;0.99550003;992;j
RS;sdiinc992j;p4p100;2011;0.99589998;992;j
RS;sdiinc992j;p4p100;2012;0.99599999;992;j
RS;sdiinc992j;p4p100;2013;0.9946;992;j
RS;sdiinc992j;p4p100;2014;0.99180001;992;j
RS;sdiinc992j;p4p100;2015;0.99349999;992;j
RS;sdiinc992j;p4p100;2016;0.9939;992;j
RS;sdiinc992j;p4p100;2017;0.99400002;992;j
RS;sdiinc992j;p56p100;1990;0.70050001;992;j
RS;sdiinc992j;p56p100;1991;0.69870001;992;j
RS;sdiinc992j;p56p100;1992;0.69700003;992;j
RS;sdiinc992j;p56p100;1993;0.6954;992;j
RS;sdiinc992j;p56p100;1994;0.69379997;992;j
RS;sdiinc992j;p56p100;1995;0.69230002;992;j
RS;sdiinc992j;p56p100;1996;0.69019997;992;j
RS;sdiinc992j;p56p100;1997;0.68779999;992;j
RS;sdiinc992j;p56p100;1998;0.6904;992;j
RS;sdiinc992j;p56p100;1999;0.69400001;992;j
RS;sdiinc992j;p56p100;2000;0.69489998;992;j
RS;sdiinc992j;p56p100;2001;0.69590002;992;j
RS;sdiinc992j;p56p100;2002;0.70389998;992;j
RS;sdiinc992j;p56p100;2003;0.7069;992;j
RS;sdiinc992j;p56p100;2004;0.71689999;992;j
RS;sdiinc992j;p56p100;2005;0.72289997;992;j
RS;sdiinc992j;p56p100;2006;0.73089999;992;j
RS;sdiinc992j;p56p100;2007;0.73199999;992;j
RS;sdiinc992j;p56p100;2008;0.73570001;992;j
RS;sdiinc992j;p56p100;2009;0.74089998;992;j
RS;sdiinc992j;p56p100;2010;0.75050002;992;j
RS;sdiinc992j;p56p100;2011;0.76050001;992;j
RS;sdiinc992j;p56p100;2012;0.76300001;992;j
RS;sdiinc992j;p56p100;2013;0.76599997;992;j
RS;sdiinc992j;p56p100;2014;0.74879998;992;j
RS;sdiinc992j;p56p100;2015;0.76370001;992;j
RS;sdiinc992j;p56p100;2016;0.76779997;992;j
RS;sdiinc992j;p56p100;2017;0.7683;992;j
RS;sdiinc992j;p70p80;1990;0.1278;992;j
RS;sdiinc992j;p70p80;1991;0.1277;992;j
RS;sdiinc992j;p70p80;1992;0.1276;992;j
RS;sdiinc992j;p70p80;1993;0.12729999;992;j
RS;sdiinc992j;p70p80;1994;0.12710001;992;j
RS;sdiinc992j;p70p80;1995;0.1268;992;j
RS;sdiinc992j;p70p80;1996;0.1267;992;j
RS;sdiinc992j;p70p80;1997;0.1266;992;j
RS;sdiinc992j;p70p80;1998;0.12549999;992;j
RS;sdiinc992j;p70p80;1999;0.1242;992;j
RS;sdiinc992j;p70p80;2000;0.1229;992;j
RS;sdiinc992j;p70p80;2001;0.1217;992;j
RS;sdiinc992j;p70p80;2002;0.1229;992;j
RS;sdiinc992j;p70p80;2003;0.1232;992;j
RS;sdiinc992j;p70p80;2004;0.1244;992;j
RS;sdiinc992j;p70p80;2005;0.124;992;j
RS;sdiinc992j;p70p80;2006;0.1241;992;j
RS;sdiinc992j;p70p80;2007;0.12530001;992;j
RS;sdiinc992j;p70p80;2008;0.126;992;j
RS;sdiinc992j;p70p80;2009;0.12540001;992;j
RS;sdiinc992j;p70p80;2010;0.12549999;992;j
RS;sdiinc992j;p70p80;2011;0.12549999;992;j
RS;sdiinc992j;p70p80;2012;0.1252;992;j
RS;sdiinc992j;p70p80;2013;0.1284;992;j
RS;sdiinc992j;p70p80;2014;0.1218;992;j
RS;sdiinc992j;p70p80;2015;0.1184;992;j
RS;sdiinc992j;p70p80;2016;0.1186;992;j
RS;sdiinc992j;p70p80;2017;0.1186;992;j
RS;sdiinc992j;p99.1p100;1990;0.070200004;992;j
RS;sdiinc992j;p99.1p100;1991;0.068899997;992;j
RS;sdiinc992j;p99.1p100;1992;0.067500003;992;j
RS;sdiinc992j;p99.1p100;1993;0.0669;992;j
RS;sdiinc992j;p99.1p100;1994;0.066399999;992;j
RS;sdiinc992j;p99.1p100;1995;0.066;992;j
RS;sdiinc992j;p99.1p100;1996;0.064999998;992;j
RS;sdiinc992j;p99.1p100;1997;0.0638;992;j
RS;sdiinc992j;p99.1p100;1998;0.066399999;992;j
RS;sdiinc992j;p99.1p100;1999;0.0722;992;j
RS;sdiinc992j;p99.1p100;2000;0.075999998;992;j
RS;sdiinc992j;p99.1p100;2001;0.080200002;992;j
RS;sdiinc992j;p99.1p100;2002;0.080399998;992;j
RS;sdiinc992j;p99.1p100;2003;0.079700001;992;j
RS;sdiinc992j;p99.1p100;2004;0.080899999;992;j
RS;sdiinc992j;p99.1p100;2005;0.084100001;992;j
RS;sdiinc992j;p99.1p100;2006;0.084600002;992;j
RS;sdiinc992j;p99.1p100;2007;0.080499999;992;j
RS;sdiinc992j;p99.1p100;2008;0.0788;992;j
RS;sdiinc992j;p99.1p100;2009;0.084399998;992;j
RS;sdiinc992j;p99.1p100;2010;0.085600004;992;j
RS;sdiinc992j;p99.1p100;2011;0.087300003;992;j
RS;sdiinc992j;p99.1p100;2012;0.099399999;992;j
RS;sdiinc992j;p99.1p100;2013;0.090899996;992;j
RS;sdiinc992j;p99.1p100;2014;0.1091;992;j
RS;sdiinc992j;p99.1p100;2015;0.1356;992;j
RS;sdiinc992j;p99.1p100;2016;0.1372;992;j
RS;sdiinc992j;p99.1p100;2017;0.1375;992;j
RS;sdiinc992j;p9p10;1990;0.0027000001;992;j
RS;sdiinc992j;p9p10;1991;0.0027000001;992;j
RS;sdiinc992j;p9p10;1992;0.0027999999;992;j
RS;sdiinc992j;p9p10;1993;0.0027999999;992;j
RS;sdiinc992j;p9p10;1994;0.0027999999;992;j
RS;sdiinc992j;p9p10;1995;0.0029;992;j
RS;sdiinc992j;p9p10;1996;0.0029;992;j
RS;sdiinc992j;p9p10;1997;0.003;992;j
RS;sdiinc992j;p9p10;1998;0.0031999999;992;j
RS;sdiinc992j;p9p10;1999;0.0031000001;992;j
RS;sdiinc992j;p9p10;2000;0.0031000001;992;j
RS;sdiinc992j;p9p10;2001;0.0031000001;992;j
RS;sdiinc992j;p9p10;2002;0.0027000001;992;j
RS;sdiinc992j;p9p10;2003;0.0026;992;j
RS;sdiinc992j;p9p10;2004;0.0022;992;j
RS;sdiinc992j;p9p10;2005;0.0020999999;992;j
RS;sdiinc992j;p9p10;2006;0.0019;992;j
RS;sdiinc992j;p9p10;2007;0.0018;992;j
RS;sdiinc992j;p9p10;2008;0.0017;992;j
RS;sdiinc992j;p9p10;2009;0.0017;992;j
RS;sdiinc992j;p9p10;2010;0.0015;992;j
RS;sdiinc992j;p9p10;2011;0.0014;992;j
RS;sdiinc992j;p9p10;2012;0.0013;992;j
RS;sdiinc992j;p9p10;2013;0.0016;992;j
RS;sdiinc992j;p9p10;2014;0.0023000001;992;j
RS;sdiinc992j;p9p10;2015;0.0018;992;j
RS;sdiinc992j;p9p10;2016;0.0017;992;j
RS;sdiinc992j;p9p10;2017;0.0017;992;j
RS;sptinc992j;p98p100;1990;0.1222;992;j
RS;sptinc992j;p98p100;1991;0.1239;992;j
RS;sptinc992j;p98p100;1992;0.1256;992;j
RS;sptinc992j;p98p100;1993;0.1274;992;j
RS;sptinc992j;p98p100;1994;0.12909999;992;j
RS;sptinc992j;p98p100;1995;0.1311;992;j
RS;sptinc992j;p98p100;1996;0.1322;992;j
RS;sptinc992j;p98p100;1997;0.13339999;992;j
RS;sptinc992j;p98p100;1998;0.1346;992;j
RS;sptinc992j;p98p100;1999;0.139;992;j
RS;sptinc992j;p98p100;2000;0.1461;992;j
RS;sptinc992j;p98p100;2001;0.1507;992;j
RS;sptinc992j;p98p100;2002;0.1523;992;j
RS;sptinc992j;p98p100;2003;0.1521;992;j
RS;sptinc992j;p98p100;2004;0.1567;992;j
RS;sptinc992j;p98p100;2005;0.1582;992;j
RS;sptinc992j;p98p100;2006;0.15989999;992;j
RS;sptinc992j;p98p100;2007;0.1532;992;j
RS;sptinc992j;p98p100;2008;0.1552;992;j
RS;sptinc992j;p98p100;2009;0.15620001;992;j
RS;sptinc992j;p98p100;2010;0.1609;992;j
RS;sptinc992j;p98p100;2011;0.1663;992;j
RS;sptinc992j;p98p100;2012;0.1593;992;j
RS;sptinc992j;p98p100;2013;0.1591;992;j
RS;sptinc992j;p98p100;2014;0.18099999;992;j
RS;sptinc992j;p98p100;2015;0.17560001;992;j
RS;sptinc992j;p98p100;2016;0.1758;992;j
RS;sptinc992j;p98p100;2017;0.176;992;j
RS;tcainc992j;p27p100;1990;253274.3;992;j
RS;tcainc992j;p27p100;1991;223054.3;992;j
RS;tcainc992j;p27p100;1992;154773.8;992;j
RS;tcainc992j;p27p100;1993;101670.4;992;j
RS;tcainc992j;p27p100;1994;106226.1;992;j
RS;tcainc992j;p27p100;1995;113552.1;992;j
RS;tcainc992j;p27p100;1996;116241.8;992;j
RS;tcainc992j;p27p100;1997;124460.9;992;j
RS;tcainc992j;p27p100;1998;138405.59;992;j
RS;tcainc992j;p27p100;1999;156696.0;992;j
RS;tcainc992j;p27p100;2000;170042.8;992;j
RS;tcainc992j;p27p100;2001;165792.7;992;j
RS;tcainc992j;p27p100;2002;167918.7;992;j
RS;tcainc992j;p27p100;2003;173897.7;992;j
RS;tcainc992j;p27p100;2004;198743.7;992;j
RS;tcainc992j;p27p100;2005;221792.3;992;j
RS;tcainc992j;p27p100;2006;222973.91;992;j
RS;tcainc992j;p27p100;2007;219488.3;992;j
RS;tcainc992j;p27p100;2008;227311.2;992;j
RS;tcainc992j;p27p100;2009;215363.7;992;j
RS;tcainc992j;p27p100;2010;199850.0;992;j
RS;tcainc992j;p27p100;2011;185610.3;992;j
RS;tcainc992j;p27p100;2012;190273.7;992;j
RS;tcainc992j;p27p100;2013;169035.7;992;j
RS;tcainc992j;p27p100;2014;184838.0;992;j
RS;tcainc992j;p27p100;2015;169718.91;992;j
RS;tcainc992j;p27p100;2016;176122.8;992;j
RS;tcainc992j;p27p100;2017;176098.2;992;j
RS;tcainc992j;p99.97p100;1990;11642457.0;992;j
RS;tcainc992j;p99.97p100;1991;9791394.0;992;j
RS;tcainc992j;p99.97p100;1992;6454698.0;992;j
RS;tcainc992j;p99.97p100;1993;4097293.5;992;j
RS;tcainc992j;p99.97p100;1994;4152199.0;992;j
RS;tcainc992j;p99.97p100;1995;4323987.5;992;j
RS;tcainc992j;p99.97p100;1996;4250563.0;992;j
RS;tcainc992j;p99.97p100;1997;4366693.0;992;j
RS;tcainc992j;p99.97p100;1998;4991492.0;992;j
RS;tcainc992j;p99.97p100;1999;6392935.0;992;j
RS;tcainc992j;p99.97p100;2000;7417562.5;992;j
RS;tcainc992j;p99.97p100;2001;7866926.0;992;j
RS;tcainc992j;p99.97p100;2002;8171265.5;992;j
RS;tcainc992j;p99.97p100;2003;8521186.0;992;j
RS;tcainc992j;p99.97p100;2004;10324018.0;992;j
RS;tcainc992j;p99.97p100;2005;12369919.0;992;j
RS;tcainc992j;p99.97p100;2006;12842185.0;992;j
RS;tcainc992j;p99.97p100;2007;11895067.0;992;j
RS;tcainc992j;p99.97p100;2008;12086384.0;992;j
RS;tcainc992j;p99.97p100;2009;13396843.0;992;j
RS;tcainc992j;p99.97p100;2010;13415473.0;992;j
RS;tcainc992j;p99.97p100;2011;13627888.0;992;j
RS;tcainc992j;p99.97p100;2012;17090556.0;992;j
RS;tcainc992j;p99.97p100;2013;15090913.0;992;j
RS;tcainc992j;p99.97p100;2014;20108822.0;992;j
RS;tcainc992j;p99.97p100;2015;26406546.0;992;j
RS;tcainc992j;p99.97p100;2016;27395832.0;992;j
RS;tcainc992j;p99.97p100;2017;27444350.0;992;j
RS;tcainc992j;p99.997p99.998;1990;39472628.0;992;j
RS;tcainc992j;p99.997p99.998;1991;32352994.0;992;j
RS;tcainc992j;p99.997p99.998;1992;20554076.0;992;j
RS;tcainc992j;p99.997p99.998;1993;12704394.0;992;j
RS;tcainc992j;p99.997p99.998;1994;12649882.0;992;j
RS;tcainc992j;p99.997p99.998;1995;12971690.0;992;j
RS;tcainc992j;p99.997p99.998;1996;12541574.0;992;j
RS;tcainc992j;p99.997p99.998;1997;12651876.0;992;j
RS;tcainc992j;p99.997p99.998;1998;14741660.0;992;j
RS;tcainc992j;p99.997p99.998;1999;20250104.0;992;j
RS;tcainc992j;p99.997p99.998;2000;23448572.0;992;j
RS;tcainc992j;p99.997p99.998;2001;26191680.0;992;j
RS;tcainc992j;p99.997p99.998;2002;26068460.0;992;j
RS;tcainc992j;p99.997p99.998;2003;27282152.0;992;j
RS;tcainc992j;p99.997p99.998;2004;33147624.0;992;j
RS;tcainc992j;p99.997p99.998;2005;40663628.0;992;j
RS;tcainc992j;p99.997p99.998;2006;40020572.0;992;j
RS;tcainc992j;p99.997p99.998;2007;35019736.0;992;j
RS;tcainc992j;p99.997p99.998;2008;33418378.0;992;j
RS;tcainc992j;p99.997p99.998;2009;40167172.0;992;j
RS;tcainc992j;p99.997p99.998;2010;38731460.0;992;j
RS;tcainc992j;p99.997p99.998;2011;38442492.0;992;j
RS;tcainc992j;p99.997p99.998;2012;57544224.0;992;j
RS;tcainc992j;p99.997p99.998;2013;45419744.0;992;j
RS;tcainc992j;p99.997p99.998;2014;79729152.0;992;j
RS;tcainc992j;p99.997p99.998;2015;122798200.0;992;j
RS;tcainc992j;p99.997p99.998;2016;127441376.0;992;j
RS;tcainc992j;p99.997p99.998;2017;127751880.0;992;j
RS;tdiinc992j;p12p13;1990;223079.8;992;j
RS;tdiinc992j;p12p13;1991;195982.3;992;j
RS;tdiinc992j;p12p13;1992;136321.41;992;j
RS;tdiinc992j;p12p13;1993;89731.5;992;j
RS;tdiinc992j;p12p13;1994;93824.0;992;j
RS;tdiinc992j;p12p13;1995;100089.7;992;j
RS;tdiinc992j;p12p13;1996;102939.9;992;j
RS;tdiinc992j;p12p13;1997;111104.2;992;j
RS;tdiinc992j;p12p13;1998;123290.8;992;j
RS;tdiinc992j;p12p13;1999;132145.5;992;j
RS;tdiinc992j;p12p13;2000;144040.8;992;j
RS;tdiinc992j;p12p13;2001;143200.41;992;j
RS;tdiinc992j;p12p13;2002;141859.41;992;j
RS;tdiinc992j;p12p13;2003;140605.91;992;j
RS;tdiinc992j;p12p13;2004;138861.0;992;j
RS;tdiinc992j;p12p13;2005;142509.5;992;j
RS;tdiinc992j;p12p13;2006;137560.2;992;j
RS;tdiinc992j;p12p13;2007;133840.09;992;j
RS;tdiinc992j;p12p13;2008;137356.09;992;j
RS;tdiinc992j;p12p13;2009;132493.41;992;j
RS;tdiinc992j;p12p13;2010;118026.2;992;j
RS;tdiinc992j;p12p13;2011;105162.4;992;j
RS;tdiinc992j;p12p13;2012;97023.297;992;j
RS;tdiinc992j;p12p13;2013;117172.6;992;j
RS;tdiinc992j;p12p13;2014;160863.0;992;j
RS;tdiinc992j;p12p13;2015;132822.2;992;j
RS;tdiinc992j;p12p13;2016;129858.9;992;j
RS;tdiinc992j;p12p13;2017;129743.2;992;j
RS;tdiinc992j;p20p21;1990;305744.09;992;j
RS;tdiinc992j;p20p21;1991;269247.19;992;j
RS;tdiinc992j;p20p21;1992;187745.5;992;j
RS;tdiinc992j;p20p21;1993;123624.0;992;j
RS;tdiinc992j;p20p21;1994;129218.8;992;j
RS;tdiinc992j;p20p21;1995;138197.3;992;j
RS;tdiinc992j;p20p21;1996;141552.5;992;j
RS;tdiinc992j;p20p21;1997;152422.3;992;j
RS;tdiinc992j;p20p21;1998;166383.41;992;j
RS;tdiinc992j;p20p21;1999;177808.5;992;j
RS;tdiinc992j;p20p21;2000;197002.8;992;j
RS;tdiinc992j;p20p21;2001;197657.3;992;j
RS;tdiinc992j;p20p21;2002;201164.8;992;j
RS;tdiinc992j;p20p21;2003;206490.2;992;j
RS;tdiinc992j;p20p21;2004;216434.0;992;j
RS;tdiinc992j;p20p21;2005;237631.2;992;j
RS;tdiinc992j;p20p21;2006;233633.09;992;j
RS;tdiinc992j;p20p21;2007;241414.41;992;j
RS;tdiinc992j;p20p21;2008;247664.8;992;j
RS;tdiinc992j;p20p21;2009;222622.5;992;j
RS;tdiinc992j;p20p21;2010;204552.8;992;j
RS;tdiinc992j;p20p21;2011;184436.09;992;j
RS;tdiinc992j;p20p21;2012;189338.2;992;j
RS;tdiinc992j;p20p21;2013;162321.5;992;j
RS;tdiinc992j;p20p21;2014;202360.0;992;j
RS;tdiinc992j;p20p21;2015;175782.8;992;j
RS;tdiinc992j;p20p21;2016;174782.5;992;j
RS;tdiinc992j;p20p21;2017;174800.8;992;j
RS;tdiinc992j;p44p45;1990;559572.31;992;j
RS;tdiinc992j;p44p45;1991;487918.5;992;j
RS;tdiinc992j;p44p45;1992;335302.31;992;j
RS;tdiinc992j;p44p45;1993;217576.59;992;j
RS;tdiinc992j;p44p45;1994;224537.5;992;j
RS;tdiinc992j;p44p45;1995;237540.0;992;j
RS;tdiinc992j;p44p45;1996;240160.41;992;j
RS;tdiinc992j;p44p45;1997;255747.0;992;j
RS;tdiinc992j;p44p45;1998;261153.8;992;j
RS;tdiinc992j;p44p45;1999;283935.41;992;j
RS;tdiinc992j;p44p45;2000;311108.41;992;j
RS;tdiinc992j;p44p45;2001;308892.81;992;j
RS;tdiinc992j;p44p45;2002;331661.41;992;j
RS;tdiinc992j;p44p45;2003;346489.91;992;j
RS;tdiinc992j;p44p45;2004;386659.31;992;j
RS;tdiinc992j;p44p45;2005;422539.59;992;j
RS;tdiinc992j;p44p45;2006;442324.31;992;j
RS;tdiinc992j;p44p45;2007;456152.59;992;j
RS;tdiinc992j;p44p45;2008;480805.69;992;j
RS;tdiinc992j;p44p45;2009;468455.09;992;j
RS;tdiinc992j;p44p45;2010;458469.0;992;j
RS;tdiinc992j;p44p45;2011;449965.0;992;j
RS;tdiinc992j;p44p45;2012;445125.5;992;j
RS;tdiinc992j;p44p45;2013;455319.81;992;j
RS;tdiinc992j;p44p45;2014;441997.31;992;j
RS;tdiinc992j;p44p45;2015;437515.0;992;j
RS;tdiinc992j;p44p45;2016;447808.31;992;j
RS;tdiinc992j;p44p45;2017;449873.19;992;j
RS;tdiinc992j;p60p70;1990;730224.38;992;j
RS;tdiinc992j;p60p70;1991;632887.31;992;j
RS;tdiinc992j;p60p70;1992;432860.81;992;j
RS;tdiinc992j;p60p70;1993;280191.91;992;j
RS;tdiinc992j;p60p70;1994;288208.19;992;j
RS;tdiinc992j;p60p70;1995;303490.69;992;j
RS;tdiinc992j;p60p70;1996;305796.31;992;j
RS;tdiinc992j;p60p70;1997;324212.81;992;j
RS;tdiinc992j;p60p70;1998;339567.59;992;j
RS;tdiinc992j;p60p70;1999;368600.81;992;j
RS;tdiinc992j;p60p70;2000;399374.09;992;j
RS;tdiinc992j;p60p70;2001;395856.5;992;j
RS;tdiinc992j;p60p70;2002;427031.59;992;j
RS;tdiinc992j;p60p70;2003;448905.81;992;j
RS;tdiinc992j;p60p70;2004;502434.59;992;j
RS;tdiinc992j;p60p70;2005;555725.81;992;j
RS;tdiinc992j;p60p70;2006;585852.13;992;j
RS;tdiinc992j;p60p70;2007;610287.38;992;j
RS;tdiinc992j;p60p70;2008;649312.81;992;j
RS;tdiinc992j;p60p70;2009;631044.69;992;j
RS;tdiinc992j;p60p70;2010;626203.31;992;j
RS;tdiinc992j;p60p70;2011;623842.81;992;j
RS;tdiinc992j;p60p70;2012;617594.63;992;j
RS;tdiinc992j;p60p70;2013;639907.81;992;j
RS;tdiinc992j;p60p70;2014;615672.38;992;j
RS;tdiinc992j;p60p70;2015;600527.81;992;j
RS;tdiinc992j;p60p70;2016;618040.31;992;j
RS;tdiinc992j;p60p70;2017;621430.63;992;j
RS;tdiinc992j;p77p78;1990;975652.63;992;j
RS;tdiinc992j;p77p78;1991;844838.88;992;j
RS;tdiinc992j;p77p78;1992;577256.13;992;j
RS;tdiinc992j;p77p78;1993;373344.69;992;j
RS;tdiinc992j;p77p78;1994;383588.91;992;j
RS;tdiinc992j;p77p78;1995;404543.69;992;j
RS;tdiinc992j;p77p78;1996;407433.81;992;j
RS;tdiinc992j;p77p78;1997;431096.41;992;j
RS;tdiinc992j;p77p78;1998;448205.0;992;j
RS;tdiinc992j;p77p78;1999;486831.5;992;j
RS;tdiinc992j;p77p78;2000;529844.88;992;j
RS;tdiinc992j;p77p78;2001;524083.81;992;j
RS;tdiinc992j;p77p78;2002;569236.38;992;j
RS;tdiinc992j;p77p78;2003;600323.19;992;j
RS;tdiinc992j;p77p78;2004;680361.88;992;j
RS;tdiinc992j;p77p78;2005;758368.5;992;j
RS;tdiinc992j;p77p78;2006;801273.88;992;j
RS;tdiinc992j;p77p78;2007;835859.13;992;j
RS;tdiinc992j;p77p78;2008;893483.5;992;j
RS;tdiinc992j;p77p78;2009;875992.88;992;j
RS;tdiinc992j;p77p78;2010;878386.38;992;j
RS;tdiinc992j;p77p78;2011;883601.0;992;j
RS;tdiinc992j;p77p78;2012;879063.81;992;j
RS;tdiinc992j;p77p78;2013;925048.81;992;j
RS;tdiinc992j;p77p78;2014;856810.19;992;j
RS;tdiinc992j;p77p78;2015;838907.19;992;j
RS;tdiinc992j;p77p78;2016;866717.88;992;j
RS;tdiinc992j;p77p78;2017;872190.69;992;j
RS;tdiinc992j;p99.7p100;1990;4870386.0;992;j
RS;tdiinc992j;p99.7p100;1991;4189813.0;992;j
RS;tdiinc992j;p99.7p100;1992;2848957.0;992;j
RS;tdiinc992j;p99.7p100;1993;1846845.4;992;j
RS;tdiinc992j;p99.7p100;1994;1898322.9;992;j
RS;tdiinc992j;p99.7p100;1995;2001211.1;992;j
RS;tdiinc992j;p99.7p100;1996;1996637.5;992;j
RS;tdiinc992j;p99.7p100;1997;2091223.8;992;j
RS;tdiinc992j;p99.7p100;1998;2273557.3;992;j
RS;tdiinc992j;p99.7p100;1999;2640348.8;992;j
RS;tdiinc992j;p99.7p100;2000;3054783.8;992;j
RS;tdiinc992j;p99.7p100;2001;3156353.5;992;j
RS;tdiinc992j;p99.7p100;2002;3458625.0;992;j
RS;tdiinc992j;p99.7p100;2003;3597600.3;992;j
RS;tdiinc992j;p99.7p100;2004;4105455.5;992;j
RS;tdiinc992j;p99.7p100;2005;4718020.5;992;j
RS;tdiinc992j;p99.7p100;2006;5107371.5;992;j
RS;tdiinc992j;p99.7p100;2007;5113826.0;992;j
RS;tdiinc992j;p99.7p100;2008;5432773.0;992;j
RS;tdiinc992j;p99.7p100;2009;5577251.5;992;j
RS;tdiinc992j;p99.7p100;2010;5738140.5;992;j
RS;tdiinc992j;p99.7p100;2011;5915887.0;992;j
RS;tdiinc992j;p99.7p100;2012;6313139.5;992;j
RS;tdiinc992j;p99.7p100;2013;6168335.5;992;j
RS;tdiinc992j;p99.7p100;2014;6425776.5;992;j
RS;tdiinc992j;p99.7p100;2015;7215023.0;992;j
RS;tdiinc992j;p99.7p100;2016;7524405.5;992;j
RS;tdiinc992j;p99.7p100;2017;7580482.0;992;j
RS;tdiinc992j;p99.92p100;1990;9318211.0;992;j
RS;tdiinc992j;p99.92p100;1991;7920630.0;992;j
RS;tdiinc992j;p99.92p100;1992;5299041.0;992;j
RS;tdiinc992j;p99.92p100;1993;3398638.5;992;j
RS;tdiinc992j;p99.92p100;1994;3468254.5;992;j
RS;tdiinc992j;p99.92p100;1995;3633778.0;992;j
RS;tdiinc992j;p99.92p100;1996;3596755.5;992;j
RS;tdiinc992j;p99.92p100;1997;3734358.3;992;j
RS;tdiinc992j;p99.92p100;1998;4106872.8;992;j
RS;tdiinc992j;p99.92p100;1999;4950059.0;992;j
RS;tdiinc992j;p99.92p100;2000;5762914.0;992;j
RS;tdiinc992j;p99.92p100;2001;6115351.5;992;j
RS;tdiinc992j;p99.92p100;2002;6584035.0;992;j
RS;tdiinc992j;p99.92p100;2003;6838722.0;992;j
RS;tdiinc992j;p99.92p100;2004;7802392.0;992;j
RS;tdiinc992j;p99.92p100;2005;9074932.0;992;j
RS;tdiinc992j;p99.92p100;2006;9613425.0;992;j
RS;tdiinc992j;p99.92p100;2007;9353445.0;992;j
RS;tdiinc992j;p99.92p100;2008;9665520.0;992;j
RS;tdiinc992j;p99.92p100;2009;10317989.0;992;j
RS;tdiinc992j;p99.92p100;2010;10445885.0;992;j
RS;tdiinc992j;p99.92p100;2011;10669420.0;992;j
RS;tdiinc992j;p99.92p100;2012;12421147.0;992;j
RS;tdiinc992j;p99.92p100;2013;11481291.0;992;j
RS;tdiinc992j;p99.92p100;2014;13678187.0;992;j
RS;tdiinc992j;p99.92p100;2015;16752999.0;992;j
RS;tdiinc992j;p99.92p100;2016;17486076.0;992;j
RS;tdiinc992j;p99.92p100;2017;17623306.0;992;j
RS;tptinc992j;p10p20;1990;151392.3;992;j
RS;tptinc992j;p10p20;1991;132187.09;992;j
RS;tptinc992j;p10p20;1992;91000.203;992;j
RS;tptinc992j;p10p20;1993;59255.801;992;j
RS;tptinc992j;p10p20;1994;61378.801;992;j
RS;tptinc992j;p10p20;1995;65347.898;992;j
RS;tptinc992j;p10p20;1996;66577.602;992;j
RS;tptinc992j;p10p20;1997;71432.102;992;j
RS;tptinc992j;p10p20;1998;83051.398;992;j
RS;tptinc992j;p10p20;1999;92784.297;992;j
RS;tptinc992j;p10p20;2000;100208.6;992;j
RS;tptinc992j;p10p20;2001;101619.1;992;j
RS;tptinc992j;p10p20;2002;92827.398;992;j
RS;tptinc992j;p10p20;2003;91318.703;992;j
RS;tptinc992j;p10p20;2004;92245.703;992;j
RS;tptinc992j;p10p20;2005;92559.0;992;j
RS;tptinc992j;p10p20;2006;85836.703;992;j
RS;tptinc992j;p10p20;2007;76302.398;992;j
RS;tptinc992j;p10p20;2008;66903.398;992;j
RS;tptinc992j;p10p20;2009;56882.699;992;j
RS;tptinc992j;p10p20;2010;52010.5;992;j
RS;tptinc992j;p10p20;2011;42879.699;992;j
RS;tptinc992j;p10p20;2012;37833.898;992;j
RS;tptinc992j;p10p20;2013;32148.801;992;j
RS;tptinc992j;p10p20;2014;32646.199;992;j
RS;tptinc992j;p10p20;2015;32754.699;992;j
RS;tptinc992j;p10p20;2016;33851.199;992;j
RS;tptinc992j;p10p20;2017;33703.699;992;j
RS;tptinc992j;p55p100;1990;649382.69;992;j
RS;tptinc992j;p55p100;1991;562563.38;992;j
RS;tptinc992j;p55p100;1992;384008.91;992;j
RS;tptinc992j;p55p100;1993;248403.41;992;j
RS;tptinc992j;p55p100;1994;254845.59;992;j
RS;tptinc992j;p55p100;1995;268141.81;992;j
RS;tptinc992j;p55p100;1996;269700.19;992;j
RS;tptinc992j;p55p100;1997;285206.41;992;j
RS;tptinc992j;p55p100;1998;297328.81;992;j
RS;tptinc992j;p55p100;1999;324063.69;992;j
RS;tptinc992j;p55p100;2000;351833.31;992;j
RS;tptinc992j;p55p100;2001;349291.91;992;j
RS;tptinc992j;p55p100;2002;372962.41;992;j
RS;tptinc992j;p55p100;2003;392036.31;992;j
RS;tptinc992j;p55p100;2004;433869.59;992;j
RS;tptinc992j;p55p100;2005;479722.41;992;j
RS;tptinc992j;p55p100;2006;505702.59;992;j
RS;tptinc992j;p55p100;2007;523996.5;992;j
RS;tptinc992j;p55p100;2008;555810.81;992;j
RS;tptinc992j;p55p100;2009;547099.88;992;j
RS;tptinc992j;p55p100;2010;539507.81;992;j
RS;tptinc992j;p55p100;2011;533178.38;992;j
RS;tptinc992j;p55p100;2012;538408.81;992;j
RS;tptinc992j;p55p100;2013;558081.19;992;j
RS;tptinc992j;p55p100;2014;529704.19;992;j
RS;tptinc992j;p55p100;2015;545356.88;992;j
RS;tptinc992j;p55p100;2016;562025.19;992;j
RS;tptinc992j;p55p100;2017;564968.88;992;j
RS;tptinc992j;p70p80;1990;860530.81;992;j
RS;tptinc992j;p70p80;1991;744619.0;992;j
RS;tptinc992j;p70p80;1992;508329.0;992;j
RS;tptinc992j;p70p80;1993;328527.19;992;j
RS;tptinc992j;p70p80;1994;336944.41;992;j
RS;tptinc992j;p70p80;1995;353872.69;992;j
RS;tptinc992j;p70p80;1996;355797.69;992;j
RS;tptinc992j;p70p80;1997;376290.09;992;j
RS;tptinc992j;p70p80;1998;393298.5;992;j
RS;tptinc992j;p70p80;1999;426266.69;992;j
RS;tptinc992j;p70p80;2000;462584.59;992;j
RS;tptinc992j;p70p80;2001;457715.09;992;j
RS;tptinc992j;p70p80;2002;495843.09;992;j
RS;tptinc992j;p70p80;2003;521783.59;992;j
RS;tptinc992j;p70p80;2004;581378.88;992;j
RS;tptinc992j;p70p80;2005;645927.88;992;j
RS;tptinc992j;p70p80;2006;686560.38;992;j
RS;tptinc992j;p70p80;2007;720003.0;992;j
RS;tptinc992j;p70p80;2008;773280.31;992;j
RS;tptinc992j;p70p80;2009;758076.69;992;j
RS;tptinc992j;p70p80;2010;751940.81;992;j
RS;tptinc992j;p70p80;2011;752301.0;992;j
RS;tptinc992j;p70p80;2012;763857.31;992;j
RS;tptinc992j;p70p80;2013;790259.19;992;j
RS;tptinc992j;p70p80;2014;755813.63;992;j
RS;tptinc992j;p70p80;2015;759627.81;992;j
RS;tptinc992j;p70p80;2016;782860.19;992;j
RS;tptinc992j;p70p80;2017;787226.5;992;j
RS;tptinc992j;p88p89;1990;1242519.5;992;j
RS;tptinc992j;p88p89;1991;1076058.5;992;j
RS;tptinc992j;p88p89;1992;733697.88;992;j
RS;tptinc992j;p88p89;1993;473817.41;992;j
RS;tptinc992j;p88p89;1994;486411.59;992;j
RS;tptinc992j;p88p89;1995;511113.19;992;j
RS;tptinc992j;p88p89;1996;513816.09;992;j
RS;tptinc992j;p88p89;1997;543348.38;992;j
RS;tptinc992j;p88p89;1998;570568.81;992;j
RS;tptinc992j;p88p89;1999;617082.63;992;j
RS;tptinc992j;p88p89;2000;672483.69;992;j
RS;tptinc992j;p88p89;2001;663981.81;992;j
RS;tptinc992j;p88p89;2002;722911.0;992;j
RS;tptinc992j;p88p89;2003;771096.13;992;j
RS;tptinc992j;p88p89;2004;879836.63;992;j
RS;tptinc992j;p88p89;2005;1001793.7;992;j
RS;tptinc992j;p88p89;2006;1070198.6;992;j
RS;tptinc992j;p88p89;2007;1129075.9;992;j
RS;tptinc992j;p88p89;2008;1215013.3;992;j
RS;tptinc992j;p88p89;2009;1208244.6;992;j
RS;tptinc992j;p88p89;2010;1217092.0;992;j
RS;tptinc992j;p88p89;2011;1235049.0;992;j
RS;tptinc992j;p88p89;2012;1262156.3;992;j
RS;tptinc992j;p88p89;2013;1281198.5;992;j
RS;tptinc992j;p88p89;2014;1229347.0;992;j
RS;tptinc992j;p88p89;2015;1243075.5;992;j
RS;tptinc992j;p88p89;2016;1280685.1;992;j
RS;tptinc992j;p88p89;2017;1288087.5;992;j
RS;acainc992j;p5p100;1990;542657.19;992;j
RS;acainc992j;p5p100;1991;471094.5;992;j
RS;acainc992j;p5p100;1992;322538.69;992;j
RS;acainc992j;p5p100;1993;209125.0;992;j
RS;acainc992j;p5p100;1994;215350.3;992;j
RS;acainc992j;p5p100;1995;227259.3;992;j
RS;acainc992j;p5p100;1996;229070.8;992;j
RS;acainc992j;p5p100;1997;241669.59;992;j
RS;acainc992j;p5p100;1998;265098.09;992;j
RS;acainc992j;p5p100;1999;302672.0;992;j
RS;acainc992j;p5p100;2000;328480.69;992;j
RS;acainc992j;p5p100;2001;320221.0;992;j
RS;acainc992j;p5p100;2002;334877.59;992;j
RS;acainc992j;p5p100;2003;352778.09;992;j
RS;acainc992j;p5p100;2004;421692.69;992;j
RS;acainc992j;p5p100;2005;480273.19;992;j
RS;acainc992j;p5p100;2006;506578.31;992;j
RS;acainc992j;p5p100;2007;505987.91;992;j
RS;acainc992j;p5p100;2008;541912.69;992;j
RS;acainc992j;p5p100;2009;535921.69;992;j
RS;acainc992j;p5p100;2010;538235.38;992;j
RS;acainc992j;p5p100;2011;543880.19;992;j
RS;acainc992j;p5p100;2012;543331.81;992;j
RS;acainc992j;p5p100;2013;555059.19;992;j
RS;acainc992j;p5p100;2014;542927.88;992;j
RS;acainc992j;p5p100;2015;549294.31;992;j
RS;acainc992j;p5p100;2016;569681.88;992;j
RS;acainc992j;p5p100;2017;570178.0;992;j
RS;acainc992j;p74p75;1990;666762.63;992;j
RS;acainc992j;p74p75;1991;578096.88;992;j
RS;acainc992j;p74p75;1992;395332.91;992;j
RS;acainc992j;p74p75;1993;255747.41;992;j
RS;acainc992j;p74p75;1994;262807.81;992;j
RS;acainc992j;p74p75;1995;276725.31;992;j
RS;acainc992j;p74p75;1996;278732.69;992;j
RS;acainc992j;p74p75;1997;293852.91;992;j
RS;acainc992j;p74p75;1998;319273.81;992;j
RS;acainc992j;p74p75;1999;359138.09;992;j
RS;acainc992j;p74p75;2000;385901.41;992;j
RS;acainc992j;p74p75;2001;372818.69;992;j
RS;acainc992j;p74p75;2002;394137.69;992;j
RS;acainc992j;p74p75;2003;416041.91;992;j
RS;acainc992j;p74p75;2004;502630.5;992;j
RS;acainc992j;p74p75;2005;568645.19;992;j
RS;acainc992j;p74p75;2006;600785.88;992;j
RS;acainc992j;p74p75;2007;607408.81;992;j
RS;acainc992j;p74p75;2008;651830.69;992;j
RS;acainc992j;p74p75;2009;642022.38;992;j
RS;acainc992j;p74p75;2010;645232.5;992;j
RS;acainc992j;p74p75;2011;650812.63;992;j
RS;acainc992j;p74p75;2012;649134.81;992;j
RS;acainc992j;p74p75;2013;684286.19;992;j
RS;acainc992j;p74p75;2014;636348.69;992;j
RS;acainc992j;p74p75;2015;620228.19;992;j
RS;acainc992j;p74p75;2016;643121.88;992;j
RS;acainc992j;p74p75;2017;643589.31;992;j
RS;acainc992j;p97p100;1990;2452032.8;992;j
RS;acainc992j;p97p100;1991;2106514.3;992;j
RS;acainc992j;p97p100;1992;1429105.6;992;j
RS;acainc992j;p97p100;1993;924025.13;992;j
RS;acainc992j;p97p100;1994;948440.88;992;j
RS;acainc992j;p97p100;1995;998479.5;992;j
RS;acainc992j;p97p100;1996;996705.63;992;j
RS;acainc992j;p97p100;1997;1041206.4;992;j
RS;acainc992j;p97p100;1998;1164575.8;992;j
RS;acainc992j;p97p100;1999;1388872.8;992;j
RS;acainc992j;p97p100;2000;1581048.0;992;j
RS;acainc992j;p97p100;2001;1595227.3;992;j
RS;acainc992j;p97p100;2002;1703341.4;992;j
RS;acainc992j;p97p100;2003;1785943.9;992;j
RS;acainc992j;p97p100;2004;2167920.5;992;j
RS;acainc992j;p97p100;2005;2541027.8;992;j
RS;acainc992j;p97p100;2006;2734746.3;992;j
RS;acainc992j;p97p100;2007;2674231.3;992;j
RS;acainc992j;p97p100;2008;2861787.5;992;j
RS;acainc992j;p97p100;2009;2941408.0;992;j
RS;acainc992j;p97p100;2010;3032590.8;992;j
RS;acainc992j;p97p100;2011;3134664.0;992;j
RS;acainc992j;p97p100;2012;3338633.3;992;j
RS;acainc992j;p97p100;2013;3264201.8;992;j
RS;acainc992j;p97p100;2014;3460545.3;992;j
RS;acainc992j;p97p100;2015;4024232.8;992;j
RS;acainc992j;p97p100;2016;4173858.5;992;j
RS;acainc992j;p97p100;2017;4180227.5;992;j
RS;adiinc992j;p21p100;1990;876431.69;992;j
RS;adiinc992j;p21p100;1991;760445.38;992;j
RS;adiinc992j;p21p100;1992;520339.19;992;j
RS;adiinc992j;p21p100;1993;337145.09;992;j
RS;adiinc992j;p21p100;1994;346914.0;992;j
RS;adiinc992j;p21p100;1995;365813.5;992;j
RS;adiinc992j;p21p100;1996;368417.5;992;j
RS;adiinc992j;p21p100;1997;390097.09;992;j
RS;adiinc992j;p21p100;1998;409371.09;992;j
RS;adiinc992j;p21p100;1999;448820.19;992;j
RS;adiinc992j;p21p100;2000;493777.09;992;j
RS;adiinc992j;p21p100;2001;493200.59;992;j
RS;adiinc992j;p21p100;2002;533807.88;992;j
RS;adiinc992j;p21p100;2003;561252.88;992;j
RS;adiinc992j;p21p100;2004;635584.88;992;j
RS;adiinc992j;p21p100;2005;710252.13;992;j
RS;adiinc992j;p21p100;2006;752751.5;992;j
RS;adiinc992j;p21p100;2007;777801.81;992;j
RS;adiinc992j;p21p100;2008;829023.38;992;j
RS;adiinc992j;p21p100;2009;815136.69;992;j
RS;adiinc992j;p21p100;2010;819977.13;992;j
RS;adiinc992j;p21p100;2011;826009.63;992;j
RS;adiinc992j;p21p100;2012;825746.38;992;j
RS;adiinc992j;p21p100;2013;843030.38;992;j
RS;adiinc992j;p21p100;2014;814517.19;992;j
RS;adiinc992j;p21p100;2015;827899.31;992;j
RS;adiinc992j;p21p100;2016;855422.69;992;j
RS;adiinc992j;p21p100;2017;860717.38;992;j
RS;adiinc992j;p25p100;1990;904909.13;992;j
RS;adiinc992j;p25p100;1991;784935.31;992;j
RS;adiinc992j;p25p100;1992;536932.5;992;j
RS;adiinc992j;p25p100;1993;347791.81;992;j
RS;adiinc992j;p25p100;1994;357758.69;992;j
RS;adiinc992j;p25p100;1995;377131.81;992;j
RS;adiinc992j;p25p100;1996;379681.19;992;j
RS;adiinc992j;p25p100;1997;401862.41;992;j
RS;adiinc992j;p25p100;1998;421542.31;992;j
RS;adiinc992j;p25p100;1999;462345.91;992;j
RS;adiinc992j;p25p100;2000;508525.09;992;j
RS;adiinc992j;p25p100;2001;507893.09;992;j
RS;adiinc992j;p25p100;2002;550236.69;992;j
RS;adiinc992j;p25p100;2003;578858.0;992;j
RS;adiinc992j;p25p100;2004;656361.13;992;j
RS;adiinc992j;p25p100;2005;733777.81;992;j
RS;adiinc992j;p25p100;2006;778537.38;992;j
RS;adiinc992j;p25p100;2007;804544.69;992;j
RS;adiinc992j;p25p100;2008;858000.81;992;j
RS;adiinc992j;p25p100;2009;844633.31;992;j
RS;adiinc992j;p25p100;2010;850747.31;992;j
RS;adiinc992j;p25p100;2011;858179.69;992;j
RS;adiinc992j;p25p100;2012;857501.13;992;j
RS;adiinc992j;p25p100;2013;877258.5;992;j
RS;adiinc992j;p25p100;2014;845698.19;992;j
RS;adiinc992j;p25p100;2015;861094.13;992;j
RS;adiinc992j;p25p100;2016;890072.63;992;j
RS;adiinc992j;p25p100;2017;895627.81;992;j
RS;adiinc992j;p39p40;1990;523181.09;992;j
RS;adiinc992j;p39p40;1991;455266.59;992;j
RS;adiinc992j;p39p40;1992;312430.91;992;j
RS;adiinc992j;p39p40;1993;202830.09;992;j
RS;adiinc992j;p39p40;1994;209146.7;992;j
RS;adiinc992j;p39p40;1995;221046.09;992;j
RS;adiinc992j;p39p40;1996;223584.59;992;j
RS;adiinc992j;p39p40;1997;238007.5;992;j
RS;adiinc992j;p39p40;1998;242734.59;992;j
RS;adiinc992j;p39p40;1999;264014.0;992;j
RS;adiinc992j;p39p40;2000;288640.5;992;j
RS;adiinc992j;p39p40;2001;288172.81;992;j
RS;adiinc992j;p39p40;2002;307411.09;992;j
RS;adiinc992j;p39p40;2003;320094.91;992;j
RS;adiinc992j;p39p40;2004;353920.19;992;j
RS;adiinc992j;p39p40;2005;387651.69;992;j
RS;adiinc992j;p39p40;2006;403060.0;992;j
RS;adiinc992j;p39p40;2007;416734.19;992;j
RS;adiinc992j;p39p40;2008;441016.0;992;j
RS;adiinc992j;p39p40;2009;426832.41;992;j
RS;adiinc992j;p39p40;2010;417745.91;992;j
RS;adiinc992j;p39p40;2011;409822.69;992;j
RS;adiinc992j;p39p40;2012;400639.91;992;j
RS;adiinc992j;p39p40;2013;404160.5;992;j
RS;adiinc992j;p39p40;2014;401184.81;992;j
RS;adiinc992j;p39p40;2015;396487.69;992;j
RS;adiinc992j;p39p40;2016;405000.5;992;j
RS;adiinc992j;p39p40;2017;406889.0;992;j
RS;adiinc992j;p50p100;1990;1108202.6;992;j
RS;adiinc992j;p50p100;1991;959904.81;992;j
RS;adiinc992j;p50p100;1992;655700.63;992;j
RS;adiinc992j;p50p100;1993;424231.31;992;j
RS;adiinc992j;p50p100;1994;435866.59;992;j
RS;adiinc992j;p50p100;1995;458946.69;992;j
RS;adiinc992j;p50p100;1996;461312.31;992;j
RS;adiinc992j;p50p100;1997;487359.81;992;j
RS;adiinc992j;p50p100;1998;513834.59;992;j
RS;adiinc992j;p50p100;1999;564975.69;992;j
RS;adiinc992j;p50p100;2000;621751.38;992;j
RS;adiinc992j;p50p100;2001;621330.63;992;j
RS;adiinc992j;p50p100;2002;675430.19;992;j
RS;adiinc992j;p50p100;2003;712122.63;992;j
RS;adiinc992j;p50p100;2004;811889.13;992;j
RS;adiinc992j;p50p100;2005;911652.19;992;j
RS;adiinc992j;p50p100;2006;971881.19;992;j
RS;adiinc992j;p50p100;2007;1004577.0;992;j
RS;adiinc992j;p50p100;2008;1074318.6;992;j
RS;adiinc992j;p50p100;2009;1061723.8;992;j
RS;adiinc992j;p50p100;2010;1076645.6;992;j
RS;adiinc992j;p50p100;2011;1093095.3;992;j
RS;adiinc992j;p50p100;2012;1094434.4;992;j
RS;adiinc992j;p50p100;2013;1124838.0;992;j
RS;adiinc992j;p50p100;2014;1078432.1;992;j
RS;adiinc992j;p50p100;2015;1105249.0;992;j
RS;adiinc992j;p50p100;2016;1144975.4;992;j
RS;adiinc992j;p50p100;2017;1152464.8;992;j
RS;adiinc992j;p99.3p99.4;1990;3418140.5;992;j
RS;adiinc992j;p99.3p99.4;1991;2956243.5;992;j
RS;adiinc992j;p99.3p99.4;1992;2023809.9;992;j
RS;adiinc992j;p99.3p99.4;1993;1317053.3;992;j
RS;adiinc992j;p99.3p99.4;1994;1357489.9;992;j
RS;adiinc992j;p99.3p99.4;1995;1434307.8;992;j
RS;adiinc992j;p99.3p99.4;1996;1436449.8;992;j
RS;adiinc992j;p99.3p99.4;1997;1510775.3;992;j
RS;adiinc992j;p99.3p99.4;1998;1631712.9;992;j
RS;adiinc992j;p99.3p99.4;1999;1858399.5;992;j
RS;adiinc992j;p99.3p99.4;2000;2134913.5;992;j
RS;adiinc992j;p99.3p99.4;2001;2176093.3;992;j
RS;adiinc992j;p99.3p99.4;2002;2400150.3;992;j
RS;adiinc992j;p99.3p99.4;2003;2502877.5;992;j
RS;adiinc992j;p99.3p99.4;2004;2859128.5;992;j
RS;adiinc992j;p99.3p99.4;2005;3265936.0;992;j
RS;adiinc992j;p99.3p99.4;2006;3563634.0;992;j
RS;adiinc992j;p99.3p99.4;2007;3620109.0;992;j
RS;adiinc992j;p99.3p99.4;2008;3892483.3;992;j
RS;adiinc992j;p99.3p99.4;2009;3920800.5;992;j
RS;adiinc992j;p99.3p99.4;2010;4060723.8;992;j
RS;adiinc992j;p99.3p99.4;2011;4201404.5;992;j
RS;adiinc992j;p99.3p99.4;2012;4295220.5;992;j
RS;adiinc992j;p99.3p99.4;2013;4313116.0;992;j
RS;adiinc992j;p99.3p99.4;2014;4215068.5;992;j
RS;adiinc992j;p99.3p99.4;2015;4521035.0;992;j
RS;adiinc992j;p99.3p99.4;2016;4711211.0;992;j
RS;adiinc992j;p99.3p99.4;2017;4745299.5;992;j
RS;agsrfc992i;p0p100;1997;6835.5;992;i
RS;agsrfc992i;p0p100;1998;7446.8999;992;i
RS;agsrfc992i;p0p100;1999;1383.3;992;i
RS;agsrfc992i;p0p100;2000;-663.59998;992;i
RS;agsrfc992i;p0p100;2001;2373.8999;992;i
RS;agsrfc992i;p0p100;2002;6507.5;992;i
RS;agsrfc992i;p0p100;2003;2718.7;992;i
RS;agsrfc992i;p0p100;2004;2076.0;992;i
RS;agsrfc992i;p0p100;2005;916.09998;992;i
RS;agsrfc992i;p0p100;2006;508.79999;992;i
RS;agsrfc992i;p0p100;2007;2493.1001;992;i
RS;agsrfc992i;p0p100;2008;3128.1001;992;i
RS;agsrfc992i;p0p100;2009;3436.5;992;i
RS;agsrfc992i;p0p100;2010;3865.1001;992;i
RS;agsrfc992i;p0p100;2011;5255.7002;992;i
RS;ansrnf999i;p0p100;1997;-35450.199;999;i
RS;ansrnf999i;p0p100;1998;-2498.0;999;i
RS;ansrnf999i;p0p100;1999;5124.1001;999;i
RS;ansrnf999i;p0p100;2000;21167.4;999;i
RS;ansrnf999i;p0p100;2001;-8981.7998;999;i
RS;ansrnf999i;p0p100;2002;-18048.5;999;i
RS;ansrnf999i;p0p100;2003;-22372.801;999;i
RS;ansrnf999i;p0p100;2004;10731.9;999;i
RS;ansrnf999i;p0p100;2005;30238.6;999;i
RS;ansrnf999i;p0p100;2006;30148.6;999;i
RS;ansrnf999i;p0p100;2007;25708.4;999;i
RS;ansrnf999i;p0p100;2008;31798.4;999;i
RS;ansrnf999i;p0p100;2009;25264.6;999;i
RS;ansrnf999i;p0p100;2010;33924.602;999;i
RS;ansrnf999i;p0p100;2011;52487.602;999;i
RS;aptinc992j;p26p27;1990;341731.59;992;j
RS;aptinc992j;p26p27;1991;295455.09;992;j
RS;aptinc992j;p26p27;1992;201467.3;992;j
RS;aptinc992j;p26p27;1993;130252.8;992;j
RS;aptinc992j;p26p27;1994;133624.0;992;j
RS;aptinc992j;p26p27;1995;140529.59;992;j
RS;aptinc992j;p26p27;1996;141320.5;992;j
RS;aptinc992j;p26p27;1997;149428.7;992;j
RS;aptinc992j;p26p27;1998;158651.41;992;j
RS;aptinc992j;p26p27;1999;173514.59;992;j
RS;aptinc992j;p26p27;2000;187932.2;992;j
RS;aptinc992j;p26p27;2001;186771.0;992;j
RS;aptinc992j;p26p27;2002;193246.41;992;j
RS;aptinc992j;p26p27;2003;196509.41;992;j
RS;aptinc992j;p26p27;2004;210879.3;992;j
RS;aptinc992j;p26p27;2005;225249.3;992;j
RS;aptinc992j;p26p27;2006;227205.2;992;j
RS;aptinc992j;p26p27;2007;231728.09;992;j
RS;aptinc992j;p26p27;2008;237043.41;992;j
RS;aptinc992j;p26p27;2009;226678.41;992;j
RS;aptinc992j;p26p27;2010;213321.2;992;j
RS;aptinc992j;p26p27;2011;195777.41;992;j
RS;aptinc992j;p26p27;2012;188337.3;992;j
RS;aptinc992j;p26p27;2013;188623.59;992;j
RS;aptinc992j;p26p27;2014;181053.5;992;j
RS;aptinc992j;p26p27;2015;195670.5;992;j
RS;aptinc992j;p26p27;2016;201800.3;992;j
RS;aptinc992j;p26p27;2017;202765.7;992;j
RS;aptinc992j;p45p46;1990;548432.13;992;j
RS;aptinc992j;p45p46;1991;473326.09;992;j
RS;aptinc992j;p45p46;1992;322102.41;992;j
RS;aptinc992j;p45p46;1993;207521.59;992;j
RS;aptinc992j;p45p46;1994;212364.09;992;j
RS;aptinc992j;p45p46;1995;222801.09;992;j
RS;aptinc992j;p45p46;1996;223470.0;992;j
RS;aptinc992j;p45p46;1997;235721.7;992;j
RS;aptinc992j;p45p46;1998;242318.5;992;j
RS;aptinc992j;p45p46;1999;265076.41;992;j
RS;aptinc992j;p45p46;2000;288399.91;992;j
RS;aptinc992j;p45p46;2001;287046.19;992;j
RS;aptinc992j;p45p46;2002;306630.69;992;j
RS;aptinc992j;p45p46;2003;320464.19;992;j
RS;aptinc992j;p45p46;2004;355356.41;992;j
RS;aptinc992j;p45p46;2005;389625.91;992;j
RS;aptinc992j;p45p46;2006;409237.81;992;j
RS;aptinc992j;p45p46;2007;426349.5;992;j
RS;aptinc992j;p45p46;2008;449725.69;992;j
RS;aptinc992j;p45p46;2009;439442.31;992;j
RS;aptinc992j;p45p46;2010;431016.5;992;j
RS;aptinc992j;p45p46;2011;423814.59;992;j
RS;aptinc992j;p45p46;2012;418183.69;992;j
RS;aptinc992j;p45p46;2013;438493.91;992;j
RS;aptinc992j;p45p46;2014;416448.5;992;j
RS;aptinc992j;p45p46;2015;429478.19;992;j
RS;aptinc992j;p45p46;2016;442696.59;992;j
RS;aptinc992j;p45p46;2017;445069.41;992;j
RS;aptinc992j;p46p100;1990;1109918.8;992;j
RS;aptinc992j;p46p100;1991;964158.31;992;j
RS;aptinc992j;p46p100;1992;660504.13;992;j
RS;aptinc992j;p46p100;1993;428481.19;992;j
RS;aptinc992j;p46p100;1994;441443.81;992;j
RS;aptinc992j;p46p100;1995;466080.59;992;j
RS;aptinc992j;p46p100;1996;469871.81;992;j
RS;aptinc992j;p46p100;1997;498195.91;992;j
RS;aptinc992j;p46p100;1998;522458.69;992;j
RS;aptinc992j;p46p100;1999;572162.0;992;j
RS;aptinc992j;p46p100;2000;631239.88;992;j
RS;aptinc992j;p46p100;2001;630435.88;992;j
RS;aptinc992j;p46p100;2002;685180.0;992;j
RS;aptinc992j;p46p100;2003;722971.81;992;j
RS;aptinc992j;p46p100;2004;820372.13;992;j
RS;aptinc992j;p46p100;2005;922050.5;992;j
RS;aptinc992j;p46p100;2006;981138.38;992;j
RS;aptinc992j;p46p100;2007;1015369.9;992;j
RS;aptinc992j;p46p100;2008;1089335.1;992;j
RS;aptinc992j;p46p100;2009;1075831.4;992;j
RS;aptinc992j;p46p100;2010;1086350.5;992;j
RS;aptinc992j;p46p100;2011;1100651.4;992;j
RS;aptinc992j;p46p100;2012;1102742.0;992;j
RS;aptinc992j;p46p100;2013;1130058.8;992;j
RS;aptinc992j;p46p100;2014;1113344.0;992;j
RS;aptinc992j;p46p100;2015;1114773.0;992;j
RS;aptinc992j;p46p100;2016;1149255.5;992;j
RS;aptinc992j;p46p100;2017;1156321.3;992;j
RS;aptinc992j;p99.95p99.96;1990;14455738.0;992;j
RS;aptinc992j;p99.95p99.96;1991;12840270.0;992;j
RS;aptinc992j;p99.95p99.96;1992;8954894.0;992;j
RS;aptinc992j;p99.95p99.96;1993;5937236.0;992;j
RS;aptinc992j;p99.95p99.96;1994;6224282.5;992;j
RS;aptinc992j;p99.95p99.96;1995;6717300.0;992;j
RS;aptinc992j;p99.95p99.96;1996;6870202.0;992;j
RS;aptinc992j;p99.95p99.96;1997;7391221.0;992;j
RS;aptinc992j;p99.95p99.96;1998;7801243.5;992;j
RS;aptinc992j;p99.95p99.96;1999;9006819.0;992;j
RS;aptinc992j;p99.95p99.96;2000;10569317.0;992;j
RS;aptinc992j;p99.95p99.96;2001;11092269.0;992;j
RS;aptinc992j;p99.95p99.96;2002;11926926.0;992;j
RS;aptinc992j;p99.95p99.96;2003;12386929.0;992;j
RS;aptinc992j;p99.95p99.96;2004;14391797.0;992;j
RS;aptinc992j;p99.95p99.96;2005;15946261.0;992;j
RS;aptinc992j;p99.95p99.96;2006;17030770.0;992;j
RS;aptinc992j;p99.95p99.96;2007;16458290.0;992;j
RS;aptinc992j;p99.95p99.96;2008;17835056.0;992;j
RS;aptinc992j;p99.95p99.96;2009;17501366.0;992;j
RS;aptinc992j;p99.95p99.96;2010;17802862.0;992;j
RS;aptinc992j;p99.95p99.96;2011;18658012.0;992;j
RS;aptinc992j;p99.95p99.96;2012;16562684.0;992;j
RS;aptinc992j;p99.95p99.96;2013;17483908.0;992;j
RS;aptinc992j;p99.95p99.96;2014;22042724.0;992;j
RS;aptinc992j;p99.95p99.96;2015;21416562.0;992;j
RS;aptinc992j;p99.95p99.96;2016;22102636.0;992;j
RS;aptinc992j;p99.95p99.96;2017;22266696.0;992;j
RS;asecnf992i;p0p100;1997;-69520.0;992;i
RS;asecnf992i;p0p100;1998;-24697.301;992;i
RS;asecnf992i;p0p100;1999;-5842.2002;992;i
RS;asecnf992i;p0p100;2000;13851.2;992;i
RS;asecnf992i;p0p100;2001;-24792.699;992;i
RS;asecnf992i;p0p100;2002;-39275.102;992;i
RS;asecnf992i;p0p100;2003;-47404.898;992;i
RS;asecnf992i;p0p100;2004;-55.400002;992;i
RS;asecnf992i;p0p100;2005;9393.5996;992;i
RS;asecnf992i;p0p100;2006;13930.2;992;i
RS;asecnf992i;p0p100;2007;-2757.2;992;i
RS;asecnf992i;p0p100;2008;-14576.7;992;i
RS;asecnf992i;p0p100;2009;-724.59998;992;i
RS;asecnf992i;p0p100;2010;663.79999;992;i
RS;asecnf992i;p0p100;2011;7434.6001;992;i
RS;bcainc992j;p99.994p100;1990;2.166765;992;j
RS;bcainc992j;p99.994p100;1991;2.1139574;992;j
RS;bcainc992j;p99.994p100;1992;2.0417216;992;j
RS;bcainc992j;p99.994p100;1993;1.9918441;992;j
RS;bcainc992j;p99.994p100;1994;1.9602275;992;j
RS;bcainc992j;p99.994p100;1995;1.9332246;992;j
RS;bcainc992j;p99.994p100;1996;1.9057972;992;j
RS;bcainc992j;p99.994p100;1997;1.8765314;992;j
RS;bcainc992j;p99.994p100;1998;1.9061794;992;j
RS;bcainc992j;p99.994p100;1999;2.0251637;992;j
RS;bcainc992j;p99.994p100;2000;2.0162559;992;j
RS;bcainc992j;p99.994p100;2001;2.1141062;992;j
RS;bcainc992j;p99.994p100;2002;2.029917;992;j
RS;bcainc992j;p99.994p100;2003;2.0386825;992;j
RS;bcainc992j;p99.994p100;2004;2.0446801;992;j
RS;bcainc992j;p99.994p100;2005;2.0892413;992;j
RS;bcainc992j;p99.994p100;2006;1.9871662;992;j
RS;bcainc992j;p99.994p100;2007;1.8918459;992;j
RS;bcainc992j;p99.994p100;2008;1.7942452;992;j
RS;bcainc992j;p99.994p100;2009;1.9200754;992;j
RS;bcainc992j;p99.994p100;2010;1.8581231;992;j
RS;bcainc992j;p99.994p100;2011;1.8217723;992;j
RS;bcainc992j;p99.994p100;2012;2.129456;992;j
RS;bcainc992j;p99.994p100;2013;1.9238875;992;j
RS;bcainc992j;p99.994p100;2014;2.5217354;992;j
RS;bcainc992j;p99.994p100;2015;3.0608926;992;j
RS;bcainc992j;p99.994p100;2016;3.0619352;992;j
RS;bcainc992j;p99.994p100;2017;3.0650177;992;j
RS;bdiinc992j;p81p100;1990;1.5291514;992;j
RS;bdiinc992j;p81p100;1991;1.5258304;992;j
RS;bdiinc992j;p81p100;1992;1.5246986;992;j
RS;bdiinc992j;p81p100;1993;1.5272281;992;j
RS;bdiinc992j;p81p100;1994;1.5305525;992;j
RS;bdiinc992j;p81p100;1995;1.529562;992;j
RS;bdiinc992j;p81p100;1996;1.5269747;992;j
RS;bdiinc992j;p81p100;1997;1.5242606;992;j
RS;bdiinc992j;p81p100;1998;1.5627402;992;j
RS;bdiinc992j;p81p100;1999;1.5979999;992;j
RS;bdiinc992j;p81p100;2000;1.6319056;992;j
RS;bdiinc992j;p81p100;2001;1.6588453;992;j
RS;bdiinc992j;p81p100;2002;1.657711;992;j
RS;bdiinc992j;p81p100;2003;1.6662844;992;j
RS;bdiinc992j;p81p100;2004;1.6736622;992;j
RS;bdiinc992j;p81p100;2005;1.6991955;992;j
RS;bdiinc992j;p81p100;2006;1.7203879;992;j
RS;bdiinc992j;p81p100;2007;1.6977692;992;j
RS;bdiinc992j;p81p100;2008;1.6884512;992;j
RS;bdiinc992j;p81p100;2009;1.7215821;992;j
RS;bdiinc992j;p81p100;2010;1.7407269;992;j
RS;bdiinc992j;p81p100;2011;1.7694002;992;j
RS;bdiinc992j;p81p100;2012;1.7873423;992;j
RS;bdiinc992j;p81p100;2013;1.7268062;992;j
RS;bdiinc992j;p81p100;2014;1.8363581;992;j
RS;bdiinc992j;p81p100;2015;1.9649873;992;j
RS;bdiinc992j;p81p100;2016;1.9745251;992;j
RS;bdiinc992j;p81p100;2017;1.976351;992;j
RS;bdiinc992j;p86p100;1990;1.5592754;992;j
RS;bdiinc992j;p86p100;1991;1.5574616;992;j
RS;bdiinc992j;p86p100;1992;1.5565127;992;j
RS;bdiinc992j;p86p100;1993;1.5570256;992;j
RS;bdiinc992j;p86p100;1994;1.5616188;992;j
RS;bdiinc992j;p86p100;1995;1.565053;992;j
RS;bdiinc992j;p86p100;1996;1.5617623;992;j
RS;bdiinc992j;p86p100;1997;1.5587816;992;j
RS;bdiinc992j;p86p100;1998;1.5881232;992;j
RS;bdiinc992j;p86p100;1999;1.6324689;992;j
RS;bdiinc992j;p86p100;2000;1.6824795;992;j
RS;bdiinc992j;p86p100;2001;1.7235909;992;j
RS;bdiinc992j;p86p100;2002;1.731411;992;j
RS;bdiinc992j;p86p100;2003;1.7094809;992;j
RS;bdiinc992j;p86p100;2004;1.7132696;992;j
RS;bdiinc992j;p86p100;2005;1.7380576;992;j
RS;bdiinc992j;p86p100;2006;1.7393382;992;j
RS;bdiinc992j;p86p100;2007;1.6993432;992;j
RS;bdiinc992j;p86p100;2008;1.6957643;992;j
RS;bdiinc992j;p86p100;2009;1.7178597;992;j
RS;bdiinc992j;p86p100;2010;1.7486029;992;j
RS;bdiinc992j;p86p100;2011;1.7684505;992;j
RS;bdiinc992j;p86p100;2012;1.7956562;992;j
RS;bdiinc992j;p86p100;2013;1.7495248;992;j
RS;bdiinc992j;p86p100;2014;1.8603176;992;j
RS;bdiinc992j;p86p100;2015;2.0060878;992;j
RS;bdiinc992j;p86p100;2016;2.0145795;992;j
RS;bdiinc992j;p86p100;2017;2.0164618;992;j
RS;bptinc992j;p14p100;1990;4.2873435;992;j
RS;bptinc992j;p14p100;1991;4.2954931;992;j
RS;bptinc992j;p14p100;1992;4.3002138;992;j
RS;bptinc992j;p14p100;1993;4.3088927;992;j
RS;bptinc992j;p14p100;1994;4.3178196;992;j
RS;bptinc992j;p14p100;1995;4.3320093;992;j
RS;bptinc992j;p14p100;1996;4.3395052;992;j
RS;bptinc992j;p14p100;1997;4.3447223;992;j
RS;bptinc992j;p14p100;1998;4.0799727;992;j
RS;bptinc992j;p14p100;1999;4.0876775;992;j
RS;bptinc992j;p14p100;2000;4.1450615;992;j
RS;bptinc992j;p14p100;2001;4.1108189;992;j
RS;bptinc992j;p14p100;2002;4.6031003;992;j
RS;bptinc992j;p14p100;2003;4.8148208;992;j
RS;bptinc992j;p14p100;2004;5.2802048;992;j
RS;bptinc992j;p14p100;2005;5.8324533;992;j
RS;bptinc992j;p14p100;2006;6.6658692;992;j
RS;bptinc992j;p14p100;2007;7.6275649;992;j
RS;bptinc992j;p14p100;2008;8.990797;992;j
RS;bptinc992j;p14p100;2009;9.7639723;992;j
RS;bptinc992j;p14p100;2010;11.423713;992;j
RS;bptinc992j;p14p100;2011;14.013744;992;j
RS;bptinc992j;p14p100;2012;14.938339;992;j
RS;bptinc992j;p14p100;2013;16.561356;992;j
RS;bptinc992j;p14p100;2014;16.444036;992;j
RS;bptinc992j;p14p100;2015;16.045418;992;j
RS;bptinc992j;p14p100;2016;16.006084;992;j
RS;bptinc992j;p14p100;2017;16.172071;992;j
RS;bptinc992j;p44p100;1990;2.0317307;992;j
RS;bptinc992j;p44p100;1991;2.0483103;992;j
RS;bptinc992j;p44p100;1992;2.0624688;992;j
RS;bptinc992j;p44p100;1993;2.0785871;992;j
RS;bptinc992j;p44p100;1994;2.0970802;992;j
RS;bptinc992j;p44p100;1995;2.11429;992;j
RS;bptinc992j;p44p100;1996;2.1283233;992;j
RS;bptinc992j;p44p100;1997;2.1428156;992;j
RS;bptinc992j;p44p100;1998;2.1777651;992;j
RS;bptinc992j;p44p100;1999;2.1819243;992;j
RS;bptinc992j;p44p100;2000;2.2111132;992;j
RS;bptinc992j;p44p100;2001;2.2175431;992;j
RS;bptinc992j;p44p100;2002;2.2550399;992;j
RS;bptinc992j;p44p100;2003;2.2801793;992;j
RS;bptinc992j;p44p100;2004;2.3210943;992;j
RS;bptinc992j;p44p100;2005;2.3950946;992;j
RS;bptinc992j;p44p100;2006;2.4380045;992;j
RS;bptinc992j;p44p100;2007;2.4195192;992;j
RS;bptinc992j;p44p100;2008;2.4535949;992;j
RS;bptinc992j;p44p100;2009;2.4790125;992;j
RS;bptinc992j;p44p100;2010;2.5591588;992;j
RS;bptinc992j;p44p100;2011;2.6418302;992;j
RS;bptinc992j;p44p100;2012;2.6790583;992;j
RS;bptinc992j;p44p100;2013;2.61395;992;j
RS;bptinc992j;p44p100;2014;2.7192485;992;j
RS;bptinc992j;p44p100;2015;2.6430981;992;j
RS;bptinc992j;p44p100;2016;2.6429744;992;j
RS;bptinc992j;p44p100;2017;2.6443849;992;j
RS;bptinc992j;p59p100;1990;1.815945;992;j
RS;bptinc992j;p59p100;1991;1.824877;992;j
RS;bptinc992j;p59p100;1992;1.8341161;992;j
RS;bptinc992j;p59p100;1993;1.8446718;992;j
RS;bptinc992j;p59p100;1994;1.8511544;992;j
RS;bptinc992j;p59p100;1995;1.8633592;992;j
RS;bptinc992j;p59p100;1996;1.8707584;992;j
RS;bptinc992j;p59p100;1997;1.8759919;992;j
RS;bptinc992j;p59p100;1998;1.8891373;992;j
RS;bptinc992j;p59p100;1999;1.8962202;992;j
RS;bptinc992j;p59p100;2000;1.9316566;992;j
RS;bptinc992j;p59p100;2001;1.9557283;992;j
RS;bptinc992j;p59p100;2002;1.9804784;992;j
RS;bptinc992j;p59p100;2003;1.9878201;992;j
RS;bptinc992j;p59p100;2004;2.0435901;992;j
RS;bptinc992j;p59p100;2005;2.0820143;992;j
RS;bptinc992j;p59p100;2006;2.0953758;992;j
RS;bptinc992j;p59p100;2007;2.0799682;992;j
RS;bptinc992j;p59p100;2008;2.0902658;992;j
RS;bptinc992j;p59p100;2009;2.1096368;992;j
RS;bptinc992j;p59p100;2010;2.1640286;992;j
RS;bptinc992j;p59p100;2011;2.2210572;992;j
RS;bptinc992j;p59p100;2012;2.2196062;992;j
RS;bptinc992j;p59p100;2013;2.1789703;992;j
RS;bptinc992j;p59p100;2014;2.2584329;992;j
RS;bptinc992j;p59p100;2015;2.1930678;992;j
RS;bptinc992j;p59p100;2016;2.1940556;992;j
RS;bptinc992j;p59p100;2017;2.1951771;992;j
RS;mgsrnp999i;p0p100;1997;386004576.0;999;i
RS;mgsrnp999i;p0p100;1998;402495264.0;999;i
RS;mgsrnp999i;p0p100;1999;384085792.0;999;i
RS;mgsrnp999i;p0p100;2000;428452160.0;999;i
RS;mgsrnp999i;p0p100;2001;498447104.0;999;i
RS;mgsrnp999i;p0p100;2002;613624064.0;999;i
RS;mgsrnp999i;p0p100;2003;656437312.0;999;i
RS;mgsrnp999i;p0p100;2004;885440128.0;999;i
RS;mgsrnp999i;p0p100;2005;879805504.0;999;i
RS;mgsrnp999i;p0p100;2006;750303872.0;999;i
RS;mgsrnp999i;p0p100;2007;714328896.0;999;i
RS;mgsrnp999i;p0p100;2008;707969920.0;999;i
RS;mgsrnp999i;p0p100;2009;659065088.0;999;i
RS;mgsrnp999i;p0p100;2010;656334848.0;999;i
RS;mgsrnp999i;p0p100;2011;710916864.0;999;i
RS;mprgho999i;p0p100;1997;2484003667968.0;999;i
RS;mprgho999i;p0p100;1998;2263343169536.0;999;i
RS;mprgho999i;p0p100;1999;1947398569984.0;999;i
RS;mprgho999i;p0p100;2000;2056334606336.0;999;i
RS;mprgho999i;p0p100;2001;2148651630592.0;999;i
RS;mprgho999i;p0p100;2002;2236790865920.0;999;i
RS;mprgho999i;p0p100;2003;2360500813824.0;999;i
RS;mprgho999i;p0p100;2004;2448134242304.0;999;i
RS;mprgho999i;p0p100;2005;2667274829824.0;999;i
RS;mprgho999i;p0p100;2006;2824707768320.0;999;i
RS;mprgho999i;p0p100;2007;2975035817984.0;999;i
RS;mprgho999i;p0p100;2008;3164586901504.0;999;i
RS;mprgho999i;p0p100;2009;3013131894784.0;999;i
RS;mprgho999i;p0p100;2010;3001801244672.0;999;i
RS;mprgho999i;p0p100;2011;3063676141568.0;999;i
RS;mprgnp999i;p0p100;1997;383885984.0;999;i
RS;mprgnp999i;p0p100;1998;743618624.0;999;i
RS;mprgnp999i;p0p100;1999;362334432.0;999;i
RS;mprgnp999i;p0p100;2000;410077120.0;999;i
RS;mprgnp999i;p0p100;2001;591965376.0;999;i
RS;mprgnp999i;p0p100;2002;605677056.0;999;i
RS;mprgnp999i;p0p100;2003;655247040.0;999;i
RS;mprgnp999i;p0p100;2004;885298112.0;999;i
RS;mprgnp999i;p0p100;2005;1169668864.0;999;i
RS;mprgnp999i;p0p100;2006;1370973952.0;999;i
RS;mprgnp999i;p0p100;2007;1456585856.0;999;i
RS;mprgnp999i;p0p100;2008;1587664768.0;999;i
RS;mprgnp999i;p0p100;2009;1529373440.0;999;i
RS;mprgnp999i;p0p100;2010;1414915840.0;999;i
RS;mprgnp999i;p0p100;2011;1440344320.0;999;i
RS;scainc992j;p46p47;1990;0.0077999998;992;j
RS;scainc992j;p46p47;1991;0.0077999998;992;j
RS;scainc992j;p46p47;1992;0.0078999996;992;j
RS;scainc992j;p46p47;1993;0.0078999996;992;j
RS;scainc992j;p46p47;1994;0.0080000004;992;j
RS;scainc992j;p46p47;1995;0.0080000004;992;j
RS;scainc992j;p46p47;1996;0.0080000004;992;j
RS;scainc992j;p46p47;1997;0.0081000002;992;j
RS;scainc992j;p46p47;1998;0.0077999998;992;j
RS;scainc992j;p46p47;1999;0.0077;992;j
RS;scainc992j;p46p47;2000;0.0077;992;j
RS;scainc992j;p46p47;2001;0.0077;992;j
RS;scainc992j;p46p47;2002;0.0076000001;992;j
RS;scainc992j;p46p47;2003;0.0074999998;992;j
RS;scainc992j;p46p47;2004;0.0074;992;j
RS;scainc992j;p46p47;2005;0.0073000002;992;j
RS;scainc992j;p46p47;2006;0.0073000002;992;j
RS;scainc992j;p46p47;2007;0.0073000002;992;j
RS;scainc992j;p46p47;2008;0.0071999999;992;j
RS;scainc992j;p46p47;2009;0.0071;992;j
RS;scainc992j;p46p47;2010;0.0070000002;992;j
RS;scainc992j;p46p47;2011;0.0068999999;992;j
RS;scainc992j;p46p47;2012;0.0066999998;992;j
RS;scainc992j;p46p47;2013;0.0068000001;992;j
RS;scainc992j;p46p47;2014;0.0066;992;j
RS;scainc992j;p46p47;2015;0.0066;992;j
RS;scainc992j;p46p47;2016;0.0066;992;j
RS;scainc992j;p46p47;2017;0.0065000001;992;j
RS;scainc992j;p48p100;1990;0.7895;992;j
RS;scainc992j;p48p100;1991;0.7877;992;j
RS;scainc992j;p48p100;1992;0.78579998;992;j
RS;scainc992j;p48p100;1993;0.78420001;992;j
RS;scainc992j;p48p100;1994;0.78240001;992;j
RS;scainc992j;p48p100;1995;0.78070003;992;j
RS;scainc992j;p48p100;1996;0.77869999;992;j
RS;scainc992j;p48p100;1997;0.7766;992;j
RS;scainc992j;p48p100;1998;0.77469999;992;j
RS;scainc992j;p48p100;1999;0.77499998;992;j
RS;scainc992j;p48p100;2000;0.77789998;992;j
RS;scainc992j;p48p100;2001;0.77920002;992;j
RS;scainc992j;p48p100;2002;0.79030001;992;j
RS;scainc992j;p48p100;2003;0.79320002;992;j
RS;scainc992j;p48p100;2004;0.80339998;992;j
RS;scainc992j;p48p100;2005;0.80839998;992;j
RS;scainc992j;p48p100;2006;0.8168;992;j
RS;scainc992j;p48p100;2007;0.82050002;992;j
RS;scainc992j;p48p100;2008;0.82459998;992;j
RS;scainc992j;p48p100;2009;0.82889998;992;j
RS;scainc992j;p48p100;2010;0.83890003;992;j
RS;scainc992j;p48p100;2011;0.8477;992;j
RS;scainc992j;p48p100;2012;0.85079998;992;j
RS;scainc992j;p48p100;2013;0.85409999;992;j
RS;scainc992j;p48p100;2014;0.8344;992;j
RS;scainc992j;p48p100;2015;0.8502;992;j
RS;scainc992j;p48p100;2016;0.8502;992;j
RS;scainc992j;p48p100;2017;0.85030001;992;j
RS;scainc992j;p74p75;1990;0.0129;992;j
RS;scainc992j;p74p75;1991;0.0129;992;j
RS;scainc992j;p74p75;1992;0.0128;992;j
RS;scainc992j;p74p75;1993;0.0128;992;j
RS;scainc992j;p74p75;1994;0.0128;992;j
RS;scainc992j;p74p75;1995;0.0128;992;j
RS;scainc992j;p74p75;1996;0.0128;992;j
RS;scainc992j;p74p75;1997;0.0128;992;j
RS;scainc992j;p74p75;1998;0.0126;992;j
RS;scainc992j;p74p75;1999;0.0124;992;j
RS;scainc992j;p74p75;2000;0.0123;992;j
RS;scainc992j;p74p75;2001;0.0122;992;j
RS;scainc992j;p74p75;2002;0.0124;992;j
RS;scainc992j;p74p75;2003;0.0124;992;j
RS;scainc992j;p74p75;2004;0.0125;992;j
RS;scainc992j;p74p75;2005;0.0124;992;j
RS;scainc992j;p74p75;2006;0.0125;992;j
RS;scainc992j;p74p75;2007;0.0126;992;j
RS;scainc992j;p74p75;2008;0.0126;992;j
RS;scainc992j;p74p75;2009;0.0126;992;j
RS;scainc992j;p74p75;2010;0.0126;992;j
RS;scainc992j;p74p75;2011;0.0126;992;j
RS;scainc992j;p74p75;2012;0.0126;992;j
RS;scainc992j;p74p75;2013;0.0129;992;j
RS;scainc992j;p74p75;2014;0.0123;992;j
RS;scainc992j;p74p75;2015;0.0118;992;j
RS;scainc992j;p74p75;2016;0.0118;992;j
RS;scainc992j;p74p75;2017;0.0118;992;j
RS;scainc992j;p99.1p100;1990;0.074900001;992;j
RS;scainc992j;p99.1p100;1991;0.073399998;992;j
RS;scainc992j;p99.1p100;1992;0.071900003;992;j
RS;scainc992j;p99.1p100;1993;0.071199998;992;j
RS;scainc992j;p99.1p100;1994;0.070699997;992;j
RS;scainc992j;p99.1p100;1995;0.070200004;992;j
RS;scainc992j;p99.1p100;1996;0.0691;992;j
RS;scainc992j;p99.1p100;1997;0.068000004;992;j
RS;scainc992j;p99.1p100;1998;0.07;992;j
RS;scainc992j;p99.1p100;1999;0.075300001;992;j
RS;scainc992j;p99.1p100;2000;0.079999998;992;j
RS;scainc992j;p99.1p100;2001;0.084600002;992;j
RS;scainc992j;p99.1p100;2002;0.085600004;992;j
RS;scainc992j;p99.1p100;2003;0.084899999;992;j
RS;scainc992j;p99.1p100;2004;0.086099997;992;j
RS;scainc992j;p99.1p100;2005;0.089500003;992;j
RS;scainc992j;p99.1p100;2006;0.090099998;992;j
RS;scainc992j;p99.1p100;2007;0.086199999;992;j
RS;scainc992j;p99.1p100;2008;0.0845;992;j
RS;scainc992j;p99.1p100;2009;0.090499997;992;j
RS;scainc992j;p99.1p100;2010;0.091899998;992;j
RS;scainc992j;p99.1p100;2011;0.093500003;992;j
RS;scainc992j;p99.1p100;2012;0.1068;992;j
RS;scainc992j;p99.1p100;2013;0.097599998;992;j
RS;scainc992j;p99.1p100;2014;0.1173;992;j
RS;scainc992j;p99.1p100;2015;0.1462;992;j
RS;scainc992j;p99.1p100;2016;0.1462;992;j
RS;scainc992j;p99.1p100;2017;0.1464;992;j
RS;scainc992j;p99.95p99.96;1990;0.0018;992;j
RS;scainc992j;p99.95p99.96;1991;0.0018;992;j
RS;scainc992j;p99.95p99.96;1992;0.0017;992;j
RS;scainc992j;p99.95p99.96;1993;0.0017;992;j
RS;scainc992j;p99.95p99.96;1994;0.0017;992;j
RS;scainc992j;p99.95p99.96;1995;0.0017;992;j
RS;scainc992j;p99.95p99.96;1996;0.0016;992;j
RS;scainc992j;p99.95p99.96;1997;0.0016;992;j
RS;scainc992j;p99.95p99.96;1998;0.0016;992;j
RS;scainc992j;p99.95p99.96;1999;0.0018;992;j
RS;scainc992j;p99.95p99.96;2000;0.0019;992;j
RS;scainc992j;p99.95p99.96;2001;0.0020999999;992;j
RS;scainc992j;p99.95p99.96;2002;0.0020999999;992;j
RS;scainc992j;p99.95p99.96;2003;0.0020999999;992;j
RS;scainc992j;p99.95p99.96;2004;0.0020999999;992;j
RS;scainc992j;p99.95p99.96;2005;0.0022;992;j
RS;scainc992j;p99.95p99.96;2006;0.0022;992;j
RS;scainc992j;p99.95p99.96;2007;0.0020000001;992;j
RS;scainc992j;p99.95p99.96;2008;0.0020000001;992;j
RS;scainc992j;p99.95p99.96;2009;0.0022;992;j
RS;scainc992j;p99.95p99.96;2010;0.0022;992;j
RS;scainc992j;p99.95p99.96;2011;0.0022;992;j
RS;scainc992j;p99.95p99.96;2012;0.0027000001;992;j
RS;scainc992j;p99.95p99.96;2013;0.0024000001;992;j
RS;scainc992j;p99.95p99.96;2014;0.0031000001;992;j
RS;scainc992j;p99.95p99.96;2015;0.0038999999;992;j
RS;scainc992j;p99.95p99.96;2016;0.0038999999;992;j
RS;scainc992j;p99.95p99.96;2017;0.0038999999;992;j
RS;scainc992j;p99.994p100;1990;0.0068000001;992;j
RS;scainc992j;p99.994p100;1991;0.0063;992;j
RS;scainc992j;p99.994p100;1992;0.0057999999;992;j
RS;scainc992j;p99.994p100;1993;0.0054000001;992;j
RS;scainc992j;p99.994p100;1994;0.0052;992;j
RS;scainc992j;p99.994p100;1995;0.0049999999;992;j
RS;scainc992j;p99.994p100;1996;0.0046999999;992;j
RS;scainc992j;p99.994p100;1997;0.0044999998;992;j
RS;scainc992j;p99.994p100;1998;0.0048000002;992;j
RS;scainc992j;p99.994p100;1999;0.0060000001;992;j
RS;scainc992j;p99.994p100;2000;0.0063999998;992;j
RS;scainc992j;p99.994p100;2001;0.0076000001;992;j
RS;scainc992j;p99.994p100;2002;0.0070000002;992;j
RS;scainc992j;p99.994p100;2003;0.0070000002;992;j
RS;scainc992j;p99.994p100;2004;0.0071;992;j
RS;scainc992j;p99.994p100;2005;0.0077999998;992;j
RS;scainc992j;p99.994p100;2006;0.0070000002;992;j
RS;scainc992j;p99.994p100;2007;0.0060000001;992;j
RS;scainc992j;p99.994p100;2008;0.0051000002;992;j
RS;scainc992j;p99.994p100;2009;0.0065000001;992;j
RS;scainc992j;p99.994p100;2010;0.0060999999;992;j
RS;scainc992j;p99.994p100;2011;0.0059000002;992;j
RS;scainc992j;p99.994p100;2012;0.0098999999;992;j
RS;scainc992j;p99.994p100;2013;0.0071;992;j
RS;scainc992j;p99.994p100;2014;0.0153;992;j
RS;scainc992j;p99.994p100;2015;0.027000001;992;j
RS;scainc992j;p99.994p100;2016;0.027100001;992;j
RS;scainc992j;p99.994p100;2017;0.027100001;992;j
RS;sdiinc992j;p52p100;1990;0.73650002;992;j
RS;sdiinc992j;p52p100;1991;0.73479998;992;j
RS;sdiinc992j;p52p100;1992;0.7331;992;j
RS;sdiinc992j;p52p100;1993;0.73159999;992;j
RS;sdiinc992j;p52p100;1994;0.73000002;992;j
RS;sdiinc992j;p52p100;1995;0.72839999;992;j
RS;sdiinc992j;p52p100;1996;0.72649997;992;j
RS;sdiinc992j;p52p100;1997;0.72409999;992;j
RS;sdiinc992j;p52p100;1998;0.7263;992;j
RS;sdiinc992j;p52p100;1999;0.7295;992;j
RS;sdiinc992j;p52p100;2000;0.73030001;992;j
RS;sdiinc992j;p52p100;2001;0.73110002;992;j
RS;sdiinc992j;p52p100;2002;0.73890001;992;j
RS;sdiinc992j;p52p100;2003;0.74180001;992;j
RS;sdiinc992j;p52p100;2004;0.75160003;992;j
RS;sdiinc992j;p52p100;2005;0.7572;992;j
RS;sdiinc992j;p52p100;2006;0.76490003;992;j
RS;sdiinc992j;p52p100;2007;0.76620001;992;j
RS;sdiinc992j;p52p100;2008;0.76980001;992;j
RS;sdiinc992j;p52p100;2009;0.77469999;992;j
RS;sdiinc992j;p52p100;2010;0.78380001;992;j
RS;sdiinc992j;p52p100;2011;0.79350001;992;j
RS;sdiinc992j;p52p100;2012;0.79579997;992;j
RS;sdiinc992j;p52p100;2013;0.79869998;992;j
RS;sdiinc992j;p52p100;2014;0.78100002;992;j
RS;sdiinc992j;p52p100;2015;0.79530001;992;j
RS;sdiinc992j;p52p100;2016;0.7992;992;j
RS;sdiinc992j;p52p100;2017;0.79979998;992;j
RS;sdiinc992j;p70p71;1990;0.0117;992;j
RS;sdiinc992j;p70p71;1991;0.0117;992;j
RS;sdiinc992j;p70p71;1992;0.0117;992;j
RS;sdiinc992j;p70p71;1993;0.0117;992;j
RS;sdiinc992j;p70p71;1994;0.0117;992;j
RS;sdiinc992j;p70p71;1995;0.0117;992;j
RS;sdiinc992j;p70p71;1996;0.0117;992;j
RS;sdiinc992j;p70p71;1997;0.0117;992;j
RS;sdiinc992j;p70p71;1998;0.0116;992;j
RS;sdiinc992j;p70p71;1999;0.0115;992;j
RS;sdiinc992j;p70p71;2000;0.0113;992;j
RS;sdiinc992j;p70p71;2001;0.0112;992;j
RS;sdiinc992j;p70p71;2002;0.0113;992;j
RS;sdiinc992j;p70p71;2003;0.0113;992;j
RS;sdiinc992j;p70p71;2004;0.0114;992;j
RS;sdiinc992j;p70p71;2005;0.0113;992;j
RS;sdiinc992j;p70p71;2006;0.0113;992;j
RS;sdiinc992j;p70p71;2007;0.0114;992;j
RS;sdiinc992j;p70p71;2008;0.0115;992;j
RS;sdiinc992j;p70p71;2009;0.0114;992;j
RS;sdiinc992j;p70p71;2010;0.0114;992;j
RS;sdiinc992j;p70p71;2011;0.0114;992;j
RS;sdiinc992j;p70p71;2012;0.0113;992;j
RS;sdiinc992j;p70p71;2013;0.0116;992;j
RS;sdiinc992j;p70p71;2014;0.0111;992;j
RS;sdiinc992j;p70p71;2015;0.0108;992;j
RS;sdiinc992j;p70p71;2016;0.0108;992;j
RS;sdiinc992j;p70p71;2017;0.0108;992;j
RS;sptinc992j;p76p77;1990;0.0133;992;j
RS;sptinc992j;p76p77;1991;0.0133;992;j
RS;sptinc992j;p76p77;1992;0.0133;992;j
RS;sptinc992j;p76p77;1993;0.0132;992;j
RS;sptinc992j;p76p77;1994;0.0132;992;j
RS;sptinc992j;p76p77;1995;0.0132;992;j
RS;sptinc992j;p76p77;1996;0.0132;992;j
RS;sptinc992j;p76p77;1997;0.0131;992;j
RS;sptinc992j;p76p77;1998;0.013;992;j
RS;sptinc992j;p76p77;1999;0.0129;992;j
RS;sptinc992j;p76p77;2000;0.0128;992;j
RS;sptinc992j;p76p77;2001;0.0127;992;j
RS;sptinc992j;p76p77;2002;0.0128;992;j
RS;sptinc992j;p76p77;2003;0.0128;992;j
RS;sptinc992j;p76p77;2004;0.0128;992;j
RS;sptinc992j;p76p77;2005;0.0128;992;j
RS;sptinc992j;p76p77;2006;0.0129;992;j
RS;sptinc992j;p76p77;2007;0.0131;992;j
RS;sptinc992j;p76p77;2008;0.0132;992;j
RS;sptinc992j;p76p77;2009;0.0132;992;j
RS;sptinc992j;p76p77;2010;0.0131;992;j
RS;sptinc992j;p76p77;2011;0.0131;992;j
RS;sptinc992j;p76p77;2012;0.0134;992;j
RS;sptinc992j;p76p77;2013;0.0135;992;j
RS;sptinc992j;p76p77;2014;0.0131;992;j
RS;sptinc992j;p76p77;2015;0.0129;992;j
RS;sptinc992j;p76p77;2016;0.0129;992;j
RS;sptinc992j;p76p77;2017;0.0129;992;j
RS;tcainc992j;p10p100;1990;115457.5;992;j
RS;tcainc992j;p10p100;1991;102092.5;992;j
RS;tcainc992j;p10p100;1992;71325.398;992;j
RS;tcainc992j;p10p100;1993;47144.801;992;j
RS;tcainc992j;p10p100;1994;49693.801;992;j
RS;tcainc992j;p10p100;1995;53564.602;992;j
RS;tcainc992j;p10p100;1996;55353.801;992;j
RS;tcainc992j;p10p100;1997;59743.5;992;j
RS;tcainc992j;p10p100;1998;72198.0;992;j
RS;tcainc992j;p10p100;1999;83203.102;992;j
RS;tcainc992j;p10p100;2000;87597.0;992;j
RS;tcainc992j;p10p100;2001;83722.0;992;j
RS;tcainc992j;p10p100;2002;74079.5;992;j
RS;tcainc992j;p10p100;2003;70731.297;992;j
RS;tcainc992j;p10p100;2004;69990.102;992;j
RS;tcainc992j;p10p100;2005;72664.898;992;j
RS;tcainc992j;p10p100;2006;66788.602;992;j
RS;tcainc992j;p10p100;2007;57461.699;992;j
RS;tcainc992j;p10p100;2008;56385.5;992;j
RS;tcainc992j;p10p100;2009;53383.199;992;j
RS;tcainc992j;p10p100;2010;44489.602;992;j
RS;tcainc992j;p10p100;2011;37210.199;992;j
RS;tcainc992j;p10p100;2012;32814.898;992;j
RS;tcainc992j;p10p100;2013;49256.699;992;j
RS;tcainc992j;p10p100;2014;85746.398;992;j
RS;tcainc992j;p10p100;2015;61189.898;992;j
RS;tcainc992j;p10p100;2016;63573.301;992;j
RS;tcainc992j;p10p100;2017;63493.801;992;j
RS;tcainc992j;p14p100;1990;139489.91;992;j
RS;tcainc992j;p14p100;1991;124022.7;992;j
RS;tcainc992j;p14p100;1992;86830.898;992;j
RS;tcainc992j;p14p100;1993;57527.602;992;j
RS;tcainc992j;p14p100;1994;60549.699;992;j
RS;tcainc992j;p14p100;1995;65196.199;992;j
RS;tcainc992j;p14p100;1996;66999.297;992;j
RS;tcainc992j;p14p100;1997;71823.203;992;j
RS;tcainc992j;p14p100;1998;85985.102;992;j
RS;tcainc992j;p14p100;1999;98213.0;992;j
RS;tcainc992j;p14p100;2000;103494.8;992;j
RS;tcainc992j;p14p100;2001;98466.203;992;j
RS;tcainc992j;p14p100;2002;90655.0;992;j
RS;tcainc992j;p14p100;2003;92088.398;992;j
RS;tcainc992j;p14p100;2004;93186.297;992;j
RS;tcainc992j;p14p100;2005;99695.703;992;j
RS;tcainc992j;p14p100;2006;94631.898;992;j
RS;tcainc992j;p14p100;2007;87755.898;992;j
RS;tcainc992j;p14p100;2008;87135.398;992;j
RS;tcainc992j;p14p100;2009;81968.297;992;j
RS;tcainc992j;p14p100;2010;71798.102;992;j
RS;tcainc992j;p14p100;2011;60034.602;992;j
RS;tcainc992j;p14p100;2012;58038.301;992;j
RS;tcainc992j;p14p100;2013;59605.301;992;j
RS;tcainc992j;p14p100;2014;95919.602;992;j
RS;tcainc992j;p14p100;2015;71161.102;992;j
RS;tcainc992j;p14p100;2016;73934.102;992;j
RS;tcainc992j;p14p100;2017;73850.602;992;j
RS;tcainc992j;p5p100;1990;67494.102;992;j
RS;tcainc992j;p5p100;1991;59553.102;992;j
RS;tcainc992j;p5p100;1992;41373.898;992;j
RS;tcainc992j;p5p100;1993;27061.301;992;j
RS;tcainc992j;p5p100;1994;28354.801;992;j
RS;tcainc992j;p5p100;1995;30974.9;992;j
RS;tcainc992j;p5p100;1996;31714.6;992;j
RS;tcainc992j;p5p100;1997;33672.5;992;j
RS;tcainc992j;p5p100;1998;39914.5;992;j
RS;tcainc992j;p5p100;1999;46583.898;992;j
RS;tcainc992j;p5p100;2000;47388.898;992;j
RS;tcainc992j;p5p100;2001;45454.5;992;j
RS;tcainc992j;p5p100;2002;36442.301;992;j
RS;tcainc992j;p5p100;2003;36755.602;992;j
RS;tcainc992j;p5p100;2004;35637.0;992;j
RS;tcainc992j;p5p100;2005;34392.602;992;j
RS;tcainc992j;p5p100;2006;29623.0;992;j
RS;tcainc992j;p5p100;2007;24903.199;992;j
RS;tcainc992j;p5p100;2008;28820.699;992;j
RS;tcainc992j;p5p100;2009;30371.5;992;j
RS;tcainc992j;p5p100;2010;28041.6;992;j
RS;tcainc992j;p5p100;2011;24220.699;992;j
RS;tcainc992j;p5p100;2012;19298.4;992;j
RS;tcainc992j;p5p100;2013;40169.102;992;j
RS;tcainc992j;p5p100;2014;77542.398;992;j
RS;tcainc992j;p5p100;2015;53638.801;992;j
RS;tcainc992j;p5p100;2016;55717.301;992;j
RS;tcainc992j;p5p100;2017;55637.0;992;j
RS;tcainc992j;p99.93p99.94;1990;7514791.0;992;j
RS;tcainc992j;p99.93p99.94;1991;6376431.5;992;j
RS;tcainc992j;p99.93p99.94;1992;4256340.0;992;j
RS;tcainc992j;p99.93p99.94;1993;2725513.3;992;j
RS;tcainc992j;p99.93p99.94;1994;2778112.3;992;j
RS;tcainc992j;p99.93p99.94;1995;2907656.3;992;j
RS;tcainc992j;p99.93p99.94;1996;2874755.3;992;j
RS;tcainc992j;p99.93p99.94;1997;2971872.5;992;j
RS;tcainc992j;p99.93p99.94;1998;3373471.0;992;j
RS;tcainc992j;p99.93p99.94;1999;4214027.5;992;j
RS;tcainc992j;p99.93p99.94;2000;4883394.0;992;j
RS;tcainc992j;p99.93p99.94;2001;5084568.5;992;j
RS;tcainc992j;p99.93p99.94;2002;5355532.5;992;j
RS;tcainc992j;p99.93p99.94;2003;5582279.5;992;j
RS;tcainc992j;p99.93p99.94;2004;6759536.5;992;j
RS;tcainc992j;p99.93p99.94;2005;8031977.5;992;j
RS;tcainc992j;p99.93p99.94;2006;8486249.0;992;j
RS;tcainc992j;p99.93p99.94;2007;8018415.5;992;j
RS;tcainc992j;p99.93p99.94;2008;8320473.0;992;j
RS;tcainc992j;p99.93p99.94;2009;8968425.0;992;j
RS;tcainc992j;p99.93p99.94;2010;9094280.0;992;j
RS;tcainc992j;p99.93p99.94;2011;9308926.0;992;j
RS;tcainc992j;p99.93p99.94;2012;10975368.0;992;j
RS;tcainc992j;p99.93p99.94;2013;10078863.0;992;j
RS;tcainc992j;p99.93p99.94;2014;12198325.0;992;j
RS;tcainc992j;p99.93p99.94;2015;15114198.0;992;j
RS;tcainc992j;p99.93p99.94;2016;15678605.0;992;j
RS;tcainc992j;p99.93p99.94;2017;15702688.0;992;j
RS;tdiinc992j;p57p58;1990;697599.0;992;j
RS;tdiinc992j;p57p58;1991;606410.5;992;j
RS;tdiinc992j;p57p58;1992;415048.31;992;j
RS;tdiinc992j;p57p58;1993;268979.19;992;j
RS;tdiinc992j;p57p58;1994;276944.81;992;j
RS;tdiinc992j;p57p58;1995;292129.81;992;j
RS;tdiinc992j;p57p58;1996;294789.69;992;j
RS;tdiinc992j;p57p58;1997;312751.59;992;j
RS;tdiinc992j;p57p58;1998;325757.5;992;j
RS;tdiinc992j;p57p58;1999;352242.81;992;j
RS;tdiinc992j;p57p58;2000;384198.31;992;j
RS;tdiinc992j;p57p58;2001;379887.81;992;j
RS;tdiinc992j;p57p58;2002;410564.59;992;j
RS;tdiinc992j;p57p58;2003;431393.19;992;j
RS;tdiinc992j;p57p58;2004;483170.5;992;j
RS;tdiinc992j;p57p58;2005;533299.0;992;j
RS;tdiinc992j;p57p58;2006;560976.38;992;j
RS;tdiinc992j;p57p58;2007;583345.81;992;j
RS;tdiinc992j;p57p58;2008;619988.81;992;j
RS;tdiinc992j;p57p58;2009;605083.63;992;j
RS;tdiinc992j;p57p58;2010;597047.5;992;j
RS;tdiinc992j;p57p58;2011;593780.19;992;j
RS;tdiinc992j;p57p58;2012;588223.38;992;j
RS;tdiinc992j;p57p58;2013;601222.81;992;j
RS;tdiinc992j;p57p58;2014;576552.38;992;j
RS;tdiinc992j;p57p58;2015;571294.38;992;j
RS;tdiinc992j;p57p58;2016;587549.31;992;j
RS;tdiinc992j;p57p58;2017;590794.81;992;j
RS;tdiinc992j;p93p94;1990;1391654.3;992;j
RS;tdiinc992j;p93p94;1991;1207998.4;992;j
RS;tdiinc992j;p93p94;1992;827432.81;992;j
RS;tdiinc992j;p93p94;1993;535759.5;992;j
RS;tdiinc992j;p93p94;1994;550887.13;992;j
RS;tdiinc992j;p93p94;1995;580345.31;992;j
RS;tdiinc992j;p93p94;1996;583901.69;992;j
RS;tdiinc992j;p93p94;1997;617309.13;992;j
RS;tdiinc992j;p93p94;1998;654865.69;992;j
RS;tdiinc992j;p93p94;1999;717267.31;992;j
RS;tdiinc992j;p93p94;2000;786963.0;992;j
RS;tdiinc992j;p93p94;2001;783539.63;992;j
RS;tdiinc992j;p93p94;2002;854787.81;992;j
RS;tdiinc992j;p93p94;2003;909919.5;992;j
RS;tdiinc992j;p93p94;2004;1049817.0;992;j
RS;tdiinc992j;p93p94;2005;1187674.6;992;j
RS;tdiinc992j;p93p94;2006;1277163.3;992;j
RS;tdiinc992j;p93p94;2007;1328534.9;992;j
RS;tdiinc992j;p93p94;2008;1430584.5;992;j
RS;tdiinc992j;p93p94;2009;1406044.3;992;j
RS;tdiinc992j;p93p94;2010;1450484.9;992;j
RS;tdiinc992j;p93p94;2011;1491926.8;992;j
RS;tdiinc992j;p93p94;2012;1438257.6;992;j
RS;tdiinc992j;p93p94;2013;1498821.9;992;j
RS;tdiinc992j;p93p94;2014;1377410.0;992;j
RS;tdiinc992j;p93p94;2015;1362095.4;992;j
RS;tdiinc992j;p93p94;2016;1413163.1;992;j
RS;tdiinc992j;p93p94;2017;1422720.5;992;j
RS;tdiinc992j;p99.95p100;1990;11840760.0;992;j
RS;tdiinc992j;p99.95p100;1991;10016546.0;992;j
RS;tdiinc992j;p99.95p100;1992;6656435.0;992;j
RS;tdiinc992j;p99.95p100;1993;4249511.0;992;j
RS;tdiinc992j;p99.95p100;1994;4323195.5;992;j
RS;tdiinc992j;p99.95p100;1995;4517452.0;992;j
RS;tdiinc992j;p99.95p100;1996;4457485.5;992;j
RS;tdiinc992j;p99.95p100;1997;4612162.5;992;j
RS;tdiinc992j;p99.95p100;1998;5093026.5;992;j
RS;tdiinc992j;p99.95p100;1999;6224621.5;992;j
RS;tdiinc992j;p99.95p100;2000;7253588.5;992;j
RS;tdiinc992j;p99.95p100;2001;7775255.5;992;j
RS;tdiinc992j;p99.95p100;2002;8308261.0;992;j
RS;tdiinc992j;p99.95p100;2003;8630426.0;992;j
RS;tdiinc992j;p99.95p100;2004;9848997.0;992;j
RS;tdiinc992j;p99.95p100;2005;11507914.0;992;j
RS;tdiinc992j;p99.95p100;2006;12077657.0;992;j
RS;tdiinc992j;p99.95p100;2007;11622946.0;992;j
RS;tdiinc992j;p99.95p100;2008;11875798.0;992;j
RS;tdiinc992j;p99.95p100;2009;12871922.0;992;j
RS;tdiinc992j;p99.95p100;2010;12944349.0;992;j
RS;tdiinc992j;p99.95p100;2011;13168696.0;992;j
RS;tdiinc992j;p99.95p100;2012;15854650.0;992;j
RS;tdiinc992j;p99.95p100;2013;14344865.0;992;j
RS;tdiinc992j;p99.95p100;2014;18008142.0;992;j
RS;tdiinc992j;p99.95p100;2015;22776274.0;992;j
RS;tdiinc992j;p99.95p100;2016;23777690.0;992;j
RS;tdiinc992j;p99.95p100;2017;23967682.0;992;j
RS;tptinc992j;p0p99;1990;38046.898;992;j
RS;tptinc992j;p0p99;1991;30647.9;992;j
RS;tptinc992j;p0p99;1992;19364.6;992;j
RS;tptinc992j;p0p99;1993;11503.2;992;j
RS;tptinc992j;p0p99;1994;10762.0;992;j
RS;tptinc992j;p0p99;1995;10210.7;992;j
RS;tptinc992j;p0p99;1996;9016.4004;992;j
RS;tptinc992j;p0p99;1997;8147.2002;992;j
RS;tptinc992j;p0p99;1998;8770.9004;992;j
RS;tptinc992j;p0p99;1999;9103.5;992;j
RS;tptinc992j;p0p99;2000;9704.2002;992;j
RS;tptinc992j;p0p99;2001;10561.1;992;j
RS;tptinc992j;p0p99;2002;9846.5;992;j
RS;tptinc992j;p0p99;2003;12200.0;992;j
RS;tptinc992j;p0p99;2004;12672.4;992;j
RS;tptinc992j;p0p99;2005;14174.7;992;j
RS;tptinc992j;p0p99;2006;14586.9;992;j
RS;tptinc992j;p0p99;2007;15579.1;992;j
RS;tptinc992j;p0p99;2008;-1704301.4;992;j
RS;tptinc992j;p0p99;2009;10488.7;992;j
RS;tptinc992j;p0p99;2010;10715.4;992;j
RS;tptinc992j;p0p99;2011;11320.7;992;j
RS;tptinc992j;p0p99;2012;758.90002;992;j
RS;tptinc992j;p0p99;2013;-8439.0996;992;j
RS;tptinc992j;p0p99;2014;-14804.0;992;j
RS;tptinc992j;p0p99;2015;-18647.0;992;j
RS;tptinc992j;p0p99;2016;-21941.1;992;j
RS;tptinc992j;p0p99;2017;-25010.6;992;j
RS;tptinc992j;p79p80;1990;1030632.4;992;j
RS;tptinc992j;p79p80;1991;892362.31;992;j
RS;tptinc992j;p79p80;1992;609865.63;992;j
RS;tptinc992j;p79p80;1993;394501.81;992;j
RS;tptinc992j;p79p80;1994;405179.41;992;j
RS;tptinc992j;p79p80;1995;426280.31;992;j
RS;tptinc992j;p79p80;1996;428940.0;992;j
RS;tptinc992j;p79p80;1997;454082.19;992;j
RS;tptinc992j;p79p80;1998;471649.59;992;j
RS;tptinc992j;p79p80;1999;512544.09;992;j
RS;tptinc992j;p79p80;2000;557222.88;992;j
RS;tptinc992j;p79p80;2001;551269.38;992;j
RS;tptinc992j;p79p80;2002;600734.81;992;j
RS;tptinc992j;p79p80;2003;631855.19;992;j
RS;tptinc992j;p79p80;2004;710897.38;992;j
RS;tptinc992j;p79p80;2005;796006.13;992;j
RS;tptinc992j;p79p80;2006;844829.31;992;j
RS;tptinc992j;p79p80;2007;890023.13;992;j
RS;tptinc992j;p79p80;2008;957585.13;992;j
RS;tptinc992j;p79p80;2009;939549.13;992;j
RS;tptinc992j;p79p80;2010;936149.88;992;j
RS;tptinc992j;p79p80;2011;940782.69;992;j
RS;tptinc992j;p79p80;2012;962341.13;992;j
RS;tptinc992j;p79p80;2013;989443.88;992;j
RS;tptinc992j;p79p80;2014;941855.69;992;j
RS;tptinc992j;p79p80;2015;940676.69;992;j
RS;tptinc992j;p79p80;2016;969445.31;992;j
RS;tptinc992j;p79p80;2017;974810.5;992;j
RS;tptinc992j;p96p100;1990;1810651.5;992;j
RS;tptinc992j;p96p100;1991;1576546.1;992;j
RS;tptinc992j;p96p100;1992;1083440.5;992;j
RS;tptinc992j;p96p100;1993;704270.0;992;j
RS;tptinc992j;p96p100;1994;728003.19;992;j
RS;tptinc992j;p96p100;1995;770269.19;992;j
RS;tptinc992j;p96p100;1996;777217.0;992;j
RS;tptinc992j;p96p100;1997;824605.38;992;j
RS;tptinc992j;p96p100;1998;874779.13;992;j
RS;tptinc992j;p96p100;1999;957455.31;992;j
RS;tptinc992j;p96p100;2000;1069319.9;992;j
RS;tptinc992j;p96p100;2001;1067449.0;992;j
RS;tptinc992j;p96p100;2002;1172319.4;992;j
RS;tptinc992j;p96p100;2003;1251678.6;992;j
RS;tptinc992j;p96p100;2004;1442236.0;992;j
RS;tptinc992j;p96p100;2005;1652052.9;992;j
RS;tptinc992j;p96p100;2006;1762540.0;992;j
RS;tptinc992j;p96p100;2007;1816190.4;992;j
RS;tptinc992j;p96p100;2008;1946967.6;992;j
RS;tptinc992j;p96p100;2009;1941209.1;992;j
RS;tptinc992j;p96p100;2010;2011123.4;992;j
RS;tptinc992j;p96p100;2011;2056107.9;992;j
RS;tptinc992j;p96p100;2012;2096176.3;992;j
RS;tptinc992j;p96p100;2013;2102821.3;992;j
RS;tptinc992j;p96p100;2014;2014283.4;992;j
RS;tptinc992j;p96p100;2015;2008167.5;992;j
RS;tptinc992j;p96p100;2016;2070673.9;992;j
RS;tptinc992j;p96p100;2017;2084186.3;992;j
RS;tptinc992j;p99.7p100;1990;5632590.0;992;j
RS;tptinc992j;p99.7p100;1991;4955373.5;992;j
RS;tptinc992j;p99.7p100;1992;3439705.5;992;j
RS;tptinc992j;p99.7p100;1993;2259699.0;992;j
RS;tptinc992j;p99.7p100;1994;2361518.5;992;j
RS;tptinc992j;p99.7p100;1995;2527024.5;992;j
RS;tptinc992j;p99.7p100;1996;2566387.8;992;j
RS;tptinc992j;p99.7p100;1997;2739737.3;992;j
RS;tptinc992j;p99.7p100;1998;2918535.0;992;j
RS;tptinc992j;p99.7p100;1999;3291458.5;992;j
RS;tptinc992j;p99.7p100;2000;3815718.0;992;j
RS;tptinc992j;p99.7p100;2001;3913248.8;992;j
RS;tptinc992j;p99.7p100;2002;4280239.5;992;j
RS;tptinc992j;p99.7p100;2003;4499593.5;992;j
RS;tptinc992j;p99.7p100;2004;5224502.0;992;j
RS;tptinc992j;p99.7p100;2005;5912541.0;992;j
RS;tptinc992j;p99.7p100;2006;6311240.5;992;j
RS;tptinc992j;p99.7p100;2007;6233987.5;992;j
RS;tptinc992j;p99.7p100;2008;6714839.0;992;j
RS;tptinc992j;p99.7p100;2009;6651590.5;992;j
RS;tptinc992j;p99.7p100;2010;6930376.5;992;j
RS;tptinc992j;p99.7p100;2011;7179124.5;992;j
RS;tptinc992j;p99.7p100;2012;6974409.5;992;j
RS;tptinc992j;p99.7p100;2013;7083689.5;992;j
RS;tptinc992j;p99.7p100;2014;7679129.0;992;j
RS;tptinc992j;p99.7p100;2015;7477416.5;992;j
RS;tptinc992j;p99.7p100;2016;7716021.5;992;j
RS;tptinc992j;p99.7p100;2017;7774175.5;992;j
RS;acainc992j;p69p100;1990;978639.81;992;j
RS;acainc992j;p69p100;1991;846361.31;992;j
RS;acainc992j;p69p100;1992;577492.69;992;j
RS;acainc992j;p69p100;1993;373389.59;992;j
RS;acainc992j;p69p100;1994;383368.91;992;j
RS;acainc992j;p69p100;1995;403420.5;992;j
RS;acainc992j;p69p100;1996;404953.69;992;j
RS;acainc992j;p69p100;1997;425469.41;992;j
RS;acainc992j;p69p100;1998;466914.09;992;j
RS;acainc992j;p69p100;1999;535247.19;992;j
RS;acainc992j;p69p100;2000;585901.88;992;j
RS;acainc992j;p69p100;2001;573660.81;992;j
RS;acainc992j;p69p100;2002;609955.5;992;j
RS;acainc992j;p69p100;2003;646487.88;992;j
RS;acainc992j;p69p100;2004;786294.38;992;j
RS;acainc992j;p69p100;2005;906411.63;992;j
RS;acainc992j;p69p100;2006;969631.81;992;j
RS;acainc992j;p69p100;2007;971965.38;992;j
RS;acainc992j;p69p100;2008;1048284.7;992;j
RS;acainc992j;p69p100;2009;1047254.5;992;j
RS;acainc992j;p69p100;2010;1071931.4;992;j
RS;acainc992j;p69p100;2011;1099890.3;992;j
RS;acainc992j;p69p100;2012;1106175.3;992;j
RS;acainc992j;p69p100;2013;1135046.6;992;j
RS;acainc992j;p69p100;2014;1089393.4;992;j
RS;acainc992j;p69p100;2015;1134667.8;992;j
RS;acainc992j;p69p100;2016;1176690.3;992;j
RS;acainc992j;p69p100;2017;1177997.8;992;j
RS;accmho992i;p0p100;1997;6917.0;992;i
RS;accmho992i;p0p100;1998;7525.2998;992;i
RS;accmho992i;p0p100;1999;9812.5;992;i
RS;accmho992i;p0p100;2000;11355.2;992;i
RS;accmho992i;p0p100;2001;10853.0;992;i
RS;accmho992i;p0p100;2002;10252.4;992;i
RS;accmho992i;p0p100;2003;7873.2002;992;i
RS;accmho992i;p0p100;2004;9074.5;992;i
RS;accmho992i;p0p100;2005;9402.0996;992;i
RS;accmho992i;p0p100;2006;11365.8;992;i
RS;accmho992i;p0p100;2007;11245.5;992;i
RS;accmho992i;p0p100;2008;11808.5;992;i
RS;accmho992i;p0p100;2009;11137.3;992;i
RS;accmho992i;p0p100;2010;11263.6;992;i
RS;accmho992i;p0p100;2011;12862.1;992;i
RS;acongo999i;p0p100;1997;67989.797;999;i
RS;acongo999i;p0p100;1998;63480.5;999;i
RS;acongo999i;p0p100;1999;63195.0;999;i
RS;acongo999i;p0p100;2000;71064.0;999;i
RS;acongo999i;p0p100;2001;80519.898;999;i
RS;acongo999i;p0p100;2002;92848.5;999;i
RS;acongo999i;p0p100;2003;97268.5;999;i
RS;acongo999i;p0p100;2004;92014.898;999;i
RS;acongo999i;p0p100;2005;96414.5;999;i
RS;acongo999i;p0p100;2006;102276.4;999;i
RS;acongo999i;p0p100;2007;116700.8;999;i
RS;acongo999i;p0p100;2008;125906.6;999;i
RS;acongo999i;p0p100;2009;121429.9;999;i
RS;acongo999i;p0p100;2010;121955.0;999;i
RS;acongo999i;p0p100;2011;117584.8;999;i
RS;adiinc992j;p49p100;1990;1098606.8;992;j
RS;adiinc992j;p49p100;1991;951656.63;992;j
RS;adiinc992j;p49p100;1992;650101.63;992;j
RS;adiinc992j;p49p100;1993;420625.19;992;j
RS;adiinc992j;p49p100;1994;432178.0;992;j
RS;adiinc992j;p49p100;1995;455077.69;992;j
RS;adiinc992j;p49p100;1996;457450.69;992;j
RS;adiinc992j;p49p100;1997;483314.41;992;j
RS;adiinc992j;p49p100;1998;509399.0;992;j
RS;adiinc992j;p49p100;1999;560043.81;992;j
RS;adiinc992j;p49p100;2000;616287.88;992;j
RS;adiinc992j;p49p100;2001;615820.31;992;j
RS;adiinc992j;p49p100;2002;669347.31;992;j
RS;adiinc992j;p49p100;2003;705614.69;992;j
RS;adiinc992j;p49p100;2004;804329.88;992;j
RS;adiinc992j;p49p100;2005;902905.5;992;j
RS;adiinc992j;p49p100;2006;962386.31;992;j
RS;adiinc992j;p49p100;2007;994774.88;992;j
RS;adiinc992j;p49p100;2008;1063753.9;992;j
RS;adiinc992j;p49p100;2009;1051141.0;992;j
RS;adiinc992j;p49p100;2010;1065608.0;992;j
RS;adiinc992j;p49p100;2011;1081662.9;992;j
RS;adiinc992j;p49p100;2012;1082802.6;992;j
RS;adiinc992j;p49p100;2013;1112909.0;992;j
RS;adiinc992j;p49p100;2014;1066989.3;992;j
RS;adiinc992j;p49p100;2015;1093308.8;992;j
RS;adiinc992j;p49p100;2016;1132507.5;992;j
RS;adiinc992j;p49p100;2017;1139901.3;992;j
RS;adiinc992j;p76p77;1990;966037.19;992;j
RS;adiinc992j;p76p77;1991;836852.13;992;j
RS;adiinc992j;p76p77;1992;572068.69;992;j
RS;adiinc992j;p76p77;1993;370095.81;992;j
RS;adiinc992j;p76p77;1994;380377.41;992;j
RS;adiinc992j;p76p77;1995;400619.91;992;j
RS;adiinc992j;p76p77;1996;403444.09;992;j
RS;adiinc992j;p76p77;1997;427135.41;992;j
RS;adiinc992j;p76p77;1998;444545.19;992;j
RS;adiinc992j;p76p77;1999;482472.69;992;j
RS;adiinc992j;p76p77;2000;524905.5;992;j
RS;adiinc992j;p76p77;2001;519323.31;992;j
RS;adiinc992j;p76p77;2002;564331.13;992;j
RS;adiinc992j;p76p77;2003;593732.63;992;j
RS;adiinc992j;p76p77;2004;674295.88;992;j
RS;adiinc992j;p76p77;2005;751114.38;992;j
RS;adiinc992j;p76p77;2006;792993.19;992;j
RS;adiinc992j;p76p77;2007;828352.69;992;j
RS;adiinc992j;p76p77;2008;884170.69;992;j
RS;adiinc992j;p76p77;2009;866686.81;992;j
RS;adiinc992j;p76p77;2010;868919.13;992;j
RS;adiinc992j;p76p77;2011;874119.13;992;j
RS;adiinc992j;p76p77;2012;868990.13;992;j
RS;adiinc992j;p76p77;2013;914298.19;992;j
RS;adiinc992j;p76p77;2014;850288.31;992;j
RS;adiinc992j;p76p77;2015;830311.69;992;j
RS;adiinc992j;p76p77;2016;857806.38;992;j
RS;adiinc992j;p76p77;2017;863012.81;992;j
RS;adiinc992j;p80p90;1990;1127977.8;992;j
RS;adiinc992j;p80p90;1991;975674.63;992;j
RS;adiinc992j;p80p90;1992;665673.0;992;j
RS;adiinc992j;p80p90;1993;429600.41;992;j
RS;adiinc992j;p80p90;1994;440326.09;992;j
RS;adiinc992j;p80p90;1995;462476.0;992;j
RS;adiinc992j;p80p90;1996;464369.09;992;j
RS;adiinc992j;p80p90;1997;490053.31;992;j
RS;adiinc992j;p80p90;1998;513247.81;992;j
RS;adiinc992j;p80p90;1999;558429.5;992;j
RS;adiinc992j;p80p90;2000;606014.5;992;j
RS;adiinc992j;p80p90;2001;599245.81;992;j
RS;adiinc992j;p80p90;2002;651890.88;992;j
RS;adiinc992j;p80p90;2003;694056.31;992;j
RS;adiinc992j;p80p90;2004;796709.5;992;j
RS;adiinc992j;p80p90;2005;894620.88;992;j
RS;adiinc992j;p80p90;2006;954120.0;992;j
RS;adiinc992j;p80p90;2007;996919.81;992;j
RS;adiinc992j;p80p90;2008;1069553.9;992;j
RS;adiinc992j;p80p90;2009;1054876.8;992;j
RS;adiinc992j;p80p90;2010;1070186.0;992;j
RS;adiinc992j;p80p90;2011;1088190.5;992;j
RS;adiinc992j;p80p90;2012;1076783.1;992;j
RS;adiinc992j;p80p90;2013;1125872.9;992;j
RS;adiinc992j;p80p90;2014;1035511.6;992;j
RS;adiinc992j;p80p90;2015;1021588.5;992;j
RS;adiinc992j;p80p90;2016;1057536.0;992;j
RS;adiinc992j;p80p90;2017;1064184.8;992;j
RS;adiinc992j;p90p100;1990;2007886.4;992;j
RS;adiinc992j;p90p100;1991;1734753.3;992;j
RS;adiinc992j;p90p100;1992;1183426.8;992;j
RS;adiinc992j;p90p100;1993;766253.19;992;j
RS;adiinc992j;p90p100;1994;787572.13;992;j
RS;adiinc992j;p90p100;1995;829787.19;992;j
RS;adiinc992j;p90p100;1996;831812.88;992;j
RS;adiinc992j;p90p100;1997;875885.81;992;j
RS;adiinc992j;p90p100;1998;938918.38;992;j
RS;adiinc992j;p90p100;1999;1055684.8;992;j
RS;adiinc992j;p90p100;2000;1185882.8;992;j
RS;adiinc992j;p90p100;2001;1202552.9;992;j
RS;adiinc992j;p90p100;2002;1312981.5;992;j
RS;adiinc992j;p90p100;2003;1383033.8;992;j
RS;adiinc992j;p90p100;2004;1587843.0;992;j
RS;adiinc992j;p90p100;2005;1810407.0;992;j
RS;adiinc992j;p90p100;2006;1950292.4;992;j
RS;adiinc992j;p90p100;2007;1992648.6;992;j
RS;adiinc992j;p90p100;2008;2132993.8;992;j
RS;adiinc992j;p90p100;2009;2138082.8;992;j
RS;adiinc992j;p90p100;2010;2202628.5;992;j
RS;adiinc992j;p90p100;2011;2268109.8;992;j
RS;adiinc992j;p90p100;2012;2299574.5;992;j
RS;adiinc992j;p90p100;2013;2318336.0;992;j
RS;adiinc992j;p90p100;2014;2294470.8;992;j
RS;adiinc992j;p90p100;2015;2484337.0;992;j
RS;adiinc992j;p90p100;2016;2585119.5;992;j
RS;adiinc992j;p90p100;2017;2603959.5;992;j
RS;adiinc992j;p99.92p100;1990;19603928.0;992;j
RS;adiinc992j;p99.92p100;1991;16281664.0;992;j
RS;adiinc992j;p99.92p100;1992;10548776.0;992;j
RS;adiinc992j;p99.92p100;1993;6617104.5;992;j
RS;adiinc992j;p99.92p100;1994;6656062.0;992;j
RS;adiinc992j;p99.92p100;1995;6887903.5;992;j
RS;adiinc992j;p99.92p100;1996;6726756.0;992;j
RS;adiinc992j;p99.92p100;1997;6883160.0;992;j
RS;adiinc992j;p99.92p100;1998;7692840.5;992;j
RS;adiinc992j;p99.92p100;1999;9837293.0;992;j
RS;adiinc992j;p99.92p100;2000;11448097.0;992;j
RS;adiinc992j;p99.92p100;2001;12715244.0;992;j
RS;adiinc992j;p99.92p100;2002;13191662.0;992;j
RS;adiinc992j;p99.92p100;2003;13735170.0;992;j
RS;adiinc992j;p99.92p100;2004;15704462.0;992;j
RS;adiinc992j;p99.92p100;2005;18650126.0;992;j
RS;adiinc992j;p99.92p100;2006;18882858.0;992;j
RS;adiinc992j;p99.92p100;2007;17526976.0;992;j
RS;adiinc992j;p99.92p100;2008;17257228.0;992;j
RS;adiinc992j;p99.92p100;2009;19633100.0;992;j
RS;adiinc992j;p99.92p100;2010;19293900.0;992;j
RS;adiinc992j;p99.92p100;2011;19363992.0;992;j
RS;adiinc992j;p99.92p100;2012;26137344.0;992;j
RS;adiinc992j;p99.92p100;2013;21935876.0;992;j
RS;adiinc992j;p99.92p100;2014;33804512.0;992;j
RS;adiinc992j;p99.92p100;2015;50070432.0;992;j
RS;adiinc992j;p99.92p100;2016;52302668.0;992;j
RS;adiinc992j;p99.92p100;2017;52760768.0;992;j
RS;aflcip992i;p0p100;2002;8112.2998;992;i
RS;aflcip992i;p0p100;2003;9339.5996;992;i
RS;aflcip992i;p0p100;2004;11455.7;992;i
RS;aflcip992i;p0p100;2005;15959.5;992;i
RS;aflcip992i;p0p100;2006;19624.6;992;i
RS;aflcip992i;p0p100;2007;40089.199;992;i
RS;aflcip992i;p0p100;2008;39030.699;992;i
RS;aflcip992i;p0p100;2009;26596.0;992;i
RS;aflcip992i;p0p100;2010;30782.801;992;i
RS;aflcip992i;p0p100;2011;47900.898;992;i
RS;aflcip992i;p0p100;2012;46945.801;992;i
RS;aflcip992i;p0p100;2013;51607.602;992;i
RS;aflcip992i;p0p100;2014;51096.602;992;i
RS;aflcip992i;p0p100;2015;60740.301;992;i
RS;aflcip992i;p0p100;2016;64825.398;992;i
RS;aflcip992i;p0p100;2017;72994.703;992;i
RS;aflcip992i;p0p100;2018;62078.102;992;i
RS;aospgo992i;p0p100;1997;0.0;992;i
RS;aospgo992i;p0p100;1998;0.0;992;i
RS;aospgo992i;p0p100;1999;0.0;992;i
RS;aospgo992i;p0p100;2000;0.0;992;i
RS;aospgo992i;p0p100;2001;0.0;992;i
RS;aospgo992i;p0p100;2002;0.0;992;i
RS;aospgo992i;p0p100;2003;0.0;992;i
RS;aospgo992i;p0p100;2004;0.0;992;i
RS;aospgo992i;p0p100;2005;2441.2;992;i
RS;aospgo992i;p0p100;2006;3346.8;992;i
RS;aospgo992i;p0p100;2007;3373.5;992;i
RS;aospgo992i;p0p100;2008;3869.5;992;i
RS;aospgo992i;p0p100;2009;5384.2002;992;i
RS;aospgo992i;p0p100;2010;4950.0;992;i
RS;aospgo992i;p0p100;2011;5136.6001;992;i
RS;aptfrp999i;p0p100;1980;-10.5;999;i
RS;aptfrp999i;p0p100;1981;-11.6;999;i
RS;aptfrp999i;p0p100;1982;-12.7;999;i
RS;aptfrp999i;p0p100;1983;-13.7;999;i
RS;aptfrp999i;p0p100;1984;-14.8;999;i
RS;aptfrp999i;p0p100;1985;-15.9;999;i
RS;aptfrp999i;p0p100;1986;-16.9;999;i
RS;aptfrp999i;p0p100;1987;-18.0;999;i
RS;aptfrp999i;p0p100;1988;-19.1;999;i
RS;aptfrp999i;p0p100;1989;-20.200001;999;i
RS;aptfrp999i;p0p100;1990;-21.299999;999;i
RS;aptfrp999i;p0p100;1991;-19.6;999;i
RS;aptfrp999i;p0p100;1992;-14.6;999;i
RS;aptfrp999i;p0p100;1993;-10.5;999;i
RS;aptfrp999i;p0p100;1994;-11.2;999;i
RS;aptfrp999i;p0p100;1995;-12.3;999;i
RS;aptfrp999i;p0p100;1996;-13.1;999;i
RS;aptfrp999i;p0p100;1997;-14.7;999;i
RS;aptfrp999i;p0p100;1998;-1.6;999;i
RS;aptfrp999i;p0p100;1999;0.5;999;i
RS;aptfrp999i;p0p100;2000;6.0999999;999;i
RS;aptfrp999i;p0p100;2001;-6.6999998;999;i
RS;aptfrp999i;p0p100;2002;-8.3000002;999;i
RS;aptfrp999i;p0p100;2003;-9.6000004;999;i
RS;aptfrp999i;p0p100;2004;9.6999998;999;i
RS;aptfrp999i;p0p100;2005;79.0;999;i
RS;aptfrp999i;p0p100;2006;310.79999;999;i
RS;aptfrp999i;p0p100;2007;-131.7;999;i
RS;aptfrp999i;p0p100;2008;-173.2;999;i
RS;aptfrp999i;p0p100;2009;268.0;999;i
RS;aptfrp999i;p0p100;2010;399.79999;999;i
RS;aptfrp999i;p0p100;2011;498.0;999;i
RS;aptfrp999i;p0p100;2012;560.90002;999;i
RS;aptfrp999i;p0p100;2013;593.79999;999;i
RS;aptfrp999i;p0p100;2014;489.5;999;i
RS;aptfrp999i;p0p100;2015;410.0;999;i
RS;aptfrp999i;p0p100;2016;48.700001;999;i
RS;aptfrp999i;p0p100;2017;53.200001;999;i
RS;aptfrp999i;p0p100;2018;37.5;999;i
RS;aptfrp999i;p0p100;2019;39.5;999;i
RS;aptinc992j;p0p100;1990;735105.13;992;j
RS;aptinc992j;p0p100;1991;638136.13;992;j
RS;aptinc992j;p0p100;1992;436886.59;992;j
RS;aptinc992j;p0p100;1993;283232.5;992;j
RS;aptinc992j;p0p100;1994;291613.69;992;j
RS;aptinc992j;p0p100;1995;307680.81;992;j
RS;aptinc992j;p0p100;1996;310072.0;992;j
RS;aptinc992j;p0p100;1997;328609.81;992;j
RS;aptinc992j;p0p100;1998;345611.69;992;j
RS;aptinc992j;p0p100;1999;378427.59;992;j
RS;aptinc992j;p0p100;2000;416097.5;992;j
RS;aptinc992j;p0p100;2001;415412.5;992;j
RS;aptinc992j;p0p100;2002;446889.09;992;j
RS;aptinc992j;p0p100;2003;469460.59;992;j
RS;aptinc992j;p0p100;2004;528433.38;992;j
RS;aptinc992j;p0p100;2005;589344.88;992;j
RS;aptinc992j;p0p100;2006;622122.69;992;j
RS;aptinc992j;p0p100;2007;641935.38;992;j
RS;aptinc992j;p0p100;2008;683461.81;992;j
RS;aptinc992j;p0p100;2009;671403.81;992;j
RS;aptinc992j;p0p100;2010;673251.31;992;j
RS;aptinc992j;p0p100;2011;675523.81;992;j
RS;aptinc992j;p0p100;2012;674617.88;992;j
RS;aptinc992j;p0p100;2013;690835.38;992;j
RS;aptinc992j;p0p100;2014;677289.13;992;j
RS;aptinc992j;p0p100;2015;682056.38;992;j
RS;aptinc992j;p0p100;2016;703175.13;992;j
RS;aptinc992j;p0p100;2017;707332.38;992;j
RS;aptinc992j;p18p19;1990;224480.91;992;j
RS;aptinc992j;p18p19;1991;193967.8;992;j
RS;aptinc992j;p18p19;1992;132251.7;992;j
RS;aptinc992j;p18p19;1993;85265.797;992;j
RS;aptinc992j;p18p19;1994;87300.5;992;j
RS;aptinc992j;p18p19;1995;91631.797;992;j
RS;aptinc992j;p18p19;1996;91989.102;992;j
RS;aptinc992j;p18p19;1997;97005.0;992;j
RS;aptinc992j;p18p19;1998;108646.8;992;j
RS;aptinc992j;p18p19;1999;119549.3;992;j
RS;aptinc992j;p18p19;2000;127831.1;992;j
RS;aptinc992j;p18p19;2001;127630.5;992;j
RS;aptinc992j;p18p19;2002;125059.2;992;j
RS;aptinc992j;p18p19;2003;128865.7;992;j
RS;aptinc992j;p18p19;2004;134152.41;992;j
RS;aptinc992j;p18p19;2005;140071.7;992;j
RS;aptinc992j;p18p19;2006;134453.5;992;j
RS;aptinc992j;p18p19;2007;127895.7;992;j
RS;aptinc992j;p18p19;2008;122742.1;992;j
RS;aptinc992j;p18p19;2009;107758.6;992;j
RS;aptinc992j;p18p19;2010;99375.203;992;j
RS;aptinc992j;p18p19;2011;84281.398;992;j
RS;aptinc992j;p18p19;2012;79713.0;992;j
RS;aptinc992j;p18p19;2013;77173.898;992;j
RS;aptinc992j;p18p19;2014;72350.398;992;j
RS;aptinc992j;p18p19;2015;76347.703;992;j
RS;aptinc992j;p18p19;2016;78925.398;992;j
RS;aptinc992j;p18p19;2017;78886.102;992;j
RS;aptinc992j;p28p100;1990;947285.13;992;j
RS;aptinc992j;p28p100;1991;822330.63;992;j
RS;aptinc992j;p28p100;1992;562988.88;992;j
RS;aptinc992j;p28p100;1993;364989.91;992;j
RS;aptinc992j;p28p100;1994;375802.31;992;j
RS;aptinc992j;p28p100;1995;396522.5;992;j
RS;aptinc992j;p28p100;1996;399581.09;992;j
RS;aptinc992j;p28p100;1997;423481.69;992;j
RS;aptinc992j;p28p100;1998;443376.59;992;j
RS;aptinc992j;p28p100;1999;485398.09;992;j
RS;aptinc992j;p28p100;2000;534598.5;992;j
RS;aptinc992j;p28p100;2001;533620.31;992;j
RS;aptinc992j;p28p100;2002;578513.31;992;j
RS;aptinc992j;p28p100;2003;609309.31;992;j
RS;aptinc992j;p28p100;2004;689238.38;992;j
RS;aptinc992j;p28p100;2005;771906.81;992;j
RS;aptinc992j;p28p100;2006;819169.69;992;j
RS;aptinc992j;p28p100;2007;848308.38;992;j
RS;aptinc992j;p28p100;2008;907642.31;992;j
RS;aptinc992j;p28p100;2009;894633.19;992;j
RS;aptinc992j;p28p100;2010;900052.81;992;j
RS;aptinc992j;p28p100;2011;907706.19;992;j
RS;aptinc992j;p28p100;2012;908440.81;992;j
RS;aptinc992j;p28p100;2013;931971.19;992;j
RS;aptinc992j;p28p100;2014;914501.38;992;j
RS;aptinc992j;p28p100;2015;919583.5;992;j
RS;aptinc992j;p28p100;2016;948008.5;992;j
RS;aptinc992j;p28p100;2017;953749.13;992;j
RS;aptinc992j;p33p100;1990;989051.81;992;j
RS;aptinc992j;p33p100;1991;858618.13;992;j
RS;aptinc992j;p33p100;1992;587851.13;992;j
RS;aptinc992j;p33p100;1993;381116.81;992;j
RS;aptinc992j;p33p100;1994;392415.41;992;j
RS;aptinc992j;p33p100;1995;414067.5;992;j
RS;aptinc992j;p33p100;1996;417253.69;992;j
RS;aptinc992j;p33p100;1997;442207.0;992;j
RS;aptinc992j;p33p100;1998;462941.31;992;j
RS;aptinc992j;p33p100;1999;506932.19;992;j
RS;aptinc992j;p33p100;2000;558538.19;992;j
RS;aptinc992j;p33p100;2001;557585.81;992;j
RS;aptinc992j;p33p100;2002;605007.69;992;j
RS;aptinc992j;p33p100;2003;637688.31;992;j
RS;aptinc992j;p33p100;2004;722059.88;992;j
RS;aptinc992j;p33p100;2005;809416.69;992;j
RS;aptinc992j;p33p100;2006;859882.81;992;j
RS;aptinc992j;p33p100;2007;890383.31;992;j
RS;aptinc992j;p33p100;2008;953476.69;992;j
RS;aptinc992j;p33p100;2009;940452.19;992;j
RS;aptinc992j;p33p100;2010;947159.81;992;j
RS;aptinc992j;p33p100;2011;956598.81;992;j
RS;aptinc992j;p33p100;2012;957577.13;992;j
RS;aptinc992j;p33p100;2013;982331.81;992;j
RS;aptinc992j;p33p100;2014;964804.5;992;j
RS;aptinc992j;p33p100;2015;968913.5;992;j
RS;aptinc992j;p33p100;2016;998866.31;992;j
RS;aptinc992j;p33p100;2017;1004936.5;992;j
RS;aptinc992j;p84p100;1990;1836817.3;992;j
RS;aptinc992j;p84p100;1991;1602238.6;992;j
RS;aptinc992j;p84p100;1992;1101894.6;992;j
RS;aptinc992j;p84p100;1993;717691.63;992;j
RS;aptinc992j;p84p100;1994;742385.5;992;j
RS;aptinc992j;p84p100;1995;787085.81;992;j
RS;aptinc992j;p84p100;1996;795452.38;992;j
RS;aptinc992j;p84p100;1997;845470.19;992;j
RS;aptinc992j;p84p100;1998;892599.38;992;j
RS;aptinc992j;p84p100;1999;984859.19;992;j
RS;aptinc992j;p84p100;2000;1103657.9;992;j
RS;aptinc992j;p84p100;2001;1110903.5;992;j
RS;aptinc992j;p84p100;2002;1212336.3;992;j
RS;aptinc992j;p84p100;2003;1285286.4;992;j
RS;aptinc992j;p84p100;2004;1479507.1;992;j
RS;aptinc992j;p84p100;2005;1680316.6;992;j
RS;aptinc992j;p84p100;2006;1793315.5;992;j
RS;aptinc992j;p84p100;2007;1835290.3;992;j
RS;aptinc992j;p84p100;2008;1973491.1;992;j
RS;aptinc992j;p84p100;2009;1959565.0;992;j
RS;aptinc992j;p84p100;2010;2010584.4;992;j
RS;aptinc992j;p84p100;2011;2061745.0;992;j
RS;aptinc992j;p84p100;2012;2048022.3;992;j
RS;aptinc992j;p84p100;2013;2082456.3;992;j
RS;aptinc992j;p84p100;2014;2104811.0;992;j
RS;aptinc992j;p84p100;2015;2092036.0;992;j
RS;aptinc992j;p84p100;2016;2157318.0;992;j
RS;aptinc992j;p84p100;2017;2171500.0;992;j
RS;aptinc992j;p93p94;1990;1515103.5;992;j
RS;aptinc992j;p93p94;1991;1317672.1;992;j
RS;aptinc992j;p93p94;1992;903377.0;992;j
RS;aptinc992j;p93p94;1993;586429.38;992;j
RS;aptinc992j;p93p94;1994;604263.69;992;j
RS;aptinc992j;p93p94;1995;638181.81;992;j
RS;aptinc992j;p93p94;1996;643669.69;992;j
RS;aptinc992j;p93p94;1997;682841.88;992;j
RS;aptinc992j;p93p94;1998;721326.13;992;j
RS;aptinc992j;p93p94;1999;785903.31;992;j
RS;aptinc992j;p93p94;2000;868192.13;992;j
RS;aptinc992j;p93p94;2001;863610.81;992;j
RS;aptinc992j;p93p94;2002;944821.19;992;j
RS;aptinc992j;p93p94;2003;1011227.3;992;j
RS;aptinc992j;p93p94;2004;1161759.0;992;j
RS;aptinc992j;p93p94;2005;1328185.3;992;j
RS;aptinc992j;p93p94;2006;1416958.3;992;j
RS;aptinc992j;p93p94;2007;1475297.9;992;j
RS;aptinc992j;p93p94;2008;1581496.9;992;j
RS;aptinc992j;p93p94;2009;1576255.9;992;j
RS;aptinc992j;p93p94;2010;1616317.9;992;j
RS;aptinc992j;p93p94;2011;1649711.3;992;j
RS;aptinc992j;p93p94;2012;1664049.4;992;j
RS;aptinc992j;p93p94;2013;1683375.5;992;j
RS;aptinc992j;p93p94;2014;1610320.3;992;j
RS;aptinc992j;p93p94;2015;1619898.6;992;j
RS;aptinc992j;p93p94;2016;1669869.4;992;j
RS;aptinc992j;p93p94;2017;1680020.3;992;j
RS;aptinc992j;p95p100;1990;2962970.8;992;j
RS;aptinc992j;p95p100;1991;2598228.5;992;j
RS;aptinc992j;p95p100;1992;1796512.4;992;j
RS;aptinc992j;p95p100;1993;1176319.9;992;j
RS;aptinc992j;p95p100;1994;1223773.5;992;j
RS;aptinc992j;p95p100;1995;1304782.5;992;j
RS;aptinc992j;p95p100;1996;1322967.5;992;j
RS;aptinc992j;p95p100;1997;1410512.3;992;j
RS;aptinc992j;p95p100;1998;1496911.4;992;j
RS;aptinc992j;p95p100;1999;1673357.8;992;j
RS;aptinc992j;p95p100;2000;1912861.0;992;j
RS;aptinc992j;p95p100;2001;1949104.8;992;j
RS;aptinc992j;p95p100;2002;2127065.5;992;j
RS;aptinc992j;p95p100;2003;2245283.8;992;j
RS;aptinc992j;p95p100;2004;2598617.0;992;j
RS;aptinc992j;p95p100;2005;2943609.0;992;j
RS;aptinc992j;p95p100;2006;3141723.0;992;j
RS;aptinc992j;p95p100;2007;3149046.5;992;j
RS;aptinc992j;p95p100;2008;3388447.3;992;j
RS;aptinc992j;p95p100;2009;3360556.8;992;j
RS;aptinc992j;p95p100;2010;3478533.3;992;j
RS;aptinc992j;p95p100;2011;3589174.5;992;j
RS;aptinc992j;p95p100;2012;3520304.0;992;j
RS;aptinc992j;p95p100;2013;3571380.5;992;j
RS;aptinc992j;p95p100;2014;3772486.3;992;j
RS;aptinc992j;p95p100;2015;3708815.3;992;j
RS;aptinc992j;p95p100;2016;3826019.0;992;j
RS;aptinc992j;p95p100;2017;3853064.3;992;j
RS;ataxnf992i;p0p100;1997;1408.1;992;i
RS;ataxnf992i;p0p100;1998;1243.2;992;i
RS;ataxnf992i;p0p100;1999;1597.7;992;i
RS;ataxnf992i;p0p100;2000;1709.4;992;i
RS;ataxnf992i;p0p100;2001;1789.6;992;i
RS;ataxnf992i;p0p100;2002;2676.2;992;i
RS;ataxnf992i;p0p100;2003;2232.6001;992;i
RS;ataxnf992i;p0p100;2004;3636.3999;992;i
RS;ataxnf992i;p0p100;2005;4639.2002;992;i
RS;ataxnf992i;p0p100;2006;5704.0;992;i
RS;ataxnf992i;p0p100;2007;6669.7998;992;i
RS;ataxnf992i;p0p100;2008;5736.7002;992;i
RS;ataxnf992i;p0p100;2009;5666.3999;992;i
RS;ataxnf992i;p0p100;2010;6254.1001;992;i
RS;ataxnf992i;p0p100;2011;8346.5;992;i
RS;atiwho992i;p0p100;1997;15858.1;992;i
RS;atiwho992i;p0p100;1998;13207.2;992;i
RS;atiwho992i;p0p100;1999;9738.7002;992;i
RS;atiwho992i;p0p100;2000;10167.7;992;i
RS;atiwho992i;p0p100;2001;25451.699;992;i
RS;atiwho992i;p0p100;2002;33994.801;992;i
RS;atiwho992i;p0p100;2003;29453.0;992;i
RS;atiwho992i;p0p100;2004;34372.0;992;i
RS;atiwho992i;p0p100;2005;35454.398;992;i
RS;atiwho992i;p0p100;2006;40151.898;992;i
RS;atiwho992i;p0p100;2007;36472.199;992;i
RS;atiwho992i;p0p100;2008;39651.5;992;i
RS;atiwho992i;p0p100;2009;30964.199;992;i
RS;atiwho992i;p0p100;2010;28879.699;992;i
RS;atiwho992i;p0p100;2011;38765.5;992;i
RS;bcainc992j;p17p100;1990;3.832026;992;j
RS;bcainc992j;p17p100;1991;3.7741749;992;j
RS;bcainc992j;p17p100;1992;3.7007468;992;j
RS;bcainc992j;p17p100;1993;3.6365366;992;j
RS;bcainc992j;p17p100;1994;3.578166;992;j
RS;bcainc992j;p17p100;1995;3.516818;992;j
RS;bcainc992j;p17p100;1996;3.4434218;992;j
RS;bcainc992j;p17p100;1997;3.3803694;992;j
RS;bcainc992j;p17p100;1998;3.128515;992;j
RS;bcainc992j;p17p100;1999;3.0621047;992;j
RS;bcainc992j;p17p100;2000;3.1643021;992;j
RS;bcainc992j;p17p100;2001;3.2557247;992;j
RS;bcainc992j;p17p100;2002;3.605449;992;j
RS;bcainc992j;p17p100;2003;3.6121383;992;j
RS;bcainc992j;p17p100;2004;4.1129961;992;j
RS;bcainc992j;p17p100;2005;4.322022;992;j
RS;bcainc992j;p17p100;2006;4.9164429;992;j
RS;bcainc992j;p17p100;2007;5.1377277;992;j
RS;bcainc992j;p17p100;2008;5.4678001;992;j
RS;bcainc992j;p17p100;2009;5.5465813;992;j
RS;bcainc992j;p17p100;2010;6.5449886;992;j
RS;bcainc992j;p17p100;2011;7.5856042;992;j
RS;bcainc992j;p17p100;2012;8.004591;992;j
RS;bcainc992j;p17p100;2013;8.6463642;992;j
RS;bcainc992j;p17p100;2014;5.7645497;992;j
RS;bcainc992j;p17p100;2015;7.6535864;992;j
RS;bcainc992j;p17p100;2016;7.6431198;992;j
RS;bcainc992j;p17p100;2017;7.6599646;992;j
RS;bcainc992j;p94p100;1990;1.706844;992;j
RS;bcainc992j;p94p100;1991;1.6949095;992;j
RS;bcainc992j;p94p100;1992;1.6837865;992;j
RS;bcainc992j;p94p100;1993;1.6820983;992;j
RS;bcainc992j;p94p100;1994;1.6801304;992;j
RS;bcainc992j;p94p100;1995;1.6794169;992;j
RS;bcainc992j;p94p100;1996;1.6706187;992;j
RS;bcainc992j;p94p100;1997;1.6616914;992;j
RS;bcainc992j;p94p100;1998;1.6802496;992;j
RS;bcainc992j;p94p100;1999;1.7365746;992;j
RS;bcainc992j;p94p100;2000;1.7913989;992;j
RS;bcainc992j;p94p100;2001;1.8374697;992;j
RS;bcainc992j;p94p100;2002;1.8399122;992;j
RS;bcainc992j;p94p100;2003;1.8163666;992;j
RS;bcainc992j;p94p100;2004;1.8043348;992;j
RS;bcainc992j;p94p100;2005;1.8227088;992;j
RS;bcainc992j;p94p100;2006;1.8223473;992;j
RS;bcainc992j;p94p100;2007;1.7809619;992;j
RS;bcainc992j;p94p100;2008;1.7636465;992;j
RS;bcainc992j;p94p100;2009;1.811928;992;j
RS;bcainc992j;p94p100;2010;1.8059067;992;j
RS;bcainc992j;p94p100;2011;1.8046496;992;j
RS;bcainc992j;p94p100;2012;1.9360192;992;j
RS;bcainc992j;p94p100;2013;1.8496836;992;j
RS;bcainc992j;p94p100;2014;2.0540574;992;j
RS;bcainc992j;p94p100;2015;2.315994;992;j
RS;bcainc992j;p94p100;2016;2.3159912;992;j
RS;bcainc992j;p94p100;2017;2.3170114;992;j
RS;bdiinc992j;p56p100;1990;1.7146974;992;j
RS;bdiinc992j;p56p100;1991;1.7066122;992;j
RS;bdiinc992j;p56p100;1992;1.6986411;992;j
RS;bdiinc992j;p56p100;1993;1.6952485;992;j
RS;bdiinc992j;p56p100;1994;1.6898147;992;j
RS;bdiinc992j;p56p100;1995;1.6840508;992;j
RS;bdiinc992j;p56p100;1996;1.6760412;992;j
RS;bdiinc992j;p56p100;1997;1.6678286;992;j
RS;bdiinc992j;p56p100;1998;1.6890378;992;j
RS;bdiinc992j;p56p100;1999;1.7195264;992;j
RS;bdiinc992j;p56p100;2000;1.7330747;992;j
RS;bdiinc992j;p56p100;2001;1.7465184;992;j
RS;bdiinc992j;p56p100;2002;1.7689022;992;j
RS;bdiinc992j;p56p100;2003;1.7809442;992;j
RS;bdiinc992j;p56p100;2004;1.8190607;992;j
RS;bdiinc992j;p56p100;2005;1.8487277;992;j
RS;bdiinc992j;p56p100;2006;1.8752069;992;j
RS;bdiinc992j;p56p100;2007;1.8696973;992;j
RS;bdiinc992j;p56p100;2008;1.8923053;992;j
RS;bdiinc992j;p56p100;2009;1.9072242;992;j
RS;bdiinc992j;p56p100;2010;1.9672692;992;j
RS;bdiinc992j;p56p100;2011;2.00875;992;j
RS;bdiinc992j;p56p100;2012;2.0263491;992;j
RS;bdiinc992j;p56p100;2013;2.0444932;992;j
RS;bdiinc992j;p56p100;2014;2.0374103;992;j
RS;bdiinc992j;p56p100;2015;2.1179855;992;j
RS;bdiinc992j;p56p100;2016;2.1354027;992;j
RS;bdiinc992j;p56p100;2017;2.1377213;992;j
RS;bdiinc992j;p99.996p100;1990;2.1661572;992;j
RS;bdiinc992j;p99.996p100;1991;2.1134429;992;j
RS;bdiinc992j;p99.996p100;1992;2.0411971;992;j
RS;bdiinc992j;p99.996p100;1993;1.9911966;992;j
RS;bdiinc992j;p99.996p100;1994;1.9595009;992;j
RS;bdiinc992j;p99.996p100;1995;1.9324095;992;j
RS;bdiinc992j;p99.996p100;1996;1.9049772;992;j
RS;bdiinc992j;p99.996p100;1997;1.8756251;992;j
RS;bdiinc992j;p99.996p100;1998;1.9056735;992;j
RS;bdiinc992j;p99.996p100;1999;2.0249598;992;j
RS;bdiinc992j;p99.996p100;2000;2.0151546;992;j
RS;bdiinc992j;p99.996p100;2001;2.1124756;992;j
RS;bdiinc992j;p99.996p100;2002;2.0276947;992;j
RS;bdiinc992j;p99.996p100;2003;2.0367148;992;j
RS;bdiinc992j;p99.996p100;2004;2.0433178;992;j
RS;bdiinc992j;p99.996p100;2005;2.0879707;992;j
RS;bdiinc992j;p99.996p100;2006;1.9856093;992;j
RS;bdiinc992j;p99.996p100;2007;1.8900133;992;j
RS;bdiinc992j;p99.996p100;2008;1.7921445;992;j
RS;bdiinc992j;p99.996p100;2009;1.9181526;992;j
RS;bdiinc992j;p99.996p100;2010;1.8559971;992;j
RS;bdiinc992j;p99.996p100;2011;1.8195963;992;j
RS;bdiinc992j;p99.996p100;2012;2.1267879;992;j
RS;bdiinc992j;p99.996p100;2013;1.9216677;992;j
RS;bdiinc992j;p99.996p100;2014;2.517128;992;j
RS;bdiinc992j;p99.996p100;2015;3.0484784;992;j
RS;bdiinc992j;p99.996p100;2016;3.0500352;992;j
RS;bdiinc992j;p99.996p100;2017;3.0527787;992;j
RS;bptinc992j;p56p100;1990;1.855732;992;j
RS;bptinc992j;p56p100;1991;1.8627914;992;j
RS;bptinc992j;p56p100;1992;1.8678044;992;j
RS;bptinc992j;p56p100;1993;1.8741839;992;j
RS;bptinc992j;p56p100;1994;1.8805072;992;j
RS;bptinc992j;p56p100;1995;1.8887842;992;j
RS;bptinc992j;p56p100;1996;1.8924531;992;j
RS;bptinc992j;p56p100;1997;1.8963065;992;j
RS;bptinc992j;p56p100;1998;1.9110764;992;j
RS;bptinc992j;p56p100;1999;1.928839;992;j
RS;bptinc992j;p56p100;2000;1.9578282;992;j
RS;bptinc992j;p56p100;2001;1.9783431;992;j
RS;bptinc992j;p56p100;2002;2.0075562;992;j
RS;bptinc992j;p56p100;2003;2.0219622;992;j
RS;bptinc992j;p56p100;2004;2.0735292;992;j
RS;bptinc992j;p56p100;2005;2.1171961;992;j
RS;bptinc992j;p56p100;2006;2.1347358;992;j
RS;bptinc992j;p56p100;2007;2.1243122;992;j
RS;bptinc992j;p56p100;2008;2.1495953;992;j
RS;bptinc992j;p56p100;2009;2.1580122;992;j
RS;bptinc992j;p56p100;2010;2.222712;992;j
RS;bptinc992j;p56p100;2011;2.2803121;992;j
RS;bptinc992j;p56p100;2012;2.2704554;992;j
RS;bptinc992j;p56p100;2013;2.2404828;992;j
RS;bptinc992j;p56p100;2014;2.3257527;992;j
RS;bptinc992j;p56p100;2015;2.2546751;992;j
RS;bptinc992j;p56p100;2016;2.2562625;992;j
RS;bptinc992j;p56p100;2017;2.2577446;992;j
RS;bptinc992j;p99.92p100;1990;2.0592461;992;j
RS;bptinc992j;p99.92p100;1991;2.0816958;992;j
RS;bptinc992j;p99.92p100;1992;2.0898929;992;j
RS;bptinc992j;p99.92p100;1993;2.1116488;992;j
RS;bptinc992j;p99.92p100;1994;2.1147523;992;j
RS;bptinc992j;p99.92p100;1995;2.134388;992;j
RS;bptinc992j;p99.92p100;1996;2.1527531;992;j
RS;bptinc992j;p99.92p100;1997;2.173835;992;j
RS;bptinc992j;p99.92p100;1998;2.1417656;992;j
RS;bptinc992j;p99.92p100;1999;2.1992807;992;j
RS;bptinc992j;p99.92p100;2000;2.2171209;992;j
RS;bptinc992j;p99.92p100;2001;2.2795269;992;j
RS;bptinc992j;p99.92p100;2002;2.2235413;992;j
RS;bptinc992j;p99.92p100;2003;2.1925111;992;j
RS;bptinc992j;p99.92p100;2004;2.1902649;992;j
RS;bptinc992j;p99.92p100;2005;2.1301875;992;j
RS;bptinc992j;p99.92p100;2006;2.1315715;992;j
RS;bptinc992j;p99.92p100;2007;2.087889;992;j
RS;bptinc992j;p99.92p100;2008;2.1033926;992;j
RS;bptinc992j;p99.92p100;2009;2.0787735;992;j
RS;bptinc992j;p99.92p100;2010;2.0078418;992;j
RS;bptinc992j;p99.92p100;2011;2.0339103;992;j
RS;bptinc992j;p99.92p100;2012;1.8267313;992;j
RS;bptinc992j;p99.92p100;2013;1.913536;992;j
RS;bptinc992j;p99.92p100;2014;2.3001165;992;j
RS;bptinc992j;p99.92p100;2015;2.3066797;992;j
RS;bptinc992j;p99.92p100;2016;2.3066382;992;j
RS;bptinc992j;p99.92p100;2017;2.3056111;992;j
RS;mgmxhn999i;p0p100;1997;427344756736.0;999;i
RS;mgmxhn999i;p0p100;1998;416326221824.0;999;i
RS;mgmxhn999i;p0p100;1999;428519456768.0;999;i
RS;mgmxhn999i;p0p100;2000;499092652032.0;999;i
RS;mgmxhn999i;p0p100;2001;495457107968.0;999;i
RS;mgmxhn999i;p0p100;2002;418785361920.0;999;i
RS;mgmxhn999i;p0p100;2003;346317717504.0;999;i
RS;mgmxhn999i;p0p100;2004;384448135168.0;999;i
RS;mgmxhn999i;p0p100;2005;409862569984.0;999;i
RS;mgmxhn999i;p0p100;2006;537747423232.0;999;i
RS;mgmxhn999i;p0p100;2007;559048359936.0;999;i
RS;mgmxhn999i;p0p100;2008;613143019520.0;999;i
RS;mgmxhn999i;p0p100;2009;564083359744.0;999;i
RS;mgmxhn999i;p0p100;2010;576106070016.0;999;i
RS;mgmxhn999i;p0p100;2011;651306729472.0;999;i
RS;mnsmho999i;p0p100;1997;524923076608.0;999;i
RS;mnsmho999i;p0p100;1998;496413605888.0;999;i
RS;mnsmho999i;p0p100;1999;531502694400.0;999;i
RS;mnsmho999i;p0p100;2000;600096702464.0;999;i
RS;mnsmho999i;p0p100;2001;599697784832.0;999;i
RS;mnsmho999i;p0p100;2002;521685172224.0;999;i
RS;mnsmho999i;p0p100;2003;494836088832.0;999;i
RS;mnsmho999i;p0p100;2004;534646554624.0;999;i
RS;mnsmho999i;p0p100;2005;574444535808.0;999;i
RS;mnsmho999i;p0p100;2006;711785119744.0;999;i
RS;mnsmho999i;p0p100;2007;743538229248.0;999;i
RS;mnsmho999i;p0p100;2008;791549902848.0;999;i
RS;mnsmho999i;p0p100;2009;776125349888.0;999;i
RS;mnsmho999i;p0p100;2010;794274955264.0;999;i
RS;mnsmho999i;p0p100;2011;865831288832.0;999;i
RS;mptfhr999i;p0p100;1990;2960900608.0;999;i
RS;mptfhr999i;p0p100;1991;3382971392.0;999;i
RS;mptfhr999i;p0p100;1992;3480547328.0;999;i
RS;mptfhr999i;p0p100;1993;3889005568.0;999;i
RS;mptfhr999i;p0p100;1994;5063240704.0;999;i
RS;mptfhr999i;p0p100;1995;5283393536.0;999;i
RS;mptfhr999i;p0p100;1996;4159614464.0;999;i
RS;mptfhr999i;p0p100;1997;5350014464.0;999;i
RS;mptfhr999i;p0p100;1998;6453065728.0;999;i
RS;mptfhr999i;p0p100;1999;9999718400.0;999;i
RS;mptfhr999i;p0p100;2000;11493874688.0;999;i
RS;mptfhr999i;p0p100;2001;10614035456.0;999;i
RS;mptfhr999i;p0p100;2002;8444121600.0;999;i
RS;mptfhr999i;p0p100;2003;6836299264.0;999;i
RS;mptfhr999i;p0p100;2004;7096959488.0;999;i
RS;mptfhr999i;p0p100;2005;8920398848.0;999;i
RS;mptfhr999i;p0p100;2006;8520123392.0;999;i
RS;mptfhr999i;p0p100;2007;7560650240.0;999;i
RS;mptfhr999i;p0p100;2008;7062820352.0;999;i
RS;mptfhr999i;p0p100;2009;6606137344.0;999;i
RS;mptfhr999i;p0p100;2010;7200235008.0;999;i
RS;mptfhr999i;p0p100;2011;5995225088.0;999;i
RS;mptfhr999i;p0p100;2012;6120514048.0;999;i
RS;mptfhr999i;p0p100;2013;7317303808.0;999;i
RS;mptfhr999i;p0p100;2014;7456175104.0;999;i
RS;mptfhr999i;p0p100;2015;8735451136.0;999;i
RS;mptfhr999i;p0p100;2016;6776616960.0;999;i
RS;mptfhr999i;p0p100;2017;6225276416.0;999;i
RS;mptfhr999i;p0p100;2018;5317736448.0;999;i
RS;mptfhr999i;p0p100;2019;5580225536.0;999;i
RS;msaggo999i;p0p100;1997;-152067883008.0;999;i
RS;msaggo999i;p0p100;1998;-180906901504.0;999;i
RS;msaggo999i;p0p100;1999;-118623584256.0;999;i
RS;msaggo999i;p0p100;2000;-170353344512.0;999;i
RS;msaggo999i;p0p100;2001;-78935842816.0;999;i
RS;msaggo999i;p0p100;2002;-50581532672.0;999;i
RS;msaggo999i;p0p100;2003;-24295663616.0;999;i
RS;msaggo999i;p0p100;2004;112417398784.0;999;i
RS;msaggo999i;p0p100;2005;105518866432.0;999;i
RS;msaggo999i;p0p100;2006;69998714880.0;999;i
RS;msaggo999i;p0p100;2007;51498442752.0;999;i
RS;msaggo999i;p0p100;2008;5382830592.0;999;i
RS;msaggo999i;p0p100;2009;-69251735552.0;999;i
RS;msaggo999i;p0p100;2010;-45454905344.0;999;i
RS;msaggo999i;p0p100;2011;-15137156096.0;999;i
RS;scainc992j;p0p1;1990;0.0009;992;j
RS;scainc992j;p0p1;1991;0.0008;992;j
RS;scainc992j;p0p1;1992;0.0007;992;j
RS;scainc992j;p0p1;1993;0.0006;992;j
RS;scainc992j;p0p1;1994;0.0005;992;j
RS;scainc992j;p0p1;1995;0.0004;992;j
RS;scainc992j;p0p1;1996;0.0003;992;j
RS;scainc992j;p0p1;1997;0.0002;992;j
RS;scainc992j;p0p1;1998;0.0002;992;j
RS;scainc992j;p0p1;1999;0.0002;992;j
RS;scainc992j;p0p1;2000;0.0001;992;j
RS;scainc992j;p0p1;2001;0.0001;992;j
RS;scainc992j;p0p1;2002;0.0;992;j
RS;scainc992j;p0p1;2003;0.0002;992;j
RS;scainc992j;p0p1;2004;0.0002;992;j
RS;scainc992j;p0p1;2005;0.0002;992;j
RS;scainc992j;p0p1;2006;0.0002;992;j
RS;scainc992j;p0p1;2007;0.0001;992;j
RS;scainc992j;p0p1;2008;0.0;992;j
RS;scainc992j;p0p1;2009;0.0003;992;j
RS;scainc992j;p0p1;2010;0.0003;992;j
RS;scainc992j;p0p1;2011;0.0002;992;j
RS;scainc992j;p0p1;2012;0.0002;992;j
RS;scainc992j;p0p1;2013;0.0005;992;j
RS;scainc992j;p0p1;2014;0.0013;992;j
RS;scainc992j;p0p1;2015;0.0008;992;j
RS;scainc992j;p0p1;2016;0.0008;992;j
RS;scainc992j;p0p1;2017;0.0008;992;j
RS;scainc992j;p37p100;1990;0.86940002;992;j
RS;scainc992j;p37p100;1991;0.86799997;992;j
RS;scainc992j;p37p100;1992;0.86650002;992;j
RS;scainc992j;p37p100;1993;0.86510003;992;j
RS;scainc992j;p37p100;1994;0.8635;992;j
RS;scainc992j;p37p100;1995;0.86210001;992;j
RS;scainc992j;p37p100;1996;0.8603;992;j
RS;scainc992j;p37p100;1997;0.85869998;992;j
RS;scainc992j;p37p100;1998;0.85439998;992;j
RS;scainc992j;p37p100;1999;0.85430002;992;j
RS;scainc992j;p37p100;2000;0.85659999;992;j
RS;scainc992j;p37p100;2001;0.85759997;992;j
RS;scainc992j;p37p100;2002;0.86790001;992;j
RS;scainc992j;p37p100;2003;0.87029999;992;j
RS;scainc992j;p37p100;2004;0.87940001;992;j
RS;scainc992j;p37p100;2005;0.8829;992;j
RS;scainc992j;p37p100;2006;0.89020002;992;j
RS;scainc992j;p37p100;2007;0.89380002;992;j
RS;scainc992j;p37p100;2008;0.8973;992;j
RS;scainc992j;p37p100;2009;0.90069997;992;j
RS;scainc992j;p37p100;2010;0.90869999;992;j
RS;scainc992j;p37p100;2011;0.91619998;992;j
RS;scainc992j;p37p100;2012;0.91790003;992;j
RS;scainc992j;p37p100;2013;0.92070001;992;j
RS;scainc992j;p37p100;2014;0.90079999;992;j
RS;scainc992j;p37p100;2015;0.91530001;992;j
RS;scainc992j;p37p100;2016;0.9152;992;j
RS;scainc992j;p37p100;2017;0.91530001;992;j
RS;scainc992j;p42p100;1990;0.83499998;992;j
RS;scainc992j;p42p100;1991;0.83340001;992;j
RS;scainc992j;p42p100;1992;0.83179998;992;j
RS;scainc992j;p42p100;1993;0.83029997;992;j
RS;scainc992j;p42p100;1994;0.82870001;992;j
RS;scainc992j;p42p100;1995;0.8272;992;j
RS;scainc992j;p42p100;1996;0.82529998;992;j
RS;scainc992j;p42p100;1997;0.82349998;992;j
RS;scainc992j;p42p100;1998;0.82010001;992;j
RS;scainc992j;p42p100;1999;0.82020003;992;j
RS;scainc992j;p42p100;2000;0.82279998;992;j
RS;scainc992j;p42p100;2001;0.82389998;992;j
RS;scainc992j;p42p100;2002;0.83459997;992;j
RS;scainc992j;p42p100;2003;0.83719999;992;j
RS;scainc992j;p42p100;2004;0.84689999;992;j
RS;scainc992j;p42p100;2005;0.85119998;992;j
RS;scainc992j;p42p100;2006;0.85900003;992;j
RS;scainc992j;p42p100;2007;0.86269999;992;j
RS;scainc992j;p42p100;2008;0.86650002;992;j
RS;scainc992j;p42p100;2009;0.87029999;992;j
RS;scainc992j;p42p100;2010;0.87919998;992;j
RS;scainc992j;p42p100;2011;0.88739997;992;j
RS;scainc992j;p42p100;2012;0.8897;992;j
RS;scainc992j;p42p100;2013;0.89310002;992;j
RS;scainc992j;p42p100;2014;0.87279999;992;j
RS;scainc992j;p42p100;2015;0.88800001;992;j
RS;scainc992j;p42p100;2016;0.88789999;992;j
RS;scainc992j;p42p100;2017;0.88800001;992;j
RS;scainc992j;p94p95;1990;0.021199999;992;j
RS;scainc992j;p94p95;1991;0.021199999;992;j
RS;scainc992j;p94p95;1992;0.021199999;992;j
RS;scainc992j;p94p95;1993;0.021299999;992;j
RS;scainc992j;p94p95;1994;0.021299999;992;j
RS;scainc992j;p94p95;1995;0.021199999;992;j
RS;scainc992j;p94p95;1996;0.021199999;992;j
RS;scainc992j;p94p95;1997;0.021199999;992;j
RS;scainc992j;p94p95;1998;0.021199999;992;j
RS;scainc992j;p94p95;1999;0.021199999;992;j
RS;scainc992j;p94p95;2000;0.021400001;992;j
RS;scainc992j;p94p95;2001;0.021400001;992;j
RS;scainc992j;p94p95;2002;0.0219;992;j
RS;scainc992j;p94p95;2003;0.0221;992;j
RS;scainc992j;p94p95;2004;0.022600001;992;j
RS;scainc992j;p94p95;2005;0.023;992;j
RS;scainc992j;p94p95;2006;0.023499999;992;j
RS;scainc992j;p94p95;2007;0.023800001;992;j
RS;scainc992j;p94p95;2008;0.0242;992;j
RS;scainc992j;p94p95;2009;0.0242;992;j
RS;scainc992j;p94p95;2010;0.025;992;j
RS;scainc992j;p94p95;2011;0.025599999;992;j
RS;scainc992j;p94p95;2012;0.024700001;992;j
RS;scainc992j;p94p95;2013;0.0252;992;j
RS;scainc992j;p94p95;2014;0.023399999;992;j
RS;scainc992j;p94p95;2015;0.0231;992;j
RS;scainc992j;p94p95;2016;0.0231;992;j
RS;scainc992j;p94p95;2017;0.0231;992;j
RS;sdiinc992j;p18p19;1990;0.0038999999;992;j
RS;sdiinc992j;p18p19;1991;0.0040000002;992;j
RS;sdiinc992j;p18p19;1992;0.0040000002;992;j
RS;sdiinc992j;p18p19;1993;0.0040000002;992;j
RS;sdiinc992j;p18p19;1994;0.0041;992;j
RS;sdiinc992j;p18p19;1995;0.0041999999;992;j
RS;sdiinc992j;p18p19;1996;0.0041999999;992;j
RS;sdiinc992j;p18p19;1997;0.0043000001;992;j
RS;sdiinc992j;p18p19;1998;0.0044;992;j
RS;sdiinc992j;p18p19;1999;0.0043000001;992;j
RS;sdiinc992j;p18p19;2000;0.0043000001;992;j
RS;sdiinc992j;p18p19;2001;0.0043000001;992;j
RS;sdiinc992j;p18p19;2002;0.0040000002;992;j
RS;sdiinc992j;p18p19;2003;0.0040000002;992;j
RS;sdiinc992j;p18p19;2004;0.0035999999;992;j
RS;sdiinc992j;p18p19;2005;0.0035999999;992;j
RS;sdiinc992j;p18p19;2006;0.0033;992;j
RS;sdiinc992j;p18p19;2007;0.0033;992;j
RS;sdiinc992j;p18p19;2008;0.0031000001;992;j
RS;sdiinc992j;p18p19;2009;0.003;992;j
RS;sdiinc992j;p18p19;2010;0.0027000001;992;j
RS;sdiinc992j;p18p19;2011;0.0024000001;992;j
RS;sdiinc992j;p18p19;2012;0.0024999999;992;j
RS;sdiinc992j;p18p19;2013;0.0022;992;j
RS;sdiinc992j;p18p19;2014;0.0027999999;992;j
RS;sdiinc992j;p18p19;2015;0.0024000001;992;j
RS;sdiinc992j;p18p19;2016;0.0023000001;992;j
RS;sdiinc992j;p18p19;2017;0.0023000001;992;j
RS;sdiinc992j;p4p5;1990;0.0019;992;j
RS;sdiinc992j;p4p5;1991;0.0019;992;j
RS;sdiinc992j;p4p5;1992;0.0019;992;j
RS;sdiinc992j;p4p5;1993;0.0019;992;j
RS;sdiinc992j;p4p5;1994;0.0019;992;j
RS;sdiinc992j;p4p5;1995;0.0019;992;j
RS;sdiinc992j;p4p5;1996;0.0019;992;j
RS;sdiinc992j;p4p5;1997;0.0020000001;992;j
RS;sdiinc992j;p4p5;1998;0.0019;992;j
RS;sdiinc992j;p4p5;1999;0.0019;992;j
RS;sdiinc992j;p4p5;2000;0.0019;992;j
RS;sdiinc992j;p4p5;2001;0.0018;992;j
RS;sdiinc992j;p4p5;2002;0.0016;992;j
RS;sdiinc992j;p4p5;2003;0.0016;992;j
RS;sdiinc992j;p4p5;2004;0.0014;992;j
RS;sdiinc992j;p4p5;2005;0.0013;992;j
RS;sdiinc992j;p4p5;2006;0.0012000001;992;j
RS;sdiinc992j;p4p5;2007;0.0012000001;992;j
RS;sdiinc992j;p4p5;2008;0.0012000001;992;j
RS;sdiinc992j;p4p5;2009;0.0013;992;j
RS;sdiinc992j;p4p5;2010;0.0012000001;992;j
RS;sdiinc992j;p4p5;2011;0.0011;992;j
RS;sdiinc992j;p4p5;2012;0.0011;992;j
RS;sdiinc992j;p4p5;2013;0.0014;992;j
RS;sdiinc992j;p4p5;2014;0.0020999999;992;j
RS;sdiinc992j;p4p5;2015;0.0017;992;j
RS;sdiinc992j;p4p5;2016;0.0016;992;j
RS;sdiinc992j;p4p5;2017;0.0016;992;j
RS;sdiinc992j;p59p60;1990;0.0098999999;992;j
RS;sdiinc992j;p59p60;1991;0.0098999999;992;j
RS;sdiinc992j;p59p60;1992;0.0098999999;992;j
RS;sdiinc992j;p59p60;1993;0.0098000001;992;j
RS;sdiinc992j;p59p60;1994;0.0098000001;992;j
RS;sdiinc992j;p59p60;1995;0.0098000001;992;j
RS;sdiinc992j;p59p60;1996;0.0098000001;992;j
RS;sdiinc992j;p59p60;1997;0.0098000001;992;j
RS;sdiinc992j;p59p60;1998;0.0097000003;992;j
RS;sdiinc992j;p59p60;1999;0.0097000003;992;j
RS;sdiinc992j;p59p60;2000;0.0094999997;992;j
RS;sdiinc992j;p59p60;2001;0.0094999997;992;j
RS;sdiinc992j;p59p60;2002;0.0094999997;992;j
RS;sdiinc992j;p59p60;2003;0.0094999997;992;j
RS;sdiinc992j;p59p60;2004;0.0094999997;992;j
RS;sdiinc992j;p59p60;2005;0.0093999999;992;j
RS;sdiinc992j;p59p60;2006;0.0093;992;j
RS;sdiinc992j;p59p60;2007;0.0094999997;992;j
RS;sdiinc992j;p59p60;2008;0.0093999999;992;j
RS;sdiinc992j;p59p60;2009;0.0093;992;j
RS;sdiinc992j;p59p60;2010;0.0092000002;992;j
RS;sdiinc992j;p59p60;2011;0.0092000002;992;j
RS;sdiinc992j;p59p60;2012;0.0091000004;992;j
RS;sdiinc992j;p59p60;2013;0.0092000002;992;j
RS;sdiinc992j;p59p60;2014;0.0089999996;992;j
RS;sdiinc992j;p59p60;2015;0.0087000001;992;j
RS;sdiinc992j;p59p60;2016;0.0087000001;992;j
RS;sdiinc992j;p59p60;2017;0.0087000001;992;j
RS;sdiinc992j;p64p65;1990;0.0107;992;j
RS;sdiinc992j;p64p65;1991;0.0107;992;j
RS;sdiinc992j;p64p65;1992;0.0107;992;j
RS;sdiinc992j;p64p65;1993;0.0106;992;j
RS;sdiinc992j;p64p65;1994;0.0106;992;j
RS;sdiinc992j;p64p65;1995;0.0106;992;j
RS;sdiinc992j;p64p65;1996;0.0106;992;j
RS;sdiinc992j;p64p65;1997;0.0106;992;j
RS;sdiinc992j;p64p65;1998;0.0106;992;j
RS;sdiinc992j;p64p65;1999;0.0105;992;j
RS;sdiinc992j;p64p65;2000;0.0103;992;j
RS;sdiinc992j;p64p65;2001;0.0103;992;j
RS;sdiinc992j;p64p65;2002;0.0103;992;j
RS;sdiinc992j;p64p65;2003;0.0103;992;j
RS;sdiinc992j;p64p65;2004;0.0104;992;j
RS;sdiinc992j;p64p65;2005;0.0102;992;j
RS;sdiinc992j;p64p65;2006;0.0102;992;j
RS;sdiinc992j;p64p65;2007;0.0103;992;j
RS;sdiinc992j;p64p65;2008;0.0103;992;j
RS;sdiinc992j;p64p65;2009;0.0102;992;j
RS;sdiinc992j;p64p65;2010;0.0102;992;j
RS;sdiinc992j;p64p65;2011;0.0101;992;j
RS;sdiinc992j;p64p65;2012;0.0101;992;j
RS;sdiinc992j;p64p65;2013;0.0102;992;j
RS;sdiinc992j;p64p65;2014;0.0099999998;992;j
RS;sdiinc992j;p64p65;2015;0.0096000005;992;j
RS;sdiinc992j;p64p65;2016;0.0096000005;992;j
RS;sdiinc992j;p64p65;2017;0.0096000005;992;j
RS;sdiinc992j;p70p100;1990;0.55440003;992;j
RS;sdiinc992j;p70p100;1991;0.55250001;992;j
RS;sdiinc992j;p70p100;1992;0.55080003;992;j
RS;sdiinc992j;p70p100;1993;0.54949999;992;j
RS;sdiinc992j;p70p100;1994;0.54809999;992;j
RS;sdiinc992j;p70p100;1995;0.54680002;992;j
RS;sdiinc992j;p70p100;1996;0.54479998;992;j
RS;sdiinc992j;p70p100;1997;0.54229999;992;j
RS;sdiinc992j;p70p100;1998;0.54570001;992;j
RS;sdiinc992j;p70p100;1999;0.55070001;992;j
RS;sdiinc992j;p70p100;2000;0.5535;992;j
RS;sdiinc992j;p70p100;2001;0.55549997;992;j
RS;sdiinc992j;p70p100;2002;0.56260002;992;j
RS;sdiinc992j;p70p100;2003;0.56559998;992;j
RS;sdiinc992j;p70p100;2004;0.57569999;992;j
RS;sdiinc992j;p70p100;2005;0.583;992;j
RS;sdiinc992j;p70p100;2006;0.59100002;992;j
RS;sdiinc992j;p70p100;2007;0.59100002;992;j
RS;sdiinc992j;p70p100;2008;0.59450001;992;j
RS;sdiinc992j;p70p100;2009;0.60089999;992;j
RS;sdiinc992j;p70p100;2010;0.61159998;992;j
RS;sdiinc992j;p70p100;2011;0.62239999;992;j
RS;sdiinc992j;p70p100;2012;0.62559998;992;j
RS;sdiinc992j;p70p100;2013;0.62690002;992;j
RS;sdiinc992j;p70p100;2014;0.6135;992;j
RS;sdiinc992j;p70p100;2015;0.63239998;992;j
RS;sdiinc992j;p70p100;2016;0.63660002;992;j
RS;sdiinc992j;p70p100;2017;0.6372;992;j
RS;sdiinc992j;p79p100;1990;0.44049999;992;j
RS;sdiinc992j;p79p100;1991;0.4386;992;j
RS;sdiinc992j;p79p100;1992;0.43700001;992;j
RS;sdiinc992j;p79p100;1993;0.43599999;992;j
RS;sdiinc992j;p79p100;1994;0.4348;992;j
RS;sdiinc992j;p79p100;1995;0.43360001;992;j
RS;sdiinc992j;p79p100;1996;0.4316;992;j
RS;sdiinc992j;p79p100;1997;0.42919999;992;j
RS;sdiinc992j;p79p100;1998;0.43360001;992;j
RS;sdiinc992j;p79p100;1999;0.43979999;992;j
RS;sdiinc992j;p79p100;2000;0.4438;992;j
RS;sdiinc992j;p79p100;2001;0.44679999;992;j
RS;sdiinc992j;p79p100;2002;0.45289999;992;j
RS;sdiinc992j;p79p100;2003;0.45570001;992;j
RS;sdiinc992j;p79p100;2004;0.46470001;992;j
RS;sdiinc992j;p79p100;2005;0.4725;992;j
RS;sdiinc992j;p79p100;2006;0.4804;992;j
RS;sdiinc992j;p79p100;2007;0.47929999;992;j
RS;sdiinc992j;p79p100;2008;0.4824;992;j
RS;sdiinc992j;p79p100;2009;0.48930001;992;j
RS;sdiinc992j;p79p100;2010;0.49990001;992;j
RS;sdiinc992j;p79p100;2011;0.51069999;992;j
RS;sdiinc992j;p79p100;2012;0.51429999;992;j
RS;sdiinc992j;p79p100;2013;0.51270002;992;j
RS;sdiinc992j;p79p100;2014;0.50489998;992;j
RS;sdiinc992j;p79p100;2015;0.52700001;992;j
RS;sdiinc992j;p79p100;2016;0.53109998;992;j
RS;sdiinc992j;p79p100;2017;0.5316;992;j
RS;sdiinc992j;p8p100;1990;0.98500001;992;j
RS;sdiinc992j;p8p100;1991;0.98519999;992;j
RS;sdiinc992j;p8p100;1992;0.9853;992;j
RS;sdiinc992j;p8p100;1993;0.98549998;992;j
RS;sdiinc992j;p8p100;1994;0.98559999;992;j
RS;sdiinc992j;p8p100;1995;0.98570001;992;j
RS;sdiinc992j;p8p100;1996;0.98580003;992;j
RS;sdiinc992j;p8p100;1997;0.98589998;992;j
RS;sdiinc992j;p8p100;1998;0.98610002;992;j
RS;sdiinc992j;p8p100;1999;0.98640001;992;j
RS;sdiinc992j;p8p100;2000;0.98659998;992;j
RS;sdiinc992j;p8p100;2001;0.98659998;992;j
RS;sdiinc992j;p8p100;2002;0.98860002;992;j
RS;sdiinc992j;p8p100;2003;0.98809999;992;j
RS;sdiinc992j;p8p100;2004;0.9892;992;j
RS;sdiinc992j;p8p100;2005;0.98970002;992;j
RS;sdiinc992j;p8p100;2006;0.99040002;992;j
RS;sdiinc992j;p8p100;2007;0.99080002;992;j
RS;sdiinc992j;p8p100;2008;0.99049997;992;j
RS;sdiinc992j;p8p100;2009;0.99010003;992;j
RS;sdiinc992j;p8p100;2010;0.9903;992;j
RS;sdiinc992j;p8p100;2011;0.99110001;992;j
RS;sdiinc992j;p8p100;2012;0.99150002;992;j
RS;sdiinc992j;p8p100;2013;0.98860002;992;j
RS;sdiinc992j;p8p100;2014;0.98320001;992;j
RS;sdiinc992j;p8p100;2015;0.98650002;992;j
RS;sdiinc992j;p8p100;2016;0.9874;992;j
RS;sdiinc992j;p8p100;2017;0.98750001;992;j
RS;sdiinc992j;p96p97;1990;0.023800001;992;j
RS;sdiinc992j;p96p97;1991;0.023800001;992;j
RS;sdiinc992j;p96p97;1992;0.0239;992;j
RS;sdiinc992j;p96p97;1993;0.024;992;j
RS;sdiinc992j;p96p97;1994;0.024;992;j
RS;sdiinc992j;p96p97;1995;0.024;992;j
RS;sdiinc992j;p96p97;1996;0.024;992;j
RS;sdiinc992j;p96p97;1997;0.0239;992;j
RS;sdiinc992j;p96p97;1998;0.0242;992;j
RS;sdiinc992j;p96p97;1999;0.0244;992;j
RS;sdiinc992j;p96p97;2000;0.024800001;992;j
RS;sdiinc992j;p96p97;2001;0.024800001;992;j
RS;sdiinc992j;p96p97;2002;0.0254;992;j
RS;sdiinc992j;p96p97;2003;0.0255;992;j
RS;sdiinc992j;p96p97;2004;0.026000001;992;j
RS;sdiinc992j;p96p97;2005;0.0264;992;j
RS;sdiinc992j;p96p97;2006;0.0273;992;j
RS;sdiinc992j;p96p97;2007;0.0274;992;j
RS;sdiinc992j;p96p97;2008;0.027899999;992;j
RS;sdiinc992j;p96p97;2009;0.027899999;992;j
RS;sdiinc992j;p96p97;2010;0.028899999;992;j
RS;sdiinc992j;p96p97;2011;0.0298;992;j
RS;sdiinc992j;p96p97;2012;0.0288;992;j
RS;sdiinc992j;p96p97;2013;0.029300001;992;j
RS;sdiinc992j;p96p97;2014;0.0272;992;j
RS;sdiinc992j;p96p97;2015;0.027000001;992;j
RS;sdiinc992j;p96p97;2016;0.0272;992;j
RS;sdiinc992j;p96p97;2017;0.0272;992;j
RS;sptinc992j;p54p55;1990;0.0088;992;j
RS;sptinc992j;p54p55;1991;0.0087000001;992;j
RS;sptinc992j;p54p55;1992;0.0087000001;992;j
RS;sptinc992j;p54p55;1993;0.0087000001;992;j
RS;sptinc992j;p54p55;1994;0.0087000001;992;j
RS;sptinc992j;p54p55;1995;0.0086000003;992;j
RS;sptinc992j;p54p55;1996;0.0086000003;992;j
RS;sptinc992j;p54p55;1997;0.0086000003;992;j
RS;sptinc992j;p54p55;1998;0.0085000005;992;j
RS;sptinc992j;p54p55;1999;0.0085000005;992;j
RS;sptinc992j;p54p55;2000;0.0083999997;992;j
RS;sptinc992j;p54p55;2001;0.0082999999;992;j
RS;sptinc992j;p54p55;2002;0.0082999999;992;j
RS;sptinc992j;p54p55;2003;0.0082999999;992;j
RS;sptinc992j;p54p55;2004;0.0081000002;992;j
RS;sptinc992j;p54p55;2005;0.0081000002;992;j
RS;sptinc992j;p54p55;2006;0.0080000004;992;j
RS;sptinc992j;p54p55;2007;0.0081000002;992;j
RS;sptinc992j;p54p55;2008;0.0081000002;992;j
RS;sptinc992j;p54p55;2009;0.0081000002;992;j
RS;sptinc992j;p54p55;2010;0.0078999996;992;j
RS;sptinc992j;p54p55;2011;0.0077999998;992;j
RS;sptinc992j;p54p55;2012;0.0078999996;992;j
RS;sptinc992j;p54p55;2013;0.0080000004;992;j
RS;sptinc992j;p54p55;2014;0.0077;992;j
RS;sptinc992j;p54p55;2015;0.0078999996;992;j
RS;sptinc992j;p54p55;2016;0.0078999996;992;j
RS;sptinc992j;p54p55;2017;0.0078999996;992;j
RS;sptinc992j;p60p61;1990;0.0098000001;992;j
RS;sptinc992j;p60p61;1991;0.0097000003;992;j
RS;sptinc992j;p60p61;1992;0.0097000003;992;j
RS;sptinc992j;p60p61;1993;0.0096000005;992;j
RS;sptinc992j;p60p61;1994;0.0096000005;992;j
RS;sptinc992j;p60p61;1995;0.0094999997;992;j
RS;sptinc992j;p60p61;1996;0.0094999997;992;j
RS;sptinc992j;p60p61;1997;0.0094999997;992;j
RS;sptinc992j;p60p61;1998;0.0093999999;992;j
RS;sptinc992j;p60p61;1999;0.0093999999;992;j
RS;sptinc992j;p60p61;2000;0.0093;992;j
RS;sptinc992j;p60p61;2001;0.0091000004;992;j
RS;sptinc992j;p60p61;2002;0.0092000002;992;j
RS;sptinc992j;p60p61;2003;0.0092000002;992;j
RS;sptinc992j;p60p61;2004;0.0089999996;992;j
RS;sptinc992j;p60p61;2005;0.0089999996;992;j
RS;sptinc992j;p60p61;2006;0.0089999996;992;j
RS;sptinc992j;p60p61;2007;0.0091000004;992;j
RS;sptinc992j;p60p61;2008;0.0091000004;992;j
RS;sptinc992j;p60p61;2009;0.0091000004;992;j
RS;sptinc992j;p60p61;2010;0.0089999996;992;j
RS;sptinc992j;p60p61;2011;0.0088999998;992;j
RS;sptinc992j;p60p61;2012;0.0088999998;992;j
RS;sptinc992j;p60p61;2013;0.0091000004;992;j
RS;sptinc992j;p60p61;2014;0.0088999998;992;j
RS;sptinc992j;p60p61;2015;0.0089999996;992;j
RS;sptinc992j;p60p61;2016;0.0089999996;992;j
RS;sptinc992j;p60p61;2017;0.0089999996;992;j
RS;sptinc992j;p71p100;1990;0.57690001;992;j
RS;sptinc992j;p71p100;1991;0.5783;992;j
RS;sptinc992j;p71p100;1992;0.57969999;992;j
RS;sptinc992j;p71p100;1993;0.58099997;992;j
RS;sptinc992j;p71p100;1994;0.58249998;992;j
RS;sptinc992j;p71p100;1995;0.58389997;992;j
RS;sptinc992j;p71p100;1996;0.5848;992;j
RS;sptinc992j;p71p100;1997;0.58569998;992;j
RS;sptinc992j;p71p100;1998;0.58539999;992;j
RS;sptinc992j;p71p100;1999;0.58710003;992;j
RS;sptinc992j;p71p100;2000;0.59299999;992;j
RS;sptinc992j;p71p100;2001;0.5952;992;j
RS;sptinc992j;p71p100;2002;0.60339999;992;j
RS;sptinc992j;p71p100;2003;0.60729998;992;j
RS;sptinc992j;p71p100;2004;0.61729997;992;j
RS;sptinc992j;p71p100;2005;0.62580001;992;j
RS;sptinc992j;p71p100;2006;0.63190001;992;j
RS;sptinc992j;p71p100;2007;0.63190001;992;j
RS;sptinc992j;p71p100;2008;0.63800001;992;j
RS;sptinc992j;p71p100;2009;0.64300001;992;j
RS;sptinc992j;p71p100;2010;0.65280002;992;j
RS;sptinc992j;p71p100;2011;0.66350001;992;j
RS;sptinc992j;p71p100;2012;0.66469997;992;j
RS;sptinc992j;p71p100;2013;0.66210002;992;j
RS;sptinc992j;p71p100;2014;0.67250001;992;j
RS;sptinc992j;p71p100;2015;0.66420001;992;j
RS;sptinc992j;p71p100;2016;0.66420001;992;j
RS;sptinc992j;p71p100;2017;0.6645;992;j
RS;sptinc992j;p84p100;1990;0.3998;992;j
RS;sptinc992j;p84p100;1991;0.40169999;992;j
RS;sptinc992j;p84p100;1992;0.40349999;992;j
RS;sptinc992j;p84p100;1993;0.40540001;992;j
RS;sptinc992j;p84p100;1994;0.4073;992;j
RS;sptinc992j;p84p100;1995;0.4093;992;j
RS;sptinc992j;p84p100;1996;0.41049999;992;j
RS;sptinc992j;p84p100;1997;0.41170001;992;j
RS;sptinc992j;p84p100;1998;0.41319999;992;j
RS;sptinc992j;p84p100;1999;0.41639999;992;j
RS;sptinc992j;p84p100;2000;0.4244;992;j
RS;sptinc992j;p84p100;2001;0.42789999;992;j
RS;sptinc992j;p84p100;2002;0.4341;992;j
RS;sptinc992j;p84p100;2003;0.43799999;992;j
RS;sptinc992j;p84p100;2004;0.44800001;992;j
RS;sptinc992j;p84p100;2005;0.4562;992;j
RS;sptinc992j;p84p100;2006;0.4612;992;j
RS;sptinc992j;p84p100;2007;0.45739999;992;j
RS;sptinc992j;p84p100;2008;0.46200001;992;j
RS;sptinc992j;p84p100;2009;0.46700001;992;j
RS;sptinc992j;p84p100;2010;0.47780001;992;j
RS;sptinc992j;p84p100;2011;0.4883;992;j
RS;sptinc992j;p84p100;2012;0.48570001;992;j
RS;sptinc992j;p84p100;2013;0.48230001;992;j
RS;sptinc992j;p84p100;2014;0.49720001;992;j
RS;sptinc992j;p84p100;2015;0.49079999;992;j
RS;sptinc992j;p84p100;2016;0.49090001;992;j
RS;sptinc992j;p84p100;2017;0.4912;992;j
RS;sptinc992j;p86p87;1990;0.0163;992;j
RS;sptinc992j;p86p87;1991;0.0162;992;j
RS;sptinc992j;p86p87;1992;0.0162;992;j
RS;sptinc992j;p86p87;1993;0.016100001;992;j
RS;sptinc992j;p86p87;1994;0.016100001;992;j
RS;sptinc992j;p86p87;1995;0.016000001;992;j
RS;sptinc992j;p86p87;1996;0.016000001;992;j
RS;sptinc992j;p86p87;1997;0.016000001;992;j
RS;sptinc992j;p86p87;1998;0.015799999;992;j
RS;sptinc992j;p86p87;1999;0.015699999;992;j
RS;sptinc992j;p86p87;2000;0.0155;992;j
RS;sptinc992j;p86p87;2001;0.0154;992;j
RS;sptinc992j;p86p87;2002;0.0156;992;j
RS;sptinc992j;p86p87;2003;0.015699999;992;j
RS;sptinc992j;p86p87;2004;0.015900001;992;j
RS;sptinc992j;p86p87;2005;0.016100001;992;j
RS;sptinc992j;p86p87;2006;0.0163;992;j
RS;sptinc992j;p86p87;2007;0.0167;992;j
RS;sptinc992j;p86p87;2008;0.017000001;992;j
RS;sptinc992j;p86p87;2009;0.017100001;992;j
RS;sptinc992j;p86p87;2010;0.017200001;992;j
RS;sptinc992j;p86p87;2011;0.0174;992;j
RS;sptinc992j;p86p87;2012;0.0176;992;j
RS;sptinc992j;p86p87;2013;0.0177;992;j
RS;sptinc992j;p86p87;2014;0.017200001;992;j
RS;sptinc992j;p86p87;2015;0.017200001;992;j
RS;sptinc992j;p86p87;2016;0.017200001;992;j
RS;sptinc992j;p86p87;2017;0.017200001;992;j
RS;tcainc992j;p68p69;1990;588094.63;992;j
RS;tcainc992j;p68p69;1991;512746.59;992;j
RS;tcainc992j;p68p69;1992;350184.91;992;j
RS;tcainc992j;p68p69;1993;226730.59;992;j
RS;tcainc992j;p68p69;1994;232910.3;992;j
RS;tcainc992j;p68p69;1995;245187.91;992;j
RS;tcainc992j;p68p69;1996;246855.8;992;j
RS;tcainc992j;p68p69;1997;260056.0;992;j
RS;tcainc992j;p68p69;1998;284019.41;992;j
RS;tcainc992j;p68p69;1999;320260.31;992;j
RS;tcainc992j;p68p69;2000;342910.5;992;j
RS;tcainc992j;p68p69;2001;332123.41;992;j
RS;tcainc992j;p68p69;2002;350445.81;992;j
RS;tcainc992j;p68p69;2003;368697.69;992;j
RS;tcainc992j;p68p69;2004;442628.81;992;j
RS;tcainc992j;p68p69;2005;500133.91;992;j
RS;tcainc992j;p68p69;2006;528744.0;992;j
RS;tcainc992j;p68p69;2007;531044.88;992;j
RS;tcainc992j;p68p69;2008;572082.38;992;j
RS;tcainc992j;p68p69;2009;561015.31;992;j
RS;tcainc992j;p68p69;2010;561255.38;992;j
RS;tcainc992j;p68p69;2011;566742.81;992;j
RS;tcainc992j;p68p69;2012;562298.63;992;j
RS;tcainc992j;p68p69;2013;589115.88;992;j
RS;tcainc992j;p68p69;2014;553469.31;992;j
RS;tcainc992j;p68p69;2015;536231.63;992;j
RS;tcainc992j;p68p69;2016;556331.63;992;j
RS;tcainc992j;p68p69;2017;556870.88;992;j
RS;tcainc992j;p76p100;1990;686486.88;992;j
RS;tcainc992j;p76p100;1991;594136.38;992;j
RS;tcainc992j;p76p100;1992;405891.5;992;j
RS;tcainc992j;p76p100;1993;262676.0;992;j
RS;tcainc992j;p76p100;1994;269873.69;992;j
RS;tcainc992j;p76p100;1995;283863.69;992;j
RS;tcainc992j;p76p100;1996;285746.09;992;j
RS;tcainc992j;p76p100;1997;301392.31;992;j
RS;tcainc992j;p76p100;1998;326522.5;992;j
RS;tcainc992j;p76p100;1999;368335.09;992;j
RS;tcainc992j;p76p100;2000;395337.59;992;j
RS;tcainc992j;p76p100;2001;382161.59;992;j
RS;tcainc992j;p76p100;2002;404365.0;992;j
RS;tcainc992j;p76p100;2003;426932.19;992;j
RS;tcainc992j;p76p100;2004;515639.69;992;j
RS;tcainc992j;p76p100;2005;584890.5;992;j
RS;tcainc992j;p76p100;2006;616345.31;992;j
RS;tcainc992j;p76p100;2007;625545.88;992;j
RS;tcainc992j;p76p100;2008;671021.13;992;j
RS;tcainc992j;p76p100;2009;662557.63;992;j
RS;tcainc992j;p76p100;2010;665723.63;992;j
RS;tcainc992j;p76p100;2011;672704.13;992;j
RS;tcainc992j;p76p100;2012;668718.63;992;j
RS;tcainc992j;p76p100;2013;704660.38;992;j
RS;tcainc992j;p76p100;2014;655332.13;992;j
RS;tcainc992j;p76p100;2015;637868.13;992;j
RS;tcainc992j;p76p100;2016;661495.88;992;j
RS;tcainc992j;p76p100;2017;661877.81;992;j
RS;tcainc992j;p77p78;1990;699860.31;992;j
RS;tcainc992j;p77p78;1991;605888.31;992;j
RS;tcainc992j;p77p78;1992;413912.31;992;j
RS;tcainc992j;p77p78;1993;267646.31;992;j
RS;tcainc992j;p77p78;1994;274939.09;992;j
RS;tcainc992j;p77p78;1995;289930.31;992;j
RS;tcainc992j;p77p78;1996;291978.81;992;j
RS;tcainc992j;p77p78;1997;307571.81;992;j
RS;tcainc992j;p77p78;1998;332348.59;992;j
RS;tcainc992j;p77p78;1999;375345.09;992;j
RS;tcainc992j;p77p78;2000;403648.31;992;j
RS;tcainc992j;p77p78;2001;389718.69;992;j
RS;tcainc992j;p77p78;2002;412048.19;992;j
RS;tcainc992j;p77p78;2003;436086.59;992;j
RS;tcainc992j;p77p78;2004;524902.5;992;j
RS;tcainc992j;p77p78;2005;597263.38;992;j
RS;tcainc992j;p77p78;2006;630643.38;992;j
RS;tcainc992j;p77p78;2007;638122.38;992;j
RS;tcainc992j;p77p78;2008;686738.31;992;j
RS;tcainc992j;p77p78;2009;677593.63;992;j
RS;tcainc992j;p77p78;2010;680824.69;992;j
RS;tcainc992j;p77p78;2011;689005.31;992;j
RS;tcainc992j;p77p78;2012;685415.69;992;j
RS;tcainc992j;p77p78;2013;722445.0;992;j
RS;tcainc992j;p77p78;2014;666861.81;992;j
RS;tcainc992j;p77p78;2015;651989.81;992;j
RS;tcainc992j;p77p78;2016;676069.0;992;j
RS;tcainc992j;p77p78;2017;676696.13;992;j
RS;tcainc992j;p99.91p99.92;1990;6612914.5;992;j
RS;tcainc992j;p99.91p99.92;1991;5625316.5;992;j
RS;tcainc992j;p99.91p99.92;1992;3768108.0;992;j
RS;tcainc992j;p99.91p99.92;1993;2418661.8;992;j
RS;tcainc992j;p99.91p99.92;1994;2469284.5;992;j
RS;tcainc992j;p99.91p99.92;1995;2587998.0;992;j
RS;tcainc992j;p99.91p99.92;1996;2562906.8;992;j
RS;tcainc992j;p99.91p99.92;1997;2654214.0;992;j
RS;tcainc992j;p99.91p99.92;1998;3006715.3;992;j
RS;tcainc992j;p99.91p99.92;1999;3728778.3;992;j
RS;tcainc992j;p99.91p99.92;2000;4318044.5;992;j
RS;tcainc992j;p99.91p99.92;2001;4471968.0;992;j
RS;tcainc992j;p99.91p99.92;2002;4728346.5;992;j
RS;tcainc992j;p99.91p99.92;2003;4928581.0;992;j
RS;tcainc992j;p99.91p99.92;2004;5967478.5;992;j
RS;tcainc992j;p99.91p99.92;2005;7073846.5;992;j
RS;tcainc992j;p99.91p99.92;2006;7510089.0;992;j
RS;tcainc992j;p99.91p99.92;2007;7136764.5;992;j
RS;tcainc992j;p99.91p99.92;2008;7449319.0;992;j
RS;tcainc992j;p99.91p99.92;2009;7965681.5;992;j
RS;tcainc992j;p99.91p99.92;2010;8105692.5;992;j
RS;tcainc992j;p99.91p99.92;2011;8314496.5;992;j
RS;tcainc992j;p99.91p99.92;2012;9630913.0;992;j
RS;tcainc992j;p99.91p99.92;2013;8944339.0;992;j
RS;tcainc992j;p99.91p99.92;2014;10531343.0;992;j
RS;tcainc992j;p99.91p99.92;2015;12828269.0;992;j
RS;tcainc992j;p99.91p99.92;2016;13306875.0;992;j
RS;tcainc992j;p99.91p99.92;2017;13326419.0;992;j
RS;tdiinc992j;p55p56;1990;670294.31;992;j
RS;tdiinc992j;p55p56;1991;582896.88;992;j
RS;tdiinc992j;p55p56;1992;399636.19;992;j
RS;tdiinc992j;p55p56;1993;259424.3;992;j
RS;tdiinc992j;p55p56;1994;267277.0;992;j
RS;tdiinc992j;p55p56;1995;281995.91;992;j
RS;tdiinc992j;p55p56;1996;284724.31;992;j
RS;tdiinc992j;p55p56;1997;302368.19;992;j
RS;tdiinc992j;p55p56;1998;315303.31;992;j
RS;tdiinc992j;p55p56;1999;341276.81;992;j
RS;tdiinc992j;p55p56;2000;372868.59;992;j
RS;tdiinc992j;p55p56;2001;370083.31;992;j
RS;tdiinc992j;p55p56;2002;397503.69;992;j
RS;tdiinc992j;p55p56;2003;414175.41;992;j
RS;tdiinc992j;p55p56;2004;464115.19;992;j
RS;tdiinc992j;p55p56;2005;513016.81;992;j
RS;tdiinc992j;p55p56;2006;538521.31;992;j
RS;tdiinc992j;p55p56;2007;559562.31;992;j
RS;tdiinc992j;p55p56;2008;591332.81;992;j
RS;tdiinc992j;p55p56;2009;575672.69;992;j
RS;tdiinc992j;p55p56;2010;569963.38;992;j
RS;tdiinc992j;p55p56;2011;568087.88;992;j
RS;tdiinc992j;p55p56;2012;564353.31;992;j
RS;tdiinc992j;p55p56;2013;576223.5;992;j
RS;tdiinc992j;p55p56;2014;554071.88;992;j
RS;tdiinc992j;p55p56;2015;548647.81;992;j
RS;tdiinc992j;p55p56;2016;563761.63;992;j
RS;tdiinc992j;p55p56;2017;566943.31;992;j
RS;tdiinc992j;p63p100;1990;760448.13;992;j
RS;tdiinc992j;p63p100;1991;660451.81;992;j
RS;tdiinc992j;p63p100;1992;452371.59;992;j
RS;tdiinc992j;p63p100;1993;292899.69;992;j
RS;tdiinc992j;p63p100;1994;301671.5;992;j
RS;tdiinc992j;p63p100;1995;317982.91;992;j
RS;tdiinc992j;p63p100;1996;320787.5;992;j
RS;tdiinc992j;p63p100;1997;340247.19;992;j
RS;tdiinc992j;p63p100;1998;356463.81;992;j
RS;tdiinc992j;p63p100;1999;387342.81;992;j
RS;tdiinc992j;p63p100;2000;419331.81;992;j
RS;tdiinc992j;p63p100;2001;416235.19;992;j
RS;tdiinc992j;p63p100;2002;449329.09;992;j
RS;tdiinc992j;p63p100;2003;472203.19;992;j
RS;tdiinc992j;p63p100;2004;530486.81;992;j
RS;tdiinc992j;p63p100;2005;586256.38;992;j
RS;tdiinc992j;p63p100;2006;618729.81;992;j
RS;tdiinc992j;p63p100;2007;642727.81;992;j
RS;tdiinc992j;p63p100;2008;684654.88;992;j
RS;tdiinc992j;p63p100;2009;666677.88;992;j
RS;tdiinc992j;p63p100;2010;663083.63;992;j
RS;tdiinc992j;p63p100;2011;661115.69;992;j
RS;tdiinc992j;p63p100;2012;657819.0;992;j
RS;tdiinc992j;p63p100;2013;682173.69;992;j
RS;tdiinc992j;p63p100;2014;655062.38;992;j
RS;tdiinc992j;p63p100;2015;639961.88;992;j
RS;tdiinc992j;p63p100;2016;659012.88;992;j
RS;tdiinc992j;p63p100;2017;662923.38;992;j
RS;tptinc992j;p80p81;1990;1051639.1;992;j
RS;tptinc992j;p80p81;1991;911273.69;992;j
RS;tptinc992j;p80p81;1992;622192.38;992;j
RS;tptinc992j;p80p81;1993;402116.0;992;j
RS;tptinc992j;p80p81;1994;412762.31;992;j
RS;tptinc992j;p80p81;1995;434226.81;992;j
RS;tptinc992j;p80p81;1996;436726.31;992;j
RS;tptinc992j;p80p81;1997;462320.0;992;j
RS;tptinc992j;p80p81;1998;479414.81;992;j
RS;tptinc992j;p80p81;1999;521007.91;992;j
RS;tptinc992j;p80p81;2000;566244.13;992;j
RS;tptinc992j;p80p81;2001;560004.38;992;j
RS;tptinc992j;p80p81;2002;612107.81;992;j
RS;tptinc992j;p80p81;2003;643134.81;992;j
RS;tptinc992j;p80p81;2004;724135.88;992;j
RS;tptinc992j;p80p81;2005;812120.38;992;j
RS;tptinc992j;p80p81;2006;860479.88;992;j
RS;tptinc992j;p80p81;2007;908602.63;992;j
RS;tptinc992j;p80p81;2008;978953.81;992;j
RS;tptinc992j;p80p81;2009;959808.88;992;j
RS;tptinc992j;p80p81;2010;958891.63;992;j
RS;tptinc992j;p80p81;2011;963496.19;992;j
RS;tptinc992j;p80p81;2012;986651.5;992;j
RS;tptinc992j;p80p81;2013;1013680.8;992;j
RS;tptinc992j;p80p81;2014;964502.13;992;j
RS;tptinc992j;p80p81;2015;962529.88;992;j
RS;tptinc992j;p80p81;2016;991800.81;992;j
RS;tptinc992j;p80p81;2017;997560.81;992;j
RS;acainc992j;p1p2;1990;50949.602;992;j
RS;acainc992j;p1p2;1991;41665.699;992;j
RS;acainc992j;p1p2;1992;26482.4;992;j
RS;acainc992j;p1p2;1993;15732.1;992;j
RS;acainc992j;p1p2;1994;14581.0;992;j
RS;acainc992j;p1p2;1995;13624.8;992;j
RS;acainc992j;p1p2;1996;11926.1;992;j
RS;acainc992j;p1p2;1997;10608.9;992;j
RS;acainc992j;p1p2;1998;12693.7;992;j
RS;acainc992j;p1p2;1999;16197.4;992;j
RS;acainc992j;p1p2;2000;14792.4;992;j
RS;acainc992j;p1p2;2001;13490.2;992;j
RS;acainc992j;p1p2;2002;5895.2998;992;j
RS;acainc992j;p1p2;2003;11270.4;992;j
RS;acainc992j;p1p2;2004;12615.2;992;j
RS;acainc992j;p1p2;2005;15159.4;992;j
RS;acainc992j;p1p2;2006;15230.0;992;j
RS;acainc992j;p1p2;2007;13105.3;992;j
RS;acainc992j;p1p2;2008;16158.0;992;j
RS;acainc992j;p1p2;2009;18962.301;992;j
RS;acainc992j;p1p2;2010;18690.801;992;j
RS;acainc992j;p1p2;2011;16462.6;992;j
RS;acainc992j;p1p2;2012;12326.4;992;j
RS;acainc992j;p1p2;2013;33840.0;992;j
RS;acainc992j;p1p2;2014;71576.102;992;j
RS;acainc992j;p1p2;2015;48104.301;992;j
RS;acainc992j;p1p2;2016;49938.602;992;j
RS;acainc992j;p1p2;2017;49900.602;992;j
RS;acainc992j;p27p28;1990;257985.59;992;j
RS;acainc992j;p27p28;1991;227344.91;992;j
RS;acainc992j;p27p28;1992;157958.41;992;j
RS;acainc992j;p27p28;1993;103771.0;992;j
RS;acainc992j;p27p28;1994;108281.6;992;j
RS;acainc992j;p27p28;1995;115663.1;992;j
RS;acainc992j;p27p28;1996;118182.7;992;j
RS;acainc992j;p27p28;1997;126387.9;992;j
RS;acainc992j;p27p28;1998;140346.91;992;j
RS;acainc992j;p27p28;1999;158049.41;992;j
RS;acainc992j;p27p28;2000;171355.91;992;j
RS;acainc992j;p27p28;2001;167187.8;992;j
RS;acainc992j;p27p28;2002;170187.3;992;j
RS;acainc992j;p27p28;2003;175632.91;992;j
RS;acainc992j;p27p28;2004;201930.09;992;j
RS;acainc992j;p27p28;2005;225107.59;992;j
RS;acainc992j;p27p28;2006;227124.41;992;j
RS;acainc992j;p27p28;2007;224592.0;992;j
RS;acainc992j;p27p28;2008;232144.0;992;j
RS;acainc992j;p27p28;2009;221081.41;992;j
RS;acainc992j;p27p28;2010;205675.09;992;j
RS;acainc992j;p27p28;2011;191889.91;992;j
RS;acainc992j;p27p28;2012;195856.91;992;j
RS;acainc992j;p27p28;2013;175778.09;992;j
RS;acainc992j;p27p28;2014;191176.09;992;j
RS;acainc992j;p27p28;2015;176238.8;992;j
RS;acainc992j;p27p28;2016;182887.91;992;j
RS;acainc992j;p27p28;2017;182922.5;992;j
RS;acainc992j;p50p51;1990;438556.59;992;j
RS;acainc992j;p50p51;1991;381914.81;992;j
RS;acainc992j;p50p51;1992;262063.7;992;j
RS;acainc992j;p50p51;1993;170014.41;992;j
RS;acainc992j;p50p51;1994;175186.8;992;j
RS;acainc992j;p50p51;1995;184895.8;992;j
RS;acainc992j;p50p51;1996;186750.41;992;j
RS;acainc992j;p50p51;1997;197474.41;992;j
RS;acainc992j;p50p51;1998;211556.5;992;j
RS;acainc992j;p50p51;1999;240632.09;992;j
RS;acainc992j;p50p51;2000;259206.41;992;j
RS;acainc992j;p50p51;2001;250748.0;992;j
RS;acainc992j;p50p51;2002;261709.41;992;j
RS;acainc992j;p50p51;2003;272972.19;992;j
RS;acainc992j;p50p51;2004;325512.09;992;j
RS;acainc992j;p50p51;2005;362060.41;992;j
RS;acainc992j;p50p51;2006;378694.0;992;j
RS;acainc992j;p50p51;2007;379046.19;992;j
RS;acainc992j;p50p51;2008;403574.81;992;j
RS;acainc992j;p50p51;2009;396696.0;992;j
RS;acainc992j;p50p51;2010;389907.69;992;j
RS;acainc992j;p50p51;2011;388987.59;992;j
RS;acainc992j;p50p51;2012;382154.09;992;j
RS;acainc992j;p50p51;2013;393415.5;992;j
RS;acainc992j;p50p51;2014;378228.19;992;j
RS;acainc992j;p50p51;2015;377334.5;992;j
RS;acainc992j;p50p51;2016;391279.91;992;j
RS;acainc992j;p50p51;2017;391468.31;992;j
RS;acainc992j;p57p100;1990;856914.0;992;j
RS;acainc992j;p57p100;1991;741669.0;992;j
RS;acainc992j;p57p100;1992;506261.31;992;j
RS;acainc992j;p57p100;1993;327373.0;992;j
RS;acainc992j;p57p100;1994;336176.19;992;j
RS;acainc992j;p57p100;1995;353809.31;992;j
RS;acainc992j;p57p100;1996;355396.09;992;j
RS;acainc992j;p57p100;1997;373661.31;992;j
RS;acainc992j;p57p100;1998;409631.19;992;j
RS;acainc992j;p57p100;1999;468427.59;992;j
RS;acainc992j;p57p100;2000;510682.59;992;j
RS;acainc992j;p57p100;2001;499034.59;992;j
RS;acainc992j;p57p100;2002;529533.63;992;j
RS;acainc992j;p57p100;2003;560730.81;992;j
RS;acainc992j;p57p100;2004;679930.31;992;j
RS;acainc992j;p57p100;2005;780871.63;992;j
RS;acainc992j;p57p100;2006;833400.13;992;j
RS;acainc992j;p57p100;2007;835958.88;992;j
RS;acainc992j;p57p100;2008;900803.81;992;j
RS;acainc992j;p57p100;2009;897198.81;992;j
RS;acainc992j;p57p100;2010;914360.0;992;j
RS;acainc992j;p57p100;2011;935209.19;992;j
RS;acainc992j;p57p100;2012;938607.69;992;j
RS;acainc992j;p57p100;2013;964811.0;992;j
RS;acainc992j;p57p100;2014;925132.69;992;j
RS;acainc992j;p57p100;2015;954376.88;992;j
RS;acainc992j;p57p100;2016;989713.0;992;j
RS;acainc992j;p57p100;2017;990754.81;992;j
RS;acainc992j;p86p100;1990;1307969.8;992;j
RS;acainc992j;p86p100;1991;1129905.0;992;j
RS;acainc992j;p86p100;1992;770506.69;992;j
RS;acainc992j;p86p100;1993;498408.81;992;j
RS;acainc992j;p86p100;1994;511854.31;992;j
RS;acainc992j;p86p100;1995;538788.88;992;j
RS;acainc992j;p86p100;1996;540077.38;992;j
RS;acainc992j;p86p100;1997;566627.0;992;j
RS;acainc992j;p86p100;1998;627293.19;992;j
RS;acainc992j;p86p100;1999;726405.69;992;j
RS;acainc992j;p86p100;2000;804570.69;992;j
RS;acainc992j;p86p100;2001;794401.88;992;j
RS;acainc992j;p86p100;2002;846745.81;992;j
RS;acainc992j;p86p100;2003;898208.0;992;j
RS;acainc992j;p86p100;2004;1095758.3;992;j
RS;acainc992j;p86p100;2005;1273221.9;992;j
RS;acainc992j;p86p100;2006;1369567.6;992;j
RS;acainc992j;p86p100;2007;1365722.8;992;j
RS;acainc992j;p86p100;2008;1472068.5;992;j
RS;acainc992j;p86p100;2009;1481033.4;992;j
RS;acainc992j;p86p100;2010;1527806.8;992;j
RS;acainc992j;p86p100;2011;1578259.1;992;j
RS;acainc992j;p86p100;2012;1595476.5;992;j
RS;acainc992j;p86p100;2013;1616024.8;992;j
RS;acainc992j;p86p100;2014;1583904.5;992;j
RS;acainc992j;p86p100;2015;1699138.6;992;j
RS;acainc992j;p86p100;2016;1762153.8;992;j
RS;acainc992j;p86p100;2017;1764397.8;992;j
RS;adiinc992j;p0p90;1990;593685.0;992;j
RS;adiinc992j;p0p90;1991;516289.81;992;j
RS;adiinc992j;p0p90;1992;353937.59;992;j
RS;adiinc992j;p0p90;1993;229563.5;992;j
RS;adiinc992j;p0p90;1994;236507.2;992;j
RS;adiinc992j;p0p90;1995;249668.91;992;j
RS;adiinc992j;p0p90;1996;252100.8;992;j
RS;adiinc992j;p0p90;1997;267801.41;992;j
RS;adiinc992j;p0p90;1998;279688.69;992;j
RS;adiinc992j;p0p90;1999;303176.81;992;j
RS;adiinc992j;p0p90;2000;330565.81;992;j
RS;adiinc992j;p0p90;2001;327952.5;992;j
RS;adiinc992j;p0p90;2002;350656.59;992;j
RS;adiinc992j;p0p90;2003;367952.5;992;j
RS;adiinc992j;p0p90;2004;410721.31;992;j
RS;adiinc992j;p0p90;2005;453671.41;992;j
RS;adiinc992j;p0p90;2006;474548.31;992;j
RS;adiinc992j;p0p90;2007;491856.09;992;j
RS;adiinc992j;p0p90;2008;522402.69;992;j
RS;adiinc992j;p0p90;2009;508439.5;992;j
RS;adiinc992j;p0p90;2010;503320.41;992;j
RS;adiinc992j;p0p90;2011;498569.81;992;j
RS;adiinc992j;p0p90;2012;494067.09;992;j
RS;adiinc992j;p0p90;2013;510002.0;992;j
RS;adiinc992j;p0p90;2014;497602.31;992;j
RS;adiinc992j;p0p90;2015;481803.0;992;j
RS;adiinc992j;p0p90;2016;494070.09;992;j
RS;adiinc992j;p0p90;2017;496596.0;992;j
RS;adiinc992j;p56p57;1990;689807.81;992;j
RS;adiinc992j;p56p57;1991;599841.0;992;j
RS;adiinc992j;p56p57;1992;410994.09;992;j
RS;adiinc992j;p56p57;1993;266319.81;992;j
RS;adiinc992j;p56p57;1994;274317.0;992;j
RS;adiinc992j;p56p57;1995;289610.81;992;j
RS;adiinc992j;p56p57;1996;292310.69;992;j
RS;adiinc992j;p56p57;1997;310303.81;992;j
RS;adiinc992j;p56p57;1998;323674.41;992;j
RS;adiinc992j;p56p57;1999;349776.59;992;j
RS;adiinc992j;p56p57;2000;381777.0;992;j
RS;adiinc992j;p56p57;2001;377875.19;992;j
RS;adiinc992j;p56p57;2002;407362.5;992;j
RS;adiinc992j;p56p57;2003;427876.09;992;j
RS;adiinc992j;p56p57;2004;478368.31;992;j
RS;adiinc992j;p56p57;2005;528359.19;992;j
RS;adiinc992j;p56p57;2006;555742.69;992;j
RS;adiinc992j;p56p57;2007;577309.69;992;j
RS;adiinc992j;p56p57;2008;612313.13;992;j
RS;adiinc992j;p56p57;2009;598312.88;992;j
RS;adiinc992j;p56p57;2010;590408.5;992;j
RS;adiinc992j;p56p57;2011;587167.13;992;j
RS;adiinc992j;p56p57;2012;582406.81;992;j
RS;adiinc992j;p56p57;2013;594385.88;992;j
RS;adiinc992j;p56p57;2014;571112.5;992;j
RS;adiinc992j;p56p57;2015;564887.63;992;j
RS;adiinc992j;p56p57;2016;580810.81;992;j
RS;adiinc992j;p56p57;2017;583970.69;992;j
RS;adiinc992j;p95p96;1990;1601949.5;992;j
RS;adiinc992j;p95p96;1991;1391930.5;992;j
RS;adiinc992j;p95p96;1992;955847.31;992;j
RS;adiinc992j;p95p96;1993;620868.19;992;j
RS;adiinc992j;p95p96;1994;639612.13;992;j
RS;adiinc992j;p95p96;1995;675088.88;992;j
RS;adiinc992j;p95p96;1996;679322.31;992;j
RS;adiinc992j;p95p96;1997;718280.5;992;j
RS;adiinc992j;p95p96;1998;764201.5;992;j
RS;adiinc992j;p95p96;1999;840448.38;992;j
RS;adiinc992j;p95p96;2000;932991.81;992;j
RS;adiinc992j;p95p96;2001;930357.81;992;j
RS;adiinc992j;p95p96;2002;1021668.0;992;j
RS;adiinc992j;p95p96;2003;1081439.8;992;j
RS;adiinc992j;p95p96;2004;1244235.0;992;j
RS;adiinc992j;p95p96;2005;1408229.8;992;j
RS;adiinc992j;p95p96;2006;1527171.6;992;j
RS;adiinc992j;p95p96;2007;1586773.3;992;j
RS;adiinc992j;p95p96;2008;1717765.9;992;j
RS;adiinc992j;p95p96;2009;1686914.9;992;j
RS;adiinc992j;p95p96;2010;1748200.5;992;j
RS;adiinc992j;p95p96;2011;1805007.8;992;j
RS;adiinc992j;p95p96;2012;1738569.3;992;j
RS;adiinc992j;p95p96;2013;1812934.8;992;j
RS;adiinc992j;p95p96;2014;1650404.3;992;j
RS;adiinc992j;p95p96;2015;1641114.8;992;j
RS;adiinc992j;p95p96;2016;1704415.8;992;j
RS;adiinc992j;p95p96;2017;1716031.5;992;j
RS;adiinc992j;p99.97p99.98;1990;17047770.0;992;j
RS;adiinc992j;p99.97p99.98;1991;14312746.0;992;j
RS;adiinc992j;p99.97p99.98;1992;9410488.0;992;j
RS;adiinc992j;p99.97p99.98;1993;5962828.0;992;j
RS;adiinc992j;p99.97p99.98;1994;6036097.5;992;j
RS;adiinc992j;p99.97p99.98;1995;6280096.5;992;j
RS;adiinc992j;p99.97p99.98;1996;6166579.0;992;j
RS;adiinc992j;p99.97p99.98;1997;6346443.0;992;j
RS;adiinc992j;p99.97p99.98;1998;7051140.5;992;j
RS;adiinc992j;p99.97p99.98;1999;8803113.0;992;j
RS;adiinc992j;p99.97p99.98;2000;10263737.0;992;j
RS;adiinc992j;p99.97p99.98;2001;11174080.0;992;j
RS;adiinc992j;p99.97p99.98;2002;11795753.0;992;j
RS;adiinc992j;p99.97p99.98;2003;12259812.0;992;j
RS;adiinc992j;p99.97p99.98;2004;13999077.0;992;j
RS;adiinc992j;p99.97p99.98;2005;16473040.0;992;j
RS;adiinc992j;p99.97p99.98;2006;17030056.0;992;j
RS;adiinc992j;p99.97p99.98;2007;16113415.0;992;j
RS;adiinc992j;p99.97p99.98;2008;16171017.0;992;j
RS;adiinc992j;p99.97p99.98;2009;17948620.0;992;j
RS;adiinc992j;p99.97p99.98;2010;17856960.0;992;j
RS;adiinc992j;p99.97p99.98;2011;18049662.0;992;j
RS;adiinc992j;p99.97p99.98;2012;22895828.0;992;j
RS;adiinc992j;p99.97p99.98;2013;20039058.0;992;j
RS;adiinc992j;p99.97p99.98;2014;27293506.0;992;j
RS;adiinc992j;p99.97p99.98;2015;36250016.0;992;j
RS;adiinc992j;p99.97p99.98;2016;37853012.0;992;j
RS;adiinc992j;p99.97p99.98;2017;38163576.0;992;j
RS;agninc992i;p0p100;1980;831076.19;992;i
RS;agninc992i;p0p100;1981;831703.88;992;i
RS;agninc992i;p0p100;1982;832240.38;992;i
RS;agninc992i;p0p100;1983;832603.88;992;i
RS;agninc992i;p0p100;1984;832738.81;992;i
RS;agninc992i;p0p100;1985;832608.31;992;i
RS;agninc992i;p0p100;1986;833260.88;992;i
RS;agninc992i;p0p100;1987;833696.38;992;i
RS;agninc992i;p0p100;1988;833907.13;992;i
RS;agninc992i;p0p100;1989;833909.38;992;i
RS;agninc992i;p0p100;1990;833679.13;992;i
RS;agninc992i;p0p100;1991;728707.13;992;i
RS;agninc992i;p0p100;1992;516779.09;992;i
RS;agninc992i;p0p100;1993;354557.5;992;i
RS;agninc992i;p0p100;1994;359438.31;992;i
RS;agninc992i;p0p100;1995;376751.5;992;i
RS;agninc992i;p0p100;1996;384014.59;992;i
RS;agninc992i;p0p100;1997;410220.59;992;i
RS;agninc992i;p0p100;1998;421577.19;992;i
RS;agninc992i;p0p100;1999;473428.09;992;i
RS;agninc992i;p0p100;2000;508438.09;992;i
RS;agninc992i;p0p100;2001;532494.19;992;i
RS;agninc992i;p0p100;2002;564561.13;992;i
RS;agninc992i;p0p100;2003;586641.81;992;i
RS;agninc992i;p0p100;2004;636560.63;992;i
RS;agninc992i;p0p100;2005;698528.19;992;i
RS;agninc992i;p0p100;2006;733724.38;992;i
RS;agninc992i;p0p100;2007;767868.0;992;i
RS;agninc992i;p0p100;2008;813750.63;992;i
RS;agninc992i;p0p100;2009;801242.0;992;i
RS;agninc992i;p0p100;2010;801550.19;992;i
RS;agninc992i;p0p100;2011;804233.0;992;i
RS;agninc992i;p0p100;2012;805361.63;992;i
RS;agninc992i;p0p100;2013;823715.0;992;i
RS;agninc992i;p0p100;2014;812650.5;992;i
RS;agninc992i;p0p100;2015;820846.13;992;i
RS;agninc992i;p0p100;2016;846922.31;992;i
RS;agninc992i;p0p100;2017;856710.88;992;i
RS;agninc992i;p0p100;2018;908831.31;992;i
RS;agninc992i;p0p100;2019;955219.69;992;i
RS;aptfrx999i;p0p100;2007;8196.2998;999;i
RS;aptfrx999i;p0p100;2008;7891.0;999;i
RS;aptfrx999i;p0p100;2009;5452.5;999;i
RS;aptfrx999i;p0p100;2010;5112.1001;999;i
RS;aptfrx999i;p0p100;2011;4699.2998;999;i
RS;aptfrx999i;p0p100;2012;5764.7998;999;i
RS;aptfrx999i;p0p100;2013;4163.5;999;i
RS;aptfrx999i;p0p100;2014;3780.2;999;i
RS;aptfrx999i;p0p100;2015;4230.2998;999;i
RS;aptfrx999i;p0p100;2016;4222.6001;999;i
RS;aptfrx999i;p0p100;2017;4574.2998;999;i
RS;aptfrx999i;p0p100;2018;3887.0;999;i
RS;aptinc992j;p15p100;1990;843311.63;992;j
RS;aptinc992j;p15p100;1991;731938.31;992;j
RS;aptinc992j;p15p100;1992;501036.5;992;j
RS;aptinc992j;p15p100;1993;324777.19;992;j
RS;aptinc992j;p15p100;1994;334344.31;992;j
RS;aptinc992j;p15p100;1995;352721.31;992;j
RS;aptinc992j;p15p100;1996;355407.41;992;j
RS;aptinc992j;p15p100;1997;376617.19;992;j
RS;aptinc992j;p15p100;1998;395155.91;992;j
RS;aptinc992j;p15p100;1999;432524.81;992;j
RS;aptinc992j;p15p100;2000;475843.69;992;j
RS;aptinc992j;p15p100;2001;474902.0;992;j
RS;aptinc992j;p15p100;2002;513076.41;992;j
RS;aptinc992j;p15p100;2003;539731.69;992;j
RS;aptinc992j;p15p100;2004;608769.31;992;j
RS;aptinc992j;p15p100;2005;680268.0;992;j
RS;aptinc992j;p15p100;2006;719888.81;992;j
RS;aptinc992j;p15p100;2007;744260.5;992;j
RS;aptinc992j;p15p100;2008;794292.63;992;j
RS;aptinc992j;p15p100;2009;781456.81;992;j
RS;aptinc992j;p15p100;2010;784366.69;992;j
RS;aptinc992j;p15p100;2011;788253.63;992;j
RS;aptinc992j;p15p100;2012;787563.81;992;j
RS;aptinc992j;p15p100;2013;807471.0;992;j
RS;aptinc992j;p15p100;2014;791568.31;992;j
RS;aptinc992j;p15p100;2015;797040.31;992;j
RS;aptinc992j;p15p100;2016;821702.63;992;j
RS;aptinc992j;p15p100;2017;826610.88;992;j
RS;aptinc992j;p3p4;1990;78158.398;992;j
RS;aptinc992j;p3p4;1991;68803.102;992;j
RS;aptinc992j;p3p4;1992;47620.199;992;j
RS;aptinc992j;p3p4;1993;31160.699;992;j
RS;aptinc992j;p3p4;1994;32298.4;992;j
RS;aptinc992j;p3p4;1995;34265.0;992;j
RS;aptinc992j;p3p4;1996;34703.102;992;j
RS;aptinc992j;p3p4;1997;36850.398;992;j
RS;aptinc992j;p3p4;1998;42425.801;992;j
RS;aptinc992j;p3p4;1999;47710.5;992;j
RS;aptinc992j;p3p4;2000;51150.301;992;j
RS;aptinc992j;p3p4;2001;52088.699;992;j
RS;aptinc992j;p3p4;2002;44017.102;992;j
RS;aptinc992j;p3p4;2003;43660.398;992;j
RS;aptinc992j;p3p4;2004;44927.398;992;j
RS;aptinc992j;p3p4;2005;45757.301;992;j
RS;aptinc992j;p3p4;2006;43192.398;992;j
RS;aptinc992j;p3p4;2007;41380.699;992;j
RS;aptinc992j;p3p4;2008;36301.199;992;j
RS;aptinc992j;p3p4;2009;31895.0;992;j
RS;aptinc992j;p3p4;2010;31228.301;992;j
RS;aptinc992j;p3p4;2011;26377.199;992;j
RS;aptinc992j;p3p4;2012;25272.199;992;j
RS;aptinc992j;p3p4;2013;20992.0;992;j
RS;aptinc992j;p3p4;2014;21113.301;992;j
RS;aptinc992j;p3p4;2015;21416.4;992;j
RS;aptinc992j;p3p4;2016;22134.0;992;j
RS;aptinc992j;p3p4;2017;22049.801;992;j
RS;aptinc992j;p47p48;1990;569520.63;992;j
RS;aptinc992j;p47p48;1991;492408.69;992;j
RS;aptinc992j;p47p48;1992;335817.91;992;j
RS;aptinc992j;p47p48;1993;216737.5;992;j
RS;aptinc992j;p47p48;1994;222012.5;992;j
RS;aptinc992j;p47p48;1995;233175.59;992;j
RS;aptinc992j;p47p48;1996;234226.41;992;j
RS;aptinc992j;p47p48;1997;247424.7;992;j
RS;aptinc992j;p47p48;1998;254695.0;992;j
RS;aptinc992j;p47p48;1999;277689.69;992;j
RS;aptinc992j;p47p48;2000;301708.31;992;j
RS;aptinc992j;p47p48;2001;300028.09;992;j
RS;aptinc992j;p47p48;2002;320431.09;992;j
RS;aptinc992j;p47p48;2003;334984.09;992;j
RS;aptinc992j;p47p48;2004;370720.69;992;j
RS;aptinc992j;p47p48;2005;406322.09;992;j
RS;aptinc992j;p47p48;2006;428442.19;992;j
RS;aptinc992j;p47p48;2007;447034.09;992;j
RS;aptinc992j;p47p48;2008;473149.81;992;j
RS;aptinc992j;p47p48;2009;462000.91;992;j
RS;aptinc992j;p47p48;2010;452024.0;992;j
RS;aptinc992j;p47p48;2011;445758.59;992;j
RS;aptinc992j;p47p48;2012;440649.19;992;j
RS;aptinc992j;p47p48;2013;460490.59;992;j
RS;aptinc992j;p47p48;2014;437097.59;992;j
RS;aptinc992j;p47p48;2015;451845.91;992;j
RS;aptinc992j;p47p48;2016;465652.09;992;j
RS;aptinc992j;p47p48;2017;468105.81;992;j
RS;aptinc992j;p99.91p100;1990;20918764.0;992;j
RS;aptinc992j;p99.91p100;1991;18716118.0;992;j
RS;aptinc992j;p99.91p100;1992;13084616.0;992;j
RS;aptinc992j;p99.91p100;1993;8735729.0;992;j
RS;aptinc992j;p99.91p100;1994;9164472.0;992;j
RS;aptinc992j;p99.91p100;1995;9951600.0;992;j
RS;aptinc992j;p99.91p100;1996;10237965.0;992;j
RS;aptinc992j;p99.91p100;1997;11088743.0;992;j
RS;aptinc992j;p99.91p100;1998;11579835.0;992;j
RS;aptinc992j;p99.91p100;1999;13611318.0;992;j
RS;aptinc992j;p99.91p100;2000;16048139.0;992;j
RS;aptinc992j;p99.91p100;2001;17168718.0;992;j
RS;aptinc992j;p99.91p100;2002;18135698.0;992;j
RS;aptinc992j;p99.91p100;2003;18655114.0;992;j
RS;aptinc992j;p99.91p100;2004;21654278.0;992;j
RS;aptinc992j;p99.91p100;2005;23533680.0;992;j
RS;aptinc992j;p99.91p100;2006;25145332.0;992;j
RS;aptinc992j;p99.91p100;2007;23977508.0;992;j
RS;aptinc992j;p99.91p100;2008;26114542.0;992;j
RS;aptinc992j;p99.91p100;2009;25420692.0;992;j
RS;aptinc992j;p99.91p100;2010;25241916.0;992;j
RS;aptinc992j;p99.91p100;2011;26680770.0;992;j
RS;aptinc992j;p99.91p100;2012;22062358.0;992;j
RS;aptinc992j;p99.91p100;2013;24008728.0;992;j
RS;aptinc992j;p99.91p100;2014;34304880.0;992;j
RS;aptinc992j;p99.91p100;2015;33419910.0;992;j
RS;aptinc992j;p99.91p100;2016;34489360.0;992;j
RS;aptinc992j;p99.91p100;2017;34733232.0;992;j
RS;aptinc992j;p99.96p100;1990;31786130.0;992;j
RS;aptinc992j;p99.96p100;1991;28560142.0;992;j
RS;aptinc992j;p99.96p100;1992;19996276.0;992;j
RS;aptinc992j;p99.96p100;1993;13403544.0;992;j
RS;aptinc992j;p99.96p100;1994;14068372.0;992;j
RS;aptinc992j;p99.96p100;1995;15330369.0;992;j
RS;aptinc992j;p99.96p100;1996;15822834.0;992;j
RS;aptinc992j;p99.96p100;1997;17200698.0;992;j
RS;aptinc992j;p99.96p100;1998;17860392.0;992;j
RS;aptinc992j;p99.96p100;1999;21201752.0;992;j
RS;aptinc992j;p99.96p100;2000;25067188.0;992;j
RS;aptinc992j;p99.96p100;2001;27087074.0;992;j
RS;aptinc992j;p99.96p100;2002;28354560.0;992;j
RS;aptinc992j;p99.96p100;2003;29016862.0;992;j
RS;aptinc992j;p99.96p100;2004;33667408.0;992;j
RS;aptinc992j;p99.96p100;2005;36206004.0;992;j
RS;aptinc992j;p99.96p100;2006;38695088.0;992;j
RS;aptinc992j;p99.96p100;2007;36610108.0;992;j
RS;aptinc992j;p99.96p100;2008;39988068.0;992;j
RS;aptinc992j;p99.96p100;2009;38746900.0;992;j
RS;aptinc992j;p99.96p100;2010;37937240.0;992;j
RS;aptinc992j;p99.96p100;2011;40308344.0;992;j
RS;aptinc992j;p99.96p100;2012;31838546.0;992;j
RS;aptinc992j;p99.96p100;2013;35364300.0;992;j
RS;aptinc992j;p99.96p100;2014;54286184.0;992;j
RS;aptinc992j;p99.96p100;2015;52946292.0;992;j
RS;aptinc992j;p99.96p100;2016;54640008.0;992;j
RS;aptinc992j;p99.96p100;2017;55017332.0;992;j
RS;bcainc992j;p51p100;1990;1.8312049;992;j
RS;bcainc992j;p51p100;1991;1.8199182;992;j
RS;bcainc992j;p51p100;1992;1.8094667;992;j
RS;bcainc992j;p51p100;1993;1.8055763;992;j
RS;bcainc992j;p51p100;1994;1.800441;992;j
RS;bcainc992j;p51p100;1995;1.7967656;992;j
RS;bcainc992j;p51p100;1996;1.7886598;992;j
RS;bcainc992j;p51p100;1997;1.77886;992;j
RS;bcainc992j;p51p100;1998;1.8154341;992;j
RS;bcainc992j;p51p100;1999;1.825964;992;j
RS;bcainc992j;p51p100;2000;1.8461431;992;j
RS;bcainc992j;p51p100;2001;1.8646851;992;j
RS;bcainc992j;p51p100;2002;1.8911594;992;j
RS;bcainc992j;p51p100;2003;1.9179385;992;j
RS;bcainc992j;p51p100;2004;1.9445288;992;j
RS;bcainc992j;p51p100;2005;2.0056648;992;j
RS;bcainc992j;p51p100;2006;2.0390761;992;j
RS;bcainc992j;p51p100;2007;2.0421655;992;j
RS;bcainc992j;p51p100;2008;2.0641997;992;j
RS;bcainc992j;p51p100;2009;2.0961001;992;j
RS;bcainc992j;p51p100;2010;2.1660614;992;j
RS;bcainc992j;p51p100;2011;2.2218506;992;j
RS;bcainc992j;p51p100;2012;2.2682605;992;j
RS;bcainc992j;p51p100;2013;2.2648919;992;j
RS;bcainc992j;p51p100;2014;2.2553949;992;j
RS;bcainc992j;p51p100;2015;2.3358154;992;j
RS;bcainc992j;p51p100;2016;2.3361731;992;j
RS;bcainc992j;p51p100;2017;2.3371756;992;j
RS;bcainc992j;p5p100;1990;8.0400724;992;j
RS;bcainc992j;p5p100;1991;7.9104967;992;j
RS;bcainc992j;p5p100;1992;7.7957063;992;j
RS;bcainc992j;p5p100;1993;7.7278357;992;j
RS;bcainc992j;p5p100;1994;7.5948458;992;j
RS;bcainc992j;p5p100;1995;7.3368917;992;j
RS;bcainc992j;p5p100;1996;7.222887;992;j
RS;bcainc992j;p5p100;1997;7.1770668;992;j
RS;bcainc992j;p5p100;1998;6.6416535;992;j
RS;bcainc992j;p5p100;1999;6.4973531;992;j
RS;bcainc992j;p5p100;2000;6.9315929;992;j
RS;bcainc992j;p5p100;2001;7.0448713;992;j
RS;bcainc992j;p5p100;2002;9.1892471;992;j
RS;bcainc992j;p5p100;2003;9.5979481;992;j
RS;bcainc992j;p5p100;2004;11.83299;992;j
RS;bcainc992j;p5p100;2005;13.964454;992;j
RS;bcainc992j;p5p100;2006;17.100817;992;j
RS;bcainc992j;p5p100;2007;20.318222;992;j
RS;bcainc992j;p5p100;2008;18.802925;992;j
RS;bcainc992j;p5p100;2009;17.645519;992;j
RS;bcainc992j;p5p100;2010;19.194197;992;j
RS;bcainc992j;p5p100;2011;22.455153;992;j
RS;bcainc992j;p5p100;2012;28.154278;992;j
RS;bcainc992j;p5p100;2013;13.818047;992;j
RS;bcainc992j;p5p100;2014;7.0016942;992;j
RS;bcainc992j;p5p100;2015;10.240612;992;j
RS;bcainc992j;p5p100;2016;10.22451;992;j
RS;bcainc992j;p5p100;2017;10.248176;992;j
RS;bcainc992j;p93p100;1990;1.6828449;992;j
RS;bcainc992j;p93p100;1991;1.6727943;992;j
RS;bcainc992j;p93p100;1992;1.6644289;992;j
RS;bcainc992j;p93p100;1993;1.664888;992;j
RS;bcainc992j;p93p100;1994;1.6643118;992;j
RS;bcainc992j;p93p100;1995;1.6648558;992;j
RS;bcainc992j;p93p100;1996;1.657073;992;j
RS;bcainc992j;p93p100;1997;1.6492537;992;j
RS;bcainc992j;p93p100;1998;1.6670446;992;j
RS;bcainc992j;p93p100;1999;1.7195449;992;j
RS;bcainc992j;p93p100;2000;1.7770234;992;j
RS;bcainc992j;p93p100;2001;1.8197348;992;j
RS;bcainc992j;p93p100;2002;1.8270906;992;j
RS;bcainc992j;p93p100;2003;1.8018806;992;j
RS;bcainc992j;p93p100;2004;1.7889662;992;j
RS;bcainc992j;p93p100;2005;1.8056978;992;j
RS;bcainc992j;p93p100;2006;1.8111845;992;j
RS;bcainc992j;p93p100;2007;1.7734097;992;j
RS;bcainc992j;p93p100;2008;1.761472;992;j
RS;bcainc992j;p93p100;2009;1.8043938;992;j
RS;bcainc992j;p93p100;2010;1.8021486;992;j
RS;bcainc992j;p93p100;2011;1.8033887;992;j
RS;bcainc992j;p93p100;2012;1.9221947;992;j
RS;bcainc992j;p93p100;2013;1.844274;992;j
RS;bcainc992j;p93p100;2014;2.0229137;992;j
RS;bcainc992j;p93p100;2015;2.2655764;992;j
RS;bcainc992j;p93p100;2016;2.265518;992;j
RS;bcainc992j;p93p100;2017;2.266418;992;j
RS;bdiinc992j;p60p100;1990;1.6659418;992;j
RS;bdiinc992j;p60p100;1991;1.6640623;992;j
RS;bdiinc992j;p60p100;1992;1.6612655;992;j
RS;bdiinc992j;p60p100;1993;1.6600524;992;j
RS;bdiinc992j;p60p100;1994;1.6576761;992;j
RS;bdiinc992j;p60p100;1995;1.6571318;992;j
RS;bdiinc992j;p60p100;1996;1.6521856;992;j
RS;bdiinc992j;p60p100;1997;1.6452253;992;j
RS;bdiinc992j;p60p100;1998;1.65956;992;j
RS;bdiinc992j;p60p100;1999;1.684346;992;j
RS;bdiinc992j;p60p100;2000;1.7126648;992;j
RS;bdiinc992j;p60p100;2001;1.7285359;992;j
RS;bdiinc992j;p60p100;2002;1.7441241;992;j
RS;bdiinc992j;p60p100;2003;1.7509416;992;j
RS;bdiinc992j;p60p100;2004;1.7875807;992;j
RS;bdiinc992j;p60p100;2005;1.8192571;992;j
RS;bdiinc992j;p60p100;2006;1.8431658;992;j
RS;bdiinc992j;p60p100;2007;1.8277804;992;j
RS;bdiinc992j;p60p100;2008;1.8389407;992;j
RS;bdiinc992j;p60p100;2009;1.8735214;992;j
RS;bdiinc992j;p60p100;2010;1.9202954;992;j
RS;bdiinc992j;p60p100;2011;1.9619162;992;j
RS;bdiinc992j;p60p100;2012;1.9867148;992;j
RS;bdiinc992j;p60p100;2013;1.9715636;992;j
RS;bdiinc992j;p60p100;2014;1.9636306;992;j
RS;bdiinc992j;p60p100;2015;2.0717058;992;j
RS;bdiinc992j;p60p100;2016;2.0871916;992;j
RS;bdiinc992j;p60p100;2017;2.0896456;992;j
RS;bdiinc992j;p80p100;1990;1.5294536;992;j
RS;bdiinc992j;p80p100;1991;1.5262721;992;j
RS;bdiinc992j;p80p100;1992;1.52494;992;j
RS;bdiinc992j;p80p100;1993;1.5261785;992;j
RS;bdiinc992j;p80p100;1994;1.5273666;992;j
RS;bdiinc992j;p80p100;1995;1.5289062;992;j
RS;bdiinc992j;p80p100;1996;1.5244582;992;j
RS;bdiinc992j;p80p100;1997;1.5202519;992;j
RS;bdiinc992j;p80p100;1998;1.5555011;992;j
RS;bdiinc992j;p80p100;1999;1.5907595;992;j
RS;bdiinc992j;p80p100;2000;1.6210414;992;j
RS;bdiinc992j;p80p100;2001;1.6511981;992;j
RS;bdiinc992j;p80p100;2002;1.6489927;992;j
RS;bdiinc992j;p80p100;2003;1.6573063;992;j
RS;bdiinc992j;p80p100;2004;1.6668583;992;j
RS;bdiinc992j;p80p100;2005;1.6917027;992;j
RS;bdiinc992j;p80p100;2006;1.7170105;992;j
RS;bdiinc992j;p80p100;2007;1.6969078;992;j
RS;bdiinc992j;p80p100;2008;1.6842479;992;j
RS;bdiinc992j;p80p100;2009;1.7196722;992;j
RS;bdiinc992j;p80p100;2010;1.7415392;992;j
RS;bdiinc992j;p80p100;2011;1.7743568;992;j
RS;bdiinc992j;p80p100;2012;1.7867845;992;j
RS;bdiinc992j;p80p100;2013;1.7388779;992;j
RS;bdiinc992j;p80p100;2014;1.8373213;992;j
RS;bdiinc992j;p80p100;2015;1.9539493;992;j
RS;bdiinc992j;p80p100;2016;1.9636661;992;j
RS;bdiinc992j;p80p100;2017;1.9655449;992;j
RS;bptinc992j;p72p100;1990;1.659152;992;j
RS;bptinc992j;p72p100;1991;1.6675297;992;j
RS;bptinc992j;p72p100;1992;1.677078;992;j
RS;bptinc992j;p72p100;1993;1.6864796;992;j
RS;bptinc992j;p72p100;1994;1.6959068;992;j
RS;bptinc992j;p72p100;1995;1.7051284;992;j
RS;bptinc992j;p72p100;1996;1.7105323;992;j
RS;bptinc992j;p72p100;1997;1.7169102;992;j
RS;bptinc992j;p72p100;1998;1.730943;992;j
RS;bptinc992j;p72p100;1999;1.7562186;992;j
RS;bptinc992j;p72p100;2000;1.7992771;992;j
RS;bptinc992j;p72p100;2001;1.8151647;992;j
RS;bptinc992j;p72p100;2002;1.8271282;992;j
RS;bptinc992j;p72p100;2003;1.8376192;992;j
RS;bptinc992j;p72p100;2004;1.8823085;992;j
RS;bptinc992j;p72p100;2005;1.912645;992;j
RS;bptinc992j;p72p100;2006;1.9227649;992;j
RS;bptinc992j;p72p100;2007;1.8833516;992;j
RS;bptinc992j;p72p100;2008;1.8918333;992;j
RS;bptinc992j;p72p100;2009;1.8999252;992;j
RS;bptinc992j;p72p100;2010;1.9567736;992;j
RS;bptinc992j;p72p100;2011;2.0028391;992;j
RS;bptinc992j;p72p100;2012;1.9602787;992;j
RS;bptinc992j;p72p100;2013;1.9414262;992;j
RS;bptinc992j;p72p100;2014;2.0196595;992;j
RS;bptinc992j;p72p100;2015;2.0075362;992;j
RS;bptinc992j;p72p100;2016;2.0090423;992;j
RS;bptinc992j;p72p100;2017;2.0091474;992;j
RS;bptinc992j;p77p100;1990;1.6102827;992;j
RS;bptinc992j;p77p100;1991;1.6213685;992;j
RS;bptinc992j;p77p100;1992;1.6305144;992;j
RS;bptinc992j;p77p100;1993;1.6405193;992;j
RS;bptinc992j;p77p100;1994;1.6503694;992;j
RS;bptinc992j;p77p100;1995;1.6589653;992;j
RS;bptinc992j;p77p100;1996;1.6651281;992;j
RS;bptinc992j;p77p100;1997;1.6707915;992;j
RS;bptinc992j;p77p100;1998;1.6901939;992;j
RS;bptinc992j;p77p100;1999;1.7210876;992;j
RS;bptinc992j;p77p100;2000;1.7594115;992;j
RS;bptinc992j;p77p100;2001;1.7782857;992;j
RS;bptinc992j;p77p100;2002;1.7834203;992;j
RS;bptinc992j;p77p100;2003;1.8029122;992;j
RS;bptinc992j;p77p100;2004;1.8299829;992;j
RS;bptinc992j;p77p100;2005;1.8673022;992;j
RS;bptinc992j;p77p100;2006;1.8718936;992;j
RS;bptinc992j;p77p100;2007;1.8175575;992;j
RS;bptinc992j;p77p100;2008;1.8293209;992;j
RS;bptinc992j;p77p100;2009;1.845921;992;j
RS;bptinc992j;p77p100;2010;1.9012957;992;j
RS;bptinc992j;p77p100;2011;1.9367245;992;j
RS;bptinc992j;p77p100;2012;1.8950149;992;j
RS;bptinc992j;p77p100;2013;1.8727472;992;j
RS;bptinc992j;p77p100;2014;1.9662493;992;j
RS;bptinc992j;p77p100;2015;1.9631565;992;j
RS;bptinc992j;p77p100;2016;1.964474;992;j
RS;bptinc992j;p77p100;2017;1.9662011;992;j
RS;bptinc992j;p97p100;1990;1.8383955;992;j
RS;bptinc992j;p97p100;1991;1.8541374;992;j
RS;bptinc992j;p97p100;1992;1.8665997;992;j
RS;bptinc992j;p97p100;1993;1.8828146;992;j
RS;bptinc992j;p97p100;1994;1.8954211;992;j
RS;bptinc992j;p97p100;1995;1.912335;992;j
RS;bptinc992j;p97p100;1996;1.9237781;992;j
RS;bptinc992j;p97p100;1997;1.9356253;992;j
RS;bptinc992j;p97p100;1998;1.9327911;992;j
RS;bptinc992j;p97p100;1999;1.9807688;992;j
RS;bptinc992j;p97p100;2000;2.0292189;992;j
RS;bptinc992j;p97p100;2001;2.0783763;992;j
RS;bptinc992j;p97p100;2002;2.0585299;992;j
RS;bptinc992j;p97p100;2003;2.0317159;992;j
RS;bptinc992j;p97p100;2004;2.0402999;992;j
RS;bptinc992j;p97p100;2005;2.0104191;992;j
RS;bptinc992j;p97p100;2006;2.0113819;992;j
RS;bptinc992j;p97p100;2007;1.9519;992;j
RS;bptinc992j;p97p100;2008;1.9610642;992;j
RS;bptinc992j;p97p100;2009;1.9477496;992;j
RS;bptinc992j;p97p100;2010;1.9369227;992;j
RS;bptinc992j;p97p100;2011;1.957919;992;j
RS;bptinc992j;p97p100;2012;1.8570569;992;j
RS;bptinc992j;p97p100;2013;1.8899543;992;j
RS;bptinc992j;p97p100;2014;2.1331809;992;j
RS;bptinc992j;p97p100;2015;2.1051154;992;j
RS;bptinc992j;p97p100;2016;2.106061;992;j
RS;bptinc992j;p97p100;2017;2.1070461;992;j
RS;bptinc992j;p99.5p100;1990;1.9857397;992;j
RS;bptinc992j;p99.5p100;1991;2.0063026;992;j
RS;bptinc992j;p99.5p100;1992;2.0163817;992;j
RS;bptinc992j;p99.5p100;1993;2.0366852;992;j
RS;bptinc992j;p99.5p100;1994;2.0434575;992;j
RS;bptinc992j;p99.5p100;1995;2.0626285;992;j
RS;bptinc992j;p99.5p100;1996;2.0789385;992;j
RS;bptinc992j;p99.5p100;1997;2.0971925;992;j
RS;bptinc992j;p99.5p100;1998;2.0750108;992;j
RS;bptinc992j;p99.5p100;1999;2.1305242;992;j
RS;bptinc992j;p99.5p100;2000;2.1594872;992;j
RS;bptinc992j;p99.5p100;2001;2.2186184;992;j
RS;bptinc992j;p99.5p100;2002;2.1737416;992;j
RS;bptinc992j;p99.5p100;2003;2.1436052;992;j
RS;bptinc992j;p99.5p100;2004;2.1449232;992;j
RS;bptinc992j;p99.5p100;2005;2.0939271;992;j
RS;bptinc992j;p99.5p100;2006;2.0951915;992;j
RS;bptinc992j;p99.5p100;2007;2.0456657;992;j
RS;bptinc992j;p99.5p100;2008;2.059263;992;j
RS;bptinc992j;p99.5p100;2009;2.0380917;992;j
RS;bptinc992j;p99.5p100;2010;1.9861447;992;j
RS;bptinc992j;p99.5p100;2011;2.0107946;992;j
RS;bptinc992j;p99.5p100;2012;1.8359487;992;j
RS;bptinc992j;p99.5p100;2013;1.9063138;992;j
RS;bptinc992j;p99.5p100;2014;2.2508965;992;j
RS;bptinc992j;p99.5p100;2015;2.2461667;992;j
RS;bptinc992j;p99.5p100;2016;2.2464554;992;j
RS;bptinc992j;p99.5p100;2017;2.2460828;992;j
RS;bptinc992j;p99.93p100;1990;2.0625589;992;j
RS;bptinc992j;p99.93p100;1991;2.0850756;992;j
RS;bptinc992j;p99.93p100;1992;2.0931742;992;j
RS;bptinc992j;p99.93p100;1993;2.1149774;992;j
RS;bptinc992j;p99.93p100;1994;2.1179054;992;j
RS;bptinc992j;p99.93p100;1995;2.1375439;992;j
RS;bptinc992j;p99.93p100;1996;2.155988;992;j
RS;bptinc992j;p99.93p100;1997;2.177181;992;j
RS;bptinc992j;p99.93p100;1998;2.1446838;992;j
RS;bptinc992j;p99.93p100;1999;2.2022431;992;j
RS;bptinc992j;p99.93p100;2000;2.2195714;992;j
RS;bptinc992j;p99.93p100;2001;2.2820821;992;j
RS;bptinc992j;p99.93p100;2002;2.2256424;992;j
RS;bptinc992j;p99.93p100;2003;2.1945899;992;j
RS;bptinc992j;p99.93p100;2004;2.1921883;992;j
RS;bptinc992j;p99.93p100;2005;2.1317394;992;j
RS;bptinc992j;p99.93p100;2006;2.1331284;992;j
RS;bptinc992j;p99.93p100;2007;2.0897262;992;j
RS;bptinc992j;p99.93p100;2008;2.1053073;992;j
RS;bptinc992j;p99.93p100;2009;2.0805464;992;j
RS;bptinc992j;p99.93p100;2010;2.0087914;992;j
RS;bptinc992j;p99.93p100;2011;2.0349159;992;j
RS;bptinc992j;p99.93p100;2012;1.8263168;992;j
RS;bptinc992j;p99.93p100;2013;1.913857;992;j
RS;bptinc992j;p99.93p100;2014;2.3021533;992;j
RS;bptinc992j;p99.93p100;2015;2.3092005;992;j
RS;bptinc992j;p99.93p100;2016;2.3091447;992;j
RS;bptinc992j;p99.93p100;2017;2.3080897;992;j
RS;mfinrx999i;p0p100;2002;15231181824.0;999;i
RS;mfinrx999i;p0p100;2003;11949410304.0;999;i
RS;mfinrx999i;p0p100;2004;12085043200.0;999;i
RS;mfinrx999i;p0p100;2005;25548687360.0;999;i
RS;mfinrx999i;p0p100;2006;41062248448.0;999;i
RS;mfinrx999i;p0p100;2007;82694725632.0;999;i
RS;mfinrx999i;p0p100;2008;86229377024.0;999;i
RS;mfinrx999i;p0p100;2009;79148466176.0;999;i
RS;mfinrx999i;p0p100;2010;74434887680.0;999;i
RS;mfinrx999i;p0p100;2011;74189479936.0;999;i
RS;mfinrx999i;p0p100;2012;101413937152.0;999;i
RS;mfinrx999i;p0p100;2013;90268459008.0;999;i
RS;mfinrx999i;p0p100;2014;96229629952.0;999;i
RS;mfinrx999i;p0p100;2015;104170201088.0;999;i
RS;mfinrx999i;p0p100;2016;90030383104.0;999;i
RS;mfinrx999i;p0p100;2017;78478303232.0;999;i
RS;mfinrx999i;p0p100;2018;73125052416.0;999;i
RS;mnsrnf999i;p0p100;1997;-346869432320.0;999;i
RS;mnsrnf999i;p0p100;1998;-24194328576.0;999;i
RS;mnsrnf999i;p0p100;1999;38637756416.0;999;i
RS;mnsrnf999i;p0p100;2000;159101452288.0;999;i
RS;mnsrnf999i;p0p100;2001;-67394641920.0;999;i
RS;mnsrnf999i;p0p100;2002;-135364681728.0;999;i
RS;mnsrnf999i;p0p100;2003;-167361560576.0;999;i
RS;mnsrnf999i;p0p100;2004;80093569024.0;999;i
RS;mnsrnf999i;p0p100;2005;224998096896.0;999;i
RS;mnsrnf999i;p0p100;2006;223448170496.0;999;i
RS;mnsrnf999i;p0p100;2007;189768400896.0;999;i
RS;mnsrnf999i;p0p100;2008;233725345792.0;999;i
RS;mnsrnf999i;p0p100;2009;184957353984.0;999;i
RS;mnsrnf999i;p0p100;2010;247359045632.0;999;i
RS;mnsrnf999i;p0p100;2011;379827191808.0;999;i
RS;mptfon999i;p0p100;2007;-41440980992.0;999;i
RS;mptfon999i;p0p100;2008;-57067986944.0;999;i
RS;mptfon999i;p0p100;2009;-61937422336.0;999;i
RS;mptfon999i;p0p100;2010;-68915011584.0;999;i
RS;mptfon999i;p0p100;2011;-70459293696.0;999;i
RS;mptfon999i;p0p100;2012;-72654495744.0;999;i
RS;mptfon999i;p0p100;2013;-87262011392.0;999;i
RS;mptfon999i;p0p100;2014;-94994776064.0;999;i
RS;mptfon999i;p0p100;2015;-108026388480.0;999;i
RS;mptfon999i;p0p100;2016;-102320463872.0;999;i
RS;mptfon999i;p0p100;2017;-79726977024.0;999;i
RS;mptfon999i;p0p100;2018;-59382489088.0;999;i
RS;mssbnp999i;p0p100;1997;0.0;999;i
RS;mssbnp999i;p0p100;1998;0.0;999;i
RS;mssbnp999i;p0p100;1999;0.0;999;i
RS;mssbnp999i;p0p100;2000;0.0;999;i
RS;mssbnp999i;p0p100;2001;0.0;999;i
RS;mssbnp999i;p0p100;2002;0.0;999;i
RS;mssbnp999i;p0p100;2003;0.0;999;i
RS;mssbnp999i;p0p100;2004;0.0;999;i
RS;mssbnp999i;p0p100;2005;0.0;999;i
RS;mssbnp999i;p0p100;2006;0.0;999;i
RS;mssbnp999i;p0p100;2007;0.0;999;i
RS;mssbnp999i;p0p100;2008;0.0;999;i
RS;mssbnp999i;p0p100;2009;0.0;999;i
RS;mssbnp999i;p0p100;2010;0.0;999;i
RS;mssbnp999i;p0p100;2011;0.0;999;i
RS;mtiwho999i;p0p100;1997;109174505472.0;999;i
RS;mtiwho999i;p0p100;1998;90598064128.0;999;i
RS;mtiwho999i;p0p100;1999;52345409536.0;999;i
RS;mtiwho999i;p0p100;2000;54824087552.0;999;i
RS;mtiwho999i;p0p100;2001;137587982336.0;999;i
RS;mtiwho999i;p0p100;2002;184509251584.0;999;i
RS;mtiwho999i;p0p100;2003;160191086592.0;999;i
RS;mtiwho999i;p0p100;2004;187429273600.0;999;i
RS;mtiwho999i;p0p100;2005;193766146048.0;999;i
RS;mtiwho999i;p0p100;2006;219498201088.0;999;i
RS;mtiwho999i;p0p100;2007;199521075200.0;999;i
RS;mtiwho999i;p0p100;2008;217081757696.0;999;i
RS;mtiwho999i;p0p100;2009;169681797120.0;999;i
RS;mtiwho999i;p0p100;2010;158371332096.0;999;i
RS;mtiwho999i;p0p100;2011;211791331328.0;999;i
RS;npopul901m;p0p100;1950;2040.0;901;m
RS;npopul901m;p0p100;1951;2281.0;901;m
RS;npopul901m;p0p100;1952;2402.0;901;m
RS;npopul901m;p0p100;1953;2364.0;901;m
RS;npopul901m;p0p100;1954;2094.0;901;m
RS;npopul901m;p0p100;1955;1533.0;901;m
RS;npopul901m;p0p100;1956;1706.0;901;m
RS;npopul901m;p0p100;1957;1781.0;901;m
RS;npopul901m;p0p100;1958;1803.0;901;m
RS;npopul901m;p0p100;1959;1718.0;901;m
RS;npopul901m;p0p100;1960;1460.0;901;m
RS;npopul901m;p0p100;1961;1849.0;901;m
RS;npopul901m;p0p100;1962;2155.0;901;m
RS;npopul901m;p0p100;1963;2334.0;901;m
RS;npopul901m;p0p100;1964;2291.0;901;m
RS;npopul901m;p0p100;1965;1961.0;901;m
RS;npopul901m;p0p100;1966;2264.0;901;m
RS;npopul901m;p0p100;1967;2442.0;901;m
RS;npopul901m;p0p100;1968;2509.0;901;m
RS;npopul901m;p0p100;1969;2394.0;901;m
RS;npopul901m;p0p100;1970;2050.0;901;m
RS;npopul901m;p0p100;1971;2374.0;901;m
RS;npopul901m;p0p100;1972;2569.0;901;m
RS;npopul901m;p0p100;1973;2652.0;901;m
RS;npopul901m;p0p100;1974;2558.0;901;m
RS;npopul901m;p0p100;1975;2240.0;901;m
RS;npopul901m;p0p100;1976;2659.0;901;m
RS;npopul901m;p0p100;1977;2987.0;901;m
RS;npopul901m;p0p100;1978;3116.0;901;m
RS;npopul901m;p0p100;1979;2937.0;901;m
RS;npopul901m;p0p100;1980;2395.0;901;m
RS;npopul901m;p0p100;1981;2541.0;901;m
RS;npopul901m;p0p100;1982;2581.0;901;m
RS;npopul901m;p0p100;1983;2612.0;901;m
RS;npopul901m;p0p100;1984;2572.0;901;m
RS;npopul901m;p0p100;1985;2381.0;901;m
RS;npopul901m;p0p100;1986;3026.0;901;m
RS;npopul901m;p0p100;1987;3565.0;901;m
RS;npopul901m;p0p100;1988;3944.0;901;m
RS;npopul901m;p0p100;1989;3973.0;901;m
RS;npopul901m;p0p100;1990;3514.0;901;m
RS;npopul901m;p0p100;1991;4190.0;901;m
RS;npopul901m;p0p100;1992;4595.0;901;m
RS;npopul901m;p0p100;1993;4818.0;901;m
RS;npopul901m;p0p100;1994;4716.0;901;m
RS;npopul901m;p0p100;1995;4214.0;901;m
RS;npopul901m;p0p100;1996;5177.0;901;m
RS;npopul901m;p0p100;1997;5800.0;901;m
RS;npopul901m;p0p100;1998;6022.0;901;m
RS;npopul901m;p0p100;1999;4477.0;901;m
RS;npopul901m;p0p100;2000;3760.0;901;m
RS;npopul901m;p0p100;2001;4229.0;901;m
RS;npopul901m;p0p100;2002;4506.0;901;m
RS;npopul901m;p0p100;2003;4447.0;901;m
RS;npopul901m;p0p100;2004;3969.0;901;m
RS;npopul901m;p0p100;2005;3115.0;901;m
RS;npopul901m;p0p100;2006;3108.0;901;m
RS;npopul901m;p0p100;2007;2976.0;901;m
RS;npopul901m;p0p100;2008;2887.0;901;m
RS;npopul901m;p0p100;2009;2789.0;901;m
RS;npopul901m;p0p100;2010;2614.0;901;m
RS;npopul901m;p0p100;2011;3461.0;901;m
RS;npopul901m;p0p100;2012;4204.0;901;m
RS;npopul901m;p0p100;2013;4827.0;901;m
RS;npopul901m;p0p100;2014;5069.0;901;m
RS;npopul901m;p0p100;2015;4851.0;901;m
RS;npopul901m;p0p100;2016;6252.0;901;m
RS;npopul901m;p0p100;2017;7302.0;901;m
RS;npopul901m;p0p100;2018;8005.0;901;m
RS;npopul901m;p0p100;2019;8088.0;901;m
RS;npopul992m;p0p100;1950;1964850.0;992;m
RS;npopul992m;p0p100;1951;2007332.0;992;m
RS;npopul992m;p0p100;1952;2052076.0;992;m
RS;npopul992m;p0p100;1953;2093169.0;992;m
RS;npopul992m;p0p100;1954;2130665.0;992;m
RS;npopul992m;p0p100;1955;2166021.0;992;m
RS;npopul992m;p0p100;1956;2200825.0;992;m
RS;npopul992m;p0p100;1957;2233086.0;992;m
RS;npopul992m;p0p100;1958;2262295.0;992;m
RS;npopul992m;p0p100;1959;2287299.0;992;m
RS;npopul992m;p0p100;1960;2307786.0;992;m
RS;npopul992m;p0p100;1961;2330093.0;992;m
RS;npopul992m;p0p100;1962;2343779.0;992;m
RS;npopul992m;p0p100;1963;2354617.0;992;m
RS;npopul992m;p0p100;1964;2369886.0;992;m
RS;npopul992m;p0p100;1965;2393298.0;992;m
RS;npopul992m;p0p100;1966;2415442.0;992;m
RS;npopul992m;p0p100;1967;2447218.0;992;m
RS;npopul992m;p0p100;1968;2486115.0;992;m
RS;npopul992m;p0p100;1969;2527833.0;992;m
RS;npopul992m;p0p100;1970;2570073.0;992;m
RS;npopul992m;p0p100;1971;2614445.0;992;m
RS;npopul992m;p0p100;1972;2660565.0;992;m
RS;npopul992m;p0p100;1973;2706560.0;992;m
RS;npopul992m;p0p100;1974;2750744.0;992;m
RS;npopul992m;p0p100;1975;2791755.0;992;m
RS;npopul992m;p0p100;1976;2827218.0;992;m
RS;npopul992m;p0p100;1977;2859019.0;992;m
RS;npopul992m;p0p100;1978;2887941.0;992;m
RS;npopul992m;p0p100;1979;2915491.0;992;m
RS;npopul992m;p0p100;1980;2942777.0;992;m
RS;npopul992m;p0p100;1981;2968185.0;992;m
RS;npopul992m;p0p100;1982;2993859.0;992;m
RS;npopul992m;p0p100;1983;3019183.0;992;m
RS;npopul992m;p0p100;1984;3043101.0;992;m
RS;npopul992m;p0p100;1985;3065153.0;992;m
RS;npopul992m;p0p100;1986;3084930.0;992;m
RS;npopul992m;p0p100;1987;3101467.0;992;m
RS;npopul992m;p0p100;1988;3118133.0;992;m
RS;npopul992m;p0p100;1989;3139537.0;992;m
RS;npopul992m;p0p100;1990;3168156.0;992;m
RS;npopul992m;p0p100;1991;3203770.0;992;m
RS;npopul992m;p0p100;1992;3248007.0;992;m
RS;npopul992m;p0p100;1993;3294066.0;992;m
RS;npopul992m;p0p100;1994;3332337.0;992;m
RS;npopul992m;p0p100;1995;3356534.0;992;m
RS;npopul992m;p0p100;1996;3372978.0;992;m
RS;npopul992m;p0p100;1997;3370581.0;992;m
RS;npopul992m;p0p100;1998;3354824.0;992;m
RS;npopul992m;p0p100;1999;2624202.0;992;m
RS;npopul992m;p0p100;2000;2626488.0;992;m
RS;npopul992m;p0p100;2001;2630997.0;992;m
RS;npopul992m;p0p100;2002;2638644.0;992;m
RS;npopul992m;p0p100;2003;2641148.0;992;m
RS;npopul992m;p0p100;2004;2645551.0;992;m
RS;npopul992m;p0p100;2005;2649656.0;992;m
RS;npopul992m;p0p100;2006;2653821.0;992;m
RS;npopul992m;p0p100;2007;2659564.0;992;m
RS;npopul992m;p0p100;2008;2665397.0;992;m
RS;npopul992m;p0p100;2009;2671084.0;992;m
RS;npopul992m;p0p100;2010;2675165.0;992;m
RS;npopul992m;p0p100;2011;2670512.0;992;m
RS;npopul992m;p0p100;2012;2672007.0;992;m
RS;npopul992m;p0p100;2013;2672161.0;992;m
RS;npopul992m;p0p100;2014;2670864.0;992;m
RS;npopul992m;p0p100;2015;2667364.0;992;m
RS;npopul992m;p0p100;2016;2661030.0;992;m
RS;npopul992m;p0p100;2017;2659816.0;992;m
RS;npopul992m;p0p100;2018;2656296.0;992;m
RS;npopul992m;p0p100;2019;2652078.0;992;m
RS;scainc992j;p20p30;1990;0.0458;992;j
RS;scainc992j;p20p30;1991;0.046500001;992;j
RS;scainc992j;p20p30;1992;0.047200002;992;j
RS;scainc992j;p20p30;1993;0.047899999;992;j
RS;scainc992j;p20p30;1994;0.048599999;992;j
RS;scainc992j;p20p30;1995;0.0493;992;j
RS;scainc992j;p20p30;1996;0.050099999;992;j
RS;scainc992j;p20p30;1997;0.050900001;992;j
RS;scainc992j;p20p30;1998;0.052000001;992;j
RS;scainc992j;p20p30;1999;0.051600002;992;j
RS;scainc992j;p20p30;2000;0.051600002;992;j
RS;scainc992j;p20p30;2001;0.0517;992;j
RS;scainc992j;p20p30;2002;0.049600001;992;j
RS;scainc992j;p20p30;2003;0.0484;992;j
RS;scainc992j;p20p30;2004;0.045899998;992;j
RS;scainc992j;p20p30;2005;0.045000002;992;j
RS;scainc992j;p20p30;2006;0.0425;992;j
RS;scainc992j;p20p30;2007;0.041999999;992;j
RS;scainc992j;p20p30;2008;0.0405;992;j
RS;scainc992j;p20p30;2009;0.0381;992;j
RS;scainc992j;p20p30;2010;0.034899998;992;j
RS;scainc992j;p20p30;2011;0.031800002;992;j
RS;scainc992j;p20p30;2012;0.032699998;992;j
RS;scainc992j;p20p30;2013;0.0277;992;j
RS;scainc992j;p20p30;2014;0.032299999;992;j
RS;scainc992j;p20p30;2015;0.0286;992;j
RS;scainc992j;p20p30;2016;0.0286;992;j
RS;scainc992j;p20p30;2017;0.0286;992;j
RS;scainc992j;p69p70;1990;0.0116;992;j
RS;scainc992j;p69p70;1991;0.0117;992;j
RS;scainc992j;p69p70;1992;0.0117;992;j
RS;scainc992j;p69p70;1993;0.0116;992;j
RS;scainc992j;p69p70;1994;0.0116;992;j
RS;scainc992j;p69p70;1995;0.0116;992;j
RS;scainc992j;p69p70;1996;0.0116;992;j
RS;scainc992j;p69p70;1997;0.0116;992;j
RS;scainc992j;p69p70;1998;0.0115;992;j
RS;scainc992j;p69p70;1999;0.0113;992;j
RS;scainc992j;p69p70;2000;0.0112;992;j
RS;scainc992j;p69p70;2001;0.0111;992;j
RS;scainc992j;p69p70;2002;0.0112;992;j
RS;scainc992j;p69p70;2003;0.0112;992;j
RS;scainc992j;p69p70;2004;0.0113;992;j
RS;scainc992j;p69p70;2005;0.0112;992;j
RS;scainc992j;p69p70;2006;0.0112;992;j
RS;scainc992j;p69p70;2007;0.0113;992;j
RS;scainc992j;p69p70;2008;0.0114;992;j
RS;scainc992j;p69p70;2009;0.0113;992;j
RS;scainc992j;p69p70;2010;0.0113;992;j
RS;scainc992j;p69p70;2011;0.0112;992;j
RS;scainc992j;p69p70;2012;0.0112;992;j
RS;scainc992j;p69p70;2013;0.0115;992;j
RS;scainc992j;p69p70;2014;0.011;992;j
RS;scainc992j;p69p70;2015;0.0106;992;j
RS;scainc992j;p69p70;2016;0.0106;992;j
RS;scainc992j;p69p70;2017;0.0106;992;j
RS;scainc992j;p83p100;1990;0.3998;992;j
RS;scainc992j;p83p100;1991;0.39789999;992;j
RS;scainc992j;p83p100;1992;0.3964;992;j
RS;scainc992j;p83p100;1993;0.39539999;992;j
RS;scainc992j;p83p100;1994;0.39430001;992;j
RS;scainc992j;p83p100;1995;0.3933;992;j
RS;scainc992j;p83p100;1996;0.39120001;992;j
RS;scainc992j;p83p100;1997;0.3892;992;j
RS;scainc992j;p83p100;1998;0.3917;992;j
RS;scainc992j;p83p100;1999;0.39610001;992;j
RS;scainc992j;p83p100;2000;0.403;992;j
RS;scainc992j;p83p100;2001;0.4073;992;j
RS;scainc992j;p83p100;2002;0.41549999;992;j
RS;scainc992j;p83p100;2003;0.41839999;992;j
RS;scainc992j;p83p100;2004;0.4271;992;j
RS;scainc992j;p83p100;2005;0.435;992;j
RS;scainc992j;p83p100;2006;0.44350001;992;j
RS;scainc992j;p83p100;2007;0.4438;992;j
RS;scainc992j;p83p100;2008;0.44670001;992;j
RS;scainc992j;p83p100;2009;0.45370001;992;j
RS;scainc992j;p83p100;2010;0.46520001;992;j
RS;scainc992j;p83p100;2011;0.47530001;992;j
RS;scainc992j;p83p100;2012;0.48050001;992;j
RS;scainc992j;p83p100;2013;0.477;992;j
RS;scainc992j;p83p100;2014;0.47299999;992;j
RS;scainc992j;p83p100;2015;0.49880001;992;j
RS;scainc992j;p83p100;2016;0.49880001;992;j
RS;scainc992j;p83p100;2017;0.49900001;992;j
RS;scainc992j;p92p100;1990;0.2499;992;j
RS;scainc992j;p92p100;1991;0.2485;992;j
RS;scainc992j;p92p100;1992;0.2475;992;j
RS;scainc992j;p92p100;1993;0.2472;992;j
RS;scainc992j;p92p100;1994;0.2467;992;j
RS;scainc992j;p92p100;1995;0.2464;992;j
RS;scainc992j;p92p100;1996;0.2449;992;j
RS;scainc992j;p92p100;1997;0.24339999;992;j
RS;scainc992j;p92p100;1998;0.2465;992;j
RS;scainc992j;p92p100;1999;0.25229999;992;j
RS;scainc992j;p92p100;2000;0.2606;992;j
RS;scainc992j;p92p100;2001;0.26589999;992;j
RS;scainc992j;p92p100;2002;0.2721;992;j
RS;scainc992j;p92p100;2003;0.27239999;992;j
RS;scainc992j;p92p100;2004;0.27759999;992;j
RS;scainc992j;p92p100;2005;0.28400001;992;j
RS;scainc992j;p92p100;2006;0.29049999;992;j
RS;scainc992j;p92p100;2007;0.28839999;992;j
RS;scainc992j;p92p100;2008;0.2902;992;j
RS;scainc992j;p92p100;2009;0.2965;992;j
RS;scainc992j;p92p100;2010;0.30540001;992;j
RS;scainc992j;p92p100;2011;0.31279999;992;j
RS;scainc992j;p92p100;2012;0.32049999;992;j
RS;scainc992j;p92p100;2013;0.3141;992;j
RS;scainc992j;p92p100;2014;0.31990001;992;j
RS;scainc992j;p92p100;2015;0.34869999;992;j
RS;scainc992j;p92p100;2016;0.34869999;992;j
RS;scainc992j;p92p100;2017;0.34889999;992;j
RS;sdiinc992j;p36p37;1990;0.0066999998;992;j
RS;sdiinc992j;p36p37;1991;0.0066999998;992;j
RS;sdiinc992j;p36p37;1992;0.0068000001;992;j
RS;sdiinc992j;p36p37;1993;0.0068000001;992;j
RS;sdiinc992j;p36p37;1994;0.0068000001;992;j
RS;sdiinc992j;p36p37;1995;0.0068000001;992;j
RS;sdiinc992j;p36p37;1996;0.0068999999;992;j
RS;sdiinc992j;p36p37;1997;0.0068999999;992;j
RS;sdiinc992j;p36p37;1998;0.0066999998;992;j
RS;sdiinc992j;p36p37;1999;0.0066;992;j
RS;sdiinc992j;p36p37;2000;0.0066;992;j
RS;sdiinc992j;p36p37;2001;0.0066;992;j
RS;sdiinc992j;p36p37;2002;0.0065000001;992;j
RS;sdiinc992j;p36p37;2003;0.0065000001;992;j
RS;sdiinc992j;p36p37;2004;0.0063999998;992;j
RS;sdiinc992j;p36p37;2005;0.0062000002;992;j
RS;sdiinc992j;p36p37;2006;0.0060999999;992;j
RS;sdiinc992j;p36p37;2007;0.0060999999;992;j
RS;sdiinc992j;p36p37;2008;0.0060000001;992;j
RS;sdiinc992j;p36p37;2009;0.0060000001;992;j
RS;sdiinc992j;p36p37;2010;0.0057999999;992;j
RS;sdiinc992j;p36p37;2011;0.0057000001;992;j
RS;sdiinc992j;p36p37;2012;0.0055999998;992;j
RS;sdiinc992j;p36p37;2013;0.0054000001;992;j
RS;sdiinc992j;p36p37;2014;0.0055;992;j
RS;sdiinc992j;p36p37;2015;0.0054000001;992;j
RS;sdiinc992j;p36p37;2016;0.0052999998;992;j
RS;sdiinc992j;p36p37;2017;0.0052999998;992;j
RS;sdiinc992j;p38p100;1990;0.84570003;992;j
RS;sdiinc992j;p38p100;1991;0.84439999;992;j
RS;sdiinc992j;p38p100;1992;0.84299999;992;j
RS;sdiinc992j;p38p100;1993;0.84170002;992;j
RS;sdiinc992j;p38p100;1994;0.84039998;992;j
RS;sdiinc992j;p38p100;1995;0.83899999;992;j
RS;sdiinc992j;p38p100;1996;0.83740002;992;j
RS;sdiinc992j;p38p100;1997;0.8355;992;j
RS;sdiinc992j;p38p100;1998;0.83450001;992;j
RS;sdiinc992j;p38p100;1999;0.8369;992;j
RS;sdiinc992j;p38p100;2000;0.83719999;992;j
RS;sdiinc992j;p38p100;2001;0.83759999;992;j
RS;sdiinc992j;p38p100;2002;0.84500003;992;j
RS;sdiinc992j;p38p100;2003;0.84719998;992;j
RS;sdiinc992j;p38p100;2004;0.85600001;992;j
RS;sdiinc992j;p38p100;2005;0.85960001;992;j
RS;sdiinc992j;p38p100;2006;0.86629999;992;j
RS;sdiinc992j;p38p100;2007;0.8678;992;j
RS;sdiinc992j;p38p100;2008;0.87080002;992;j
RS;sdiinc992j;p38p100;2009;0.87449998;992;j
RS;sdiinc992j;p38p100;2010;0.88160002;992;j
RS;sdiinc992j;p38p100;2011;0.8897;992;j
RS;sdiinc992j;p38p100;2012;0.89039999;992;j
RS;sdiinc992j;p38p100;2013;0.89319998;992;j
RS;sdiinc992j;p38p100;2014;0.87459999;992;j
RS;sdiinc992j;p38p100;2015;0.88770002;992;j
RS;sdiinc992j;p38p100;2016;0.89099997;992;j
RS;sdiinc992j;p38p100;2017;0.8915;992;j
RS;sdiinc992j;p66p100;1990;0.5995;992;j
RS;sdiinc992j;p66p100;1991;0.5977;992;j
RS;sdiinc992j;p66p100;1992;0.59600002;992;j
RS;sdiinc992j;p66p100;1993;0.59460002;992;j
RS;sdiinc992j;p66p100;1994;0.59310001;992;j
RS;sdiinc992j;p66p100;1995;0.59170002;992;j
RS;sdiinc992j;p66p100;1996;0.58960003;992;j
RS;sdiinc992j;p66p100;1997;0.58719999;992;j
RS;sdiinc992j;p66p100;1998;0.59030002;992;j
RS;sdiinc992j;p66p100;1999;0.59490001;992;j
RS;sdiinc992j;p66p100;2000;0.59710002;992;j
RS;sdiinc992j;p66p100;2001;0.5988;992;j
RS;sdiinc992j;p66p100;2002;0.6063;992;j
RS;sdiinc992j;p66p100;2003;0.60930002;992;j
RS;sdiinc992j;p66p100;2004;0.61949998;992;j
RS;sdiinc992j;p66p100;2005;0.62650001;992;j
RS;sdiinc992j;p66p100;2006;0.63450003;992;j
RS;sdiinc992j;p66p100;2007;0.63489997;992;j
RS;sdiinc992j;p66p100;2008;0.63870001;992;j
RS;sdiinc992j;p66p100;2009;0.64469999;992;j
RS;sdiinc992j;p66p100;2010;0.65530002;992;j
RS;sdiinc992j;p66p100;2011;0.66589999;992;j
RS;sdiinc992j;p66p100;2012;0.66890001;992;j
RS;sdiinc992j;p66p100;2013;0.67110002;992;j
RS;sdiinc992j;p66p100;2014;0.65600002;992;j
RS;sdiinc992j;p66p100;2015;0.67339998;992;j
RS;sdiinc992j;p66p100;2016;0.67769998;992;j
RS;sdiinc992j;p66p100;2017;0.67820001;992;j
RS;sdiinc992j;p73p74;1990;0.0124;992;j
RS;sdiinc992j;p73p74;1991;0.0124;992;j
RS;sdiinc992j;p73p74;1992;0.0124;992;j
RS;sdiinc992j;p73p74;1993;0.0124;992;j
RS;sdiinc992j;p73p74;1994;0.0124;992;j
RS;sdiinc992j;p73p74;1995;0.0123;992;j
RS;sdiinc992j;p73p74;1996;0.0123;992;j
RS;sdiinc992j;p73p74;1997;0.0123;992;j
RS;sdiinc992j;p73p74;1998;0.0123;992;j
RS;sdiinc992j;p73p74;1999;0.0121;992;j
RS;sdiinc992j;p73p74;2000;0.012;992;j
RS;sdiinc992j;p73p74;2001;0.0119;992;j
RS;sdiinc992j;p73p74;2002;0.012;992;j
RS;sdiinc992j;p73p74;2003;0.012;992;j
RS;sdiinc992j;p73p74;2004;0.0121;992;j
RS;sdiinc992j;p73p74;2005;0.012;992;j
RS;sdiinc992j;p73p74;2006;0.012;992;j
RS;sdiinc992j;p73p74;2007;0.0122;992;j
RS;sdiinc992j;p73p74;2008;0.0122;992;j
RS;sdiinc992j;p73p74;2009;0.0121;992;j
RS;sdiinc992j;p73p74;2010;0.0121;992;j
RS;sdiinc992j;p73p74;2011;0.0121;992;j
RS;sdiinc992j;p73p74;2012;0.0121;992;j
RS;sdiinc992j;p73p74;2013;0.0124;992;j
RS;sdiinc992j;p73p74;2014;0.0118;992;j
RS;sdiinc992j;p73p74;2015;0.0114;992;j
RS;sdiinc992j;p73p74;2016;0.0115;992;j
RS;sdiinc992j;p73p74;2017;0.0115;992;j
RS;sdiinc992j;p98p100;1990;0.1072;992;j
RS;sdiinc992j;p98p100;1991;0.1058;992;j
RS;sdiinc992j;p98p100;1992;0.1046;992;j
RS;sdiinc992j;p98p100;1993;0.1041;992;j
RS;sdiinc992j;p98p100;1994;0.1037;992;j
RS;sdiinc992j;p98p100;1995;0.1034;992;j
RS;sdiinc992j;p98p100;1996;0.1023;992;j
RS;sdiinc992j;p98p100;1997;0.101;992;j
RS;sdiinc992j;p98p100;1998;0.1043;992;j
RS;sdiinc992j;p98p100;1999;0.111;992;j
RS;sdiinc992j;p98p100;2000;0.1161;992;j
RS;sdiinc992j;p98p100;2001;0.1207;992;j
RS;sdiinc992j;p98p100;2002;0.122;992;j
RS;sdiinc992j;p98p100;2003;0.1212;992;j
RS;sdiinc992j;p98p100;2004;0.123;992;j
RS;sdiinc992j;p98p100;2005;0.12710001;992;j
RS;sdiinc992j;p98p100;2006;0.12909999;992;j
RS;sdiinc992j;p98p100;2007;0.1248;992;j
RS;sdiinc992j;p98p100;2008;0.1239;992;j
RS;sdiinc992j;p98p100;2009;0.1301;992;j
RS;sdiinc992j;p98p100;2010;0.1329;992;j
RS;sdiinc992j;p98p100;2011;0.13609999;992;j
RS;sdiinc992j;p98p100;2012;0.1478;992;j
RS;sdiinc992j;p98p100;2013;0.1393;992;j
RS;sdiinc992j;p98p100;2014;0.1552;992;j
RS;sdiinc992j;p98p100;2015;0.1829;992;j
RS;sdiinc992j;p98p100;2016;0.185;992;j
RS;sdiinc992j;p98p100;2017;0.18529999;992;j
RS;sptinc992j;p40p100;1990;0.8581;992;j
RS;sptinc992j;p40p100;1991;0.85839999;992;j
RS;sptinc992j;p40p100;1992;0.85860002;992;j
RS;sptinc992j;p40p100;1993;0.85879999;992;j
RS;sptinc992j;p40p100;1994;0.85909998;992;j
RS;sptinc992j;p40p100;1995;0.85930002;992;j
RS;sptinc992j;p40p100;1996;0.85939997;992;j
RS;sptinc992j;p40p100;1997;0.85949999;992;j
RS;sptinc992j;p40p100;1998;0.8563;992;j
RS;sptinc992j;p40p100;1999;0.85640001;992;j
RS;sptinc992j;p40p100;2000;0.85869998;992;j
RS;sptinc992j;p40p100;2001;0.85890001;992;j
RS;sptinc992j;p40p100;2002;0.86699998;992;j
RS;sptinc992j;p40p100;2003;0.87040001;992;j
RS;sptinc992j;p40p100;2004;0.87669998;992;j
RS;sptinc992j;p40p100;2005;0.88239998;992;j
RS;sptinc992j;p40p100;2006;0.88880002;992;j
RS;sptinc992j;p40p100;2007;0.89160001;992;j
RS;sptinc992j;p40p100;2008;0.89789999;992;j
RS;sptinc992j;p40p100;2009;0.9023;992;j
RS;sptinc992j;p40p100;2010;0.90750003;992;j
RS;sptinc992j;p40p100;2011;0.9152;992;j
RS;sptinc992j;p40p100;2012;0.91759998;992;j
RS;sptinc992j;p40p100;2013;0.91900003;992;j
RS;sptinc992j;p40p100;2014;0.92220002;992;j
RS;sptinc992j;p40p100;2015;0.91799998;992;j
RS;sptinc992j;p40p100;2016;0.91790003;992;j
RS;sptinc992j;p40p100;2017;0.9181;992;j
RS;sptinc992j;p67p100;1990;0.62300003;992;j
RS;sptinc992j;p67p100;1991;0.6243;992;j
RS;sptinc992j;p67p100;1992;0.62550002;992;j
RS;sptinc992j;p67p100;1993;0.62669998;992;j
RS;sptinc992j;p67p100;1994;0.6279;992;j
RS;sptinc992j;p67p100;1995;0.62919998;992;j
RS;sptinc992j;p67p100;1996;0.62989998;992;j
RS;sptinc992j;p67p100;1997;0.63080001;992;j
RS;sptinc992j;p67p100;1998;0.63020003;992;j
RS;sptinc992j;p67p100;1999;0.63129997;992;j
RS;sptinc992j;p67p100;2000;0.63660002;992;j
RS;sptinc992j;p67p100;2001;0.63849998;992;j
RS;sptinc992j;p67p100;2002;0.64700001;992;j
RS;sptinc992j;p67p100;2003;0.65100002;992;j
RS;sptinc992j;p67p100;2004;0.66049999;992;j
RS;sptinc992j;p67p100;2005;0.6688;992;j
RS;sptinc992j;p67p100;2006;0.67519999;992;j
RS;sptinc992j;p67p100;2007;0.676;992;j
RS;sptinc992j;p67p100;2008;0.68239999;992;j
RS;sptinc992j;p67p100;2009;0.68730003;992;j
RS;sptinc992j;p67p100;2010;0.6965;992;j
RS;sptinc992j;p67p100;2011;0.70709997;992;j
RS;sptinc992j;p67p100;2012;0.70899999;992;j
RS;sptinc992j;p67p100;2013;0.7069;992;j
RS;sptinc992j;p67p100;2014;0.71609998;992;j
RS;sptinc992j;p67p100;2015;0.70789999;992;j
RS;sptinc992j;p67p100;2016;0.70789999;992;j
RS;sptinc992j;p67p100;2017;0.70819998;992;j
RS;sptinc992j;p81p82;1990;0.0147;992;j
RS;sptinc992j;p81p82;1991;0.0146;992;j
RS;sptinc992j;p81p82;1992;0.0146;992;j
RS;sptinc992j;p81p82;1993;0.0146;992;j
RS;sptinc992j;p81p82;1994;0.0145;992;j
RS;sptinc992j;p81p82;1995;0.0145;992;j
RS;sptinc992j;p81p82;1996;0.0144;992;j
RS;sptinc992j;p81p82;1997;0.0144;992;j
RS;sptinc992j;p81p82;1998;0.0142;992;j
RS;sptinc992j;p81p82;1999;0.0141;992;j
RS;sptinc992j;p81p82;2000;0.014;992;j
RS;sptinc992j;p81p82;2001;0.0138;992;j
RS;sptinc992j;p81p82;2002;0.0141;992;j
RS;sptinc992j;p81p82;2003;0.0141;992;j
RS;sptinc992j;p81p82;2004;0.0141;992;j
RS;sptinc992j;p81p82;2005;0.0142;992;j
RS;sptinc992j;p81p82;2006;0.0143;992;j
RS;sptinc992j;p81p82;2007;0.0146;992;j
RS;sptinc992j;p81p82;2008;0.0148;992;j
RS;sptinc992j;p81p82;2009;0.0148;992;j
RS;sptinc992j;p81p82;2010;0.0148;992;j
RS;sptinc992j;p81p82;2011;0.0148;992;j
RS;sptinc992j;p81p82;2012;0.0152;992;j
RS;sptinc992j;p81p82;2013;0.0152;992;j
RS;sptinc992j;p81p82;2014;0.0148;992;j
RS;sptinc992j;p81p82;2015;0.0146;992;j
RS;sptinc992j;p81p82;2016;0.0146;992;j
RS;sptinc992j;p81p82;2017;0.0146;992;j
RS;tcainc992j;p10p20;1990;115457.5;992;j
RS;tcainc992j;p10p20;1991;102092.5;992;j
RS;tcainc992j;p10p20;1992;71325.398;992;j
RS;tcainc992j;p10p20;1993;47144.801;992;j
RS;tcainc992j;p10p20;1994;49693.801;992;j
RS;tcainc992j;p10p20;1995;53564.602;992;j
RS;tcainc992j;p10p20;1996;55353.801;992;j
RS;tcainc992j;p10p20;1997;59743.5;992;j
RS;tcainc992j;p10p20;1998;72198.0;992;j
RS;tcainc992j;p10p20;1999;83203.102;992;j
RS;tcainc992j;p10p20;2000;87597.0;992;j
RS;tcainc992j;p10p20;2001;83722.0;992;j
RS;tcainc992j;p10p20;2002;74079.5;992;j
RS;tcainc992j;p10p20;2003;70731.297;992;j
RS;tcainc992j;p10p20;2004;69990.102;992;j
RS;tcainc992j;p10p20;2005;72664.898;992;j
RS;tcainc992j;p10p20;2006;66788.602;992;j
RS;tcainc992j;p10p20;2007;57461.699;992;j
RS;tcainc992j;p10p20;2008;56385.5;992;j
RS;tcainc992j;p10p20;2009;53383.199;992;j
RS;tcainc992j;p10p20;2010;44489.602;992;j
RS;tcainc992j;p10p20;2011;37210.199;992;j
RS;tcainc992j;p10p20;2012;32814.898;992;j
RS;tcainc992j;p10p20;2013;49256.699;992;j
RS;tcainc992j;p10p20;2014;85746.398;992;j
RS;tcainc992j;p10p20;2015;61189.898;992;j
RS;tcainc992j;p10p20;2016;63573.301;992;j
RS;tcainc992j;p10p20;2017;63493.801;992;j
RS;tcainc992j;p31p32;1990;291286.59;992;j
RS;tcainc992j;p31p32;1991;254731.5;992;j
RS;tcainc992j;p31p32;1992;175505.0;992;j
RS;tcainc992j;p31p32;1993;114659.5;992;j
RS;tcainc992j;p31p32;1994;118916.0;992;j
RS;tcainc992j;p31p32;1995;126281.3;992;j
RS;tcainc992j;p31p32;1996;128291.4;992;j
RS;tcainc992j;p31p32;1997;136760.0;992;j
RS;tcainc992j;p31p32;1998;148503.41;992;j
RS;tcainc992j;p31p32;1999;169591.59;992;j
RS;tcainc992j;p31p32;2000;182341.3;992;j
RS;tcainc992j;p31p32;2001;177530.41;992;j
RS;tcainc992j;p31p32;2002;182131.8;992;j
RS;tcainc992j;p31p32;2003;188756.8;992;j
RS;tcainc992j;p31p32;2004;219992.09;992;j
RS;tcainc992j;p31p32;2005;245899.09;992;j
RS;tcainc992j;p31p32;2006;250797.2;992;j
RS;tcainc992j;p31p32;2007;249762.3;992;j
RS;tcainc992j;p31p32;2008;261280.3;992;j
RS;tcainc992j;p31p32;2009;251935.5;992;j
RS;tcainc992j;p31p32;2010;239856.59;992;j
RS;tcainc992j;p31p32;2011;229621.8;992;j
RS;tcainc992j;p31p32;2012;226133.7;992;j
RS;tcainc992j;p31p32;2013;215037.59;992;j
RS;tcainc992j;p31p32;2014;221281.2;992;j
RS;tcainc992j;p31p32;2015;208661.5;992;j
RS;tcainc992j;p31p32;2016;216485.8;992;j
RS;tcainc992j;p31p32;2017;216472.7;992;j
RS;tcainc992j;p99.991p100;1990;21958468.0;992;j
RS;tcainc992j;p99.991p100;1991;18223358.0;992;j
RS;tcainc992j;p99.991p100;1992;11787349.0;992;j
RS;tcainc992j;p99.991p100;1993;7381442.5;992;j
RS;tcainc992j;p99.991p100;1994;7413438.0;992;j
RS;tcainc992j;p99.991p100;1995;7659793.5;992;j
RS;tcainc992j;p99.991p100;1996;7465527.0;992;j
RS;tcainc992j;p99.991p100;1997;7597910.0;992;j
RS;tcainc992j;p99.991p100;1998;8772341.0;992;j
RS;tcainc992j;p99.991p100;1999;11651770.0;992;j
RS;tcainc992j;p99.991p100;2000;13514373.0;992;j
RS;tcainc992j;p99.991p100;2001;14724094.0;992;j
RS;tcainc992j;p99.991p100;2002;14964821.0;992;j
RS;tcainc992j;p99.991p100;2003;15630283.0;992;j
RS;tcainc992j;p99.991p100;2004;18962036.0;992;j
RS;tcainc992j;p99.991p100;2005;22999000.0;992;j
RS;tcainc992j;p99.991p100;2006;23235712.0;992;j
RS;tcainc992j;p99.991p100;2007;20898522.0;992;j
RS;tcainc992j;p99.991p100;2008;20564040.0;992;j
RS;tcainc992j;p99.991p100;2009;23764530.0;992;j
RS;tcainc992j;p99.991p100;2010;23343002.0;992;j
RS;tcainc992j;p99.991p100;2011;23434316.0;992;j
RS;tcainc992j;p99.991p100;2012;32201422.0;992;j
RS;tcainc992j;p99.991p100;2013;26832054.0;992;j
RS;tcainc992j;p99.991p100;2014;41229812.0;992;j
RS;tcainc992j;p99.991p100;2015;58847044.0;992;j
RS;tcainc992j;p99.991p100;2016;61062256.0;992;j
RS;tcainc992j;p99.991p100;2017;61191488.0;992;j
RS;tdiinc992j;p14p15;1990;235973.5;992;j
RS;tdiinc992j;p14p15;1991;208577.3;992;j
RS;tdiinc992j;p14p15;1992;145255.5;992;j
RS;tdiinc992j;p14p15;1993;95748.398;992;j
RS;tdiinc992j;p14p15;1994;100272.9;992;j
RS;tdiinc992j;p14p15;1995;107471.9;992;j
RS;tdiinc992j;p14p15;1996;109986.3;992;j
RS;tdiinc992j;p14p15;1997;118439.7;992;j
RS;tdiinc992j;p14p15;1998;130897.0;992;j
RS;tdiinc992j;p14p15;1999;140654.3;992;j
RS;tdiinc992j;p14p15;2000;153198.41;992;j
RS;tdiinc992j;p14p15;2001;150504.91;992;j
RS;tdiinc992j;p14p15;2002;149003.5;992;j
RS;tdiinc992j;p14p15;2003;152142.91;992;j
RS;tdiinc992j;p14p15;2004;150323.2;992;j
RS;tdiinc992j;p14p15;2005;159495.8;992;j
RS;tdiinc992j;p14p15;2006;156130.09;992;j
RS;tdiinc992j;p14p15;2007;156323.3;992;j
RS;tdiinc992j;p14p15;2008;158725.41;992;j
RS;tdiinc992j;p14p15;2009;149644.0;992;j
RS;tdiinc992j;p14p15;2010;138334.0;992;j
RS;tdiinc992j;p14p15;2011;121581.5;992;j
RS;tdiinc992j;p14p15;2012;121056.9;992;j
RS;tdiinc992j;p14p15;2013;124123.3;992;j
RS;tdiinc992j;p14p15;2014;167135.8;992;j
RS;tdiinc992j;p14p15;2015;138625.41;992;j
RS;tdiinc992j;p14p15;2016;135869.0;992;j
RS;tdiinc992j;p14p15;2017;135804.09;992;j
RS;tdiinc992j;p46p47;1990;579789.0;992;j
RS;tdiinc992j;p46p47;1991;506329.69;992;j
RS;tdiinc992j;p46p47;1992;348601.41;992;j
RS;tdiinc992j;p46p47;1993;226879.91;992;j
RS;tdiinc992j;p46p47;1994;234286.91;992;j
RS;tdiinc992j;p46p47;1995;247792.3;992;j
RS;tdiinc992j;p46p47;1996;250951.7;992;j
RS;tdiinc992j;p46p47;1997;267267.31;992;j
RS;tdiinc992j;p46p47;1998;271334.69;992;j
RS;tdiinc992j;p46p47;1999;294166.69;992;j
RS;tdiinc992j;p46p47;2000;322129.19;992;j
RS;tdiinc992j;p46p47;2001;321127.91;992;j
RS;tdiinc992j;p46p47;2002;343745.41;992;j
RS;tdiinc992j;p46p47;2003;358710.81;992;j
RS;tdiinc992j;p46p47;2004;398244.09;992;j
RS;tdiinc992j;p46p47;2005;439322.41;992;j
RS;tdiinc992j;p46p47;2006;460243.69;992;j
RS;tdiinc992j;p46p47;2007;477576.81;992;j
RS;tdiinc992j;p46p47;2008;504251.81;992;j
RS;tdiinc992j;p46p47;2009;488992.19;992;j
RS;tdiinc992j;p46p47;2010;480245.69;992;j
RS;tdiinc992j;p46p47;2011;474590.91;992;j
RS;tdiinc992j;p46p47;2012;465965.5;992;j
RS;tdiinc992j;p46p47;2013;479241.69;992;j
RS;tdiinc992j;p46p47;2014;460880.59;992;j
RS;tdiinc992j;p46p47;2015;459338.81;992;j
RS;tdiinc992j;p46p47;2016;470755.81;992;j
RS;tdiinc992j;p46p47;2017;473250.41;992;j
RS;tdiinc992j;p54p55;1990;661354.13;992;j
RS;tdiinc992j;p54p55;1991;575332.5;992;j
RS;tdiinc992j;p54p55;1992;394554.81;992;j
RS;tdiinc992j;p54p55;1993;255926.0;992;j
RS;tdiinc992j;p54p55;1994;263529.41;992;j
RS;tdiinc992j;p54p55;1995;277985.09;992;j
RS;tdiinc992j;p54p55;1996;280658.09;992;j
RS;tdiinc992j;p54p55;1997;298092.81;992;j
RS;tdiinc992j;p54p55;1998;310277.81;992;j
RS;tdiinc992j;p54p55;1999;335680.81;992;j
RS;tdiinc992j;p54p55;2000;366906.81;992;j
RS;tdiinc992j;p54p55;2001;364895.5;992;j
RS;tdiinc992j;p54p55;2002;391520.59;992;j
RS;tdiinc992j;p54p55;2003;409465.81;992;j
RS;tdiinc992j;p54p55;2004;457784.31;992;j
RS;tdiinc992j;p54p55;2005;504899.59;992;j
RS;tdiinc992j;p54p55;2006;529607.81;992;j
RS;tdiinc992j;p54p55;2007;550157.88;992;j
RS;tdiinc992j;p54p55;2008;581813.13;992;j
RS;tdiinc992j;p54p55;2009;566223.38;992;j
RS;tdiinc992j;p54p55;2010;561103.69;992;j
RS;tdiinc992j;p54p55;2011;557635.0;992;j
RS;tdiinc992j;p54p55;2012;554372.13;992;j
RS;tdiinc992j;p54p55;2013;564120.31;992;j
RS;tdiinc992j;p54p55;2014;543799.19;992;j
RS;tdiinc992j;p54p55;2015;538092.31;992;j
RS;tdiinc992j;p54p55;2016;552650.38;992;j
RS;tdiinc992j;p54p55;2017;555638.5;992;j
RS;tdiinc992j;p60p61;1990;730224.38;992;j
RS;tdiinc992j;p60p61;1991;632887.31;992;j
RS;tdiinc992j;p60p61;1992;432860.81;992;j
RS;tdiinc992j;p60p61;1993;280191.91;992;j
RS;tdiinc992j;p60p61;1994;288208.19;992;j
RS;tdiinc992j;p60p61;1995;303490.69;992;j
RS;tdiinc992j;p60p61;1996;305796.31;992;j
RS;tdiinc992j;p60p61;1997;324212.81;992;j
RS;tdiinc992j;p60p61;1998;339567.59;992;j
RS;tdiinc992j;p60p61;1999;368600.81;992;j
RS;tdiinc992j;p60p61;2000;399374.09;992;j
RS;tdiinc992j;p60p61;2001;395856.5;992;j
RS;tdiinc992j;p60p61;2002;427031.59;992;j
RS;tdiinc992j;p60p61;2003;448905.81;992;j
RS;tdiinc992j;p60p61;2004;502434.59;992;j
RS;tdiinc992j;p60p61;2005;555725.81;992;j
RS;tdiinc992j;p60p61;2006;585852.13;992;j
RS;tdiinc992j;p60p61;2007;610287.38;992;j
RS;tdiinc992j;p60p61;2008;649312.81;992;j
RS;tdiinc992j;p60p61;2009;631044.69;992;j
RS;tdiinc992j;p60p61;2010;626203.31;992;j
RS;tdiinc992j;p60p61;2011;623842.81;992;j
RS;tdiinc992j;p60p61;2012;617594.63;992;j
RS;tdiinc992j;p60p61;2013;639907.81;992;j
RS;tdiinc992j;p60p61;2014;615672.38;992;j
RS;tdiinc992j;p60p61;2015;600527.81;992;j
RS;tdiinc992j;p60p61;2016;618040.31;992;j
RS;tdiinc992j;p60p61;2017;621430.63;992;j
RS;tptinc992j;p34p35;1990;427577.59;992;j
RS;tptinc992j;p34p35;1991;370239.19;992;j
RS;tptinc992j;p34p35;1992;252946.5;992;j
RS;tptinc992j;p34p35;1993;163553.7;992;j
RS;tptinc992j;p34p35;1994;168127.8;992;j
RS;tptinc992j;p34p35;1995;176771.41;992;j
RS;tptinc992j;p34p35;1996;177788.5;992;j
RS;tptinc992j;p34p35;1997;188127.7;992;j
RS;tptinc992j;p34p35;1998;194537.8;992;j
RS;tptinc992j;p34p35;1999;212551.7;992;j
RS;tptinc992j;p34p35;2000;230954.59;992;j
RS;tptinc992j;p34p35;2001;228742.0;992;j
RS;tptinc992j;p34p35;2002;243516.91;992;j
RS;tptinc992j;p34p35;2003;252366.41;992;j
RS;tptinc992j;p34p35;2004;277566.41;992;j
RS;tptinc992j;p34p35;2005;300612.81;992;j
RS;tptinc992j;p34p35;2006;310241.5;992;j
RS;tptinc992j;p34p35;2007;325634.81;992;j
RS;tptinc992j;p34p35;2008;336510.59;992;j
RS;tptinc992j;p34p35;2009;322333.41;992;j
RS;tptinc992j;p34p35;2010;310693.91;992;j
RS;tptinc992j;p34p35;2011;294947.81;992;j
RS;tptinc992j;p34p35;2012;293359.81;992;j
RS;tptinc992j;p34p35;2013;301457.69;992;j
RS;tptinc992j;p34p35;2014;281820.81;992;j
RS;tptinc992j;p34p35;2015;301523.19;992;j
RS;tptinc992j;p34p35;2016;310806.5;992;j
RS;tptinc992j;p34p35;2017;312201.91;992;j
RS;tptinc992j;p3p100;1990;74835.398;992;j
RS;tptinc992j;p3p100;1991;65245.199;992;j
RS;tptinc992j;p3p100;1992;45238.5;992;j
RS;tptinc992j;p3p100;1993;29531.6;992;j
RS;tptinc992j;p3p100;1994;30466.801;992;j
RS;tptinc992j;p3p100;1995;32284.5;992;j
RS;tptinc992j;p3p100;1996;32579.199;992;j
RS;tptinc992j;p3p100;1997;34528.102;992;j
RS;tptinc992j;p3p100;1998;39408.199;992;j
RS;tptinc992j;p3p100;1999;44271.898;992;j
RS;tptinc992j;p3p100;2000;47697.301;992;j
RS;tptinc992j;p3p100;2001;48542.898;992;j
RS;tptinc992j;p3p100;2002;39853.699;992;j
RS;tptinc992j;p3p100;2003;40412.398;992;j
RS;tptinc992j;p3p100;2004;41733.102;992;j
RS;tptinc992j;p3p100;2005;43524.0;992;j
RS;tptinc992j;p3p100;2006;41705.5;992;j
RS;tptinc992j;p3p100;2007;39554.301;992;j
RS;tptinc992j;p3p100;2008;34733.301;992;j
RS;tptinc992j;p3p100;2009;30934.301;992;j
RS;tptinc992j;p3p100;2010;29943.301;992;j
RS;tptinc992j;p3p100;2011;25325.199;992;j
RS;tptinc992j;p3p100;2012;24304.5;992;j
RS;tptinc992j;p3p100;2013;20270.6;992;j
RS;tptinc992j;p3p100;2014;20584.9;992;j
RS;tptinc992j;p3p100;2015;20652.6;992;j
RS;tptinc992j;p3p100;2016;21344.0;992;j
RS;tptinc992j;p3p100;2017;21250.9;992;j
RS;tptinc992j;p89p100;1990;1280489.6;992;j
RS;tptinc992j;p89p100;1991;1108245.5;992;j
RS;tptinc992j;p89p100;1992;755964.63;992;j
RS;tptinc992j;p89p100;1993;488609.69;992;j
RS;tptinc992j;p89p100;1994;501444.0;992;j
RS;tptinc992j;p89p100;1995;527777.63;992;j
RS;tptinc992j;p89p100;1996;531025.13;992;j
RS;tptinc992j;p89p100;1997;561704.13;992;j
RS;tptinc992j;p89p100;1998;591193.31;992;j
RS;tptinc992j;p89p100;1999;640015.81;992;j
RS;tptinc992j;p89p100;2000;698488.38;992;j
RS;tptinc992j;p89p100;2001;691654.88;992;j
RS;tptinc992j;p89p100;2002;752703.81;992;j
RS;tptinc992j;p89p100;2003;802998.5;992;j
RS;tptinc992j;p89p100;2004;917652.19;992;j
RS;tptinc992j;p89p100;2005;1047714.7;992;j
RS;tptinc992j;p89p100;2006;1118559.8;992;j
RS;tptinc992j;p89p100;2007;1177832.9;992;j
RS;tptinc992j;p89p100;2008;1262483.5;992;j
RS;tptinc992j;p89p100;2009;1256087.8;992;j
RS;tptinc992j;p89p100;2010;1267759.0;992;j
RS;tptinc992j;p89p100;2011;1290983.5;992;j
RS;tptinc992j;p89p100;2012;1306686.4;992;j
RS;tptinc992j;p89p100;2013;1330337.4;992;j
RS;tptinc992j;p89p100;2014;1279376.6;992;j
RS;tptinc992j;p89p100;2015;1292563.0;992;j
RS;tptinc992j;p89p100;2016;1331993.8;992;j
RS;tptinc992j;p89p100;2017;1339838.8;992;j
RS;acainc992j;p91p92;1990;958129.69;992;j
RS;acainc992j;p91p92;1991;830885.88;992;j
RS;acainc992j;p91p92;1992;568113.0;992;j
RS;acainc992j;p91p92;1993;367109.59;992;j
RS;acainc992j;p91p92;1994;376980.41;992;j
RS;acainc992j;p91p92;1995;396623.31;992;j
RS;acainc992j;p91p92;1996;398881.41;992;j
RS;acainc992j;p91p92;1997;419854.19;992;j
RS;acainc992j;p91p92;1998;461504.31;992;j
RS;acainc992j;p91p92;1999;523870.5;992;j
RS;acainc992j;p91p92;2000;566093.19;992;j
RS;acainc992j;p91p92;2001;550722.0;992;j
RS;acainc992j;p91p92;2002;584061.63;992;j
RS;acainc992j;p91p92;2003;625938.63;992;j
RS;acainc992j;p91p92;2004;768239.88;992;j
RS;acainc992j;p91p92;2005;887563.0;992;j
RS;acainc992j;p91p92;2006;949964.13;992;j
RS;acainc992j;p91p92;2007;959839.81;992;j
RS;acainc992j;p91p92;2008;1037357.2;992;j
RS;acainc992j;p91p92;2009;1027350.2;992;j
RS;acainc992j;p91p92;2010;1060667.6;992;j
RS;acainc992j;p91p92;2011;1094733.8;992;j
RS;acainc992j;p91p92;2012;1058666.6;992;j
RS;acainc992j;p91p92;2013;1101494.8;992;j
RS;acainc992j;p91p92;2014;1019485.8;992;j
RS;acainc992j;p91p92;2015;1009817.7;992;j
RS;acainc992j;p91p92;2016;1047244.6;992;j
RS;acainc992j;p91p92;2017;1048432.1;992;j
RS;accsho999i;p0p100;1997;12790.7;999;i
RS;accsho999i;p0p100;1998;14285.4;999;i
RS;accsho999i;p0p100;1999;17174.1;999;i
RS;accsho999i;p0p100;2000;17815.5;999;i
RS;accsho999i;p0p100;2001;18141.9;999;i
RS;accsho999i;p0p100;2002;18953.199;999;i
RS;accsho999i;p0p100;2003;19704.199;999;i
RS;accsho999i;p0p100;2004;20689.199;999;i
RS;accsho999i;p0p100;2005;21926.199;999;i
RS;accsho999i;p0p100;2006;20734.5;999;i
RS;accsho999i;p0p100;2007;19590.9;999;i
RS;accsho999i;p0p100;2008;20382.6;999;i
RS;accsho999i;p0p100;2009;23182.4;999;i
RS;accsho999i;p0p100;2010;23963.5;999;i
RS;accsho999i;p0p100;2011;21774.301;999;i
RS;aconho999i;p0p100;1997;201125.3;999;i
RS;aconho999i;p0p100;1998;226450.3;999;i
RS;aconho999i;p0p100;1999;256659.8;999;i
RS;aconho999i;p0p100;2000;276026.69;999;i
RS;aconho999i;p0p100;2001;313070.19;999;i
RS;aconho999i;p0p100;2002;341621.69;999;i
RS;aconho999i;p0p100;2003;340516.81;999;i
RS;aconho999i;p0p100;2004;357594.69;999;i
RS;aconho999i;p0p100;2005;394273.59;999;i
RS;aconho999i;p0p100;2006;416119.69;999;i
RS;aconho999i;p0p100;2007;437870.41;999;i
RS;aconho999i;p0p100;2008;471780.19;999;i
RS;aconho999i;p0p100;2009;478714.0;999;i
RS;aconho999i;p0p100;2010;486886.09;999;i
RS;aconho999i;p0p100;2011;474300.91;999;i
RS;adiinc992j;p26p100;1990;912144.5;992;j
RS;adiinc992j;p26p100;1991;791150.0;992;j
RS;adiinc992j;p26p100;1992;541139.63;992;j
RS;adiinc992j;p26p100;1993;350490.19;992;j
RS;adiinc992j;p26p100;1994;360507.09;992;j
RS;adiinc992j;p26p100;1995;380000.09;992;j
RS;adiinc992j;p26p100;1996;382534.31;992;j
RS;adiinc992j;p26p100;1997;404841.0;992;j
RS;adiinc992j;p26p100;1998;424651.81;992;j
RS;adiinc992j;p26p100;1999;465797.5;992;j
RS;adiinc992j;p26p100;2000;512294.69;992;j
RS;adiinc992j;p26p100;2001;511648.81;992;j
RS;adiinc992j;p26p100;2002;554408.5;992;j
RS;adiinc992j;p26p100;2003;583315.63;992;j
RS;adiinc992j;p26p100;2004;661601.63;992;j
RS;adiinc992j;p26p100;2005;739730.0;992;j
RS;adiinc992j;p26p100;2006;785064.88;992;j
RS;adiinc992j;p26p100;2007;811304.19;992;j
RS;adiinc992j;p26p100;2008;865345.5;992;j
RS;adiinc992j;p26p100;2009;852070.0;992;j
RS;adiinc992j;p26p100;2010;858524.0;992;j
RS;adiinc992j;p26p100;2011;866328.13;992;j
RS;adiinc992j;p26p100;2012;865538.19;992;j
RS;adiinc992j;p26p100;2013;885943.0;992;j
RS;adiinc992j;p26p100;2014;853630.0;992;j
RS;adiinc992j;p26p100;2015;869505.63;992;j
RS;adiinc992j;p26p100;2016;898851.81;992;j
RS;adiinc992j;p26p100;2017;904475.38;992;j
RS;adiinc992j;p32p100;1990;956365.81;992;j
RS;adiinc992j;p32p100;1991;829171.19;992;j
RS;adiinc992j;p32p100;1992;566906.19;992;j
RS;adiinc992j;p32p100;1993;367035.0;992;j
RS;adiinc992j;p32p100;1994;377376.5;992;j
RS;adiinc992j;p32p100;1995;397631.81;992;j
RS;adiinc992j;p32p100;1996;400099.69;992;j
RS;adiinc992j;p32p100;1997;423208.91;992;j
RS;adiinc992j;p32p100;1998;444006.09;992;j
RS;adiinc992j;p32p100;1999;487343.69;992;j
RS;adiinc992j;p32p100;2000;535941.81;992;j
RS;adiinc992j;p32p100;2001;535246.5;992;j
RS;adiinc992j;p32p100;2002;580437.69;992;j
RS;adiinc992j;p32p100;2003;611149.5;992;j
RS;adiinc992j;p32p100;2004;694138.38;992;j
RS;adiinc992j;p32p100;2005;776697.63;992;j
RS;adiinc992j;p32p100;2006;825444.81;992;j
RS;adiinc992j;p32p100;2007;853021.81;992;j
RS;adiinc992j;p32p100;2008;910695.31;992;j
RS;adiinc992j;p32p100;2009;897716.19;992;j
RS;adiinc992j;p32p100;2010;906220.69;992;j
RS;adiinc992j;p32p100;2011;916317.69;992;j
RS;adiinc992j;p32p100;2012;915212.63;992;j
RS;adiinc992j;p32p100;2013;938993.69;992;j
RS;adiinc992j;p32p100;2014;902603.81;992;j
RS;adiinc992j;p32p100;2015;921268.13;992;j
RS;adiinc992j;p32p100;2016;952890.38;992;j
RS;adiinc992j;p32p100;2017;958920.81;992;j
RS;adiinc992j;p38p100;1990;1002666.9;992;j
RS;adiinc992j;p38p100;1991;869110.0;992;j
RS;adiinc992j;p38p100;1992;594059.38;992;j
RS;adiinc992j;p38p100;1993;384525.69;992;j
RS;adiinc992j;p38p100;1994;395263.0;992;j
RS;adiinc992j;p38p100;1995;416376.81;992;j
RS;adiinc992j;p38p100;1996;418817.5;992;j
RS;adiinc992j;p38p100;1997;442828.31;992;j
RS;adiinc992j;p38p100;1998;465172.0;992;j
RS;adiinc992j;p38p100;1999;510829.0;992;j
RS;adiinc992j;p38p100;2000;561852.19;992;j
RS;adiinc992j;p38p100;2001;561233.5;992;j
RS;adiinc992j;p38p100;2002;609080.38;992;j
RS;adiinc992j;p38p100;2003;641506.0;992;j
RS;adiinc992j;p38p100;2004;729546.81;992;j
RS;adiinc992j;p38p100;2005;817111.63;992;j
RS;adiinc992j;p38p100;2006;869298.63;992;j
RS;adiinc992j;p38p100;2007;898544.81;992;j
RS;adiinc992j;p38p100;2008;959881.81;992;j
RS;adiinc992j;p38p100;2009;947045.88;992;j
RS;adiinc992j;p38p100;2010;957324.31;992;j
RS;adiinc992j;p38p100;2011;969417.63;992;j
RS;adiinc992j;p38p100;2012;968878.13;992;j
RS;adiinc992j;p38p100;2013;995240.69;992;j
RS;adiinc992j;p38p100;2014;955453.38;992;j
RS;adiinc992j;p38p100;2015;976521.13;992;j
RS;adiinc992j;p38p100;2016;1010575.7;992;j
RS;adiinc992j;p38p100;2017;1017042.7;992;j
RS;adiinc992j;p80p81;1990;1034475.1;992;j
RS;adiinc992j;p80p81;1991;895410.19;992;j
RS;adiinc992j;p80p81;1992;611600.81;992;j
RS;adiinc992j;p80p81;1993;395065.09;992;j
RS;adiinc992j;p80p81;1994;405382.5;992;j
RS;adiinc992j;p80p81;1995;426068.31;992;j
RS;adiinc992j;p80p81;1996;428187.5;992;j
RS;adiinc992j;p80p81;1997;452378.69;992;j
RS;adiinc992j;p80p81;1998;470194.41;992;j
RS;adiinc992j;p80p81;1999;511161.69;992;j
RS;adiinc992j;p80p81;2000;556845.88;992;j
RS;adiinc992j;p80p81;2001;550061.0;992;j
RS;adiinc992j;p80p81;2002;600381.19;992;j
RS;adiinc992j;p80p81;2003;631560.13;992;j
RS;adiinc992j;p80p81;2004;720837.63;992;j
RS;adiinc992j;p80p81;2005;806177.13;992;j
RS;adiinc992j;p80p81;2006;854231.31;992;j
RS;adiinc992j;p80p81;2007;888830.13;992;j
RS;adiinc992j;p80p81;2008;959584.0;992;j
RS;adiinc992j;p80p81;2009;937216.0;992;j
RS;adiinc992j;p80p81;2010;949931.38;992;j
RS;adiinc992j;p80p81;2011;957681.69;992;j
RS;adiinc992j;p80p81;2012;955181.0;992;j
RS;adiinc992j;p80p81;2013;1004799.1;992;j
RS;adiinc992j;p80p81;2014;917140.31;992;j
RS;adiinc992j;p80p81;2015;906204.13;992;j
RS;adiinc992j;p80p81;2016;936983.31;992;j
RS;adiinc992j;p80p81;2017;942700.0;992;j
RS;aptinc992j;p30p40;1990;438426.69;992;j
RS;aptinc992j;p30p40;1991;379121.09;992;j
RS;aptinc992j;p30p40;1992;258610.0;992;j
RS;aptinc992j;p30p40;1993;167052.3;992;j
RS;aptinc992j;p30p40;1994;171456.3;992;j
RS;aptinc992j;p30p40;1995;180214.59;992;j
RS;aptinc992j;p30p40;1996;181246.09;992;j
RS;aptinc992j;p30p40;1997;191676.0;992;j
RS;aptinc992j;p30p40;1998;197761.8;992;j
RS;aptinc992j;p30p40;1999;216138.09;992;j
RS;aptinc992j;p30p40;2000;234883.3;992;j
RS;aptinc992j;p30p40;2001;233150.5;992;j
RS;aptinc992j;p30p40;2002;248094.5;992;j
RS;aptinc992j;p30p40;2003;256957.59;992;j
RS;aptinc992j;p30p40;2004;282499.91;992;j
RS;aptinc992j;p30p40;2005;306529.19;992;j
RS;aptinc992j;p30p40;2006;317045.59;992;j
RS;aptinc992j;p30p40;2007;331323.5;992;j
RS;aptinc992j;p30p40;2008;343959.69;992;j
RS;aptinc992j;p30p40;2009;331429.19;992;j
RS;aptinc992j;p30p40;2010;320977.0;992;j
RS;aptinc992j;p30p40;2011;306851.81;992;j
RS;aptinc992j;p30p40;2012;304850.0;992;j
RS;aptinc992j;p30p40;2013;314969.91;992;j
RS;aptinc992j;p30p40;2014;294951.81;992;j
RS;aptinc992j;p30p40;2015;312187.69;992;j
RS;aptinc992j;p30p40;2016;321762.31;992;j
RS;aptinc992j;p30p40;2017;323380.41;992;j
RS;aptinc992j;p34p100;1990;997651.38;992;j
RS;aptinc992j;p34p100;1991;866096.0;992;j
RS;aptinc992j;p34p100;1992;592977.31;992;j
RS;aptinc992j;p34p100;1993;384445.69;992;j
RS;aptinc992j;p34p100;1994;395847.31;992;j
RS;aptinc992j;p34p100;1995;417695.0;992;j
RS;aptinc992j;p34p100;1996;420910.31;992;j
RS;aptinc992j;p34p100;1997;446084.19;992;j
RS;aptinc992j;p34p100;1998;467031.31;992;j
RS;aptinc992j;p34p100;1999;511418.5;992;j
RS;aptinc992j;p34p100;2000;563530.0;992;j
RS;aptinc992j;p34p100;2001;562595.81;992;j
RS;aptinc992j;p34p100;2002;610512.19;992;j
RS;aptinc992j;p34p100;2003;643564.19;992;j
RS;aptinc992j;p34p100;2004;728847.88;992;j
RS;aptinc992j;p34p100;2005;817178.88;992;j
RS;aptinc992j;p34p100;2006;868278.63;992;j
RS;aptinc992j;p34p100;2007;899013.31;992;j
RS;aptinc992j;p34p100;2008;962912.63;992;j
RS;aptinc992j;p34p100;2009;949885.69;992;j
RS;aptinc992j;p34p100;2010;956877.19;992;j
RS;aptinc992j;p34p100;2011;966693.63;992;j
RS;aptinc992j;p34p100;2012;967700.63;992;j
RS;aptinc992j;p34p100;2013;992719.88;992;j
RS;aptinc992j;p34p100;2014;975229.38;992;j
RS;aptinc992j;p34p100;2015;979112.0;992;j
RS;aptinc992j;p34p100;2016;1009381.3;992;j
RS;aptinc992j;p34p100;2017;1015520.1;992;j
RS;aptinc992j;p70p71;1990;868426.81;992;j
RS;aptinc992j;p70p71;1991;751246.63;992;j
RS;aptinc992j;p70p71;1992;512768.09;992;j
RS;aptinc992j;p70p71;1993;331337.41;992;j
RS;aptinc992j;p70p71;1994;339944.5;992;j
RS;aptinc992j;p70p71;1995;357156.0;992;j
RS;aptinc992j;p70p71;1996;359175.81;992;j
RS;aptinc992j;p70p71;1997;379903.09;992;j
RS;aptinc992j;p70p71;1998;396959.09;992;j
RS;aptinc992j;p70p71;1999;429819.0;992;j
RS;aptinc992j;p70p71;2000;466334.69;992;j
RS;aptinc992j;p70p71;2001;461862.81;992;j
RS;aptinc992j;p70p71;2002;500540.31;992;j
RS;aptinc992j;p70p71;2003;527251.5;992;j
RS;aptinc992j;p70p71;2004;587524.63;992;j
RS;aptinc992j;p70p71;2005;652690.13;992;j
RS;aptinc992j;p70p71;2006;693144.13;992;j
RS;aptinc992j;p70p71;2007;727810.69;992;j
RS;aptinc992j;p70p71;2008;782054.13;992;j
RS;aptinc992j;p70p71;2009;767228.19;992;j
RS;aptinc992j;p70p71;2010;760880.13;992;j
RS;aptinc992j;p70p71;2011;759252.88;992;j
RS;aptinc992j;p70p71;2012;773160.81;992;j
RS;aptinc992j;p70p71;2013;798796.81;992;j
RS;aptinc992j;p70p71;2014;763941.81;992;j
RS;aptinc992j;p70p71;2015;766936.63;992;j
RS;aptinc992j;p70p71;2016;790499.13;992;j
RS;aptinc992j;p70p71;2017;794907.13;992;j
RS;aptinc992j;p98p100;1990;4491139.5;992;j
RS;aptinc992j;p98p100;1991;3954829.8;992;j
RS;aptinc992j;p98p100;1992;2743664.0;992;j
RS;aptinc992j;p98p100;1993;1804055.3;992;j
RS;aptinc992j;p98p100;1994;1883064.1;992;j
RS;aptinc992j;p98p100;1995;2016303.5;992;j
RS;aptinc992j;p98p100;1996;2050155.4;992;j
RS;aptinc992j;p98p100;1997;2192078.0;992;j
RS;aptinc992j;p98p100;1998;2325221.0;992;j
RS;aptinc992j;p98p100;1999;2629233.8;992;j
RS;aptinc992j;p98p100;2000;3039710.8;992;j
RS;aptinc992j;p98p100;2001;3130370.3;992;j
RS;aptinc992j;p98p100;2002;3402547.5;992;j
RS;aptinc992j;p98p100;2003;3570671.5;992;j
RS;aptinc992j;p98p100;2004;4140791.0;992;j
RS;aptinc992j;p98p100;2005;4660355.0;992;j
RS;aptinc992j;p98p100;2006;4975082.0;992;j
RS;aptinc992j;p98p100;2007;4917145.0;992;j
RS;aptinc992j;p98p100;2008;5302338.0;992;j
RS;aptinc992j;p98p100;2009;5242366.5;992;j
RS;aptinc992j;p98p100;2010;5414926.5;992;j
RS;aptinc992j;p98p100;2011;5615358.5;992;j
RS;aptinc992j;p98p100;2012;5374991.0;992;j
RS;aptinc992j;p98p100;2013;5496885.5;992;j
RS;aptinc992j;p98p100;2014;6129573.5;992;j
RS;aptinc992j;p98p100;2015;5990110.5;992;j
RS;aptinc992j;p98p100;2016;6180661.5;992;j
RS;aptinc992j;p98p100;2017;6225710.0;992;j
RS;aptinc992j;p99.2p99.3;1990;3669700.0;992;j
RS;aptinc992j;p99.2p99.3;1991;3214854.0;992;j
RS;aptinc992j;p99.2p99.3;1992;2224923.8;992;j
RS;aptinc992j;p99.2p99.3;1993;1455559.3;992;j
RS;aptinc992j;p99.2p99.3;1994;1516973.1;992;j
RS;aptinc992j;p99.2p99.3;1995;1616596.1;992;j
RS;aptinc992j;p99.2p99.3;1996;1637005.3;992;j
RS;aptinc992j;p99.2p99.3;1997;1742293.3;992;j
RS;aptinc992j;p99.2p99.3;1998;1858900.8;992;j
RS;aptinc992j;p99.2p99.3;1999;2073140.1;992;j
RS;aptinc992j;p99.2p99.3;2000;2380488.5;992;j
RS;aptinc992j;p99.2p99.3;2001;2415734.8;992;j
RS;aptinc992j;p99.2p99.3;2002;2655849.0;992;j
RS;aptinc992j;p99.2p99.3;2003;2808077.5;992;j
RS;aptinc992j;p99.2p99.3;2004;3255735.8;992;j
RS;aptinc992j;p99.2p99.3;2005;3712299.3;992;j
RS;aptinc992j;p99.2p99.3;2006;3961735.3;992;j
RS;aptinc992j;p99.2p99.3;2007;3963494.3;992;j
RS;aptinc992j;p99.2p99.3;2008;4259166.5;992;j
RS;aptinc992j;p99.2p99.3;2009;4233917.5;992;j
RS;aptinc992j;p99.2p99.3;2010;4434494.5;992;j
RS;aptinc992j;p99.2p99.3;2011;4569843.5;992;j
RS;aptinc992j;p99.2p99.3;2012;4581116.0;992;j
RS;aptinc992j;p99.2p99.3;2013;4597000.5;992;j
RS;aptinc992j;p99.2p99.3;2014;4694068.5;992;j
RS;aptinc992j;p99.2p99.3;2015;4591437.0;992;j
RS;aptinc992j;p99.2p99.3;2016;4737191.5;992;j
RS;aptinc992j;p99.2p99.3;2017;4772229.0;992;j
RS;asagho992i;p0p100;1997;52123.5;992;i
RS;asagho992i;p0p100;1998;3207.3;992;i
RS;asagho992i;p0p100;1999;-6364.4;992;i
RS;asagho992i;p0p100;2000;-9311.5;992;i
RS;asagho992i;p0p100;2001;-48817.0;992;i
RS;asagho992i;p0p100;2002;-66862.2;992;i
RS;asagho992i;p0p100;2003;-40671.0;992;i
RS;asagho992i;p0p100;2004;-63318.3;992;i
RS;asagho992i;p0p100;2005;-61651.9;992;i
RS;asagho992i;p0p100;2006;-60439.3;992;i
RS;asagho992i;p0p100;2007;-60983.1;992;i
RS;asagho992i;p0p100;2008;-60721.6;992;i
RS;asagho992i;p0p100;2009;-72649.3;992;i
RS;asagho992i;p0p100;2010;-84955.9;992;i
RS;asagho992i;p0p100;2011;-71995.9;992;i
RS;bcainc992j;p14p100;1990;4.2164969;992;j
RS;bcainc992j;p14p100;1991;4.1157851;992;j
RS;bcainc992j;p14p100;1992;4.0235438;992;j
RS;bcainc992j;p14p100;1993;3.9360831;992;j
RS;bcainc992j;p14p100;1994;3.8492653;992;j
RS;bcainc992j;p14p100;1995;3.770957;992;j
RS;bcainc992j;p14p100;1996;3.6969416;992;j
RS;bcainc992j;p14p100;1997;3.6366994;992;j
RS;bcainc992j;p14p100;1998;3.3246758;992;j
RS;bcainc992j;p14p100;1999;3.3226473;992;j
RS;bcainc992j;p14p100;2000;3.4253073;992;j
RS;bcainc992j;p14p100;2001;3.5107741;992;j
RS;bcainc992j;p14p100;2002;4.0035343;992;j
RS;bcainc992j;p14p100;2003;4.1561203;992;j
RS;bcainc992j;p14p100;2004;4.9243836;992;j
RS;bcainc992j;p14p100;2005;5.2493448;992;j
RS;bcainc992j;p14p100;2006;5.844593;992;j
RS;bcainc992j;p14p100;2007;6.3061552;992;j
RS;bcainc992j;p14p100;2008;6.8047447;992;j
RS;bcainc992j;p14p100;2009;7.1548085;992;j
RS;bcainc992j;p14p100;2010;8.2151976;992;j
RS;bcainc992j;p14p100;2011;9.9414177;992;j
RS;bcainc992j;p14p100;2012;10.284839;992;j
RS;bcainc992j;p14p100;2013;10.200902;992;j
RS;bcainc992j;p14p100;2014;6.1589952;992;j
RS;bcainc992j;p14p100;2015;8.4365444;992;j
RS;bcainc992j;p14p100;2016;8.4213247;992;j
RS;bcainc992j;p14p100;2017;8.4383879;992;j
RS;bcainc992j;p57p100;1990;1.7516251;992;j
RS;bcainc992j;p57p100;1991;1.7438024;992;j
RS;bcainc992j;p57p100;1992;1.7391337;992;j
RS;bcainc992j;p57p100;1993;1.7353479;992;j
RS;bcainc992j;p57p100;1994;1.730727;992;j
RS;bcainc992j;p57p100;1995;1.7268302;992;j
RS;bcainc992j;p57p100;1996;1.7187287;992;j
RS;bcainc992j;p57p100;1997;1.711391;992;j
RS;bcainc992j;p57p100;1998;1.7263758;992;j
RS;bcainc992j;p57p100;1999;1.7504758;992;j
RS;bcainc992j;p57p100;2000;1.7757874;992;j
RS;bcainc992j;p57p100;2001;1.7996235;992;j
RS;bcainc992j;p57p100;2002;1.8216039;992;j
RS;bcainc992j;p57p100;2003;1.8299097;992;j
RS;bcainc992j;p57p100;2004;1.8664525;992;j
RS;bcainc992j;p57p100;2005;1.9033273;992;j
RS;bcainc992j;p57p100;2006;1.9336675;992;j
RS;bcainc992j;p57p100;2007;1.9279138;992;j
RS;bcainc992j;p57p100;2008;1.9432658;992;j
RS;bcainc992j;p57p100;2009;1.9699571;992;j
RS;bcainc992j;p57p100;2010;2.0350919;992;j
RS;bcainc992j;p57p100;2011;2.0792253;992;j
RS;bcainc992j;p57p100;2012;2.1106694;992;j
RS;bcainc992j;p57p100;2013;2.1230342;992;j
RS;bcainc992j;p57p100;2014;2.1274641;992;j
RS;bcainc992j;p57p100;2015;2.219347;992;j
RS;bcainc992j;p57p100;2016;2.2187569;992;j
RS;bcainc992j;p57p100;2017;2.219779;992;j
RS;bcainc992j;p8p100;1990;5.8624263;992;j
RS;bcainc992j;p8p100;1991;5.772748;992;j
RS;bcainc992j;p8p100;1992;5.6387043;992;j
RS;bcainc992j;p8p100;1993;5.53514;992;j
RS;bcainc992j;p8p100;1994;5.4188066;992;j
RS;bcainc992j;p8p100;1995;5.3641982;992;j
RS;bcainc992j;p8p100;1996;5.2407484;992;j
RS;bcainc992j;p8p100;1997;5.1415334;992;j
RS;bcainc992j;p8p100;1998;4.6570687;992;j
RS;bcainc992j;p8p100;1999;4.5602698;992;j
RS;bcainc992j;p8p100;2000;4.8248887;992;j
RS;bcainc992j;p8p100;2001;4.8621602;992;j
RS;bcainc992j;p8p100;2002;6.3459578;992;j
RS;bcainc992j;p8p100;2003;6.4506946;992;j
RS;bcainc992j;p8p100;2004;7.9855785;992;j
RS;bcainc992j;p8p100;2005;8.4306583;992;j
RS;bcainc992j;p8p100;2006;10.037068;992;j
RS;bcainc992j;p8p100;2007;13.199258;992;j
RS;bcainc992j;p8p100;2008;13.004865;992;j
RS;bcainc992j;p8p100;2009;13.489214;992;j
RS;bcainc992j;p8p100;2010;14.652822;992;j
RS;bcainc992j;p8p100;2011;17.13686;992;j
RS;bcainc992j;p8p100;2012;23.348759;992;j
RS;bcainc992j;p8p100;2013;12.571548;992;j
RS;bcainc992j;p8p100;2014;6.7497058;992;j
RS;bcainc992j;p8p100;2015;9.8123388;992;j
RS;bcainc992j;p8p100;2016;9.7946129;992;j
RS;bcainc992j;p8p100;2017;9.81563;992;j
RS;bcainc992j;p99.8p100;1990;2.070622;992;j
RS;bcainc992j;p99.8p100;1991;2.0256729;992;j
RS;bcainc992j;p99.8p100;1992;1.9659299;992;j
RS;bcainc992j;p99.8p100;1993;1.926466;992;j
RS;bcainc992j;p99.8p100;1994;1.9011718;992;j
RS;bcainc992j;p99.8p100;1995;1.8798214;992;j
RS;bcainc992j;p99.8p100;1996;1.8559713;992;j
RS;bcainc992j;p99.8p100;1997;1.8306998;992;j
RS;bcainc992j;p99.8p100;1998;1.8588312;992;j
RS;bcainc992j;p99.8p100;1999;1.9675545;992;j
RS;bcainc992j;p99.8p100;2000;1.9738392;992;j
RS;bcainc992j;p99.8p100;2001;2.0637035;992;j
RS;bcainc992j;p99.8p100;2002;1.9956576;992;j
RS;bcainc992j;p99.8p100;2003;1.9976499;992;j
RS;bcainc992j;p99.8p100;2004;1.9997864;992;j
RS;bcainc992j;p99.8p100;2005;2.0401239;992;j
RS;bcainc992j;p99.8p100;2006;1.9570884;992;j
RS;bcainc992j;p99.8p100;2007;1.8709785;992;j
RS;bcainc992j;p99.8p100;2008;1.7884494;992;j
RS;bcainc992j;p99.8p100;2009;1.9002751;992;j
RS;bcainc992j;p99.8p100;2010;1.8485706;992;j
RS;bcainc992j;p99.8p100;2011;1.8186488;992;j
RS;bcainc992j;p99.8p100;2012;2.0971715;992;j
RS;bcainc992j;p99.8p100;2013;1.9107759;992;j
RS;bcainc992j;p99.8p100;2014;2.448148;992;j
RS;bcainc992j;p99.8p100;2015;2.9580529;992;j
RS;bcainc992j;p99.8p100;2016;2.9589541;992;j
RS;bcainc992j;p99.8p100;2017;2.9617736;992;j
RS;bdiinc992j;p75p100;1990;1.5453588;992;j
RS;bdiinc992j;p75p100;1991;1.5416707;992;j
RS;bdiinc992j;p75p100;1992;1.5371007;992;j
RS;bdiinc992j;p75p100;1993;1.5367941;992;j
RS;bdiinc992j;p75p100;1994;1.5361059;992;j
RS;bdiinc992j;p75p100;1995;1.5351334;992;j
RS;bdiinc992j;p75p100;1996;1.5292811;992;j
RS;bdiinc992j;p75p100;1997;1.5230843;992;j
RS;bdiinc992j;p75p100;1998;1.5459125;992;j
RS;bdiinc992j;p75p100;1999;1.5834745;992;j
RS;bdiinc992j;p75p100;2000;1.6102194;992;j
RS;bdiinc992j;p75p100;2001;1.6342548;992;j
RS;bdiinc992j;p75p100;2002;1.6384147;992;j
RS;bdiinc992j;p75p100;2003;1.6453779;992;j
RS;bdiinc992j;p75p100;2004;1.6580153;992;j
RS;bdiinc992j;p75p100;2005;1.6932361;992;j
RS;bdiinc992j;p75p100;2006;1.7168489;992;j
RS;bdiinc992j;p75p100;2007;1.6957862;992;j
RS;bdiinc992j;p75p100;2008;1.702135;992;j
RS;bdiinc992j;p75p100;2009;1.7303543;992;j
RS;bdiinc992j;p75p100;2010;1.7642149;992;j
RS;bdiinc992j;p75p100;2011;1.7988032;992;j
RS;bdiinc992j;p75p100;2012;1.8143249;992;j
RS;bdiinc992j;p75p100;2013;1.7644714;992;j
RS;bdiinc992j;p75p100;2014;1.8212439;992;j
RS;bdiinc992j;p75p100;2015;1.9537067;992;j
RS;bdiinc992j;p75p100;2016;1.9644901;992;j
RS;bdiinc992j;p75p100;2017;1.9665846;992;j
RS;bptinc992j;p54p100;1990;1.874454;992;j
RS;bptinc992j;p54p100;1991;1.8809143;992;j
RS;bptinc992j;p54p100;1992;1.8885095;992;j
RS;bptinc992j;p54p100;1993;1.8966357;992;j
RS;bptinc992j;p54p100;1994;1.9043561;992;j
RS;bptinc992j;p54p100;1995;1.9136103;992;j
RS;bptinc992j;p54p100;1996;1.918985;992;j
RS;bptinc992j;p54p100;1997;1.9234523;992;j
RS;bptinc992j;p54p100;1998;1.9401997;992;j
RS;bptinc992j;p54p100;1999;1.9498435;992;j
RS;bptinc992j;p54p100;2000;1.9819785;992;j
RS;bptinc992j;p54p100;2001;1.9927282;992;j
RS;bptinc992j;p54p100;2002;2.0339415;992;j
RS;bptinc992j;p54p100;2003;2.0446541;992;j
RS;bptinc992j;p54p100;2004;2.0984898;992;j
RS;bptinc992j;p54p100;2005;2.1419852;992;j
RS;bptinc992j;p54p100;2006;2.1642826;992;j
RS;bptinc992j;p54p100;2007;2.1582458;992;j
RS;bptinc992j;p54p100;2008;2.1867032;992;j
RS;bptinc992j;p54p100;2009;2.1972535;992;j
RS;bptinc992j;p54p100;2010;2.2598474;992;j
RS;bptinc992j;p54p100;2011;2.3214011;992;j
RS;bptinc992j;p54p100;2012;2.305918;992;j
RS;bptinc992j;p54p100;2013;2.2677314;992;j
RS;bptinc992j;p54p100;2014;2.3669233;992;j
RS;bptinc992j;p54p100;2015;2.3033829;992;j
RS;bptinc992j;p54p100;2016;2.3049126;992;j
RS;bptinc992j;p54p100;2017;2.3061559;992;j
RS;bptinc992j;p90p100;1990;1.6891932;992;j
RS;bptinc992j;p90p100;1991;1.69977;992;j
RS;bptinc992j;p90p100;1992;1.7130018;992;j
RS;bptinc992j;p90p100;1993;1.7245438;992;j
RS;bptinc992j;p90p100;1994;1.7407413;992;j
RS;bptinc992j;p90p100;1995;1.7543759;992;j
RS;bptinc992j;p90p100;1996;1.7608653;992;j
RS;bptinc992j;p90p100;1997;1.7664833;992;j
RS;bptinc992j;p90p100;1998;1.7798791;992;j
RS;bptinc992j;p90p100;1999;1.8175781;992;j
RS;bptinc992j;p90p100;2000;1.8798459;992;j
RS;bptinc992j;p90p100;2001;1.9162771;992;j
RS;bptinc992j;p90p100;2002;1.92176;992;j
RS;bptinc992j;p90p100;2003;1.8998011;992;j
RS;bptinc992j;p90p100;2004;1.9151535;992;j
RS;bptinc992j;p90p100;2005;1.908607;992;j
RS;bptinc992j;p90p100;2006;1.9092075;992;j
RS;bptinc992j;p90p100;2007;1.8423219;992;j
RS;bptinc992j;p90p100;2008;1.8466086;992;j
RS;bptinc992j;p90p100;2009;1.8418062;992;j
RS;bptinc992j;p90p100;2010;1.8754596;992;j
RS;bptinc992j;p90p100;2011;1.8917019;992;j
RS;bptinc992j;p90p100;2012;1.8861452;992;j
RS;bptinc992j;p90p100;2013;1.8687243;992;j
RS;bptinc992j;p90p100;2014;1.9895397;992;j
RS;bptinc992j;p90p100;2015;1.940364;992;j
RS;bptinc992j;p90p100;2016;1.9418637;992;j
RS;bptinc992j;p90p100;2017;1.944067;992;j
RS;scainc992j;p26p27;1990;0.0048000002;992;j
RS;scainc992j;p26p27;1991;0.0049000001;992;j
RS;scainc992j;p26p27;1992;0.0049999999;992;j
RS;scainc992j;p26p27;1993;0.0049999999;992;j
RS;scainc992j;p26p27;1994;0.0051000002;992;j
RS;scainc992j;p26p27;1995;0.0052;992;j
RS;scainc992j;p26p27;1996;0.0052;992;j
RS;scainc992j;p26p27;1997;0.0052999998;992;j
RS;scainc992j;p26p27;1998;0.0054000001;992;j
RS;scainc992j;p26p27;1999;0.0054000001;992;j
RS;scainc992j;p26p27;2000;0.0054000001;992;j
RS;scainc992j;p26p27;2001;0.0054000001;992;j
RS;scainc992j;p26p27;2002;0.0052;992;j
RS;scainc992j;p26p27;2003;0.0051000002;992;j
RS;scainc992j;p26p27;2004;0.0049000001;992;j
RS;scainc992j;p26p27;2005;0.0048000002;992;j
RS;scainc992j;p26p27;2006;0.0044999998;992;j
RS;scainc992j;p26p27;2007;0.0044999998;992;j
RS;scainc992j;p26p27;2008;0.0043000001;992;j
RS;scainc992j;p26p27;2009;0.0041;992;j
RS;scainc992j;p26p27;2010;0.0038000001;992;j
RS;scainc992j;p26p27;2011;0.0035000001;992;j
RS;scainc992j;p26p27;2012;0.0035999999;992;j
RS;scainc992j;p26p27;2013;0.0031000001;992;j
RS;scainc992j;p26p27;2014;0.0035000001;992;j
RS;scainc992j;p26p27;2015;0.0031999999;992;j
RS;scainc992j;p26p27;2016;0.0031999999;992;j
RS;scainc992j;p26p27;2017;0.0031999999;992;j
RS;scainc992j;p34p100;1990;0.88840002;992;j
RS;scainc992j;p34p100;1991;0.88700002;992;j
RS;scainc992j;p34p100;1992;0.88559997;992;j
RS;scainc992j;p34p100;1993;0.88419998;992;j
RS;scainc992j;p34p100;1994;0.88279998;992;j
RS;scainc992j;p34p100;1995;0.88139999;992;j
RS;scainc992j;p34p100;1996;0.87980002;992;j
RS;scainc992j;p34p100;1997;0.87830001;992;j
RS;scainc992j;p34p100;1998;0.87339997;992;j
RS;scainc992j;p34p100;1999;0.87330002;992;j
RS;scainc992j;p34p100;2000;0.87540001;992;j
RS;scainc992j;p34p100;2001;0.87629998;992;j
RS;scainc992j;p34p100;2002;0.88630003;992;j
RS;scainc992j;p34p100;2003;0.88859999;992;j
RS;scainc992j;p34p100;2004;0.8973;992;j
RS;scainc992j;p34p100;2005;0.9005;992;j
RS;scainc992j;p34p100;2006;0.90750003;992;j
RS;scainc992j;p34p100;2007;0.91079998;992;j
RS;scainc992j;p34p100;2008;0.91399997;992;j
RS;scainc992j;p34p100;2009;0.91710001;992;j
RS;scainc992j;p34p100;2010;0.92470002;992;j
RS;scainc992j;p34p100;2011;0.93169999;992;j
RS;scainc992j;p34p100;2012;0.93300003;992;j
RS;scainc992j;p34p100;2013;0.93529999;992;j
RS;scainc992j;p34p100;2014;0.91570002;992;j
RS;scainc992j;p34p100;2015;0.92979997;992;j
RS;scainc992j;p34p100;2016;0.92970002;992;j
RS;scainc992j;p34p100;2017;0.92979997;992;j
RS;scainc992j;p72p73;1990;0.0123;992;j
RS;scainc992j;p72p73;1991;0.0124;992;j
RS;scainc992j;p72p73;1992;0.0123;992;j
RS;scainc992j;p72p73;1993;0.0123;992;j
RS;scainc992j;p72p73;1994;0.0123;992;j
RS;scainc992j;p72p73;1995;0.0123;992;j
RS;scainc992j;p72p73;1996;0.0123;992;j
RS;scainc992j;p72p73;1997;0.0123;992;j
RS;scainc992j;p72p73;1998;0.0122;992;j
RS;scainc992j;p72p73;1999;0.012;992;j
RS;scainc992j;p72p73;2000;0.0119;992;j
RS;scainc992j;p72p73;2001;0.0118;992;j
RS;scainc992j;p72p73;2002;0.0119;992;j
RS;scainc992j;p72p73;2003;0.0119;992;j
RS;scainc992j;p72p73;2004;0.012;992;j
RS;scainc992j;p72p73;2005;0.0119;992;j
RS;scainc992j;p72p73;2006;0.0119;992;j
RS;scainc992j;p72p73;2007;0.0121;992;j
RS;scainc992j;p72p73;2008;0.0121;992;j
RS;scainc992j;p72p73;2009;0.0121;992;j
RS;scainc992j;p72p73;2010;0.012;992;j
RS;scainc992j;p72p73;2011;0.012;992;j
RS;scainc992j;p72p73;2012;0.012;992;j
RS;scainc992j;p72p73;2013;0.0123;992;j
RS;scainc992j;p72p73;2014;0.0117;992;j
RS;scainc992j;p72p73;2015;0.0113;992;j
RS;scainc992j;p72p73;2016;0.0113;992;j
RS;scainc992j;p72p73;2017;0.0113;992;j
RS;sdiinc992j;p0p10;1990;0.020199999;992;j
RS;sdiinc992j;p0p10;1991;0.020099999;992;j
RS;sdiinc992j;p0p10;1992;0.02;992;j
RS;sdiinc992j;p0p10;1993;0.0199;992;j
RS;sdiinc992j;p0p10;1994;0.0199;992;j
RS;sdiinc992j;p0p10;1995;0.0198;992;j
RS;sdiinc992j;p0p10;1996;0.0198;992;j
RS;sdiinc992j;p0p10;1997;0.0199;992;j
RS;sdiinc992j;p0p10;1998;0.02;992;j
RS;sdiinc992j;p0p10;1999;0.0196;992;j
RS;sdiinc992j;p0p10;2000;0.019300001;992;j
RS;sdiinc992j;p0p10;2001;0.019300001;992;j
RS;sdiinc992j;p0p10;2002;0.0166;992;j
RS;sdiinc992j;p0p10;2003;0.016799999;992;j
RS;sdiinc992j;p0p10;2004;0.015;992;j
RS;sdiinc992j;p0p10;2005;0.0144;992;j
RS;sdiinc992j;p0p10;2006;0.0133;992;j
RS;sdiinc992j;p0p10;2007;0.0126;992;j
RS;sdiinc992j;p0p10;2008;0.0128;992;j
RS;sdiinc992j;p0p10;2009;0.0131;992;j
RS;sdiinc992j;p0p10;2010;0.0127;992;j
RS;sdiinc992j;p0p10;2011;0.0116;992;j
RS;sdiinc992j;p0p10;2012;0.011;992;j
RS;sdiinc992j;p0p10;2013;0.0145;992;j
RS;sdiinc992j;p0p10;2014;0.021400001;992;j
RS;sdiinc992j;p0p10;2015;0.017100001;992;j
RS;sdiinc992j;p0p10;2016;0.016100001;992;j
RS;sdiinc992j;p0p10;2017;0.016000001;992;j
RS;sdiinc992j;p22p100;1990;0.9375;992;j
RS;sdiinc992j;p22p100;1991;0.93690002;992;j
RS;sdiinc992j;p22p100;1992;0.9364;992;j
RS;sdiinc992j;p22p100;1993;0.93580002;992;j
RS;sdiinc992j;p22p100;1994;0.93510002;992;j
RS;sdiinc992j;p22p100;1995;0.93449998;992;j
RS;sdiinc992j;p22p100;1996;0.93379998;992;j
RS;sdiinc992j;p22p100;1997;0.93290001;992;j
RS;sdiinc992j;p22p100;1998;0.9307;992;j
RS;sdiinc992j;p22p100;1999;0.93199998;992;j
RS;sdiinc992j;p22p100;2000;0.9325;992;j
RS;sdiinc992j;p22p100;2001;0.93290001;992;j
RS;sdiinc992j;p22p100;2002;0.93879998;992;j
RS;sdiinc992j;p22p100;2003;0.93980002;992;j
RS;sdiinc992j;p22p100;2004;0.94580001;992;j
RS;sdiinc992j;p22p100;2005;0.94779998;992;j
RS;sdiinc992j;p22p100;2006;0.95179999;992;j
RS;sdiinc992j;p22p100;2007;0.95319998;992;j
RS;sdiinc992j;p22p100;2008;0.95429999;992;j
RS;sdiinc992j;p22p100;2009;0.95550001;992;j
RS;sdiinc992j;p22p100;2010;0.95880002;992;j
RS;sdiinc992j;p22p100;2011;0.963;992;j
RS;sdiinc992j;p22p100;2012;0.96390003;992;j
RS;sdiinc992j;p22p100;2013;0.96139997;992;j
RS;sdiinc992j;p22p100;2014;0.94690001;992;j
RS;sdiinc992j;p22p100;2015;0.9562;992;j
RS;sdiinc992j;p22p100;2016;0.95840001;992;j
RS;sdiinc992j;p22p100;2017;0.9587;992;j
RS;sdiinc992j;p24p25;1990;0.0049000001;992;j
RS;sdiinc992j;p24p25;1991;0.0049999999;992;j
RS;sdiinc992j;p24p25;1992;0.0049999999;992;j
RS;sdiinc992j;p24p25;1993;0.0051000002;992;j
RS;sdiinc992j;p24p25;1994;0.0052;992;j
RS;sdiinc992j;p24p25;1995;0.0052;992;j
RS;sdiinc992j;p24p25;1996;0.0052999998;992;j
RS;sdiinc992j;p24p25;1997;0.0054000001;992;j
RS;sdiinc992j;p24p25;1998;0.0054000001;992;j
RS;sdiinc992j;p24p25;1999;0.0054000001;992;j
RS;sdiinc992j;p24p25;2000;0.0054000001;992;j
RS;sdiinc992j;p24p25;2001;0.0054000001;992;j
RS;sdiinc992j;p24p25;2002;0.0052999998;992;j
RS;sdiinc992j;p24p25;2003;0.0052;992;j
RS;sdiinc992j;p24p25;2004;0.0049000001;992;j
RS;sdiinc992j;p24p25;2005;0.0048000002;992;j
RS;sdiinc992j;p24p25;2006;0.0046000001;992;j
RS;sdiinc992j;p24p25;2007;0.0046000001;992;j
RS;sdiinc992j;p24p25;2008;0.0044;992;j
RS;sdiinc992j;p24p25;2009;0.0041999999;992;j
RS;sdiinc992j;p24p25;2010;0.0038999999;992;j
RS;sdiinc992j;p24p25;2011;0.0035999999;992;j
RS;sdiinc992j;p24p25;2012;0.0037;992;j
RS;sdiinc992j;p24p25;2013;0.0031999999;992;j
RS;sdiinc992j;p24p25;2014;0.0037;992;j
RS;sdiinc992j;p24p25;2015;0.0033;992;j
RS;sdiinc992j;p24p25;2016;0.0031999999;992;j
RS;sdiinc992j;p24p25;2017;0.0031999999;992;j
RS;sdiinc992j;p50p100;1990;0.75379997;992;j
RS;sdiinc992j;p50p100;1991;0.75209999;992;j
RS;sdiinc992j;p50p100;1992;0.75040001;992;j
RS;sdiinc992j;p50p100;1993;0.7489;992;j
RS;sdiinc992j;p50p100;1994;0.74730003;992;j
RS;sdiinc992j;p50p100;1995;0.74580002;992;j
RS;sdiinc992j;p50p100;1996;0.7439;992;j
RS;sdiinc992j;p50p100;1997;0.74150002;992;j
RS;sdiinc992j;p50p100;1998;0.74339998;992;j
RS;sdiinc992j;p50p100;1999;0.74650002;992;j
RS;sdiinc992j;p50p100;2000;0.7471;992;j
RS;sdiinc992j;p50p100;2001;0.74779999;992;j
RS;sdiinc992j;p50p100;2002;0.75569999;992;j
RS;sdiinc992j;p50p100;2003;0.75840002;992;j
RS;sdiinc992j;p50p100;2004;0.76819998;992;j
RS;sdiinc992j;p50p100;2005;0.77340001;992;j
RS;sdiinc992j;p50p100;2006;0.78109998;992;j
RS;sdiinc992j;p50p100;2007;0.78250003;992;j
RS;sdiinc992j;p50p100;2008;0.7859;992;j
RS;sdiinc992j;p50p100;2009;0.79070002;992;j
RS;sdiinc992j;p50p100;2010;0.79960001;992;j
RS;sdiinc992j;p50p100;2011;0.80909997;992;j
RS;sdiinc992j;p50p100;2012;0.81120002;992;j
RS;sdiinc992j;p50p100;2013;0.81410003;992;j
RS;sdiinc992j;p50p100;2014;0.79610002;992;j
RS;sdiinc992j;p50p100;2015;0.81019998;992;j
RS;sdiinc992j;p50p100;2016;0.81410003;992;j
RS;sdiinc992j;p50p100;2017;0.81470001;992;j
RS;sdiinc992j;p99.93p99.94;1990;0.0014;992;j
RS;sdiinc992j;p99.93p99.94;1991;0.0014;992;j
RS;sdiinc992j;p99.93p99.94;1992;0.0013;992;j
RS;sdiinc992j;p99.93p99.94;1993;0.0013;992;j
RS;sdiinc992j;p99.93p99.94;1994;0.0013;992;j
RS;sdiinc992j;p99.93p99.94;1995;0.0013;992;j
RS;sdiinc992j;p99.93p99.94;1996;0.0013;992;j
RS;sdiinc992j;p99.93p99.94;1997;0.0012000001;992;j
RS;sdiinc992j;p99.93p99.94;1998;0.0013;992;j
RS;sdiinc992j;p99.93p99.94;1999;0.0014;992;j
RS;sdiinc992j;p99.93p99.94;2000;0.0015;992;j
RS;sdiinc992j;p99.93p99.94;2001;0.0016;992;j
RS;sdiinc992j;p99.93p99.94;2002;0.0016;992;j
RS;sdiinc992j;p99.93p99.94;2003;0.0016;992;j
RS;sdiinc992j;p99.93p99.94;2004;0.0016;992;j
RS;sdiinc992j;p99.93p99.94;2005;0.0017;992;j
RS;sdiinc992j;p99.93p99.94;2006;0.0017;992;j
RS;sdiinc992j;p99.93p99.94;2007;0.0016;992;j
RS;sdiinc992j;p99.93p99.94;2008;0.0015;992;j
RS;sdiinc992j;p99.93p99.94;2009;0.0017;992;j
RS;sdiinc992j;p99.93p99.94;2010;0.0017;992;j
RS;sdiinc992j;p99.93p99.94;2011;0.0017;992;j
RS;sdiinc992j;p99.93p99.94;2012;0.0020999999;992;j
RS;sdiinc992j;p99.93p99.94;2013;0.0018;992;j
RS;sdiinc992j;p99.93p99.94;2014;0.0023000001;992;j
RS;sdiinc992j;p99.93p99.94;2015;0.0027999999;992;j
RS;sdiinc992j;p99.93p99.94;2016;0.0029;992;j
RS;sdiinc992j;p99.93p99.94;2017;0.0029;992;j
RS;sptinc992j;p0p50;1990;0.21600001;992;j
RS;sptinc992j;p0p50;1991;0.21529999;992;j
RS;sptinc992j;p0p50;1992;0.2147;992;j
RS;sptinc992j;p0p50;1993;0.214;992;j
RS;sptinc992j;p0p50;1994;0.2133;992;j
RS;sptinc992j;p0p50;1995;0.21259999;992;j
RS;sptinc992j;p0p50;1996;0.2123;992;j
RS;sptinc992j;p0p50;1997;0.21179999;992;j
RS;sptinc992j;p0p50;1998;0.21349999;992;j
RS;sptinc992j;p0p50;1999;0.2133;992;j
RS;sptinc992j;p0p50;2000;0.2101;992;j
RS;sptinc992j;p0p50;2001;0.2097;992;j
RS;sptinc992j;p0p50;2002;0.20110001;992;j
RS;sptinc992j;p0p50;2003;0.1973;992;j
RS;sptinc992j;p0p50;2004;0.1901;992;j
RS;sptinc992j;p0p50;2005;0.1831;992;j
RS;sptinc992j;p0p50;2006;0.1763;992;j
RS;sptinc992j;p0p50;2007;0.17399999;992;j
RS;sptinc992j;p0p50;2008;0.1673;992;j
RS;sptinc992j;p0p50;2009;0.1626;992;j
RS;sptinc992j;p0p50;2010;0.1558;992;j
RS;sptinc992j;p0p50;2011;0.1469;992;j
RS;sptinc992j;p0p50;2012;0.14390001;992;j
RS;sptinc992j;p0p50;2013;0.14380001;992;j
RS;sptinc992j;p0p50;2014;0.13850001;992;j
RS;sptinc992j;p0p50;2015;0.1443;992;j
RS;sptinc992j;p0p50;2016;0.1443;992;j
RS;sptinc992j;p0p50;2017;0.1441;992;j
RS;sptinc992j;p3p100;1990;0.9975;992;j
RS;sptinc992j;p3p100;1991;0.9975;992;j
RS;sptinc992j;p3p100;1992;0.99760002;992;j
RS;sptinc992j;p3p100;1993;0.99760002;992;j
RS;sptinc992j;p3p100;1994;0.99769998;992;j
RS;sptinc992j;p3p100;1995;0.99769998;992;j
RS;sptinc992j;p3p100;1996;0.99779999;992;j
RS;sptinc992j;p3p100;1997;0.99790001;992;j
RS;sptinc992j;p3p100;1998;0.99779999;992;j
RS;sptinc992j;p3p100;1999;0.99769998;992;j
RS;sptinc992j;p3p100;2000;0.99769998;992;j
RS;sptinc992j;p3p100;2001;0.99769998;992;j
RS;sptinc992j;p3p100;2002;0.9982;992;j
RS;sptinc992j;p3p100;2003;0.99800003;992;j
RS;sptinc992j;p3p100;2004;0.9982;992;j
RS;sptinc992j;p3p100;2005;0.9982;992;j
RS;sptinc992j;p3p100;2006;0.99839997;992;j
RS;sptinc992j;p3p100;2007;0.99849999;992;j
RS;sptinc992j;p3p100;2008;0.99870002;992;j
RS;sptinc992j;p3p100;2009;0.9989;992;j
RS;sptinc992j;p3p100;2010;0.9989;992;j
RS;sptinc992j;p3p100;2011;0.99910003;992;j
RS;sptinc992j;p3p100;2012;0.99910003;992;j
RS;sptinc992j;p3p100;2013;0.9993;992;j
RS;sptinc992j;p3p100;2014;0.9993;992;j
RS;sptinc992j;p3p100;2015;0.9993;992;j
RS;sptinc992j;p3p100;2016;0.9993;992;j
RS;sptinc992j;p3p100;2017;0.9993;992;j
RS;sptinc992j;p94p100;1990;0.2234;992;j
RS;sptinc992j;p94p100;1991;0.2255;992;j
RS;sptinc992j;p94p100;1992;0.22759999;992;j
RS;sptinc992j;p94p100;1993;0.2297;992;j
RS;sptinc992j;p94p100;1994;0.23190001;992;j
RS;sptinc992j;p94p100;1995;0.2341;992;j
RS;sptinc992j;p94p100;1996;0.23549999;992;j
RS;sptinc992j;p94p100;1997;0.2368;992;j
RS;sptinc992j;p94p100;1998;0.2388;992;j
RS;sptinc992j;p94p100;1999;0.24330001;992;j
RS;sptinc992j;p94p100;2000;0.25229999;992;j
RS;sptinc992j;p94p100;2001;0.25690001;992;j
RS;sptinc992j;p94p100;2002;0.26069999;992;j
RS;sptinc992j;p94p100;2003;0.26230001;992;j
RS;sptinc992j;p94p100;2004;0.26949999;992;j
RS;sptinc992j;p94p100;2005;0.27399999;992;j
RS;sptinc992j;p94p100;2006;0.27700001;992;j
RS;sptinc992j;p94p100;2007;0.26989999;992;j
RS;sptinc992j;p94p100;2008;0.27270001;992;j
RS;sptinc992j;p94p100;2009;0.2755;992;j
RS;sptinc992j;p94p100;2010;0.28420001;992;j
RS;sptinc992j;p94p100;2011;0.292;992;j
RS;sptinc992j;p94p100;2012;0.28760001;992;j
RS;sptinc992j;p94p100;2013;0.28479999;992;j
RS;sptinc992j;p94p100;2014;0.30419999;992;j
RS;sptinc992j;p94p100;2015;0.2974;992;j
RS;sptinc992j;p94p100;2016;0.2976;992;j
RS;sptinc992j;p94p100;2017;0.29789999;992;j
RS;sptinc992j;p99.93p99.94;1990;0.0016;992;j
RS;sptinc992j;p99.93p99.94;1991;0.0017;992;j
RS;sptinc992j;p99.93p99.94;1992;0.0017;992;j
RS;sptinc992j;p99.93p99.94;1993;0.0017;992;j
RS;sptinc992j;p99.93p99.94;1994;0.0018;992;j
RS;sptinc992j;p99.93p99.94;1995;0.0018;992;j
RS;sptinc992j;p99.93p99.94;1996;0.0018;992;j
RS;sptinc992j;p99.93p99.94;1997;0.0018;992;j
RS;sptinc992j;p99.93p99.94;1998;0.0019;992;j
RS;sptinc992j;p99.93p99.94;1999;0.0020000001;992;j
RS;sptinc992j;p99.93p99.94;2000;0.0020999999;992;j
RS;sptinc992j;p99.93p99.94;2001;0.0022;992;j
RS;sptinc992j;p99.93p99.94;2002;0.0022;992;j
RS;sptinc992j;p99.93p99.94;2003;0.0022;992;j
RS;sptinc992j;p99.93p99.94;2004;0.0022;992;j
RS;sptinc992j;p99.93p99.94;2005;0.0022;992;j
RS;sptinc992j;p99.93p99.94;2006;0.0023000001;992;j
RS;sptinc992j;p99.93p99.94;2007;0.0020999999;992;j
RS;sptinc992j;p99.93p99.94;2008;0.0022;992;j
RS;sptinc992j;p99.93p99.94;2009;0.0022;992;j
RS;sptinc992j;p99.93p99.94;2010;0.0022;992;j
RS;sptinc992j;p99.93p99.94;2011;0.0023000001;992;j
RS;sptinc992j;p99.93p99.94;2012;0.0020999999;992;j
RS;sptinc992j;p99.93p99.94;2013;0.0020999999;992;j
RS;sptinc992j;p99.93p99.94;2014;0.0026;992;j
RS;sptinc992j;p99.93p99.94;2015;0.0026;992;j
RS;sptinc992j;p99.93p99.94;2016;0.0026;992;j
RS;sptinc992j;p99.93p99.94;2017;0.0026;992;j
RS;tcainc992j;p33p100;1990;306408.09;992;j
RS;tcainc992j;p33p100;1991;267558.81;992;j
RS;tcainc992j;p33p100;1992;184294.59;992;j
RS;tcainc992j;p33p100;1993;120131.9;992;j
RS;tcainc992j;p33p100;1994;124303.1;992;j
RS;tcainc992j;p33p100;1995;131993.2;992;j
RS;tcainc992j;p33p100;1996;133977.8;992;j
RS;tcainc992j;p33p100;1997;142335.8;992;j
RS;tcainc992j;p33p100;1998;153274.3;992;j
RS;tcainc992j;p33p100;1999;175301.8;992;j
RS;tcainc992j;p33p100;2000;188304.09;992;j
RS;tcainc992j;p33p100;2001;182603.91;992;j
RS;tcainc992j;p33p100;2002;187923.5;992;j
RS;tcainc992j;p33p100;2003;196540.09;992;j
RS;tcainc992j;p33p100;2004;230283.91;992;j
RS;tcainc992j;p33p100;2005;256493.59;992;j
RS;tcainc992j;p33p100;2006;263480.81;992;j
RS;tcainc992j;p33p100;2007;260966.91;992;j
RS;tcainc992j;p33p100;2008;275194.0;992;j
RS;tcainc992j;p33p100;2009;264836.09;992;j
RS;tcainc992j;p33p100;2010;256331.0;992;j
RS;tcainc992j;p33p100;2011;247447.59;992;j
RS;tcainc992j;p33p100;2012;241313.09;992;j
RS;tcainc992j;p33p100;2013;234687.8;992;j
RS;tcainc992j;p33p100;2014;235350.41;992;j
RS;tcainc992j;p33p100;2015;227641.09;992;j
RS;tcainc992j;p33p100;2016;236126.8;992;j
RS;tcainc992j;p33p100;2017;236285.41;992;j
RS;tcainc992j;p52p53;1990;448106.31;992;j
RS;tcainc992j;p52p53;1991;389896.31;992;j
RS;tcainc992j;p52p53;1992;267587.91;992;j
RS;tcainc992j;p52p53;1993;173509.8;992;j
RS;tcainc992j;p52p53;1994;178830.3;992;j
RS;tcainc992j;p52p53;1995;188639.5;992;j
RS;tcainc992j;p52p53;1996;190369.5;992;j
RS;tcainc992j;p52p53;1997;201083.8;992;j
RS;tcainc992j;p52p53;1998;217075.0;992;j
RS;tcainc992j;p52p53;1999;245857.3;992;j
RS;tcainc992j;p52p53;2000;265041.31;992;j
RS;tcainc992j;p52p53;2001;256690.3;992;j
RS;tcainc992j;p52p53;2002;267425.41;992;j
RS;tcainc992j;p52p53;2003;279657.19;992;j
RS;tcainc992j;p52p53;2004;333322.91;992;j
RS;tcainc992j;p52p53;2005;372956.19;992;j
RS;tcainc992j;p52p53;2006;390313.31;992;j
RS;tcainc992j;p52p53;2007;391230.0;992;j
RS;tcainc992j;p52p53;2008;417513.91;992;j
RS;tcainc992j;p52p53;2009;408543.81;992;j
RS;tcainc992j;p52p53;2010;402533.09;992;j
RS;tcainc992j;p52p53;2011;401537.69;992;j
RS;tcainc992j;p52p53;2012;396288.0;992;j
RS;tcainc992j;p52p53;2013;404465.91;992;j
RS;tcainc992j;p52p53;2014;391777.19;992;j
RS;tcainc992j;p52p53;2015;387551.81;992;j
RS;tcainc992j;p52p53;2016;401981.0;992;j
RS;tcainc992j;p52p53;2017;402244.91;992;j
RS;tcainc992j;p63p100;1990;536824.38;992;j
RS;tcainc992j;p63p100;1991;466244.69;992;j
RS;tcainc992j;p63p100;1992;319358.31;992;j
RS;tcainc992j;p63p100;1993;206755.7;992;j
RS;tcainc992j;p63p100;1994;212951.0;992;j
RS;tcainc992j;p63p100;1995;224447.2;992;j
RS;tcainc992j;p63p100;1996;226442.3;992;j
RS;tcainc992j;p63p100;1997;239069.91;992;j
RS;tcainc992j;p63p100;1998;261119.0;992;j
RS;tcainc992j;p63p100;1999;295699.41;992;j
RS;tcainc992j;p63p100;2000;315579.19;992;j
RS;tcainc992j;p63p100;2001;305636.91;992;j
RS;tcainc992j;p63p100;2002;320343.31;992;j
RS;tcainc992j;p63p100;2003;337748.91;992;j
RS;tcainc992j;p63p100;2004;402829.31;992;j
RS;tcainc992j;p63p100;2005;454265.69;992;j
RS;tcainc992j;p63p100;2006;478978.41;992;j
RS;tcainc992j;p63p100;2007;481702.41;992;j
RS;tcainc992j;p63p100;2008;516322.69;992;j
RS;tcainc992j;p63p100;2009;505949.81;992;j
RS;tcainc992j;p63p100;2010;503641.09;992;j
RS;tcainc992j;p63p100;2011;505366.0;992;j
RS;tcainc992j;p63p100;2012;502298.69;992;j
RS;tcainc992j;p63p100;2013;521443.5;992;j
RS;tcainc992j;p63p100;2014;499846.31;992;j
RS;tcainc992j;p63p100;2015;486980.19;992;j
RS;tcainc992j;p63p100;2016;504944.09;992;j
RS;tcainc992j;p63p100;2017;505378.69;992;j
RS;tcainc992j;p72p73;1990;633557.63;992;j
RS;tcainc992j;p72p73;1991;550137.38;992;j
RS;tcainc992j;p72p73;1992;376429.31;992;j
RS;tcainc992j;p72p73;1993;243634.09;992;j
RS;tcainc992j;p72p73;1994;250514.7;992;j
RS;tcainc992j;p72p73;1995;263804.69;992;j
RS;tcainc992j;p72p73;1996;265902.09;992;j
RS;tcainc992j;p72p73;1997;280651.81;992;j
RS;tcainc992j;p72p73;1998;304991.0;992;j
RS;tcainc992j;p72p73;1999;343071.09;992;j
RS;tcainc992j;p72p73;2000;367843.81;992;j
RS;tcainc992j;p72p73;2001;356503.31;992;j
RS;tcainc992j;p72p73;2002;374803.91;992;j
RS;tcainc992j;p72p73;2003;395891.91;992;j
RS;tcainc992j;p72p73;2004;478001.91;992;j
RS;tcainc992j;p72p73;2005;540033.13;992;j
RS;tcainc992j;p72p73;2006;569510.31;992;j
RS;tcainc992j;p72p73;2007;574139.88;992;j
RS;tcainc992j;p72p73;2008;620035.19;992;j
RS;tcainc992j;p72p73;2009;608587.38;992;j
RS;tcainc992j;p72p73;2010;610360.88;992;j
RS;tcainc992j;p72p73;2011;612210.13;992;j
RS;tcainc992j;p72p73;2012;610858.81;992;j
RS;tcainc992j;p72p73;2013;641416.63;992;j
RS;tcainc992j;p72p73;2014;600841.31;992;j
RS;tcainc992j;p72p73;2015;583593.38;992;j
RS;tcainc992j;p72p73;2016;605076.5;992;j
RS;tcainc992j;p72p73;2017;605407.0;992;j
RS;tcainc992j;p80p90;1990;737365.19;992;j
RS;tcainc992j;p80p90;1991;638518.38;992;j
RS;tcainc992j;p80p90;1992;435891.81;992;j
RS;tcainc992j;p80p90;1993;281600.81;992;j
RS;tcainc992j;p80p90;1994;288845.09;992;j
RS;tcainc992j;p80p90;1995;303597.69;992;j
RS;tcainc992j;p80p90;1996;305362.59;992;j
RS;tcainc992j;p80p90;1997;321258.09;992;j
RS;tcainc992j;p80p90;1998;346773.59;992;j
RS;tcainc992j;p80p90;1999;391763.69;992;j
RS;tcainc992j;p80p90;2000;421861.31;992;j
RS;tcainc992j;p80p90;2001;406495.91;992;j
RS;tcainc992j;p80p90;2002;432348.41;992;j
RS;tcainc992j;p80p90;2003;456290.91;992;j
RS;tcainc992j;p80p90;2004;553346.13;992;j
RS;tcainc992j;p80p90;2005;631436.0;992;j
RS;tcainc992j;p80p90;2006;667617.38;992;j
RS;tcainc992j;p80p90;2007;674591.31;992;j
RS;tcainc992j;p80p90;2008;733458.81;992;j
RS;tcainc992j;p80p90;2009;720538.31;992;j
RS;tcainc992j;p80p90;2010;731227.38;992;j
RS;tcainc992j;p80p90;2011;740327.31;992;j
RS;tcainc992j;p80p90;2012;739834.88;992;j
RS;tcainc992j;p80p90;2013;776491.0;992;j
RS;tcainc992j;p80p90;2014;707753.63;992;j
RS;tcainc992j;p80p90;2015;700287.81;992;j
RS;tcainc992j;p80p90;2016;726158.0;992;j
RS;tcainc992j;p80p90;2017;726568.81;992;j
RS;tcainc992j;p88p89;1990;866442.38;992;j
RS;tcainc992j;p88p89;1991;749243.88;992;j
RS;tcainc992j;p88p89;1992;511024.5;992;j
RS;tcainc992j;p88p89;1993;330082.59;992;j
RS;tcainc992j;p88p89;1994;338305.31;992;j
RS;tcainc992j;p88p89;1995;354875.69;992;j
RS;tcainc992j;p88p89;1996;355664.19;992;j
RS;tcainc992j;p88p89;1997;373304.0;992;j
RS;tcainc992j;p88p89;1998;410294.19;992;j
RS;tcainc992j;p88p89;1999;462728.19;992;j
RS;tcainc992j;p88p89;2000;495745.59;992;j
RS;tcainc992j;p88p89;2001;479331.59;992;j
RS;tcainc992j;p88p89;2002;505734.09;992;j
RS;tcainc992j;p88p89;2003;546897.69;992;j
RS;tcainc992j;p88p89;2004;669675.63;992;j
RS;tcainc992j;p88p89;2005;772255.0;992;j
RS;tcainc992j;p88p89;2006;824884.31;992;j
RS;tcainc992j;p88p89;2007;837316.38;992;j
RS;tcainc992j;p88p89;2008;899862.31;992;j
RS;tcainc992j;p88p89;2009;896401.5;992;j
RS;tcainc992j;p88p89;2010;915093.0;992;j
RS;tcainc992j;p88p89;2011;938565.69;992;j
RS;tcainc992j;p88p89;2012;924464.88;992;j
RS;tcainc992j;p88p89;2013;958905.31;992;j
RS;tcainc992j;p88p89;2014;887636.0;992;j
RS;tcainc992j;p88p89;2015;876275.19;992;j
RS;tcainc992j;p88p89;2016;908414.69;992;j
RS;tcainc992j;p88p89;2017;909090.31;992;j
RS;tdiinc992j;p4p100;1990;133886.8;992;j
RS;tdiinc992j;p4p100;1991;115630.8;992;j
RS;tdiinc992j;p4p100;1992;79364.898;992;j
RS;tdiinc992j;p4p100;1993;51724.398;992;j
RS;tdiinc992j;p4p100;1994;53356.898;992;j
RS;tdiinc992j;p4p100;1995;55774.398;992;j
RS;tdiinc992j;p4p100;1996;56175.0;992;j
RS;tdiinc992j;p4p100;1997;60178.898;992;j
RS;tdiinc992j;p4p100;1998;60349.301;992;j
RS;tdiinc992j;p4p100;1999;63874.398;992;j
RS;tdiinc992j;p4p100;2000;70553.297;992;j
RS;tdiinc992j;p4p100;2001;70736.5;992;j
RS;tdiinc992j;p4p100;2002;66278.602;992;j
RS;tdiinc992j;p4p100;2003;66664.703;992;j
RS;tdiinc992j;p4p100;2004;67843.398;992;j
RS;tdiinc992j;p4p100;2005;72844.398;992;j
RS;tdiinc992j;p4p100;2006;74074.0;992;j
RS;tdiinc992j;p4p100;2007;73423.102;992;j
RS;tdiinc992j;p4p100;2008;81200.602;992;j
RS;tdiinc992j;p4p100;2009;82677.602;992;j
RS;tdiinc992j;p4p100;2010;83107.5;992;j
RS;tdiinc992j;p4p100;2011;76749.297;992;j
RS;tdiinc992j;p4p100;2012;71403.797;992;j
RS;tdiinc992j;p4p100;2013;98773.602;992;j
RS;tdiinc992j;p4p100;2014;143255.5;992;j
RS;tdiinc992j;p4p100;2015;115832.8;992;j
RS;tdiinc992j;p4p100;2016;111968.8;992;j
RS;tdiinc992j;p4p100;2017;111806.0;992;j
RS;tptinc992j;p32p33;1990;406454.31;992;j
RS;tptinc992j;p32p33;1991;353058.41;992;j
RS;tptinc992j;p32p33;1992;241044.0;992;j
RS;tptinc992j;p32p33;1993;156034.8;992;j
RS;tptinc992j;p32p33;1994;160337.2;992;j
RS;tptinc992j;p32p33;1995;168845.8;992;j
RS;tptinc992j;p32p33;1996;170214.09;992;j
RS;tptinc992j;p32p33;1997;180536.09;992;j
RS;tptinc992j;p32p33;1998;187248.59;992;j
RS;tptinc992j;p32p33;1999;204554.7;992;j
RS;tptinc992j;p32p33;2000;222294.7;992;j
RS;tptinc992j;p32p33;2001;220768.09;992;j
RS;tptinc992j;p32p33;2002;234354.5;992;j
RS;tptinc992j;p32p33;2003;239480.2;992;j
RS;tptinc992j;p32p33;2004;262484.31;992;j
RS;tptinc992j;p32p33;2005;283410.81;992;j
RS;tptinc992j;p32p33;2006;290331.31;992;j
RS;tptinc992j;p32p33;2007;305770.0;992;j
RS;tptinc992j;p32p33;2008;315351.69;992;j
RS;tptinc992j;p32p33;2009;300447.09;992;j
RS;tptinc992j;p32p33;2010;288963.91;992;j
RS;tptinc992j;p32p33;2011;272198.5;992;j
RS;tptinc992j;p32p33;2012;272322.41;992;j
RS;tptinc992j;p32p33;2013;280870.09;992;j
RS;tptinc992j;p32p33;2014;260694.59;992;j
RS;tptinc992j;p32p33;2015;277387.31;992;j
RS;tptinc992j;p32p33;2016;285913.19;992;j
RS;tptinc992j;p32p33;2017;287304.81;992;j
RS;tptinc992j;p4p100;1990;81348.297;992;j
RS;tptinc992j;p4p100;1991;72097.602;992;j
RS;tptinc992j;p4p100;1992;50440.102;992;j
RS;tptinc992j;p4p100;1993;33058.898;992;j
RS;tptinc992j;p4p100;1994;34399.199;992;j
RS;tptinc992j;p4p100;1995;36276.0;992;j
RS;tptinc992j;p4p100;1996;36666.102;992;j
RS;tptinc992j;p4p100;1997;39151.602;992;j
RS;tptinc992j;p4p100;1998;45351.602;992;j
RS;tptinc992j;p4p100;1999;50672.602;992;j
RS;tptinc992j;p4p100;2000;54340.301;992;j
RS;tptinc992j;p4p100;2001;55541.699;992;j
RS;tptinc992j;p4p100;2002;46896.5;992;j
RS;tptinc992j;p4p100;2003;48324.199;992;j
RS;tptinc992j;p4p100;2004;47888.699;992;j
RS;tptinc992j;p4p100;2005;48833.602;992;j
RS;tptinc992j;p4p100;2006;45288.0;992;j
RS;tptinc992j;p4p100;2007;43400.0;992;j
RS;tptinc992j;p4p100;2008;37976.602;992;j
RS;tptinc992j;p4p100;2009;33097.199;992;j
RS;tptinc992j;p4p100;2010;32585.0;992;j
RS;tptinc992j;p4p100;2011;27269.0;992;j
RS;tptinc992j;p4p100;2012;26149.199;992;j
RS;tptinc992j;p4p100;2013;21979.699;992;j
RS;tptinc992j;p4p100;2014;22320.1;992;j
RS;tptinc992j;p4p100;2015;22393.9;992;j
RS;tptinc992j;p4p100;2016;23143.6;992;j
RS;tptinc992j;p4p100;2017;23042.699;992;j
RS;tptinc992j;p75p100;1990;951245.88;992;j
RS;tptinc992j;p75p100;1991;823203.31;992;j
RS;tptinc992j;p75p100;1992;562105.88;992;j
RS;tptinc992j;p75p100;1993;363338.41;992;j
RS;tptinc992j;p75p100;1994;372956.31;992;j
RS;tptinc992j;p75p100;1995;392418.91;992;j
RS;tptinc992j;p75p100;1996;395010.41;992;j
RS;tptinc992j;p75p100;1997;417944.41;992;j
RS;tptinc992j;p75p100;1998;436517.81;992;j
RS;tptinc992j;p75p100;1999;472576.81;992;j
RS;tptinc992j;p75p100;2000;513165.91;992;j
RS;tptinc992j;p75p100;2001;508282.81;992;j
RS;tptinc992j;p75p100;2002;551922.88;992;j
RS;tptinc992j;p75p100;2003;580539.38;992;j
RS;tptinc992j;p75p100;2004;652027.81;992;j
RS;tptinc992j;p75p100;2005;725421.88;992;j
RS;tptinc992j;p75p100;2006;771924.5;992;j
RS;tptinc992j;p75p100;2007;814565.19;992;j
RS;tptinc992j;p75p100;2008;870551.88;992;j
RS;tptinc992j;p75p100;2009;856836.88;992;j
RS;tptinc992j;p75p100;2010;849372.38;992;j
RS;tptinc992j;p75p100;2011;849344.69;992;j
RS;tptinc992j;p75p100;2012;865765.31;992;j
RS;tptinc992j;p75p100;2013;892071.38;992;j
RS;tptinc992j;p75p100;2014;854491.88;992;j
RS;tptinc992j;p75p100;2015;850403.13;992;j
RS;tptinc992j;p75p100;2016;876228.38;992;j
RS;tptinc992j;p75p100;2017;881155.88;992;j
RS;tptinc992j;p99.6p99.7;1990;4911105.0;992;j
RS;tptinc992j;p99.6p99.7;1991;4314705.0;992;j
RS;tptinc992j;p99.6p99.7;1992;2992377.5;992;j
RS;tptinc992j;p99.6p99.7;1993;1963188.9;992;j
RS;tptinc992j;p99.6p99.7;1994;2050102.9;992;j
RS;tptinc992j;p99.6p99.7;1995;2190930.3;992;j
RS;tptinc992j;p99.6p99.7;1996;2222911.8;992;j
RS;tptinc992j;p99.6p99.7;1997;2370635.0;992;j
RS;tptinc992j;p99.6p99.7;1998;2527275.8;992;j
RS;tptinc992j;p99.6p99.7;1999;2840134.0;992;j
RS;tptinc992j;p99.6p99.7;2000;3283741.8;992;j
RS;tptinc992j;p99.6p99.7;2001;3356307.8;992;j
RS;tptinc992j;p99.6p99.7;2002;3678107.0;992;j
RS;tptinc992j;p99.6p99.7;2003;3873663.8;992;j
RS;tptinc992j;p99.6p99.7;2004;4496163.5;992;j
RS;tptinc992j;p99.6p99.7;2005;5101669.0;992;j
RS;tptinc992j;p99.6p99.7;2006;5445282.0;992;j
RS;tptinc992j;p99.6p99.7;2007;5399161.5;992;j
RS;tptinc992j;p99.6p99.7;2008;5810996.0;992;j
RS;tptinc992j;p99.6p99.7;2009;5763210.0;992;j
RS;tptinc992j;p99.6p99.7;2010;6018283.5;992;j
RS;tptinc992j;p99.6p99.7;2011;6223853.0;992;j
RS;tptinc992j;p99.6p99.7;2012;6113416.0;992;j
RS;tptinc992j;p99.6p99.7;2013;6181824.5;992;j
RS;tptinc992j;p99.6p99.7;2014;6568206.5;992;j
RS;tptinc992j;p99.6p99.7;2015;6402634.5;992;j
RS;tptinc992j;p99.6p99.7;2016;6606675.5;992;j
RS;tptinc992j;p99.6p99.7;2017;6656300.0;992;j
RS;acainc992j;p88p100;1990;1385060.5;992;j
RS;acainc992j;p88p100;1991;1196340.3;992;j
RS;acainc992j;p88p100;1992;815770.38;992;j
RS;acainc992j;p88p100;1993;527811.81;992;j
RS;acainc992j;p88p100;1994;542186.13;992;j
RS;acainc992j;p88p100;1995;570885.63;992;j
RS;acainc992j;p88p100;1996;572180.19;992;j
RS;acainc992j;p88p100;1997;600230.13;992;j
RS;acainc992j;p88p100;1998;665217.13;992;j
RS;acainc992j;p88p100;1999;772376.31;992;j
RS;acainc992j;p88p100;2000;858184.19;992;j
RS;acainc992j;p88p100;2001;849250.0;992;j
RS;acainc992j;p88p100;2002;905874.0;992;j
RS;acainc992j;p88p100;2003;959423.88;992;j
RS;acainc992j;p88p100;2004;1170371.9;992;j
RS;acainc992j;p88p100;2005;1361097.4;992;j
RS;acainc992j;p88p100;2006;1464750.8;992;j
RS;acainc992j;p88p100;2007;1457997.1;992;j
RS;acainc992j;p88p100;2008;1571719.6;992;j
RS;acainc992j;p88p100;2009;1582917.5;992;j
RS;acainc992j;p88p100;2010;1635043.3;992;j
RS;acainc992j;p88p100;2011;1690230.0;992;j
RS;acainc992j;p88p100;2012;1712116.8;992;j
RS;acainc992j;p88p100;2013;1730033.9;992;j
RS;acainc992j;p88p100;2014;1704971.8;992;j
RS;acainc992j;p88p100;2015;1839854.8;992;j
RS;acainc992j;p88p100;2016;1908116.3;992;j
RS;acainc992j;p88p100;2017;1910613.8;992;j
RS;adiinc992j;p16p100;1990;841165.0;992;j
RS;adiinc992j;p16p100;1991;730051.81;992;j
RS;adiinc992j;p16p100;1992;499697.19;992;j
RS;adiinc992j;p16p100;1993;323867.0;992;j
RS;adiinc992j;p16p100;1994;333354.5;992;j
RS;adiinc992j;p16p100;1995;351625.0;992;j
RS;adiinc992j;p16p100;1996;354244.41;992;j
RS;adiinc992j;p16p100;1997;375235.91;992;j
RS;adiinc992j;p16p100;1998;394147.5;992;j
RS;adiinc992j;p16p100;1999;431963.69;992;j
RS;adiinc992j;p16p100;2000;475163.41;992;j
RS;adiinc992j;p16p100;2001;474534.59;992;j
RS;adiinc992j;p16p100;2002;512835.91;992;j
RS;adiinc992j;p16p100;2003;539084.81;992;j
RS;adiinc992j;p16p100;2004;609258.63;992;j
RS;adiinc992j;p16p100;2005;680645.38;992;j
RS;adiinc992j;p16p100;2006;720268.19;992;j
RS;adiinc992j;p16p100;2007;744174.69;992;j
RS;adiinc992j;p16p100;2008;792587.88;992;j
RS;adiinc992j;p16p100;2009;778684.81;992;j
RS;adiinc992j;p16p100;2010;782087.13;992;j
RS;adiinc992j;p16p100;2011;786689.38;992;j
RS;adiinc992j;p16p100;2012;786533.13;992;j
RS;adiinc992j;p16p100;2013;801852.5;992;j
RS;adiinc992j;p16p100;2014;777384.63;992;j
RS;adiinc992j;p16p100;2015;788373.81;992;j
RS;adiinc992j;p16p100;2016;814168.19;992;j
RS;adiinc992j;p16p100;2017;819148.5;992;j
RS;adiinc992j;p2p100;1990;747765.63;992;j
RS;adiinc992j;p2p100;1991;649218.81;992;j
RS;adiinc992j;p2p100;1992;444544.5;992;j
RS;adiinc992j;p2p100;1993;288244.91;992;j
RS;adiinc992j;p2p100;1994;296826.0;992;j
RS;adiinc992j;p2p100;1995;313235.31;992;j
RS;adiinc992j;p2p100;1996;315724.81;992;j
RS;adiinc992j;p2p100;1997;334650.19;992;j
RS;adiinc992j;p2p100;1998;352022.5;992;j
RS;adiinc992j;p2p100;1999;385488.91;992;j
RS;adiinc992j;p2p100;2000;423877.09;992;j
RS;adiinc992j;p2p100;2001;423181.19;992;j
RS;adiinc992j;p2p100;2002;455321.09;992;j
RS;adiinc992j;p2p100;2003;478155.5;992;j
RS;adiinc992j;p2p100;2004;538239.88;992;j
RS;adiinc992j;p2p100;2005;600270.13;992;j
RS;adiinc992j;p2p100;2006;633652.0;992;j
RS;adiinc992j;p2p100;2007;653846.31;992;j
RS;adiinc992j;p2p100;2008;696150.81;992;j
RS;adiinc992j;p2p100;2009;683675.13;992;j
RS;adiinc992j;p2p100;2010;685541.13;992;j
RS;adiinc992j;p2p100;2011;687953.88;992;j
RS;adiinc992j;p2p100;2012;687084.19;992;j
RS;adiinc992j;p2p100;2013;703101.19;992;j
RS;adiinc992j;p2p100;2014;688349.81;992;j
RS;adiinc992j;p2p100;2015;693764.69;992;j
RS;adiinc992j;p2p100;2016;715400.13;992;j
RS;adiinc992j;p2p100;2017;719646.63;992;j
RS;adiinc992j;p45p100;1990;1061638.9;992;j
RS;adiinc992j;p45p100;1991;919928.19;992;j
RS;adiinc992j;p45p100;1992;628613.13;992;j
RS;adiinc992j;p45p100;1993;406806.69;992;j
RS;adiinc992j;p45p100;1994;418067.31;992;j
RS;adiinc992j;p45p100;1995;440304.31;992;j
RS;adiinc992j;p45p100;1996;442722.69;992;j
RS;adiinc992j;p45p100;1997;467899.0;992;j
RS;adiinc992j;p45p100;1998;492433.09;992;j
RS;adiinc992j;p45p100;1999;541129.69;992;j
RS;adiinc992j;p45p100;2000;595347.0;992;j
RS;adiinc992j;p45p100;2001;594795.5;992;j
RS;adiinc992j;p45p100;2002;646083.88;992;j
RS;adiinc992j;p45p100;2003;680807.63;992;j
RS;adiinc992j;p45p100;2004;775381.81;992;j
RS;adiinc992j;p45p100;2005;869709.88;992;j
RS;adiinc992j;p45p100;2006;926397.0;992;j
RS;adiinc992j;p45p100;2007;957673.31;992;j
RS;adiinc992j;p45p100;2008;1023707.0;992;j
RS;adiinc992j;p45p100;2009;1010918.5;992;j
RS;adiinc992j;p45p100;2010;1023716.4;992;j
RS;adiinc992j;p45p100;2011;1038276.2;992;j
RS;adiinc992j;p45p100;2012;1038665.7;992;j
RS;adiinc992j;p45p100;2013;1067601.9;992;j
RS;adiinc992j;p45p100;2014;1023660.4;992;j
RS;adiinc992j;p45p100;2015;1048012.7;992;j
RS;adiinc992j;p45p100;2016;1085216.6;992;j
RS;adiinc992j;p45p100;2017;1092250.8;992;j
RS;adiinc992j;p65p100;1990;1282076.1;992;j
RS;adiinc992j;p65p100;1991;1109654.8;992;j
RS;adiinc992j;p65p100;1992;757515.19;992;j
RS;adiinc992j;p65p100;1993;489944.81;992;j
RS;adiinc992j;p65p100;1994;503189.59;992;j
RS;adiinc992j;p65p100;1995;529656.5;992;j
RS;adiinc992j;p65p100;1996;531934.0;992;j
RS;adiinc992j;p65p100;1997;561396.13;992;j
RS;adiinc992j;p65p100;1998;593548.81;992;j
RS;adiinc992j;p65p100;1999;654731.88;992;j
RS;adiinc992j;p65p100;2000;722316.38;992;j
RS;adiinc992j;p65p100;2001;723060.5;992;j
RS;adiinc992j;p65p100;2002;787529.38;992;j
RS;adiinc992j;p65p100;2003;831375.88;992;j
RS;adiinc992j;p65p100;2004;951286.63;992;j
RS;adiinc992j;p65p100;2005;1072380.3;992;j
RS;adiinc992j;p65p100;2006;1146412.5;992;j
RS;adiinc992j;p65p100;2007;1183743.1;992;j
RS;adiinc992j;p65p100;2008;1267697.4;992;j
RS;adiinc992j;p65p100;2009;1256693.3;992;j
RS;adiinc992j;p65p100;2010;1280404.9;992;j
RS;adiinc992j;p65p100;2011;1305116.3;992;j
RS;adiinc992j;p65p100;2012;1309142.8;992;j
RS;adiinc992j;p65p100;2013;1345323.6;992;j
RS;adiinc992j;p65p100;2014;1288996.6;992;j
RS;adiinc992j;p65p100;2015;1331493.6;992;j
RS;adiinc992j;p65p100;2016;1381205.1;992;j
RS;adiinc992j;p65p100;2017;1390512.4;992;j
RS;adiinc992j;p84p85;1990;1112094.5;992;j
RS;adiinc992j;p84p85;1991;960172.0;992;j
RS;adiinc992j;p84p85;1992;654398.31;992;j
RS;adiinc992j;p84p85;1993;422045.0;992;j
RS;adiinc992j;p84p85;1994;432412.5;992;j
RS;adiinc992j;p84p85;1995;454273.91;992;j
RS;adiinc992j;p84p85;1996;456094.91;992;j
RS;adiinc992j;p84p85;1997;481200.5;992;j
RS;adiinc992j;p84p85;1998;500829.69;992;j
RS;adiinc992j;p84p85;1999;545684.81;992;j
RS;adiinc992j;p84p85;2000;591524.38;992;j
RS;adiinc992j;p84p85;2001;584817.38;992;j
RS;adiinc992j;p84p85;2002;636272.69;992;j
RS;adiinc992j;p84p85;2003;674402.0;992;j
RS;adiinc992j;p84p85;2004;772962.13;992;j
RS;adiinc992j;p84p85;2005;864699.81;992;j
RS;adiinc992j;p84p85;2006;925001.13;992;j
RS;adiinc992j;p84p85;2007;968293.31;992;j
RS;adiinc992j;p84p85;2008;1038588.3;992;j
RS;adiinc992j;p84p85;2009;1027628.4;992;j
RS;adiinc992j;p84p85;2010;1038214.9;992;j
RS;adiinc992j;p84p85;2011;1056204.5;992;j
RS;adiinc992j;p84p85;2012;1054514.6;992;j
RS;adiinc992j;p84p85;2013;1103570.4;992;j
RS;adiinc992j;p84p85;2014;1014108.0;992;j
RS;adiinc992j;p84p85;2015;998317.31;992;j
RS;adiinc992j;p84p85;2016;1033132.6;992;j
RS;adiinc992j;p84p85;2017;1039533.7;992;j
RS;adiinc992j;p8p9;1990;183451.91;992;j
RS;adiinc992j;p8p9;1991;160591.3;992;j
RS;adiinc992j;p8p9;1992;111476.6;992;j
RS;adiinc992j;p8p9;1993;73451.797;992;j
RS;adiinc992j;p8p9;1994;76704.703;992;j
RS;adiinc992j;p8p9;1995;82249.5;992;j
RS;adiinc992j;p8p9;1996;84363.602;992;j
RS;adiinc992j;p8p9;1997;91297.398;992;j
RS;adiinc992j;p8p9;1998;101335.8;992;j
RS;adiinc992j;p8p9;1999;109087.8;992;j
RS;adiinc992j;p8p9;2000;118156.1;992;j
RS;adiinc992j;p8p9;2001;118142.3;992;j
RS;adiinc992j;p8p9;2002;109266.3;992;j
RS;adiinc992j;p8p9;2003;110302.4;992;j
RS;adiinc992j;p8p9;2004;107288.5;992;j
RS;adiinc992j;p8p9;2005;114828.9;992;j
RS;adiinc992j;p8p9;2006;109045.3;992;j
RS;adiinc992j;p8p9;2007;103690.9;992;j
RS;adiinc992j;p8p9;2008;108618.4;992;j
RS;adiinc992j;p8p9;2009;103596.6;992;j
RS;adiinc992j;p8p9;2010;98536.5;992;j
RS;adiinc992j;p8p9;2011;90103.602;992;j
RS;adiinc992j;p8p9;2012;80770.5;992;j
RS;adiinc992j;p8p9;2013;108344.9;992;j
RS;adiinc992j;p8p9;2014;152039.91;992;j
RS;adiinc992j;p8p9;2015;123562.9;992;j
RS;adiinc992j;p8p9;2016;120112.8;992;j
RS;adiinc992j;p8p9;2017;119954.5;992;j
RS;adiinc992j;p99.93p99.94;1990;10361956.0;992;j
RS;adiinc992j;p99.93p99.94;1991;8789176.0;992;j
RS;adiinc992j;p99.93p99.94;1992;5862800.0;992;j
RS;adiinc992j;p99.93p99.94;1993;3752609.0;992;j
RS;adiinc992j;p99.93p99.94;1994;3824311.5;992;j
RS;adiinc992j;p99.93p99.94;1995;4002152.5;992;j
RS;adiinc992j;p99.93p99.94;1996;3955924.8;992;j
RS;adiinc992j;p99.93p99.94;1997;4101048.5;992;j
RS;adiinc992j;p99.93p99.94;1998;4518375.5;992;j
RS;adiinc992j;p99.93p99.94;1999;5479751.5;992;j
RS;adiinc992j;p99.93p99.94;2000;6382672.0;992;j
RS;adiinc992j;p99.93p99.94;2001;6803377.0;992;j
RS;adiinc992j;p99.93p99.94;2002;7300636.0;992;j
RS;adiinc992j;p99.93p99.94;2003;7583122.5;992;j
RS;adiinc992j;p99.93p99.94;2004;8652496.0;992;j
RS;adiinc992j;p99.93p99.94;2005;10084130.0;992;j
RS;adiinc992j;p99.93p99.94;2006;10639013.0;992;j
RS;adiinc992j;p99.93p99.94;2007;10301200.0;992;j
RS;adiinc992j;p99.93p99.94;2008;10592157.0;992;j
RS;adiinc992j;p99.93p99.94;2009;11383444.0;992;j
RS;adiinc992j;p99.93p99.94;2010;11490673.0;992;j
RS;adiinc992j;p99.93p99.94;2011;11716097.0;992;j
RS;adiinc992j;p99.93p99.94;2012;13843848.0;992;j
RS;adiinc992j;p99.93p99.94;2013;12675825.0;992;j
RS;adiinc992j;p99.93p99.94;2014;15454862.0;992;j
RS;adiinc992j;p99.93p99.94;2015;19201722.0;992;j
RS;adiinc992j;p99.93p99.94;2016;20043814.0;992;j
RS;adiinc992j;p99.93p99.94;2017;20202396.0;992;j
RS;adiinc992j;p99.997p100;1990;113081016.0;992;j
RS;adiinc992j;p99.997p100;1991;90460488.0;992;j
RS;adiinc992j;p99.997p100;1992;55520864.0;992;j
RS;adiinc992j;p99.997p100;1993;33484772.0;992;j
RS;adiinc992j;p99.997p100;1994;32818746.0;992;j
RS;adiinc992j;p99.997p100;1995;33197104.0;992;j
RS;adiinc992j;p99.997p100;1996;31646872.0;992;j
RS;adiinc992j;p99.997p100;1997;31532944.0;992;j
RS;adiinc992j;p99.997p100;1998;36241972.0;992;j
RS;adiinc992j;p99.997p100;1999;51290788.0;992;j
RS;adiinc992j;p99.997p100;2000;59368340.0;992;j
RS;adiinc992j;p99.997p100;2001;71054512.0;992;j
RS;adiinc992j;p99.997p100;2002;69199992.0;992;j
RS;adiinc992j;p99.997p100;2003;72489864.0;992;j
RS;adiinc992j;p99.997p100;2004;83268064.0;992;j
RS;adiinc992j;p99.997p100;2005;102322776.0;992;j
RS;adiinc992j;p99.997p100;2006;95757768.0;992;j
RS;adiinc992j;p99.997p100;2007;81830016.0;992;j
RS;adiinc992j;p99.997p100;2008;73484600.0;992;j
RS;adiinc992j;p99.997p100;2009;94070176.0;992;j
RS;adiinc992j;p99.997p100;2010;87451848.0;992;j
RS;adiinc992j;p99.997p100;2011;84834288.0;992;j
RS;adiinc992j;p99.997p100;2012;148017072.0;992;j
RS;adiinc992j;p99.997p100;2013;105577376.0;992;j
RS;adiinc992j;p99.997p100;2014;242674080.0;992;j
RS;adiinc992j;p99.997p100;2015;451715328.0;992;j
RS;adiinc992j;p99.997p100;2016;472160480.0;992;j
RS;adiinc992j;p99.997p100;2017;476760960.0;992;j
RS;afdinx992i;p0p100;2007;-21115.9;992;i
RS;afdinx992i;p0p100;2008;-17901.301;992;i
RS;afdinx992i;p0p100;2009;-6097.2002;992;i
RS;afdinx992i;p0p100;2010;-9487.7998;992;i
RS;afdinx992i;p0p100;2011;-24144.199;992;i
RS;afdinx992i;p0p100;2012;-18929.6;992;i
RS;afdinx992i;p0p100;2013;-23084.6;992;i
RS;afdinx992i;p0p100;2014;-20229.1;992;i
RS;afdinx992i;p0p100;2015;-26587.9;992;i
RS;afdinx992i;p0p100;2016;-34585.301;992;i
RS;afdinx992i;p0p100;2017;-48810.102;992;i
RS;afdinx992i;p0p100;2018;-42774.898;992;i
RS;ansrhn992i;p0p100;1997;21090.699;992;i
RS;ansrhn992i;p0p100;1998;19200.301;992;i
RS;ansrhn992i;p0p100;1999;28972.1;992;i
RS;ansrhn992i;p0p100;2000;30087.4;992;i
RS;ansrhn992i;p0p100;2001;30136.0;992;i
RS;ansrhn992i;p0p100;2002;29209.9;992;i
RS;ansrhn992i;p0p100;2003;35180.0;992;i
RS;ansrhn992i;p0p100;2004;36618.801;992;i
RS;ansrhn992i;p0p100;2005;39514.5;992;i
RS;ansrhn992i;p0p100;2006;43196.301;992;i
RS;ansrhn992i;p0p100;2007;44963.699;992;i
RS;ansrhn992i;p0p100;2008;44389.301;992;i
RS;ansrhn992i;p0p100;2009;49823.0;992;i
RS;ansrhn992i;p0p100;2010;51039.0;992;i
RS;ansrhn992i;p0p100;2011;52122.898;992;i
RS;aptinc992j;p25p100;1990;923016.81;992;j
RS;aptinc992j;p25p100;1991;801219.38;992;j
RS;aptinc992j;p25p100;1992;548508.13;992;j
RS;aptinc992j;p25p100;1993;355589.31;992;j
RS;aptinc992j;p25p100;1994;366105.69;992;j
RS;aptinc992j;p25p100;1995;386273.5;992;j
RS;aptinc992j;p25p100;1996;389243.69;992;j
RS;aptinc992j;p25p100;1997;412513.69;992;j
RS;aptinc992j;p25p100;1998;432001.41;992;j
RS;aptinc992j;p25p100;1999;472921.91;992;j
RS;aptinc992j;p25p100;2000;520730.0;992;j
RS;aptinc992j;p25p100;2001;519743.69;992;j
RS;aptinc992j;p25p100;2002;563086.81;992;j
RS;aptinc992j;p25p100;2003;592799.81;992;j
RS;aptinc992j;p25p100;2004;670116.81;992;j
RS;aptinc992j;p25p100;2005;750063.0;992;j
RS;aptinc992j;p25p100;2006;795507.31;992;j
RS;aptinc992j;p25p100;2007;823654.63;992;j
RS;aptinc992j;p25p100;2008;880830.5;992;j
RS;aptinc992j;p25p100;2009;867916.0;992;j
RS;aptinc992j;p25p100;2010;872598.5;992;j
RS;aptinc992j;p25p100;2011;879252.69;992;j
RS;aptinc992j;p25p100;2012;879642.31;992;j
RS;aptinc992j;p25p100;2013;902252.5;992;j
RS;aptinc992j;p25p100;2014;885164.19;992;j
RS;aptinc992j;p25p100;2015;890612.81;992;j
RS;aptinc992j;p25p100;2016;918145.13;992;j
RS;aptinc992j;p25p100;2017;923692.31;992;j
RS;aptinc992j;p40p50;1990;544759.0;992;j
RS;aptinc992j;p40p50;1991;470115.81;992;j
RS;aptinc992j;p40p50;1992;320054.81;992;j
RS;aptinc992j;p40p50;1993;206280.5;992;j
RS;aptinc992j;p40p50;1994;211106.5;992;j
RS;aptinc992j;p40p50;1995;221451.41;992;j
RS;aptinc992j;p40p50;1996;222150.8;992;j
RS;aptinc992j;p40p50;1997;234345.09;992;j
RS;aptinc992j;p40p50;1998;241279.0;992;j
RS;aptinc992j;p40p50;1999;263663.5;992;j
RS;aptinc992j;p40p50;2000;286586.0;992;j
RS;aptinc992j;p40p50;2001;285006.41;992;j
RS;aptinc992j;p40p50;2002;304513.0;992;j
RS;aptinc992j;p40p50;2003;317840.59;992;j
RS;aptinc992j;p40p50;2004;352781.59;992;j
RS;aptinc992j;p40p50;2005;385733.69;992;j
RS;aptinc992j;p40p50;2006;404862.19;992;j
RS;aptinc992j;p40p50;2007;421314.91;992;j
RS;aptinc992j;p40p50;2008;445251.09;992;j
RS;aptinc992j;p40p50;2009;435462.41;992;j
RS;aptinc992j;p40p50;2010;426363.59;992;j
RS;aptinc992j;p40p50;2011;419346.81;992;j
RS;aptinc992j;p40p50;2012;415202.09;992;j
RS;aptinc992j;p40p50;2013;433429.91;992;j
RS;aptinc992j;p40p50;2014;410997.41;992;j
RS;aptinc992j;p40p50;2015;424903.81;992;j
RS;aptinc992j;p40p50;2016;437938.31;992;j
RS;aptinc992j;p40p50;2017;440261.81;992;j
RS;aptinc992j;p82p100;1990;1755992.8;992;j
RS;aptinc992j;p82p100;1991;1530878.8;992;j
RS;aptinc992j;p82p100;1992;1052304.3;992;j
RS;aptinc992j;p82p100;1993;685029.19;992;j
RS;aptinc992j;p82p100;1994;708224.31;992;j
RS;aptinc992j;p82p100;1995;750454.19;992;j
RS;aptinc992j;p82p100;1996;758180.13;992;j
RS;aptinc992j;p82p100;1997;805590.0;992;j
RS;aptinc992j;p82p100;1998;849463.31;992;j
RS;aptinc992j;p82p100;1999;936521.13;992;j
RS;aptinc992j;p82p100;2000;1047320.6;992;j
RS;aptinc992j;p82p100;2001;1053140.1;992;j
RS;aptinc992j;p82p100;2002;1149460.8;992;j
RS;aptinc992j;p82p100;2003;1217874.3;992;j
RS;aptinc992j;p82p100;2004;1400454.8;992;j
RS;aptinc992j;p82p100;2005;1589689.5;992;j
RS;aptinc992j;p82p100;2006;1695875.6;992;j
RS;aptinc992j;p82p100;2007;1739071.4;992;j
RS;aptinc992j;p82p100;2008;1870393.8;992;j
RS;aptinc992j;p82p100;2009;1855988.6;992;j
RS;aptinc992j;p82p100;2010;1902206.9;992;j
RS;aptinc992j;p82p100;2011;1948793.8;992;j
RS;aptinc992j;p82p100;2012;1938772.8;992;j
RS;aptinc992j;p82p100;2013;1972486.8;992;j
RS;aptinc992j;p82p100;2014;1987232.3;992;j
RS;aptinc992j;p82p100;2015;1975343.3;992;j
RS;aptinc992j;p82p100;2016;2036921.4;992;j
RS;aptinc992j;p82p100;2017;2050217.4;992;j
RS;aptinc992j;p85p100;1990;1882780.6;992;j
RS;aptinc992j;p85p100;1991;1642894.4;992;j
RS;aptinc992j;p85p100;1992;1130220.0;992;j
RS;aptinc992j;p85p100;1993;736372.31;992;j
RS;aptinc992j;p85p100;1994;761952.81;992;j
RS;aptinc992j;p85p100;1995;808109.13;992;j
RS;aptinc992j;p85p100;1996;816874.0;992;j
RS;aptinc992j;p85p100;1997;868413.19;992;j
RS;aptinc992j;p85p100;1998;917500.63;992;j
RS;aptinc992j;p85p100;1999;1012737.7;992;j
RS;aptinc992j;p85p100;2000;1136211.6;992;j
RS;aptinc992j;p85p100;2001;1144334.3;992;j
RS;aptinc992j;p85p100;2002;1248751.0;992;j
RS;aptinc992j;p85p100;2003;1324342.6;992;j
RS;aptinc992j;p85p100;2004;1525199.8;992;j
RS;aptinc992j;p85p100;2005;1732628.3;992;j
RS;aptinc992j;p85p100;2006;1849338.9;992;j
RS;aptinc992j;p85p100;2007;1890520.6;992;j
RS;aptinc992j;p85p100;2008;2032577.9;992;j
RS;aptinc992j;p85p100;2009;2018723.1;992;j
RS;aptinc992j;p85p100;2010;2072493.9;992;j
RS;aptinc992j;p85p100;2011;2126192.8;992;j
RS;aptinc992j;p85p100;2012;2110444.8;992;j
RS;aptinc992j;p85p100;2013;2144810.3;992;j
RS;aptinc992j;p85p100;2014;2171991.8;992;j
RS;aptinc992j;p85p100;2015;2158593.3;992;j
RS;aptinc992j;p85p100;2016;2225992.8;992;j
RS;aptinc992j;p85p100;2017;2240677.8;992;j
RS;aptinc992j;p86p87;1990;1198617.4;992;j
RS;aptinc992j;p86p87;1991;1036871.3;992;j
RS;aptinc992j;p86p87;1992;707592.38;992;j
RS;aptinc992j;p86p87;1993;457336.81;992;j
RS;aptinc992j;p86p87;1994;469402.09;992;j
RS;aptinc992j;p86p87;1995;493615.19;992;j
RS;aptinc992j;p86p87;1996;496310.19;992;j
RS;aptinc992j;p86p87;1997;524880.69;992;j
RS;aptinc992j;p86p87;1998;546641.19;992;j
RS;aptinc992j;p86p87;1999;593754.0;992;j
RS;aptinc992j;p86p87;2000;645130.0;992;j
RS;aptinc992j;p86p87;2001;638088.38;992;j
RS;aptinc992j;p86p87;2002;696202.63;992;j
RS;aptinc992j;p86p87;2003;736411.63;992;j
RS;aptinc992j;p86p87;2004;837866.63;992;j
RS;aptinc992j;p86p87;2005;950952.38;992;j
RS;aptinc992j;p86p87;2006;1015998.9;992;j
RS;aptinc992j;p86p87;2007;1074381.4;992;j
RS;aptinc992j;p86p87;2008;1160098.0;992;j
RS;aptinc992j;p86p87;2009;1148291.0;992;j
RS;aptinc992j;p86p87;2010;1155907.0;992;j
RS;aptinc992j;p86p87;2011;1172107.5;992;j
RS;aptinc992j;p86p87;2012;1189472.8;992;j
RS;aptinc992j;p86p87;2013;1221314.0;992;j
RS;aptinc992j;p86p87;2014;1165465.8;992;j
RS;aptinc992j;p86p87;2015;1175252.5;992;j
RS;aptinc992j;p86p87;2016;1211453.6;992;j
RS;aptinc992j;p86p87;2017;1218797.3;992;j
RS;asegfc992i;p0p100;1997;19282.199;992;i
RS;asegfc992i;p0p100;1998;20141.0;992;i
RS;asegfc992i;p0p100;1999;8232.0996;992;i
RS;asegfc992i;p0p100;2000;5633.3999;992;i
RS;asegfc992i;p0p100;2001;6203.2002;992;i
RS;asegfc992i;p0p100;2002;11459.3;992;i
RS;asegfc992i;p0p100;2003;7918.2998;992;i
RS;asegfc992i;p0p100;2004;5594.5;992;i
RS;asegfc992i;p0p100;2005;6363.3999;992;i
RS;asegfc992i;p0p100;2006;6075.0;992;i
RS;asegfc992i;p0p100;2007;913.29999;992;i
RS;asegfc992i;p0p100;2008;10261.5;992;i
RS;asegfc992i;p0p100;2009;13479.2;992;i
RS;asegfc992i;p0p100;2010;15063.2;992;i
RS;asegfc992i;p0p100;2011;16181.2;992;i
RS;bcainc992j;p67p100;1990;1.6438297;992;j
RS;bcainc992j;p67p100;1991;1.6375722;992;j
RS;bcainc992j;p67p100;1992;1.6346135;992;j
RS;bcainc992j;p67p100;1993;1.6334853;992;j
RS;bcainc992j;p67p100;1994;1.6345173;992;j
RS;bcainc992j;p67p100;1995;1.6341543;992;j
RS;bcainc992j;p67p100;1996;1.6286986;992;j
RS;bcainc992j;p67p100;1997;1.6242137;992;j
RS;bcainc992j;p67p100;1998;1.6319809;992;j
RS;bcainc992j;p67p100;1999;1.6542263;992;j
RS;bcainc992j;p67p100;2000;1.6948529;992;j
RS;bcainc992j;p67p100;2001;1.7090517;992;j
RS;bcainc992j;p67p100;2002;1.7225302;992;j
RS;bcainc992j;p67p100;2003;1.732545;992;j
RS;bcainc992j;p67p100;2004;1.7556399;992;j
RS;bcainc992j;p67p100;2005;1.7939609;992;j
RS;bcainc992j;p67p100;2006;1.8154351;992;j
RS;bcainc992j;p67p100;2007;1.8086007;992;j
RS;bcainc992j;p67p100;2008;1.8117014;992;j
RS;bcainc992j;p67p100;2009;1.8446478;992;j
RS;bcainc992j;p67p100;2010;1.8872768;992;j
RS;bcainc992j;p67p100;2011;1.9212912;992;j
RS;bcainc992j;p67p100;2012;1.9481955;992;j
RS;bcainc992j;p67p100;2013;1.9098674;992;j
RS;bcainc992j;p67p100;2014;1.9486955;992;j
RS;bcainc992j;p67p100;2015;2.0884397;992;j
RS;bcainc992j;p67p100;2016;2.0887485;992;j
RS;bcainc992j;p67p100;2017;2.0892823;992;j
RS;bdiinc992j;p20p100;1990;2.8434408;992;j
RS;bdiinc992j;p20p100;1991;2.8017843;992;j
RS;bdiinc992j;p20p100;1992;2.7496033;992;j
RS;bdiinc992j;p20p100;1993;2.7058272;992;j
RS;bdiinc992j;p20p100;1994;2.6638851;992;j
RS;bdiinc992j;p20p100;1995;2.6267095;992;j
RS;bdiinc992j;p20p100;1996;2.5829217;992;j
RS;bdiinc992j;p20p100;1997;2.5401201;992;j
RS;bdiinc992j;p20p100;1998;2.4423823;992;j
RS;bdiinc992j;p20p100;1999;2.5053625;992;j
RS;bdiinc992j;p20p100;2000;2.4878948;992;j
RS;bdiinc992j;p20p100;2001;2.4768164;992;j
RS;bdiinc992j;p20p100;2002;2.6332388;992;j
RS;bdiinc992j;p20p100;2003;2.6968784;992;j
RS;bdiinc992j;p20p100;2004;2.9127297;992;j
RS;bdiinc992j;p20p100;2005;2.9643447;992;j
RS;bdiinc992j;p20p100;2006;3.194521;992;j
RS;bdiinc992j;p20p100;2007;3.1944222;992;j
RS;bdiinc992j;p20p100;2008;3.3183892;992;j
RS;bdiinc992j;p20p100;2009;3.6285863;992;j
RS;bdiinc992j;p20p100;2010;3.9713678;992;j
RS;bdiinc992j;p20p100;2011;4.435473;992;j
RS;bdiinc992j;p20p100;2012;4.3196011;992;j
RS;bdiinc992j;p20p100;2013;5.1415186;992;j
RS;bdiinc992j;p20p100;2014;3.9874368;992;j
RS;bdiinc992j;p20p100;2015;4.6636758;992;j
RS;bdiinc992j;p20p100;2016;4.8458128;992;j
RS;bdiinc992j;p20p100;2017;4.8752174;992;j
RS;bptinc992j;p11p100;1990;4.8690481;992;j
RS;bptinc992j;p11p100;1991;4.8474154;992;j
RS;bptinc992j;p11p100;1992;4.8253541;992;j
RS;bptinc992j;p11p100;1993;4.8043041;992;j
RS;bptinc992j;p11p100;1994;4.7790103;992;j
RS;bptinc992j;p11p100;1995;4.7627492;992;j
RS;bptinc992j;p11p100;1996;4.7311153;992;j
RS;bptinc992j;p11p100;1997;4.7067714;992;j
RS;bptinc992j;p11p100;1998;4.3078041;992;j
RS;bptinc992j;p11p100;1999;4.2875075;992;j
RS;bptinc992j;p11p100;2000;4.3562827;992;j
RS;bptinc992j;p11p100;2001;4.2902589;992;j
RS;bptinc992j;p11p100;2002;4.9115748;992;j
RS;bptinc992j;p11p100;2003;5.1989927;992;j
RS;bptinc992j;p11p100;2004;5.8481879;992;j
RS;bptinc992j;p11p100;2005;6.5411959;992;j
RS;bptinc992j;p11p100;2006;7.610929;992;j
RS;bptinc992j;p11p100;2007;8.5754814;992;j
RS;bptinc992j;p11p100;2008;10.592717;992;j
RS;bptinc992j;p11p100;2009;12.177439;992;j
RS;bptinc992j;p11p100;2010;13.501298;992;j
RS;bptinc992j;p11p100;2011;15.889696;992;j
RS;bptinc992j;p11p100;2012;17.742144;992;j
RS;bptinc992j;p11p100;2013;20.96678;992;j
RS;bptinc992j;p11p100;2014;22.809252;992;j
RS;bptinc992j;p11p100;2015;20.302822;992;j
RS;bptinc992j;p11p100;2016;20.209177;992;j
RS;bptinc992j;p11p100;2017;20.219284;992;j
RS;mnninc999i;p0p100;1980;4455294566400.0;999;i
RS;mnninc999i;p0p100;1981;4511589466112.0;999;i
RS;mnninc999i;p0p100;1982;4446301454336.0;999;i
RS;mnninc999i;p0p100;1983;4458268852224.0;999;i
RS;mnninc999i;p0p100;1984;4527581298688.0;999;i
RS;mnninc999i;p0p100;1985;4593629528064.0;999;i
RS;mnninc999i;p0p100;1986;4648026505216.0;999;i
RS;mnninc999i;p0p100;1987;4565420736512.0;999;i
RS;mnninc999i;p0p100;1988;4621003653120.0;999;i
RS;mnninc999i;p0p100;1989;4659083739136.0;999;i
RS;mnninc999i;p0p100;1990;4753902796800.0;999;i
RS;mnninc999i;p0p100;1991;4170594123776.0;999;i
RS;mnninc999i;p0p100;1992;2893271269376.0;999;i
RS;mnninc999i;p0p100;1993;1901985267712.0;999;i
RS;mnninc999i;p0p100;1994;1981800120320.0;999;i
RS;mnninc999i;p0p100;1995;2108355510272.0;999;i
RS;mnninc999i;p0p100;1996;2135128539136.0;999;i
RS;mnninc999i;p0p100;1997;2262304030720.0;999;i
RS;mnninc999i;p0p100;1998;2370802810880.0;999;i
RS;mnninc999i;p0p100;1999;2034051579904.0;999;i
RS;mnninc999i;p0p100;2000;2243597959168.0;999;i
RS;mnninc999i;p0p100;2001;2245656838144.0;999;i
RS;mnninc999i;p0p100;2002;2425522225152.0;999;i
RS;mnninc999i;p0p100;2003;2553335775232.0;999;i
RS;mnninc999i;p0p100;2004;2881531150336.0;999;i
RS;mnninc999i;p0p100;2005;3220904345600.0;999;i
RS;mnninc999i;p0p100;2006;3400953233408.0;999;i
RS;mnninc999i;p0p100;2007;3511703568384.0;999;i
RS;mnninc999i;p0p100;2008;3741779755008.0;999;i
RS;mnninc999i;p0p100;2009;3679243730944.0;999;i
RS;mnninc999i;p0p100;2010;3691989172224.0;999;i
RS;mnninc999i;p0p100;2011;3690658267136.0;999;i
RS;mnninc999i;p0p100;2012;3681795702784.0;999;i
RS;mnninc999i;p0p100;2013;3766249062400.0;999;i
RS;mnninc999i;p0p100;2014;3688200142848.0;999;i
RS;mnninc999i;p0p100;2015;3708468854784.0;999;i
RS;mnninc999i;p0p100;2016;3806709153792.0;999;i
RS;mnninc999i;p0p100;2017;3822017576960.0;999;i
RS;mnninc999i;p0p100;2018;4059219623936.0;999;i
RS;mnninc999i;p0p100;2019;4263368720384.0;999;i
RS;mssbnf999i;p0p100;1997;0.0;999;i
RS;mssbnf999i;p0p100;1998;0.0;999;i
RS;mssbnf999i;p0p100;1999;0.0;999;i
RS;mssbnf999i;p0p100;2000;0.0;999;i
RS;mssbnf999i;p0p100;2001;0.0;999;i
RS;mssbnf999i;p0p100;2002;0.0;999;i
RS;mssbnf999i;p0p100;2003;0.0;999;i
RS;mssbnf999i;p0p100;2004;0.0;999;i
RS;mssbnf999i;p0p100;2005;0.0;999;i
RS;mssbnf999i;p0p100;2006;0.0;999;i
RS;mssbnf999i;p0p100;2007;0.0;999;i
RS;mssbnf999i;p0p100;2008;0.0;999;i
RS;mssbnf999i;p0p100;2009;0.0;999;i
RS;mssbnf999i;p0p100;2010;0.0;999;i
RS;mssbnf999i;p0p100;2011;0.0;999;i
RS;npopul202f;p0p100;1950;644353.0;202;f
RS;npopul202f;p0p100;1951;665640.0;202;f
RS;npopul202f;p0p100;1952;679943.0;202;f
RS;npopul202f;p0p100;1953;687027.0;202;f
RS;npopul202f;p0p100;1954;689535.0;202;f
RS;npopul202f;p0p100;1955;689559.0;202;f
RS;npopul202f;p0p100;1956;686214.0;202;f
RS;npopul202f;p0p100;1957;680461.0;202;f
RS;npopul202f;p0p100;1958;671882.0;202;f
RS;npopul202f;p0p100;1959;659559.0;202;f
RS;npopul202f;p0p100;1960;643388.0;202;f
RS;npopul202f;p0p100;1961;625199.0;202;f
RS;npopul202f;p0p100;1962;602840.0;202;f
RS;npopul202f;p0p100;1963;580165.0;202;f
RS;npopul202f;p0p100;1964;562298.0;202;f
RS;npopul202f;p0p100;1965;552246.0;202;f
RS;npopul202f;p0p100;1966;547523.0;202;f
RS;npopul202f;p0p100;1967;550336.0;202;f
RS;npopul202f;p0p100;1968;560239.0;202;f
RS;npopul202f;p0p100;1969;576190.0;202;f
RS;npopul202f;p0p100;1970;597210.0;202;f
RS;npopul202f;p0p100;1971;623894.0;202;f
RS;npopul202f;p0p100;1972;656110.0;202;f
RS;npopul202f;p0p100;1973;689543.0;202;f
RS;npopul202f;p0p100;1974;718026.0;202;f
RS;npopul202f;p0p100;1975;737587.0;202;f
RS;npopul202f;p0p100;1976;748675.0;202;f
RS;npopul202f;p0p100;1977;750771.0;202;f
RS;npopul202f;p0p100;1978;745600.0;202;f
RS;npopul202f;p0p100;1979;736451.0;202;f
RS;npopul202f;p0p100;1980;725674.0;202;f
RS;npopul202f;p0p100;1981;713199.0;202;f
RS;npopul202f;p0p100;1982;698669.0;202;f
RS;npopul202f;p0p100;1983;683656.0;202;f
RS;npopul202f;p0p100;1984;670253.0;202;f
RS;npopul202f;p0p100;1985;659901.0;202;f
RS;npopul202f;p0p100;1986;653160.0;202;f
RS;npopul202f;p0p100;1987;649831.0;202;f
RS;npopul202f;p0p100;1988;649754.0;202;f
RS;npopul202f;p0p100;1989;652238.0;202;f
RS;npopul202f;p0p100;1990;656715.0;202;f
RS;npopul202f;p0p100;1991;664052.0;202;f
RS;npopul202f;p0p100;1992;673731.0;202;f
RS;npopul202f;p0p100;1993;684473.0;202;f
RS;npopul202f;p0p100;1994;694569.0;202;f
RS;npopul202f;p0p100;1995;702727.0;202;f
RS;npopul202f;p0p100;1996;703032.0;202;f
RS;npopul202f;p0p100;1997;699355.0;202;f
RS;npopul202f;p0p100;1998;692106.0;202;f
RS;npopul202f;p0p100;1999;536815.0;202;f
RS;npopul202f;p0p100;2000;530752.0;202;f
RS;npopul202f;p0p100;2001;531165.0;202;f
RS;npopul202f;p0p100;2002;530847.0;202;f
RS;npopul202f;p0p100;2003;528431.0;202;f
RS;npopul202f;p0p100;2004;525978.0;202;f
RS;npopul202f;p0p100;2005;523481.0;202;f
RS;npopul202f;p0p100;2006;518059.0;202;f
RS;npopul202f;p0p100;2007;512700.0;202;f
RS;npopul202f;p0p100;2008;507226.0;202;f
RS;npopul202f;p0p100;2009;501660.0;202;f
RS;npopul202f;p0p100;2010;495791.0;202;f
RS;npopul202f;p0p100;2011;488765.0;202;f
RS;npopul202f;p0p100;2012;482931.0;202;f
RS;npopul202f;p0p100;2013;476539.0;202;f
RS;npopul202f;p0p100;2014;468988.0;202;f
RS;npopul202f;p0p100;2015;459861.0;202;f
RS;npopul202f;p0p100;2016;453495.0;202;f
RS;npopul202f;p0p100;2017;446950.0;202;f
RS;npopul202f;p0p100;2018;439479.0;202;f
RS;npopul202f;p0p100;2019;432181.0;202;f
RS;npopul994f;p0p100;1950;733792.0;994;f
RS;npopul994f;p0p100;1951;746634.0;994;f
RS;npopul994f;p0p100;1952;761245.0;994;f
RS;npopul994f;p0p100;1953;774018.0;994;f
RS;npopul994f;p0p100;1954;782200.0;994;f
RS;npopul994f;p0p100;1955;784874.0;994;f
RS;npopul994f;p0p100;1956;780542.0;994;f
RS;npopul994f;p0p100;1957;770951.0;994;f
RS;npopul994f;p0p100;1958;759667.0;994;f
RS;npopul994f;p0p100;1959;752074.0;994;f
RS;npopul994f;p0p100;1960;751536.0;994;f
RS;npopul994f;p0p100;1961;757745.0;994;f
RS;npopul994f;p0p100;1962;769603.0;994;f
RS;npopul994f;p0p100;1963;786228.0;994;f
RS;npopul994f;p0p100;1964;805509.0;994;f
RS;npopul994f;p0p100;1965;825855.0;994;f
RS;npopul994f;p0p100;1966;843738.0;994;f
RS;npopul994f;p0p100;1967;863781.0;994;f
RS;npopul994f;p0p100;1968;885578.0;994;f
RS;npopul994f;p0p100;1969;908607.0;994;f
RS;npopul994f;p0p100;1970;932623.0;994;f
RS;npopul994f;p0p100;1971;956640.0;994;f
RS;npopul994f;p0p100;1972;980686.0;994;f
RS;npopul994f;p0p100;1973;1005181.0;994;f
RS;npopul994f;p0p100;1974;1031282.0;994;f
RS;npopul994f;p0p100;1975;1059284.0;994;f
RS;npopul994f;p0p100;1976;1087293.0;994;f
RS;npopul994f;p0p100;1977;1117529.0;994;f
RS;npopul994f;p0p100;1978;1146331.0;994;f
RS;npopul994f;p0p100;1979;1168262.0;994;f
RS;npopul994f;p0p100;1980;1180313.0;994;f
RS;npopul994f;p0p100;1981;1181685.0;994;f
RS;npopul994f;p0p100;1982;1174103.0;994;f
RS;npopul994f;p0p100;1983;1161315.0;994;f
RS;npopul994f;p0p100;1984;1149220.0;994;f
RS;npopul994f;p0p100;1985;1141617.0;994;f
RS;npopul994f;p0p100;1986;1136646.0;994;f
RS;npopul994f;p0p100;1987;1135399.0;994;f
RS;npopul994f;p0p100;1988;1138377.0;994;f
RS;npopul994f;p0p100;1989;1145660.0;994;f
RS;npopul994f;p0p100;1990;1157056.0;994;f
RS;npopul994f;p0p100;1991;1171557.0;994;f
RS;npopul994f;p0p100;1992;1191430.0;994;f
RS;npopul994f;p0p100;1993;1213006.0;994;f
RS;npopul994f;p0p100;1994;1230967.0;994;f
RS;npopul994f;p0p100;1995;1241875.0;994;f
RS;npopul994f;p0p100;1996;1252917.0;994;f
RS;npopul994f;p0p100;1997;1255710.0;994;f
RS;npopul994f;p0p100;1998;1253776.0;994;f
RS;npopul994f;p0p100;1999;986049.0;994;f
RS;npopul994f;p0p100;2000;995550.0;994;f
RS;npopul994f;p0p100;2001;1003790.0;994;f
RS;npopul994f;p0p100;2002;1015784.0;994;f
RS;npopul994f;p0p100;2003;1026248.0;994;f
RS;npopul994f;p0p100;2004;1034539.0;994;f
RS;npopul994f;p0p100;2005;1037690.0;994;f
RS;npopul994f;p0p100;2006;1036075.0;994;f
RS;npopul994f;p0p100;2007;1031132.0;994;f
RS;npopul994f;p0p100;2008;1023461.0;994;f
RS;npopul994f;p0p100;2009;1014776.0;994;f
RS;npopul994f;p0p100;2010;1005715.0;994;f
RS;npopul994f;p0p100;2011;992414.0;994;f
RS;npopul994f;p0p100;2012;981354.0;994;f
RS;npopul994f;p0p100;2013;970773.0;994;f
RS;npopul994f;p0p100;2014;962065.0;994;f
RS;npopul994f;p0p100;2015;955717.0;994;f
RS;npopul994f;p0p100;2016;949303.0;994;f
RS;npopul994f;p0p100;2017;948413.0;994;f
RS;npopul994f;p0p100;2018;949198.0;994;f
RS;npopul994f;p0p100;2019;950333.0;994;f
RS;scainc992j;p2p3;1990;0.0011;992;j
RS;scainc992j;p2p3;1991;0.0011;992;j
RS;scainc992j;p2p3;1992;0.001;992;j
RS;scainc992j;p2p3;1993;0.001;992;j
RS;scainc992j;p2p3;1994;0.0009;992;j
RS;scainc992j;p2p3;1995;0.0009;992;j
RS;scainc992j;p2p3;1996;0.0008;992;j
RS;scainc992j;p2p3;1997;0.0008;992;j
RS;scainc992j;p2p3;1998;0.0008;992;j
RS;scainc992j;p2p3;1999;0.0009;992;j
RS;scainc992j;p2p3;2000;0.0008;992;j
RS;scainc992j;p2p3;2001;0.0008;992;j
RS;scainc992j;p2p3;2002;0.0004;992;j
RS;scainc992j;p2p3;2003;0.0005;992;j
RS;scainc992j;p2p3;2004;0.0005;992;j
RS;scainc992j;p2p3;2005;0.0004;992;j
RS;scainc992j;p2p3;2006;0.0004;992;j
RS;scainc992j;p2p3;2007;0.0003;992;j
RS;scainc992j;p2p3;2008;0.0004;992;j
RS;scainc992j;p2p3;2009;0.0005;992;j
RS;scainc992j;p2p3;2010;0.0004;992;j
RS;scainc992j;p2p3;2011;0.0004;992;j
RS;scainc992j;p2p3;2012;0.0003;992;j
RS;scainc992j;p2p3;2013;0.0007;992;j
RS;scainc992j;p2p3;2014;0.0014;992;j
RS;scainc992j;p2p3;2015;0.001;992;j
RS;scainc992j;p2p3;2016;0.001;992;j
RS;scainc992j;p2p3;2017;0.001;992;j
RS;scainc992j;p66p100;1990;0.61919999;992;j
RS;scainc992j;p66p100;1991;0.61720002;992;j
RS;scainc992j;p66p100;1992;0.6153;992;j
RS;scainc992j;p66p100;1993;0.61369997;992;j
RS;scainc992j;p66p100;1994;0.61199999;992;j
RS;scainc992j;p66p100;1995;0.61040002;992;j
RS;scainc992j;p66p100;1996;0.60820001;992;j
RS;scainc992j;p66p100;1997;0.60589999;992;j
RS;scainc992j;p66p100;1998;0.60579997;992;j
RS;scainc992j;p66p100;1999;0.60759997;992;j
RS;scainc992j;p66p100;2000;0.6124;992;j
RS;scainc992j;p66p100;2001;0.61479998;992;j
RS;scainc992j;p66p100;2002;0.6257;992;j
RS;scainc992j;p66p100;2003;0.62910002;992;j
RS;scainc992j;p66p100;2004;0.63990003;992;j
RS;scainc992j;p66p100;2005;0.64700001;992;j
RS;scainc992j;p66p100;2006;0.65600002;992;j
RS;scainc992j;p66p100;2007;0.65869999;992;j
RS;scainc992j;p66p100;2008;0.66320002;992;j
RS;scainc992j;p66p100;2009;0.66900003;992;j
RS;scainc992j;p66p100;2010;0.68110001;992;j
RS;scainc992j;p66p100;2011;0.69129997;992;j
RS;scainc992j;p66p100;2012;0.69580001;992;j
RS;scainc992j;p66p100;2013;0.69809997;992;j
RS;scainc992j;p66p100;2014;0.68190002;992;j
RS;scainc992j;p66p100;2015;0.70139998;992;j
RS;scainc992j;p66p100;2016;0.70139998;992;j
RS;scainc992j;p66p100;2017;0.7015;992;j
RS;scainc992j;p74p100;1990;0.52490002;992;j
RS;scainc992j;p74p100;1991;0.5226;992;j
RS;scainc992j;p74p100;1992;0.52079999;992;j
RS;scainc992j;p74p100;1993;0.5194;992;j
RS;scainc992j;p74p100;1994;0.51789999;992;j
RS;scainc992j;p74p100;1995;0.5165;992;j
RS;scainc992j;p74p100;1996;0.51419997;992;j
RS;scainc992j;p74p100;1997;0.51200002;992;j
RS;scainc992j;p74p100;1998;0.5126;992;j
RS;scainc992j;p74p100;1999;0.51569998;992;j
RS;scainc992j;p74p100;2000;0.52149999;992;j
RS;scainc992j;p74p100;2001;0.52460003;992;j
RS;scainc992j;p74p100;2002;0.53479999;992;j
RS;scainc992j;p74p100;2003;0.53799999;992;j
RS;scainc992j;p74p100;2004;0.54820001;992;j
RS;scainc992j;p74p100;2005;0.55610001;992;j
RS;scainc992j;p74p100;2006;0.56489998;992;j
RS;scainc992j;p74p100;2007;0.5668;992;j
RS;scainc992j;p74p100;2008;0.57080001;992;j
RS;scainc992j;p74p100;2009;0.57730001;992;j
RS;scainc992j;p74p100;2010;0.58950001;992;j
RS;scainc992j;p74p100;2011;0.60009998;992;j
RS;scainc992j;p74p100;2012;0.6049;992;j
RS;scainc992j;p74p100;2013;0.6049;992;j
RS;scainc992j;p74p100;2014;0.59280002;992;j
RS;scainc992j;p74p100;2015;0.61559999;992;j
RS;scainc992j;p74p100;2016;0.61549997;992;j
RS;scainc992j;p74p100;2017;0.61570001;992;j
RS;sdiinc992j;p33p34;1990;0.0063;992;j
RS;sdiinc992j;p33p34;1991;0.0063;992;j
RS;sdiinc992j;p33p34;1992;0.0063;992;j
RS;sdiinc992j;p33p34;1993;0.0063999998;992;j
RS;sdiinc992j;p33p34;1994;0.0063999998;992;j
RS;sdiinc992j;p33p34;1995;0.0063999998;992;j
RS;sdiinc992j;p33p34;1996;0.0065000001;992;j
RS;sdiinc992j;p33p34;1997;0.0065000001;992;j
RS;sdiinc992j;p33p34;1998;0.0063;992;j
RS;sdiinc992j;p33p34;1999;0.0063;992;j
RS;sdiinc992j;p33p34;2000;0.0063;992;j
RS;sdiinc992j;p33p34;2001;0.0063;992;j
RS;sdiinc992j;p33p34;2002;0.0062000002;992;j
RS;sdiinc992j;p33p34;2003;0.0062000002;992;j
RS;sdiinc992j;p33p34;2004;0.0060999999;992;j
RS;sdiinc992j;p33p34;2005;0.0059000002;992;j
RS;sdiinc992j;p33p34;2006;0.0057999999;992;j
RS;sdiinc992j;p33p34;2007;0.0057999999;992;j
RS;sdiinc992j;p33p34;2008;0.0057000001;992;j
RS;sdiinc992j;p33p34;2009;0.0055999998;992;j
RS;sdiinc992j;p33p34;2010;0.0054000001;992;j
RS;sdiinc992j;p33p34;2011;0.0052;992;j
RS;sdiinc992j;p33p34;2012;0.0051000002;992;j
RS;sdiinc992j;p33p34;2013;0.0049999999;992;j
RS;sdiinc992j;p33p34;2014;0.0049999999;992;j
RS;sdiinc992j;p33p34;2015;0.0049000001;992;j
RS;sdiinc992j;p33p34;2016;0.0048000002;992;j
RS;sdiinc992j;p33p34;2017;0.0048000002;992;j
RS;sdiinc992j;p84p100;1990;0.36880001;992;j
RS;sdiinc992j;p84p100;1991;0.3671;992;j
RS;sdiinc992j;p84p100;1992;0.36579999;992;j
RS;sdiinc992j;p84p100;1993;0.36500001;992;j
RS;sdiinc992j;p84p100;1994;0.36410001;992;j
RS;sdiinc992j;p84p100;1995;0.3633;992;j
RS;sdiinc992j;p84p100;1996;0.36149999;992;j
RS;sdiinc992j;p84p100;1997;0.3594;992;j
RS;sdiinc992j;p84p100;1998;0.3646;992;j
RS;sdiinc992j;p84p100;1999;0.37130001;992;j
RS;sdiinc992j;p84p100;2000;0.37599999;992;j
RS;sdiinc992j;p84p100;2001;0.37959999;992;j
RS;sdiinc992j;p84p100;2002;0.38479999;992;j
RS;sdiinc992j;p84p100;2003;0.38730001;992;j
RS;sdiinc992j;p84p100;2004;0.3953;992;j
RS;sdiinc992j;p84p100;2005;0.40290001;992;j
RS;sdiinc992j;p84p100;2006;0.4104;992;j
RS;sdiinc992j;p84p100;2007;0.4086;992;j
RS;sdiinc992j;p84p100;2008;0.41080001;992;j
RS;sdiinc992j;p84p100;2009;0.41780001;992;j
RS;sdiinc992j;p84p100;2010;0.42770001;992;j
RS;sdiinc992j;p84p100;2011;0.43790001;992;j
RS;sdiinc992j;p84p100;2012;0.4418;992;j
RS;sdiinc992j;p84p100;2013;0.43830001;992;j
RS;sdiinc992j;p84p100;2014;0.4355;992;j
RS;sdiinc992j;p84p100;2015;0.45910001;992;j
RS;sdiinc992j;p84p100;2016;0.46290001;992;j
RS;sdiinc992j;p84p100;2017;0.46349999;992;j
RS;sdiinc992j;p99.5p100;1990;0.052099999;992;j
RS;sdiinc992j;p99.5p100;1991;0.050799999;992;j
RS;sdiinc992j;p99.5p100;1992;0.049400002;992;j
RS;sdiinc992j;p99.5p100;1993;0.048700001;992;j
RS;sdiinc992j;p99.5p100;1994;0.0482;992;j
RS;sdiinc992j;p99.5p100;1995;0.047800001;992;j
RS;sdiinc992j;p99.5p100;1996;0.0469;992;j
RS;sdiinc992j;p99.5p100;1997;0.045899998;992;j
RS;sdiinc992j;p99.5p100;1998;0.048;992;j
RS;sdiinc992j;p99.5p100;1999;0.052999999;992;j
RS;sdiinc992j;p99.5p100;2000;0.056000002;992;j
RS;sdiinc992j;p99.5p100;2001;0.059799999;992;j
RS;sdiinc992j;p99.5p100;2002;0.059500001;992;j
RS;sdiinc992j;p99.5p100;2003;0.058899999;992;j
RS;sdiinc992j;p99.5p100;2004;0.059799999;992;j
RS;sdiinc992j;p99.5p100;2005;0.0625;992;j
RS;sdiinc992j;p99.5p100;2006;0.062199999;992;j
RS;sdiinc992j;p99.5p100;2007;0.058499999;992;j
RS;sdiinc992j;p99.5p100;2008;0.056499999;992;j
RS;sdiinc992j;p99.5p100;2009;0.061700001;992;j
RS;sdiinc992j;p99.5p100;2010;0.062100001;992;j
RS;sdiinc992j;p99.5p100;2011;0.063100003;992;j
RS;sdiinc992j;p99.5p100;2012;0.074600004;992;j
RS;sdiinc992j;p99.5p100;2013;0.066600002;992;j
RS;sdiinc992j;p99.5p100;2014;0.084899999;992;j
RS;sdiinc992j;p99.5p100;2015;0.1099;992;j
RS;sdiinc992j;p99.5p100;2016;0.1112;992;j
RS;sdiinc992j;p99.5p100;2017;0.1115;992;j
RS;sdiinc992j;p99.96p99.97;1990;0.0019;992;j
RS;sdiinc992j;p99.96p99.97;1991;0.0019;992;j
RS;sdiinc992j;p99.96p99.97;1992;0.0018;992;j
RS;sdiinc992j;p99.96p99.97;1993;0.0018;992;j
RS;sdiinc992j;p99.96p99.97;1994;0.0018;992;j
RS;sdiinc992j;p99.96p99.97;1995;0.0017;992;j
RS;sdiinc992j;p99.96p99.97;1996;0.0017;992;j
RS;sdiinc992j;p99.96p99.97;1997;0.0017;992;j
RS;sdiinc992j;p99.96p99.97;1998;0.0017;992;j
RS;sdiinc992j;p99.96p99.97;1999;0.0020000001;992;j
RS;sdiinc992j;p99.96p99.97;2000;0.0020999999;992;j
RS;sdiinc992j;p99.96p99.97;2001;0.0023000001;992;j
RS;sdiinc992j;p99.96p99.97;2002;0.0022;992;j
RS;sdiinc992j;p99.96p99.97;2003;0.0022;992;j
RS;sdiinc992j;p99.96p99.97;2004;0.0022;992;j
RS;sdiinc992j;p99.96p99.97;2005;0.0023000001;992;j
RS;sdiinc992j;p99.96p99.97;2006;0.0023000001;992;j
RS;sdiinc992j;p99.96p99.97;2007;0.0020999999;992;j
RS;sdiinc992j;p99.96p99.97;2008;0.0020000001;992;j
RS;sdiinc992j;p99.96p99.97;2009;0.0023000001;992;j
RS;sdiinc992j;p99.96p99.97;2010;0.0023000001;992;j
RS;sdiinc992j;p99.96p99.97;2011;0.0023000001;992;j
RS;sdiinc992j;p99.96p99.97;2012;0.0027999999;992;j
RS;sdiinc992j;p99.96p99.97;2013;0.0024999999;992;j
RS;sdiinc992j;p99.96p99.97;2014;0.0033;992;j
RS;sdiinc992j;p99.96p99.97;2015;0.0041999999;992;j
RS;sdiinc992j;p99.96p99.97;2016;0.0043000001;992;j
RS;sdiinc992j;p99.96p99.97;2017;0.0043000001;992;j
RS;sdiinc992j;p99.992p100;1990;0.0073000002;992;j
RS;sdiinc992j;p99.992p100;1991;0.0068000001;992;j
RS;sdiinc992j;p99.992p100;1992;0.0062000002;992;j
RS;sdiinc992j;p99.992p100;1993;0.0057999999;992;j
RS;sdiinc992j;p99.992p100;1994;0.0055999998;992;j
RS;sdiinc992j;p99.992p100;1995;0.0054000001;992;j
RS;sdiinc992j;p99.992p100;1996;0.0051000002;992;j
RS;sdiinc992j;p99.992p100;1997;0.0049000001;992;j
RS;sdiinc992j;p99.992p100;1998;0.0052999998;992;j
RS;sdiinc992j;p99.992p100;1999;0.0066;992;j
RS;sdiinc992j;p99.992p100;2000;0.0070000002;992;j
RS;sdiinc992j;p99.992p100;2001;0.0082;992;j
RS;sdiinc992j;p99.992p100;2002;0.0074999998;992;j
RS;sdiinc992j;p99.992p100;2003;0.0074999998;992;j
RS;sdiinc992j;p99.992p100;2004;0.0076000001;992;j
RS;sdiinc992j;p99.992p100;2005;0.0082999999;992;j
RS;sdiinc992j;p99.992p100;2006;0.0076000001;992;j
RS;sdiinc992j;p99.992p100;2007;0.0063999998;992;j
RS;sdiinc992j;p99.992p100;2008;0.0055999998;992;j
RS;sdiinc992j;p99.992p100;2009;0.0070000002;992;j
RS;sdiinc992j;p99.992p100;2010;0.0066;992;j
RS;sdiinc992j;p99.992p100;2011;0.0065000001;992;j
RS;sdiinc992j;p99.992p100;2012;0.0104;992;j
RS;sdiinc992j;p99.992p100;2013;0.0076000001;992;j
RS;sdiinc992j;p99.992p100;2014;0.015900001;992;j
RS;sdiinc992j;p99.992p100;2015;0.0274;992;j
RS;sdiinc992j;p99.992p100;2016;0.027799999;992;j
RS;sdiinc992j;p99.992p100;2017;0.027899999;992;j
RS;sptinc992j;p0p1;1990;0.0007;992;j
RS;sptinc992j;p0p1;1991;0.0007;992;j
RS;sptinc992j;p0p1;1992;0.0006;992;j
RS;sptinc992j;p0p1;1993;0.0006;992;j
RS;sptinc992j;p0p1;1994;0.0005;992;j
RS;sptinc992j;p0p1;1995;0.0005;992;j
RS;sptinc992j;p0p1;1996;0.0005;992;j
RS;sptinc992j;p0p1;1997;0.0004;992;j
RS;sptinc992j;p0p1;1998;0.0005;992;j
RS;sptinc992j;p0p1;1999;0.0005;992;j
RS;sptinc992j;p0p1;2000;0.0005;992;j
RS;sptinc992j;p0p1;2001;0.0005;992;j
RS;sptinc992j;p0p1;2002;0.0004;992;j
RS;sptinc992j;p0p1;2003;0.0005;992;j
RS;sptinc992j;p0p1;2004;0.0005;992;j
RS;sptinc992j;p0p1;2005;0.0005;992;j
RS;sptinc992j;p0p1;2006;0.0004;992;j
RS;sptinc992j;p0p1;2007;0.0004;992;j
RS;sptinc992j;p0p1;2008;0.0003;992;j
RS;sptinc992j;p0p1;2009;0.0003;992;j
RS;sptinc992j;p0p1;2010;0.0003;992;j
RS;sptinc992j;p0p1;2011;0.0003;992;j
RS;sptinc992j;p0p1;2012;0.0003;992;j
RS;sptinc992j;p0p1;2013;0.0002;992;j
RS;sptinc992j;p0p1;2014;0.0002;992;j
RS;sptinc992j;p0p1;2015;0.0002;992;j
RS;sptinc992j;p0p1;2016;0.0002;992;j
RS;sptinc992j;p0p1;2017;0.0002;992;j
RS;sptinc992j;p1p100;1990;0.9993;992;j
RS;sptinc992j;p1p100;1991;0.9993;992;j
RS;sptinc992j;p1p100;1992;0.99940002;992;j
RS;sptinc992j;p1p100;1993;0.99940002;992;j
RS;sptinc992j;p1p100;1994;0.99949998;992;j
RS;sptinc992j;p1p100;1995;0.99949998;992;j
RS;sptinc992j;p1p100;1996;0.99949998;992;j
RS;sptinc992j;p1p100;1997;0.99959999;992;j
RS;sptinc992j;p1p100;1998;0.99949998;992;j
RS;sptinc992j;p1p100;1999;0.99949998;992;j
RS;sptinc992j;p1p100;2000;0.99949998;992;j
RS;sptinc992j;p1p100;2001;0.99949998;992;j
RS;sptinc992j;p1p100;2002;0.99959999;992;j
RS;sptinc992j;p1p100;2003;0.99949998;992;j
RS;sptinc992j;p1p100;2004;0.99949998;992;j
RS;sptinc992j;p1p100;2005;0.99949998;992;j
RS;sptinc992j;p1p100;2006;0.99959999;992;j
RS;sptinc992j;p1p100;2007;0.99959999;992;j
RS;sptinc992j;p1p100;2008;0.99970001;992;j
RS;sptinc992j;p1p100;2009;0.99970001;992;j
RS;sptinc992j;p1p100;2010;0.99970001;992;j
RS;sptinc992j;p1p100;2011;0.99970001;992;j
RS;sptinc992j;p1p100;2012;0.99970001;992;j
RS;sptinc992j;p1p100;2013;0.99980003;992;j
RS;sptinc992j;p1p100;2014;0.99980003;992;j
RS;sptinc992j;p1p100;2015;0.99980003;992;j
RS;sptinc992j;p1p100;2016;0.99980003;992;j
RS;sptinc992j;p1p100;2017;0.99980003;992;j
RS;sptinc992j;p35p36;1990;0.0060000001;992;j
RS;sptinc992j;p35p36;1991;0.0060000001;992;j
RS;sptinc992j;p35p36;1992;0.0060000001;992;j
RS;sptinc992j;p35p36;1993;0.0060000001;992;j
RS;sptinc992j;p35p36;1994;0.0059000002;992;j
RS;sptinc992j;p35p36;1995;0.0059000002;992;j
RS;sptinc992j;p35p36;1996;0.0059000002;992;j
RS;sptinc992j;p35p36;1997;0.0059000002;992;j
RS;sptinc992j;p35p36;1998;0.0057999999;992;j
RS;sptinc992j;p35p36;1999;0.0057999999;992;j
RS;sptinc992j;p35p36;2000;0.0057000001;992;j
RS;sptinc992j;p35p36;2001;0.0057000001;992;j
RS;sptinc992j;p35p36;2002;0.0055999998;992;j
RS;sptinc992j;p35p36;2003;0.0055;992;j
RS;sptinc992j;p35p36;2004;0.0054000001;992;j
RS;sptinc992j;p35p36;2005;0.0052999998;992;j
RS;sptinc992j;p35p36;2006;0.0052;992;j
RS;sptinc992j;p35p36;2007;0.0052999998;992;j
RS;sptinc992j;p35p36;2008;0.0051000002;992;j
RS;sptinc992j;p35p36;2009;0.0049999999;992;j
RS;sptinc992j;p35p36;2010;0.0048000002;992;j
RS;sptinc992j;p35p36;2011;0.0046000001;992;j
RS;sptinc992j;p35p36;2012;0.0046000001;992;j
RS;sptinc992j;p35p36;2013;0.0046000001;992;j
RS;sptinc992j;p35p36;2014;0.0044;992;j
RS;sptinc992j;p35p36;2015;0.0046000001;992;j
RS;sptinc992j;p35p36;2016;0.0046000001;992;j
RS;sptinc992j;p35p36;2017;0.0046000001;992;j
RS;sptinc992j;p55p100;1990;0.74150002;992;j
RS;sptinc992j;p55p100;1991;0.74239999;992;j
RS;sptinc992j;p55p100;1992;0.7432;992;j
RS;sptinc992j;p55p100;1993;0.74400002;992;j
RS;sptinc992j;p55p100;1994;0.74479997;992;j
RS;sptinc992j;p55p100;1995;0.74559999;992;j
RS;sptinc992j;p55p100;1996;0.74610001;992;j
RS;sptinc992j;p55p100;1997;0.74669999;992;j
RS;sptinc992j;p55p100;1998;0.74550003;992;j
RS;sptinc992j;p55p100;1999;0.74589998;992;j
RS;sptinc992j;p55p100;2000;0.74959999;992;j
RS;sptinc992j;p55p100;2001;0.75019997;992;j
RS;sptinc992j;p55p100;2002;0.759;992;j
RS;sptinc992j;p55p100;2003;0.76300001;992;j
RS;sptinc992j;p55p100;2004;0.77079999;992;j
RS;sptinc992j;p55p100;2005;0.77829999;992;j
RS;sptinc992j;p55p100;2006;0.78509998;992;j
RS;sptinc992j;p55p100;2007;0.78719997;992;j
RS;sptinc992j;p55p100;2008;0.79400003;992;j
RS;sptinc992j;p55p100;2009;0.79869998;992;j
RS;sptinc992j;p55p100;2010;0.80629998;992;j
RS;sptinc992j;p55p100;2011;0.81580001;992;j
RS;sptinc992j;p55p100;2012;0.81840003;992;j
RS;sptinc992j;p55p100;2013;0.81800002;992;j
RS;sptinc992j;p55p100;2014;0.8247;992;j
RS;sptinc992j;p55p100;2015;0.81800002;992;j
RS;sptinc992j;p55p100;2016;0.81800002;992;j
RS;sptinc992j;p55p100;2017;0.81819999;992;j
RS;sptinc992j;p99.1p99.2;1990;0.0046999999;992;j
RS;sptinc992j;p99.1p99.2;1991;0.0048000002;992;j
RS;sptinc992j;p99.1p99.2;1992;0.0048000002;992;j
RS;sptinc992j;p99.1p99.2;1993;0.0048000002;992;j
RS;sptinc992j;p99.1p99.2;1994;0.0049000001;992;j
RS;sptinc992j;p99.1p99.2;1995;0.0049999999;992;j
RS;sptinc992j;p99.1p99.2;1996;0.0049999999;992;j
RS;sptinc992j;p99.1p99.2;1997;0.0049999999;992;j
RS;sptinc992j;p99.1p99.2;1998;0.0051000002;992;j
RS;sptinc992j;p99.1p99.2;1999;0.0052;992;j
RS;sptinc992j;p99.1p99.2;2000;0.0054000001;992;j
RS;sptinc992j;p99.1p99.2;2001;0.0055;992;j
RS;sptinc992j;p99.1p99.2;2002;0.0055999998;992;j
RS;sptinc992j;p99.1p99.2;2003;0.0055999998;992;j
RS;sptinc992j;p99.1p99.2;2004;0.0057999999;992;j
RS;sptinc992j;p99.1p99.2;2005;0.0059000002;992;j
RS;sptinc992j;p99.1p99.2;2006;0.0060000001;992;j
RS;sptinc992j;p99.1p99.2;2007;0.0057999999;992;j
RS;sptinc992j;p99.1p99.2;2008;0.0059000002;992;j
RS;sptinc992j;p99.1p99.2;2009;0.0059000002;992;j
RS;sptinc992j;p99.1p99.2;2010;0.0062000002;992;j
RS;sptinc992j;p99.1p99.2;2011;0.0063999998;992;j
RS;sptinc992j;p99.1p99.2;2012;0.0063999998;992;j
RS;sptinc992j;p99.1p99.2;2013;0.0063;992;j
RS;sptinc992j;p99.1p99.2;2014;0.0065000001;992;j
RS;sptinc992j;p99.1p99.2;2015;0.0063;992;j
RS;sptinc992j;p99.1p99.2;2016;0.0063;992;j
RS;sptinc992j;p99.1p99.2;2017;0.0063;992;j
RS;tcainc992j;p56p57;1990;477808.69;992;j
RS;tcainc992j;p56p57;1991;415767.91;992;j
RS;tcainc992j;p56p57;1992;285306.09;992;j
RS;tcainc992j;p56p57;1993;184921.41;992;j
RS;tcainc992j;p56p57;1994;190580.41;992;j
RS;tcainc992j;p56p57;1995;201346.59;992;j
RS;tcainc992j;p56p57;1996;203312.8;992;j
RS;tcainc992j;p56p57;1997;214737.3;992;j
RS;tcainc992j;p56p57;1998;233636.3;992;j
RS;tcainc992j;p56p57;1999;263509.91;992;j
RS;tcainc992j;p56p57;2000;283604.5;992;j
RS;tcainc992j;p56p57;2001;274431.59;992;j
RS;tcainc992j;p56p57;2002;285786.09;992;j
RS;tcainc992j;p56p57;2003;300389.31;992;j
RS;tcainc992j;p56p57;2004;356274.09;992;j
RS;tcainc992j;p56p57;2005;402314.59;992;j
RS;tcainc992j;p56p57;2006;422764.81;992;j
RS;tcainc992j;p56p57;2007;423748.91;992;j
RS;tcainc992j;p56p57;2008;450431.19;992;j
RS;tcainc992j;p56p57;2009;445337.19;992;j
RS;tcainc992j;p56p57;2010;438344.81;992;j
RS;tcainc992j;p56p57;2011;439457.81;992;j
RS;tcainc992j;p56p57;2012;435665.81;992;j
RS;tcainc992j;p56p57;2013;443746.69;992;j
RS;tcainc992j;p56p57;2014;425920.59;992;j
RS;tcainc992j;p56p57;2015;419771.31;992;j
RS;tcainc992j;p56p57;2016;435396.81;992;j
RS;tcainc992j;p56p57;2017;435670.81;992;j
RS;tcainc992j;p68p100;1990;588094.63;992;j
RS;tcainc992j;p68p100;1991;512746.59;992;j
RS;tcainc992j;p68p100;1992;350184.91;992;j
RS;tcainc992j;p68p100;1993;226730.59;992;j
RS;tcainc992j;p68p100;1994;232910.3;992;j
RS;tcainc992j;p68p100;1995;245187.91;992;j
RS;tcainc992j;p68p100;1996;246855.8;992;j
RS;tcainc992j;p68p100;1997;260056.0;992;j
RS;tcainc992j;p68p100;1998;284019.41;992;j
RS;tcainc992j;p68p100;1999;320260.31;992;j
RS;tcainc992j;p68p100;2000;342910.5;992;j
RS;tcainc992j;p68p100;2001;332123.41;992;j
RS;tcainc992j;p68p100;2002;350445.81;992;j
RS;tcainc992j;p68p100;2003;368697.69;992;j
RS;tcainc992j;p68p100;2004;442628.81;992;j
RS;tcainc992j;p68p100;2005;500133.91;992;j
RS;tcainc992j;p68p100;2006;528744.0;992;j
RS;tcainc992j;p68p100;2007;531044.88;992;j
RS;tcainc992j;p68p100;2008;572082.38;992;j
RS;tcainc992j;p68p100;2009;561015.31;992;j
RS;tcainc992j;p68p100;2010;561255.38;992;j
RS;tcainc992j;p68p100;2011;566742.81;992;j
RS;tcainc992j;p68p100;2012;562298.63;992;j
RS;tcainc992j;p68p100;2013;589115.88;992;j
RS;tcainc992j;p68p100;2014;553469.31;992;j
RS;tcainc992j;p68p100;2015;536231.63;992;j
RS;tcainc992j;p68p100;2016;556331.63;992;j
RS;tcainc992j;p68p100;2017;556870.88;992;j
RS;tcainc992j;p78p100;1990;714529.69;992;j
RS;tcainc992j;p78p100;1991;618992.69;992;j
RS;tcainc992j;p78p100;1992;423038.91;992;j
RS;tcainc992j;p78p100;1993;273495.0;992;j
RS;tcainc992j;p78p100;1994;280575.69;992;j
RS;tcainc992j;p78p100;1995;294932.31;992;j
RS;tcainc992j;p78p100;1996;296695.19;992;j
RS;tcainc992j;p78p100;1997;312563.5;992;j
RS;tcainc992j;p78p100;1998;337521.41;992;j
RS;tcainc992j;p78p100;1999;381168.91;992;j
RS;tcainc992j;p78p100;2000;410477.59;992;j
RS;tcainc992j;p78p100;2001;395494.69;992;j
RS;tcainc992j;p78p100;2002;419963.91;992;j
RS;tcainc992j;p78p100;2003;443640.09;992;j
RS;tcainc992j;p78p100;2004;536483.38;992;j
RS;tcainc992j;p78p100;2005;610162.38;992;j
RS;tcainc992j;p78p100;2006;644966.31;992;j
RS;tcainc992j;p78p100;2007;651099.88;992;j
RS;tcainc992j;p78p100;2008;704280.38;992;j
RS;tcainc992j;p78p100;2009;692930.81;992;j
RS;tcainc992j;p78p100;2010;697203.13;992;j
RS;tcainc992j;p78p100;2011;708485.5;992;j
RS;tcainc992j;p78p100;2012;703308.31;992;j
RS;tcainc992j;p78p100;2013;737764.19;992;j
RS;tcainc992j;p78p100;2014;678179.31;992;j
RS;tcainc992j;p78p100;2015;669494.13;992;j
RS;tcainc992j;p78p100;2016;694264.13;992;j
RS;tcainc992j;p78p100;2017;694707.5;992;j
RS;tcainc992j;p98p99;1990;1582584.5;992;j
RS;tcainc992j;p98p99;1991;1374570.6;992;j
RS;tcainc992j;p98p99;1992;945246.63;992;j
RS;tcainc992j;p98p99;1993;615848.88;992;j
RS;tcainc992j;p98p99;1994;635432.69;992;j
RS;tcainc992j;p98p99;1995;671792.13;992;j
RS;tcainc992j;p98p99;1996;675210.19;992;j
RS;tcainc992j;p98p99;1997;710463.31;992;j
RS;tcainc992j;p98p99;1998;786567.81;992;j
RS;tcainc992j;p98p99;1999;905864.69;992;j
RS;tcainc992j;p98p99;2000;1016348.8;992;j
RS;tcainc992j;p98p99;2001;997313.88;992;j
RS;tcainc992j;p98p99;2002;1078235.8;992;j
RS;tcainc992j;p98p99;2003;1136134.0;992;j
RS;tcainc992j;p98p99;2004;1382476.9;992;j
RS;tcainc992j;p98p99;2005;1601191.6;992;j
RS;tcainc992j;p98p99;2006;1751339.9;992;j
RS;tcainc992j;p98p99;2007;1759025.8;992;j
RS;tcainc992j;p98p99;2008;1923187.8;992;j
RS;tcainc992j;p98p99;2009;1909938.4;992;j
RS;tcainc992j;p98p99;2010;1993337.9;992;j
RS;tcainc992j;p98p99;2011;2074445.4;992;j
RS;tcainc992j;p98p99;2012;2029398.8;992;j
RS;tcainc992j;p98p99;2013;2097863.8;992;j
RS;tcainc992j;p98p99;2014;1926565.3;992;j
RS;tcainc992j;p98p99;2015;1962491.3;992;j
RS;tcainc992j;p98p99;2016;2035226.8;992;j
RS;tcainc992j;p98p99;2017;2037076.5;992;j
RS;tcainc992j;p99.3p99.4;1990;2465123.0;992;j
RS;tcainc992j;p99.3p99.4;1991;2132288.3;992;j
RS;tcainc992j;p99.3p99.4;1992;1460207.6;992;j
RS;tcainc992j;p99.3p99.4;1993;950380.13;992;j
RS;tcainc992j;p99.3p99.4;1994;979560.5;992;j
RS;tcainc992j;p99.3p99.4;1995;1034944.5;992;j
RS;tcainc992j;p99.3p99.4;1996;1036592.3;992;j
RS;tcainc992j;p99.3p99.4;1997;1086733.8;992;j
RS;tcainc992j;p99.3p99.4;1998;1211610.9;992;j
RS;tcainc992j;p99.3p99.4;1999;1424225.6;992;j
RS;tcainc992j;p99.3p99.4;2000;1625136.9;992;j
RS;tcainc992j;p99.3p99.4;2001;1618204.5;992;j
RS;tcainc992j;p99.3p99.4;2002;1748782.3;992;j
RS;tcainc992j;p99.3p99.4;2003;1830493.6;992;j
RS;tcainc992j;p99.3p99.4;2004;2219966.3;992;j
RS;tcainc992j;p99.3p99.4;2005;2586548.5;992;j
RS;tcainc992j;p99.3p99.4;2006;2824582.8;992;j
RS;tcainc992j;p99.3p99.4;2007;2796667.3;992;j
RS;tcainc992j;p99.3p99.4;2008;3032583.0;992;j
RS;tcainc992j;p99.3p99.4;2009;3066468.0;992;j
RS;tcainc992j;p99.3p99.4;2010;3189177.5;992;j
RS;tcainc992j;p99.3p99.4;2011;3313639.3;992;j
RS;tcainc992j;p99.3p99.4;2012;3383034.0;992;j
RS;tcainc992j;p99.3p99.4;2013;3404397.8;992;j
RS;tcainc992j;p99.3p99.4;2014;3309181.5;992;j
RS;tcainc992j;p99.3p99.4;2015;3542796.5;992;j
RS;tcainc992j;p99.3p99.4;2016;3674202.8;992;j
RS;tcainc992j;p99.3p99.4;2017;3677921.5;992;j
RS;tdiinc992j;p33p100;1990;456302.5;992;j
RS;tdiinc992j;p33p100;1991;398104.41;992;j
RS;tdiinc992j;p33p100;1992;273982.91;992;j
RS;tdiinc992j;p33p100;1993;178457.5;992;j
RS;tdiinc992j;p33p100;1994;184523.2;992;j
RS;tdiinc992j;p33p100;1995;195769.59;992;j
RS;tdiinc992j;p33p100;1996;198539.2;992;j
RS;tdiinc992j;p33p100;1997;211955.59;992;j
RS;tdiinc992j;p33p100;1998;217563.2;992;j
RS;tdiinc992j;p33p100;1999;236949.09;992;j
RS;tdiinc992j;p33p100;2000;259621.0;992;j
RS;tdiinc992j;p33p100;2001;258425.41;992;j
RS;tdiinc992j;p33p100;2002;276185.5;992;j
RS;tdiinc992j;p33p100;2003;288228.41;992;j
RS;tdiinc992j;p33p100;2004;318644.5;992;j
RS;tdiinc992j;p33p100;2005;348217.81;992;j
RS;tdiinc992j;p33p100;2006;359356.81;992;j
RS;tdiinc992j;p33p100;2007;370186.31;992;j
RS;tdiinc992j;p33p100;2008;389173.91;992;j
RS;tdiinc992j;p33p100;2009;372646.41;992;j
RS;tdiinc992j;p33p100;2010;362567.31;992;j
RS;tdiinc992j;p33p100;2011;348638.69;992;j
RS;tdiinc992j;p33p100;2012;342492.31;992;j
RS;tdiinc992j;p33p100;2013;335679.69;992;j
RS;tdiinc992j;p33p100;2014;335562.41;992;j
RS;tdiinc992j;p33p100;2015;327287.09;992;j
RS;tdiinc992j;p33p100;2016;332732.41;992;j
RS;tdiinc992j;p33p100;2017;334221.09;992;j
RS;tdiinc992j;p45p100;1990;570131.31;992;j
RS;tdiinc992j;p45p100;1991;498773.5;992;j
RS;tdiinc992j;p45p100;1992;343377.41;992;j
RS;tdiinc992j;p45p100;1993;223339.7;992;j
RS;tdiinc992j;p45p100;1994;230491.0;992;j
RS;tdiinc992j;p45p100;1995;243713.5;992;j
RS;tdiinc992j;p45p100;1996;246829.09;992;j
RS;tdiinc992j;p45p100;1997;262810.91;992;j
RS;tdiinc992j;p45p100;1998;266603.0;992;j
RS;tdiinc992j;p45p100;1999;288603.41;992;j
RS;tdiinc992j;p45p100;2000;315943.09;992;j
RS;tdiinc992j;p45p100;2001;315337.31;992;j
RS;tdiinc992j;p45p100;2002;338569.09;992;j
RS;tdiinc992j;p45p100;2003;353364.59;992;j
RS;tdiinc992j;p45p100;2004;393026.5;992;j
RS;tdiinc992j;p45p100;2005;431933.0;992;j
RS;tdiinc992j;p45p100;2006;452291.91;992;j
RS;tdiinc992j;p45p100;2007;468195.09;992;j
RS;tdiinc992j;p45p100;2008;493040.41;992;j
RS;tdiinc992j;p45p100;2009;480004.0;992;j
RS;tdiinc992j;p45p100;2010;470144.91;992;j
RS;tdiinc992j;p45p100;2011;462739.0;992;j
RS;tdiinc992j;p45p100;2012;455681.31;992;j
RS;tdiinc992j;p45p100;2013;467665.0;992;j
RS;tdiinc992j;p45p100;2014;451600.09;992;j
RS;tdiinc992j;p45p100;2015;447706.19;992;j
RS;tdiinc992j;p45p100;2016;458489.81;992;j
RS;tdiinc992j;p45p100;2017;460724.41;992;j
RS;tdiinc992j;p79p80;1990;1012392.6;992;j
RS;tdiinc992j;p79p80;1991;877049.81;992;j
RS;tdiinc992j;p79p80;1992;599097.31;992;j
RS;tdiinc992j;p79p80;1993;386872.5;992;j
RS;tdiinc992j;p79p80;1994;396644.19;992;j
RS;tdiinc992j;p79p80;1995;416762.81;992;j
RS;tdiinc992j;p79p80;1996;419255.31;992;j
RS;tdiinc992j;p79p80;1997;443154.59;992;j
RS;tdiinc992j;p79p80;1998;460506.09;992;j
RS;tdiinc992j;p79p80;1999;500470.0;992;j
RS;tdiinc992j;p79p80;2000;544768.19;992;j
RS;tdiinc992j;p79p80;2001;538359.31;992;j
RS;tdiinc992j;p79p80;2002;588121.5;992;j
RS;tdiinc992j;p79p80;2003;618797.63;992;j
RS;tdiinc992j;p79p80;2004;706138.63;992;j
RS;tdiinc992j;p79p80;2005;787509.69;992;j
RS;tdiinc992j;p79p80;2006;832628.5;992;j
RS;tdiinc992j;p79p80;2007;866760.81;992;j
RS;tdiinc992j;p79p80;2008;934730.38;992;j
RS;tdiinc992j;p79p80;2009;911343.69;992;j
RS;tdiinc992j;p79p80;2010;918301.88;992;j
RS;tdiinc992j;p79p80;2011;926397.69;992;j
RS;tdiinc992j;p79p80;2012;921906.13;992;j
RS;tdiinc992j;p79p80;2013;964990.81;992;j
RS;tdiinc992j;p79p80;2014;887434.88;992;j
RS;tdiinc992j;p79p80;2015;877763.63;992;j
RS;tdiinc992j;p79p80;2016;907029.63;992;j
RS;tdiinc992j;p79p80;2017;912710.88;992;j
RS;tdiinc992j;p86p87;1990;1139104.3;992;j
RS;tdiinc992j;p86p87;1991;985611.81;992;j
RS;tdiinc992j;p86p87;1992;672794.63;992;j
RS;tdiinc992j;p86p87;1993;435193.0;992;j
RS;tdiinc992j;p86p87;1994;445745.31;992;j
RS;tdiinc992j;p86p87;1995;468300.91;992;j
RS;tdiinc992j;p86p87;1996;470553.69;992;j
RS;tdiinc992j;p86p87;1997;496612.0;992;j
RS;tdiinc992j;p86p87;1998;521071.81;992;j
RS;tdiinc992j;p86p87;1999;566414.81;992;j
RS;tdiinc992j;p86p87;2000;613420.0;992;j
RS;tdiinc992j;p86p87;2001;604529.63;992;j
RS;tdiinc992j;p86p87;2002;656299.88;992;j
RS;tdiinc992j;p86p87;2003;702581.0;992;j
RS;tdiinc992j;p86p87;2004;805456.81;992;j
RS;tdiinc992j;p86p87;2005;903587.0;992;j
RS;tdiinc992j;p86p87;2006;971218.0;992;j
RS;tdiinc992j;p86p87;2007;1019759.9;992;j
RS;tdiinc992j;p86p87;2008;1093737.6;992;j
RS;tdiinc992j;p86p87;2009;1079425.1;992;j
RS;tdiinc992j;p86p87;2010;1090141.5;992;j
RS;tdiinc992j;p86p87;2011;1108125.1;992;j
RS;tdiinc992j;p86p87;2012;1100490.4;992;j
RS;tdiinc992j;p86p87;2013;1144943.3;992;j
RS;tdiinc992j;p86p87;2014;1053665.9;992;j
RS;tdiinc992j;p86p87;2015;1042829.8;992;j
RS;tdiinc992j;p86p87;2016;1079822.9;992;j
RS;tdiinc992j;p86p87;2017;1086528.3;992;j
RS;tptinc992j;p37p38;1990;459656.09;992;j
RS;tptinc992j;p37p38;1991;397215.0;992;j
RS;tptinc992j;p37p38;1992;270483.91;992;j
RS;tptinc992j;p37p38;1993;174460.91;992;j
RS;tptinc992j;p37p38;1994;178963.0;992;j
RS;tptinc992j;p37p38;1995;187770.7;992;j
RS;tptinc992j;p37p38;1996;188670.09;992;j
RS;tptinc992j;p37p38;1997;199447.41;992;j
RS;tptinc992j;p37p38;1998;204660.0;992;j
RS;tptinc992j;p37p38;1999;224253.59;992;j
RS;tptinc992j;p37p38;2000;243477.59;992;j
RS;tptinc992j;p37p38;2001;241825.09;992;j
RS;tptinc992j;p37p38;2002;257988.5;992;j
RS;tptinc992j;p37p38;2003;269063.31;992;j
RS;tptinc992j;p37p38;2004;296679.69;992;j
RS;tptinc992j;p37p38;2005;322406.69;992;j
RS;tptinc992j;p37p38;2006;336714.19;992;j
RS;tptinc992j;p37p38;2007;350227.91;992;j
RS;tptinc992j;p37p38;2008;364601.41;992;j
RS;tptinc992j;p37p38;2009;353634.81;992;j
RS;tptinc992j;p37p38;2010;342727.69;992;j
RS;tptinc992j;p37p38;2011;330177.59;992;j
RS;tptinc992j;p37p38;2012;328882.09;992;j
RS;tptinc992j;p37p38;2013;340523.91;992;j
RS;tptinc992j;p37p38;2014;318834.0;992;j
RS;tptinc992j;p37p38;2015;336546.91;992;j
RS;tptinc992j;p37p38;2016;346970.81;992;j
RS;tptinc992j;p37p38;2017;348791.59;992;j
RS;tptinc992j;p58p100;1990;681566.69;992;j
RS;tptinc992j;p58p100;1991;589765.19;992;j
RS;tptinc992j;p58p100;1992;402595.09;992;j
RS;tptinc992j;p58p100;1993;260226.5;992;j
RS;tptinc992j;p58p100;1994;267050.19;992;j
RS;tptinc992j;p58p100;1995;280936.59;992;j
RS;tptinc992j;p58p100;1996;282638.5;992;j
RS;tptinc992j;p58p100;1997;299016.81;992;j
RS;tptinc992j;p58p100;1998;311828.69;992;j
RS;tptinc992j;p58p100;1999;339993.81;992;j
RS;tptinc992j;p58p100;2000;369178.91;992;j
RS;tptinc992j;p58p100;2001;364791.41;992;j
RS;tptinc992j;p58p100;2002;391456.81;992;j
RS;tptinc992j;p58p100;2003;412738.09;992;j
RS;tptinc992j;p58p100;2004;457477.69;992;j
RS;tptinc992j;p58p100;2005;505463.19;992;j
RS;tptinc992j;p58p100;2006;535044.69;992;j
RS;tptinc992j;p58p100;2007;556016.81;992;j
RS;tptinc992j;p58p100;2008;592301.81;992;j
RS;tptinc992j;p58p100;2009;583250.0;992;j
RS;tptinc992j;p58p100;2010;574841.31;992;j
RS;tptinc992j;p58p100;2011;569835.5;992;j
RS;tptinc992j;p58p100;2012;571211.69;992;j
RS;tptinc992j;p58p100;2013;595023.38;992;j
RS;tptinc992j;p58p100;2014;567664.81;992;j
RS;tptinc992j;p58p100;2015;583594.31;992;j
RS;tptinc992j;p58p100;2016;601558.69;992;j
RS;tptinc992j;p58p100;2017;604655.13;992;j
RS;tptinc992j;p73p74;1990;909416.88;992;j
RS;tptinc992j;p73p74;1991;787200.38;992;j
RS;tptinc992j;p73p74;1992;538010.0;992;j
RS;tptinc992j;p73p74;1993;348133.59;992;j
RS;tptinc992j;p73p74;1994;357656.59;992;j
RS;tptinc992j;p73p74;1995;376034.31;992;j
RS;tptinc992j;p73p74;1996;378400.81;992;j
RS;tptinc992j;p73p74;1997;400569.59;992;j
RS;tptinc992j;p73p74;1998;417669.19;992;j
RS;tptinc992j;p73p74;1999;452926.31;992;j
RS;tptinc992j;p73p74;2000;491662.5;992;j
RS;tptinc992j;p73p74;2001;486873.91;992;j
RS;tptinc992j;p73p74;2002;527612.31;992;j
RS;tptinc992j;p73p74;2003;554233.19;992;j
RS;tptinc992j;p73p74;2004;621342.5;992;j
RS;tptinc992j;p73p74;2005;690702.63;992;j
RS;tptinc992j;p73p74;2006;735193.88;992;j
RS;tptinc992j;p73p74;2007;771112.81;992;j
RS;tptinc992j;p73p74;2008;826616.69;992;j
RS;tptinc992j;p73p74;2009;813903.69;992;j
RS;tptinc992j;p73p74;2010;807921.31;992;j
RS;tptinc992j;p73p74;2011;806756.88;992;j
RS;tptinc992j;p73p74;2012;822981.38;992;j
RS;tptinc992j;p73p74;2013;847057.13;992;j
RS;tptinc992j;p73p74;2014;811383.5;992;j
RS;tptinc992j;p73p74;2015;811531.81;992;j
RS;tptinc992j;p73p74;2016;836004.88;992;j
RS;tptinc992j;p73p74;2017;840783.5;992;j
RS;tptinc992j;p77p78;1990;993970.5;992;j
RS;tptinc992j;p77p78;1991;859791.19;992;j
RS;tptinc992j;p77p78;1992;587161.81;992;j
RS;tptinc992j;p77p78;1993;379537.41;992;j
RS;tptinc992j;p77p78;1994;389670.31;992;j
RS;tptinc992j;p77p78;1995;410366.5;992;j
RS;tptinc992j;p77p78;1996;412835.41;992;j
RS;tptinc992j;p77p78;1997;436934.59;992;j
RS;tptinc992j;p77p78;1998;454489.19;992;j
RS;tptinc992j;p77p78;1999;491078.19;992;j
RS;tptinc992j;p77p78;2000;535233.38;992;j
RS;tptinc992j;p77p78;2001;531401.88;992;j
RS;tptinc992j;p77p78;2002;578317.13;992;j
RS;tptinc992j;p77p78;2003;605411.13;992;j
RS;tptinc992j;p77p78;2004;684156.81;992;j
RS;tptinc992j;p77p78;2005;759780.88;992;j
RS;tptinc992j;p77p78;2006;808003.13;992;j
RS;tptinc992j;p77p78;2007;856465.13;992;j
RS;tptinc992j;p77p78;2008;915243.38;992;j
RS;tptinc992j;p77p78;2009;898679.63;992;j
RS;tptinc992j;p77p78;2010;891302.81;992;j
RS;tptinc992j;p77p78;2011;894517.31;992;j
RS;tptinc992j;p77p78;2012;912508.38;992;j
RS;tptinc992j;p77p78;2013;940546.88;992;j
RS;tptinc992j;p77p78;2014;896447.81;992;j
RS;tptinc992j;p77p78;2015;892812.38;992;j
RS;tptinc992j;p77p78;2016;919963.81;992;j
RS;tptinc992j;p77p78;2017;925072.88;992;j
RS;tptinc992j;p90p91;1990;1307784.4;992;j
RS;tptinc992j;p90p91;1991;1136501.4;992;j
RS;tptinc992j;p90p91;1992;777443.13;992;j
RS;tptinc992j;p90p91;1993;504192.0;992;j
RS;tptinc992j;p90p91;1994;517912.19;992;j
RS;tptinc992j;p90p91;1995;546176.38;992;j
RS;tptinc992j;p90p91;1996;550816.19;992;j
RS;tptinc992j;p90p91;1997;584482.0;992;j
RS;tptinc992j;p90p91;1998;614475.63;992;j
RS;tptinc992j;p90p91;1999;667084.5;992;j
RS;tptinc992j;p90p91;2000;729014.88;992;j
RS;tptinc992j;p90p91;2001;723335.38;992;j
RS;tptinc992j;p90p91;2002;787414.0;992;j
RS;tptinc992j;p90p91;2003;844388.38;992;j
RS;tptinc992j;p90p91;2004;967066.69;992;j
RS;tptinc992j;p90p91;2005;1101974.1;992;j
RS;tptinc992j;p90p91;2006;1175615.8;992;j
RS;tptinc992j;p90p91;2007;1236299.4;992;j
RS;tptinc992j;p90p91;2008;1325692.9;992;j
RS;tptinc992j;p90p91;2009;1320129.3;992;j
RS;tptinc992j;p90p91;2010;1336766.1;992;j
RS;tptinc992j;p90p91;2011;1362797.9;992;j
RS;tptinc992j;p90p91;2012;1350288.5;992;j
RS;tptinc992j;p90p91;2013;1382733.1;992;j
RS;tptinc992j;p90p91;2014;1332631.9;992;j
RS;tptinc992j;p90p91;2015;1353291.0;992;j
RS;tptinc992j;p90p91;2016;1394651.0;992;j
RS;tptinc992j;p90p91;2017;1402463.5;992;j
RS;tptinc992j;p99p100;1990;3222297.0;992;j
RS;tptinc992j;p99p100;1991;2819413.0;992;j
RS;tptinc992j;p99p100;1992;1949176.1;992;j
RS;tptinc992j;p99p100;1993;1273573.6;992;j
RS;tptinc992j;p99p100;1994;1325851.4;992;j
RS;tptinc992j;p99p100;1995;1411098.1;992;j
RS;tptinc992j;p99p100;1996;1427759.6;992;j
RS;tptinc992j;p99p100;1997;1518370.9;992;j
RS;tptinc992j;p99p100;1998;1619839.9;992;j
RS;tptinc992j;p99p100;1999;1800302.3;992;j
RS;tptinc992j;p99p100;2000;2059479.1;992;j
RS;tptinc992j;p99p100;2001;2083354.6;992;j
RS;tptinc992j;p99p100;2002;2292588.0;992;j
RS;tptinc992j;p99p100;2003;2428320.3;992;j
RS;tptinc992j;p99p100;2004;2813475.8;992;j
RS;tptinc992j;p99p100;2005;3213774.3;992;j
RS;tptinc992j;p99p100;2006;3429490.0;992;j
RS;tptinc992j;p99p100;2007;3446366.5;992;j
RS;tptinc992j;p99p100;2008;3701151.0;992;j
RS;tptinc992j;p99p100;2009;3682487.3;992;j
RS;tptinc992j;p99p100;2010;3858182.5;992;j
RS;tptinc992j;p99p100;2011;3969798.8;992;j
RS;tptinc992j;p99p100;2012;4009015.3;992;j
RS;tptinc992j;p99p100;2013;4013060.3;992;j
RS;tptinc992j;p99p100;2014;4032541.3;992;j
RS;tptinc992j;p99p100;2015;3952844.3;992;j
RS;tptinc992j;p99p100;2016;4078038.3;992;j
RS;tptinc992j;p99p100;2017;4107850.5;992;j
RS;xlceux999i;p0p100;1999;12.427851;999;i
RS;xlceux999i;p0p100;2000;58.318478;999;i
RS;xlceux999i;p0p100;2001;59.922359;999;i
RS;xlceux999i;p0p100;2002;60.835857;999;i
RS;xlceux999i;p0p100;2003;65.109093;999;i
RS;xlceux999i;p0p100;2004;72.594696;999;i
RS;xlceux999i;p0p100;2005;82.991394;999;i
RS;xlceux999i;p0p100;2006;84.293213;999;i
RS;xlceux999i;p0p100;2007;80.089417;999;i
RS;xlceux999i;p0p100;2008;81.900368;999;i
RS;xlceux999i;p0p100;2009;94.200371;999;i
RS;xlceux999i;p0p100;2010;103.03067;999;i
RS;xlceux999i;p0p100;2011;102.05675;999;i
RS;xlceux999i;p0p100;2012;113.02806;999;i
RS;xlceux999i;p0p100;2013;113.09618;999;i
RS;xlceux999i;p0p100;2014;117.42418;999;i
RS;xlceux999i;p0p100;2015;120.72105;999;i
RS;xlceux999i;p0p100;2016;123.16238;999;i
RS;xlceux999i;p0p100;2017;121.69205;999;i
RS;xlceux999i;p0p100;2018;118.29433;999;i
RS;xlceux999i;p0p100;2019;117.59023;999;i
RS;acainc992j;p24p100;1990;641642.13;992;j
RS;acainc992j;p24p100;1991;556490.19;992;j
RS;acainc992j;p24p100;1992;380603.81;992;j
RS;acainc992j;p24p100;1993;246504.41;992;j
RS;acainc992j;p24p100;1994;253548.59;992;j
RS;acainc992j;p24p100;1995;267259.81;992;j
RS;acainc992j;p24p100;1996;269052.19;992;j
RS;acainc992j;p24p100;1997;283504.69;992;j
RS;acainc992j;p24p100;1998;309468.69;992;j
RS;acainc992j;p24p100;1999;353279.59;992;j
RS;acainc992j;p24p100;2000;384018.19;992;j
RS;acainc992j;p24p100;2001;374637.5;992;j
RS;acainc992j;p24p100;2002;394815.59;992;j
RS;acainc992j;p24p100;2003;416689.0;992;j
RS;acainc992j;p24p100;2004;501573.81;992;j
RS;acainc992j;p24p100;2005;572459.0;992;j
RS;acainc992j;p24p100;2006;606863.13;992;j
RS;acainc992j;p24p100;2007;607778.38;992;j
RS;acainc992j;p24p100;2008;652224.0;992;j
RS;acainc992j;p24p100;2009;646323.63;992;j
RS;acainc992j;p24p100;2010;652180.63;992;j
RS;acainc992j;p24p100;2011;661781.63;992;j
RS;acainc992j;p24p100;2012;661816.63;992;j
RS;acainc992j;p24p100;2013;676331.31;992;j
RS;acainc992j;p24p100;2014;652652.13;992;j
RS;acainc992j;p24p100;2015;666509.0;992;j
RS;acainc992j;p24p100;2016;691206.88;992;j
RS;acainc992j;p24p100;2017;691852.38;992;j
RS;acainc992j;p34p35;1990;318462.19;992;j
RS;acainc992j;p34p35;1991;277872.5;992;j
RS;acainc992j;p34p35;1992;191241.3;992;j
RS;acainc992j;p34p35;1993;124560.0;992;j
RS;acainc992j;p34p35;1994;128813.6;992;j
RS;acainc992j;p34p35;1995;136575.91;992;j
RS;acainc992j;p34p35;1996;138548.41;992;j
RS;acainc992j;p34p35;1997;147096.09;992;j
RS;acainc992j;p34p35;1998;157657.2;992;j
RS;acainc992j;p34p35;1999;179545.0;992;j
RS;acainc992j;p34p35;2000;193290.5;992;j
RS;acainc992j;p34p35;2001;186576.8;992;j
RS;acainc992j;p34p35;2002;192440.2;992;j
RS;acainc992j;p34p35;2003;201857.0;992;j
RS;acainc992j;p34p35;2004;236011.09;992;j
RS;acainc992j;p34p35;2005;263278.69;992;j
RS;acainc992j;p34p35;2006;271756.59;992;j
RS;acainc992j;p34p35;2007;266889.31;992;j
RS;acainc992j;p34p35;2008;281776.69;992;j
RS;acainc992j;p34p35;2009;273202.59;992;j
RS;acainc992j;p34p35;2010;265039.81;992;j
RS;acainc992j;p34p35;2011;259754.91;992;j
RS;acainc992j;p34p35;2012;252220.5;992;j
RS;acainc992j;p34p35;2013;249894.41;992;j
RS;acainc992j;p34p35;2014;248764.0;992;j
RS;acainc992j;p34p35;2015;244562.41;992;j
RS;acainc992j;p34p35;2016;253666.7;992;j
RS;acainc992j;p34p35;2017;253768.8;992;j
RS;acainc992j;p60p100;1990;883441.5;992;j
RS;acainc992j;p60p100;1991;764534.63;992;j
RS;acainc992j;p60p100;1992;521829.19;992;j
RS;acainc992j;p60p100;1993;337434.5;992;j
RS;acainc992j;p60p100;1994;346498.09;992;j
RS;acainc992j;p60p100;1995;364656.59;992;j
RS;acainc992j;p60p100;1996;366234.69;992;j
RS;acainc992j;p60p100;1997;384996.31;992;j
RS;acainc992j;p60p100;1998;422182.5;992;j
RS;acainc992j;p60p100;1999;483008.0;992;j
RS;acainc992j;p60p100;2000;526947.63;992;j
RS;acainc992j;p60p100;2001;515194.31;992;j
RS;acainc992j;p60p100;2002;546955.13;992;j
RS;acainc992j;p60p100;2003;579277.13;992;j
RS;acainc992j;p60p100;2004;702945.19;992;j
RS;acainc992j;p60p100;2005;807939.63;992;j
RS;acainc992j;p60p100;2006;862788.31;992;j
RS;acainc992j;p60p100;2007;865253.19;992;j
RS;acainc992j;p60p100;2008;932590.13;992;j
RS;acainc992j;p60p100;2009;929507.5;992;j
RS;acainc992j;p60p100;2010;948246.63;992;j
RS;acainc992j;p60p100;2011;970569.38;992;j
RS;acainc992j;p60p100;2012;974647.5;992;j
RS;acainc992j;p60p100;2013;1001848.0;992;j
RS;acainc992j;p60p100;2014;960593.31;992;j
RS;acainc992j;p60p100;2015;992636.31;992;j
RS;acainc992j;p60p100;2016;1029388.5;992;j
RS;acainc992j;p60p100;2017;1030483.9;992;j
RS;acainc992j;p8p9;1990;99823.297;992;j
RS;acainc992j;p8p9;1991;87782.5;992;j
RS;acainc992j;p8p9;1992;61316.301;992;j
RS;acainc992j;p8p9;1993;40689.102;992;j
RS;acainc992j;p8p9;1994;42753.301;992;j
RS;acainc992j;p8p9;1995;46153.801;992;j
RS;acainc992j;p8p9;1996;47655.0;992;j
RS;acainc992j;p8p9;1997;51394.801;992;j
RS;acainc992j;p8p9;1998;63076.699;992;j
RS;acainc992j;p8p9;1999;73000.203;992;j
RS;acainc992j;p8p9;2000;75634.898;992;j
RS;acainc992j;p8p9;2001;73320.602;992;j
RS;acainc992j;p8p9;2002;60335.0;992;j
RS;acainc992j;p8p9;2003;60043.199;992;j
RS;acainc992j;p8p9;2004;58186.602;992;j
RS;acainc992j;p8p9;2005;62646.5;992;j
RS;acainc992j;p8p9;2006;55556.699;992;j
RS;acainc992j;p8p9;2007;45161.199;992;j
RS;acainc992j;p8p9;2008;46273.301;992;j
RS;acainc992j;p8p9;2009;44244.301;992;j
RS;acainc992j;p8p9;2010;39076.602;992;j
RS;acainc992j;p8p9;2011;34072.898;992;j
RS;acainc992j;p8p9;2012;24726.699;992;j
RS;acainc992j;p8p9;2013;46586.398;992;j
RS;acainc992j;p8p9;2014;83613.797;992;j
RS;acainc992j;p8p9;2015;58939.0;992;j
RS;acainc992j;p8p9;2016;61224.102;992;j
RS;acainc992j;p8p9;2017;61156.898;992;j
RS;acainc992j;p99.92p100;1990;14832666.0;992;j
RS;acainc992j;p99.92p100;1991;12312255.0;992;j
RS;acainc992j;p99.92p100;1992;7972588.5;992;j
RS;acainc992j;p99.92p100;1993;4998864.0;992;j
RS;acainc992j;p99.92p100;1994;5026353.0;992;j
RS;acainc992j;p99.92p100;1995;5199465.5;992;j
RS;acainc992j;p99.92p100;1996;5076223.5;992;j
RS;acainc992j;p99.92p100;1997;5176964.0;992;j
RS;acainc992j;p99.92p100;1998;5961883.5;992;j
RS;acainc992j;p99.92p100;1999;7867488.0;992;j
RS;acainc992j;p99.92p100;2000;9113114.0;992;j
RS;acainc992j;p99.92p100;2001;9906665.0;992;j
RS;acainc992j;p99.92p100;2002;10078334.0;992;j
RS;acainc992j;p99.92p100;2003;10530795.0;992;j
RS;acainc992j;p99.92p100;2004;12775176.0;992;j
RS;acainc992j;p99.92p100;2005;15478587.0;992;j
RS;acainc992j;p99.92p100;2006;15667871.0;992;j
RS;acainc992j;p99.92p100;2007;14168852.0;992;j
RS;acainc992j;p99.92p100;2008;14050520.0;992;j
RS;acainc992j;p99.92p100;2009;16073429.0;992;j
RS;acainc992j;p99.92p100;2010;15848978.0;992;j
RS;acainc992j;p99.92p100;2011;15954903.0;992;j
RS;acainc992j;p99.92p100;2012;21620744.0;992;j
RS;acainc992j;p99.92p100;2013;18127862.0;992;j
RS;acainc992j;p99.92p100;2014;28008796.0;992;j
RS;acainc992j;p99.92p100;2015;41679452.0;992;j
RS;acainc992j;p99.92p100;2016;43249144.0;992;j
RS;acainc992j;p99.92p100;2017;43356600.0;992;j
RS;acfcfc999i;p0p100;1997;292.29999;999;i
RS;acfcfc999i;p0p100;1998;556.09998;999;i
RS;acfcfc999i;p0p100;1999;592.79999;999;i
RS;acfcfc999i;p0p100;2000;640.20001;999;i
RS;acfcfc999i;p0p100;2001;839.5;999;i
RS;acfcfc999i;p0p100;2002;918.40002;999;i
RS;acfcfc999i;p0p100;2003;981.0;999;i
RS;acfcfc999i;p0p100;2004;1135.4;999;i
RS;acfcfc999i;p0p100;2005;1473.0;999;i
RS;acfcfc999i;p0p100;2006;1876.3;999;i
RS;acfcfc999i;p0p100;2007;2085.8999;999;i
RS;acfcfc999i;p0p100;2008;2139.1001;999;i
RS;acfcfc999i;p0p100;2009;2151.6001;999;i
RS;acfcfc999i;p0p100;2010;2208.2;999;i
RS;acfcfc999i;p0p100;2011;2158.3;999;i
RS;acomho992i;p0p100;1997;257379.09;992;i
RS;acomho992i;p0p100;1998;225522.8;992;i
RS;acomho992i;p0p100;1999;225774.41;992;i
RS;acomho992i;p0p100;2000;227191.5;992;i
RS;acomho992i;p0p100;2001;245007.0;992;i
RS;acomho992i;p0p100;2002;278098.69;992;i
RS;acomho992i;p0p100;2003;304541.31;992;i
RS;acomho992i;p0p100;2004;312560.59;992;i
RS;acomho992i;p0p100;2005;332600.59;992;i
RS;acomho992i;p0p100;2006;343006.31;992;i
RS;acomho992i;p0p100;2007;365578.81;992;i
RS;acomho992i;p0p100;2008;378475.69;992;i
RS;acomho992i;p0p100;2009;365115.69;992;i
RS;acomho992i;p0p100;2010;354821.81;992;i
RS;acomho992i;p0p100;2011;353756.5;992;i
RS;adiinc992j;p46p47;1990;584041.13;992;j
RS;adiinc992j;p46p47;1991;510087.69;992;j
RS;adiinc992j;p46p47;1992;351226.0;992;j
RS;adiinc992j;p46p47;1993;228527.91;992;j
RS;adiinc992j;p46p47;1994;236060.3;992;j
RS;adiinc992j;p46p47;1995;249825.8;992;j
RS;adiinc992j;p46p47;1996;252933.59;992;j
RS;adiinc992j;p46p47;1997;269340.31;992;j
RS;adiinc992j;p46p47;1998;273472.0;992;j
RS;adiinc992j;p46p47;1999;297045.09;992;j
RS;adiinc992j;p46p47;2000;325019.09;992;j
RS;adiinc992j;p46p47;2001;323751.19;992;j
RS;adiinc992j;p46p47;2002;346036.91;992;j
RS;adiinc992j;p46p47;2003;361813.31;992;j
RS;adiinc992j;p46p47;2004;402217.81;992;j
RS;adiinc992j;p46p47;2005;443473.09;992;j
RS;adiinc992j;p46p47;2006;464229.5;992;j
RS;adiinc992j;p46p47;2007;481298.0;992;j
RS;adiinc992j;p46p47;2008;509271.69;992;j
RS;adiinc992j;p46p47;2009;493371.59;992;j
RS;adiinc992j;p46p47;2010;485302.91;992;j
RS;adiinc992j;p46p47;2011;480051.81;992;j
RS;adiinc992j;p46p47;2012;470951.81;992;j
RS;adiinc992j;p46p47;2013;484315.59;992;j
RS;adiinc992j;p46p47;2014;466042.59;992;j
RS;adiinc992j;p46p47;2015;465086.81;992;j
RS;adiinc992j;p46p47;2016;476582.81;992;j
RS;adiinc992j;p46p47;2017;479029.5;992;j
RS;adiinc992j;p62p63;1990;755377.88;992;j
RS;adiinc992j;p62p63;1991;656115.13;992;j
RS;adiinc992j;p62p63;1992;449146.0;992;j
RS;adiinc992j;p62p63;1993;290861.19;992;j
RS;adiinc992j;p62p63;1994;299233.5;992;j
RS;adiinc992j;p62p63;1995;315370.09;992;j
RS;adiinc992j;p62p63;1996;318055.81;992;j
RS;adiinc992j;p62p63;1997;337243.31;992;j
RS;adiinc992j;p62p63;1998;353198.41;992;j
RS;adiinc992j;p62p63;1999;384027.91;992;j
RS;adiinc992j;p62p63;2000;415896.19;992;j
RS;adiinc992j;p62p63;2001;412401.19;992;j
RS;adiinc992j;p62p63;2002;445048.09;992;j
RS;adiinc992j;p62p63;2003;468326.91;992;j
RS;adiinc992j;p62p63;2004;525796.63;992;j
RS;adiinc992j;p62p63;2005;581005.13;992;j
RS;adiinc992j;p62p63;2006;613092.81;992;j
RS;adiinc992j;p62p63;2007;637002.69;992;j
RS;adiinc992j;p62p63;2008;677676.38;992;j
RS;adiinc992j;p62p63;2009;660966.31;992;j
RS;adiinc992j;p62p63;2010;656440.63;992;j
RS;adiinc992j;p62p63;2011;654569.63;992;j
RS;adiinc992j;p62p63;2012;651383.69;992;j
RS;adiinc992j;p62p63;2013;675751.63;992;j
RS;adiinc992j;p62p63;2014;648892.5;992;j
RS;adiinc992j;p62p63;2015;633157.38;992;j
RS;adiinc992j;p62p63;2016;652057.88;992;j
RS;adiinc992j;p62p63;2017;655693.81;992;j
RS;adiinc992j;p78p79;1990;1004527.0;992;j
RS;adiinc992j;p78p79;1991;869973.69;992;j
RS;adiinc992j;p78p79;1992;594492.19;992;j
RS;adiinc992j;p78p79;1993;384115.5;992;j
RS;adiinc992j;p78p79;1994;394174.0;992;j
RS;adiinc992j;p78p79;1995;414351.31;992;j
RS;adiinc992j;p78p79;1996;416714.0;992;j
RS;adiinc992j;p78p79;1997;440586.5;992;j
RS;adiinc992j;p78p79;1998;457597.41;992;j
RS;adiinc992j;p78p79;1999;497348.41;992;j
RS;adiinc992j;p78p79;2000;541691.13;992;j
RS;adiinc992j;p78p79;2001;535270.31;992;j
RS;adiinc992j;p78p79;2002;584348.63;992;j
RS;adiinc992j;p78p79;2003;615033.88;992;j
RS;adiinc992j;p78p79;2004;700430.69;992;j
RS;adiinc992j;p78p79;2005;781515.69;992;j
RS;adiinc992j;p78p79;2006;826331.19;992;j
RS;adiinc992j;p78p79;2007;859261.0;992;j
RS;adiinc992j;p78p79;2008;924183.13;992;j
RS;adiinc992j;p78p79;2009;903224.0;992;j
RS;adiinc992j;p78p79;2010;908704.88;992;j
RS;adiinc992j;p78p79;2011;917761.63;992;j
RS;adiinc992j;p78p79;2012;912477.63;992;j
RS;adiinc992j;p78p79;2013;954388.19;992;j
RS;adiinc992j;p78p79;2014;878700.38;992;j
RS;adiinc992j;p78p79;2015;868631.88;992;j
RS;adiinc992j;p78p79;2016;897820.19;992;j
RS;adiinc992j;p78p79;2017;903242.19;992;j
RS;adiinc992j;p99.1p99.2;1990;3038825.5;992;j
RS;adiinc992j;p99.1p99.2;1991;2632044.8;992;j
RS;adiinc992j;p99.1p99.2;1992;1804978.8;992;j
RS;adiinc992j;p99.1p99.2;1993;1175605.6;992;j
RS;adiinc992j;p99.1p99.2;1994;1212453.0;992;j
RS;adiinc992j;p99.1p99.2;1995;1281684.4;992;j
RS;adiinc992j;p99.1p99.2;1996;1285025.4;992;j
RS;adiinc992j;p99.1p99.2;1997;1353177.1;992;j
RS;adiinc992j;p99.1p99.2;1998;1458216.6;992;j
RS;adiinc992j;p99.1p99.2;1999;1650493.4;992;j
RS;adiinc992j;p99.1p99.2;2000;1889933.6;992;j
RS;adiinc992j;p99.1p99.2;2001;1918228.0;992;j
RS;adiinc992j;p99.1p99.2;2002;2118667.3;992;j
RS;adiinc992j;p99.1p99.2;2003;2212140.8;992;j
RS;adiinc992j;p99.1p99.2;2004;2528436.5;992;j
RS;adiinc992j;p99.1p99.2;2005;2882815.8;992;j
RS;adiinc992j;p99.1p99.2;2006;3150769.5;992;j
RS;adiinc992j;p99.1p99.2;2007;3215073.5;992;j
RS;adiinc992j;p99.1p99.2;2008;3468125.8;992;j
RS;adiinc992j;p99.1p99.2;2009;3473475.5;992;j
RS;adiinc992j;p99.1p99.2;2010;3603354.8;992;j
RS;adiinc992j;p99.1p99.2;2011;3731111.8;992;j
RS;adiinc992j;p99.1p99.2;2012;3765102.0;992;j
RS;adiinc992j;p99.1p99.2;2013;3812264.5;992;j
RS;adiinc992j;p99.1p99.2;2014;3656853.0;992;j
RS;adiinc992j;p99.1p99.2;2015;3865813.8;992;j
RS;adiinc992j;p99.1p99.2;2016;4027057.8;992;j
RS;adiinc992j;p99.1p99.2;2017;4055904.8;992;j
RS;adiinc992j;p99.94p100;1990;22806022.0;992;j
RS;adiinc992j;p99.94p100;1991;18880182.0;992;j
RS;adiinc992j;p99.94p100;1992;12176307.0;992;j
RS;adiinc992j;p99.94p100;1993;7613071.5;992;j
RS;adiinc992j;p99.94p100;1994;7641347.0;992;j
RS;adiinc992j;p99.94p100;1995;7892611.0;992;j
RS;adiinc992j;p99.94p100;1996;7692079.0;992;j
RS;adiinc992j;p99.94p100;1997;7853105.0;992;j
RS;adiinc992j;p99.94p100;1998;8798785.0;992;j
RS;adiinc992j;p99.94p100;1999;11351376.0;992;j
RS;adiinc992j;p99.94p100;2000;13208606.0;992;j
RS;adiinc992j;p99.94p100;2001;14765886.0;992;j
RS;adiinc992j;p99.94p100;2002;15238634.0;992;j
RS;adiinc992j;p99.94p100;2003;15872386.0;992;j
RS;adiinc992j;p99.94p100;2004;18153942.0;992;j
RS;adiinc992j;p99.94p100;2005;21622814.0;992;j
RS;adiinc992j;p99.94p100;2006;21749980.0;992;j
RS;adiinc992j;p99.94p100;2007;20045616.0;992;j
RS;adiinc992j;p99.94p100;2008;19586420.0;992;j
RS;adiinc992j;p99.94p100;2009;22506728.0;992;j
RS;adiinc992j;p99.94p100;2010;22016256.0;992;j
RS;adiinc992j;p99.94p100;2011;22034748.0;992;j
RS;adiinc992j;p99.94p100;2012;30400654.0;992;j
RS;adiinc992j;p99.94p100;2013;25161294.0;992;j
RS;adiinc992j;p99.94p100;2014;40128148.0;992;j
RS;adiinc992j;p99.94p100;2015;60645996.0;992;j
RS;adiinc992j;p99.94p100;2016;63354340.0;992;j
RS;adiinc992j;p99.94p100;2017;63914776.0;992;j
RS;aprphn992i;p0p100;1997;2089.8;992;i
RS;aprphn992i;p0p100;1998;4411.5;992;i
RS;aprphn992i;p0p100;1999;3738.1001;992;i
RS;aprphn992i;p0p100;2000;6689.1001;992;i
RS;aprphn992i;p0p100;2001;5509.0;992;i
RS;aprphn992i;p0p100;2002;1456.0;992;i
RS;aprphn992i;p0p100;2003;3508.5;992;i
RS;aprphn992i;p0p100;2004;956.29999;992;i
RS;aprphn992i;p0p100;2005;11134.0;992;i
RS;aprphn992i;p0p100;2006;4138.7002;992;i
RS;aprphn992i;p0p100;2007;4791.6001;992;i
RS;aprphn992i;p0p100;2008;15963.0;992;i
RS;aprphn992i;p0p100;2009;1154.0;992;i
RS;aprphn992i;p0p100;2010;4743.0;992;i
RS;aprphn992i;p0p100;2011;6958.7998;992;i
RS;aptinc992j;p38p39;1990;477363.09;992;j
RS;aptinc992j;p38p39;1991;411605.19;992;j
RS;aptinc992j;p38p39;1992;280031.41;992;j
RS;aptinc992j;p38p39;1993;180454.8;992;j
RS;aptinc992j;p38p39;1994;184781.3;992;j
RS;aptinc992j;p38p39;1995;193799.5;992;j
RS;aptinc992j;p38p39;1996;194435.2;992;j
RS;aptinc992j;p38p39;1997;205131.2;992;j
RS;aptinc992j;p38p39;1998;209920.8;992;j
RS;aptinc992j;p38p39;1999;229807.7;992;j
RS;aptinc992j;p38p39;2000;249771.8;992;j
RS;aptinc992j;p38p39;2001;248288.5;992;j
RS;aptinc992j;p38p39;2002;264800.41;992;j
RS;aptinc992j;p38p39;2003;276378.5;992;j
RS;aptinc992j;p38p39;2004;305411.5;992;j
RS;aptinc992j;p38p39;2005;331928.59;992;j
RS;aptinc992j;p38p39;2006;346903.91;992;j
RS;aptinc992j;p38p39;2007;361728.19;992;j
RS;aptinc992j;p38p39;2008;379078.69;992;j
RS;aptinc992j;p38p39;2009;367800.69;992;j
RS;aptinc992j;p38p39;2010;359872.0;992;j
RS;aptinc992j;p38p39;2011;347690.81;992;j
RS;aptinc992j;p38p39;2012;345101.41;992;j
RS;aptinc992j;p38p39;2013;357811.69;992;j
RS;aptinc992j;p38p39;2014;337469.5;992;j
RS;aptinc992j;p38p39;2015;352878.41;992;j
RS;aptinc992j;p38p39;2016;363674.81;992;j
RS;aptinc992j;p38p39;2017;365580.31;992;j
RS;aptinc992j;p72p73;1990;901998.31;992;j
RS;aptinc992j;p72p73;1991;780994.5;992;j
RS;aptinc992j;p72p73;1992;533340.0;992;j
RS;aptinc992j;p72p73;1993;344782.19;992;j
RS;aptinc992j;p72p73;1994;354075.69;992;j
RS;aptinc992j;p72p73;1995;372493.0;992;j
RS;aptinc992j;p72p73;1996;374744.81;992;j
RS;aptinc992j;p72p73;1997;396545.91;992;j
RS;aptinc992j;p72p73;1998;413239.31;992;j
RS;aptinc992j;p72p73;1999;447764.5;992;j
RS;aptinc992j;p72p73;2000;485617.69;992;j
RS;aptinc992j;p72p73;2001;482045.09;992;j
RS;aptinc992j;p72p73;2002;522334.41;992;j
RS;aptinc992j;p72p73;2003;548668.88;992;j
RS;aptinc992j;p72p73;2004;614643.63;992;j
RS;aptinc992j;p72p73;2005;683216.13;992;j
RS;aptinc992j;p72p73;2006;726124.31;992;j
RS;aptinc992j;p72p73;2007;763107.69;992;j
RS;aptinc992j;p72p73;2008;818347.13;992;j
RS;aptinc992j;p72p73;2009;805314.0;992;j
RS;aptinc992j;p72p73;2010;797361.31;992;j
RS;aptinc992j;p72p73;2011;795168.69;992;j
RS;aptinc992j;p72p73;2012;812667.38;992;j
RS;aptinc992j;p72p73;2013;835934.31;992;j
RS;aptinc992j;p72p73;2014;800548.88;992;j
RS;aptinc992j;p72p73;2015;800646.69;992;j
RS;aptinc992j;p72p73;2016;825043.38;992;j
RS;aptinc992j;p72p73;2017;829739.88;992;j
RS;asagnp999i;p0p100;1997;-684.90002;999;i
RS;asagnp999i;p0p100;1998;-662.70001;999;i
RS;asagnp999i;p0p100;1999;-884.79999;999;i
RS;asagnp999i;p0p100;2000;-1467.8;999;i
RS;asagnp999i;p0p100;2001;-1001.5;999;i
RS;asagnp999i;p0p100;2002;-1035.8;999;i
RS;asagnp999i;p0p100;2003;-1007.5;999;i
RS;asagnp999i;p0p100;2004;-1280.4;999;i
RS;asagnp999i;p0p100;2005;-1358.9;999;i
RS;asagnp999i;p0p100;2006;-1436.3;999;i
RS;asagnp999i;p0p100;2007;-1728.6;999;i
RS;asagnp999i;p0p100;2008;-1664.0;999;i
RS;asagnp999i;p0p100;2009;-1505.6;999;i
RS;asagnp999i;p0p100;2010;-1539.0;999;i
RS;asagnp999i;p0p100;2011;-1605.0;999;i
RS;asavig992i;p0p100;1997;25907.801;992;i
RS;asavig992i;p0p100;1998;10230.0;992;i
RS;asavig992i;p0p100;1999;21547.1;992;i
RS;asavig992i;p0p100;2000;20355.1;992;i
RS;asavig992i;p0p100;2001;-17289.699;992;i
RS;asavig992i;p0p100;2002;-38916.801;992;i
RS;asavig992i;p0p100;2003;-18261.801;992;i
RS;asavig992i;p0p100;2004;18003.301;992;i
RS;asavig992i;p0p100;2005;26880.199;992;i
RS;asavig992i;p0p100;2006;27564.199;992;i
RS;asavig992i;p0p100;2007;15402.0;992;i
RS;asavig992i;p0p100;2008;7268.5;992;i
RS;asavig992i;p0p100;2009;-3647.2;992;i
RS;asavig992i;p0p100;2010;-11067.1;992;i
RS;asavig992i;p0p100;2011;17426.699;992;i
RS;bcainc992j;p76p100;1990;1.5694485;992;j
RS;bcainc992j;p76p100;1991;1.5670466;992;j
RS;bcainc992j;p76p100;1992;1.564563;992;j
RS;bcainc992j;p76p100;1993;1.5629299;992;j
RS;bcainc992j;p76p100;1994;1.5615549;992;j
RS;bcainc992j;p76p100;1995;1.5619043;992;j
RS;bcainc992j;p76p100;1996;1.5564173;992;j
RS;bcainc992j;p76p100;1997;1.5492418;992;j
RS;bcainc992j;p76p100;1998;1.5719439;992;j
RS;bcainc992j;p76p100;1999;1.6026703;992;j
RS;bcainc992j;p76p100;2000;1.6399171;992;j
RS;bcainc992j;p76p100;2001;1.6646932;992;j
RS;bcainc992j;p76p100;2002;1.6751975;992;j
RS;bcainc992j;p76p100;2003;1.6825503;992;j
RS;bcainc992j;p76p100;2004;1.6967764;992;j
RS;bcainc992j;p76p100;2005;1.7296125;992;j
RS;bcainc992j;p76p100;2006;1.7594361;992;j
RS;bcainc992j;p76p100;2007;1.7357512;992;j
RS;bcainc992j;p76p100;2008;1.7459301;992;j
RS;bcainc992j;p76p100;2009;1.770913;992;j
RS;bcainc992j;p76p100;2010;1.809077;992;j
RS;bcainc992j;p76p100;2011;1.8423672;992;j
RS;bcainc992j;p76p100;2012;1.8664596;992;j
RS;bcainc992j;p76p100;2013;1.8107122;992;j
RS;bcainc992j;p76p100;2014;1.8759828;992;j
RS;bcainc992j;p76p100;2015;2.0262332;992;j
RS;bcainc992j;p76p100;2016;2.0262465;992;j
RS;bcainc992j;p76p100;2017;2.0274296;992;j
RS;bdiinc992j;p29p100;1990;2.2753983;992;j
RS;bdiinc992j;p29p100;1991;2.2537544;992;j
RS;bdiinc992j;p29p100;1992;2.2199142;992;j
RS;bdiinc992j;p29p100;1993;2.1995893;992;j
RS;bdiinc992j;p29p100;1994;2.1761043;992;j
RS;bdiinc992j;p29p100;1995;2.1530385;992;j
RS;bdiinc992j;p29p100;1996;2.1269646;992;j
RS;bdiinc992j;p29p100;1997;2.1000879;992;j
RS;bdiinc992j;p29p100;1998;2.1114352;992;j
RS;bdiinc992j;p29p100;1999;2.149508;992;j
RS;bdiinc992j;p29p100;2000;2.1436582;992;j
RS;bdiinc992j;p29p100;2001;2.139425;992;j
RS;bdiinc992j;p29p100;2002;2.1836162;992;j
RS;bdiinc992j;p29p100;2003;2.2299271;992;j
RS;bdiinc992j;p29p100;2004;2.316144;992;j
RS;bdiinc992j;p29p100;2005;2.3595705;992;j
RS;bdiinc992j;p29p100;2006;2.4585299;992;j
RS;bdiinc992j;p29p100;2007;2.4525061;992;j
RS;bdiinc992j;p29p100;2008;2.5333126;992;j
RS;bdiinc992j;p29p100;2009;2.6145394;992;j
RS;bdiinc992j;p29p100;2010;2.7852309;992;j
RS;bdiinc992j;p29p100;2011;2.9881372;992;j
RS;bdiinc992j;p29p100;2012;2.9522359;992;j
RS;bdiinc992j;p29p100;2013;3.1896741;992;j
RS;bdiinc992j;p29p100;2014;2.9022191;992;j
RS;bdiinc992j;p29p100;2015;3.1315107;992;j
RS;bdiinc992j;p29p100;2016;3.197824;992;j
RS;bdiinc992j;p29p100;2017;3.2055988;992;j
RS;bdiinc992j;p61p100;1990;1.6619327;992;j
RS;bdiinc992j;p61p100;1991;1.6572863;992;j
RS;bdiinc992j;p61p100;1992;1.6544187;992;j
RS;bdiinc992j;p61p100;1993;1.6528583;992;j
RS;bdiinc992j;p61p100;1994;1.651647;992;j
RS;bdiinc992j;p61p100;1995;1.6507291;992;j
RS;bdiinc992j;p61p100;1996;1.6450942;992;j
RS;bdiinc992j;p61p100;1997;1.6375951;992;j
RS;bdiinc992j;p61p100;1998;1.6511548;992;j
RS;bdiinc992j;p61p100;1999;1.6778605;992;j
RS;bdiinc992j;p61p100;2000;1.702701;992;j
RS;bdiinc992j;p61p100;2001;1.7209109;992;j
RS;bdiinc992j;p61p100;2002;1.7372887;992;j
RS;bdiinc992j;p61p100;2003;1.7465377;992;j
RS;bdiinc992j;p61p100;2004;1.7798952;992;j
RS;bdiinc992j;p61p100;2005;1.8108308;992;j
RS;bdiinc992j;p61p100;2006;1.8355914;992;j
RS;bdiinc992j;p61p100;2007;1.821388;992;j
RS;bdiinc992j;p61p100;2008;1.8334386;992;j
RS;bdiinc992j;p61p100;2009;1.864895;992;j
RS;bdiinc992j;p61p100;2010;1.9140258;992;j
RS;bdiinc992j;p61p100;2011;1.9541941;992;j
RS;bdiinc992j;p61p100;2012;1.9709666;992;j
RS;bdiinc992j;p61p100;2013;1.9605485;992;j
RS;bdiinc992j;p61p100;2014;1.9457835;992;j
RS;bdiinc992j;p61p100;2015;2.0573175;992;j
RS;bdiinc992j;p61p100;2016;2.0723519;992;j
RS;bdiinc992j;p61p100;2017;2.0748196;992;j
RS;bdiinc992j;p99.999p100;1990;2.1747675;992;j
RS;bdiinc992j;p99.999p100;1991;2.1216512;992;j
RS;bdiinc992j;p99.999p100;1992;2.04864;992;j
RS;bdiinc992j;p99.999p100;1993;1.9978861;992;j
RS;bdiinc992j;p99.999p100;1994;1.9657152;992;j
RS;bdiinc992j;p99.999p100;1995;1.938175;992;j
RS;bdiinc992j;p99.999p100;1996;1.9105017;992;j
RS;bdiinc992j;p99.999p100;1997;1.8808783;992;j
RS;bdiinc992j;p99.999p100;1998;1.9108272;992;j
RS;bdiinc992j;p99.999p100;1999;2.0304968;992;j
RS;bdiinc992j;p99.999p100;2000;2.0193558;992;j
RS;bdiinc992j;p99.999p100;2001;2.1170912;992;j
RS;bdiinc992j;p99.999p100;2002;2.031188;992;j
RS;bdiinc992j;p99.999p100;2003;2.0408044;992;j
RS;bdiinc992j;p99.999p100;2004;2.0477273;992;j
RS;bdiinc992j;p99.999p100;2005;2.0925958;992;j
RS;bdiinc992j;p99.999p100;2006;1.9887838;992;j
RS;bdiinc992j;p99.999p100;2007;1.8925579;992;j
RS;bdiinc992j;p99.999p100;2008;1.7932665;992;j
RS;bdiinc992j;p99.999p100;2009;1.9205207;992;j
RS;bdiinc992j;p99.999p100;2010;1.8574315;992;j
RS;bdiinc992j;p99.999p100;2011;1.8203635;992;j
RS;bdiinc992j;p99.999p100;2012;2.1298606;992;j
RS;bdiinc992j;p99.999p100;2013;1.9233673;992;j
RS;bdiinc992j;p99.999p100;2014;2.5223775;992;j
RS;bdiinc992j;p99.999p100;2015;3.0542288;992;j
RS;bdiinc992j;p99.999p100;2016;3.0557036;992;j
RS;bdiinc992j;p99.999p100;2017;3.0584464;992;j
RS;bdiinc992j;p99p100;1990;1.9236684;992;j
RS;bdiinc992j;p99p100;1991;1.8916302;992;j
RS;bdiinc992j;p99p100;1992;1.8509433;992;j
RS;bdiinc992j;p99p100;1993;1.826261;992;j
RS;bdiinc992j;p99p100;1994;1.809942;992;j
RS;bdiinc992j;p99p100;1995;1.7964671;992;j
RS;bdiinc992j;p99p100;1996;1.7781512;992;j
RS;bdiinc992j;p99p100;1997;1.7585084;992;j
RS;bdiinc992j;p99p100;1998;1.7861949;992;j
RS;bdiinc992j;p99p100;1999;1.8793132;992;j
RS;bdiinc992j;p99p100;2000;1.9020945;992;j
RS;bdiinc992j;p99p100;2001;1.9764239;992;j
RS;bdiinc992j;p99p100;2002;1.9306452;992;j
RS;bdiinc992j;p99p100;2003;1.9237372;992;j
RS;bdiinc992j;p99p100;2004;1.9216431;992;j
RS;bdiinc992j;p99p100;2005;1.9550049;992;j
RS;bdiinc992j;p99p100;2006;1.9007142;992;j
RS;bdiinc992j;p99p100;2007;1.8282193;992;j
RS;bdiinc992j;p99p100;2008;1.7672402;992;j
RS;bdiinc992j;p99p100;2009;1.8583684;992;j
RS;bdiinc992j;p99p100;2010;1.8216342;992;j
RS;bdiinc992j;p99p100;2011;1.8017567;992;j
RS;bdiinc992j;p99p100;2012;2.0311406;992;j
RS;bdiinc992j;p99p100;2013;1.8778139;992;j
RS;bdiinc992j;p99p100;2014;2.302506;992;j
RS;bdiinc992j;p99p100;2015;2.7286456;992;j
RS;bdiinc992j;p99p100;2016;2.7338231;992;j
RS;bdiinc992j;p99p100;2017;2.7361495;992;j
RS;bptinc992j;p86p100;1990;1.6292527;992;j
RS;bptinc992j;p86p100;1991;1.6439296;992;j
RS;bptinc992j;p86p100;1992;1.6583198;992;j
RS;bptinc992j;p86p100;1993;1.6723274;992;j
RS;bptinc992j;p86p100;1994;1.6862862;992;j
RS;bptinc992j;p86p100;1995;1.6988847;992;j
RS;bptinc992j;p86p100;1996;1.7085043;992;j
RS;bptinc992j;p86p100;1997;1.7190257;992;j
RS;bptinc992j;p86p100;1998;1.7519732;992;j
RS;bptinc992j;p86p100;1999;1.7794844;992;j
RS;bptinc992j;p86p100;2000;1.8395777;992;j
RS;bptinc992j;p86p100;2001;1.8731985;992;j
RS;bptinc992j;p86p100;2002;1.86822;992;j
RS;bptinc992j;p86p100;2003;1.8823968;992;j
RS;bptinc992j;p86p100;2004;1.9056662;992;j
RS;bptinc992j;p86p100;2005;1.9102696;992;j
RS;bptinc992j;p86p100;2006;1.9067063;992;j
RS;bptinc992j;p86p100;2007;1.8465967;992;j
RS;bptinc992j;p86p100;2008;1.8360982;992;j
RS;bptinc992j;p86p100;2009;1.8428266;992;j
RS;bptinc992j;p86p100;2010;1.8817438;992;j
RS;bptinc992j;p86p100;2011;1.9006838;992;j
RS;bptinc992j;p86p100;2012;1.8639627;992;j
RS;bptinc992j;p86p100;2013;1.8333995;992;j
RS;bptinc992j;p86p100;2014;1.9539713;992;j
RS;bptinc992j;p86p100;2015;1.9319261;992;j
RS;bptinc992j;p86p100;2016;1.9331305;992;j
RS;bptinc992j;p86p100;2017;1.9352034;992;j
RS;bptinc992j;p99.99p100;1990;2.0926456;992;j
RS;bptinc992j;p99.99p100;1991;2.1156256;992;j
RS;bptinc992j;p99.99p100;1992;2.1227672;992;j
RS;bptinc992j;p99.99p100;1993;2.1448593;992;j
RS;bptinc992j;p99.99p100;1994;2.1461637;992;j
RS;bptinc992j;p99.99p100;1995;2.1657169;992;j
RS;bptinc992j;p99.99p100;1996;2.1847653;992;j
RS;bptinc992j;p99.99p100;1997;2.2068396;992;j
RS;bptinc992j;p99.99p100;1998;2.1706538;992;j
RS;bptinc992j;p99.99p100;1999;2.2283118;992;j
RS;bptinc992j;p99.99p100;2000;2.2410016;992;j
RS;bptinc992j;p99.99p100;2001;2.3041852;992;j
RS;bptinc992j;p99.99p100;2002;2.243964;992;j
RS;bptinc992j;p99.99p100;2003;2.2128193;992;j
RS;bptinc992j;p99.99p100;2004;2.2090459;992;j
RS;bptinc992j;p99.99p100;2005;2.1454732;992;j
RS;bptinc992j;p99.99p100;2006;2.1469004;992;j
RS;bptinc992j;p99.99p100;2007;2.1061571;992;j
RS;bptinc992j;p99.99p100;2008;2.1223836;992;j
RS;bptinc992j;p99.99p100;2009;2.0964227;992;j
RS;bptinc992j;p99.99p100;2010;2.017386;992;j
RS;bptinc992j;p99.99p100;2011;2.0439646;992;j
RS;bptinc992j;p99.99p100;2012;1.8224335;992;j
RS;bptinc992j;p99.99p100;2013;1.916815;992;j
RS;bptinc992j;p99.99p100;2014;2.3196683;992;j
RS;bptinc992j;p99.99p100;2015;2.3309009;992;j
RS;bptinc992j;p99.99p100;2016;2.3307204;992;j
RS;bptinc992j;p99.99p100;2017;2.3294272;992;j
RS;mgsmhn999i;p0p100;1997;698081804288.0;999;i
RS;mgsmhn999i;p0p100;1998;686797881344.0;999;i
RS;mgsmhn999i;p0p100;1999;714128359424.0;999;i
RS;mgsmhn999i;p0p100;2000;795659862016.0;999;i
RS;mgsmhn999i;p0p100;2001;794992443392.0;999;i
RS;mgsmhn999i;p0p100;2002;720093708288.0;999;i
RS;mgsmhn999i;p0p100;2003;685713391616.0;999;i
RS;mgsmhn999i;p0p100;2004;739421913088.0;999;i
RS;mgsmhn999i;p0p100;2005;789856714752.0;999;i
RS;mgsmhn999i;p0p100;2006;928343654400.0;999;i
RS;mgsmhn999i;p0p100;2007;950383017984.0;999;i
RS;mgsmhn999i;p0p100;2008;1006723006464.0;999;i
RS;mgsmhn999i;p0p100;2009;1007529885696.0;999;i
RS;mgsmhn999i;p0p100;2010;1031426998272.0;999;i
RS;mgsmhn999i;p0p100;2011;1094383239168.0;999;i
RS;npopul201i;p0p100;1950;689605.0;201;i
RS;npopul201i;p0p100;1951;699201.0;201;i
RS;npopul201i;p0p100;1952;704383.0;201;i
RS;npopul201i;p0p100;1953;704014.0;201;i
RS;npopul201i;p0p100;1954;699181.0;201;i
RS;npopul201i;p0p100;1955;691161.0;201;i
RS;npopul201i;p0p100;1956;680229.0;201;i
RS;npopul201i;p0p100;1957;667803.0;201;i
RS;npopul201i;p0p100;1958;653086.0;201;i
RS;npopul201i;p0p100;1959;634379.0;201;i
RS;npopul201i;p0p100;1960;611361.0;201;i
RS;npopul201i;p0p100;1961;585686.0;201;i
RS;npopul201i;p0p100;1962;554110.0;201;i
RS;npopul201i;p0p100;1963;524493.0;201;i
RS;npopul201i;p0p100;1964;508135.0;201;i
RS;npopul201i;p0p100;1965;511342.0;201;i
RS;npopul201i;p0p100;1966;530909.0;201;i
RS;npopul201i;p0p100;1967;569689.0;201;i
RS;npopul201i;p0p100;1968;620077.0;201;i
RS;npopul201i;p0p100;1969;669640.0;201;i
RS;npopul201i;p0p100;1970;710209.0;201;i
RS;npopul201i;p0p100;1971;743710.0;201;i
RS;npopul201i;p0p100;1972;769738.0;201;i
RS;npopul201i;p0p100;1973;786914.0;201;i
RS;npopul201i;p0p100;1974;794519.0;201;i
RS;npopul201i;p0p100;1975;792402.0;201;i
RS;npopul201i;p0p100;1976;780250.0;201;i
RS;npopul201i;p0p100;1977;756796.0;201;i
RS;npopul201i;p0p100;1978;727210.0;201;i
RS;npopul201i;p0p100;1979;699566.0;201;i
RS;npopul201i;p0p100;1980;679114.0;201;i
RS;npopul201i;p0p100;1981;665641.0;201;i
RS;npopul201i;p0p100;1982;659837.0;201;i
RS;npopul201i;p0p100;1983;659662.0;201;i
RS;npopul201i;p0p100;1984;661140.0;201;i
RS;npopul201i;p0p100;1985;661832.0;201;i
RS;npopul201i;p0p100;1986;663097.0;201;i
RS;npopul201i;p0p100;1987;664249.0;201;i
RS;npopul201i;p0p100;1988;666261.0;201;i
RS;npopul201i;p0p100;1989;670729.0;201;i
RS;npopul201i;p0p100;1990;678480.0;201;i
RS;npopul201i;p0p100;1991;689513.0;201;i
RS;npopul201i;p0p100;1992;703447.0;201;i
RS;npopul201i;p0p100;1993;718467.0;201;i
RS;npopul201i;p0p100;1994;731936.0;201;i
RS;npopul201i;p0p100;1995;741954.0;201;i
RS;npopul201i;p0p100;1996;740786.0;201;i
RS;npopul201i;p0p100;1997;734171.0;201;i
RS;npopul201i;p0p100;1998;722631.0;201;i
RS;npopul201i;p0p100;1999;556638.0;201;i
RS;npopul201i;p0p100;2000;546013.0;201;i
RS;npopul201i;p0p100;2001;542365.0;201;i
RS;npopul201i;p0p100;2002;537044.0;201;i
RS;npopul201i;p0p100;2003;529705.0;201;i
RS;npopul201i;p0p100;2004;524042.0;201;i
RS;npopul201i;p0p100;2005;521052.0;201;i
RS;npopul201i;p0p100;2006;518268.0;201;i
RS;npopul201i;p0p100;2007;518673.0;201;i
RS;npopul201i;p0p100;2008;520238.0;201;i
RS;npopul201i;p0p100;2009;520043.0;201;i
RS;npopul201i;p0p100;2010;516084.0;201;i
RS;npopul201i;p0p100;2011;507366.0;201;i
RS;npopul201i;p0p100;2012;496555.0;201;i
RS;npopul201i;p0p100;2013;483320.0;201;i
RS;npopul201i;p0p100;2014;469521.0;201;i
RS;npopul201i;p0p100;2015;456296.0;201;i
RS;npopul201i;p0p100;2016;447556.0;201;i
RS;npopul201i;p0p100;2017;440189.0;201;i
RS;npopul201i;p0p100;2018;433179.0;201;i
RS;npopul201i;p0p100;2019;427026.0;201;i
RS;npopul601m;p0p100;1950;96647.0;601;m
RS;npopul601m;p0p100;1951;94686.0;601;m
RS;npopul601m;p0p100;1952;91768.0;601;m
RS;npopul601m;p0p100;1953;89157.0;601;m
RS;npopul601m;p0p100;1954;89029.0;601;m
RS;npopul601m;p0p100;1955;92544.0;601;m
RS;npopul601m;p0p100;1956;98658.0;601;m
RS;npopul601m;p0p100;1957;107772.0;601;m
RS;npopul601m;p0p100;1958;118403.0;601;m
RS;npopul601m;p0p100;1959;128448.0;601;m
RS;npopul601m;p0p100;1960;136758.0;601;m
RS;npopul601m;p0p100;1961;143261.0;601;m
RS;npopul601m;p0p100;1962;147923.0;601;m
RS;npopul601m;p0p100;1963;151638.0;601;m
RS;npopul601m;p0p100;1964;155651.0;601;m
RS;npopul601m;p0p100;1965;160508.0;601;m
RS;npopul601m;p0p100;1966;164391.0;601;m
RS;npopul601m;p0p100;1967;169117.0;601;m
RS;npopul601m;p0p100;1968;173511.0;601;m
RS;npopul601m;p0p100;1969;175750.0;601;m
RS;npopul601m;p0p100;1970;174893.0;601;m
RS;npopul601m;p0p100;1971;170562.0;601;m
RS;npopul601m;p0p100;1972;164229.0;601;m
RS;npopul601m;p0p100;1973;156551.0;601;m
RS;npopul601m;p0p100;1974;148319.0;601;m
RS;npopul601m;p0p100;1975;140118.0;601;m
RS;npopul601m;p0p100;1976;130856.0;601;m
RS;npopul601m;p0p100;1977;121113.0;601;m
RS;npopul601m;p0p100;1978;113244.0;601;m
RS;npopul601m;p0p100;1979;110645.0;601;m
RS;npopul601m;p0p100;1980;115114.0;601;m
RS;npopul601m;p0p100;1981;125070.0;601;m
RS;npopul601m;p0p100;1982;141119.0;601;m
RS;npopul601m;p0p100;1983;160712.0;601;m
RS;npopul601m;p0p100;1984;180239.0;601;m
RS;npopul601m;p0p100;1985;197584.0;601;m
RS;npopul601m;p0p100;1986;211727.0;601;m
RS;npopul601m;p0p100;1987;224064.0;601;m
RS;npopul601m;p0p100;1988;234727.0;601;m
RS;npopul601m;p0p100;1989;243941.0;601;m
RS;npopul601m;p0p100;1990;251772.0;601;m
RS;npopul601m;p0p100;1991;256655.0;601;m
RS;npopul601m;p0p100;1992;260311.0;601;m
RS;npopul601m;p0p100;1993;262526.0;601;m
RS;npopul601m;p0p100;1994;262888.0;601;m
RS;npopul601m;p0p100;1995;261109.0;601;m
RS;npopul601m;p0p100;1996;257499.0;601;m
RS;npopul601m;p0p100;1997;252308.0;601;m
RS;npopul601m;p0p100;1998;245784.0;601;m
RS;npopul601m;p0p100;1999;187325.0;601;m
RS;npopul601m;p0p100;2000;181681.0;601;m
RS;npopul601m;p0p100;2001;173675.0;601;m
RS;npopul601m;p0p100;2002;164493.0;601;m
RS;npopul601m;p0p100;2003;155953.0;601;m
RS;npopul601m;p0p100;2004;152092.0;601;m
RS;npopul601m;p0p100;2005;154776.0;601;m
RS;npopul601m;p0p100;2006;162508.0;601;m
RS;npopul601m;p0p100;2007;175784.0;601;m
RS;npopul601m;p0p100;2008;191957.0;601;m
RS;npopul601m;p0p100;2009;207451.0;601;m
RS;npopul601m;p0p100;2010;220123.0;601;m
RS;npopul601m;p0p100;2011;229448.0;601;m
RS;npopul601m;p0p100;2012;237606.0;601;m
RS;npopul601m;p0p100;2013;243500.0;601;m
RS;npopul601m;p0p100;2014;246415.0;601;m
RS;npopul601m;p0p100;2015;245943.0;601;m
RS;npopul601m;p0p100;2016;240130.0;601;m
RS;npopul601m;p0p100;2017;231655.0;601;m
RS;npopul601m;p0p100;2018;221612.0;601;m
RS;npopul601m;p0p100;2019;212651.0;601;m
RS;npopul997m;p0p100;1950;207330.0;997;m
RS;npopul997m;p0p100;1951;208741.0;997;m
RS;npopul997m;p0p100;1952;210175.0;997;m
RS;npopul997m;p0p100;1953;210673.0;997;m
RS;npopul997m;p0p100;1954;209721.0;997;m
RS;npopul997m;p0p100;1955;207322.0;997;m
RS;npopul997m;p0p100;1956;207951.0;997;m
RS;npopul997m;p0p100;1957;207158.0;997;m
RS;npopul997m;p0p100;1958;205945.0;997;m
RS;npopul997m;p0p100;1959;205660.0;997;m
RS;npopul997m;p0p100;1960;207043.0;997;m
RS;npopul997m;p0p100;1961;214030.0;997;m
RS;npopul997m;p0p100;1962;221828.0;997;m
RS;npopul997m;p0p100;1963;230223.0;997;m
RS;npopul997m;p0p100;1964;238892.0;997;m
RS;npopul997m;p0p100;1965;247647.0;997;m
RS;npopul997m;p0p100;1966;258037.0;997;m
RS;npopul997m;p0p100;1967;268265.0;997;m
RS;npopul997m;p0p100;1968;278418.0;997;m
RS;npopul997m;p0p100;1969;288671.0;997;m
RS;npopul997m;p0p100;1970;299101.0;997;m
RS;npopul997m;p0p100;1971;311846.0;997;m
RS;npopul997m;p0p100;1972;324382.0;997;m
RS;npopul997m;p0p100;1973;335853.0;997;m
RS;npopul997m;p0p100;1974;345249.0;997;m
RS;npopul997m;p0p100;1975;351996.0;997;m
RS;npopul997m;p0p100;1976;357777.0;997;m
RS;npopul997m;p0p100;1977;361442.0;997;m
RS;npopul997m;p0p100;1978;362775.0;997;m
RS;npopul997m;p0p100;1979;361347.0;997;m
RS;npopul997m;p0p100;1980;357168.0;997;m
RS;npopul997m;p0p100;1981;353025.0;997;m
RS;npopul997m;p0p100;1982;346374.0;997;m
RS;npopul997m;p0p100;1983;339110.0;997;m
RS;npopul997m;p0p100;1984;333825.0;997;m
RS;npopul997m;p0p100;1985;332023.0;997;m
RS;npopul997m;p0p100;1986;336394.0;997;m
RS;npopul997m;p0p100;1987;342921.0;997;m
RS;npopul997m;p0p100;1988;351421.0;997;m
RS;npopul997m;p0p100;1989;361724.0;997;m
RS;npopul997m;p0p100;1990;373780.0;997;m
RS;npopul997m;p0p100;1991;392589.0;997;m
RS;npopul997m;p0p100;1992;413139.0;997;m
RS;npopul997m;p0p100;1993;434102.0;997;m
RS;npopul997m;p0p100;1994;453553.0;997;m
RS;npopul997m;p0p100;1995;470151.0;997;m
RS;npopul997m;p0p100;1996;490467.0;997;m
RS;npopul997m;p0p100;1997;506627.0;997;m
RS;npopul997m;p0p100;1998;519096.0;997;m
RS;npopul997m;p0p100;1999;416296.0;997;m
RS;npopul997m;p0p100;2000;425542.0;997;m
RS;npopul997m;p0p100;2001;434428.0;997;m
RS;npopul997m;p0p100;2002;442450.0;997;m
RS;npopul997m;p0p100;2003;447765.0;997;m
RS;npopul997m;p0p100;2004;450651.0;997;m
RS;npopul997m;p0p100;2005;450355.0;997;m
RS;npopul997m;p0p100;2006;452296.0;997;m
RS;npopul997m;p0p100;2007;451777.0;997;m
RS;npopul997m;p0p100;2008;450498.0;997;m
RS;npopul997m;p0p100;2009;451158.0;997;m
RS;npopul997m;p0p100;2010;455035.0;997;m
RS;npopul997m;p0p100;2011;462938.0;997;m
RS;npopul997m;p0p100;2012;474619.0;997;m
RS;npopul997m;p0p100;2013;488183.0;997;m
RS;npopul997m;p0p100;2014;502763.0;997;m
RS;npopul997m;p0p100;2015;517655.0;997;m
RS;npopul997m;p0p100;2016;529784.0;997;m
RS;npopul997m;p0p100;2017;542942.0;997;m
RS;npopul997m;p0p100;2018;554637.0;997;m
RS;npopul997m;p0p100;2019;563783.0;997;m
RS;scainc992j;p9p100;1990;0.98799998;992;j
RS;scainc992j;p9p100;1991;0.98809999;992;j
RS;scainc992j;p9p100;1992;0.98820001;992;j
RS;scainc992j;p9p100;1993;0.98830003;992;j
RS;scainc992j;p9p100;1994;0.98839998;992;j
RS;scainc992j;p9p100;1995;0.9885;992;j
RS;scainc992j;p9p100;1996;0.9885;992;j
RS;scainc992j;p9p100;1997;0.98869997;992;j
RS;scainc992j;p9p100;1998;0.98769999;992;j
RS;scainc992j;p9p100;1999;0.98720002;992;j
RS;scainc992j;p9p100;2000;0.98809999;992;j
RS;scainc992j;p9p100;2001;0.98839998;992;j
RS;scainc992j;p9p100;2002;0.99169999;992;j
RS;scainc992j;p9p100;2003;0.9914;992;j
RS;scainc992j;p9p100;2004;0.9928;992;j
RS;scainc992j;p9p100;2005;0.99330002;992;j
RS;scainc992j;p9p100;2006;0.99440002;992;j
RS;scainc992j;p9p100;2007;0.99559999;992;j
RS;scainc992j;p9p100;2008;0.99540001;992;j
RS;scainc992j;p9p100;2009;0.99479997;992;j
RS;scainc992j;p9p100;2010;0.99529999;992;j
RS;scainc992j;p9p100;2011;0.99599999;992;j
RS;scainc992j;p9p100;2012;0.99690002;992;j
RS;scainc992j;p9p100;2013;0.99339998;992;j
RS;scainc992j;p9p100;2014;0.9867;992;j
RS;scainc992j;p9p100;2015;0.991;992;j
RS;scainc992j;p9p100;2016;0.991;992;j
RS;scainc992j;p9p100;2017;0.991;992;j
RS;sdiinc992j;p50p90;1990;0.4806;992;j
RS;sdiinc992j;p50p90;1991;0.48030001;992;j
RS;sdiinc992j;p50p90;1992;0.4795;992;j
RS;sdiinc992j;p50p90;1993;0.47839999;992;j
RS;sdiinc992j;p50p90;1994;0.47729999;992;j
RS;sdiinc992j;p50p90;1995;0.4761;992;j
RS;sdiinc992j;p50p90;1996;0.4756;992;j
RS;sdiinc992j;p50p90;1997;0.47499999;992;j
RS;sdiinc992j;p50p90;1998;0.47170001;992;j
RS;sdiinc992j;p50p90;1999;0.4675;992;j
RS;sdiinc992j;p50p90;2000;0.4621;992;j
RS;sdiinc992j;p50p90;2001;0.45840001;992;j
RS;sdiinc992j;p50p90;2002;0.4619;992;j
RS;sdiinc992j;p50p90;2003;0.46380001;992;j
RS;sdiinc992j;p50p90;2004;0.4677;992;j
RS;sdiinc992j;p50p90;2005;0.46630001;992;j
RS;sdiinc992j;p50p90;2006;0.46759999;992;j
RS;sdiinc992j;p50p90;2007;0.472;992;j
RS;sdiinc992j;p50p90;2008;0.47389999;992;j
RS;sdiinc992j;p50p90;2009;0.47220001;992;j
RS;sdiinc992j;p50p90;2010;0.47240001;992;j
RS;sdiinc992j;p50p90;2011;0.47330001;992;j
RS;sdiinc992j;p50p90;2012;0.47029999;992;j
RS;sdiinc992j;p50p90;2013;0.47850001;992;j
RS;sdiinc992j;p50p90;2014;0.45739999;992;j
RS;sdiinc992j;p50p90;2015;0.44600001;992;j
RS;sdiinc992j;p50p90;2016;0.4465;992;j
RS;sdiinc992j;p50p90;2017;0.4465;992;j
RS;sdiinc992j;p91p92;1990;0.017899999;992;j
RS;sdiinc992j;p91p92;1991;0.017899999;992;j
RS;sdiinc992j;p91p92;1992;0.017899999;992;j
RS;sdiinc992j;p91p92;1993;0.0178;992;j
RS;sdiinc992j;p91p92;1994;0.0178;992;j
RS;sdiinc992j;p91p92;1995;0.0177;992;j
RS;sdiinc992j;p91p92;1996;0.0177;992;j
RS;sdiinc992j;p91p92;1997;0.0176;992;j
RS;sdiinc992j;p91p92;1998;0.0178;992;j
RS;sdiinc992j;p91p92;1999;0.0178;992;j
RS;sdiinc992j;p91p92;2000;0.0176;992;j
RS;sdiinc992j;p91p92;2001;0.0176;992;j
RS;sdiinc992j;p91p92;2002;0.0178;992;j
RS;sdiinc992j;p91p92;2003;0.017999999;992;j
RS;sdiinc992j;p91p92;2004;0.0185;992;j
RS;sdiinc992j;p91p92;2005;0.0188;992;j
RS;sdiinc992j;p91p92;2006;0.018999999;992;j
RS;sdiinc992j;p91p92;2007;0.019200001;992;j
RS;sdiinc992j;p91p92;2008;0.019300001;992;j
RS;sdiinc992j;p91p92;2009;0.019400001;992;j
RS;sdiinc992j;p91p92;2010;0.0199;992;j
RS;sdiinc992j;p91p92;2011;0.020300001;992;j
RS;sdiinc992j;p91p92;2012;0.0197;992;j
RS;sdiinc992j;p91p92;2013;0.02;992;j
RS;sdiinc992j;p91p92;2014;0.0189;992;j
RS;sdiinc992j;p91p92;2015;0.0185;992;j
RS;sdiinc992j;p91p92;2016;0.0187;992;j
RS;sdiinc992j;p91p92;2017;0.0187;992;j
RS;sdiinc992j;p99.8p100;1990;0.033100002;992;j
RS;sdiinc992j;p99.8p100;1991;0.032000002;992;j
RS;sdiinc992j;p99.8p100;1992;0.0307;992;j
RS;sdiinc992j;p99.8p100;1993;0.029999999;992;j
RS;sdiinc992j;p99.8p100;1994;0.0295;992;j
RS;sdiinc992j;p99.8p100;1995;0.029100001;992;j
RS;sdiinc992j;p99.8p100;1996;0.0284;992;j
RS;sdiinc992j;p99.8p100;1997;0.0276;992;j
RS;sdiinc992j;p99.8p100;1998;0.029100001;992;j
RS;sdiinc992j;p99.8p100;1999;0.033100002;992;j
RS;sdiinc992j;p99.8p100;2000;0.035;992;j
RS;sdiinc992j;p99.8p100;2001;0.0381;992;j
RS;sdiinc992j;p99.8p100;2002;0.0374;992;j
RS;sdiinc992j;p99.8p100;2003;0.037;992;j
RS;sdiinc992j;p99.8p100;2004;0.037599999;992;j
RS;sdiinc992j;p99.8p100;2005;0.0396;992;j
RS;sdiinc992j;p99.8p100;2006;0.038800001;992;j
RS;sdiinc992j;p99.8p100;2007;0.035700001;992;j
RS;sdiinc992j;p99.8p100;2008;0.033799998;992;j
RS;sdiinc992j;p99.8p100;2009;0.037900001;992;j
RS;sdiinc992j;p99.8p100;2010;0.037700001;992;j
RS;sdiinc992j;p99.8p100;2011;0.037999999;992;j
RS;sdiinc992j;p99.8p100;2012;0.048;992;j
RS;sdiinc992j;p99.8p100;2013;0.041099999;992;j
RS;sdiinc992j;p99.8p100;2014;0.057999998;992;j
RS;sdiinc992j;p99.8p100;2015;0.079999998;992;j
RS;sdiinc992j;p99.8p100;2016;0.081;992;j
RS;sdiinc992j;p99.8p100;2017;0.081200004;992;j
RS;sptinc992j;p52p100;1990;0.76740003;992;j
RS;sptinc992j;p52p100;1991;0.76819998;992;j
RS;sptinc992j;p52p100;1992;0.76889998;992;j
RS;sptinc992j;p52p100;1993;0.76959997;992;j
RS;sptinc992j;p52p100;1994;0.77039999;992;j
RS;sptinc992j;p52p100;1995;0.77109998;992;j
RS;sptinc992j;p52p100;1996;0.77160001;992;j
RS;sptinc992j;p52p100;1997;0.77209997;992;j
RS;sptinc992j;p52p100;1998;0.77060002;992;j
RS;sptinc992j;p52p100;1999;0.77090001;992;j
RS;sptinc992j;p52p100;2000;0.77420002;992;j
RS;sptinc992j;p52p100;2001;0.7748;992;j
RS;sptinc992j;p52p100;2002;0.7834;992;j
RS;sptinc992j;p52p100;2003;0.78729999;992;j
RS;sptinc992j;p52p100;2004;0.79470003;992;j
RS;sptinc992j;p52p100;2005;0.80199999;992;j
RS;sptinc992j;p52p100;2006;0.80879998;992;j
RS;sptinc992j;p52p100;2007;0.81099999;992;j
RS;sptinc992j;p52p100;2008;0.81770003;992;j
RS;sptinc992j;p52p100;2009;0.82239997;992;j
RS;sptinc992j;p52p100;2010;0.82959998;992;j
RS;sptinc992j;p52p100;2011;0.8387;992;j
RS;sptinc992j;p52p100;2012;0.84149998;992;j
RS;sptinc992j;p52p100;2013;0.84149998;992;j
RS;sptinc992j;p52p100;2014;0.84729999;992;j
RS;sptinc992j;p52p100;2015;0.84109998;992;j
RS;sptinc992j;p52p100;2016;0.84109998;992;j
RS;sptinc992j;p52p100;2017;0.84130001;992;j
RS;sptinc992j;p65p66;1990;0.0108;992;j
RS;sptinc992j;p65p66;1991;0.0107;992;j
RS;sptinc992j;p65p66;1992;0.0107;992;j
RS;sptinc992j;p65p66;1993;0.0107;992;j
RS;sptinc992j;p65p66;1994;0.0106;992;j
RS;sptinc992j;p65p66;1995;0.0106;992;j
RS;sptinc992j;p65p66;1996;0.0106;992;j
RS;sptinc992j;p65p66;1997;0.0105;992;j
RS;sptinc992j;p65p66;1998;0.0105;992;j
RS;sptinc992j;p65p66;1999;0.0104;992;j
RS;sptinc992j;p65p66;2000;0.0102;992;j
RS;sptinc992j;p65p66;2001;0.0101;992;j
RS;sptinc992j;p65p66;2002;0.0102;992;j
RS;sptinc992j;p65p66;2003;0.0102;992;j
RS;sptinc992j;p65p66;2004;0.0099999998;992;j
RS;sptinc992j;p65p66;2005;0.0099999998;992;j
RS;sptinc992j;p65p66;2006;0.0101;992;j
RS;sptinc992j;p65p66;2007;0.0102;992;j
RS;sptinc992j;p65p66;2008;0.0103;992;j
RS;sptinc992j;p65p66;2009;0.0103;992;j
RS;sptinc992j;p65p66;2010;0.0101;992;j
RS;sptinc992j;p65p66;2011;0.0101;992;j
RS;sptinc992j;p65p66;2012;0.0102;992;j
RS;sptinc992j;p65p66;2013;0.0103;992;j
RS;sptinc992j;p65p66;2014;0.0101;992;j
RS;sptinc992j;p65p66;2015;0.0102;992;j
RS;sptinc992j;p65p66;2016;0.0102;992;j
RS;sptinc992j;p65p66;2017;0.0102;992;j
RS;sptinc992j;p99.3p99.4;1990;0.0052999998;992;j
RS;sptinc992j;p99.3p99.4;1991;0.0054000001;992;j
RS;sptinc992j;p99.3p99.4;1992;0.0054000001;992;j
RS;sptinc992j;p99.3p99.4;1993;0.0055;992;j
RS;sptinc992j;p99.3p99.4;1994;0.0055999998;992;j
RS;sptinc992j;p99.3p99.4;1995;0.0055999998;992;j
RS;sptinc992j;p99.3p99.4;1996;0.0057000001;992;j
RS;sptinc992j;p99.3p99.4;1997;0.0057000001;992;j
RS;sptinc992j;p99.3p99.4;1998;0.0057999999;992;j
RS;sptinc992j;p99.3p99.4;1999;0.0059000002;992;j
RS;sptinc992j;p99.3p99.4;2000;0.0062000002;992;j
RS;sptinc992j;p99.3p99.4;2001;0.0063;992;j
RS;sptinc992j;p99.3p99.4;2002;0.0063999998;992;j
RS;sptinc992j;p99.3p99.4;2003;0.0063999998;992;j
RS;sptinc992j;p99.3p99.4;2004;0.0066;992;j
RS;sptinc992j;p99.3p99.4;2005;0.0068000001;992;j
RS;sptinc992j;p99.3p99.4;2006;0.0068000001;992;j
RS;sptinc992j;p99.3p99.4;2007;0.0066;992;j
RS;sptinc992j;p99.3p99.4;2008;0.0066999998;992;j
RS;sptinc992j;p99.3p99.4;2009;0.0068000001;992;j
RS;sptinc992j;p99.3p99.4;2010;0.0071;992;j
RS;sptinc992j;p99.3p99.4;2011;0.0073000002;992;j
RS;sptinc992j;p99.3p99.4;2012;0.0073000002;992;j
RS;sptinc992j;p99.3p99.4;2013;0.0071;992;j
RS;sptinc992j;p99.3p99.4;2014;0.0074999998;992;j
RS;sptinc992j;p99.3p99.4;2015;0.0073000002;992;j
RS;sptinc992j;p99.3p99.4;2016;0.0073000002;992;j
RS;sptinc992j;p99.3p99.4;2017;0.0073000002;992;j
RS;sptinc992j;p99.98p100;1990;0.0124;992;j
RS;sptinc992j;p99.98p100;1991;0.0129;992;j
RS;sptinc992j;p99.98p100;1992;0.0132;992;j
RS;sptinc992j;p99.98p100;1993;0.0137;992;j
RS;sptinc992j;p99.98p100;1994;0.0139;992;j
RS;sptinc992j;p99.98p100;1995;0.0144;992;j
RS;sptinc992j;p99.98p100;1996;0.0148;992;j
RS;sptinc992j;p99.98p100;1997;0.0153;992;j
RS;sptinc992j;p99.98p100;1998;0.015;992;j
RS;sptinc992j;p99.98p100;1999;0.0164;992;j
RS;sptinc992j;p99.98p100;2000;0.0177;992;j
RS;sptinc992j;p99.98p100;2001;0.019300001;992;j
RS;sptinc992j;p99.98p100;2002;0.0186;992;j
RS;sptinc992j;p99.98p100;2003;0.018100001;992;j
RS;sptinc992j;p99.98p100;2004;0.0186;992;j
RS;sptinc992j;p99.98p100;2005;0.0178;992;j
RS;sptinc992j;p99.98p100;2006;0.017999999;992;j
RS;sptinc992j;p99.98p100;2007;0.0164;992;j
RS;sptinc992j;p99.98p100;2008;0.016899999;992;j
RS;sptinc992j;p99.98p100;2009;0.0166;992;j
RS;sptinc992j;p99.98p100;2010;0.016000001;992;j
RS;sptinc992j;p99.98p100;2011;0.017000001;992;j
RS;sptinc992j;p99.98p100;2012;0.0129;992;j
RS;sptinc992j;p99.98p100;2013;0.0143;992;j
RS;sptinc992j;p99.98p100;2014;0.023800001;992;j
RS;sptinc992j;p99.98p100;2015;0.023;992;j
RS;sptinc992j;p99.98p100;2016;0.0231;992;j
RS;sptinc992j;p99.98p100;2017;0.0231;992;j
RS;tcainc992j;p66p67;1990;572305.31;992;j
RS;tcainc992j;p66p67;1991;495750.19;992;j
RS;tcainc992j;p66p67;1992;339191.69;992;j
RS;tcainc992j;p66p67;1993;219397.91;992;j
RS;tcainc992j;p66p67;1994;225348.0;992;j
RS;tcainc992j;p66p67;1995;237189.0;992;j
RS;tcainc992j;p66p67;1996;238879.5;992;j
RS;tcainc992j;p66p67;1997;251787.3;992;j
RS;tcainc992j;p66p67;1998;274850.31;992;j
RS;tcainc992j;p66p67;1999;310723.91;992;j
RS;tcainc992j;p66p67;2000;331590.59;992;j
RS;tcainc992j;p66p67;2001;321703.5;992;j
RS;tcainc992j;p66p67;2002;339088.69;992;j
RS;tcainc992j;p66p67;2003;357566.5;992;j
RS;tcainc992j;p66p67;2004;427959.09;992;j
RS;tcainc992j;p66p67;2005;481921.19;992;j
RS;tcainc992j;p66p67;2006;509918.0;992;j
RS;tcainc992j;p66p67;2007;512167.91;992;j
RS;tcainc992j;p66p67;2008;550396.31;992;j
RS;tcainc992j;p66p67;2009;539712.0;992;j
RS;tcainc992j;p66p67;2010;538824.38;992;j
RS;tcainc992j;p66p67;2011;542515.38;992;j
RS;tcainc992j;p66p67;2012;538489.0;992;j
RS;tcainc992j;p66p67;2013;562215.19;992;j
RS;tcainc992j;p66p67;2014;531445.38;992;j
RS;tcainc992j;p66p67;2015;516711.09;992;j
RS;tcainc992j;p66p67;2016;535924.38;992;j
RS;tcainc992j;p66p67;2017;536335.81;992;j
RS;tcainc992j;p74p75;1990;657963.38;992;j
RS;tcainc992j;p74p75;1991;571560.31;992;j
RS;tcainc992j;p74p75;1992;391124.5;992;j
RS;tcainc992j;p74p75;1993;253273.09;992;j
RS;tcainc992j;p74p75;1994;260127.2;992;j
RS;tcainc992j;p74p75;1995;273822.5;992;j
RS;tcainc992j;p74p75;1996;275930.19;992;j
RS;tcainc992j;p74p75;1997;291140.81;992;j
RS;tcainc992j;p74p75;1998;316262.69;992;j
RS;tcainc992j;p74p75;1999;355600.0;992;j
RS;tcainc992j;p74p75;2000;381892.0;992;j
RS;tcainc992j;p74p75;2001;369244.59;992;j
RS;tcainc992j;p74p75;2002;390073.69;992;j
RS;tcainc992j;p74p75;2003;411894.09;992;j
RS;tcainc992j;p74p75;2004;497075.31;992;j
RS;tcainc992j;p74p75;2005;562110.13;992;j
RS;tcainc992j;p74p75;2006;594165.13;992;j
RS;tcainc992j;p74p75;2007;600249.13;992;j
RS;tcainc992j;p74p75;2008;644258.31;992;j
RS;tcainc992j;p74p75;2009;634303.0;992;j
RS;tcainc992j;p74p75;2010;637755.5;992;j
RS;tcainc992j;p74p75;2011;643049.31;992;j
RS;tcainc992j;p74p75;2012;641334.13;992;j
RS;tcainc992j;p74p75;2013;676950.0;992;j
RS;tcainc992j;p74p75;2014;627755.38;992;j
RS;tcainc992j;p74p75;2015;609907.63;992;j
RS;tcainc992j;p74p75;2016;632896.13;992;j
RS;tcainc992j;p74p75;2017;633343.63;992;j
RS;tcainc992j;p86p100;1990;823689.0;992;j
RS;tcainc992j;p86p100;1991;712500.88;992;j
RS;tcainc992j;p86p100;1992;486247.5;992;j
RS;tcainc992j;p86p100;1993;314460.69;992;j
RS;tcainc992j;p86p100;1994;321973.69;992;j
RS;tcainc992j;p86p100;1995;338162.5;992;j
RS;tcainc992j;p86p100;1996;339720.59;992;j
RS;tcainc992j;p86p100;1997;356971.81;992;j
RS;tcainc992j;p86p100;1998;388923.59;992;j
RS;tcainc992j;p86p100;1999;439055.41;992;j
RS;tcainc992j;p86p100;2000;470250.19;992;j
RS;tcainc992j;p86p100;2001;452436.41;992;j
RS;tcainc992j;p86p100;2002;478634.19;992;j
RS;tcainc992j;p86p100;2003;514574.0;992;j
RS;tcainc992j;p86p100;2004;626792.13;992;j
RS;tcainc992j;p86p100;2005;717916.88;992;j
RS;tcainc992j;p86p100;2006;771839.69;992;j
RS;tcainc992j;p86p100;2007;787066.63;992;j
RS;tcainc992j;p86p100;2008;850156.63;992;j
RS;tcainc992j;p86p100;2009;844413.38;992;j
RS;tcainc992j;p86p100;2010;855088.69;992;j
RS;tcainc992j;p86p100;2011;874327.38;992;j
RS;tcainc992j;p86p100;2012;868683.31;992;j
RS;tcainc992j;p86p100;2013;904427.88;992;j
RS;tcainc992j;p86p100;2014;829827.5;992;j
RS;tcainc992j;p86p100;2015;821127.38;992;j
RS;tcainc992j;p86p100;2016;851642.88;992;j
RS;tcainc992j;p86p100;2017;852164.31;992;j
RS;tcainc992j;p99.9p99.91;1990;6269860.0;992;j
RS;tcainc992j;p99.9p99.91;1991;5339016.0;992;j
RS;tcainc992j;p99.9p99.91;1992;3581446.0;992;j
RS;tcainc992j;p99.9p99.91;1993;2301081.5;992;j
RS;tcainc992j;p99.9p99.91;1994;2350771.5;992;j
RS;tcainc992j;p99.9p99.91;1995;2465167.8;992;j
RS;tcainc992j;p99.9p99.91;1996;2442916.0;992;j
RS;tcainc992j;p99.9p99.91;1997;2531805.8;992;j
RS;tcainc992j;p99.9p99.91;1998;2865596.8;992;j
RS;tcainc992j;p99.9p99.91;1999;3543096.0;992;j
RS;tcainc992j;p99.9p99.91;2000;4101593.8;992;j
RS;tcainc992j;p99.9p99.91;2001;4238390.5;992;j
RS;tcainc992j;p99.9p99.91;2002;4488338.0;992;j
RS;tcainc992j;p99.9p99.91;2003;4678537.5;992;j
RS;tcainc992j;p99.9p99.91;2004;5664605.5;992;j
RS;tcainc992j;p99.9p99.91;2005;6708159.5;992;j
RS;tcainc992j;p99.9p99.91;2006;7135827.0;992;j
RS;tcainc992j;p99.9p99.91;2007;6797172.0;992;j
RS;tcainc992j;p99.9p99.91;2008;7111973.5;992;j
RS;tcainc992j;p99.9p99.91;2009;7579976.5;992;j
RS;tcainc992j;p99.9p99.91;2010;7724203.0;992;j
RS;tcainc992j;p99.9p99.91;2011;7929979.0;992;j
RS;tcainc992j;p99.9p99.91;2012;9118519.0;992;j
RS;tcainc992j;p99.9p99.91;2013;8507990.0;992;j
RS;tcainc992j;p99.9p99.91;2014;9904365.0;992;j
RS;tcainc992j;p99.9p99.91;2015;11979144.0;992;j
RS;tcainc992j;p99.9p99.91;2016;12425901.0;992;j
RS;tcainc992j;p99.9p99.91;2017;12443806.0;992;j
RS;tdiinc992j;p29p100;1990;410522.41;992;j
RS;tdiinc992j;p29p100;1991;359403.69;992;j
RS;tdiinc992j;p29p100;1992;249516.3;992;j
RS;tdiinc992j;p29p100;1993;163066.3;992;j
RS;tdiinc992j;p29p100;1994;169499.8;992;j
RS;tdiinc992j;p29p100;1995;180540.8;992;j
RS;tdiinc992j;p29p100;1996;183926.5;992;j
RS;tdiinc992j;p29p100;1997;197087.09;992;j
RS;tdiinc992j;p29p100;1998;205610.3;992;j
RS;tdiinc992j;p29p100;1999;221621.2;992;j
RS;tdiinc992j;p29p100;2000;244381.41;992;j
RS;tdiinc992j;p29p100;2001;244547.09;992;j
RS;tdiinc992j;p29p100;2002;259739.91;992;j
RS;tdiinc992j;p29p100;2003;267705.81;992;j
RS;tdiinc992j;p29p100;2004;292556.91;992;j
RS;tdiinc992j;p29p100;2005;321203.31;992;j
RS;tdiinc992j;p29p100;2006;327407.41;992;j
RS;tdiinc992j;p29p100;2007;339186.09;992;j
RS;tdiinc992j;p29p100;2008;350417.81;992;j
RS;tdiinc992j;p29p100;2009;334518.5;992;j
RS;tdiinc992j;p29p100;2010;316713.69;992;j
RS;tdiinc992j;p29p100;2011;298203.0;992;j
RS;tdiinc992j;p29p100;2012;301467.91;992;j
RS;tdiinc992j;p29p100;2013;285988.81;992;j
RS;tdiinc992j;p29p100;2014;302452.69;992;j
RS;tdiinc992j;p29p100;2015;285818.19;992;j
RS;tdiinc992j;p29p100;2016;289418.91;992;j
RS;tdiinc992j;p29p100;2017;290533.81;992;j
RS;tdiinc992j;p64p100;1990;776514.5;992;j
RS;tdiinc992j;p64p100;1991;674701.13;992;j
RS;tdiinc992j;p64p100;1992;461661.41;992;j
RS;tdiinc992j;p64p100;1993;298791.59;992;j
RS;tdiinc992j;p64p100;1994;307160.81;992;j
RS;tdiinc992j;p64p100;1995;323716.31;992;j
RS;tdiinc992j;p64p100;1996;326187.81;992;j
RS;tdiinc992j;p64p100;1997;345720.91;992;j
RS;tdiinc992j;p64p100;1998;361921.81;992;j
RS;tdiinc992j;p64p100;1999;392467.41;992;j
RS;tdiinc992j;p64p100;2000;424911.5;992;j
RS;tdiinc992j;p64p100;2001;423302.81;992;j
RS;tdiinc992j;p64p100;2002;458735.59;992;j
RS;tdiinc992j;p64p100;2003;482099.31;992;j
RS;tdiinc992j;p64p100;2004;542444.31;992;j
RS;tdiinc992j;p64p100;2005;598018.13;992;j
RS;tdiinc992j;p64p100;2006;631602.38;992;j
RS;tdiinc992j;p64p100;2007;656662.63;992;j
RS;tdiinc992j;p64p100;2008;697932.31;992;j
RS;tdiinc992j;p64p100;2009;680885.81;992;j
RS;tdiinc992j;p64p100;2010;678273.88;992;j
RS;tdiinc992j;p64p100;2011;677133.88;992;j
RS;tdiinc992j;p64p100;2012;672616.31;992;j
RS;tdiinc992j;p64p100;2013;698489.38;992;j
RS;tdiinc992j;p64p100;2014;667190.63;992;j
RS;tdiinc992j;p64p100;2015;651131.13;992;j
RS;tdiinc992j;p64p100;2016;670929.5;992;j
RS;tdiinc992j;p64p100;2017;674715.81;992;j
RS;tdiinc992j;p74p75;1990;920349.31;992;j
RS;tdiinc992j;p74p75;1991;799511.81;992;j
RS;tdiinc992j;p74p75;1992;547158.5;992;j
RS;tdiinc992j;p74p75;1993;354355.69;992;j
RS;tdiinc992j;p74p75;1994;364015.0;992;j
RS;tdiinc992j;p74p75;1995;383251.09;992;j
RS;tdiinc992j;p74p75;1996;386215.91;992;j
RS;tdiinc992j;p74p75;1997;409305.09;992;j
RS;tdiinc992j;p74p75;1998;427487.0;992;j
RS;tdiinc992j;p74p75;1999;462167.09;992;j
RS;tdiinc992j;p74p75;2000;502544.09;992;j
RS;tdiinc992j;p74p75;2001;497822.5;992;j
RS;tdiinc992j;p74p75;2002;540503.88;992;j
RS;tdiinc992j;p74p75;2003;568803.88;992;j
RS;tdiinc992j;p74p75;2004;646197.19;992;j
RS;tdiinc992j;p74p75;2005;716057.88;992;j
RS;tdiinc992j;p74p75;2006;757368.69;992;j
RS;tdiinc992j;p74p75;2007;789096.88;992;j
RS;tdiinc992j;p74p75;2008;841428.13;992;j
RS;tdiinc992j;p74p75;2009;823201.19;992;j
RS;tdiinc992j;p74p75;2010;826051.31;992;j
RS;tdiinc992j;p74p75;2011;827923.81;992;j
RS;tdiinc992j;p74p75;2012;825803.63;992;j
RS;tdiinc992j;p74p75;2013;870076.0;992;j
RS;tdiinc992j;p74p75;2014;809571.31;992;j
RS;tdiinc992j;p74p75;2015;788170.38;992;j
RS;tdiinc992j;p74p75;2016;814316.19;992;j
RS;tdiinc992j;p74p75;2017;819234.88;992;j
RS;tptinc992j;p44p45;1990;536348.0;992;j
RS;tptinc992j;p44p45;1991;462084.19;992;j
RS;tptinc992j;p44p45;1992;314343.59;992;j
RS;tptinc992j;p44p45;1993;202314.2;992;j
RS;tptinc992j;p44p45;1994;206570.59;992;j
RS;tptinc992j;p44p45;1995;216297.8;992;j
RS;tptinc992j;p44p45;1996;216598.91;992;j
RS;tptinc992j;p44p45;1997;228080.09;992;j
RS;tptinc992j;p44p45;1998;235270.0;992;j
RS;tptinc992j;p44p45;1999;257155.5;992;j
RS;tptinc992j;p44p45;2000;279896.91;992;j
RS;tptinc992j;p44p45;2001;278716.31;992;j
RS;tptinc992j;p44p45;2002;297802.19;992;j
RS;tptinc992j;p44p45;2003;310710.41;992;j
RS;tptinc992j;p44p45;2004;346239.5;992;j
RS;tptinc992j;p44p45;2005;376970.09;992;j
RS;tptinc992j;p44p45;2006;393982.0;992;j
RS;tptinc992j;p44p45;2007;410888.69;992;j
RS;tptinc992j;p44p45;2008;434593.19;992;j
RS;tptinc992j;p44p45;2009;424732.91;992;j
RS;tptinc992j;p44p45;2010;415274.81;992;j
RS;tptinc992j;p44p45;2011;407398.31;992;j
RS;tptinc992j;p44p45;2012;402414.5;992;j
RS;tptinc992j;p44p45;2013;422794.19;992;j
RS;tptinc992j;p44p45;2014;400205.59;992;j
RS;tptinc992j;p44p45;2015;412428.19;992;j
RS;tptinc992j;p44p45;2016;425204.09;992;j
RS;tptinc992j;p44p45;2017;427585.41;992;j
RS;tptinc992j;p77p100;1990;993970.5;992;j
RS;tptinc992j;p77p100;1991;859791.19;992;j
RS;tptinc992j;p77p100;1992;587161.81;992;j
RS;tptinc992j;p77p100;1993;379537.41;992;j
RS;tptinc992j;p77p100;1994;389670.31;992;j
RS;tptinc992j;p77p100;1995;410366.5;992;j
RS;tptinc992j;p77p100;1996;412835.41;992;j
RS;tptinc992j;p77p100;1997;436934.59;992;j
RS;tptinc992j;p77p100;1998;454489.19;992;j
RS;tptinc992j;p77p100;1999;491078.19;992;j
RS;tptinc992j;p77p100;2000;535233.38;992;j
RS;tptinc992j;p77p100;2001;531401.88;992;j
RS;tptinc992j;p77p100;2002;578317.13;992;j
RS;tptinc992j;p77p100;2003;605411.13;992;j
RS;tptinc992j;p77p100;2004;684156.81;992;j
RS;tptinc992j;p77p100;2005;759780.88;992;j
RS;tptinc992j;p77p100;2006;808003.13;992;j
RS;tptinc992j;p77p100;2007;856465.13;992;j
RS;tptinc992j;p77p100;2008;915243.38;992;j
RS;tptinc992j;p77p100;2009;898679.63;992;j
RS;tptinc992j;p77p100;2010;891302.81;992;j
RS;tptinc992j;p77p100;2011;894517.31;992;j
RS;tptinc992j;p77p100;2012;912508.38;992;j
RS;tptinc992j;p77p100;2013;940546.88;992;j
RS;tptinc992j;p77p100;2014;896447.81;992;j
RS;tptinc992j;p77p100;2015;892812.38;992;j
RS;tptinc992j;p77p100;2016;919963.81;992;j
RS;tptinc992j;p77p100;2017;925072.88;992;j
RS;acainc992j;p20p30;1990;237147.0;992;j
RS;acainc992j;p20p30;1991;208997.91;992;j
RS;acainc992j;p20p30;1992;145344.0;992;j
RS;acainc992j;p20p30;1993;95610.602;992;j
RS;acainc992j;p20p30;1994;99881.102;992;j
RS;acainc992j;p20p30;1995;106874.9;992;j
RS;acainc992j;p20p30;1996;109439.7;992;j
RS;acainc992j;p20p30;1997;117267.0;992;j
RS;acainc992j;p20p30;1998;131461.91;992;j
RS;acainc992j;p20p30;1999;148958.7;992;j
RS;acainc992j;p20p30;2000;161746.3;992;j
RS;acainc992j;p20p30;2001;157870.2;992;j
RS;acainc992j;p20p30;2002;158164.0;992;j
RS;acainc992j;p20p30;2003;162486.3;992;j
RS;acainc992j;p20p30;2004;184250.5;992;j
RS;acainc992j;p20p30;2005;205612.91;992;j
RS;acainc992j;p20p30;2006;205111.8;992;j
RS;acainc992j;p20p30;2007;202365.8;992;j
RS;acainc992j;p20p30;2008;208729.2;992;j
RS;acainc992j;p20p30;2009;194510.2;992;j
RS;acainc992j;p20p30;2010;178742.0;992;j
RS;acainc992j;p20p30;2011;164785.8;992;j
RS;acainc992j;p20p30;2012;168862.5;992;j
RS;acainc992j;p20p30;2013;146682.2;992;j
RS;acainc992j;p20p30;2014;167958.3;992;j
RS;acainc992j;p20p30;2015;149866.3;992;j
RS;acainc992j;p20p30;2016;155570.41;992;j
RS;acainc992j;p20p30;2017;155526.91;992;j
RS;acainc992j;p34p100;1990;697606.69;992;j
RS;acainc992j;p34p100;1991;604612.0;992;j
RS;acainc992j;p34p100;1992;413217.41;992;j
RS;acainc992j;p34p100;1993;267446.5;992;j
RS;acainc992j;p34p100;1994;274900.09;992;j
RS;acainc992j;p34p100;1995;289572.41;992;j
RS;acainc992j;p34p100;1996;291279.09;992;j
RS;acainc992j;p34p100;1997;306676.41;992;j
RS;acainc992j;p34p100;1998;334641.09;992;j
RS;acainc992j;p34p100;1999;382127.81;992;j
RS;acainc992j;p34p100;2000;415534.0;992;j
RS;acainc992j;p34p100;2001;405437.81;992;j
RS;acainc992j;p34p100;2002;428166.69;992;j
RS;acainc992j;p34p100;2003;452433.09;992;j
RS;acainc992j;p34p100;2004;545917.88;992;j
RS;acainc992j;p34p100;2005;623876.88;992;j
RS;acainc992j;p34p100;2006;663021.13;992;j
RS;acainc992j;p34p100;2007;664394.38;992;j
RS;acainc992j;p34p100;2008;714147.31;992;j
RS;acainc992j;p34p100;2009;709036.81;992;j
RS;acainc992j;p34p100;2010;717845.63;992;j
RS;acainc992j;p34p100;2011;730722.81;992;j
RS;acainc992j;p34p100;2012;730659.5;992;j
RS;acainc992j;p34p100;2013;749736.69;992;j
RS;acainc992j;p34p100;2014;720660.13;992;j
RS;acainc992j;p34p100;2015;738606.19;992;j
RS;acainc992j;p34p100;2016;765961.5;992;j
RS;acainc992j;p34p100;2017;766703.0;992;j
RS;acainc992j;p37p38;1990;345118.59;992;j
RS;acainc992j;p37p38;1991;300387.91;992;j
RS;acainc992j;p37p38;1992;206255.59;992;j
RS;acainc992j;p37p38;1993;134028.7;992;j
RS;acainc992j;p37p38;1994;138303.59;992;j
RS;acainc992j;p37p38;1995;146227.7;992;j
RS;acainc992j;p37p38;1996;147985.7;992;j
RS;acainc992j;p37p38;1997;156765.41;992;j
RS;acainc992j;p37p38;1998;166983.8;992;j
RS;acainc992j;p37p38;1999;190136.09;992;j
RS;acainc992j;p37p38;2000;204014.2;992;j
RS;acainc992j;p37p38;2001;198589.09;992;j
RS;acainc992j;p37p38;2002;203206.5;992;j
RS;acainc992j;p37p38;2003;213021.2;992;j
RS;acainc992j;p37p38;2004;248822.59;992;j
RS;acainc992j;p37p38;2005;277222.59;992;j
RS;acainc992j;p37p38;2006;288093.09;992;j
RS;acainc992j;p37p38;2007;286548.69;992;j
RS;acainc992j;p37p38;2008;303513.31;992;j
RS;acainc992j;p37p38;2009;295607.5;992;j
RS;acainc992j;p37p38;2010;287441.19;992;j
RS;acainc992j;p37p38;2011;283332.0;992;j
RS;acainc992j;p37p38;2012;276774.69;992;j
RS;acainc992j;p37p38;2013;274447.41;992;j
RS;acainc992j;p37p38;2014;274207.91;992;j
RS;acainc992j;p37p38;2015;269322.41;992;j
RS;acainc992j;p37p38;2016;279365.31;992;j
RS;acainc992j;p37p38;2017;279473.31;992;j
RS;acainc992j;p64p65;1990;557075.63;992;j
RS;acainc992j;p64p65;1991;483085.41;992;j
RS;acainc992j;p64p65;1992;330187.81;992;j
RS;acainc992j;p64p65;1993;213490.09;992;j
RS;acainc992j;p64p65;1994;219342.7;992;j
RS;acainc992j;p64p65;1995;230963.0;992;j
RS;acainc992j;p64p65;1996;232658.91;992;j
RS;acainc992j;p64p65;1997;245395.09;992;j
RS;acainc992j;p64p65;1998;267719.69;992;j
RS;acainc992j;p64p65;1999;302545.41;992;j
RS;acainc992j;p64p65;2000;323088.91;992;j
RS;acainc992j;p64p65;2001;313901.91;992;j
RS;acainc992j;p64p65;2002;330727.69;992;j
RS;acainc992j;p64p65;2003;348227.5;992;j
RS;acainc992j;p64p65;2004;417080.91;992;j
RS;acainc992j;p64p65;2005;468656.09;992;j
RS;acainc992j;p64p65;2006;494670.5;992;j
RS;acainc992j;p64p65;2007;498721.19;992;j
RS;acainc992j;p64p65;2008;534553.81;992;j
RS;acainc992j;p64p65;2009;523270.31;992;j
RS;acainc992j;p64p65;2010;521900.81;992;j
RS;acainc992j;p64p65;2011;524455.38;992;j
RS;acainc992j;p64p65;2012;520803.31;992;j
RS;acainc992j;p64p65;2013;541610.19;992;j
RS;acainc992j;p64p65;2014;516727.0;992;j
RS;acainc992j;p64p65;2015;503969.0;992;j
RS;acainc992j;p64p65;2016;522589.19;992;j
RS;acainc992j;p64p65;2017;522933.09;992;j
RS;acainc992j;p80p90;1990;816285.38;992;j
RS;acainc992j;p80p90;1991;705781.81;992;j
RS;acainc992j;p80p90;1992;481339.59;992;j
RS;acainc992j;p80p90;1993;310514.09;992;j
RS;acainc992j;p80p90;1994;318149.91;992;j
RS;acainc992j;p80p90;1995;334032.41;992;j
RS;acainc992j;p80p90;1996;335303.09;992;j
RS;acainc992j;p80p90;1997;352285.69;992;j
RS;acainc992j;p80p90;1998;383113.41;992;j
RS;acainc992j;p80p90;1999;432997.5;992;j
RS;acainc992j;p80p90;2000;464751.0;992;j
RS;acainc992j;p80p90;2001;448843.19;992;j
RS;acainc992j;p80p90;2002;475818.19;992;j
RS;acainc992j;p80p90;2003;508618.69;992;j
RS;acainc992j;p80p90;2004;620250.38;992;j
RS;acainc992j;p80p90;2005;711147.88;992;j
RS;acainc992j;p80p90;2006;758263.13;992;j
RS;acainc992j;p80p90;2007;769162.19;992;j
RS;acainc992j;p80p90;2008;830933.63;992;j
RS;acainc992j;p80p90;2009;824952.31;992;j
RS;acainc992j;p80p90;2010;839282.63;992;j
RS;acainc992j;p80p90;2011;858456.13;992;j
RS;acainc992j;p80p90;2012;850169.13;992;j
RS;acainc992j;p80p90;2013;889409.19;992;j
RS;acainc992j;p80p90;2014;816679.31;992;j
RS;acainc992j;p80p90;2015;807215.13;992;j
RS;acainc992j;p80p90;2016;837029.38;992;j
RS;acainc992j;p80p90;2017;837718.81;992;j
RS;acainc992j;p99.5p100;1990;5766498.0;992;j
RS;acainc992j;p99.5p100;1991;4880620.0;992;j
RS;acainc992j;p99.5p100;1992;3247507.0;992;j
RS;acainc992j;p99.5p100;1993;2074989.3;992;j
RS;acainc992j;p99.5p100;1994;2112669.0;992;j
RS;acainc992j;p99.5p100;1995;2209206.5;992;j
RS;acainc992j;p99.5p100;1996;2183809.0;992;j
RS;acainc992j;p99.5p100;1997;2257487.8;992;j
RS;acainc992j;p99.5p100;1998;2560600.8;992;j
RS;acainc992j;p99.5p100;1999;3200572.8;992;j
RS;acainc992j;p99.5p100;2000;3695668.5;992;j
RS;acainc992j;p99.5p100;2001;3859713.8;992;j
RS;acainc992j;p99.5p100;2002;4046319.5;992;j
RS;acainc992j;p99.5p100;2003;4224559.0;992;j
RS;acainc992j;p99.5p100;2004;5119226.5;992;j
RS;acainc992j;p99.5p100;2005;6091568.5;992;j
RS;acainc992j;p99.5p100;2006;6402951.0;992;j
RS;acainc992j;p99.5p100;2007;6044217.0;992;j
RS;acainc992j;p99.5p100;2008;6268272.5;992;j
RS;acainc992j;p99.5p100;2009;6753950.5;992;j
RS;acainc992j;p99.5p100;2010;6840016.5;992;j
RS;acainc992j;p99.5p100;2011;6997775.5;992;j
RS;acainc992j;p99.5p100;2012;8303220.5;992;j
RS;acainc992j;p99.5p100;2013;7576301.0;992;j
RS;acainc992j;p99.5p100;2014;9501279.0;992;j
RS;acainc992j;p99.5p100;2015;12443671.0;992;j
RS;acainc992j;p99.5p100;2016;12908973.0;992;j
RS;acainc992j;p99.5p100;2017;12934326.0;992;j
RS;adiinc992j;p13p14;1990;233252.8;992;j
RS;adiinc992j;p13p14;1991;206021.3;992;j
RS;adiinc992j;p13p14;1992;143488.2;992;j
RS;adiinc992j;p13p14;1993;94586.297;992;j
RS;adiinc992j;p13p14;1994;98937.398;992;j
RS;adiinc992j;p13p14;1995;105921.7;992;j
RS;adiinc992j;p13p14;1996;108559.8;992;j
RS;adiinc992j;p13p14;1997;117122.4;992;j
RS;adiinc992j;p13p14;1998;129399.3;992;j
RS;adiinc992j;p13p14;1999;138708.41;992;j
RS;adiinc992j;p13p14;2000;151092.3;992;j
RS;adiinc992j;p13p14;2001;148949.41;992;j
RS;adiinc992j;p13p14;2002;146861.3;992;j
RS;adiinc992j;p13p14;2003;149424.09;992;j
RS;adiinc992j;p13p14;2004;147258.3;992;j
RS;adiinc992j;p13p14;2005;155447.09;992;j
RS;adiinc992j;p13p14;2006;151751.91;992;j
RS;adiinc992j;p13p14;2007;149693.7;992;j
RS;adiinc992j;p13p14;2008;153743.3;992;j
RS;adiinc992j;p13p14;2009;146056.59;992;j
RS;adiinc992j;p13p14;2010;133785.7;992;j
RS;adiinc992j;p13p14;2011;119005.3;992;j
RS;adiinc992j;p13p14;2012;112082.4;992;j
RS;adiinc992j;p13p14;2013;122822.8;992;j
RS;adiinc992j;p13p14;2014;165676.7;992;j
RS;adiinc992j;p13p14;2015;137251.09;992;j
RS;adiinc992j;p13p14;2016;134484.59;992;j
RS;adiinc992j;p13p14;2017;134343.8;992;j
RS;adiinc992j;p83p84;1990;1090278.8;992;j
RS;adiinc992j;p83p84;1991;942192.38;992;j
RS;adiinc992j;p83p84;1992;642624.13;992;j
RS;adiinc992j;p83p84;1993;414646.5;992;j
RS;adiinc992j;p83p84;1994;424766.41;992;j
RS;adiinc992j;p83p84;1995;445937.91;992;j
RS;adiinc992j;p83p84;1996;447516.59;992;j
RS;adiinc992j;p83p84;1997;472079.0;992;j
RS;adiinc992j;p83p84;1998;491060.19;992;j
RS;adiinc992j;p83p84;1999;534534.31;992;j
RS;adiinc992j;p83p84;2000;580315.38;992;j
RS;adiinc992j;p83p84;2001;573520.38;992;j
RS;adiinc992j;p83p84;2002;626724.81;992;j
RS;adiinc992j;p83p84;2003;662235.38;992;j
RS;adiinc992j;p83p84;2004;758745.88;992;j
RS;adiinc992j;p83p84;2005;847791.13;992;j
RS;adiinc992j;p83p84;2006;902607.69;992;j
RS;adiinc992j;p83p84;2007;944360.19;992;j
RS;adiinc992j;p83p84;2008;1014760.9;992;j
RS;adiinc992j;p83p84;2009;1001838.3;992;j
RS;adiinc992j;p83p84;2010;1014609.1;992;j
RS;adiinc992j;p83p84;2011;1031313.1;992;j
RS;adiinc992j;p83p84;2012;1025742.1;992;j
RS;adiinc992j;p83p84;2013;1077700.9;992;j
RS;adiinc992j;p83p84;2014;986630.5;992;j
RS;adiinc992j;p83p84;2015;971313.13;992;j
RS;adiinc992j;p83p84;2016;1005154.0;992;j
RS;adiinc992j;p83p84;2017;1011408.6;992;j
RS;adiinc992j;p99.995p99.996;1990;42055900.0;992;j
RS;adiinc992j;p99.995p99.996;1991;34641412.0;992;j
RS;adiinc992j;p99.995p99.996;1992;22161720.0;992;j
RS;adiinc992j;p99.995p99.996;1993;13768764.0;992;j
RS;adiinc992j;p99.995p99.996;1994;13757658.0;992;j
RS;adiinc992j;p99.995p99.996;1995;14151660.0;992;j
RS;adiinc992j;p99.995p99.996;1996;13725933.0;992;j
RS;adiinc992j;p99.995p99.996;1997;13936262.0;992;j
RS;adiinc992j;p99.995p99.996;1998;15711667.0;992;j
RS;adiinc992j;p99.995p99.996;1999;20668016.0;992;j
RS;adiinc992j;p99.995p99.996;2000;24060906.0;992;j
RS;adiinc992j;p99.995p99.996;2001;27219988.0;992;j
RS;adiinc992j;p99.995p99.996;2002;27836712.0;992;j
RS;adiinc992j;p99.995p99.996;2003;29006416.0;992;j
RS;adiinc992j;p99.995p99.996;2004;33190966.0;992;j
RS;adiinc992j;p99.995p99.996;2005;39747044.0;992;j
RS;adiinc992j;p99.995p99.996;2006;39501196.0;992;j
RS;adiinc992j;p99.995p99.996;2007;35826632.0;992;j
RS;adiinc992j;p99.995p99.996;2008;34323188.0;992;j
RS;adiinc992j;p99.995p99.996;2009;40454740.0;992;j
RS;adiinc992j;p99.995p99.996;2010;39139504.0;992;j
RS;adiinc992j;p99.995p99.996;2011;38894172.0;992;j
RS;adiinc992j;p99.995p99.996;2012;56245432.0;992;j
RS;adiinc992j;p99.995p99.996;2013;45301424.0;992;j
RS;adiinc992j;p99.995p99.996;2014;75675232.0;992;j
RS;adiinc992j;p99.995p99.996;2015;113125856.0;992;j
RS;adiinc992j;p99.995p99.996;2016;118177400.0;992;j
RS;adiinc992j;p99.995p99.996;2017;119207576.0;992;j
RS;adiinc992j;p99.99p100;1990;59192704.0;992;j
RS;adiinc992j;p99.99p100;1991;48012524.0;992;j
RS;adiinc992j;p99.99p100;1992;30067164.0;992;j
RS;adiinc992j;p99.99p100;1993;18403168.0;992;j
RS;adiinc992j;p99.99p100;1994;18213738.0;992;j
RS;adiinc992j;p99.99p100;1995;18582402.0;992;j
RS;adiinc992j;p99.99p100;1996;17874038.0;992;j
RS;adiinc992j;p99.99p100;1997;17986390.0;992;j
RS;adiinc992j;p99.99p100;1998;20463688.0;992;j
RS;adiinc992j;p99.99p100;1999;27902500.0;992;j
RS;adiinc992j;p99.99p100;2000;32385658.0;992;j
RS;adiinc992j;p99.99p100;2001;37708580.0;992;j
RS;adiinc992j;p99.99p100;2002;37606544.0;992;j
RS;adiinc992j;p99.99p100;2003;39293420.0;992;j
RS;adiinc992j;p99.99p100;2004;45051112.0;992;j
RS;adiinc992j;p99.99p100;2005;54667588.0;992;j
RS;adiinc992j;p99.99p100;2006;52697092.0;992;j
RS;adiinc992j;p99.99p100;2007;46432604.0;992;j
RS;adiinc992j;p99.99p100;2008;43166200.0;992;j
RS;adiinc992j;p99.99p100;2009;52880036.0;992;j
RS;adiinc992j;p99.99p100;2010;50198736.0;992;j
RS;adiinc992j;p99.99p100;2011;49328256.0;992;j
RS;adiinc992j;p99.99p100;2012;78239104.0;992;j
RS;adiinc992j;p99.99p100;2013;59275740.0;992;j
RS;adiinc992j;p99.99p100;2014;117503904.0;992;j
RS;adiinc992j;p99.99p100;2015;201210496.0;992;j
RS;adiinc992j;p99.99p100;2016;210274032.0;992;j
RS;adiinc992j;p99.99p100;2017;212247424.0;992;j
RS;agsrho999i;p0p100;1997;27630.0;999;i
RS;agsrho999i;p0p100;1998;27884.1;999;i
RS;agsrho999i;p0p100;1999;37826.199;999;i
RS;agsrho999i;p0p100;2000;39399.301;999;i
RS;agsrho999i;p0p100;2001;39853.301;999;i
RS;agsrho999i;p0p100;2002;40092.5;999;i
RS;agsrho999i;p0p100;2003;45282.398;999;i
RS;agsrho999i;p0p100;2004;47444.898;999;i
RS;agsrho999i;p0p100;2005;50951.0;999;i
RS;agsrho999i;p0p100;2006;52599.602;999;i
RS;agsrho999i;p0p100;2007;52918.301;999;i
RS;agsrho999i;p0p100;2008;53450.398;999;i
RS;agsrho999i;p0p100;2009;60483.398;999;i
RS;agsrho999i;p0p100;2010;62356.0;999;i
RS;agsrho999i;p0p100;2011;61129.602;999;i
RS;aprinf999i;p0p100;1997;-47923.199;999;i
RS;aprinf999i;p0p100;1998;-16611.4;999;i
RS;aprinf999i;p0p100;1999;-3025.6001;999;i
RS;aprinf999i;p0p100;2000;11162.7;999;i
RS;aprinf999i;p0p100;2001;-16572.6;999;i
RS;aprinf999i;p0p100;2002;-26485.699;999;i
RS;aprinf999i;p0p100;2003;-32843.102;999;i
RS;aprinf999i;p0p100;2004;2616.5;999;i
RS;aprinf999i;p0p100;2005;10307.1;999;i
RS;aprinf999i;p0p100;2006;14482.0;999;i
RS;aprinf999i;p0p100;2007;2899.6001;999;i
RS;aprinf999i;p0p100;2008;-6584.3999;999;i
RS;aprinf999i;p0p100;2009;3699.2;999;i
RS;aprinf999i;p0p100;2010;5202.8999;999;i
RS;aprinf999i;p0p100;2011;11914.4;999;i
RS;aptinc992j;p12p13;1990;184577.91;992;j
RS;aptinc992j;p12p13;1991;160804.3;992;j
RS;aptinc992j;p12p13;1992;110148.6;992;j
RS;aptinc992j;p12p13;1993;71417.5;992;j
RS;aptinc992j;p12p13;1994;73539.5;992;j
RS;aptinc992j;p12p13;1995;77585.797;992;j
RS;aptinc992j;p12p13;1996;78338.5;992;j
RS;aptinc992j;p12p13;1997;83125.797;992;j
RS;aptinc992j;p12p13;1998;93003.102;992;j
RS;aptinc992j;p12p13;1999;101400.7;992;j
RS;aptinc992j;p12p13;2000;109874.9;992;j
RS;aptinc992j;p12p13;2001;110825.6;992;j
RS;aptinc992j;p12p13;2002;106895.6;992;j
RS;aptinc992j;p12p13;2003;106533.2;992;j
RS;aptinc992j;p12p13;2004;108784.6;992;j
RS;aptinc992j;p12p13;2005;108881.8;992;j
RS;aptinc992j;p12p13;2006;100101.2;992;j
RS;aptinc992j;p12p13;2007;90635.797;992;j
RS;aptinc992j;p12p13;2008;81821.297;992;j
RS;aptinc992j;p12p13;2009;67875.898;992;j
RS;aptinc992j;p12p13;2010;60979.898;992;j
RS;aptinc992j;p12p13;2011;51087.398;992;j
RS;aptinc992j;p12p13;2012;48602.301;992;j
RS;aptinc992j;p12p13;2013;43960.602;992;j
RS;aptinc992j;p12p13;2014;44128.0;992;j
RS;aptinc992j;p12p13;2015;44788.199;992;j
RS;aptinc992j;p12p13;2016;46288.199;992;j
RS;aptinc992j;p12p13;2017;46085.398;992;j
RS;aptinc992j;p28p29;1990;364125.81;992;j
RS;aptinc992j;p28p29;1991;315659.69;992;j
RS;aptinc992j;p28p29;1992;215836.41;992;j
RS;aptinc992j;p28p29;1993;139804.7;992;j
RS;aptinc992j;p28p29;1994;143715.7;992;j
RS;aptinc992j;p28p29;1995;151406.59;992;j
RS;aptinc992j;p28p29;1996;152596.2;992;j
RS;aptinc992j;p28p29;1997;161699.7;992;j
RS;aptinc992j;p28p29;1998;173112.59;992;j
RS;aptinc992j;p28p29;1999;186319.7;992;j
RS;aptinc992j;p28p29;2000;202116.09;992;j
RS;aptinc992j;p28p29;2001;201166.8;992;j
RS;aptinc992j;p28p29;2002;208392.0;992;j
RS;aptinc992j;p28p29;2003;214734.09;992;j
RS;aptinc992j;p28p29;2004;232719.41;992;j
RS;aptinc992j;p28p29;2005;250031.91;992;j
RS;aptinc992j;p28p29;2006;251827.2;992;j
RS;aptinc992j;p28p29;2007;257964.59;992;j
RS;aptinc992j;p28p29;2008;266516.91;992;j
RS;aptinc992j;p28p29;2009;255011.7;992;j
RS;aptinc992j;p28p29;2010;242547.09;992;j
RS;aptinc992j;p28p29;2011;226644.0;992;j
RS;aptinc992j;p28p29;2012;221161.0;992;j
RS;aptinc992j;p28p29;2013;224978.8;992;j
RS;aptinc992j;p28p29;2014;212202.7;992;j
RS;aptinc992j;p28p29;2015;231075.8;992;j
RS;aptinc992j;p28p29;2016;238234.8;992;j
RS;aptinc992j;p28p29;2017;239415.7;992;j
RS;aptinc992j;p60p61;1990;717161.88;992;j
RS;aptinc992j;p60p61;1991;619771.81;992;j
RS;aptinc992j;p60p61;1992;422446.69;992;j
RS;aptinc992j;p60p61;1993;272551.0;992;j
RS;aptinc992j;p60p61;1994;279425.5;992;j
RS;aptinc992j;p60p61;1995;293573.91;992;j
RS;aptinc992j;p60p61;1996;294996.09;992;j
RS;aptinc992j;p60p61;1997;311741.5;992;j
RS;aptinc992j;p60p61;1998;326432.69;992;j
RS;aptinc992j;p60p61;1999;356081.0;992;j
RS;aptinc992j;p60p61;2000;385653.41;992;j
RS;aptinc992j;p60p61;2001;380046.69;992;j
RS;aptinc992j;p60p61;2002;409610.69;992;j
RS;aptinc992j;p60p61;2003;430316.09;992;j
RS;aptinc992j;p60p61;2004;476588.69;992;j
RS;aptinc992j;p60p61;2005;528211.63;992;j
RS;aptinc992j;p60p61;2006;559944.0;992;j
RS;aptinc992j;p60p61;2007;584246.63;992;j
RS;aptinc992j;p60p61;2008;624672.88;992;j
RS;aptinc992j;p60p61;2009;611507.13;992;j
RS;aptinc992j;p60p61;2010;604100.5;992;j
RS;aptinc992j;p60p61;2011;599858.38;992;j
RS;aptinc992j;p60p61;2012;601068.5;992;j
RS;aptinc992j;p60p61;2013;626994.0;992;j
RS;aptinc992j;p60p61;2014;601922.5;992;j
RS;aptinc992j;p60p61;2015;615269.81;992;j
RS;aptinc992j;p60p61;2016;634085.81;992;j
RS;aptinc992j;p60p61;2017;637623.88;992;j
RS;aptinc992j;p93p100;1990;2562719.8;992;j
RS;aptinc992j;p93p100;1991;2244105.0;992;j
RS;aptinc992j;p93p100;1992;1549501.8;992;j
RS;aptinc992j;p93p100;1993;1013123.0;992;j
RS;aptinc992j;p93p100;1994;1052381.3;992;j
RS;aptinc992j;p93p100;1995;1120310.3;992;j
RS;aptinc992j;p93p100;1996;1134929.6;992;j
RS;aptinc992j;p93p100;1997;1209021.1;992;j
RS;aptinc992j;p93p100;1998;1282267.9;992;j
RS;aptinc992j;p93p100;1999;1427556.9;992;j
RS;aptinc992j;p93p100;2000;1623476.3;992;j
RS;aptinc992j;p93p100;2001;1648160.1;992;j
RS;aptinc992j;p93p100;2002;1799564.9;992;j
RS;aptinc992j;p93p100;2003;1903576.4;992;j
RS;aptinc992j;p93p100;2004;2200779.3;992;j
RS;aptinc992j;p93p100;2005;2496748.5;992;j
RS;aptinc992j;p93p100;2006;2664606.5;992;j
RS;aptinc992j;p93p100;2007;2686314.8;992;j
RS;aptinc992j;p93p100;2008;2888764.0;992;j
RS;aptinc992j;p93p100;2009;2867337.8;992;j
RS;aptinc992j;p93p100;2010;2964466.0;992;j
RS;aptinc992j;p93p100;2011;3053545.0;992;j
RS;aptinc992j;p93p100;2012;3009817.3;992;j
RS;aptinc992j;p93p100;2013;3051150.5;992;j
RS;aptinc992j;p93p100;2014;3172942.8;992;j
RS;aptinc992j;p93p100;2015;3129484.8;992;j
RS;aptinc992j;p93p100;2016;3228044.8;992;j
RS;aptinc992j;p93p100;2017;3250415.8;992;j
RS;aptinc992j;p99.5p100;1990;8781006.0;992;j
RS;aptinc992j;p99.5p100;1991;7786428.5;992;j
RS;aptinc992j;p99.5p100;1992;5423371.0;992;j
RS;aptinc992j;p99.5p100;1993;3590218.5;992;j
RS;aptinc992j;p99.5p100;1994;3759182.5;992;j
RS;aptinc992j;p99.5p100;1995;4051011.0;992;j
RS;aptinc992j;p99.5p100;1996;4139664.8;992;j
RS;aptinc992j;p99.5p100;1997;4450180.5;992;j
RS;aptinc992j;p99.5p100;1998;4696071.5;992;j
RS;aptinc992j;p99.5p100;1999;5403815.0;992;j
RS;aptinc992j;p99.5p100;2000;6318419.5;992;j
RS;aptinc992j;p99.5p100;2001;6617750.0;992;j
RS;aptinc992j;p99.5p100;2002;7114845.0;992;j
RS;aptinc992j;p99.5p100;2003;7399653.5;992;j
RS;aptinc992j;p99.5p100;2004;8591183.0;992;j
RS;aptinc992j;p99.5p100;2005;9534347.0;992;j
RS;aptinc992j;p99.5p100;2006;10182088.0;992;j
RS;aptinc992j;p99.5p100;2007;9887583.0;992;j
RS;aptinc992j;p99.5p100;2008;10706252.0;992;j
RS;aptinc992j;p99.5p100;2009;10518264.0;992;j
RS;aptinc992j;p99.5p100;2010;10718692.0;992;j
RS;aptinc992j;p99.5p100;2011;11208080.0;992;j
RS;aptinc992j;p99.5p100;2012;10131360.0;992;j
RS;aptinc992j;p99.5p100;2013;10604836.0;992;j
RS;aptinc992j;p99.5p100;2014;13108520.0;992;j
RS;aptinc992j;p99.5p100;2015;12764489.0;992;j
RS;aptinc992j;p99.5p100;2016;13172475.0;992;j
RS;aptinc992j;p99.5p100;2017;13268808.0;992;j
RS;bcainc992j;p86p100;1990;1.5879413;992;j
RS;bcainc992j;p86p100;1991;1.5858297;992;j
RS;bcainc992j;p86p100;1992;1.5845977;992;j
RS;bcainc992j;p86p100;1993;1.5849638;992;j
RS;bcainc992j;p86p100;1994;1.5897394;992;j
RS;bcainc992j;p86p100;1995;1.5932841;992;j
RS;bcainc992j;p86p100;1996;1.5897696;992;j
RS;bcainc992j;p86p100;1997;1.5873162;992;j
RS;bcainc992j;p86p100;1998;1.6128957;992;j
RS;bcainc992j;p86p100;1999;1.6544737;992;j
RS;bcainc992j;p86p100;2000;1.7109417;992;j
RS;bcainc992j;p86p100;2001;1.755831;992;j
RS;bcainc992j;p86p100;2002;1.7690876;992;j
RS;bcainc992j;p86p100;2003;1.745537;992;j
RS;bcainc992j;p86p100;2004;1.7482005;992;j
RS;bcainc992j;p86p100;2005;1.7734948;992;j
RS;bcainc992j;p86p100;2006;1.7744198;992;j
RS;bcainc992j;p86p100;2007;1.7352062;992;j
RS;bcainc992j;p86p100;2008;1.7315263;992;j
RS;bcainc992j;p86p100;2009;1.7539198;992;j
RS;bcainc992j;p86p100;2010;1.786723;992;j
RS;bcainc992j;p86p100;2011;1.8051122;992;j
RS;bcainc992j;p86p100;2012;1.8366607;992;j
RS;bcainc992j;p86p100;2013;1.7867923;992;j
RS;bcainc992j;p86p100;2014;1.9087154;992;j
RS;bcainc992j;p86p100;2015;2.0692751;992;j
RS;bcainc992j;p86p100;2016;2.069123;992;j
RS;bcainc992j;p86p100;2017;2.0704901;992;j
RS;bdiinc992j;p88p100;1990;1.5706803;992;j
RS;bdiinc992j;p88p100;1991;1.5691236;992;j
RS;bdiinc992j;p88p100;1992;1.5689665;992;j
RS;bdiinc992j;p88p100;1993;1.571668;992;j
RS;bdiinc992j;p88p100;1994;1.5751966;992;j
RS;bdiinc992j;p88p100;1995;1.5809921;992;j
RS;bdiinc992j;p88p100;1996;1.5810647;992;j
RS;bdiinc992j;p88p100;1997;1.5795597;992;j
RS;bdiinc992j;p88p100;1998;1.5974169;992;j
RS;bdiinc992j;p88p100;1999;1.6477484;992;j
RS;bdiinc992j;p88p100;2000;1.7032279;992;j
RS;bdiinc992j;p88p100;2001;1.7405066;992;j
RS;bdiinc992j;p88p100;2002;1.7543546;992;j
RS;bdiinc992j;p88p100;2003;1.7197828;992;j
RS;bdiinc992j;p88p100;2004;1.7148042;992;j
RS;bdiinc992j;p88p100;2005;1.7297959;992;j
RS;bdiinc992j;p88p100;2006;1.7426425;992;j
RS;bdiinc992j;p88p100;2007;1.7071172;992;j
RS;bdiinc992j;p88p100;2008;1.7120024;992;j
RS;bdiinc992j;p88p100;2009;1.7311912;992;j
RS;bdiinc992j;p88p100;2010;1.7509371;992;j
RS;bdiinc992j;p88p100;2011;1.7667065;992;j
RS;bdiinc992j;p88p100;2012;1.8125434;992;j
RS;bdiinc992j;p88p100;2013;1.7680889;992;j
RS;bdiinc992j;p88p100;2014;1.8745596;992;j
RS;bdiinc992j;p88p100;2015;2.0380836;992;j
RS;bdiinc992j;p88p100;2016;2.0472684;992;j
RS;bdiinc992j;p88p100;2017;2.0489588;992;j
RS;bptinc992j;p23p100;1990;3.2168207;992;j
RS;bptinc992j;p23p100;1991;3.2219329;992;j
RS;bptinc992j;p23p100;1992;3.2259674;992;j
RS;bptinc992j;p23p100;1993;3.2366855;992;j
RS;bptinc992j;p23p100;1994;3.2403958;992;j
RS;bptinc992j;p23p100;1995;3.2478154;992;j
RS;bptinc992j;p23p100;1996;3.2518711;992;j
RS;bptinc992j;p23p100;1997;3.2547979;992;j
RS;bptinc992j;p23p100;1998;3.1344707;992;j
RS;bptinc992j;p23p100;1999;3.1730406;992;j
RS;bptinc992j;p23p100;2000;3.2500796;992;j
RS;bptinc992j;p23p100;2001;3.2708514;992;j
RS;bptinc992j;p23p100;2002;3.4673817;992;j
RS;bptinc992j;p23p100;2003;3.5890014;992;j
RS;bptinc992j;p23p100;2004;3.8141751;992;j
RS;bptinc992j;p23p100;2005;3.9985549;992;j
RS;bptinc992j;p23p100;2006;4.241735;992;j
RS;bptinc992j;p23p100;2007;4.3547759;992;j
RS;bptinc992j;p23p100;2008;4.6652861;992;j
RS;bptinc992j;p23p100;2009;4.9490752;992;j
RS;bptinc992j;p23p100;2010;5.1903162;992;j
RS;bptinc992j;p23p100;2011;6.0286336;992;j
RS;bptinc992j;p23p100;2012;6.8255301;992;j
RS;bptinc992j;p23p100;2013;6.5484209;992;j
RS;bptinc992j;p23p100;2014;7.242527;992;j
RS;bptinc992j;p23p100;2015;6.7190413;992;j
RS;bptinc992j;p23p100;2016;6.7154655;992;j
RS;bptinc992j;p23p100;2017;6.7378078;992;j
RS;bptinc992j;p84p100;1990;1.6211841;992;j
RS;bptinc992j;p84p100;1991;1.6342211;992;j
RS;bptinc992j;p84p100;1992;1.6468251;992;j
RS;bptinc992j;p84p100;1993;1.6596876;992;j
RS;bptinc992j;p84p100;1994;1.6744682;992;j
RS;bptinc992j;p84p100;1995;1.6885282;992;j
RS;bptinc992j;p84p100;1996;1.6977448;992;j
RS;bptinc992j;p84p100;1997;1.7060128;992;j
RS;bptinc992j;p84p100;1998;1.7378446;992;j
RS;bptinc992j;p84p100;1999;1.7579213;992;j
RS;bptinc992j;p84p100;2000;1.8143467;992;j
RS;bptinc992j;p84p100;2001;1.8447727;992;j
RS;bptinc992j;p84p100;2002;1.8399429;992;j
RS;bptinc992j;p84p100;2003;1.8601353;992;j
RS;bptinc992j;p84p100;2004;1.8874459;992;j
RS;bptinc992j;p84p100;2005;1.9030981;992;j
RS;bptinc992j;p84p100;2006;1.9112165;992;j
RS;bptinc992j;p84p100;2007;1.8496631;992;j
RS;bptinc992j;p84p100;2008;1.8448594;992;j
RS;bptinc992j;p84p100;2009;1.8634355;992;j
RS;bptinc992j;p84p100;2010;1.8930724;992;j
RS;bptinc992j;p84p100;2011;1.9155986;992;j
RS;bptinc992j;p84p100;2012;1.8704057;992;j
RS;bptinc992j;p84p100;2013;1.8486999;992;j
RS;bptinc992j;p84p100;2014;1.950585;992;j
RS;bptinc992j;p84p100;2015;1.9444611;992;j
RS;bptinc992j;p84p100;2016;1.9453393;992;j
RS;bptinc992j;p84p100;2017;1.9471921;992;j
RS;mprinf999i;p0p100;1997;-468913979392.0;999;i
RS;mprinf999i;p0p100;1998;-160888717312.0;999;i
RS;mprinf999i;p0p100;1999;-22813865984.0;999;i
RS;mprinf999i;p0p100;2000;83902595072.0;999;i
RS;mprinf999i;p0p100;2001;-124351373312.0;999;i
RS;mprinf999i;p0p100;2002;-198643220480.0;999;i
RS;mprinf999i;p0p100;2003;-245686091776.0;999;i
RS;mprinf999i;p0p100;2004;19527174144.0;999;i
RS;mprinf999i;p0p100;2005;76692422656.0;999;i
RS;mprinf999i;p0p100;2006;107334352896.0;999;i
RS;mprinf999i;p0p100;2007;21403815936.0;999;i
RS;mprinf999i;p0p100;2008;-48397099008.0;999;i
RS;mprinf999i;p0p100;2009;27080847360.0;999;i
RS;mprinf999i;p0p100;2010;37936812032.0;999;i
RS;mprinf999i;p0p100;2011;86218694656.0;999;i
RS;mprphn999i;p0p100;1997;14387497984.0;999;i
RS;mprphn999i;p0p100;1998;30261757952.0;999;i
RS;mprphn999i;p0p100;1999;20092370944.0;999;i
RS;mprphn999i;p0p100;2000;36067663872.0;999;i
RS;mprphn999i;p0p100;2001;29780547584.0;999;i
RS;mprphn999i;p0p100;2002;7902510080.0;999;i
RS;mprphn999i;p0p100;2003;19082078208.0;999;i
RS;mprphn999i;p0p100;2004;5214449152.0;999;i
RS;mprphn999i;p0p100;2005;60849668096.0;999;i
RS;mprphn999i;p0p100;2006;22625071104.0;999;i
RS;mprphn999i;p0p100;2007;26212591616.0;999;i
RS;mprphn999i;p0p100;2008;87393116160.0;999;i
RS;mprphn999i;p0p100;2009;6323914240.0;999;i
RS;mprphn999i;p0p100;2010;26009778176.0;999;i
RS;mprphn999i;p0p100;2011;38018994176.0;999;i
RS;npopul401f;p0p100;1950;225054.0;401;f
RS;npopul401f;p0p100;1951;223684.0;401;f
RS;npopul401f;p0p100;1952;221105.0;401;f
RS;npopul401f;p0p100;1953;216643.0;401;f
RS;npopul401f;p0p100;1954;210060.0;401;f
RS;npopul401f;p0p100;1955;201626.0;401;f
RS;npopul401f;p0p100;1956;190954.0;401;f
RS;npopul401f;p0p100;1957;177771.0;401;f
RS;npopul401f;p0p100;1958;165793.0;401;f
RS;npopul401f;p0p100;1959;160639.0;401;f
RS;npopul401f;p0p100;1960;165522.0;401;f
RS;npopul401f;p0p100;1961;179881.0;401;f
RS;npopul401f;p0p100;1962;203803.0;401;f
RS;npopul401f;p0p100;1963;233064.0;401;f
RS;npopul401f;p0p100;1964;261008.0;401;f
RS;npopul401f;p0p100;1965;283400.0;401;f
RS;npopul401f;p0p100;1966;299670.0;401;f
RS;npopul401f;p0p100;1967;310997.0;401;f
RS;npopul401f;p0p100;1968;318241.0;401;f
RS;npopul401f;p0p100;1969;323205.0;401;f
RS;npopul401f;p0p100;1970;327068.0;401;f
RS;npopul401f;p0p100;1971;329327.0;401;f
RS;npopul401f;p0p100;1972;329828.0;401;f
RS;npopul401f;p0p100;1973;328716.0;401;f
RS;npopul401f;p0p100;1974;326238.0;401;f
RS;npopul401f;p0p100;1975;322558.0;401;f
RS;npopul401f;p0p100;1976;317796.0;401;f
RS;npopul401f;p0p100;1977;312805.0;401;f
RS;npopul401f;p0p100;1978;306992.0;401;f
RS;npopul401f;p0p100;1979;299305.0;401;f
RS;npopul401f;p0p100;1980;289413.0;401;f
RS;npopul401f;p0p100;1981;277430.0;401;f
RS;npopul401f;p0p100;1982;263043.0;401;f
RS;npopul401f;p0p100;1983;249587.0;401;f
RS;npopul401f;p0p100;1984;242179.0;401;f
RS;npopul401f;p0p100;1985;243797.0;401;f
RS;npopul401f;p0p100;1986;253679.0;401;f
RS;npopul401f;p0p100;1987;272103.0;401;f
RS;npopul401f;p0p100;1988;295811.0;401;f
RS;npopul401f;p0p100;1989;319610.0;401;f
RS;npopul401f;p0p100;1990;340091.0;401;f
RS;npopul401f;p0p100;1991;357435.0;401;f
RS;npopul401f;p0p100;1992;372539.0;401;f
RS;npopul401f;p0p100;1993;383974.0;401;f
RS;npopul401f;p0p100;1994;389938.0;401;f
RS;npopul401f;p0p100;1995;389372.0;401;f
RS;npopul401f;p0p100;1996;384095.0;401;f
RS;npopul401f;p0p100;1997;371125.0;401;f
RS;npopul401f;p0p100;1998;353755.0;401;f
RS;npopul401f;p0p100;1999;265174.0;401;f
RS;npopul401f;p0p100;2000;256457.0;401;f
RS;npopul401f;p0p100;2001;249179.0;401;f
RS;npopul401f;p0p100;2002;244994.0;401;f
RS;npopul401f;p0p100;2003;242538.0;401;f
RS;npopul401f;p0p100;2004;241091.0;401;f
RS;npopul401f;p0p100;2005;239534.0;401;f
RS;npopul401f;p0p100;2006;238755.0;401;f
RS;npopul401f;p0p100;2007;238160.0;401;f
RS;npopul401f;p0p100;2008;237788.0;401;f
RS;npopul401f;p0p100;2009;237991.0;401;f
RS;npopul401f;p0p100;2010;238835.0;401;f
RS;npopul401f;p0p100;2011;239699.0;401;f
RS;npopul401f;p0p100;2012;241752.0;401;f
RS;npopul401f;p0p100;2013;244004.0;401;f
RS;npopul401f;p0p100;2014;245974.0;401;f
RS;npopul401f;p0p100;2015;247250.0;401;f
RS;npopul401f;p0p100;2016;248014.0;401;f
RS;npopul401f;p0p100;2017;249034.0;401;f
RS;npopul401f;p0p100;2018;249406.0;401;f
RS;npopul401f;p0p100;2019;248989.0;401;f
RS;npopul951i;p0p100;1950;687.0;951;i
RS;npopul951i;p0p100;1951;767.0;951;i
RS;npopul951i;p0p100;1952;948.0;951;i
RS;npopul951i;p0p100;1953;1066.0;951;i
RS;npopul951i;p0p100;1954;978.0;951;i
RS;npopul951i;p0p100;1955;557.0;951;i
RS;npopul951i;p0p100;1956;642.0;951;i
RS;npopul951i;p0p100;1957;829.0;951;i
RS;npopul951i;p0p100;1958;961.0;951;i
RS;npopul951i;p0p100;1959;901.0;951;i
RS;npopul951i;p0p100;1960;539.0;951;i
RS;npopul951i;p0p100;1961;633.0;951;i
RS;npopul951i;p0p100;1962;826.0;951;i
RS;npopul951i;p0p100;1963;976.0;951;i
RS;npopul951i;p0p100;1964;960.0;951;i
RS;npopul951i;p0p100;1965;672.0;951;i
RS;npopul951i;p0p100;1966;854.0;951;i
RS;npopul951i;p0p100;1967;1164.0;951;i
RS;npopul951i;p0p100;1968;1388.0;951;i
RS;npopul951i;p0p100;1969;1357.0;951;i
RS;npopul951i;p0p100;1970;954.0;951;i
RS;npopul951i;p0p100;1971;1111.0;951;i
RS;npopul951i;p0p100;1972;1376.0;951;i
RS;npopul951i;p0p100;1973;1555.0;951;i
RS;npopul951i;p0p100;1974;1486.0;951;i
RS;npopul951i;p0p100;1975;1041.0;951;i
RS;npopul951i;p0p100;1976;1140.0;951;i
RS;npopul951i;p0p100;1977;1358.0;951;i
RS;npopul951i;p0p100;1978;1520.0;951;i
RS;npopul951i;p0p100;1979;1467.0;951;i
RS;npopul951i;p0p100;1980;1058.0;951;i
RS;npopul951i;p0p100;1981;1274.0;951;i
RS;npopul951i;p0p100;1982;1652.0;951;i
RS;npopul951i;p0p100;1983;1909.0;951;i
RS;npopul951i;p0p100;1984;1830.0;951;i
RS;npopul951i;p0p100;1985;1262.0;951;i
RS;npopul951i;p0p100;1986;1343.0;951;i
RS;npopul951i;p0p100;1987;1548.0;951;i
RS;npopul951i;p0p100;1988;1719.0;951;i
RS;npopul951i;p0p100;1989;1677.0;951;i
RS;npopul951i;p0p100;1990;1242.0;951;i
RS;npopul951i;p0p100;1991;1581.0;951;i
RS;npopul951i;p0p100;1992;2190.0;951;i
RS;npopul951i;p0p100;1993;2646.0;951;i
RS;npopul951i;p0p100;1994;2620.0;951;i
RS;npopul951i;p0p100;1995;1885.0;951;i
RS;npopul951i;p0p100;1996;2207.0;951;i
RS;npopul951i;p0p100;1997;2745.0;951;i
RS;npopul951i;p0p100;1998;3124.0;951;i
RS;npopul951i;p0p100;1999;2385.0;951;i
RS;npopul951i;p0p100;2000;1741.0;951;i
RS;npopul951i;p0p100;2001;2042.0;951;i
RS;npopul951i;p0p100;2002;2589.0;951;i
RS;npopul951i;p0p100;2003;2946.0;951;i
RS;npopul951i;p0p100;2004;2782.0;951;i
RS;npopul951i;p0p100;2005;1847.0;951;i
RS;npopul951i;p0p100;2006;2044.0;951;i
RS;npopul951i;p0p100;2007;2432.0;951;i
RS;npopul951i;p0p100;2008;2647.0;951;i
RS;npopul951i;p0p100;2009;2407.0;951;i
RS;npopul951i;p0p100;2010;1486.0;951;i
RS;npopul951i;p0p100;2011;1455.0;951;i
RS;npopul951i;p0p100;2012;1602.0;951;i
RS;npopul951i;p0p100;2013;1754.0;951;i
RS;npopul951i;p0p100;2014;1694.0;951;i
RS;npopul951i;p0p100;2015;1195.0;951;i
RS;npopul951i;p0p100;2016;1673.0;951;i
RS;npopul951i;p0p100;2017;2556.0;951;i
RS;npopul951i;p0p100;2018;3239.0;951;i
RS;npopul951i;p0p100;2019;3270.0;951;i
RS;scainc992j;p24p25;1990;0.0044999998;992;j
RS;scainc992j;p24p25;1991;0.0046000001;992;j
RS;scainc992j;p24p25;1992;0.0046999999;992;j
RS;scainc992j;p24p25;1993;0.0046999999;992;j
RS;scainc992j;p24p25;1994;0.0048000002;992;j
RS;scainc992j;p24p25;1995;0.0049000001;992;j
RS;scainc992j;p24p25;1996;0.0049000001;992;j
RS;scainc992j;p24p25;1997;0.0049999999;992;j
RS;scainc992j;p24p25;1998;0.0051000002;992;j
RS;scainc992j;p24p25;1999;0.0051000002;992;j
RS;scainc992j;p24p25;2000;0.0051000002;992;j
RS;scainc992j;p24p25;2001;0.0051000002;992;j
RS;scainc992j;p24p25;2002;0.0049000001;992;j
RS;scainc992j;p24p25;2003;0.0048000002;992;j
RS;scainc992j;p24p25;2004;0.0044999998;992;j
RS;scainc992j;p24p25;2005;0.0044;992;j
RS;scainc992j;p24p25;2006;0.0041999999;992;j
RS;scainc992j;p24p25;2007;0.0041;992;j
RS;scainc992j;p24p25;2008;0.0040000002;992;j
RS;scainc992j;p24p25;2009;0.0037;992;j
RS;scainc992j;p24p25;2010;0.0034;992;j
RS;scainc992j;p24p25;2011;0.0031000001;992;j
RS;scainc992j;p24p25;2012;0.0031999999;992;j
RS;scainc992j;p24p25;2013;0.0026;992;j
RS;scainc992j;p24p25;2014;0.0031000001;992;j
RS;scainc992j;p24p25;2015;0.0027000001;992;j
RS;scainc992j;p24p25;2016;0.0027000001;992;j
RS;scainc992j;p24p25;2017;0.0027000001;992;j
RS;scainc992j;p28p29;1990;0.0052;992;j
RS;scainc992j;p28p29;1991;0.0052;992;j
RS;scainc992j;p28p29;1992;0.0052999998;992;j
RS;scainc992j;p28p29;1993;0.0054000001;992;j
RS;scainc992j;p28p29;1994;0.0054000001;992;j
RS;scainc992j;p28p29;1995;0.0055;992;j
RS;scainc992j;p28p29;1996;0.0055999998;992;j
RS;scainc992j;p28p29;1997;0.0055999998;992;j
RS;scainc992j;p28p29;1998;0.0057000001;992;j
RS;scainc992j;p28p29;1999;0.0055999998;992;j
RS;scainc992j;p28p29;2000;0.0055999998;992;j
RS;scainc992j;p28p29;2001;0.0055999998;992;j
RS;scainc992j;p28p29;2002;0.0055;992;j
RS;scainc992j;p28p29;2003;0.0052999998;992;j
RS;scainc992j;p28p29;2004;0.0051000002;992;j
RS;scainc992j;p28p29;2005;0.0049999999;992;j
RS;scainc992j;p28p29;2006;0.0048000002;992;j
RS;scainc992j;p28p29;2007;0.0048000002;992;j
RS;scainc992j;p28p29;2008;0.0046999999;992;j
RS;scainc992j;p28p29;2009;0.0044999998;992;j
RS;scainc992j;p28p29;2010;0.0041999999;992;j
RS;scainc992j;p28p29;2011;0.0038999999;992;j
RS;scainc992j;p28p29;2012;0.0040000002;992;j
RS;scainc992j;p28p29;2013;0.0035999999;992;j
RS;scainc992j;p28p29;2014;0.0038999999;992;j
RS;scainc992j;p28p29;2015;0.0035999999;992;j
RS;scainc992j;p28p29;2016;0.0035999999;992;j
RS;scainc992j;p28p29;2017;0.0035999999;992;j
RS;scainc992j;p35p36;1990;0.0063;992;j
RS;scainc992j;p35p36;1991;0.0063;992;j
RS;scainc992j;p35p36;1992;0.0063999998;992;j
RS;scainc992j;p35p36;1993;0.0063999998;992;j
RS;scainc992j;p35p36;1994;0.0063999998;992;j
RS;scainc992j;p35p36;1995;0.0063999998;992;j
RS;scainc992j;p35p36;1996;0.0065000001;992;j
RS;scainc992j;p35p36;1997;0.0065000001;992;j
RS;scainc992j;p35p36;1998;0.0063999998;992;j
RS;scainc992j;p35p36;1999;0.0063;992;j
RS;scainc992j;p35p36;2000;0.0063;992;j
RS;scainc992j;p35p36;2001;0.0062000002;992;j
RS;scainc992j;p35p36;2002;0.0060999999;992;j
RS;scainc992j;p35p36;2003;0.0060999999;992;j
RS;scainc992j;p35p36;2004;0.0060000001;992;j
RS;scainc992j;p35p36;2005;0.0059000002;992;j
RS;scainc992j;p35p36;2006;0.0057999999;992;j
RS;scainc992j;p35p36;2007;0.0057000001;992;j
RS;scainc992j;p35p36;2008;0.0055999998;992;j
RS;scainc992j;p35p36;2009;0.0055;992;j
RS;scainc992j;p35p36;2010;0.0052999998;992;j
RS;scainc992j;p35p36;2011;0.0052;992;j
RS;scainc992j;p35p36;2012;0.0049999999;992;j
RS;scainc992j;p35p36;2013;0.0049000001;992;j
RS;scainc992j;p35p36;2014;0.0049999999;992;j
RS;scainc992j;p35p36;2015;0.0048000002;992;j
RS;scainc992j;p35p36;2016;0.0048000002;992;j
RS;scainc992j;p35p36;2017;0.0048000002;992;j
RS;scainc992j;p96p100;1990;0.16670001;992;j
RS;scainc992j;p96p100;1991;0.1653;992;j
RS;scainc992j;p96p100;1992;0.16410001;992;j
RS;scainc992j;p96p100;1993;0.1639;992;j
RS;scainc992j;p96p100;1994;0.1635;992;j
RS;scainc992j;p96p100;1995;0.16320001;992;j
RS;scainc992j;p96p100;1996;0.1619;992;j
RS;scainc992j;p96p100;1997;0.1605;992;j
RS;scainc992j;p96p100;1998;0.16329999;992;j
RS;scainc992j;p96p100;1999;0.16940001;992;j
RS;scainc992j;p96p100;2000;0.1771;992;j
RS;scainc992j;p96p100;2001;0.1825;992;j
RS;scainc992j;p96p100;2002;0.1868;992;j
RS;scainc992j;p96p100;2003;0.18610001;992;j
RS;scainc992j;p96p100;2004;0.1892;992;j
RS;scainc992j;p96p100;2005;0.1943;992;j
RS;scainc992j;p96p100;2006;0.1987;992;j
RS;scainc992j;p96p100;2007;0.1955;992;j
RS;scainc992j;p96p100;2008;0.19589999;992;j
RS;scainc992j;p96p100;2009;0.2023;992;j
RS;scainc992j;p96p100;2010;0.208;992;j
RS;scainc992j;p96p100;2011;0.213;992;j
RS;scainc992j;p96p100;2012;0.22409999;992;j
RS;scainc992j;p96p100;2013;0.21600001;992;j
RS;scainc992j;p96p100;2014;0.22849999;992;j
RS;scainc992j;p96p100;2015;0.25870001;992;j
RS;scainc992j;p96p100;2016;0.25870001;992;j
RS;scainc992j;p96p100;2017;0.25889999;992;j
RS;scainc992j;p98p99;1990;0.0348;992;j
RS;scainc992j;p98p99;1991;0.034699999;992;j
RS;scainc992j;p98p99;1992;0.034899998;992;j
RS;scainc992j;p98p99;1993;0.035;992;j
RS;scainc992j;p98p99;1994;0.035100002;992;j
RS;scainc992j;p98p99;1995;0.0352;992;j
RS;scainc992j;p98p99;1996;0.035100002;992;j
RS;scainc992j;p98p99;1997;0.035;992;j
RS;scainc992j;p98p99;1998;0.035300002;992;j
RS;scainc992j;p98p99;1999;0.035799999;992;j
RS;scainc992j;p98p99;2000;0.037300002;992;j
RS;scainc992j;p98p99;2001;0.037700001;992;j
RS;scainc992j;p98p99;2002;0.039099999;992;j
RS;scainc992j;p98p99;2003;0.039000001;992;j
RS;scainc992j;p98p99;2004;0.0396;992;j
RS;scainc992j;p98p99;2005;0.040399998;992;j
RS;scainc992j;p98p99;2006;0.041900001;992;j
RS;scainc992j;p98p99;2007;0.041999999;992;j
RS;scainc992j;p98p99;2008;0.042800002;992;j
RS;scainc992j;p98p99;2009;0.043099999;992;j
RS;scainc992j;p98p99;2010;0.044799998;992;j
RS;scainc992j;p98p99;2011;0.0462;992;j
RS;scainc992j;p98p99;2012;0.0458;992;j
RS;scainc992j;p98p99;2013;0.045899998;992;j
RS;scainc992j;p98p99;2014;0.0436;992;j
RS;scainc992j;p98p99;2015;0.0447;992;j
RS;scainc992j;p98p99;2016;0.0447;992;j
RS;scainc992j;p98p99;2017;0.0447;992;j
RS;scainc992j;p99.91p99.92;1990;0.0013;992;j
RS;scainc992j;p99.91p99.92;1991;0.0013;992;j
RS;scainc992j;p99.91p99.92;1992;0.0013;992;j
RS;scainc992j;p99.91p99.92;1993;0.0012000001;992;j
RS;scainc992j;p99.91p99.92;1994;0.0012000001;992;j
RS;scainc992j;p99.91p99.92;1995;0.0012000001;992;j
RS;scainc992j;p99.91p99.92;1996;0.0012000001;992;j
RS;scainc992j;p99.91p99.92;1997;0.0012000001;992;j
RS;scainc992j;p99.91p99.92;1998;0.0012000001;992;j
RS;scainc992j;p99.91p99.92;1999;0.0013;992;j
RS;scainc992j;p99.91p99.92;2000;0.0014;992;j
RS;scainc992j;p99.91p99.92;2001;0.0015;992;j
RS;scainc992j;p99.91p99.92;2002;0.0015;992;j
RS;scainc992j;p99.91p99.92;2003;0.0015;992;j
RS;scainc992j;p99.91p99.92;2004;0.0015;992;j
RS;scainc992j;p99.91p99.92;2005;0.0016;992;j
RS;scainc992j;p99.91p99.92;2006;0.0016;992;j
RS;scainc992j;p99.91p99.92;2007;0.0015;992;j
RS;scainc992j;p99.91p99.92;2008;0.0015;992;j
RS;scainc992j;p99.91p99.92;2009;0.0016;992;j
RS;scainc992j;p99.91p99.92;2010;0.0016;992;j
RS;scainc992j;p99.91p99.92;2011;0.0016;992;j
RS;scainc992j;p99.91p99.92;2012;0.0019;992;j
RS;scainc992j;p99.91p99.92;2013;0.0017;992;j
RS;scainc992j;p99.91p99.92;2014;0.0020999999;992;j
RS;scainc992j;p99.91p99.92;2015;0.0026;992;j
RS;scainc992j;p99.91p99.92;2016;0.0026;992;j
RS;scainc992j;p99.91p99.92;2017;0.0026;992;j
RS;scainc992j;p99.96p99.97;1990;0.0020999999;992;j
RS;scainc992j;p99.96p99.97;1991;0.0020000001;992;j
RS;scainc992j;p99.96p99.97;1992;0.0019;992;j
RS;scainc992j;p99.96p99.97;1993;0.0019;992;j
RS;scainc992j;p99.96p99.97;1994;0.0019;992;j
RS;scainc992j;p99.96p99.97;1995;0.0019;992;j
RS;scainc992j;p99.96p99.97;1996;0.0018;992;j
RS;scainc992j;p99.96p99.97;1997;0.0018;992;j
RS;scainc992j;p99.96p99.97;1998;0.0018;992;j
RS;scainc992j;p99.96p99.97;1999;0.0020999999;992;j
RS;scainc992j;p99.96p99.97;2000;0.0022;992;j
RS;scainc992j;p99.96p99.97;2001;0.0024000001;992;j
RS;scainc992j;p99.96p99.97;2002;0.0024000001;992;j
RS;scainc992j;p99.96p99.97;2003;0.0024000001;992;j
RS;scainc992j;p99.96p99.97;2004;0.0024000001;992;j
RS;scainc992j;p99.96p99.97;2005;0.0024999999;992;j
RS;scainc992j;p99.96p99.97;2006;0.0024999999;992;j
RS;scainc992j;p99.96p99.97;2007;0.0023000001;992;j
RS;scainc992j;p99.96p99.97;2008;0.0022;992;j
RS;scainc992j;p99.96p99.97;2009;0.0024000001;992;j
RS;scainc992j;p99.96p99.97;2010;0.0024000001;992;j
RS;scainc992j;p99.96p99.97;2011;0.0024999999;992;j
RS;scainc992j;p99.96p99.97;2012;0.0031000001;992;j
RS;scainc992j;p99.96p99.97;2013;0.0027000001;992;j
RS;scainc992j;p99.96p99.97;2014;0.0035999999;992;j
RS;scainc992j;p99.96p99.97;2015;0.0046000001;992;j
RS;scainc992j;p99.96p99.97;2016;0.0046000001;992;j
RS;scainc992j;p99.96p99.97;2017;0.0046000001;992;j
RS;sdiinc992j;p12p13;1990;0.0031000001;992;j
RS;sdiinc992j;p12p13;1991;0.0031000001;992;j
RS;sdiinc992j;p12p13;1992;0.0031999999;992;j
RS;sdiinc992j;p12p13;1993;0.0031999999;992;j
RS;sdiinc992j;p12p13;1994;0.0033;992;j
RS;sdiinc992j;p12p13;1995;0.0033;992;j
RS;sdiinc992j;p12p13;1996;0.0034;992;j
RS;sdiinc992j;p12p13;1997;0.0034;992;j
RS;sdiinc992j;p12p13;1998;0.0035999999;992;j
RS;sdiinc992j;p12p13;1999;0.0035000001;992;j
RS;sdiinc992j;p12p13;2000;0.0035000001;992;j
RS;sdiinc992j;p12p13;2001;0.0035000001;992;j
RS;sdiinc992j;p12p13;2002;0.0031999999;992;j
RS;sdiinc992j;p12p13;2003;0.0031000001;992;j
RS;sdiinc992j;p12p13;2004;0.0027000001;992;j
RS;sdiinc992j;p12p13;2005;0.0024999999;992;j
RS;sdiinc992j;p12p13;2006;0.0023000001;992;j
RS;sdiinc992j;p12p13;2007;0.0022;992;j
RS;sdiinc992j;p12p13;2008;0.0020999999;992;j
RS;sdiinc992j;p12p13;2009;0.0020999999;992;j
RS;sdiinc992j;p12p13;2010;0.0019;992;j
RS;sdiinc992j;p12p13;2011;0.0016;992;j
RS;sdiinc992j;p12p13;2012;0.0015;992;j
RS;sdiinc992j;p12p13;2013;0.0017;992;j
RS;sdiinc992j;p12p13;2014;0.0024000001;992;j
RS;sdiinc992j;p12p13;2015;0.0020000001;992;j
RS;sdiinc992j;p12p13;2016;0.0019;992;j
RS;sdiinc992j;p12p13;2017;0.0019;992;j
RS;sdiinc992j;p88p100;1990;0.30649999;992;j
RS;sdiinc992j;p88p100;1991;0.30509999;992;j
RS;sdiinc992j;p88p100;1992;0.30399999;992;j
RS;sdiinc992j;p88p100;1993;0.3035;992;j
RS;sdiinc992j;p88p100;1994;0.30289999;992;j
RS;sdiinc992j;p88p100;1995;0.30239999;992;j
RS;sdiinc992j;p88p100;1996;0.3008;992;j
RS;sdiinc992j;p88p100;1997;0.29890001;992;j
RS;sdiinc992j;p88p100;1998;0.30430001;992;j
RS;sdiinc992j;p88p100;1999;0.3114;992;j
RS;sdiinc992j;p88p100;2000;0.317;992;j
RS;sdiinc992j;p88p100;2001;0.3213;992;j
RS;sdiinc992j;p88p100;2002;0.32589999;992;j
RS;sdiinc992j;p88p100;2003;0.3274;992;j
RS;sdiinc992j;p88p100;2004;0.33419999;992;j
RS;sdiinc992j;p88p100;2005;0.34130001;992;j
RS;sdiinc992j;p88p100;2006;0.3479;992;j
RS;sdiinc992j;p88p100;2007;0.3452;992;j
RS;sdiinc992j;p88p100;2008;0.34709999;992;j
RS;sdiinc992j;p88p100;2009;0.3536;992;j
RS;sdiinc992j;p88p100;2010;0.36300001;992;j
RS;sdiinc992j;p88p100;2011;0.37220001;992;j
RS;sdiinc992j;p88p100;2012;0.37650001;992;j
RS;sdiinc992j;p88p100;2013;0.37189999;992;j
RS;sdiinc992j;p88p100;2014;0.37310001;992;j
RS;sdiinc992j;p88p100;2015;0.3978;992;j
RS;sdiinc992j;p88p100;2016;0.40130001;992;j
RS;sdiinc992j;p88p100;2017;0.40189999;992;j
RS;sdiinc992j;p93p100;1990;0.2194;992;j
RS;sdiinc992j;p93p100;1991;0.2181;992;j
RS;sdiinc992j;p93p100;1992;0.2172;992;j
RS;sdiinc992j;p93p100;1993;0.21699999;992;j
RS;sdiinc992j;p93p100;1994;0.2167;992;j
RS;sdiinc992j;p93p100;1995;0.2164;992;j
RS;sdiinc992j;p93p100;1996;0.21510001;992;j
RS;sdiinc992j;p93p100;1997;0.21349999;992;j
RS;sdiinc992j;p93p100;1998;0.2182;992;j
RS;sdiinc992j;p93p100;1999;0.2256;992;j
RS;sdiinc992j;p93p100;2000;0.23199999;992;j
RS;sdiinc992j;p93p100;2001;0.2366;992;j
RS;sdiinc992j;p93p100;2002;0.2404;992;j
RS;sdiinc992j;p93p100;2003;0.2404;992;j
RS;sdiinc992j;p93p100;2004;0.2448;992;j
RS;sdiinc992j;p93p100;2005;0.2507;992;j
RS;sdiinc992j;p93p100;2006;0.25619999;992;j
RS;sdiinc992j;p93p100;2007;0.2527;992;j
RS;sdiinc992j;p93p100;2008;0.25389999;992;j
RS;sdiinc992j;p93p100;2009;0.26010001;992;j
RS;sdiinc992j;p93p100;2010;0.26730001;992;j
RS;sdiinc992j;p93p100;2011;0.27450001;992;j
RS;sdiinc992j;p93p100;2012;0.2816;992;j
RS;sdiinc992j;p93p100;2013;0.27540001;992;j
RS;sdiinc992j;p93p100;2014;0.28189999;992;j
RS;sdiinc992j;p93p100;2015;0.30849999;992;j
RS;sdiinc992j;p93p100;2016;0.31150001;992;j
RS;sdiinc992j;p93p100;2017;0.31200001;992;j
RS;sptinc992j;p1p2;1990;0.0009;992;j
RS;sptinc992j;p1p2;1991;0.0008;992;j
RS;sptinc992j;p1p2;1992;0.0008;992;j
RS;sptinc992j;p1p2;1993;0.0008;992;j
RS;sptinc992j;p1p2;1994;0.0008;992;j
RS;sptinc992j;p1p2;1995;0.0008;992;j
RS;sptinc992j;p1p2;1996;0.0007;992;j
RS;sptinc992j;p1p2;1997;0.0007;992;j
RS;sptinc992j;p1p2;1998;0.0008;992;j
RS;sptinc992j;p1p2;1999;0.0008;992;j
RS;sptinc992j;p1p2;2000;0.0008;992;j
RS;sptinc992j;p1p2;2001;0.0008;992;j
RS;sptinc992j;p1p2;2002;0.0006;992;j
RS;sptinc992j;p1p2;2003;0.0007;992;j
RS;sptinc992j;p1p2;2004;0.0006;992;j
RS;sptinc992j;p1p2;2005;0.0006;992;j
RS;sptinc992j;p1p2;2006;0.0006;992;j
RS;sptinc992j;p1p2;2007;0.0005;992;j
RS;sptinc992j;p1p2;2008;0.0004;992;j
RS;sptinc992j;p1p2;2009;0.0004;992;j
RS;sptinc992j;p1p2;2010;0.0004;992;j
RS;sptinc992j;p1p2;2011;0.0003;992;j
RS;sptinc992j;p1p2;2012;0.0003;992;j
RS;sptinc992j;p1p2;2013;0.0002;992;j
RS;sptinc992j;p1p2;2014;0.0002;992;j
RS;sptinc992j;p1p2;2015;0.0002;992;j
RS;sptinc992j;p1p2;2016;0.0002;992;j
RS;sptinc992j;p1p2;2017;0.0002;992;j
RS;sptinc992j;p21p100;1990;0.95709997;992;j
RS;sptinc992j;p21p100;1991;0.95700002;992;j
RS;sptinc992j;p21p100;1992;0.9569;992;j
RS;sptinc992j;p21p100;1993;0.95679998;992;j
RS;sptinc992j;p21p100;1994;0.95679998;992;j
RS;sptinc992j;p21p100;1995;0.95670003;992;j
RS;sptinc992j;p21p100;1996;0.95660001;992;j
RS;sptinc992j;p21p100;1997;0.95660001;992;j
RS;sptinc992j;p21p100;1998;0.95319998;992;j
RS;sptinc992j;p21p100;1999;0.95279998;992;j
RS;sptinc992j;p21p100;2000;0.95380002;992;j
RS;sptinc992j;p21p100;2001;0.95349997;992;j
RS;sptinc992j;p21p100;2002;0.95920002;992;j
RS;sptinc992j;p21p100;2003;0.96090001;992;j
RS;sptinc992j;p21p100;2004;0.96420002;992;j
RS;sptinc992j;p21p100;2005;0.96710002;992;j
RS;sptinc992j;p21p100;2006;0.9709;992;j
RS;sptinc992j;p21p100;2007;0.9738;992;j
RS;sptinc992j;p21p100;2008;0.9774;992;j
RS;sptinc992j;p21p100;2009;0.97979999;992;j
RS;sptinc992j;p21p100;2010;0.9817;992;j
RS;sptinc992j;p21p100;2011;0.98460001;992;j
RS;sptinc992j;p21p100;2012;0.98559999;992;j
RS;sptinc992j;p21p100;2013;0.98720002;992;j
RS;sptinc992j;p21p100;2014;0.9874;992;j
RS;sptinc992j;p21p100;2015;0.98699999;992;j
RS;sptinc992j;p21p100;2016;0.98699999;992;j
RS;sptinc992j;p21p100;2017;0.98710001;992;j
RS;sptinc992j;p30p100;1990;0.91780001;992;j
RS;sptinc992j;p30p100;1991;0.91780001;992;j
RS;sptinc992j;p30p100;1992;0.91780001;992;j
RS;sptinc992j;p30p100;1993;0.91780001;992;j
RS;sptinc992j;p30p100;1994;0.91790003;992;j
RS;sptinc992j;p30p100;1995;0.91790003;992;j
RS;sptinc992j;p30p100;1996;0.91780001;992;j
RS;sptinc992j;p30p100;1997;0.91790003;992;j
RS;sptinc992j;p30p100;1998;0.91350001;992;j
RS;sptinc992j;p30p100;1999;0.91350001;992;j
RS;sptinc992j;p30p100;2000;0.9152;992;j
RS;sptinc992j;p30p100;2001;0.91509998;992;j
RS;sptinc992j;p30p100;2002;0.92259997;992;j
RS;sptinc992j;p30p100;2003;0.92519999;992;j
RS;sptinc992j;p30p100;2004;0.93010002;992;j
RS;sptinc992j;p30p100;2005;0.93440002;992;j
RS;sptinc992j;p30p100;2006;0.93980002;992;j
RS;sptinc992j;p30p100;2007;0.94330001;992;j
RS;sptinc992j;p30p100;2008;0.94819999;992;j
RS;sptinc992j;p30p100;2009;0.95160002;992;j
RS;sptinc992j;p30p100;2010;0.95520002;992;j
RS;sptinc992j;p30p100;2011;0.96060002;992;j
RS;sptinc992j;p30p100;2012;0.96280003;992;j
RS;sptinc992j;p30p100;2013;0.96460003;992;j
RS;sptinc992j;p30p100;2014;0.96569997;992;j
RS;sptinc992j;p30p100;2015;0.9637;992;j
RS;sptinc992j;p30p100;2016;0.9637;992;j
RS;sptinc992j;p30p100;2017;0.96380001;992;j
RS;sptinc992j;p39p100;1990;0.86479998;992;j
RS;sptinc992j;p39p100;1991;0.86500001;992;j
RS;sptinc992j;p39p100;1992;0.86519998;992;j
RS;sptinc992j;p39p100;1993;0.8653;992;j
RS;sptinc992j;p39p100;1994;0.86549997;992;j
RS;sptinc992j;p39p100;1995;0.86570001;992;j
RS;sptinc992j;p39p100;1996;0.86580002;992;j
RS;sptinc992j;p39p100;1997;0.86589998;992;j
RS;sptinc992j;p39p100;1998;0.86250001;992;j
RS;sptinc992j;p39p100;1999;0.86260003;992;j
RS;sptinc992j;p39p100;2000;0.86479998;992;j
RS;sptinc992j;p39p100;2001;0.86500001;992;j
RS;sptinc992j;p39p100;2002;0.87309998;992;j
RS;sptinc992j;p39p100;2003;0.87639999;992;j
RS;sptinc992j;p39p100;2004;0.88260001;992;j
RS;sptinc992j;p39p100;2005;0.88810003;992;j
RS;sptinc992j;p39p100;2006;0.89450002;992;j
RS;sptinc992j;p39p100;2007;0.89740002;992;j
RS;sptinc992j;p39p100;2008;0.90350002;992;j
RS;sptinc992j;p39p100;2009;0.90789998;992;j
RS;sptinc992j;p39p100;2010;0.91299999;992;j
RS;sptinc992j;p39p100;2011;0.92049998;992;j
RS;sptinc992j;p39p100;2012;0.92290002;992;j
RS;sptinc992j;p39p100;2013;0.92430001;992;j
RS;sptinc992j;p39p100;2014;0.92729998;992;j
RS;sptinc992j;p39p100;2015;0.92330003;992;j
RS;sptinc992j;p39p100;2016;0.92330003;992;j
RS;sptinc992j;p39p100;2017;0.92339998;992;j
RS;sptinc992j;p44p45;1990;0.0073000002;992;j
RS;sptinc992j;p44p45;1991;0.0073000002;992;j
RS;sptinc992j;p44p45;1992;0.0073000002;992;j
RS;sptinc992j;p44p45;1993;0.0071999999;992;j
RS;sptinc992j;p44p45;1994;0.0071999999;992;j
RS;sptinc992j;p44p45;1995;0.0071;992;j
RS;sptinc992j;p44p45;1996;0.0071;992;j
RS;sptinc992j;p44p45;1997;0.0070000002;992;j
RS;sptinc992j;p44p45;1998;0.0068999999;992;j
RS;sptinc992j;p44p45;1999;0.0068999999;992;j
RS;sptinc992j;p44p45;2000;0.0068000001;992;j
RS;sptinc992j;p44p45;2001;0.0068000001;992;j
RS;sptinc992j;p44p45;2002;0.0066999998;992;j
RS;sptinc992j;p44p45;2003;0.0066999998;992;j
RS;sptinc992j;p44p45;2004;0.0066;992;j
RS;sptinc992j;p44p45;2005;0.0065000001;992;j
RS;sptinc992j;p44p45;2006;0.0063999998;992;j
RS;sptinc992j;p44p45;2007;0.0065000001;992;j
RS;sptinc992j;p44p45;2008;0.0063999998;992;j
RS;sptinc992j;p44p45;2009;0.0063999998;992;j
RS;sptinc992j;p44p45;2010;0.0062000002;992;j
RS;sptinc992j;p44p45;2011;0.0060999999;992;j
RS;sptinc992j;p44p45;2012;0.0060000001;992;j
RS;sptinc992j;p44p45;2013;0.0062000002;992;j
RS;sptinc992j;p44p45;2014;0.0060000001;992;j
RS;sptinc992j;p44p45;2015;0.0060999999;992;j
RS;sptinc992j;p44p45;2016;0.0060999999;992;j
RS;sptinc992j;p44p45;2017;0.0060999999;992;j
RS;sptinc992j;p59p60;1990;0.0096000005;992;j
RS;sptinc992j;p59p60;1991;0.0094999997;992;j
RS;sptinc992j;p59p60;1992;0.0094999997;992;j
RS;sptinc992j;p59p60;1993;0.0094999997;992;j
RS;sptinc992j;p59p60;1994;0.0093999999;992;j
RS;sptinc992j;p59p60;1995;0.0093999999;992;j
RS;sptinc992j;p59p60;1996;0.0093;992;j
RS;sptinc992j;p59p60;1997;0.0093;992;j
RS;sptinc992j;p59p60;1998;0.0093;992;j
RS;sptinc992j;p59p60;1999;0.0092000002;992;j
RS;sptinc992j;p59p60;2000;0.0091000004;992;j
RS;sptinc992j;p59p60;2001;0.0089999996;992;j
RS;sptinc992j;p59p60;2002;0.0089999996;992;j
RS;sptinc992j;p59p60;2003;0.0089999996;992;j
RS;sptinc992j;p59p60;2004;0.0088999998;992;j
RS;sptinc992j;p59p60;2005;0.0088;992;j
RS;sptinc992j;p59p60;2006;0.0088;992;j
RS;sptinc992j;p59p60;2007;0.0088999998;992;j
RS;sptinc992j;p59p60;2008;0.0089999996;992;j
RS;sptinc992j;p59p60;2009;0.0088999998;992;j
RS;sptinc992j;p59p60;2010;0.0088;992;j
RS;sptinc992j;p59p60;2011;0.0087000001;992;j
RS;sptinc992j;p59p60;2012;0.0087000001;992;j
RS;sptinc992j;p59p60;2013;0.0088999998;992;j
RS;sptinc992j;p59p60;2014;0.0087000001;992;j
RS;sptinc992j;p59p60;2015;0.0088;992;j
RS;sptinc992j;p59p60;2016;0.0088;992;j
RS;sptinc992j;p59p60;2017;0.0088;992;j
RS;sptinc992j;p99.9p100;1990;0.027000001;992;j
RS;sptinc992j;p99.9p100;1991;0.027799999;992;j
RS;sptinc992j;p99.9p100;1992;0.0284;992;j
RS;sptinc992j;p99.9p100;1993;0.029200001;992;j
RS;sptinc992j;p99.9p100;1994;0.0297;992;j
RS;sptinc992j;p99.9p100;1995;0.0306;992;j
RS;sptinc992j;p99.9p100;1996;0.031199999;992;j
RS;sptinc992j;p99.9p100;1997;0.0319;992;j
RS;sptinc992j;p99.9p100;1998;0.0317;992;j
RS;sptinc992j;p99.9p100;1999;0.034000002;992;j
RS;sptinc992j;p99.9p100;2000;0.036400001;992;j
RS;sptinc992j;p99.9p100;2001;0.039000001;992;j
RS;sptinc992j;p99.9p100;2002;0.0383;992;j
RS;sptinc992j;p99.9p100;2003;0.037500001;992;j
RS;sptinc992j;p99.9p100;2004;0.038699999;992;j
RS;sptinc992j;p99.9p100;2005;0.037799999;992;j
RS;sptinc992j;p99.9p100;2006;0.038199998;992;j
RS;sptinc992j;p99.9p100;2007;0.035399999;992;j
RS;sptinc992j;p99.9p100;2008;0.036200002;992;j
RS;sptinc992j;p99.9p100;2009;0.035799999;992;j
RS;sptinc992j;p99.9p100;2010;0.035599999;992;j
RS;sptinc992j;p99.9p100;2011;0.0374;992;j
RS;sptinc992j;p99.9p100;2012;0.031199999;992;j
RS;sptinc992j;p99.9p100;2013;0.033;992;j
RS;sptinc992j;p99.9p100;2014;0.047699999;992;j
RS;sptinc992j;p99.9p100;2015;0.0462;992;j
RS;sptinc992j;p99.9p100;2016;0.0462;992;j
RS;sptinc992j;p99.9p100;2017;0.046300001;992;j
RS;tcainc992j;p0p1;1990;37965.398;992;j
RS;tcainc992j;p0p1;1991;27859.801;992;j
RS;tcainc992j;p0p1;1992;15655.3;992;j
RS;tcainc992j;p0p1;1993;7957.3999;992;j
RS;tcainc992j;p0p1;1994;5954.7002;992;j
RS;tcainc992j;p0p1;1995;4193.8999;992;j
RS;tcainc992j;p0p1;1996;1911.9;992;j
RS;tcainc992j;p0p1;1997;-496.79999;992;j
RS;tcainc992j;p0p1;1998;222.39999;992;j
RS;tcainc992j;p0p1;1999;1129.6;992;j
RS;tcainc992j;p0p1;2000;-2923.2;992;j
RS;tcainc992j;p0p1;2001;-3174.1001;992;j
RS;tcainc992j;p0p1;2002;-5736.1001;992;j
RS;tcainc992j;p0p1;2003;1330.5;992;j
RS;tcainc992j;p0p1;2004;2321.3;992;j
RS;tcainc992j;p0p1;2005;2283.8999;992;j
RS;tcainc992j;p0p1;2006;4287.3999;992;j
RS;tcainc992j;p0p1;2007;-13152510.0;992;j
RS;tcainc992j;p0p1;2008;-21086188.0;992;j
RS;tcainc992j;p0p1;2009;9980.7002;992;j
RS;tcainc992j;p0p1;2010;10054.0;992;j
RS;tcainc992j;p0p1;2011;9045.0996;992;j
RS;tcainc992j;p0p1;2012;6743.1001;992;j
RS;tcainc992j;p0p1;2013;-14144.5;992;j
RS;tcainc992j;p0p1;2014;21598.1;992;j
RS;tcainc992j;p0p1;2015;12758.3;992;j
RS;tcainc992j;p0p1;2016;12006.7;992;j
RS;tcainc992j;p0p1;2017;10735.9;992;j
RS;tcainc992j;p33p34;1990;306408.09;992;j
RS;tcainc992j;p33p34;1991;267558.81;992;j
RS;tcainc992j;p33p34;1992;184294.59;992;j
RS;tcainc992j;p33p34;1993;120131.9;992;j
RS;tcainc992j;p33p34;1994;124303.1;992;j
RS;tcainc992j;p33p34;1995;131993.2;992;j
RS;tcainc992j;p33p34;1996;133977.8;992;j
RS;tcainc992j;p33p34;1997;142335.8;992;j
RS;tcainc992j;p33p34;1998;153274.3;992;j
RS;tcainc992j;p33p34;1999;175301.8;992;j
RS;tcainc992j;p33p34;2000;188304.09;992;j
RS;tcainc992j;p33p34;2001;182603.91;992;j
RS;tcainc992j;p33p34;2002;187923.5;992;j
RS;tcainc992j;p33p34;2003;196540.09;992;j
RS;tcainc992j;p33p34;2004;230283.91;992;j
RS;tcainc992j;p33p34;2005;256493.59;992;j
RS;tcainc992j;p33p34;2006;263480.81;992;j
RS;tcainc992j;p33p34;2007;260966.91;992;j
RS;tcainc992j;p33p34;2008;275194.0;992;j
RS;tcainc992j;p33p34;2009;264836.09;992;j
RS;tcainc992j;p33p34;2010;256331.0;992;j
RS;tcainc992j;p33p34;2011;247447.59;992;j
RS;tcainc992j;p33p34;2012;241313.09;992;j
RS;tcainc992j;p33p34;2013;234687.8;992;j
RS;tcainc992j;p33p34;2014;235350.41;992;j
RS;tcainc992j;p33p34;2015;227641.09;992;j
RS;tcainc992j;p33p34;2016;236126.8;992;j
RS;tcainc992j;p33p34;2017;236285.41;992;j
RS;tcainc992j;p44p100;1990;384643.81;992;j
RS;tcainc992j;p44p100;1991;335578.59;992;j
RS;tcainc992j;p44p100;1992;230721.41;992;j
RS;tcainc992j;p44p100;1993;149742.0;992;j
RS;tcainc992j;p44p100;1994;154582.59;992;j
RS;tcainc992j;p44p100;1995;163592.3;992;j
RS;tcainc992j;p44p100;1996;165458.7;992;j
RS;tcainc992j;p44p100;1997;175355.3;992;j
RS;tcainc992j;p44p100;1998;187118.7;992;j
RS;tcainc992j;p44p100;1999;212916.59;992;j
RS;tcainc992j;p44p100;2000;229334.91;992;j
RS;tcainc992j;p44p100;2001;221949.7;992;j
RS;tcainc992j;p44p100;2002;230351.41;992;j
RS;tcainc992j;p44p100;2003;241258.3;992;j
RS;tcainc992j;p44p100;2004;285681.91;992;j
RS;tcainc992j;p44p100;2005;318243.09;992;j
RS;tcainc992j;p44p100;2006;332413.59;992;j
RS;tcainc992j;p44p100;2007;330592.31;992;j
RS;tcainc992j;p44p100;2008;349970.5;992;j
RS;tcainc992j;p44p100;2009;343401.81;992;j
RS;tcainc992j;p44p100;2010;335253.41;992;j
RS;tcainc992j;p44p100;2011;331082.31;992;j
RS;tcainc992j;p44p100;2012;326259.19;992;j
RS;tcainc992j;p44p100;2013;333700.91;992;j
RS;tcainc992j;p44p100;2014;323461.81;992;j
RS;tcainc992j;p44p100;2015;319066.5;992;j
RS;tcainc992j;p44p100;2016;330936.0;992;j
RS;tcainc992j;p44p100;2017;330964.31;992;j
RS;tcainc992j;p70p80;1990;606857.31;992;j
RS;tcainc992j;p70p80;1991;528262.13;992;j
RS;tcainc992j;p70p80;1992;361077.19;992;j
RS;tcainc992j;p70p80;1993;233876.5;992;j
RS;tcainc992j;p70p80;1994;240492.09;992;j
RS;tcainc992j;p70p80;1995;253520.8;992;j
RS;tcainc992j;p70p80;1996;255728.5;992;j
RS;tcainc992j;p70p80;1997;269950.81;992;j
RS;tcainc992j;p70p80;1998;293798.41;992;j
RS;tcainc992j;p70p80;1999;329875.09;992;j
RS;tcainc992j;p70p80;2000;354048.19;992;j
RS;tcainc992j;p70p80;2001;341539.0;992;j
RS;tcainc992j;p70p80;2002;359407.59;992;j
RS;tcainc992j;p70p80;2003;380320.41;992;j
RS;tcainc992j;p70p80;2004;456562.69;992;j
RS;tcainc992j;p70p80;2005;517173.59;992;j
RS;tcainc992j;p70p80;2006;545353.81;992;j
RS;tcainc992j;p70p80;2007;549500.0;992;j
RS;tcainc992j;p70p80;2008;593200.0;992;j
RS;tcainc992j;p70p80;2009;580036.81;992;j
RS;tcainc992j;p70p80;2010;583884.88;992;j
RS;tcainc992j;p70p80;2011;587873.38;992;j
RS;tcainc992j;p70p80;2012;583942.81;992;j
RS;tcainc992j;p70p80;2013;613878.38;992;j
RS;tcainc992j;p70p80;2014;575535.19;992;j
RS;tcainc992j;p70p80;2015;558723.31;992;j
RS;tcainc992j;p70p80;2016;579297.88;992;j
RS;tcainc992j;p70p80;2017;579742.63;992;j
RS;tcainc992j;p83p100;1990;780052.31;992;j
RS;tcainc992j;p83p100;1991;673643.5;992;j
RS;tcainc992j;p83p100;1992;458999.31;992;j
RS;tcainc992j;p83p100;1993;296038.0;992;j
RS;tcainc992j;p83p100;1994;303363.41;992;j
RS;tcainc992j;p83p100;1995;318539.5;992;j
RS;tcainc992j;p83p100;1996;319713.91;992;j
RS;tcainc992j;p83p100;1997;335773.5;992;j
RS;tcainc992j;p83p100;1998;362781.19;992;j
RS;tcainc992j;p83p100;1999;410069.19;992;j
RS;tcainc992j;p83p100;2000;440123.69;992;j
RS;tcainc992j;p83p100;2001;425120.19;992;j
RS;tcainc992j;p83p100;2002;452805.19;992;j
RS;tcainc992j;p83p100;2003;480010.59;992;j
RS;tcainc992j;p83p100;2004;583484.13;992;j
RS;tcainc992j;p83p100;2005;666573.13;992;j
RS;tcainc992j;p83p100;2006;707744.81;992;j
RS;tcainc992j;p83p100;2007;718305.13;992;j
RS;tcainc992j;p83p100;2008;778535.63;992;j
RS;tcainc992j;p83p100;2009;772314.38;992;j
RS;tcainc992j;p83p100;2010;784473.38;992;j
RS;tcainc992j;p83p100;2011;802170.0;992;j
RS;tcainc992j;p83p100;2012;795682.5;992;j
RS;tcainc992j;p83p100;2013;838066.13;992;j
RS;tcainc992j;p83p100;2014;762969.38;992;j
RS;tcainc992j;p83p100;2015;750570.5;992;j
RS;tcainc992j;p83p100;2016;778355.63;992;j
RS;tcainc992j;p83p100;2017;778884.38;992;j
RS;tcainc992j;p92p100;1990;974233.31;992;j
RS;tcainc992j;p92p100;1991;845139.63;992;j
RS;tcainc992j;p92p100;1992;578226.38;992;j
RS;tcainc992j;p92p100;1993;373886.59;992;j
RS;tcainc992j;p92p100;1994;384093.19;992;j
RS;tcainc992j;p92p100;1995;404262.09;992;j
RS;tcainc992j;p92p100;1996;406619.09;992;j
RS;tcainc992j;p92p100;1997;428062.19;992;j
RS;tcainc992j;p92p100;1998;470651.0;992;j
RS;tcainc992j;p92p100;1999;534324.38;992;j
RS;tcainc992j;p92p100;2000;578433.31;992;j
RS;tcainc992j;p92p100;2001;562579.63;992;j
RS;tcainc992j;p92p100;2002;597435.31;992;j
RS;tcainc992j;p92p100;2003;639699.0;992;j
RS;tcainc992j;p92p100;2004;784928.38;992;j
RS;tcainc992j;p92p100;2005;906774.13;992;j
RS;tcainc992j;p92p100;2006;972150.0;992;j
RS;tcainc992j;p92p100;2007;982473.38;992;j
RS;tcainc992j;p92p100;2008;1063229.8;992;j
RS;tcainc992j;p92p100;2009;1052179.3;992;j
RS;tcainc992j;p92p100;2010;1087387.4;992;j
RS;tcainc992j;p92p100;2011;1123126.5;992;j
RS;tcainc992j;p92p100;2012;1084408.6;992;j
RS;tcainc992j;p92p100;2013;1129507.6;992;j
RS;tcainc992j;p92p100;2014;1041069.3;992;j
RS;tcainc992j;p92p100;2015;1029006.4;992;j
RS;tcainc992j;p92p100;2016;1067254.3;992;j
RS;tcainc992j;p92p100;2017;1068332.4;992;j
RS;tdiinc992j;p54p100;1990;661354.13;992;j
RS;tdiinc992j;p54p100;1991;575332.5;992;j
RS;tdiinc992j;p54p100;1992;394554.81;992;j
RS;tdiinc992j;p54p100;1993;255926.0;992;j
RS;tdiinc992j;p54p100;1994;263529.41;992;j
RS;tdiinc992j;p54p100;1995;277985.09;992;j
RS;tdiinc992j;p54p100;1996;280658.09;992;j
RS;tdiinc992j;p54p100;1997;298092.81;992;j
RS;tdiinc992j;p54p100;1998;310277.81;992;j
RS;tdiinc992j;p54p100;1999;335680.81;992;j
RS;tdiinc992j;p54p100;2000;366906.81;992;j
RS;tdiinc992j;p54p100;2001;364895.5;992;j
RS;tdiinc992j;p54p100;2002;391520.59;992;j
RS;tdiinc992j;p54p100;2003;409465.81;992;j
RS;tdiinc992j;p54p100;2004;457784.31;992;j
RS;tdiinc992j;p54p100;2005;504899.59;992;j
RS;tdiinc992j;p54p100;2006;529607.81;992;j
RS;tdiinc992j;p54p100;2007;550157.88;992;j
RS;tdiinc992j;p54p100;2008;581813.13;992;j
RS;tdiinc992j;p54p100;2009;566223.38;992;j
RS;tdiinc992j;p54p100;2010;561103.69;992;j
RS;tdiinc992j;p54p100;2011;557635.0;992;j
RS;tdiinc992j;p54p100;2012;554372.13;992;j
RS;tdiinc992j;p54p100;2013;564120.31;992;j
RS;tdiinc992j;p54p100;2014;543799.19;992;j
RS;tdiinc992j;p54p100;2015;538092.31;992;j
RS;tdiinc992j;p54p100;2016;552650.38;992;j
RS;tdiinc992j;p54p100;2017;555638.5;992;j
RS;tdiinc992j;p67p68;1990;818727.81;992;j
RS;tdiinc992j;p67p68;1991;710994.31;992;j
RS;tdiinc992j;p67p68;1992;486090.91;992;j
RS;tdiinc992j;p67p68;1993;314559.5;992;j
RS;tdiinc992j;p67p68;1994;322846.5;992;j
RS;tdiinc992j;p67p68;1995;339872.41;992;j
RS;tdiinc992j;p67p68;1996;342362.81;992;j
RS;tdiinc992j;p67p68;1997;362426.59;992;j
RS;tdiinc992j;p67p68;1998;379901.09;992;j
RS;tdiinc992j;p67p68;1999;412316.5;992;j
RS;tdiinc992j;p67p68;2000;446221.81;992;j
RS;tdiinc992j;p67p68;2001;443763.09;992;j
RS;tdiinc992j;p67p68;2002;481530.19;992;j
RS;tdiinc992j;p67p68;2003;505683.59;992;j
RS;tdiinc992j;p67p68;2004;571249.81;992;j
RS;tdiinc992j;p67p68;2005;631117.63;992;j
RS;tdiinc992j;p67p68;2006;667357.69;992;j
RS;tdiinc992j;p67p68;2007;693317.63;992;j
RS;tdiinc992j;p67p68;2008;741521.13;992;j
RS;tdiinc992j;p67p68;2009;722565.31;992;j
RS;tdiinc992j;p67p68;2010;721375.63;992;j
RS;tdiinc992j;p67p68;2011;722043.88;992;j
RS;tdiinc992j;p67p68;2012;716520.13;992;j
RS;tdiinc992j;p67p68;2013;749306.63;992;j
RS;tdiinc992j;p67p68;2014;706468.69;992;j
RS;tdiinc992j;p67p68;2015;687032.38;992;j
RS;tdiinc992j;p67p68;2016;708142.0;992;j
RS;tdiinc992j;p67p68;2017;712398.5;992;j
RS;tdiinc992j;p99.93p100;1990;9970824.0;992;j
RS;tdiinc992j;p99.93p100;1991;8463971.0;992;j
RS;tdiinc992j;p99.93p100;1992;5651975.5;992;j
RS;tdiinc992j;p99.93p100;1993;3620359.8;992;j
RS;tdiinc992j;p99.93p100;1994;3691360.0;992;j
RS;tdiinc992j;p99.93p100;1995;3864677.8;992;j
RS;tdiinc992j;p99.93p100;1996;3821956.3;992;j
RS;tdiinc992j;p99.93p100;1997;3964360.0;992;j
RS;tdiinc992j;p99.93p100;1998;4364890.5;992;j
RS;tdiinc992j;p99.93p100;1999;5281736.0;992;j
RS;tdiinc992j;p99.93p100;2000;6151036.5;992;j
RS;tdiinc992j;p99.93p100;2001;6545795.0;992;j
RS;tdiinc992j;p99.93p100;2002;7032752.5;992;j
RS;tdiinc992j;p99.93p100;2003;7304798.0;992;j
RS;tdiinc992j;p99.93p100;2004;8334613.5;992;j
RS;tdiinc992j;p99.93p100;2005;9706463.0;992;j
RS;tdiinc992j;p99.93p100;2006;10255917.0;992;j
RS;tdiinc992j;p99.93p100;2007;9947844.0;992;j
RS;tdiinc992j;p99.93p100;2008;10247433.0;992;j
RS;tdiinc992j;p99.93p100;2009;10985987.0;992;j
RS;tdiinc992j;p99.93p100;2010;11101440.0;992;j
RS;tdiinc992j;p99.93p100;2011;11326477.0;992;j
RS;tdiinc992j;p99.93p100;2012;13311123.0;992;j
RS;tdiinc992j;p99.93p100;2013;12230202.0;992;j
RS;tdiinc992j;p99.93p100;2014;14786038.0;992;j
RS;tdiinc992j;p99.93p100;2015;18275232.0;992;j
RS;tdiinc992j;p99.93p100;2016;19076080.0;992;j
RS;tdiinc992j;p99.93p100;2017;19226560.0;992;j
RS;tptinc992j;p37p100;1990;459656.09;992;j
RS;tptinc992j;p37p100;1991;397215.0;992;j
RS;tptinc992j;p37p100;1992;270483.91;992;j
RS;tptinc992j;p37p100;1993;174460.91;992;j
RS;tptinc992j;p37p100;1994;178963.0;992;j
RS;tptinc992j;p37p100;1995;187770.7;992;j
RS;tptinc992j;p37p100;1996;188670.09;992;j
RS;tptinc992j;p37p100;1997;199447.41;992;j
RS;tptinc992j;p37p100;1998;204660.0;992;j
RS;tptinc992j;p37p100;1999;224253.59;992;j
RS;tptinc992j;p37p100;2000;243477.59;992;j
RS;tptinc992j;p37p100;2001;241825.09;992;j
RS;tptinc992j;p37p100;2002;257988.5;992;j
RS;tptinc992j;p37p100;2003;269063.31;992;j
RS;tptinc992j;p37p100;2004;296679.69;992;j
RS;tptinc992j;p37p100;2005;322406.69;992;j
RS;tptinc992j;p37p100;2006;336714.19;992;j
RS;tptinc992j;p37p100;2007;350227.91;992;j
RS;tptinc992j;p37p100;2008;364601.41;992;j
RS;tptinc992j;p37p100;2009;353634.81;992;j
RS;tptinc992j;p37p100;2010;342727.69;992;j
RS;tptinc992j;p37p100;2011;330177.59;992;j
RS;tptinc992j;p37p100;2012;328882.09;992;j
RS;tptinc992j;p37p100;2013;340523.91;992;j
RS;tptinc992j;p37p100;2014;318834.0;992;j
RS;tptinc992j;p37p100;2015;336546.91;992;j
RS;tptinc992j;p37p100;2016;346970.81;992;j
RS;tptinc992j;p37p100;2017;348791.59;992;j
RS;tptinc992j;p99.8p100;1990;6854014.0;992;j
RS;tptinc992j;p99.8p100;1991;6041920.5;992;j
RS;tptinc992j;p99.8p100;1992;4198733.5;992;j
RS;tptinc992j;p99.8p100;1993;2763657.0;992;j
RS;tptinc992j;p99.8p100;1994;2890824.0;992;j
RS;tptinc992j;p99.8p100;1995;3099095.8;992;j
RS;tptinc992j;p99.8p100;1996;3151843.0;992;j
RS;tptinc992j;p99.8p100;1997;3369879.3;992;j
RS;tptinc992j;p99.8p100;1998;3584680.3;992;j
RS;tptinc992j;p99.8p100;1999;4063018.5;992;j
RS;tptinc992j;p99.8p100;2000;4725792.0;992;j
RS;tptinc992j;p99.8p100;2001;4870080.0;992;j
RS;tptinc992j;p99.8p100;2002;5310424.0;992;j
RS;tptinc992j;p99.8p100;2003;5568171.5;992;j
RS;tptinc992j;p99.8p100;2004;6467513.5;992;j
RS;tptinc992j;p99.8p100;2005;7289831.0;992;j
RS;tptinc992j;p99.8p100;2006;7782256.0;992;j
RS;tptinc992j;p99.8p100;2007;7647876.5;992;j
RS;tptinc992j;p99.8p100;2008;8247579.0;992;j
RS;tptinc992j;p99.8p100;2009;8155000.0;992;j
RS;tptinc992j;p99.8p100;2010;8463423.0;992;j
RS;tptinc992j;p99.8p100;2011;8788376.0;992;j
RS;tptinc992j;p99.8p100;2012;8393927.0;992;j
RS;tptinc992j;p99.8p100;2013;8585418.0;992;j
RS;tptinc992j;p99.8p100;2014;9589326.0;992;j
RS;tptinc992j;p99.8p100;2015;9327052.0;992;j
RS;tptinc992j;p99.8p100;2016;9625111.0;992;j
RS;tptinc992j;p99.8p100;2017;9697770.0;992;j
RS;tptinc992j;p99.99p100;1990;31244882.0;992;j
RS;tptinc992j;p99.99p100;1991;27970124.0;992;j
RS;tptinc992j;p99.99p100;1992;19562340.0;992;j
RS;tptinc992j;p99.99p100;1993;13065652.0;992;j
RS;tptinc992j;p99.99p100;1994;13712650.0;992;j
RS;tptinc992j;p99.99p100;1995;14895244.0;992;j
RS;tptinc992j;p99.99p100;1996;15324935.0;992;j
RS;tptinc992j;p99.99p100;1997;16597535.0;992;j
RS;tptinc992j;p99.99p100;1998;17342472.0;992;j
RS;tptinc992j;p99.99p100;1999;20390690.0;992;j
RS;tptinc992j;p99.99p100;2000;24065196.0;992;j
RS;tptinc992j;p99.99p100;2001;25725224.0;992;j
RS;tptinc992j;p99.99p100;2002;27213774.0;992;j
RS;tptinc992j;p99.99p100;2003;27995884.0;992;j
RS;tptinc992j;p99.99p100;2004;32506690.0;992;j
RS;tptinc992j;p99.99p100;2005;35336312.0;992;j
RS;tptinc992j;p99.99p100;2006;37756668.0;992;j
RS;tptinc992j;p99.99p100;2007;35951412.0;992;j
RS;tptinc992j;p99.99p100;2008;39163808.0;992;j
RS;tptinc992j;p99.99p100;2009;38111024.0;992;j
RS;tptinc992j;p99.99p100;2010;37805752.0;992;j
RS;tptinc992j;p99.99p100;2011;40001464.0;992;j
RS;tptinc992j;p99.99p100;2012;32673484.0;992;j
RS;tptinc992j;p99.99p100;2013;35794680.0;992;j
RS;tptinc992j;p99.99p100;2014;51436016.0;992;j
RS;tptinc992j;p99.99p100;2015;50055264.0;992;j
RS;tptinc992j;p99.99p100;2016;51658548.0;992;j
RS;tptinc992j;p99.99p100;2017;52027716.0;992;j
RS;tptinc992j;p9p10;1990;136022.0;992;j
RS;tptinc992j;p9p10;1991;119598.5;992;j
RS;tptinc992j;p9p10;1992;82667.203;992;j
RS;tptinc992j;p9p10;1993;54372.602;992;j
RS;tptinc992j;p9p10;1994;56375.602;992;j
RS;tptinc992j;p9p10;1995;60108.0;992;j
RS;tptinc992j;p9p10;1996;61542.699;992;j
RS;tptinc992j;p9p10;1997;66348.898;992;j
RS;tptinc992j;p9p10;1998;78474.5;992;j
RS;tptinc992j;p9p10;1999;87272.0;992;j
RS;tptinc992j;p9p10;2000;94052.102;992;j
RS;tptinc992j;p9p10;2001;95326.203;992;j
RS;tptinc992j;p9p10;2002;85557.602;992;j
RS;tptinc992j;p9p10;2003;81266.703;992;j
RS;tptinc992j;p9p10;2004;82196.203;992;j
RS;tptinc992j;p9p10;2005;85216.5;992;j
RS;tptinc992j;p9p10;2006;78906.797;992;j
RS;tptinc992j;p9p10;2007;69326.297;992;j
RS;tptinc992j;p9p10;2008;60326.199;992;j
RS;tptinc992j;p9p10;2009;52545.102;992;j
RS;tptinc992j;p9p10;2010;46396.602;992;j
RS;tptinc992j;p9p10;2011;38076.199;992;j
RS;tptinc992j;p9p10;2012;35684.801;992;j
RS;tptinc992j;p9p10;2013;31206.199;992;j
RS;tptinc992j;p9p10;2014;30878.0;992;j
RS;tptinc992j;p9p10;2015;31794.301;992;j
RS;tptinc992j;p9p10;2016;32858.699;992;j
RS;tptinc992j;p9p10;2017;32715.4;992;j
RS;xlcusp999i;p0p100;1990;0.0;999;i
RS;xlcusp999i;p0p100;1991;0.0;999;i
RS;xlcusp999i;p0p100;1992;4e-10;999;i
RS;xlcusp999i;p0p100;1993;0.8755489;999;i
RS;xlcusp999i;p0p100;1994;0.88245642;999;i
RS;xlcusp999i;p0p100;1995;1.5004758;999;i
RS;xlcusp999i;p0p100;1996;2.7228124;999;i
RS;xlcusp999i;p0p100;1997;3.1624563;999;i
RS;xlcusp999i;p0p100;1998;3.9152906;999;i
RS;xlcusp999i;p0p100;1999;5.1354098;999;i
RS;xlcusp999i;p0p100;2000;8.9595928;999;i
RS;xlcusp999i;p0p100;2001;16.540016;999;i
RS;xlcusp999i;p0p100;2002;19.183531;999;i
RS;xlcusp999i;p0p100;2003;21.132524;999;i
RS;xlcusp999i;p0p100;2004;22.425459;999;i
RS;xlcusp999i;p0p100;2005;25.137251;999;i
RS;xlcusp999i;p0p100;2006;27.42955;999;i
RS;xlcusp999i;p0p100;2007;29.020123;999;i
RS;xlcusp999i;p0p100;2008;31.029648;999;i
RS;xlcusp999i;p0p100;2009;33.095909;999;i
RS;xlcusp999i;p0p100;2010;34.440548;999;i
RS;xlcusp999i;p0p100;2011;36.715;999;i
RS;xlcusp999i;p0p100;2012;38.262634;999;i
RS;xlcusp999i;p0p100;2013;39.579773;999;i
RS;xlcusp999i;p0p100;2014;39.913937;999;i
RS;xlcusp999i;p0p100;2015;40.200409;999;i
RS;xlcusp999i;p0p100;2016;40.347359;999;i
RS;xlcusp999i;p0p100;2017;40.799999;999;i
RS;xlcusp999i;p0p100;2018;40.675556;999;i
RS;xlcusp999i;p0p100;2019;40.69038;999;i
RS;acainc992j;p52p100;1990;816245.38;992;j
RS;acainc992j;p52p100;1991;706695.81;992;j
RS;acainc992j;p52p100;1992;482520.81;992;j
RS;acainc992j;p52p100;1993;312079.31;992;j
RS;acainc992j;p52p100;1994;320537.19;992;j
RS;acainc992j;p52p100;1995;337409.81;992;j
RS;acainc992j;p52p100;1996;339030.31;992;j
RS;acainc992j;p52p100;1997;356566.0;992;j
RS;acainc992j;p52p100;1998;390656.41;992;j
RS;acainc992j;p52p100;1999;446403.41;992;j
RS;acainc992j;p52p100;2000;486307.91;992;j
RS;acainc992j;p52p100;2001;474974.09;992;j
RS;acainc992j;p52p100;2002;503428.5;992;j
RS;acainc992j;p52p100;2003;532798.31;992;j
RS;acainc992j;p52p100;2004;645303.88;992;j
RS;acainc992j;p52p100;2005;740278.5;992;j
RS;acainc992j;p52p100;2006;789285.19;992;j
RS;acainc992j;p52p100;2007;791701.38;992;j
RS;acainc992j;p52p100;2008;852590.69;992;j
RS;acainc992j;p52p100;2009;848488.19;992;j
RS;acainc992j;p52p100;2010;863363.38;992;j
RS;acainc992j;p52p100;2011;882067.88;992;j
RS;acainc992j;p52p100;2012;884700.31;992;j
RS;acainc992j;p52p100;2013;909027.0;992;j
RS;acainc992j;p52p100;2014;871843.13;992;j
RS;acainc992j;p52p100;2015;897573.5;992;j
RS;acainc992j;p52p100;2016;930806.88;992;j
RS;acainc992j;p52p100;2017;931766.31;992;j
RS;acainc992j;p63p64;1990;542785.13;992;j
RS;acainc992j;p63p64;1991;471668.09;992;j
RS;acainc992j;p63p64;1992;323003.69;992;j
RS;acainc992j;p63p64;1993;209159.0;992;j
RS;acainc992j;p63p64;1994;215299.0;992;j
RS;acainc992j;p63p64;1995;226943.59;992;j
RS;acainc992j;p63p64;1996;228743.8;992;j
RS;acainc992j;p63p64;1997;241385.3;992;j
RS;acainc992j;p63p64;1998;263276.41;992;j
RS;acainc992j;p63p64;1999;297999.41;992;j
RS;acainc992j;p63p64;2000;318284.41;992;j
RS;acainc992j;p63p64;2001;308849.41;992;j
RS;acainc992j;p63p64;2002;324013.19;992;j
RS;acainc992j;p63p64;2003;341948.41;992;j
RS;acainc992j;p63p64;2004;407660.81;992;j
RS;acainc992j;p63p64;2005;459574.59;992;j
RS;acainc992j;p63p64;2006;485157.19;992;j
RS;acainc992j;p63p64;2007;486950.31;992;j
RS;acainc992j;p63p64;2008;521472.5;992;j
RS;acainc992j;p63p64;2009;512038.91;992;j
RS;acainc992j;p63p64;2010;510277.09;992;j
RS;acainc992j;p63p64;2011;512595.91;992;j
RS;acainc992j;p63p64;2012;509820.19;992;j
RS;acainc992j;p63p64;2013;528687.19;992;j
RS;acainc992j;p63p64;2014;505828.59;992;j
RS;acainc992j;p63p64;2015;493793.69;992;j
RS;acainc992j;p63p64;2016;511990.91;992;j
RS;acainc992j;p63p64;2017;512315.91;992;j
RS;acainc992j;p9p10;1990;109671.6;992;j
RS;acainc992j;p9p10;1991;97223.602;992;j
RS;acainc992j;p9p10;1992;67964.5;992;j
RS;acainc992j;p9p10;1993;44784.5;992;j
RS;acainc992j;p9p10;1994;47115.5;992;j
RS;acainc992j;p9p10;1995;51021.102;992;j
RS;acainc992j;p9p10;1996;52562.398;992;j
RS;acainc992j;p9p10;1997;56688.898;992;j
RS;acainc992j;p9p10;1998;69449.203;992;j
RS;acainc992j;p9p10;1999;79837.203;992;j
RS;acainc992j;p9p10;2000;83759.398;992;j
RS;acainc992j;p9p10;2001;80726.398;992;j
RS;acainc992j;p9p10;2002;69588.5;992;j
RS;acainc992j;p9p10;2003;67387.797;992;j
RS;acainc992j;p9p10;2004;66072.703;992;j
RS;acainc992j;p9p10;2005;69978.203;992;j
RS;acainc992j;p9p10;2006;62474.699;992;j
RS;acainc992j;p9p10;2007;53833.0;992;j
RS;acainc992j;p9p10;2008;53600.801;992;j
RS;acainc992j;p9p10;2009;50749.5;992;j
RS;acainc992j;p9p10;2010;42112.301;992;j
RS;acainc992j;p9p10;2011;36053.602;992;j
RS;acainc992j;p9p10;2012;30330.699;992;j
RS;acainc992j;p9p10;2013;48390.102;992;j
RS;acainc992j;p9p10;2014;85165.0;992;j
RS;acainc992j;p9p10;2015;60654.699;992;j
RS;acainc992j;p9p10;2016;63016.398;992;j
RS;acainc992j;p9p10;2017;62941.0;992;j
RS;adiinc992j;p36p37;1990;494319.69;992;j
RS;adiinc992j;p36p37;1991;430611.81;992;j
RS;adiinc992j;p36p37;1992;296012.41;992;j
RS;adiinc992j;p36p37;1993;192469.7;992;j
RS;adiinc992j;p36p37;1994;198872.5;992;j
RS;adiinc992j;p36p37;1995;210513.91;992;j
RS;adiinc992j;p36p37;1996;213247.7;992;j
RS;adiinc992j;p36p37;1997;227326.8;992;j
RS;adiinc992j;p36p37;1998;230990.59;992;j
RS;adiinc992j;p36p37;1999;250584.09;992;j
RS;adiinc992j;p36p37;2000;274421.91;992;j
RS;adiinc992j;p36p37;2001;273692.81;992;j
RS;adiinc992j;p36p37;2002;290781.81;992;j
RS;adiinc992j;p36p37;2003;304729.91;992;j
RS;adiinc992j;p36p37;2004;336092.81;992;j
RS;adiinc992j;p36p37;2005;367288.19;992;j
RS;adiinc992j;p36p37;2006;382390.81;992;j
RS;adiinc992j;p36p37;2007;392778.09;992;j
RS;adiinc992j;p36p37;2008;413290.09;992;j
RS;adiinc992j;p36p37;2009;400299.91;992;j
RS;adiinc992j;p36p37;2010;391533.69;992;j
RS;adiinc992j;p36p37;2011;382289.91;992;j
RS;adiinc992j;p36p37;2012;375038.0;992;j
RS;adiinc992j;p36p37;2013;373216.0;992;j
RS;adiinc992j;p36p37;2014;372776.69;992;j
RS;adiinc992j;p36p37;2015;366546.19;992;j
RS;adiinc992j;p36p37;2016;373712.81;992;j
RS;adiinc992j;p36p37;2017;375370.0;992;j
RS;adiinc992j;p40p100;1990;1018787.4;992;j
RS;adiinc992j;p40p100;1991;883023.69;992;j
RS;adiinc992j;p40p100;1992;603528.5;992;j
RS;adiinc992j;p40p100;1993;390634.59;992;j
RS;adiinc992j;p40p100;1994;401519.5;992;j
RS;adiinc992j;p40p100;1995;422944.09;992;j
RS;adiinc992j;p40p100;1996;425382.0;992;j
RS;adiinc992j;p40p100;1997;449715.91;992;j
RS;adiinc992j;p40p100;1998;472657.59;992;j
RS;adiinc992j;p40p100;1999;519133.09;992;j
RS;adiinc992j;p40p100;2000;571048.5;992;j
RS;adiinc992j;p40p100;2001;570418.38;992;j
RS;adiinc992j;p40p100;2002;619255.38;992;j
RS;adiinc992j;p40p100;2003;652302.81;992;j
RS;adiinc992j;p40p100;2004;742172.88;992;j
RS;adiinc992j;p40p100;2005;831560.5;992;j
RS;adiinc992j;p40p100;2006;884968.88;992;j
RS;adiinc992j;p40p100;2007;914737.31;992;j
RS;adiinc992j;p40p100;2008;977318.38;992;j
RS;adiinc992j;p40p100;2009;964522.88;992;j
RS;adiinc992j;p40p100;2010;975453.69;992;j
RS;adiinc992j;p40p100;2011;988234.63;992;j
RS;adiinc992j;p40p100;2012;987952.63;992;j
RS;adiinc992j;p40p100;2013;1015130.4;992;j
RS;adiinc992j;p40p100;2014;974087.63;992;j
RS;adiinc992j;p40p100;2015;996023.19;992;j
RS;adiinc992j;p40p100;2016;1030936.2;992;j
RS;adiinc992j;p40p100;2017;1037557.7;992;j
RS;adiinc992j;p60p61;1990;734587.38;992;j
RS;adiinc992j;p60p61;1991;637534.5;992;j
RS;adiinc992j;p60p61;1992;436326.31;992;j
RS;adiinc992j;p60p61;1993;282399.91;992;j
RS;adiinc992j;p60p61;1994;290176.0;992;j
RS;adiinc992j;p60p61;1995;305599.0;992;j
RS;adiinc992j;p60p61;1996;307968.5;992;j
RS;adiinc992j;p60p61;1997;326474.59;992;j
RS;adiinc992j;p60p61;1998;342381.31;992;j
RS;adiinc992j;p60p61;1999;371157.5;992;j
RS;adiinc992j;p60p61;2000;402466.31;992;j
RS;adiinc992j;p60p61;2001;398636.91;992;j
RS;adiinc992j;p60p61;2002;430041.0;992;j
RS;adiinc992j;p60p61;2003;451548.91;992;j
RS;adiinc992j;p60p61;2004;506407.0;992;j
RS;adiinc992j;p60p61;2005;560307.81;992;j
RS;adiinc992j;p60p61;2006;590517.63;992;j
RS;adiinc992j;p60p61;2007;614405.0;992;j
RS;adiinc992j;p60p61;2008;653494.69;992;j
RS;adiinc992j;p60p61;2009;636418.69;992;j
RS;adiinc992j;p60p61;2010;630714.0;992;j
RS;adiinc992j;p60p61;2011;628897.0;992;j
RS;adiinc992j;p60p61;2012;624273.88;992;j
RS;adiinc992j;p60p61;2013;645927.13;992;j
RS;adiinc992j;p60p61;2014;623148.81;992;j
RS;adiinc992j;p60p61;2015;606850.38;992;j
RS;adiinc992j;p60p61;2016;624554.88;992;j
RS;adiinc992j;p60p61;2017;628053.5;992;j
RS;adiinc992j;p99.6p99.7;1990;4541049.0;992;j
RS;adiinc992j;p99.6p99.7;1991;3910915.5;992;j
RS;adiinc992j;p99.6p99.7;1992;2663227.0;992;j
RS;adiinc992j;p99.6p99.7;1993;1727990.0;992;j
RS;adiinc992j;p99.6p99.7;1994;1777256.0;992;j
RS;adiinc992j;p99.6p99.7;1995;1874554.1;992;j
RS;adiinc992j;p99.6p99.7;1996;1871730.3;992;j
RS;adiinc992j;p99.6p99.7;1997;1962084.0;992;j
RS;adiinc992j;p99.6p99.7;1998;2130443.0;992;j
RS;adiinc992j;p99.6p99.7;1999;2464565.0;992;j
RS;adiinc992j;p99.6p99.7;2000;2848161.3;992;j
RS;adiinc992j;p99.6p99.7;2001;2934829.8;992;j
RS;adiinc992j;p99.6p99.7;2002;3220697.8;992;j
RS;adiinc992j;p99.6p99.7;2003;3351366.3;992;j
RS;adiinc992j;p99.6p99.7;2004;3824992.5;992;j
RS;adiinc992j;p99.6p99.7;2005;4390349.5;992;j
RS;adiinc992j;p99.6p99.7;2006;4761335.5;992;j
RS;adiinc992j;p99.6p99.7;2007;4781284.5;992;j
RS;adiinc992j;p99.6p99.7;2008;5092577.0;992;j
RS;adiinc992j;p99.6p99.7;2009;5207729.5;992;j
RS;adiinc992j;p99.6p99.7;2010;5365730.5;992;j
RS;adiinc992j;p99.6p99.7;2011;5536387.0;992;j
RS;adiinc992j;p99.6p99.7;2012;5856817.0;992;j
RS;adiinc992j;p99.6p99.7;2013;5754408.5;992;j
RS;adiinc992j;p99.6p99.7;2014;5916146.5;992;j
RS;adiinc992j;p99.6p99.7;2015;6582778.5;992;j
RS;adiinc992j;p99.6p99.7;2016;6864157.0;992;j
RS;adiinc992j;p99.6p99.7;2017;6915021.0;992;j
RS;aptinc992j;p10p20;1990;198942.0;992;j
RS;aptinc992j;p10p20;1991;172554.7;992;j
RS;aptinc992j;p10p20;1992;117998.7;992;j
RS;aptinc992j;p10p20;1993;76362.203;992;j
RS;aptinc992j;p10p20;1994;78471.398;992;j
RS;aptinc992j;p10p20;1995;82633.898;992;j
RS;aptinc992j;p10p20;1996;83230.602;992;j
RS;aptinc992j;p10p20;1997;88091.102;992;j
RS;aptinc992j;p10p20;1998;98939.203;992;j
RS;aptinc992j;p10p20;1999;108420.4;992;j
RS;aptinc992j;p10p20;2000;116925.7;992;j
RS;aptinc992j;p10p20;2001;117345.3;992;j
RS;aptinc992j;p10p20;2002;113604.6;992;j
RS;aptinc992j;p10p20;2003;115273.9;992;j
RS;aptinc992j;p10p20;2004;118386.5;992;j
RS;aptinc992j;p10p20;2005;121321.2;992;j
RS;aptinc992j;p10p20;2006;113482.1;992;j
RS;aptinc992j;p10p20;2007;105060.7;992;j
RS;aptinc992j;p10p20;2008;97238.0;992;j
RS;aptinc992j;p10p20;2009;85599.0;992;j
RS;aptinc992j;p10p20;2010;76682.703;992;j
RS;aptinc992j;p10p20;2011;64556.602;992;j
RS;aptinc992j;p10p20;2012;59567.199;992;j
RS;aptinc992j;p10p20;2013;55185.0;992;j
RS;aptinc992j;p10p20;2014;52506.301;992;j
RS;aptinc992j;p10p20;2015;54960.199;992;j
RS;aptinc992j;p10p20;2016;56835.398;992;j
RS;aptinc992j;p10p20;2017;56768.801;992;j
RS;aptinc992j;p37p100;1990;1024039.3;992;j
RS;aptinc992j;p37p100;1991;889077.5;992;j
RS;aptinc992j;p37p100;1992;608759.19;992;j
RS;aptinc992j;p37p100;1993;394708.41;992;j
RS;aptinc992j;p37p100;1994;406442.5;992;j
RS;aptinc992j;p37p100;1995;428909.91;992;j
RS;aptinc992j;p37p100;1996;432229.69;992;j
RS;aptinc992j;p37p100;1997;458100.91;992;j
RS;aptinc992j;p37p100;1998;479767.09;992;j
RS;aptinc992j;p37p100;1999;525375.88;992;j
RS;aptinc992j;p37p100;2000;579069.0;992;j
RS;aptinc992j;p37p100;2001;578187.13;992;j
RS;aptinc992j;p37p100;2002;627651.5;992;j
RS;aptinc992j;p37p100;2003;661793.63;992;j
RS;aptinc992j;p37p100;2004;749887.5;992;j
RS;aptinc992j;p37p100;2005;841248.13;992;j
RS;aptinc992j;p37p100;2006;894228.5;992;j
RS;aptinc992j;p37p100;2007;925752.88;992;j
RS;aptinc992j;p37p100;2008;992118.88;992;j
RS;aptinc992j;p37p100;2009;979068.5;992;j
RS;aptinc992j;p37p100;2010;986920.31;992;j
RS;aptinc992j;p37p100;2011;997848.69;992;j
RS;aptinc992j;p37p100;2012;999006.13;992;j
RS;aptinc992j;p37p100;2013;1024752.8;992;j
RS;aptinc992j;p37p100;2014;1007453.2;992;j
RS;aptinc992j;p37p100;2015;1010617.0;992;j
RS;aptinc992j;p37p100;2016;1041863.6;992;j
RS;aptinc992j;p37p100;2017;1048218.0;992;j
RS;aptinc992j;p49p100;1990;1141722.9;992;j
RS;aptinc992j;p49p100;1991;991927.38;992;j
RS;aptinc992j;p49p100;1992;679617.19;992;j
RS;aptinc992j;p49p100;1993;440943.59;992;j
RS;aptinc992j;p49p100;1994;454351.19;992;j
RS;aptinc992j;p49p100;1995;479778.5;992;j
RS;aptinc992j;p49p100;1996;483730.31;992;j
RS;aptinc992j;p49p100;1997;512942.91;992;j
RS;aptinc992j;p49p100;1998;538216.5;992;j
RS;aptinc992j;p49p100;1999;589480.5;992;j
RS;aptinc992j;p49p100;2000;650624.81;992;j
RS;aptinc992j;p49p100;2001;649878.5;992;j
RS;aptinc992j;p49p100;2002;706633.0;992;j
RS;aptinc992j;p49p100;2003;745792.81;992;j
RS;aptinc992j;p49p100;2004;846806.19;992;j
RS;aptinc992j;p49p100;2005;952357.5;992;j
RS;aptinc992j;p49p100;2006;1013641.1;992;j
RS;aptinc992j;p49p100;2007;1048836.6;992;j
RS;aptinc992j;p49p100;2008;1125634.4;992;j
RS;aptinc992j;p49p100;2009;1111926.8;992;j
RS;aptinc992j;p49p100;2010;1123648.8;992;j
RS;aptinc992j;p49p100;2011;1139140.9;992;j
RS;aptinc992j;p49p100;2012;1141598.5;992;j
RS;aptinc992j;p49p100;2013;1169407.1;992;j
RS;aptinc992j;p49p100;2014;1153079.9;992;j
RS;aptinc992j;p49p100;2015;1153725.1;992;j
RS;aptinc992j;p49p100;2016;1189420.5;992;j
RS;aptinc992j;p49p100;2017;1196756.1;992;j
RS;aptinc992j;p58p100;1990;1250363.3;992;j
RS;aptinc992j;p58p100;1991;1086809.3;992;j
RS;aptinc992j;p58p100;1992;744955.69;992;j
RS;aptinc992j;p58p100;1993;483548.19;992;j
RS;aptinc992j;p58p100;1994;498478.0;992;j
RS;aptinc992j;p58p100;1995;526627.31;992;j
RS;aptinc992j;p58p100;1996;531108.69;992;j
RS;aptinc992j;p58p100;1997;563337.88;992;j
RS;aptinc992j;p58p100;1998;591709.38;992;j
RS;aptinc992j;p58p100;1999;648376.31;992;j
RS;aptinc992j;p58p100;2000;716833.19;992;j
RS;aptinc992j;p58p100;2001;716544.5;992;j
RS;aptinc992j;p58p100;2002;780300.19;992;j
RS;aptinc992j;p58p100;2003;824126.88;992;j
RS;aptinc992j;p58p100;2004;937979.5;992;j
RS;aptinc992j;p58p100;2005;1056933.9;992;j
RS;aptinc992j;p58p100;2006;1125867.8;992;j
RS;aptinc992j;p58p100;2007;1164552.4;992;j
RS;aptinc992j;p58p100;2008;1251043.8;992;j
RS;aptinc992j;p58p100;2009;1236539.4;992;j
RS;aptinc992j;p58p100;2010;1252856.0;992;j
RS;aptinc992j;p58p100;2011;1272781.1;992;j
RS;aptinc992j;p58p100;2012;1275035.3;992;j
RS;aptinc992j;p58p100;2013;1304481.1;992;j
RS;aptinc992j;p58p100;2014;1290770.9;992;j
RS;aptinc992j;p58p100;2015;1288109.5;992;j
RS;aptinc992j;p58p100;2016;1328000.6;992;j
RS;aptinc992j;p58p100;2017;1336277.4;992;j
RS;aptinc992j;p9p100;1990;799225.19;992;j
RS;aptinc992j;p9p100;1991;693713.13;992;j
RS;aptinc992j;p9p100;1992;474886.41;992;j
RS;aptinc992j;p9p100;1993;307837.09;992;j
RS;aptinc992j;p9p100;1994;316915.81;992;j
RS;aptinc992j;p9p100;1995;334346.5;992;j
RS;aptinc992j;p9p100;1996;336912.59;992;j
RS;aptinc992j;p9p100;1997;357035.31;992;j
RS;aptinc992j;p9p100;1998;375059.91;992;j
RS;aptinc992j;p9p100;1999;410552.69;992;j
RS;aptinc992j;p9p100;2000;451552.59;992;j
RS;aptinc992j;p9p100;2001;450745.81;992;j
RS;aptinc992j;p9p100;2002;486027.31;992;j
RS;aptinc992j;p9p100;2003;510892.19;992;j
RS;aptinc992j;p9p100;2004;575508.5;992;j
RS;aptinc992j;p9p100;2005;642330.19;992;j
RS;aptinc992j;p9p100;2006;678796.13;992;j
RS;aptinc992j;p9p100;2007;700944.31;992;j
RS;aptinc992j;p9p100;2008;747049.38;992;j
RS;aptinc992j;p9p100;2009;734357.69;992;j
RS;aptinc992j;p9p100;2010;736575.5;992;j
RS;aptinc992j;p9p100;2011;739556.63;992;j
RS;aptinc992j;p9p100;2012;738657.5;992;j
RS;aptinc992j;p9p100;2013;756912.0;992;j
RS;aptinc992j;p9p100;2014;742017.5;992;j
RS;aptinc992j;p9p100;2015;747218.0;992;j
RS;aptinc992j;p9p100;2016;770347.69;992;j
RS;aptinc992j;p9p100;2017;774924.88;992;j
RS;asavhn999i;p0p100;1997;18292.1;999;i
RS;asavhn999i;p0p100;1998;-18047.801;999;i
RS;asavhn999i;p0p100;1999;-29641.1;999;i
RS;asavhn999i;p0p100;2000;-34165.898;999;i
RS;asavhn999i;p0p100;2001;-62199.102;999;i
RS;asavhn999i;p0p100;2002;-75877.297;999;i
RS;asavhn999i;p0p100;2003;-56094.301;999;i
RS;asavhn999i;p0p100;2004;-74982.297;999;i
RS;asavhn999i;p0p100;2005;-75593.703;999;i
RS;asavhn999i;p0p100;2006;-75238.703;999;i
RS;asavhn999i;p0p100;2007;-74949.703;999;i
RS;asavhn999i;p0p100;2008;-76171.102;999;i
RS;asavhn999i;p0p100;2009;-87502.203;999;i
RS;asavhn999i;p0p100;2010;-97964.797;999;i
RS;asavhn999i;p0p100;2011;-87547.102;999;i
RS;asecnp999i;p0p100;1997;-0.2;999;i
RS;asecnp999i;p0p100;1998;35.200001;999;i
RS;asecnp999i;p0p100;1999;-2.9000001;999;i
RS;asecnp999i;p0p100;2000;-2.4000001;999;i
RS;asecnp999i;p0p100;2001;12.5;999;i
RS;asecnp999i;p0p100;2002;-1.9;999;i
RS;asecnp999i;p0p100;2003;-0.2;999;i
RS;asecnp999i;p0p100;2004;0.0;999;i
RS;asecnp999i;p0p100;2005;37.5;999;i
RS;asecnp999i;p0p100;2006;79.699997;999;i
RS;asecnp999i;p0p100;2007;95.800003;999;i
RS;asecnp999i;p0p100;2008;114.9;999;i
RS;asecnp999i;p0p100;2009;112.4;999;i
RS;asecnp999i;p0p100;2010;97.5;999;i
RS;asecnp999i;p0p100;2011;97.0;999;i
RS;asegho992i;p0p100;1997;337977.19;992;i
RS;asegho992i;p0p100;1998;322937.91;992;i
RS;asegho992i;p0p100;1999;353694.31;992;i
RS;asegho992i;p0p100;2000;375464.41;992;i
RS;asegho992i;p0p100;2001;385731.09;992;i
RS;asegho992i;p0p100;2002;405204.09;992;i
RS;asegho992i;p0p100;2003;427673.81;992;i
RS;asegho992i;p0p100;2004;426100.5;992;i
RS;asegho992i;p0p100;2005;475141.59;992;i
RS;asegho992i;p0p100;2006;503722.69;992;i
RS;asegho992i;p0p100;2007;529854.81;992;i
RS;asegho992i;p0p100;2008;572675.69;992;i
RS;asegho992i;p0p100;2009;566879.81;992;i
RS;asegho992i;p0p100;2010;562420.88;992;i
RS;asegho992i;p0p100;2011;556236.81;992;i
RS;asscco999i;p0p100;1997;0.0;999;i
RS;asscco999i;p0p100;1998;0.0;999;i
RS;asscco999i;p0p100;1999;0.0;999;i
RS;asscco999i;p0p100;2000;0.0;999;i
RS;asscco999i;p0p100;2001;0.0;999;i
RS;asscco999i;p0p100;2002;0.0;999;i
RS;asscco999i;p0p100;2003;0.0;999;i
RS;asscco999i;p0p100;2004;0.0;999;i
RS;asscco999i;p0p100;2005;0.0;999;i
RS;asscco999i;p0p100;2006;0.0;999;i
RS;asscco999i;p0p100;2007;0.0;999;i
RS;asscco999i;p0p100;2008;0.0;999;i
RS;asscco999i;p0p100;2009;0.0;999;i
RS;asscco999i;p0p100;2010;0.0;999;i
RS;asscco999i;p0p100;2011;0.0;999;i
RS;bcainc992j;p22p100;1990;2.9780252;992;j
RS;bcainc992j;p22p100;1991;2.9270511;992;j
RS;bcainc992j;p22p100;1992;2.879694;992;j
RS;bcainc992j;p22p100;1993;2.8254559;992;j
RS;bcainc992j;p22p100;1994;2.7690885;992;j
RS;bcainc992j;p22p100;1995;2.7164454;992;j
RS;bcainc992j;p22p100;1996;2.6588178;992;j
RS;bcainc992j;p22p100;1997;2.6089637;992;j
RS;bcainc992j;p22p100;1998;2.5029418;992;j
RS;bcainc992j;p22p100;1999;2.5204368;992;j
RS;bcainc992j;p22p100;2000;2.5126131;992;j
RS;bcainc992j;p22p100;2001;2.5144324;992;j
RS;bcainc992j;p22p100;2002;2.6992254;992;j
RS;bcainc992j;p22p100;2003;2.7727482;992;j
RS;bcainc992j;p22p100;2004;3.0051923;992;j
RS;bcainc992j;p22p100;2005;3.0692992;992;j
RS;bcainc992j;p22p100;2006;3.3052604;992;j
RS;bcainc992j;p22p100;2007;3.3757231;992;j
RS;bcainc992j;p22p100;2008;3.5224004;992;j
RS;bcainc992j;p22p100;2009;3.8655183;992;j
RS;bcainc992j;p22p100;2010;4.3274217;992;j
RS;bcainc992j;p22p100;2011;4.8625145;992;j
RS;bcainc992j;p22p100;2012;4.6830869;992;j
RS;bcainc992j;p22p100;2013;5.9042535;992;j
RS;bcainc992j;p22p100;2014;4.671577;992;j
RS;bcainc992j;p22p100;2015;5.648777;992;j
RS;bcainc992j;p22p100;2016;5.6402512;992;j
RS;bcainc992j;p22p100;2017;5.6520276;992;j
RS;bcainc992j;p29p100;1990;2.4628623;992;j
RS;bcainc992j;p29p100;1991;2.4351475;992;j
RS;bcainc992j;p29p100;1992;2.3926578;992;j
RS;bcainc992j;p29p100;1993;2.3670514;992;j
RS;bcainc992j;p29p100;1994;2.3377683;992;j
RS;bcainc992j;p29p100;1995;2.3091004;992;j
RS;bcainc992j;p29p100;1996;2.2771673;992;j
RS;bcainc992j;p29p100;1997;2.2484148;992;j
RS;bcainc992j;p29p100;1998;2.2337401;992;j
RS;bcainc992j;p29p100;1999;2.2526953;992;j
RS;bcainc992j;p29p100;2000;2.2663143;992;j
RS;bcainc992j;p29p100;2001;2.2672565;992;j
RS;bcainc992j;p29p100;2002;2.3436518;992;j
RS;bcainc992j;p29p100;2003;2.4006569;992;j
RS;bcainc992j;p29p100;2004;2.5026736;992;j
RS;bcainc992j;p29p100;2005;2.5526607;992;j
RS;bcainc992j;p29p100;2006;2.6767404;992;j
RS;bcainc992j;p29p100;2007;2.6938565;992;j
RS;bcainc992j;p29p100;2008;2.8019164;992;j
RS;bcainc992j;p29p100;2009;2.8985288;992;j
RS;bcainc992j;p29p100;2010;3.1308956;992;j
RS;bcainc992j;p29p100;2011;3.3798976;992;j
RS;bcainc992j;p29p100;2012;3.3534977;992;j
RS;bcainc992j;p29p100;2013;3.6806047;992;j
RS;bcainc992j;p29p100;2014;3.2980754;992;j
RS;bcainc992j;p29p100;2015;3.6314938;992;j
RS;bcainc992j;p29p100;2016;3.6308191;992;j
RS;bcainc992j;p29p100;2017;3.6328382;992;j
RS;bcainc992j;p44p100;1990;1.9738634;992;j
RS;bcainc992j;p44p100;1991;1.9600148;992;j
RS;bcainc992j;p44p100;1992;1.9475294;992;j
RS;bcainc992j;p44p100;1993;1.9415096;992;j
RS;bcainc992j;p44p100;1994;1.9324183;992;j
RS;bcainc992j;p44p100;1995;1.9227773;992;j
RS;bcainc992j;p44p100;1996;1.9112372;992;j
RS;bcainc992j;p44p100;1997;1.8976492;992;j
RS;bcainc992j;p44p100;1998;1.9440408;992;j
RS;bcainc992j;p44p100;1999;1.9514233;992;j
RS;bcainc992j;p44p100;2000;1.9719149;992;j
RS;bcainc992j;p44p100;2001;1.9888798;992;j
RS;bcainc992j;p44p100;2002;2.0278533;992;j
RS;bcainc992j;p44p100;2003;2.0471981;992;j
RS;bcainc992j;p44p100;2004;2.0906239;992;j
RS;bcainc992j;p44p100;2005;2.148865;992;j
RS;bcainc992j;p44p100;2006;2.1903405;992;j
RS;bcainc992j;p44p100;2007;2.2086728;992;j
RS;bcainc992j;p44p100;2008;2.244921;992;j
RS;bcainc992j;p44p100;2009;2.2743361;992;j
RS;bcainc992j;p44p100;2010;2.3647215;992;j
RS;bcainc992j;p44p100;2011;2.4424264;992;j
RS;bcainc992j;p44p100;2012;2.4823008;992;j
RS;bcainc992j;p44p100;2013;2.4937716;992;j
RS;bcainc992j;p44p100;2014;2.4679832;992;j
RS;bcainc992j;p44p100;2015;2.5707018;992;j
RS;bcainc992j;p44p100;2016;2.5702751;992;j
RS;bcainc992j;p44p100;2017;2.5726261;992;j
RS;bcainc992j;p83p100;1990;1.5625381;992;j
RS;bcainc992j;p83p100;1991;1.5630461;992;j
RS;bcainc992j;p83p100;1992;1.5642575;992;j
RS;bcainc992j;p83p100;1993;1.568326;992;j
RS;bcainc992j;p83p100;1994;1.571278;992;j
RS;bcainc992j;p83p100;1995;1.5747006;992;j
RS;bcainc992j;p83p100;1996;1.5729156;992;j
RS;bcainc992j;p83p100;1997;1.5715456;992;j
RS;bcainc992j;p83p100;1998;1.6060534;992;j
RS;bcainc992j;p83p100;1999;1.6410533;992;j
RS;bcainc992j;p83p100;2000;1.6874529;992;j
RS;bcainc992j;p83p100;2001;1.7207494;992;j
RS;bcainc992j;p83p100;2002;1.7211416;992;j
RS;bcainc992j;p83p100;2003;1.723103;992;j
RS;bcainc992j;p83p100;2004;1.7289093;992;j
RS;bcainc992j;p83p100;2005;1.7553426;992;j
RS;bcainc992j;p83p100;2006;1.7772652;992;j
RS;bcainc992j;p83p100;2007;1.7496729;992;j
RS;bcainc992j;p83p100;2008;1.740447;992;j
RS;bcainc992j;p83p100;2009;1.7632575;992;j
RS;bcainc992j;p83p100;2010;1.7874053;992;j
RS;bcainc992j;p83p100;2011;1.8039715;992;j
RS;bcainc992j;p83p100;2012;1.8359292;992;j
RS;bcainc992j;p83p100;2013;1.7714287;992;j
RS;bcainc992j;p83p100;2014;1.8942956;992;j
RS;bcainc992j;p83p100;2015;2.0496008;992;j
RS;bcainc992j;p83p100;2016;2.0497112;992;j
RS;bcainc992j;p83p100;2017;2.0508404;992;j
RS;bdiinc992j;p67p100;1990;1.6011221;992;j
RS;bdiinc992j;p67p100;1991;1.5956304;992;j
RS;bdiinc992j;p67p100;1992;1.5931607;992;j
RS;bdiinc992j;p67p100;1993;1.5923057;992;j
RS;bdiinc992j;p67p100;1994;1.5933725;992;j
RS;bdiinc992j;p67p100;1995;1.5931619;992;j
RS;bdiinc992j;p67p100;1996;1.5882044;992;j
RS;bdiinc992j;p67p100;1997;1.5831612;992;j
RS;bdiinc992j;p67p100;1998;1.5973918;992;j
RS;bdiinc992j;p67p100;1999;1.6244864;992;j
RS;bdiinc992j;p67p100;2000;1.6571355;992;j
RS;bdiinc992j;p67p100;2001;1.668481;992;j
RS;bdiinc992j;p67p100;2002;1.6749264;992;j
RS;bdiinc992j;p67p100;2003;1.6840756;992;j
RS;bdiinc992j;p67p100;2004;1.7065871;992;j
RS;bdiinc992j;p67p100;2005;1.7426575;992;j
RS;bdiinc992j;p67p100;2006;1.7624228;992;j
RS;bdiinc992j;p67p100;2007;1.751352;992;j
RS;bdiinc992j;p67p100;2008;1.7537969;992;j
RS;bdiinc992j;p67p100;2009;1.7851739;992;j
RS;bdiinc992j;p67p100;2010;1.8231504;992;j
RS;bdiinc992j;p67p100;2011;1.8577482;992;j
RS;bdiinc992j;p67p100;2012;1.8784355;992;j
RS;bdiinc992j;p67p100;2013;1.8450767;992;j
RS;bdiinc992j;p67p100;2014;1.8756858;992;j
RS;bdiinc992j;p67p100;2015;1.9958938;992;j
RS;bdiinc992j;p67p100;2016;2.0090795;992;j
RS;bdiinc992j;p67p100;2017;2.0105886;992;j
RS;bdiinc992j;p7p100;1990;4.7037244;992;j
RS;bdiinc992j;p7p100;1991;4.6929822;992;j
RS;bdiinc992j;p7p100;1992;4.7011161;992;j
RS;bdiinc992j;p7p100;1993;4.669251;992;j
RS;bdiinc992j;p7p100;1994;4.5784378;992;j
RS;bdiinc992j;p7p100;1995;4.5445318;992;j
RS;bdiinc992j;p7p100;1996;4.4445868;992;j
RS;bdiinc992j;p7p100;1997;4.3619552;992;j
RS;bdiinc992j;p7p100;1998;4.2301831;992;j
RS;bdiinc992j;p7p100;1999;4.2925801;992;j
RS;bdiinc992j;p7p100;2000;4.3893318;992;j
RS;bdiinc992j;p7p100;2001;4.4108005;992;j
RS;bdiinc992j;p7p100;2002;5.2738962;992;j
RS;bdiinc992j;p7p100;2003;5.1774588;992;j
RS;bdiinc992j;p7p100;2004;5.827558;992;j
RS;bdiinc992j;p7p100;2005;6.1500344;992;j
RS;bdiinc992j;p7p100;2006;6.9782648;992;j
RS;bdiinc992j;p7p100;2007;7.6287327;992;j
RS;bdiinc992j;p7p100;2008;7.5945668;992;j
RS;bdiinc992j;p7p100;2009;7.4379058;992;j
RS;bdiinc992j;p7p100;2010;7.7824583;992;j
RS;bdiinc992j;p7p100;2011;8.7072458;992;j
RS;bdiinc992j;p7p100;2012;9.1897449;992;j
RS;bdiinc992j;p7p100;2013;7.003263;992;j
RS;bdiinc992j;p7p100;2014;4.8334627;992;j
RS;bdiinc992j;p7p100;2015;6.0188117;992;j
RS;bdiinc992j;p7p100;2016;6.4015965;992;j
RS;bdiinc992j;p7p100;2017;6.4491215;992;j
RS;bptinc992j;p99.7p100;1990;2.0125036;992;j
RS;bptinc992j;p99.7p100;1991;2.033824;992;j
RS;bptinc992j;p99.7p100;1992;2.043278;992;j
RS;bptinc992j;p99.7p100;1993;2.0641835;992;j
RS;bptinc992j;p99.7p100;1994;2.0696726;992;j
RS;bptinc992j;p99.7p100;1995;2.0890851;992;j
RS;bptinc992j;p99.7p100;1996;2.1061971;992;j
RS;bptinc992j;p99.7p100;1997;2.1255405;992;j
RS;bptinc992j;p99.7p100;1998;2.0997114;992;j
RS;bptinc992j;p99.7p100;1999;2.1561441;992;j
RS;bptinc992j;p99.7p100;2000;2.1811275;992;j
RS;bptinc992j;p99.7p100;2001;2.2416313;992;j
RS;bptinc992j;p99.7p100;2002;2.1925242;992;j
RS;bptinc992j;p99.7p100;2003;2.1619866;992;j
RS;bptinc992j;p99.7p100;2004;2.161989;992;j
RS;bptinc992j;p99.7p100;2005;2.1075299;992;j
RS;bptinc992j;p99.7p100;2006;2.1088405;992;j
RS;bptinc992j;p99.7p100;2007;2.061367;992;j
RS;bptinc992j;p99.7p100;2008;2.0756927;992;j
RS;bptinc992j;p99.7p100;2009;2.0532124;992;j
RS;bptinc992j;p99.7p100;2010;1.9942094;992;j
RS;bptinc992j;p99.7p100;2011;2.0194118;992;j
RS;bptinc992j;p99.7p100;2012;1.8325536;992;j
RS;bptinc992j;p99.7p100;2013;1.9089828;992;j
RS;bptinc992j;p99.7p100;2014;2.2696347;992;j
RS;bptinc992j;p99.7p100;2015;2.2691081;992;j
RS;bptinc992j;p99.7p100;2016;2.2692747;992;j
RS;bptinc992j;p99.7p100;2017;2.2686577;992;j
RS;mcomrx999i;p0p100;2002;-716834048.0;999;i
RS;mcomrx999i;p0p100;2003;-812798528.0;999;i
RS;mcomrx999i;p0p100;2004;-979076864.0;999;i
RS;mcomrx999i;p0p100;2005;7334088192.0;999;i
RS;mcomrx999i;p0p100;2006;11142193152.0;999;i
RS;mcomrx999i;p0p100;2007;13677849600.0;999;i
RS;mcomrx999i;p0p100;2008;21006039040.0;999;i
RS;mcomrx999i;p0p100;2009;25296429056.0;999;i
RS;mcomrx999i;p0p100;2010;23634747392.0;999;i
RS;mcomrx999i;p0p100;2011;15831385088.0;999;i
RS;mcomrx999i;p0p100;2012;23551211520.0;999;i
RS;mcomrx999i;p0p100;2013;24013551616.0;999;i
RS;mcomrx999i;p0p100;2014;24731994112.0;999;i
RS;mcomrx999i;p0p100;2015;25785927680.0;999;i
RS;mcomrx999i;p0p100;2016;27145052160.0;999;i
RS;mcomrx999i;p0p100;2017;26887927808.0;999;i
RS;mcomrx999i;p0p100;2018;28738516992.0;999;i
RS;mconho999i;p0p100;1997;1967950397440.0;999;i
RS;mconho999i;p0p100;1998;2193265393664.0;999;i
RS;mconho999i;p0p100;1999;1935318188032.0;999;i
RS;mconho999i;p0p100;2000;2074711818240.0;999;i
RS;mconho999i;p0p100;2001;2349100957696.0;999;i
RS;mconho999i;p0p100;2002;2562172911616.0;999;i
RS;mconho999i;p0p100;2003;2547266879488.0;999;i
RS;mconho999i;p0p100;2004;2668785565696.0;999;i
RS;mconho999i;p0p100;2005;2933698854912.0;999;i
RS;mconho999i;p0p100;2006;3084100042752.0;999;i
RS;mconho999i;p0p100;2007;3232175226880.0;999;i
RS;mconho999i;p0p100;2008;3467688804352.0;999;i
RS;mconho999i;p0p100;2009;3504572989440.0;999;i
RS;mconho999i;p0p100;2010;3550098489344.0;999;i
RS;mconho999i;p0p100;2011;3432287830016.0;999;i
RS;msechn999i;p0p100;1997;2154018242560.0;999;i
RS;msechn999i;p0p100;1998;2025626140672.0;999;i
RS;msechn999i;p0p100;1999;1718846226432.0;999;i
RS;msechn999i;p0p100;2000;1829351194624.0;999;i
RS;msechn999i;p0p100;2001;1890500870144.0;999;i
RS;msechn999i;p0p100;2002;2001464459264.0;999;i
RS;msechn999i;p0p100;2003;2135840391168.0;999;i
RS;msechn999i;p0p100;2004;2119622328320.0;999;i
RS;msechn999i;p0p100;2005;2382503870464.0;999;i
RS;msechn999i;p0p100;2006;2538479288320.0;999;i
RS;msechn999i;p0p100;2007;2693144510464.0;999;i
RS;msechn999i;p0p100;2008;2921633153024.0;999;i
RS;msechn999i;p0p100;2009;2876537569280.0;999;i
RS;msechn999i;p0p100;2010;2848430751744.0;999;i
RS;msechn999i;p0p100;2011;2811806351360.0;999;i
RS;npopul551f;p0p100;1950;125480.0;551;f
RS;npopul551f;p0p100;1951;130940.0;551;f
RS;npopul551f;p0p100;1952;140513.0;551;f
RS;npopul551f;p0p100;1953;151930.0;551;f
RS;npopul551f;p0p100;1954;162236.0;551;f
RS;npopul551f;p0p100;1955;169833.0;551;f
RS;npopul551f;p0p100;1956;174603.0;551;f
RS;npopul551f;p0p100;1957;176943.0;551;f
RS;npopul551f;p0p100;1958;177910.0;551;f
RS;npopul551f;p0p100;1959;179198.0;551;f
RS;npopul551f;p0p100;1960;181745.0;551;f
RS;npopul551f;p0p100;1961;185138.0;551;f
RS;npopul551f;p0p100;1962;189147.0;551;f
RS;npopul551f;p0p100;1963;193078.0;551;f
RS;npopul551f;p0p100;1964;195784.0;551;f
RS;npopul551f;p0p100;1965;196559.0;551;f
RS;npopul551f;p0p100;1966;194845.0;551;f
RS;npopul551f;p0p100;1967;192356.0;551;f
RS;npopul551f;p0p100;1968;188717.0;551;f
RS;npopul551f;p0p100;1969;183316.0;551;f
RS;npopul551f;p0p100;1970;176117.0;551;f
RS;npopul551f;p0p100;1971;166967.0;551;f
RS;npopul551f;p0p100;1972;155517.0;551;f
RS;npopul551f;p0p100;1973;145245.0;551;f
RS;npopul551f;p0p100;1974;141437.0;551;f
RS;npopul551f;p0p100;1975;147045.0;551;f
RS;npopul551f;p0p100;1976;160910.0;551;f
RS;npopul551f;p0p100;1977;183774.0;551;f
RS;npopul551f;p0p100;1978;211534.0;551;f
RS;npopul551f;p0p100;1979;237856.0;551;f
RS;npopul551f;p0p100;1980;258826.0;551;f
RS;npopul551f;p0p100;1981;274534.0;551;f
RS;npopul551f;p0p100;1982;285582.0;551;f
RS;npopul551f;p0p100;1983;292868.0;551;f
RS;npopul551f;p0p100;1984;298112.0;551;f
RS;npopul551f;p0p100;1985;302320.0;551;f
RS;npopul551f;p0p100;1986;304401.0;551;f
RS;npopul551f;p0p100;1987;304700.0;551;f
RS;npopul551f;p0p100;1988;303617.0;551;f
RS;npopul551f;p0p100;1989;301672.0;551;f
RS;npopul551f;p0p100;1990;299183.0;551;f
RS;npopul551f;p0p100;1991;296049.0;551;f
RS;npopul551f;p0p100;1992;293339.0;551;f
RS;npopul551f;p0p100;1993;289849.0;551;f
RS;npopul551f;p0p100;1994;283809.0;551;f
RS;npopul551f;p0p100;1995;274469.0;551;f
RS;npopul551f;p0p100;1996;263468.0;551;f
RS;npopul551f;p0p100;1997;248983.0;551;f
RS;npopul551f;p0p100;1998;234844.0;551;f
RS;npopul551f;p0p100;1999;178393.0;551;f
RS;npopul551f;p0p100;2000;180345.0;551;f
RS;npopul551f;p0p100;2001;187922.0;551;f
RS;npopul551f;p0p100;2002;202533.0;551;f
RS;npopul551f;p0p100;2003;220936.0;551;f
RS;npopul551f;p0p100;2004;239403.0;551;f
RS;npopul551f;p0p100;2005;254867.0;551;f
RS;npopul551f;p0p100;2006;266485.0;551;f
RS;npopul551f;p0p100;2007;275894.0;551;f
RS;npopul551f;p0p100;2008;282457.0;551;f
RS;npopul551f;p0p100;2009;285595.0;551;f
RS;npopul551f;p0p100;2010;284909.0;551;f
RS;npopul551f;p0p100;2011;279053.0;551;f
RS;npopul551f;p0p100;2012;269809.0;551;f
RS;npopul551f;p0p100;2013;258409.0;551;f
RS;npopul551f;p0p100;2014;247896.0;551;f
RS;npopul551f;p0p100;2015;240072.0;551;f
RS;npopul551f;p0p100;2016;233460.0;551;f
RS;npopul551f;p0p100;2017;230106.0;551;f
RS;npopul551f;p0p100;2018;228611.0;551;f
RS;npopul551f;p0p100;2019;227776.0;551;f
RS;scainc992j;p41p42;1990;0.0071;992;j
RS;scainc992j;p41p42;1991;0.0071999999;992;j
RS;scainc992j;p41p42;1992;0.0071999999;992;j
RS;scainc992j;p41p42;1993;0.0071999999;992;j
RS;scainc992j;p41p42;1994;0.0071999999;992;j
RS;scainc992j;p41p42;1995;0.0071999999;992;j
RS;scainc992j;p41p42;1996;0.0071999999;992;j
RS;scainc992j;p41p42;1997;0.0073000002;992;j
RS;scainc992j;p41p42;1998;0.0071;992;j
RS;scainc992j;p41p42;1999;0.0071;992;j
RS;scainc992j;p41p42;2000;0.0070000002;992;j
RS;scainc992j;p41p42;2001;0.0070000002;992;j
RS;scainc992j;p41p42;2002;0.0068999999;992;j
RS;scainc992j;p41p42;2003;0.0068999999;992;j
RS;scainc992j;p41p42;2004;0.0068000001;992;j
RS;scainc992j;p41p42;2005;0.0066;992;j
RS;scainc992j;p41p42;2006;0.0065000001;992;j
RS;scainc992j;p41p42;2007;0.0065000001;992;j
RS;scainc992j;p41p42;2008;0.0063999998;992;j
RS;scainc992j;p41p42;2009;0.0063999998;992;j
RS;scainc992j;p41p42;2010;0.0062000002;992;j
RS;scainc992j;p41p42;2011;0.0060999999;992;j
RS;scainc992j;p41p42;2012;0.0059000002;992;j
RS;scainc992j;p41p42;2013;0.0059000002;992;j
RS;scainc992j;p41p42;2014;0.0059000002;992;j
RS;scainc992j;p41p42;2015;0.0057999999;992;j
RS;scainc992j;p41p42;2016;0.0057999999;992;j
RS;scainc992j;p41p42;2017;0.0057999999;992;j
RS;sdiinc992j;p0p99;1990;0.92580003;992;j
RS;sdiinc992j;p0p99;1991;0.92720002;992;j
RS;sdiinc992j;p0p99;1992;0.92860001;992;j
RS;sdiinc992j;p0p99;1993;0.92919999;992;j
RS;sdiinc992j;p0p99;1994;0.92970002;992;j
RS;sdiinc992j;p0p99;1995;0.93000001;992;j
RS;sdiinc992j;p0p99;1996;0.93110001;992;j
RS;sdiinc992j;p0p99;1997;0.93220001;992;j
RS;sdiinc992j;p0p99;1998;0.92949998;992;j
RS;sdiinc992j;p0p99;1999;0.92369998;992;j
RS;sdiinc992j;p0p99;2000;0.91970003;992;j
RS;sdiinc992j;p0p99;2001;0.91540003;992;j
RS;sdiinc992j;p0p99;2002;0.91509998;992;j
RS;sdiinc992j;p0p99;2003;0.91579998;992;j
RS;sdiinc992j;p0p99;2004;0.91460001;992;j
RS;sdiinc992j;p0p99;2005;0.9113;992;j
RS;sdiinc992j;p0p99;2006;0.91060001;992;j
RS;sdiinc992j;p0p99;2007;0.91479999;992;j
RS;sdiinc992j;p0p99;2008;0.91640002;992;j
RS;sdiinc992j;p0p99;2009;0.91060001;992;j
RS;sdiinc992j;p0p99;2010;0.90930003;992;j
RS;sdiinc992j;p0p99;2011;0.90740001;992;j
RS;sdiinc992j;p0p99;2012;0.89529997;992;j
RS;sdiinc992j;p0p99;2013;0.90380001;992;j
RS;sdiinc992j;p0p99;2014;0.8858;992;j
RS;sdiinc992j;p0p99;2015;0.85909998;992;j
RS;sdiinc992j;p0p99;2016;0.8574;992;j
RS;sdiinc992j;p0p99;2017;0.85710001;992;j
RS;sdiinc992j;p45p100;1990;0.79430002;992;j
RS;sdiinc992j;p45p100;1991;0.79290003;992;j
RS;sdiinc992j;p45p100;1992;0.79140002;992;j
RS;sdiinc992j;p45p100;1993;0.79000002;992;j
RS;sdiinc992j;p45p100;1994;0.78850001;992;j
RS;sdiinc992j;p45p100;1995;0.78710002;992;j
RS;sdiinc992j;p45p100;1996;0.78530002;992;j
RS;sdiinc992j;p45p100;1997;0.78310001;992;j
RS;sdiinc992j;p45p100;1998;0.78359997;992;j
RS;sdiinc992j;p45p100;1999;0.78649998;992;j
RS;sdiinc992j;p45p100;2000;0.78689998;992;j
RS;sdiinc992j;p45p100;2001;0.78750002;992;j
RS;sdiinc992j;p45p100;2002;0.79519999;992;j
RS;sdiinc992j;p45p100;2003;0.79759997;992;j
RS;sdiinc992j;p45p100;2004;0.80699998;992;j
RS;sdiinc992j;p45p100;2005;0.81160003;992;j
RS;sdiinc992j;p45p100;2006;0.81900001;992;j
RS;sdiinc992j;p45p100;2007;0.82050002;992;j
RS;sdiinc992j;p45p100;2008;0.82380003;992;j
RS;sdiinc992j;p45p100;2009;0.82810003;992;j
RS;sdiinc992j;p45p100;2010;0.83630002;992;j
RS;sdiinc992j;p45p100;2011;0.84530002;992;j
RS;sdiinc992j;p45p100;2012;0.84680003;992;j
RS;sdiinc992j;p45p100;2013;0.85000002;992;j
RS;sdiinc992j;p45p100;2014;0.83130002;992;j
RS;sdiinc992j;p45p100;2015;0.84509999;992;j
RS;sdiinc992j;p45p100;2016;0.8488;992;j
RS;sdiinc992j;p45p100;2017;0.84930003;992;j
RS;sdiinc992j;p46p47;1990;0.0078999996;992;j
RS;sdiinc992j;p46p47;1991;0.0080000004;992;j
RS;sdiinc992j;p46p47;1992;0.0080000004;992;j
RS;sdiinc992j;p46p47;1993;0.0081000002;992;j
RS;sdiinc992j;p46p47;1994;0.0081000002;992;j
RS;sdiinc992j;p46p47;1995;0.0081000002;992;j
RS;sdiinc992j;p46p47;1996;0.0082;992;j
RS;sdiinc992j;p46p47;1997;0.0082;992;j
RS;sdiinc992j;p46p47;1998;0.0078999996;992;j
RS;sdiinc992j;p46p47;1999;0.0077999998;992;j
RS;sdiinc992j;p46p47;2000;0.0077999998;992;j
RS;sdiinc992j;p46p47;2001;0.0077999998;992;j
RS;sdiinc992j;p46p47;2002;0.0077;992;j
RS;sdiinc992j;p46p47;2003;0.0077;992;j
RS;sdiinc992j;p46p47;2004;0.0076000001;992;j
RS;sdiinc992j;p46p47;2005;0.0074999998;992;j
RS;sdiinc992j;p46p47;2006;0.0074999998;992;j
RS;sdiinc992j;p46p47;2007;0.0074999998;992;j
RS;sdiinc992j;p46p47;2008;0.0074999998;992;j
RS;sdiinc992j;p46p47;2009;0.0073000002;992;j
RS;sdiinc992j;p46p47;2010;0.0071999999;992;j
RS;sdiinc992j;p46p47;2011;0.0071;992;j
RS;sdiinc992j;p46p47;2012;0.0070000002;992;j
RS;sdiinc992j;p46p47;2013;0.0070000002;992;j
RS;sdiinc992j;p46p47;2014;0.0068999999;992;j
RS;sdiinc992j;p46p47;2015;0.0068000001;992;j
RS;sdiinc992j;p46p47;2016;0.0068000001;992;j
RS;sdiinc992j;p46p47;2017;0.0068000001;992;j
RS;sdiinc992j;p65p66;1990;0.0109;992;j
RS;sdiinc992j;p65p66;1991;0.0109;992;j
RS;sdiinc992j;p65p66;1992;0.0109;992;j
RS;sdiinc992j;p65p66;1993;0.0108;992;j
RS;sdiinc992j;p65p66;1994;0.0108;992;j
RS;sdiinc992j;p65p66;1995;0.0108;992;j
RS;sdiinc992j;p65p66;1996;0.0108;992;j
RS;sdiinc992j;p65p66;1997;0.0108;992;j
RS;sdiinc992j;p65p66;1998;0.0107;992;j
RS;sdiinc992j;p65p66;1999;0.0106;992;j
RS;sdiinc992j;p65p66;2000;0.0105;992;j
RS;sdiinc992j;p65p66;2001;0.0104;992;j
RS;sdiinc992j;p65p66;2002;0.0105;992;j
RS;sdiinc992j;p65p66;2003;0.0105;992;j
RS;sdiinc992j;p65p66;2004;0.0105;992;j
RS;sdiinc992j;p65p66;2005;0.0104;992;j
RS;sdiinc992j;p65p66;2006;0.0104;992;j
RS;sdiinc992j;p65p66;2007;0.0105;992;j
RS;sdiinc992j;p65p66;2008;0.0105;992;j
RS;sdiinc992j;p65p66;2009;0.0104;992;j
RS;sdiinc992j;p65p66;2010;0.0104;992;j
RS;sdiinc992j;p65p66;2011;0.0103;992;j
RS;sdiinc992j;p65p66;2012;0.0103;992;j
RS;sdiinc992j;p65p66;2013;0.0105;992;j
RS;sdiinc992j;p65p66;2014;0.0101;992;j
RS;sdiinc992j;p65p66;2015;0.0098000001;992;j
RS;sdiinc992j;p65p66;2016;0.0098000001;992;j
RS;sdiinc992j;p65p66;2017;0.0098000001;992;j
RS;sdiinc992j;p71p100;1990;0.54269999;992;j
RS;sdiinc992j;p71p100;1991;0.54070002;992;j
RS;sdiinc992j;p71p100;1992;0.53909999;992;j
RS;sdiinc992j;p71p100;1993;0.53780001;992;j
RS;sdiinc992j;p71p100;1994;0.53640002;992;j
RS;sdiinc992j;p71p100;1995;0.53509998;992;j
RS;sdiinc992j;p71p100;1996;0.53310001;992;j
RS;sdiinc992j;p71p100;1997;0.53060001;992;j
RS;sdiinc992j;p71p100;1998;0.53399998;992;j
RS;sdiinc992j;p71p100;1999;0.53930002;992;j
RS;sdiinc992j;p71p100;2000;0.54220003;992;j
RS;sdiinc992j;p71p100;2001;0.5442;992;j
RS;sdiinc992j;p71p100;2002;0.55129999;992;j
RS;sdiinc992j;p71p100;2003;0.55430001;992;j
RS;sdiinc992j;p71p100;2004;0.5643;992;j
RS;sdiinc992j;p71p100;2005;0.57160002;992;j
RS;sdiinc992j;p71p100;2006;0.57959998;992;j
RS;sdiinc992j;p71p100;2007;0.57959998;992;j
RS;sdiinc992j;p71p100;2008;0.58310002;992;j
RS;sdiinc992j;p71p100;2009;0.58950001;992;j
RS;sdiinc992j;p71p100;2010;0.6002;992;j
RS;sdiinc992j;p71p100;2011;0.611;992;j
RS;sdiinc992j;p71p100;2012;0.61430001;992;j
RS;sdiinc992j;p71p100;2013;0.6153;992;j
RS;sdiinc992j;p71p100;2014;0.60229999;992;j
RS;sdiinc992j;p71p100;2015;0.62159997;992;j
RS;sdiinc992j;p71p100;2016;0.62580001;992;j
RS;sdiinc992j;p71p100;2017;0.62639999;992;j
RS;sdiinc992j;p76p77;1990;0.0131;992;j
RS;sdiinc992j;p76p77;1991;0.0131;992;j
RS;sdiinc992j;p76p77;1992;0.0131;992;j
RS;sdiinc992j;p76p77;1993;0.0131;992;j
RS;sdiinc992j;p76p77;1994;0.013;992;j
RS;sdiinc992j;p76p77;1995;0.013;992;j
RS;sdiinc992j;p76p77;1996;0.013;992;j
RS;sdiinc992j;p76p77;1997;0.013;992;j
RS;sdiinc992j;p76p77;1998;0.0129;992;j
RS;sdiinc992j;p76p77;1999;0.0127;992;j
RS;sdiinc992j;p76p77;2000;0.0126;992;j
RS;sdiinc992j;p76p77;2001;0.0125;992;j
RS;sdiinc992j;p76p77;2002;0.0126;992;j
RS;sdiinc992j;p76p77;2003;0.0126;992;j
RS;sdiinc992j;p76p77;2004;0.0128;992;j
RS;sdiinc992j;p76p77;2005;0.0127;992;j
RS;sdiinc992j;p76p77;2006;0.0127;992;j
RS;sdiinc992j;p76p77;2007;0.0129;992;j
RS;sdiinc992j;p76p77;2008;0.0129;992;j
RS;sdiinc992j;p76p77;2009;0.0129;992;j
RS;sdiinc992j;p76p77;2010;0.0129;992;j
RS;sdiinc992j;p76p77;2011;0.0129;992;j
RS;sdiinc992j;p76p77;2012;0.0129;992;j
RS;sdiinc992j;p76p77;2013;0.0132;992;j
RS;sdiinc992j;p76p77;2014;0.0126;992;j
RS;sdiinc992j;p76p77;2015;0.0122;992;j
RS;sdiinc992j;p76p77;2016;0.0122;992;j
RS;sdiinc992j;p76p77;2017;0.0122;992;j
RS;sdiinc992j;p99.997p99.998;1990;0.0008;992;j
RS;sdiinc992j;p99.997p99.998;1991;0.0007;992;j
RS;sdiinc992j;p99.997p99.998;1992;0.0007;992;j
RS;sdiinc992j;p99.997p99.998;1993;0.0007;992;j
RS;sdiinc992j;p99.997p99.998;1994;0.0006;992;j
RS;sdiinc992j;p99.997p99.998;1995;0.0006;992;j
RS;sdiinc992j;p99.997p99.998;1996;0.0006;992;j
RS;sdiinc992j;p99.997p99.998;1997;0.0006;992;j
RS;sdiinc992j;p99.997p99.998;1998;0.0006;992;j
RS;sdiinc992j;p99.997p99.998;1999;0.0007;992;j
RS;sdiinc992j;p99.997p99.998;2000;0.0008;992;j
RS;sdiinc992j;p99.997p99.998;2001;0.0009;992;j
RS;sdiinc992j;p99.997p99.998;2002;0.0008;992;j
RS;sdiinc992j;p99.997p99.998;2003;0.0008;992;j
RS;sdiinc992j;p99.997p99.998;2004;0.0009;992;j
RS;sdiinc992j;p99.997p99.998;2005;0.0009;992;j
RS;sdiinc992j;p99.997p99.998;2006;0.0009;992;j
RS;sdiinc992j;p99.997p99.998;2007;0.0007;992;j
RS;sdiinc992j;p99.997p99.998;2008;0.0007;992;j
RS;sdiinc992j;p99.997p99.998;2009;0.0008;992;j
RS;sdiinc992j;p99.997p99.998;2010;0.0008;992;j
RS;sdiinc992j;p99.997p99.998;2011;0.0008;992;j
RS;sdiinc992j;p99.997p99.998;2012;0.0011;992;j
RS;sdiinc992j;p99.997p99.998;2013;0.0009;992;j
RS;sdiinc992j;p99.997p99.998;2014;0.0016;992;j
RS;sdiinc992j;p99.997p99.998;2015;0.0024999999;992;j
RS;sdiinc992j;p99.997p99.998;2016;0.0024999999;992;j
RS;sdiinc992j;p99.997p99.998;2017;0.0024999999;992;j
RS;sptinc992j;p0p10;1990;0.0126;992;j
RS;sptinc992j;p0p10;1991;0.0127;992;j
RS;sptinc992j;p0p10;1992;0.0128;992;j
RS;sptinc992j;p0p10;1993;0.0129;992;j
RS;sptinc992j;p0p10;1994;0.0131;992;j
RS;sptinc992j;p0p10;1995;0.0132;992;j
RS;sptinc992j;p0p10;1996;0.0133;992;j
RS;sptinc992j;p0p10;1997;0.0134;992;j
RS;sptinc992j;p0p10;1998;0.0148;992;j
RS;sptinc992j;p0p10;1999;0.0151;992;j
RS;sptinc992j;p0p10;2000;0.0148;992;j
RS;sptinc992j;p0p10;2001;0.015;992;j
RS;sptinc992j;p0p10;2002;0.0123;992;j
RS;sptinc992j;p0p10;2003;0.0115;992;j
RS;sptinc992j;p0p10;2004;0.0106;992;j
RS;sptinc992j;p0p10;2005;0.0097000003;992;j
RS;sptinc992j;p0p10;2006;0.0083999997;992;j
RS;sptinc992j;p0p10;2007;0.0074999998;992;j
RS;sptinc992j;p0p10;2008;0.0063;992;j
RS;sptinc992j;p0p10;2009;0.0055;992;j
RS;sptinc992j;p0p10;2010;0.0051000002;992;j
RS;sptinc992j;p0p10;2011;0.0043000001;992;j
RS;sptinc992j;p0p10;2012;0.0041999999;992;j
RS;sptinc992j;p0p10;2013;0.0034;992;j
RS;sptinc992j;p0p10;2014;0.0035000001;992;j
RS;sptinc992j;p0p10;2015;0.0035000001;992;j
RS;sptinc992j;p0p10;2016;0.0035000001;992;j
RS;sptinc992j;p0p10;2017;0.0035000001;992;j
RS;sptinc992j;p67p68;1990;0.0113;992;j
RS;sptinc992j;p67p68;1991;0.0112;992;j
RS;sptinc992j;p67p68;1992;0.0112;992;j
RS;sptinc992j;p67p68;1993;0.0111;992;j
RS;sptinc992j;p67p68;1994;0.0111;992;j
RS;sptinc992j;p67p68;1995;0.011;992;j
RS;sptinc992j;p67p68;1996;0.011;992;j
RS;sptinc992j;p67p68;1997;0.0109;992;j
RS;sptinc992j;p67p68;1998;0.0109;992;j
RS;sptinc992j;p67p68;1999;0.0108;992;j
RS;sptinc992j;p67p68;2000;0.0106;992;j
RS;sptinc992j;p67p68;2001;0.0105;992;j
RS;sptinc992j;p67p68;2002;0.0106;992;j
RS;sptinc992j;p67p68;2003;0.0106;992;j
RS;sptinc992j;p67p68;2004;0.0105;992;j
RS;sptinc992j;p67p68;2005;0.0104;992;j
RS;sptinc992j;p67p68;2006;0.0105;992;j
RS;sptinc992j;p67p68;2007;0.0107;992;j
RS;sptinc992j;p67p68;2008;0.0107;992;j
RS;sptinc992j;p67p68;2009;0.0107;992;j
RS;sptinc992j;p67p68;2010;0.0106;992;j
RS;sptinc992j;p67p68;2011;0.0106;992;j
RS;sptinc992j;p67p68;2012;0.0107;992;j
RS;sptinc992j;p67p68;2013;0.0108;992;j
RS;sptinc992j;p67p68;2014;0.0106;992;j
RS;sptinc992j;p67p68;2015;0.0106;992;j
RS;sptinc992j;p67p68;2016;0.0106;992;j
RS;sptinc992j;p67p68;2017;0.0106;992;j
RS;sptinc992j;p92p100;1990;0.26359999;992;j
RS;sptinc992j;p92p100;1991;0.2658;992;j
RS;sptinc992j;p92p100;1992;0.26789999;992;j
RS;sptinc992j;p92p100;1993;0.2701;992;j
RS;sptinc992j;p92p100;1994;0.2723;992;j
RS;sptinc992j;p92p100;1995;0.2746;992;j
RS;sptinc992j;p92p100;1996;0.27590001;992;j
RS;sptinc992j;p92p100;1997;0.2773;992;j
RS;sptinc992j;p92p100;1998;0.27950001;992;j
RS;sptinc992j;p92p100;1999;0.28369999;992;j
RS;sptinc992j;p92p100;2000;0.29280001;992;j
RS;sptinc992j;p92p100;2001;0.29730001;992;j
RS;sptinc992j;p92p100;2002;0.30180001;992;j
RS;sptinc992j;p92p100;2003;0.30410001;992;j
RS;sptinc992j;p92p100;2004;0.31220001;992;j
RS;sptinc992j;p92p100;2005;0.3177;992;j
RS;sptinc992j;p92p100;2006;0.32120001;992;j
RS;sptinc992j;p92p100;2007;0.31459999;992;j
RS;sptinc992j;p92p100;2008;0.3177;992;j
RS;sptinc992j;p92p100;2009;0.3211;992;j
RS;sptinc992j;p92p100;2010;0.3308;992;j
RS;sptinc992j;p92p100;2011;0.33930001;992;j
RS;sptinc992j;p92p100;2012;0.3353;992;j
RS;sptinc992j;p92p100;2013;0.33199999;992;j
RS;sptinc992j;p92p100;2014;0.3502;992;j
RS;sptinc992j;p92p100;2015;0.34349999;992;j
RS;sptinc992j;p92p100;2016;0.34369999;992;j
RS;sptinc992j;p92p100;2017;0.34400001;992;j
RS;tcainc992j;p56p100;1990;477808.69;992;j
RS;tcainc992j;p56p100;1991;415767.91;992;j
RS;tcainc992j;p56p100;1992;285306.09;992;j
RS;tcainc992j;p56p100;1993;184921.41;992;j
RS;tcainc992j;p56p100;1994;190580.41;992;j
RS;tcainc992j;p56p100;1995;201346.59;992;j
RS;tcainc992j;p56p100;1996;203312.8;992;j
RS;tcainc992j;p56p100;1997;214737.3;992;j
RS;tcainc992j;p56p100;1998;233636.3;992;j
RS;tcainc992j;p56p100;1999;263509.91;992;j
RS;tcainc992j;p56p100;2000;283604.5;992;j
RS;tcainc992j;p56p100;2001;274431.59;992;j
RS;tcainc992j;p56p100;2002;285786.09;992;j
RS;tcainc992j;p56p100;2003;300389.31;992;j
RS;tcainc992j;p56p100;2004;356274.09;992;j
RS;tcainc992j;p56p100;2005;402314.59;992;j
RS;tcainc992j;p56p100;2006;422764.81;992;j
RS;tcainc992j;p56p100;2007;423748.91;992;j
RS;tcainc992j;p56p100;2008;450431.19;992;j
RS;tcainc992j;p56p100;2009;445337.19;992;j
RS;tcainc992j;p56p100;2010;438344.81;992;j
RS;tcainc992j;p56p100;2011;439457.81;992;j
RS;tcainc992j;p56p100;2012;435665.81;992;j
RS;tcainc992j;p56p100;2013;443746.69;992;j
RS;tcainc992j;p56p100;2014;425920.59;992;j
RS;tcainc992j;p56p100;2015;419771.31;992;j
RS;tcainc992j;p56p100;2016;435396.81;992;j
RS;tcainc992j;p56p100;2017;435670.81;992;j
RS;tdiinc992j;p14p100;1990;235973.5;992;j
RS;tdiinc992j;p14p100;1991;208577.3;992;j
RS;tdiinc992j;p14p100;1992;145255.5;992;j
RS;tdiinc992j;p14p100;1993;95748.398;992;j
RS;tdiinc992j;p14p100;1994;100272.9;992;j
RS;tdiinc992j;p14p100;1995;107471.9;992;j
RS;tdiinc992j;p14p100;1996;109986.3;992;j
RS;tdiinc992j;p14p100;1997;118439.7;992;j
RS;tdiinc992j;p14p100;1998;130897.0;992;j
RS;tdiinc992j;p14p100;1999;140654.3;992;j
RS;tdiinc992j;p14p100;2000;153198.41;992;j
RS;tdiinc992j;p14p100;2001;150504.91;992;j
RS;tdiinc992j;p14p100;2002;149003.5;992;j
RS;tdiinc992j;p14p100;2003;152142.91;992;j
RS;tdiinc992j;p14p100;2004;150323.2;992;j
RS;tdiinc992j;p14p100;2005;159495.8;992;j
RS;tdiinc992j;p14p100;2006;156130.09;992;j
RS;tdiinc992j;p14p100;2007;156323.3;992;j
RS;tdiinc992j;p14p100;2008;158725.41;992;j
RS;tdiinc992j;p14p100;2009;149644.0;992;j
RS;tdiinc992j;p14p100;2010;138334.0;992;j
RS;tdiinc992j;p14p100;2011;121581.5;992;j
RS;tdiinc992j;p14p100;2012;121056.9;992;j
RS;tdiinc992j;p14p100;2013;124123.3;992;j
RS;tdiinc992j;p14p100;2014;167135.8;992;j
RS;tdiinc992j;p14p100;2015;138625.41;992;j
RS;tdiinc992j;p14p100;2016;135869.0;992;j
RS;tdiinc992j;p14p100;2017;135804.09;992;j
RS;tdiinc992j;p41p100;1990;535595.81;992;j
RS;tdiinc992j;p41p100;1991;466013.09;992;j
RS;tdiinc992j;p41p100;1992;319980.81;992;j
RS;tdiinc992j;p41p100;1993;207741.91;992;j
RS;tdiinc992j;p41p100;1994;214153.5;992;j
RS;tdiinc992j;p41p100;1995;226180.8;992;j
RS;tdiinc992j;p41p100;1996;228767.3;992;j
RS;tdiinc992j;p41p100;1997;243288.0;992;j
RS;tdiinc992j;p41p100;1998;249593.8;992;j
RS;tdiinc992j;p41p100;1999;270987.09;992;j
RS;tdiinc992j;p41p100;2000;297011.09;992;j
RS;tdiinc992j;p41p100;2001;295657.0;992;j
RS;tdiinc992j;p41p100;2002;317252.19;992;j
RS;tdiinc992j;p41p100;2003;331003.19;992;j
RS;tdiinc992j;p41p100;2004;367313.59;992;j
RS;tdiinc992j;p41p100;2005;401663.09;992;j
RS;tdiinc992j;p41p100;2006;416948.59;992;j
RS;tdiinc992j;p41p100;2007;429434.19;992;j
RS;tdiinc992j;p41p100;2008;454638.41;992;j
RS;tdiinc992j;p41p100;2009;440418.81;992;j
RS;tdiinc992j;p41p100;2010;431296.91;992;j
RS;tdiinc992j;p41p100;2011;425180.0;992;j
RS;tdiinc992j;p41p100;2012;415662.81;992;j
RS;tdiinc992j;p41p100;2013;421148.31;992;j
RS;tdiinc992j;p41p100;2014;416026.19;992;j
RS;tdiinc992j;p41p100;2015;412462.19;992;j
RS;tdiinc992j;p41p100;2016;421650.5;992;j
RS;tdiinc992j;p41p100;2017;423692.5;992;j
RS;tdiinc992j;p6p100;1990;155056.3;992;j
RS;tdiinc992j;p6p100;1991;134099.5;992;j
RS;tdiinc992j;p6p100;1992;91451.602;992;j
RS;tdiinc992j;p6p100;1993;59283.699;992;j
RS;tdiinc992j;p6p100;1994;62309.102;992;j
RS;tdiinc992j;p6p100;1995;66722.0;992;j
RS;tdiinc992j;p6p100;1996;68420.297;992;j
RS;tdiinc992j;p6p100;1997;74260.797;992;j
RS;tdiinc992j;p6p100;1998;79117.797;992;j
RS;tdiinc992j;p6p100;1999;85109.297;992;j
RS;tdiinc992j;p6p100;2000;92153.297;992;j
RS;tdiinc992j;p6p100;2001;90952.602;992;j
RS;tdiinc992j;p6p100;2002;84728.102;992;j
RS;tdiinc992j;p6p100;2003;89259.5;992;j
RS;tdiinc992j;p6p100;2004;89574.102;992;j
RS;tdiinc992j;p6p100;2005;92974.102;992;j
RS;tdiinc992j;p6p100;2006;86075.398;992;j
RS;tdiinc992j;p6p100;2007;83149.5;992;j
RS;tdiinc992j;p6p100;2008;91465.398;992;j
RS;tdiinc992j;p6p100;2009;92389.102;992;j
RS;tdiinc992j;p6p100;2010;87066.5;992;j
RS;tdiinc992j;p6p100;2011;79793.0;992;j
RS;tdiinc992j;p6p100;2012;77365.703;992;j
RS;tdiinc992j;p6p100;2013;102711.6;992;j
RS;tdiinc992j;p6p100;2014;146613.3;992;j
RS;tdiinc992j;p6p100;2015;119040.8;992;j
RS;tdiinc992j;p6p100;2016;115350.0;992;j
RS;tdiinc992j;p6p100;2017;115169.6;992;j
RS;tptinc992j;p15p16;1990;198902.3;992;j
RS;tptinc992j;p15p16;1991;172755.2;992;j
RS;tptinc992j;p15p16;1992;118115.0;992;j
RS;tptinc992j;p15p16;1993;76376.102;992;j
RS;tptinc992j;p15p16;1994;78552.602;992;j
RS;tptinc992j;p15p16;1995;82646.703;992;j
RS;tptinc992j;p15p16;1996;83091.5;992;j
RS;tptinc992j;p15p16;1997;87873.797;992;j
RS;tptinc992j;p15p16;1998;98467.703;992;j
RS;tptinc992j;p15p16;1999;107382.0;992;j
RS;tptinc992j;p15p16;2000;116380.9;992;j
RS;tptinc992j;p15p16;2001;116265.6;992;j
RS;tptinc992j;p15p16;2002;113196.0;992;j
RS;tptinc992j;p15p16;2003;114807.7;992;j
RS;tptinc992j;p15p16;2004;118009.4;992;j
RS;tptinc992j;p15p16;2005;120559.3;992;j
RS;tptinc992j;p15p16;2006;112001.1;992;j
RS;tptinc992j;p15p16;2007;102023.9;992;j
RS;tptinc992j;p15p16;2008;93130.602;992;j
RS;tptinc992j;p15p16;2009;84591.203;992;j
RS;tptinc992j;p15p16;2010;73744.703;992;j
RS;tptinc992j;p15p16;2011;60257.199;992;j
RS;tptinc992j;p15p16;2012;54437.0;992;j
RS;tptinc992j;p15p16;2013;48308.301;992;j
RS;tptinc992j;p15p16;2014;48969.801;992;j
RS;tptinc992j;p15p16;2015;49132.0;992;j
RS;tptinc992j;p15p16;2016;50776.801;992;j
RS;tptinc992j;p15p16;2017;50555.5;992;j
RS;tptinc992j;p19p100;1990;229649.91;992;j
RS;tptinc992j;p19p100;1991;197924.09;992;j
RS;tptinc992j;p19p100;1992;134843.7;992;j
RS;tptinc992j;p19p100;1993;87121.602;992;j
RS;tptinc992j;p19p100;1994;89050.203;992;j
RS;tptinc992j;p19p100;1995;93277.102;992;j
RS;tptinc992j;p19p100;1996;93858.602;992;j
RS;tptinc992j;p19p100;1997;98894.102;992;j
RS;tptinc992j;p19p100;1998;111017.0;992;j
RS;tptinc992j;p19p100;1999;121767.5;992;j
RS;tptinc992j;p19p100;2000;129884.8;992;j
RS;tptinc992j;p19p100;2001;129799.0;992;j
RS;tptinc992j;p19p100;2002;128103.8;992;j
RS;tptinc992j;p19p100;2003;131616.2;992;j
RS;tptinc992j;p19p100;2004;137449.7;992;j
RS;tptinc992j;p19p100;2005;143683.91;992;j
RS;tptinc992j;p19p100;2006;137735.5;992;j
RS;tptinc992j;p19p100;2007;133301.8;992;j
RS;tptinc992j;p19p100;2008;127705.7;992;j
RS;tptinc992j;p19p100;2009;112094.1;992;j
RS;tptinc992j;p19p100;2010;102507.3;992;j
RS;tptinc992j;p19p100;2011;88244.203;992;j
RS;tptinc992j;p19p100;2012;82766.203;992;j
RS;tptinc992j;p19p100;2013;78154.203;992;j
RS;tptinc992j;p19p100;2014;79221.602;992;j
RS;tptinc992j;p19p100;2015;79485.703;992;j
RS;tptinc992j;p19p100;2016;82146.703;992;j
RS;tptinc992j;p19p100;2017;81788.602;992;j
RS;tptinc992j;p22p100;1990;265851.0;992;j
RS;tptinc992j;p22p100;1991;230007.7;992;j
RS;tptinc992j;p22p100;1992;157518.7;992;j
RS;tptinc992j;p22p100;1993;101771.4;992;j
RS;tptinc992j;p22p100;1994;104506.6;992;j
RS;tptinc992j;p22p100;1995;109940.0;992;j
RS;tptinc992j;p22p100;1996;110792.1;992;j
RS;tptinc992j;p22p100;1997;117330.1;992;j
RS;tptinc992j;p22p100;1998;128689.2;992;j
RS;tptinc992j;p22p100;1999;138999.3;992;j
RS;tptinc992j;p22p100;2000;149556.5;992;j
RS;tptinc992j;p22p100;2001;148649.41;992;j
RS;tptinc992j;p22p100;2002;148355.7;992;j
RS;tptinc992j;p22p100;2003;154445.7;992;j
RS;tptinc992j;p22p100;2004;163400.91;992;j
RS;tptinc992j;p22p100;2005;174429.09;992;j
RS;tptinc992j;p22p100;2006;172145.3;992;j
RS;tptinc992j;p22p100;2007;171497.09;992;j
RS;tptinc992j;p22p100;2008;168648.41;992;j
RS;tptinc992j;p22p100;2009;158113.59;992;j
RS;tptinc992j;p22p100;2010;146592.8;992;j
RS;tptinc992j;p22p100;2011;125499.2;992;j
RS;tptinc992j;p22p100;2012;109636.5;992;j
RS;tptinc992j;p22p100;2013;116610.9;992;j
RS;tptinc992j;p22p100;2014;102306.5;992;j
RS;tptinc992j;p22p100;2015;112183.5;992;j
RS;tptinc992j;p22p100;2016;115740.6;992;j
RS;tptinc992j;p22p100;2017;115982.0;992;j
RS;tptinc992j;p46p47;1990;553582.38;992;j
RS;tptinc992j;p46p47;1991;478208.69;992;j
RS;tptinc992j;p46p47;1992;325415.41;992;j
RS;tptinc992j;p46p47;1993;209590.5;992;j
RS;tptinc992j;p46p47;1994;214559.7;992;j
RS;tptinc992j;p46p47;1995;225219.5;992;j
RS;tptinc992j;p46p47;1996;225958.09;992;j
RS;tptinc992j;p46p47;1997;238496.41;992;j
RS;tptinc992j;p46p47;1998;244562.8;992;j
RS;tptinc992j;p46p47;1999;268242.91;992;j
RS;tptinc992j;p46p47;2000;291548.69;992;j
RS;tptinc992j;p46p47;2001;290765.5;992;j
RS;tptinc992j;p46p47;2002;309602.59;992;j
RS;tptinc992j;p46p47;2003;325056.91;992;j
RS;tptinc992j;p46p47;2004;360302.59;992;j
RS;tptinc992j;p46p47;2005;394827.19;992;j
RS;tptinc992j;p46p47;2006;414713.41;992;j
RS;tptinc992j;p46p47;2007;430998.0;992;j
RS;tptinc992j;p46p47;2008;454975.09;992;j
RS;tptinc992j;p46p47;2009;445889.5;992;j
RS;tptinc992j;p46p47;2010;437475.69;992;j
RS;tptinc992j;p46p47;2011;430278.69;992;j
RS;tptinc992j;p46p47;2012;424116.31;992;j
RS;tptinc992j;p46p47;2013;444360.0;992;j
RS;tptinc992j;p46p47;2014;422581.19;992;j
RS;tptinc992j;p46p47;2015;435837.59;992;j
RS;tptinc992j;p46p47;2016;449169.69;992;j
RS;tptinc992j;p46p47;2017;451498.19;992;j
RS;tptinc992j;p50p90;1990;598921.0;992;j
RS;tptinc992j;p50p90;1991;517593.91;992;j
RS;tptinc992j;p50p90;1992;352926.19;992;j
RS;tptinc992j;p50p90;1993;227801.41;992;j
RS;tptinc992j;p50p90;1994;233657.0;992;j
RS;tptinc992j;p50p90;1995;245398.3;992;j
RS;tptinc992j;p50p90;1996;246721.8;992;j
RS;tptinc992j;p50p90;1997;260681.5;992;j
RS;tptinc992j;p50p90;1998;268978.91;992;j
RS;tptinc992j;p50p90;1999;293452.91;992;j
RS;tptinc992j;p50p90;2000;317930.41;992;j
RS;tptinc992j;p50p90;2001;315508.0;992;j
RS;tptinc992j;p50p90;2002;339783.81;992;j
RS;tptinc992j;p50p90;2003;353380.0;992;j
RS;tptinc992j;p50p90;2004;392324.91;992;j
RS;tptinc992j;p50p90;2005;429941.31;992;j
RS;tptinc992j;p50p90;2006;452700.09;992;j
RS;tptinc992j;p50p90;2007;471300.5;992;j
RS;tptinc992j;p50p90;2008;500551.41;992;j
RS;tptinc992j;p50p90;2009;490387.69;992;j
RS;tptinc992j;p50p90;2010;477746.5;992;j
RS;tptinc992j;p50p90;2011;472858.31;992;j
RS;tptinc992j;p50p90;2012;476121.0;992;j
RS;tptinc992j;p50p90;2013;494060.91;992;j
RS;tptinc992j;p50p90;2014;464700.41;992;j
RS;tptinc992j;p50p90;2015;483118.41;992;j
RS;tptinc992j;p50p90;2016;497984.41;992;j
RS;tptinc992j;p50p90;2017;500555.91;992;j
RS;tptinc992j;p99.3p99.4;1990;3785059.0;992;j
RS;tptinc992j;p99.3p99.4;1991;3316899.5;992;j
RS;tptinc992j;p99.3p99.4;1992;2296097.5;992;j
RS;tptinc992j;p99.3p99.4;1993;1502568.9;992;j
RS;tptinc992j;p99.3p99.4;1994;1566342.5;992;j
RS;tptinc992j;p99.3p99.4;1995;1669715.0;992;j
RS;tptinc992j;p99.3p99.4;1996;1691128.4;992;j
RS;tptinc992j;p99.3p99.4;1997;1800254.0;992;j
RS;tptinc992j;p99.3p99.4;1998;1920702.8;992;j
RS;tptinc992j;p99.3p99.4;1999;2143807.0;992;j
RS;tptinc992j;p99.3p99.4;2000;2463657.8;992;j
RS;tptinc992j;p99.3p99.4;2001;2502018.8;992;j
RS;tptinc992j;p99.3p99.4;2002;2749967.8;992;j
RS;tptinc992j;p99.3p99.4;2003;2906373.0;992;j
RS;tptinc992j;p99.3p99.4;2004;3370189.5;992;j
RS;tptinc992j;p99.3p99.4;2005;3841035.5;992;j
RS;tptinc992j;p99.3p99.4;2006;4099180.8;992;j
RS;tptinc992j;p99.3p99.4;2007;4096857.8;992;j
RS;tptinc992j;p99.3p99.4;2008;4403157.5;992;j
RS;tptinc992j;p99.3p99.4;2009;4376075.5;992;j
RS;tptinc992j;p99.3p99.4;2010;4582596.5;992;j
RS;tptinc992j;p99.3p99.4;2011;4724211.0;992;j
RS;tptinc992j;p99.3p99.4;2012;4726838.5;992;j
RS;tptinc992j;p99.3p99.4;2013;4746416.5;992;j
RS;tptinc992j;p99.3p99.4;2014;4865869.5;992;j
RS;tptinc992j;p99.3p99.4;2015;4757334.5;992;j
RS;tptinc992j;p99.3p99.4;2016;4908432.5;992;j
RS;tptinc992j;p99.3p99.4;2017;4944818.5;992;j
RS;acainc992j;p50p60;1990;472659.09;992;j
RS;acainc992j;p50p60;1991;410987.0;992;j
RS;acainc992j;p50p60;1992;281591.0;992;j
RS;acainc992j;p50p60;1993;182493.59;992;j
RS;acainc992j;p50p60;1994;187869.0;992;j
RS;acainc992j;p50p60;1995;198175.0;992;j
RS;acainc992j;p50p60;1996;200007.3;992;j
RS;acainc992j;p50p60;1997;211280.91;992;j
RS;acainc992j;p50p60;1998;229116.7;992;j
RS;acainc992j;p50p60;1999;259178.91;992;j
RS;acainc992j;p50p60;2000;278723.69;992;j
RS;acainc992j;p50p60;2001;269629.41;992;j
RS;acainc992j;p50p60;2002;281390.5;992;j
RS;acainc992j;p50p60;2003;295398.19;992;j
RS;acainc992j;p50p60;2004;351348.81;992;j
RS;acainc992j;p50p60;2005;394800.09;992;j
RS;acainc992j;p50p60;2006;414006.59;992;j
RS;acainc992j;p50p60;2007;415831.09;992;j
RS;acainc992j;p50p60;2008;443761.69;992;j
RS;acainc992j;p50p60;2009;434827.31;992;j
RS;acainc992j;p50p60;2010;430025.69;992;j
RS;acainc992j;p50p60;2011;430259.5;992;j
RS;acainc992j;p50p60;2012;425396.5;992;j
RS;acainc992j;p50p60;2013;435367.5;992;j
RS;acainc992j;p50p60;2014;419090.81;992;j
RS;acainc992j;p50p60;2015;414080.19;992;j
RS;acainc992j;p50p60;2016;429413.59;992;j
RS;acainc992j;p50p60;2017;429678.31;992;j
RS;acainc992j;p66p67;1990;577090.31;992;j
RS;acainc992j;p66p67;1991;500996.91;992;j
RS;acainc992j;p66p67;1992;342485.59;992;j
RS;acainc992j;p66p67;1993;221565.5;992;j
RS;acainc992j;p66p67;1994;227452.2;992;j
RS;acainc992j;p66p67;1995;239296.59;992;j
RS;acainc992j;p66p67;1996;240960.41;992;j
RS;acainc992j;p66p67;1997;253999.8;992;j
RS;acainc992j;p66p67;1998;277270.91;992;j
RS;acainc992j;p66p67;1999;313594.41;992;j
RS;acainc992j;p66p67;2000;334903.0;992;j
RS;acainc992j;p66p67;2001;324698.41;992;j
RS;acainc992j;p66p67;2002;342689.41;992;j
RS;acainc992j;p66p67;2003;360927.91;992;j
RS;acainc992j;p66p67;2004;432903.19;992;j
RS;acainc992j;p66p67;2005;487274.31;992;j
RS;acainc992j;p66p67;2006;515099.69;992;j
RS;acainc992j;p66p67;2007;517935.81;992;j
RS;acainc992j;p66p67;2008;557031.19;992;j
RS;acainc992j;p66p67;2009;546928.19;992;j
RS;acainc992j;p66p67;2010;546183.5;992;j
RS;acainc992j;p66p67;2011;549840.38;992;j
RS;acainc992j;p66p67;2012;545838.0;992;j
RS;acainc992j;p66p67;2013;569988.31;992;j
RS;acainc992j;p66p67;2014;538130.5;992;j
RS;acainc992j;p66p67;2015;523363.19;992;j
RS;acainc992j;p66p67;2016;542658.0;992;j
RS;acainc992j;p66p67;2017;543090.63;992;j
RS;acainc992j;p99.7p100;1990;7467861.5;992;j
RS;acainc992j;p99.7p100;1991;6288038.0;992;j
RS;acainc992j;p99.7p100;1992;4154337.3;992;j
RS;acainc992j;p99.7p100;1993;2641675.3;992;j
RS;acainc992j;p99.7p100;1994;2681047.5;992;j
RS;acainc992j;p99.7p100;1995;2795863.5;992;j
RS;acainc992j;p99.7p100;1996;2754597.3;992;j
RS;acainc992j;p99.7p100;1997;2837336.5;992;j
RS;acainc992j;p99.7p100;1998;3231823.8;992;j
RS;acainc992j;p99.7p100;1999;4099633.0;992;j
RS;acainc992j;p99.7p100;2000;4741804.0;992;j
RS;acainc992j;p99.7p100;2001;5006507.5;992;j
RS;acainc992j;p99.7p100;2002;5208650.0;992;j
RS;acainc992j;p99.7p100;2003;5437382.0;992;j
RS;acainc992j;p99.7p100;2004;6589626.5;992;j
RS;acainc992j;p99.7p100;2005;7879576.5;992;j
RS;acainc992j;p99.7p100;2006;8203117.5;992;j
RS;acainc992j;p99.7p100;2007;7654845.5;992;j
RS;acainc992j;p99.7p100;2008;7846960.5;992;j
RS;acainc992j;p99.7p100;2009;8590494.0;992;j
RS;acainc992j;p99.7p100;2010;8640361.0;992;j
RS;acainc992j;p99.7p100;2011;8803359.0;992;j
RS;acainc992j;p99.7p100;2012;10823850.0;992;j
RS;acainc992j;p99.7p100;2013;9654714.0;992;j
RS;acainc992j;p99.7p100;2014;12804226.0;992;j
RS;acainc992j;p99.7p100;2015;17374424.0;992;j
RS;acainc992j;p99.7p100;2016;18025356.0;992;j
RS;acainc992j;p99.7p100;2017;18063310.0;992;j
RS;adiinc992j;p17p18;1990;266692.91;992;j
RS;adiinc992j;p17p18;1991;234008.09;992;j
RS;adiinc992j;p17p18;1992;162154.0;992;j
RS;adiinc992j;p17p18;1993;106484.7;992;j
RS;adiinc992j;p17p18;1994;111260.9;992;j
RS;adiinc992j;p17p18;1995;119010.4;992;j
RS;adiinc992j;p17p18;1996;121702.2;992;j
RS;adiinc992j;p17p18;1997;131291.41;992;j
RS;adiinc992j;p17p18;1998;143928.5;992;j
RS;adiinc992j;p17p18;1999;157005.91;992;j
RS;adiinc992j;p17p18;2000;170303.41;992;j
RS;adiinc992j;p17p18;2001;167670.8;992;j
RS;adiinc992j;p17p18;2002;168210.59;992;j
RS;adiinc992j;p17p18;2003;177140.3;992;j
RS;adiinc992j;p17p18;2004;179867.3;992;j
RS;adiinc992j;p17p18;2005;194048.91;992;j
RS;adiinc992j;p17p18;2006;187016.3;992;j
RS;adiinc992j;p17p18;2007;190439.3;992;j
RS;adiinc992j;p17p18;2008;194000.09;992;j
RS;adiinc992j;p17p18;2009;189280.91;992;j
RS;adiinc992j;p17p18;2010;169299.8;992;j
RS;adiinc992j;p17p18;2011;152400.59;992;j
RS;adiinc992j;p17p18;2012;150077.09;992;j
RS;adiinc992j;p17p18;2013;143646.0;992;j
RS;adiinc992j;p17p18;2014;183120.41;992;j
RS;adiinc992j;p17p18;2015;155382.59;992;j
RS;adiinc992j;p17p18;2016;153450.0;992;j
RS;adiinc992j;p17p18;2017;153526.7;992;j
RS;adiinc992j;p50p51;1990;630008.13;992;j
RS;adiinc992j;p50p51;1991;548523.0;992;j
RS;adiinc992j;p50p51;1992;376352.5;992;j
RS;adiinc992j;p50p51;1993;244152.09;992;j
RS;adiinc992j;p50p51;1994;251564.59;992;j
RS;adiinc992j;p50p51;1995;265500.31;992;j
RS;adiinc992j;p50p51;1996;268118.09;992;j
RS;adiinc992j;p50p51;1997;284890.09;992;j
RS;adiinc992j;p50p51;1998;292440.5;992;j
RS;adiinc992j;p50p51;1999;318322.19;992;j
RS;adiinc992j;p50p51;2000;348312.5;992;j
RS;adiinc992j;p50p51;2001;345456.19;992;j
RS;adiinc992j;p50p51;2002;372263.41;992;j
RS;adiinc992j;p50p51;2003;387397.31;992;j
RS;adiinc992j;p50p51;2004;435185.81;992;j
RS;adiinc992j;p50p51;2005;474859.69;992;j
RS;adiinc992j;p50p51;2006;497647.19;992;j
RS;adiinc992j;p50p51;2007;515615.5;992;j
RS;adiinc992j;p50p51;2008;546183.88;992;j
RS;adiinc992j;p50p51;2009;533054.19;992;j
RS;adiinc992j;p50p51;2010;524532.88;992;j
RS;adiinc992j;p50p51;2011;519796.69;992;j
RS;adiinc992j;p50p51;2012;512054.81;992;j
RS;adiinc992j;p50p51;2013;527065.63;992;j
RS;adiinc992j;p50p51;2014;507098.41;992;j
RS;adiinc992j;p50p51;2015;505671.41;992;j
RS;adiinc992j;p50p51;2016;518922.91;992;j
RS;adiinc992j;p50p51;2017;521586.09;992;j
RS;adiinc992j;p99.1p100;1990;5735321.0;992;j
RS;adiinc992j;p99.1p100;1991;4884069.5;992;j
RS;adiinc992j;p99.1p100;1992;3276080.5;992;j
RS;adiinc992j;p99.1p100;1993;2104376.5;992;j
RS;adiinc992j;p99.1p100;1994;2150410.0;992;j
RS;adiinc992j;p99.1p100;1995;2255733.0;992;j
RS;adiinc992j;p99.1p100;1996;2238572.0;992;j
RS;adiinc992j;p99.1p100;1997;2331287.3;992;j
RS;adiinc992j;p99.1p100;1998;2550726.3;992;j
RS;adiinc992j;p99.1p100;1999;3035512.5;992;j
RS;adiinc992j;p99.1p100;2000;3512612.3;992;j
RS;adiinc992j;p99.1p100;2001;3703266.5;992;j
RS;adiinc992j;p99.1p100;2002;3992665.3;992;j
RS;adiinc992j;p99.1p100;2003;4156784.0;992;j
RS;adiinc992j;p99.1p100;2004;4747612.0;992;j
RS;adiinc992j;p99.1p100;2005;5506353.5;992;j
RS;adiinc992j;p99.1p100;2006;5845776.0;992;j
RS;adiinc992j;p99.1p100;2007;5739545.0;992;j
RS;adiinc992j;p99.1p100;2008;5982710.5;992;j
RS;adiinc992j;p99.1p100;2009;6299348.0;992;j
RS;adiinc992j;p99.1p100;2010;6403413.5;992;j
RS;adiinc992j;p99.1p100;2011;6556076.5;992;j
RS;adiinc992j;p99.1p100;2012;7453032.0;992;j
RS;adiinc992j;p99.1p100;2013;6979510.0;992;j
RS;adiinc992j;p99.1p100;2014;8210875.0;992;j
RS;adiinc992j;p99.1p100;2015;10274356.0;992;j
RS;adiinc992j;p99.1p100;2016;10721568.0;992;j
RS;adiinc992j;p99.1p100;2017;10807443.0;992;j
RS;aprigo992i;p0p100;1997;42050.102;992;i
RS;aprigo992i;p0p100;1998;47311.199;992;i
RS;aprigo992i;p0p100;1999;46619.199;992;i
RS;aprigo992i;p0p100;2000;50397.801;992;i
RS;aprigo992i;p0p100;2001;71746.602;992;i
RS;aprigo992i;p0p100;2002;97466.797;992;i
RS;aprigo992i;p0p100;2003;108843.2;992;i
RS;aprigo992i;p0p100;2004;109006.5;992;i
RS;aprigo992i;p0p100;2005;121774.2;992;i
RS;aprigo992i;p0p100;2006;120839.1;992;i
RS;aprigo992i;p0p100;2007;132739.5;992;i
RS;aprigo992i;p0p100;2008;144771.41;992;i
RS;aprigo992i;p0p100;2009;146895.8;992;i
RS;aprigo992i;p0p100;2010;148598.59;992;i
RS;aprigo992i;p0p100;2011;125955.0;992;i
RS;aprpho992i;p0p100;1997;2090.2;992;i
RS;aprpho992i;p0p100;1998;4362.0;992;i
RS;aprpho992i;p0p100;1999;3742.3;992;i
RS;aprpho992i;p0p100;2000;6692.5;992;i
RS;aprpho992i;p0p100;2001;5491.7002;992;i
RS;aprpho992i;p0p100;2002;1457.5;992;i
RS;aprpho992i;p0p100;2003;3508.7;992;i
RS;aprpho992i;p0p100;2004;956.29999;992;i
RS;aprpho992i;p0p100;2005;11080.9;992;i
RS;aprpho992i;p0p100;2006;4025.2;992;i
RS;aprpho992i;p0p100;2007;4655.8999;992;i
RS;aprpho992i;p0p100;2008;15802.3;992;i
RS;aprpho992i;p0p100;2009;995.20001;992;i
RS;aprpho992i;p0p100;2010;4604.7002;992;i
RS;aprpho992i;p0p100;2011;6825.2998;992;i
RS;aptinc992j;p30p31;1990;387462.09;992;j
RS;aptinc992j;p30p31;1991;336145.91;992;j
RS;aptinc992j;p30p31;1992;230046.7;992;j
RS;aptinc992j;p30p31;1993;149177.5;992;j
RS;aptinc992j;p30p31;1994;153578.0;992;j
RS;aptinc992j;p30p31;1995;161871.0;992;j
RS;aptinc992j;p30p31;1996;163336.0;992;j
RS;aptinc992j;p30p31;1997;173230.41;992;j
RS;aptinc992j;p30p31;1998;181319.7;992;j
RS;aptinc992j;p30p31;1999;197331.59;992;j
RS;aptinc992j;p30p31;2000;214472.09;992;j
RS;aptinc992j;p30p31;2001;213210.3;992;j
RS;aptinc992j;p30p31;2002;224826.8;992;j
RS;aptinc992j;p30p31;2003;229206.41;992;j
RS;aptinc992j;p30p31;2004;249447.5;992;j
RS;aptinc992j;p30p31;2005;269552.41;992;j
RS;aptinc992j;p30p31;2006;274013.0;992;j
RS;aptinc992j;p30p31;2007;284289.09;992;j
RS;aptinc992j;p30p31;2008;293269.31;992;j
RS;aptinc992j;p30p31;2009;280955.91;992;j
RS;aptinc992j;p30p31;2010;269172.59;992;j
RS;aptinc992j;p30p31;2011;253089.7;992;j
RS;aptinc992j;p30p31;2012;250727.7;992;j
RS;aptinc992j;p30p31;2013;258826.3;992;j
RS;aptinc992j;p30p31;2014;242286.09;992;j
RS;aptinc992j;p30p31;2015;260696.09;992;j
RS;aptinc992j;p30p31;2016;268696.81;992;j
RS;aptinc992j;p30p31;2017;270057.81;992;j
RS;aptinc992j;p32p33;1990;411617.59;992;j
RS;aptinc992j;p32p33;1991;356533.09;992;j
RS;aptinc992j;p32p33;1992;243564.3;992;j
RS;aptinc992j;p32p33;1993;157534.09;992;j
RS;aptinc992j;p32p33;1994;161971.5;992;j
RS;aptinc992j;p32p33;1995;170587.59;992;j
RS;aptinc992j;p32p33;1996;171920.7;992;j
RS;aptinc992j;p32p33;1997;182207.0;992;j
RS;aptinc992j;p32p33;1998;189075.59;992;j
RS;aptinc992j;p32p33;1999;206626.91;992;j
RS;aptinc992j;p32p33;2000;224529.0;992;j
RS;aptinc992j;p32p33;2001;222698.5;992;j
RS;aptinc992j;p32p33;2002;236341.8;992;j
RS;aptinc992j;p32p33;2003;242920.41;992;j
RS;aptinc992j;p32p33;2004;265778.69;992;j
RS;aptinc992j;p32p33;2005;287808.19;992;j
RS;aptinc992j;p32p33;2006;294708.09;992;j
RS;aptinc992j;p32p33;2007;311122.5;992;j
RS;aptinc992j;p32p33;2008;320229.31;992;j
RS;aptinc992j;p32p33;2009;305735.5;992;j
RS;aptinc992j;p32p33;2010;294369.59;992;j
RS;aptinc992j;p32p33;2011;277538.19;992;j
RS;aptinc992j;p32p33;2012;277238.41;992;j
RS;aptinc992j;p32p33;2013;285624.31;992;j
RS;aptinc992j;p32p33;2014;266116.31;992;j
RS;aptinc992j;p32p33;2015;283287.41;992;j
RS;aptinc992j;p32p33;2016;291945.69;992;j
RS;aptinc992j;p32p33;2017;293338.69;992;j
RS;aptinc992j;p76p77;1990;980717.63;992;j
RS;aptinc992j;p76p77;1991;849151.0;992;j
RS;aptinc992j;p76p77;1992;579921.19;992;j
RS;aptinc992j;p76p77;1993;374992.5;992;j
RS;aptinc992j;p76p77;1994;385206.0;992;j
RS;aptinc992j;p76p77;1995;405654.0;992;j
RS;aptinc992j;p76p77;1996;408231.81;992;j
RS;aptinc992j;p76p77;1997;432082.0;992;j
RS;aptinc992j;p76p77;1998;450879.69;992;j
RS;aptinc992j;p76p77;1999;487442.91;992;j
RS;aptinc992j;p76p77;2000;530746.19;992;j
RS;aptinc992j;p76p77;2001;526289.69;992;j
RS;aptinc992j;p76p77;2002;571431.13;992;j
RS;aptinc992j;p76p77;2003;599853.69;992;j
RS;aptinc992j;p76p77;2004;675930.63;992;j
RS;aptinc992j;p76p77;2005;752161.19;992;j
RS;aptinc992j;p76p77;2006;800683.88;992;j
RS;aptinc992j;p76p77;2007;843783.88;992;j
RS;aptinc992j;p76p77;2008;902372.31;992;j
RS;aptinc992j;p76p77;2009;889145.38;992;j
RS;aptinc992j;p76p77;2010;882013.19;992;j
RS;aptinc992j;p76p77;2011;885087.13;992;j
RS;aptinc992j;p76p77;2012;901785.69;992;j
RS;aptinc992j;p76p77;2013;929990.81;992;j
RS;aptinc992j;p76p77;2014;888304.31;992;j
RS;aptinc992j;p76p77;2015;882714.38;992;j
RS;aptinc992j;p76p77;2016;909660.5;992;j
RS;aptinc992j;p76p77;2017;914756.13;992;j
RS;aptinc992j;p78p79;1990;1021992.0;992;j
RS;aptinc992j;p78p79;1991;884931.31;992;j
RS;aptinc992j;p78p79;1992;604351.13;992;j
RS;aptinc992j;p78p79;1993;390802.41;992;j
RS;aptinc992j;p78p79;1994;401325.59;992;j
RS;aptinc992j;p78p79;1995;422310.59;992;j
RS;aptinc992j;p78p79;1996;425095.5;992;j
RS;aptinc992j;p78p79;1997;450044.0;992;j
RS;aptinc992j;p78p79;1998;467955.09;992;j
RS;aptinc992j;p78p79;1999;507490.69;992;j
RS;aptinc992j;p78p79;2000;552285.0;992;j
RS;aptinc992j;p78p79;2001;546257.81;992;j
RS;aptinc992j;p78p79;2002;595169.69;992;j
RS;aptinc992j;p78p79;2003;624718.5;992;j
RS;aptinc992j;p78p79;2004;703446.5;992;j
RS;aptinc992j;p78p79;2005;786821.69;992;j
RS;aptinc992j;p78p79;2006;835725.81;992;j
RS;aptinc992j;p78p79;2007;881334.5;992;j
RS;aptinc992j;p78p79;2008;946230.19;992;j
RS;aptinc992j;p78p79;2009;927923.63;992;j
RS;aptinc992j;p78p79;2010;923041.0;992;j
RS;aptinc992j;p78p79;2011;930545.5;992;j
RS;aptinc992j;p78p79;2012;950870.38;992;j
RS;aptinc992j;p78p79;2013;978052.63;992;j
RS;aptinc992j;p78p79;2014;930603.5;992;j
RS;aptinc992j;p78p79;2015;930051.63;992;j
RS;aptinc992j;p78p79;2016;958455.0;992;j
RS;aptinc992j;p78p79;2017;963936.13;992;j
RS;asecfc992i;p0p100;1997;18866.699;992;i
RS;asecfc992i;p0p100;1998;19355.801;992;i
RS;asecfc992i;p0p100;1999;7400.5;992;i
RS;asecfc992i;p0p100;2000;4740.8999;992;i
RS;asecfc992i;p0p100;2001;5038.0;992;i
RS;asecfc992i;p0p100;2002;10190.3;992;i
RS;asecfc992i;p0p100;2003;6569.0;992;i
RS;asecfc992i;p0p100;2004;4040.5;992;i
RS;asecfc992i;p0p100;2005;4357.8999;992;i
RS;asecfc992i;p0p100;2006;3531.1001;992;i
RS;asecfc992i;p0p100;2007;-1901.2;992;i
RS;asecfc992i;p0p100;2008;7389.6001;992;i
RS;asecfc992i;p0p100;2009;10604.9;992;i
RS;asecfc992i;p0p100;2010;12127.1;992;i
RS;asecfc992i;p0p100;2011;13322.3;992;i
RS;asegnf992i;p0p100;1997;-21637.9;992;i
RS;asegnf992i;p0p100;1998;15132.6;992;i
RS;asegnf992i;p0p100;1999;44849.801;992;i
RS;asegnf992i;p0p100;2000;59796.199;992;i
RS;asegnf992i;p0p100;2001;43289.0;992;i
RS;asegnf992i;p0p100;2002;28803.9;992;i
RS;asegnf992i;p0p100;2003;21613.801;992;i
RS;asegnf992i;p0p100;2004;58152.102;992;i
RS;asegnf992i;p0p100;2005;66236.102;992;i
RS;asegnf992i;p0p100;2006;72208.297;992;i
RS;asegnf992i;p0p100;2007;69950.297;992;i
RS;asegnf992i;p0p100;2008;60502.0;992;i
RS;asegnf992i;p0p100;2009;71019.203;992;i
RS;asegnf992i;p0p100;2010;69942.297;992;i
RS;asegnf992i;p0p100;2011;78575.703;992;i
RS;bcainc992j;p81p100;1990;1.5587707;992;j
RS;bcainc992j;p81p100;1991;1.5550344;992;j
RS;bcainc992j;p81p100;1992;1.5536058;992;j
RS;bcainc992j;p81p100;1993;1.5561512;992;j
RS;bcainc992j;p81p100;1994;1.5596054;992;j
RS;bcainc992j;p81p100;1995;1.5584372;992;j
RS;bcainc992j;p81p100;1996;1.5556551;992;j
RS;bcainc992j;p81p100;1997;1.5534871;992;j
RS;bcainc992j;p81p100;1998;1.5888649;992;j
RS;bcainc992j;p81p100;1999;1.6208855;992;j
RS;bcainc992j;p81p100;2000;1.6608138;992;j
RS;bcainc992j;p81p100;2001;1.6909174;992;j
RS;bcainc992j;p81p100;2002;1.6945852;992;j
RS;bcainc992j;p81p100;2003;1.7037374;992;j
RS;bcainc992j;p81p100;2004;1.710268;992;j
RS;bcainc992j;p81p100;2005;1.7365693;992;j
RS;bcainc992j;p81p100;2006;1.75894;992;j
RS;bcainc992j;p81p100;2007;1.7384341;992;j
RS;bcainc992j;p81p100;2008;1.728543;992;j
RS;bcainc992j;p81p100;2009;1.7629454;992;j
RS;bcainc992j;p81p100;2010;1.7836348;992;j
RS;bcainc992j;p81p100;2011;1.8114367;992;j
RS;bcainc992j;p81p100;2012;1.8335502;992;j
RS;bcainc992j;p81p100;2013;1.7674813;992;j
RS;bcainc992j;p81p100;2014;1.8896114;992;j
RS;bcainc992j;p81p100;2015;2.0334671;992;j
RS;bcainc992j;p81p100;2016;2.0335906;992;j
RS;bcainc992j;p81p100;2017;2.0348198;992;j
RS;bcainc992j;p99.93p100;1990;2.1175976;992;j
RS;bcainc992j;p99.93p100;1991;2.0684953;992;j
RS;bcainc992j;p99.93p100;1992;2.0023355;992;j
RS;bcainc992j;p99.93p100;1993;1.9576752;992;j
RS;bcainc992j;p99.93p100;1994;1.929244;992;j
RS;bcainc992j;p99.93p100;1995;1.9051166;992;j
RS;bcainc992j;p99.93p100;1996;1.8794569;992;j
RS;bcainc992j;p99.93p100;1997;1.8521882;992;j
RS;bcainc992j;p99.93p100;1998;1.8811827;992;j
RS;bcainc992j;p99.93p100;1999;1.9953749;992;j
RS;bcainc992j;p99.93p100;2000;1.9944346;992;j
RS;bcainc992j;p99.93p100;2001;2.0885744;992;j
RS;bcainc992j;p99.93p100;2002;2.0124035;992;j
RS;bcainc992j;p99.93p100;2003;2.0176787;992;j
RS;bcainc992j;p99.93p100;2004;2.0216894;992;j
RS;bcainc992j;p99.93p100;2005;2.0642586;992;j
RS;bcainc992j;p99.93p100;2006;1.9716893;992;j
RS;bcainc992j;p99.93p100;2007;1.8809383;992;j
RS;bcainc992j;p99.93p100;2008;1.791172;992;j
RS;bcainc992j;p99.93p100;2009;1.9097937;992;j
RS;bcainc992j;p99.93p100;2010;1.8531212;992;j
RS;bcainc992j;p99.93p100;2011;1.8201289;992;j
RS;bcainc992j;p99.93p100;2012;2.1132731;992;j
RS;bcainc992j;p99.93p100;2013;1.9171064;992;j
RS;bcainc992j;p99.93p100;2014;2.4865232;992;j
RS;bcainc992j;p99.93p100;2015;3.0142853;992;j
RS;bcainc992j;p99.93p100;2016;3.0152686;992;j
RS;bcainc992j;p99.93p100;2017;3.0182414;992;j
RS;bdiinc992j;p99.998p100;1990;2.1712461;992;j
RS;bdiinc992j;p99.998p100;1991;2.1182785;992;j
RS;bdiinc992j;p99.998p100;1992;2.0455611;992;j
RS;bdiinc992j;p99.998p100;1993;1.9951057;992;j
RS;bdiinc992j;p99.998p100;1994;1.9631238;992;j
RS;bdiinc992j;p99.998p100;1995;1.9357643;992;j
RS;bdiinc992j;p99.998p100;1996;1.9081848;992;j
RS;bdiinc992j;p99.998p100;1997;1.8786682;992;j
RS;bdiinc992j;p99.998p100;1998;1.9086663;992;j
RS;bdiinc992j;p99.998p100;1999;2.0282044;992;j
RS;bdiinc992j;p99.998p100;2000;2.0176156;992;j
RS;bdiinc992j;p99.998p100;2001;2.1151969;992;j
RS;bdiinc992j;p99.998p100;2002;2.0297432;992;j
RS;bdiinc992j;p99.998p100;2003;2.039114;992;j
RS;bdiinc992j;p99.998p100;2004;2.0459058;992;j
RS;bdiinc992j;p99.998p100;2005;2.0906932;992;j
RS;bdiinc992j;p99.998p100;2006;1.9874653;992;j
RS;bdiinc992j;p99.998p100;2007;1.8914903;992;j
RS;bdiinc992j;p99.998p100;2008;1.7927907;992;j
RS;bdiinc992j;p99.998p100;2009;1.9195304;992;j
RS;bdiinc992j;p99.998p100;2010;1.8568276;992;j
RS;bdiinc992j;p99.998p100;2011;1.8200392;992;j
RS;bdiinc992j;p99.998p100;2012;2.1286018;992;j
RS;bdiinc992j;p99.998p100;2013;1.9226569;992;j
RS;bdiinc992j;p99.998p100;2014;2.5202904;992;j
RS;bdiinc992j;p99.998p100;2015;3.0520086;992;j
RS;bdiinc992j;p99.998p100;2016;3.0535154;992;j
RS;bdiinc992j;p99.998p100;2017;3.0562584;992;j
RS;bptinc992j;p99.992p100;1990;2.0945704;992;j
RS;bptinc992j;p99.992p100;1991;2.1175673;992;j
RS;bptinc992j;p99.992p100;1992;2.1246426;992;j
RS;bptinc992j;p99.992p100;1993;2.1467414;992;j
RS;bptinc992j;p99.992p100;1994;2.1479406;992;j
RS;bptinc992j;p99.992p100;1995;2.1674783;992;j
RS;bptinc992j;p99.992p100;1996;2.1865556;992;j
RS;bptinc992j;p99.992p100;1997;2.2086747;992;j
RS;bptinc992j;p99.992p100;1998;2.1722727;992;j
RS;bptinc992j;p99.992p100;1999;2.2299113;992;j
RS;bptinc992j;p99.992p100;2000;2.2423077;992;j
RS;bptinc992j;p99.992p100;2001;2.3055112;992;j
RS;bptinc992j;p99.992p100;2002;2.2450769;992;j
RS;bptinc992j;p99.992p100;2003;2.2139361;992;j
RS;bptinc992j;p99.992p100;2004;2.2100785;992;j
RS;bptinc992j;p99.992p100;2005;2.1463273;992;j
RS;bptinc992j;p99.992p100;2006;2.1477563;992;j
RS;bptinc992j;p99.992p100;2007;2.1071923;992;j
RS;bptinc992j;p99.992p100;2008;2.123455;992;j
RS;bptinc992j;p99.992p100;2009;2.0974252;992;j
RS;bptinc992j;p99.992p100;2010;2.0179386;992;j
RS;bptinc992j;p99.992p100;2011;2.0445418;992;j
RS;bptinc992j;p99.992p100;2012;1.82217;992;j
RS;bptinc992j;p99.992p100;2013;1.9170104;992;j
RS;bptinc992j;p99.992p100;2014;2.3207116;992;j
RS;bptinc992j;p99.992p100;2015;2.3321941;992;j
RS;bptinc992j;p99.992p100;2016;2.332006;992;j
RS;bptinc992j;p99.992p100;2017;2.3306987;992;j
RS;gcainc992j;p0p100;1990;0.40274614;992;j
RS;gcainc992j;p0p100;1991;0.40008706;992;j
RS;gcainc992j;p0p100;1992;0.39760828;992;j
RS;gcainc992j;p0p100;1993;0.39563745;992;j
RS;gcainc992j;p0p100;1994;0.39354125;992;j
RS;gcainc992j;p0p100;1995;0.3915419;992;j
RS;gcainc992j;p0p100;1996;0.38860661;992;j
RS;gcainc992j;p0p100;1997;0.38573116;992;j
RS;gcainc992j;p0p100;1998;0.38377613;992;j
RS;gcainc992j;p0p100;1999;0.38680092;992;j
RS;gcainc992j;p0p100;2000;0.39423007;992;j
RS;gcainc992j;p0p100;2001;0.39835089;992;j
RS;gcainc992j;p0p100;2002;0.41464797;992;j
RS;gcainc992j;p0p100;2003;0.41839111;992;j
RS;gcainc992j;p0p100;2004;0.4329848;992;j
RS;gcainc992j;p0p100;2005;0.44209886;992;j
RS;gcainc992j;p0p100;2006;0.4545441;992;j
RS;gcainc992j;p0p100;2007;0.45810354;992;j
RS;gcainc992j;p0p100;2008;0.46323508;992;j
RS;gcainc992j;p0p100;2009;0.47086632;992;j
RS;gcainc992j;p0p100;2010;0.48616508;992;j
RS;gcainc992j;p0p100;2011;0.49961594;992;j
RS;gcainc992j;p0p100;2012;0.50682467;992;j
RS;gcainc992j;p0p100;2013;0.50519848;992;j
RS;gcainc992j;p0p100;2014;0.48352498;992;j
RS;gcainc992j;p0p100;2015;0.51658314;992;j
RS;gcainc992j;p0p100;2016;0.51649582;992;j
RS;gcainc992j;p0p100;2017;0.51672816;992;j
RS;mprgnf999i;p0p100;1997;-139270979584.0;999;i
RS;mprgnf999i;p0p100;1998;112333537280.0;999;i
RS;mprgnf999i;p0p100;1999;249655820288.0;999;i
RS;mprgnf999i;p0p100;2000;331637915648.0;999;i
RS;mprgnf999i;p0p100;2001;243687981056.0;999;i
RS;mprgnf999i;p0p100;2002;170860150784.0;999;i
RS;mprgnf999i;p0p100;2003;129697562624.0;999;i
RS;mprgnf999i;p0p100;2004;336930832384.0;999;i
RS;mprgnf999i;p0p100;2005;387349315584.0;999;i
RS;mprgnf999i;p0p100;2006;425922625536.0;999;i
RS;mprgnf999i;p0p100;2007;419149414400.0;999;i
RS;mprgnf999i;p0p100;2008;362639818752.0;999;i
RS;mprgnf999i;p0p100;2009;420231544832.0;999;i
RS;mprgnf999i;p0p100;2010;417847640064.0;999;i
RS;mprgnf999i;p0p100;2011;474891288576.0;999;i
RS;mprigo999i;p0p100;1997;289492729856.0;999;i
RS;mprigo999i;p0p100;1998;324541939712.0;999;i
RS;mprigo999i;p0p100;1999;250578354176.0;999;i
RS;mprigo999i;p0p100;2000;271745204224.0;999;i
RS;mprigo999i;p0p100;2001;387851190272.0;999;i
RS;mprigo999i;p0p100;2002;529008164864.0;999;i
RS;mprigo999i;p0p100;2003;591983869952.0;999;i
RS;mprigo999i;p0p100;2004;594408964096.0;999;i
RS;mprigo999i;p0p100;2005;665523585024.0;999;i
RS;mprigo999i;p0p100;2006;660590100480.0;999;i
RS;mprigo999i;p0p100;2007;726150610944.0;999;i
RS;mprigo999i;p0p100;2008;792586813440.0;999;i
RS;mprigo999i;p0p100;2009;804977967104.0;999;i
RS;mprigo999i;p0p100;2010;814888255488.0;999;i
RS;mprigo999i;p0p100;2011;688142680064.0;999;i
RS;msecco999i;p0p100;1997;-348721119232.0;999;i
RS;msecco999i;p0p100;1998;-36641202176.0;999;i
RS;msecco999i;p0p100;1999;8376054272.0;999;i
RS;msecco999i;p0p100;2000;100248576000.0;999;i
RS;msecco999i;p0p100;2001;-106791051264.0;999;i
RS;msecco999i;p0p100;2002;-157859889152.0;999;i
RS;msecco999i;p0p100;2003;-222101028864.0;999;i
RS;msecco999i;p0p100;2004;21730686976.0;999;i
RS;msecco999i;p0p100;2005;75155161088.0;999;i
RS;msecco999i;p0p100;2006;95455887360.0;999;i
RS;msecco999i;p0p100;2007;-25483857920.0;999;i
RS;msecco999i;p0p100;2008;-39347728384.0;999;i
RS;msecco999i;p0p100;2009;54143250432.0;999;i
RS;msecco999i;p0p100;2010;70143156224.0;999;i
RS;msecco999i;p0p100;2011;113403559936.0;999;i
RS;scainc992j;p50p51;1990;0.0085000005;992;j
RS;scainc992j;p50p51;1991;0.0085000005;992;j
RS;scainc992j;p50p51;1992;0.0085000005;992;j
RS;scainc992j;p50p51;1993;0.0085000005;992;j
RS;scainc992j;p50p51;1994;0.0085000005;992;j
RS;scainc992j;p50p51;1995;0.0085000005;992;j
RS;scainc992j;p50p51;1996;0.0085000005;992;j
RS;scainc992j;p50p51;1997;0.0086000003;992;j
RS;scainc992j;p50p51;1998;0.0083999997;992;j
RS;scainc992j;p50p51;1999;0.0082999999;992;j
RS;scainc992j;p50p51;2000;0.0082999999;992;j
RS;scainc992j;p50p51;2001;0.0082;992;j
RS;scainc992j;p50p51;2002;0.0082;992;j
RS;scainc992j;p50p51;2003;0.0081000002;992;j
RS;scainc992j;p50p51;2004;0.0081000002;992;j
RS;scainc992j;p50p51;2005;0.0078999996;992;j
RS;scainc992j;p50p51;2006;0.0078999996;992;j
RS;scainc992j;p50p51;2007;0.0078999996;992;j
RS;scainc992j;p50p51;2008;0.0077999998;992;j
RS;scainc992j;p50p51;2009;0.0077999998;992;j
RS;scainc992j;p50p51;2010;0.0076000001;992;j
RS;scainc992j;p50p51;2011;0.0074999998;992;j
RS;scainc992j;p50p51;2012;0.0074;992;j
RS;scainc992j;p50p51;2013;0.0074;992;j
RS;scainc992j;p50p51;2014;0.0073000002;992;j
RS;scainc992j;p50p51;2015;0.0071999999;992;j
RS;scainc992j;p50p51;2016;0.0071999999;992;j
RS;scainc992j;p50p51;2017;0.0071999999;992;j
RS;scainc992j;p99.992p100;1990;0.0077999998;992;j
RS;scainc992j;p99.992p100;1991;0.0073000002;992;j
RS;scainc992j;p99.992p100;1992;0.0066;992;j
RS;scainc992j;p99.992p100;1993;0.0062000002;992;j
RS;scainc992j;p99.992p100;1994;0.0060000001;992;j
RS;scainc992j;p99.992p100;1995;0.0057999999;992;j
RS;scainc992j;p99.992p100;1996;0.0055;992;j
RS;scainc992j;p99.992p100;1997;0.0052;992;j
RS;scainc992j;p99.992p100;1998;0.0055999998;992;j
RS;scainc992j;p99.992p100;1999;0.0068999999;992;j
RS;scainc992j;p99.992p100;2000;0.0074;992;j
RS;scainc992j;p99.992p100;2001;0.0087000001;992;j
RS;scainc992j;p99.992p100;2002;0.0081000002;992;j
RS;scainc992j;p99.992p100;2003;0.0080000004;992;j
RS;scainc992j;p99.992p100;2004;0.0082;992;j
RS;scainc992j;p99.992p100;2005;0.0088999998;992;j
RS;scainc992j;p99.992p100;2006;0.0081000002;992;j
RS;scainc992j;p99.992p100;2007;0.0068999999;992;j
RS;scainc992j;p99.992p100;2008;0.0060000001;992;j
RS;scainc992j;p99.992p100;2009;0.0076000001;992;j
RS;scainc992j;p99.992p100;2010;0.0071;992;j
RS;scainc992j;p99.992p100;2011;0.0070000002;992;j
RS;scainc992j;p99.992p100;2012;0.0113;992;j
RS;scainc992j;p99.992p100;2013;0.0082999999;992;j
RS;scainc992j;p99.992p100;2014;0.017200001;992;j
RS;scainc992j;p99.992p100;2015;0.0297;992;j
RS;scainc992j;p99.992p100;2016;0.0297;992;j
RS;scainc992j;p99.992p100;2017;0.0298;992;j
RS;sdiinc992j;p46p100;1990;0.78649998;992;j
RS;sdiinc992j;p46p100;1991;0.78500003;992;j
RS;sdiinc992j;p46p100;1992;0.7834;992;j
RS;sdiinc992j;p46p100;1993;0.78200001;992;j
RS;sdiinc992j;p46p100;1994;0.78049999;992;j
RS;sdiinc992j;p46p100;1995;0.7791;992;j
RS;sdiinc992j;p46p100;1996;0.7773;992;j
RS;sdiinc992j;p46p100;1997;0.77509999;992;j
RS;sdiinc992j;p46p100;1998;0.77590001;992;j
RS;sdiinc992j;p46p100;1999;0.77880001;992;j
RS;sdiinc992j;p46p100;2000;0.77929997;992;j
RS;sdiinc992j;p46p100;2001;0.7798;992;j
RS;sdiinc992j;p46p100;2002;0.78750002;992;j
RS;sdiinc992j;p46p100;2003;0.79000002;992;j
RS;sdiinc992j;p46p100;2004;0.79949999;992;j
RS;sdiinc992j;p46p100;2005;0.80430001;992;j
RS;sdiinc992j;p46p100;2006;0.81169999;992;j
RS;sdiinc992j;p46p100;2007;0.81309998;992;j
RS;sdiinc992j;p46p100;2008;0.81650001;992;j
RS;sdiinc992j;p46p100;2009;0.82090002;992;j
RS;sdiinc992j;p46p100;2010;0.82929999;992;j
RS;sdiinc992j;p46p100;2011;0.83840001;992;j
RS;sdiinc992j;p46p100;2012;0.83999997;992;j
RS;sdiinc992j;p46p100;2013;0.84310001;992;j
RS;sdiinc992j;p46p100;2014;0.82450002;992;j
RS;sdiinc992j;p46p100;2015;0.83850002;992;j
RS;sdiinc992j;p46p100;2016;0.84219998;992;j
RS;sdiinc992j;p46p100;2017;0.8427;992;j
RS;sdiinc992j;p48p100;1990;0.7705;992;j
RS;sdiinc992j;p48p100;1991;0.76889998;992;j
RS;sdiinc992j;p48p100;1992;0.76719999;992;j
RS;sdiinc992j;p48p100;1993;0.76569998;992;j
RS;sdiinc992j;p48p100;1994;0.76419997;992;j
RS;sdiinc992j;p48p100;1995;0.76270002;992;j
RS;sdiinc992j;p48p100;1996;0.7608;992;j
RS;sdiinc992j;p48p100;1997;0.75849998;992;j
RS;sdiinc992j;p48p100;1998;0.75989997;992;j
RS;sdiinc992j;p48p100;1999;0.76289999;992;j
RS;sdiinc992j;p48p100;2000;0.76349998;992;j
RS;sdiinc992j;p48p100;2001;0.76410002;992;j
RS;sdiinc992j;p48p100;2002;0.7719;992;j
RS;sdiinc992j;p48p100;2003;0.77450001;992;j
RS;sdiinc992j;p48p100;2004;0.78420001;992;j
RS;sdiinc992j;p48p100;2005;0.78909999;992;j
RS;sdiinc992j;p48p100;2006;0.79659998;992;j
RS;sdiinc992j;p48p100;2007;0.79799998;992;j
RS;sdiinc992j;p48p100;2008;0.80150002;992;j
RS;sdiinc992j;p48p100;2009;0.80610001;992;j
RS;sdiinc992j;p48p100;2010;0.81470001;992;j
RS;sdiinc992j;p48p100;2011;0.824;992;j
RS;sdiinc992j;p48p100;2012;0.82590002;992;j
RS;sdiinc992j;p48p100;2013;0.82889998;992;j
RS;sdiinc992j;p48p100;2014;0.81059998;992;j
RS;sdiinc992j;p48p100;2015;0.8247;992;j
RS;sdiinc992j;p48p100;2016;0.82849997;992;j
RS;sdiinc992j;p48p100;2017;0.829;992;j
RS;sdiinc992j;p68p69;1990;0.0113;992;j
RS;sdiinc992j;p68p69;1991;0.0114;992;j
RS;sdiinc992j;p68p69;1992;0.0114;992;j
RS;sdiinc992j;p68p69;1993;0.0114;992;j
RS;sdiinc992j;p68p69;1994;0.0113;992;j
RS;sdiinc992j;p68p69;1995;0.0113;992;j
RS;sdiinc992j;p68p69;1996;0.0113;992;j
RS;sdiinc992j;p68p69;1997;0.0113;992;j
RS;sdiinc992j;p68p69;1998;0.0113;992;j
RS;sdiinc992j;p68p69;1999;0.0111;992;j
RS;sdiinc992j;p68p69;2000;0.011;992;j
RS;sdiinc992j;p68p69;2001;0.0109;992;j
RS;sdiinc992j;p68p69;2002;0.011;992;j
RS;sdiinc992j;p68p69;2003;0.011;992;j
RS;sdiinc992j;p68p69;2004;0.0111;992;j
RS;sdiinc992j;p68p69;2005;0.011;992;j
RS;sdiinc992j;p68p69;2006;0.011;992;j
RS;sdiinc992j;p68p69;2007;0.0111;992;j
RS;sdiinc992j;p68p69;2008;0.0111;992;j
RS;sdiinc992j;p68p69;2009;0.011;992;j
RS;sdiinc992j;p68p69;2010;0.011;992;j
RS;sdiinc992j;p68p69;2011;0.011;992;j
RS;sdiinc992j;p68p69;2012;0.0109;992;j
RS;sdiinc992j;p68p69;2013;0.0112;992;j
RS;sdiinc992j;p68p69;2014;0.0107;992;j
RS;sdiinc992j;p68p69;2015;0.0104;992;j
RS;sdiinc992j;p68p69;2016;0.0104;992;j
RS;sdiinc992j;p68p69;2017;0.0104;992;j
RS;sdiinc992j;p79p80;1990;0.0139;992;j
RS;sdiinc992j;p79p80;1991;0.0138;992;j
RS;sdiinc992j;p79p80;1992;0.0138;992;j
RS;sdiinc992j;p79p80;1993;0.0137;992;j
RS;sdiinc992j;p79p80;1994;0.0137;992;j
RS;sdiinc992j;p79p80;1995;0.0136;992;j
RS;sdiinc992j;p79p80;1996;0.0136;992;j
RS;sdiinc992j;p79p80;1997;0.0136;992;j
RS;sdiinc992j;p79p80;1998;0.0134;992;j
RS;sdiinc992j;p79p80;1999;0.0133;992;j
RS;sdiinc992j;p79p80;2000;0.0132;992;j
RS;sdiinc992j;p79p80;2001;0.013;992;j
RS;sdiinc992j;p79p80;2002;0.0132;992;j
RS;sdiinc992j;p79p80;2003;0.0133;992;j
RS;sdiinc992j;p79p80;2004;0.0134;992;j
RS;sdiinc992j;p79p80;2005;0.0135;992;j
RS;sdiinc992j;p79p80;2006;0.0135;992;j
RS;sdiinc992j;p79p80;2007;0.0136;992;j
RS;sdiinc992j;p79p80;2008;0.0138;992;j
RS;sdiinc992j;p79p80;2009;0.0137;992;j
RS;sdiinc992j;p79p80;2010;0.0138;992;j
RS;sdiinc992j;p79p80;2011;0.0139;992;j
RS;sdiinc992j;p79p80;2012;0.0138;992;j
RS;sdiinc992j;p79p80;2013;0.0141;992;j
RS;sdiinc992j;p79p80;2014;0.0132;992;j
RS;sdiinc992j;p79p80;2015;0.013;992;j
RS;sdiinc992j;p79p80;2016;0.013;992;j
RS;sdiinc992j;p79p80;2017;0.013;992;j
RS;sdiinc992j;p86p100;1990;0.33829999;992;j
RS;sdiinc992j;p86p100;1991;0.33680001;992;j
RS;sdiinc992j;p86p100;1992;0.33559999;992;j
RS;sdiinc992j;p86p100;1993;0.33489999;992;j
RS;sdiinc992j;p86p100;1994;0.33419999;992;j
RS;sdiinc992j;p86p100;1995;0.3335;992;j
RS;sdiinc992j;p86p100;1996;0.33180001;992;j
RS;sdiinc992j;p86p100;1997;0.32980001;992;j
RS;sdiinc992j;p86p100;1998;0.33520001;992;j
RS;sdiinc992j;p86p100;1999;0.34209999;992;j
RS;sdiinc992j;p86p100;2000;0.34720001;992;j
RS;sdiinc992j;p86p100;2001;0.35120001;992;j
RS;sdiinc992j;p86p100;2002;0.35600001;992;j
RS;sdiinc992j;p86p100;2003;0.35820001;992;j
RS;sdiinc992j;p86p100;2004;0.36559999;992;j
RS;sdiinc992j;p86p100;2005;0.37310001;992;j
RS;sdiinc992j;p86p100;2006;0.38010001;992;j
RS;sdiinc992j;p86p100;2007;0.3779;992;j
RS;sdiinc992j;p86p100;2008;0.37990001;992;j
RS;sdiinc992j;p86p100;2009;0.3867;992;j
RS;sdiinc992j;p86p100;2010;0.3964;992;j
RS;sdiinc992j;p86p100;2011;0.4061;992;j
RS;sdiinc992j;p86p100;2012;0.41010001;992;j
RS;sdiinc992j;p86p100;2013;0.4059;992;j
RS;sdiinc992j;p86p100;2014;0.4052;992;j
RS;sdiinc992j;p86p100;2015;0.4294;992;j
RS;sdiinc992j;p86p100;2016;0.43309999;992;j
RS;sdiinc992j;p86p100;2017;0.43360001;992;j
RS;sdiinc992j;p99.7p99.8;1990;0.0073000002;992;j
RS;sdiinc992j;p99.7p99.8;1991;0.0071999999;992;j
RS;sdiinc992j;p99.7p99.8;1992;0.0071;992;j
RS;sdiinc992j;p99.7p99.8;1993;0.0071;992;j
RS;sdiinc992j;p99.7p99.8;1994;0.0071;992;j
RS;sdiinc992j;p99.7p99.8;1995;0.0071;992;j
RS;sdiinc992j;p99.7p99.8;1996;0.0070000002;992;j
RS;sdiinc992j;p99.7p99.8;1997;0.0068999999;992;j
RS;sdiinc992j;p99.7p99.8;1998;0.0071999999;992;j
RS;sdiinc992j;p99.7p99.8;1999;0.0076000001;992;j
RS;sdiinc992j;p99.7p99.8;2000;0.0080000004;992;j
RS;sdiinc992j;p99.7p99.8;2001;0.0083999997;992;j
RS;sdiinc992j;p99.7p99.8;2002;0.0085000005;992;j
RS;sdiinc992j;p99.7p99.8;2003;0.0083999997;992;j
RS;sdiinc992j;p99.7p99.8;2004;0.0085000005;992;j
RS;sdiinc992j;p99.7p99.8;2005;0.0088;992;j
RS;sdiinc992j;p99.7p99.8;2006;0.0089999996;992;j
RS;sdiinc992j;p99.7p99.8;2007;0.0087000001;992;j
RS;sdiinc992j;p99.7p99.8;2008;0.0086000003;992;j
RS;sdiinc992j;p99.7p99.8;2009;0.0091000004;992;j
RS;sdiinc992j;p99.7p99.8;2010;0.0093;992;j
RS;sdiinc992j;p99.7p99.8;2011;0.0094999997;992;j
RS;sdiinc992j;p99.7p99.8;2012;0.0103;992;j
RS;sdiinc992j;p99.7p99.8;2013;0.0098000001;992;j
RS;sdiinc992j;p99.7p99.8;2014;0.0106;992;j
RS;sdiinc992j;p99.7p99.8;2015;0.0119;992;j
RS;sdiinc992j;p99.7p99.8;2016;0.0121;992;j
RS;sdiinc992j;p99.7p99.8;2017;0.0121;992;j
RS;sptinc992j;p31p100;1990;0.91250002;992;j
RS;sptinc992j;p31p100;1991;0.91250002;992;j
RS;sptinc992j;p31p100;1992;0.91250002;992;j
RS;sptinc992j;p31p100;1993;0.91250002;992;j
RS;sptinc992j;p31p100;1994;0.91259998;992;j
RS;sptinc992j;p31p100;1995;0.91259998;992;j
RS;sptinc992j;p31p100;1996;0.91259998;992;j
RS;sptinc992j;p31p100;1997;0.91259998;992;j
RS;sptinc992j;p31p100;1998;0.90829998;992;j
RS;sptinc992j;p31p100;1999;0.90829998;992;j
RS;sptinc992j;p31p100;2000;0.91000003;992;j
RS;sptinc992j;p31p100;2001;0.90990001;992;j
RS;sptinc992j;p31p100;2002;0.91750002;992;j
RS;sptinc992j;p31p100;2003;0.92030001;992;j
RS;sptinc992j;p31p100;2004;0.92540002;992;j
RS;sptinc992j;p31p100;2005;0.92979997;992;j
RS;sptinc992j;p31p100;2006;0.93540001;992;j
RS;sptinc992j;p31p100;2007;0.93879998;992;j
RS;sptinc992j;p31p100;2008;0.94389999;992;j
RS;sptinc992j;p31p100;2009;0.94739997;992;j
RS;sptinc992j;p31p100;2010;0.95120001;992;j
RS;sptinc992j;p31p100;2011;0.95679998;992;j
RS;sptinc992j;p31p100;2012;0.95910001;992;j
RS;sptinc992j;p31p100;2013;0.96079999;992;j
RS;sptinc992j;p31p100;2014;0.96210003;992;j
RS;sptinc992j;p31p100;2015;0.95990002;992;j
RS;sptinc992j;p31p100;2016;0.95990002;992;j
RS;sptinc992j;p31p100;2017;0.95999998;992;j
RS;sptinc992j;p74p100;1990;0.54000002;992;j
RS;sptinc992j;p74p100;1991;0.54159999;992;j
RS;sptinc992j;p74p100;1992;0.54299998;992;j
RS;sptinc992j;p74p100;1993;0.54449999;992;j
RS;sptinc992j;p74p100;1994;0.546;992;j
RS;sptinc992j;p74p100;1995;0.54759997;992;j
RS;sptinc992j;p74p100;1996;0.54860002;992;j
RS;sptinc992j;p74p100;1997;0.54960001;992;j
RS;sptinc992j;p74p100;1998;0.54949999;992;j
RS;sptinc992j;p74p100;1999;0.55150002;992;j
RS;sptinc992j;p74p100;2000;0.55790001;992;j
RS;sptinc992j;p74p100;2001;0.56040001;992;j
RS;sptinc992j;p74p100;2002;0.56830001;992;j
RS;sptinc992j;p74p100;2003;0.5722;992;j
RS;sptinc992j;p74p100;2004;0.58240002;992;j
RS;sptinc992j;p74p100;2005;0.59100002;992;j
RS;sptinc992j;p74p100;2006;0.59689999;992;j
RS;sptinc992j;p74p100;2007;0.59619999;992;j
RS;sptinc992j;p74p100;2008;0.60210001;992;j
RS;sptinc992j;p74p100;2009;0.60699999;992;j
RS;sptinc992j;p74p100;2010;0.61720002;992;j
RS;sptinc992j;p74p100;2011;0.62809998;992;j
RS;sptinc992j;p74p100;2012;0.6286;992;j
RS;sptinc992j;p74p100;2013;0.6257;992;j
RS;sptinc992j;p74p100;2014;0.63690001;992;j
RS;sptinc992j;p74p100;2015;0.62889999;992;j
RS;sptinc992j;p74p100;2016;0.62900001;992;j
RS;sptinc992j;p74p100;2017;0.6293;992;j
RS;sptinc992j;p99.98p99.99;1990;0.0035000001;992;j
RS;sptinc992j;p99.98p99.99;1991;0.0035999999;992;j
RS;sptinc992j;p99.98p99.99;1992;0.0037;992;j
RS;sptinc992j;p99.98p99.99;1993;0.0038000001;992;j
RS;sptinc992j;p99.98p99.99;1994;0.0038999999;992;j
RS;sptinc992j;p99.98p99.99;1995;0.0040000002;992;j
RS;sptinc992j;p99.98p99.99;1996;0.0040000002;992;j
RS;sptinc992j;p99.98p99.99;1997;0.0041;992;j
RS;sptinc992j;p99.98p99.99;1998;0.0041;992;j
RS;sptinc992j;p99.98p99.99;1999;0.0044;992;j
RS;sptinc992j;p99.98p99.99;2000;0.0046999999;992;j
RS;sptinc992j;p99.98p99.99;2001;0.0049999999;992;j
RS;sptinc992j;p99.98p99.99;2002;0.0049999999;992;j
RS;sptinc992j;p99.98p99.99;2003;0.0049000001;992;j
RS;sptinc992j;p99.98p99.99;2004;0.0049999999;992;j
RS;sptinc992j;p99.98p99.99;2005;0.0049000001;992;j
RS;sptinc992j;p99.98p99.99;2006;0.0049999999;992;j
RS;sptinc992j;p99.98p99.99;2007;0.0046000001;992;j
RS;sptinc992j;p99.98p99.99;2008;0.0046999999;992;j
RS;sptinc992j;p99.98p99.99;2009;0.0046999999;992;j
RS;sptinc992j;p99.98p99.99;2010;0.0046000001;992;j
RS;sptinc992j;p99.98p99.99;2011;0.0049000001;992;j
RS;sptinc992j;p99.98p99.99;2012;0.0041;992;j
RS;sptinc992j;p99.98p99.99;2013;0.0043000001;992;j
RS;sptinc992j;p99.98p99.99;2014;0.0060999999;992;j
RS;sptinc992j;p99.98p99.99;2015;0.0059000002;992;j
RS;sptinc992j;p99.98p99.99;2016;0.0059000002;992;j
RS;sptinc992j;p99.98p99.99;2017;0.0059000002;992;j
RS;sptinc992j;p99.993p99.994;1990;0.0005;992;j
RS;sptinc992j;p99.993p99.994;1991;0.0005;992;j
RS;sptinc992j;p99.993p99.994;1992;0.0006;992;j
RS;sptinc992j;p99.993p99.994;1993;0.0006;992;j
RS;sptinc992j;p99.993p99.994;1994;0.0006;992;j
RS;sptinc992j;p99.993p99.994;1995;0.0006;992;j
RS;sptinc992j;p99.993p99.994;1996;0.0006;992;j
RS;sptinc992j;p99.993p99.994;1997;0.0006;992;j
RS;sptinc992j;p99.993p99.994;1998;0.0006;992;j
RS;sptinc992j;p99.993p99.994;1999;0.0007;992;j
RS;sptinc992j;p99.993p99.994;2000;0.0007;992;j
RS;sptinc992j;p99.993p99.994;2001;0.0008;992;j
RS;sptinc992j;p99.993p99.994;2002;0.0008;992;j
RS;sptinc992j;p99.993p99.994;2003;0.0008;992;j
RS;sptinc992j;p99.993p99.994;2004;0.0008;992;j
RS;sptinc992j;p99.993p99.994;2005;0.0008;992;j
RS;sptinc992j;p99.993p99.994;2006;0.0008;992;j
RS;sptinc992j;p99.993p99.994;2007;0.0007;992;j
RS;sptinc992j;p99.993p99.994;2008;0.0007;992;j
RS;sptinc992j;p99.993p99.994;2009;0.0007;992;j
RS;sptinc992j;p99.993p99.994;2010;0.0007;992;j
RS;sptinc992j;p99.993p99.994;2011;0.0007;992;j
RS;sptinc992j;p99.993p99.994;2012;0.0006;992;j
RS;sptinc992j;p99.993p99.994;2013;0.0006;992;j
RS;sptinc992j;p99.993p99.994;2014;0.001;992;j
RS;sptinc992j;p99.993p99.994;2015;0.0009;992;j
RS;sptinc992j;p99.993p99.994;2016;0.0009;992;j
RS;sptinc992j;p99.993p99.994;2017;0.0009;992;j
RS;tcainc992j;p22p100;1990;211836.59;992;j
RS;tcainc992j;p22p100;1991;186950.41;992;j
RS;tcainc992j;p22p100;1992;129986.0;992;j
RS;tcainc992j;p22p100;1993;85817.602;992;j
RS;tcainc992j;p22p100;1994;90081.5;992;j
RS;tcainc992j;p22p100;1995;96809.102;992;j
RS;tcainc992j;p22p100;1996;99589.602;992;j
RS;tcainc992j;p22p100;1997;106964.5;992;j
RS;tcainc992j;p22p100;1998;121754.5;992;j
RS;tcainc992j;p22p100;1999;138018.5;992;j
RS;tcainc992j;p22p100;2000;150498.0;992;j
RS;tcainc992j;p22p100;2001;146716.8;992;j
RS;tcainc992j;p22p100;2002;143942.41;992;j
RS;tcainc992j;p22p100;2003;147842.41;992;j
RS;tcainc992j;p22p100;2004;164085.2;992;j
RS;tcainc992j;p22p100;2005;183324.5;992;j
RS;tcainc992j;p22p100;2006;180362.8;992;j
RS;tcainc992j;p22p100;2007;176833.59;992;j
RS;tcainc992j;p22p100;2008;181808.2;992;j
RS;tcainc992j;p22p100;2009;164070.91;992;j
RS;tcainc992j;p22p100;2010;147780.7;992;j
RS;tcainc992j;p22p100;2011;133365.7;992;j
RS;tcainc992j;p22p100;2012;138511.59;992;j
RS;tcainc992j;p22p100;2013;112151.9;992;j
RS;tcainc992j;p22p100;2014;136938.5;992;j
RS;tcainc992j;p22p100;2015;115542.1;992;j
RS;tcainc992j;p22p100;2016;120005.4;992;j
RS;tcainc992j;p22p100;2017;119866.6;992;j
RS;tcainc992j;p99.996p100;1990;33837284.0;992;j
RS;tcainc992j;p99.996p100;1991;27825134.0;992;j
RS;tcainc992j;p99.996p100;1992;17761526.0;992;j
RS;tcainc992j;p99.996p100;1993;11016361.0;992;j
RS;tcainc992j;p99.996p100;1994;10994180.0;992;j
RS;tcainc992j;p99.996p100;1995;11296519.0;992;j
RS;tcainc992j;p99.996p100;1996;10945082.0;992;j
RS;tcainc992j;p99.996p100;1997;11067050.0;992;j
RS;tcainc992j;p99.996p100;1998;12864240.0;992;j
RS;tcainc992j;p99.996p100;1999;17515876.0;992;j
RS;tcainc992j;p99.996p100;2000;20292956.0;992;j
RS;tcainc992j;p99.996p100;2001;22519188.0;992;j
RS;tcainc992j;p99.996p100;2002;22537958.0;992;j
RS;tcainc992j;p99.996p100;2003;23574088.0;992;j
RS;tcainc992j;p99.996p100;2004;28630456.0;992;j
RS;tcainc992j;p99.996p100;2005;35017588.0;992;j
RS;tcainc992j;p99.996p100;2006;34703768.0;992;j
RS;tcainc992j;p99.996p100;2007;30587730.0;992;j
RS;tcainc992j;p99.996p100;2008;29427100.0;992;j
RS;tcainc992j;p99.996p100;2009;35004984.0;992;j
RS;tcainc992j;p99.996p100;2010;33919696.0;992;j
RS;tcainc992j;p99.996p100;2011;33768608.0;992;j
RS;tcainc992j;p99.996p100;2012;49420972.0;992;j
RS;tcainc992j;p99.996p100;2013;39568680.0;992;j
RS;tcainc992j;p99.996p100;2014;67066668.0;992;j
RS;tcainc992j;p99.996p100;2015;101257624.0;992;j
RS;tcainc992j;p99.996p100;2016;105081848.0;992;j
RS;tcainc992j;p99.996p100;2017;105329048.0;992;j
RS;tcainc992j;p99.999p100;1990;71235712.0;992;j
RS;tcainc992j;p99.999p100;1991;57657492.0;992;j
RS;tcainc992j;p99.999p100;1992;35967680.0;992;j
RS;tcainc992j;p99.999p100;1993;21936148.0;992;j
RS;tcainc992j;p99.999p100;1994;21649936.0;992;j
RS;tcainc992j;p99.999p100;1995;22028778.0;992;j
RS;tcainc992j;p99.999p100;1996;21125874.0;992;j
RS;tcainc992j;p99.999p100;1997;21121864.0;992;j
RS;tcainc992j;p99.999p100;1998;24836290.0;992;j
RS;tcainc992j;p99.999p100;1999;35288436.0;992;j
RS;tcainc992j;p99.999p100;2000;40765832.0;992;j
RS;tcainc992j;p99.999p100;2001;46688964.0;992;j
RS;tcainc992j;p99.999p100;2002;45481780.0;992;j
RS;tcainc992j;p99.999p100;2003;47708840.0;992;j
RS;tcainc992j;p99.999p100;2004;58063156.0;992;j
RS;tcainc992j;p99.999p100;2005;72047800.0;992;j
RS;tcainc992j;p99.999p100;2006;69029624.0;992;j
RS;tcainc992j;p99.999p100;2007;58748416.0;992;j
RS;tcainc992j;p99.999p100;2008;54326840.0;992;j
RS;tcainc992j;p99.999p100;2009;67960600.0;992;j
RS;tcainc992j;p99.999p100;2010;64298572.0;992;j
RS;tcainc992j;p99.999p100;2011;63073860.0;992;j
RS;tcainc992j;p99.999p100;2012;102966752.0;992;j
RS;tcainc992j;p99.999p100;2013;76935392.0;992;j
RS;tcainc992j;p99.999p100;2014;154499760.0;992;j
RS;tcainc992j;p99.999p100;2015;256751312.0;992;j
RS;tcainc992j;p99.999p100;2016;266502880.0;992;j
RS;tcainc992j;p99.999p100;2017;267237888.0;992;j
RS;tdiinc992j;p0p10;1990;101963.0;992;j
RS;tdiinc992j;p0p10;1991;81602.5;992;j
RS;tdiinc992j;p0p10;1992;51248.398;992;j
RS;tdiinc992j;p0p10;1993;30259.301;992;j
RS;tdiinc992j;p0p10;1994;28125.6;992;j
RS;tdiinc992j;p0p10;1995;26834.199;992;j
RS;tdiinc992j;p0p10;1996;23933.6;992;j
RS;tdiinc992j;p0p10;1997;22526.9;992;j
RS;tdiinc992j;p0p10;1998;20437.5;992;j
RS;tdiinc992j;p0p10;1999;19383.4;992;j
RS;tdiinc992j;p0p10;2000;19660.199;992;j
RS;tdiinc992j;p0p10;2001;20134.801;992;j
RS;tdiinc992j;p0p10;2002;22968.801;992;j
RS;tdiinc992j;p0p10;2003;33898.301;992;j
RS;tdiinc992j;p0p10;2004;38763.898;992;j
RS;tdiinc992j;p0p10;2005;42251.0;992;j
RS;tdiinc992j;p0p10;2006;47391.301;992;j
RS;tdiinc992j;p0p10;2007;-16191392.0;992;j
RS;tdiinc992j;p0p10;2008;-25787228.0;992;j
RS;tdiinc992j;p0p10;2009;61857.199;992;j
RS;tdiinc992j;p0p10;2010;63306.301;992;j
RS;tdiinc992j;p0p10;2011;59805.898;992;j
RS;tdiinc992j;p0p10;2012;59081.301;992;j
RS;tdiinc992j;p0p10;2013;35009.602;992;j
RS;tdiinc992j;p0p10;2014;77358.602;992;j
RS;tdiinc992j;p0p10;2015;68211.5;992;j
RS;tdiinc992j;p0p10;2016;60703.898;992;j
RS;tdiinc992j;p0p10;2017;58708.301;992;j
RS;tdiinc992j;p0p90;1990;101963.0;992;j
RS;tdiinc992j;p0p90;1991;81602.5;992;j
RS;tdiinc992j;p0p90;1992;51248.398;992;j
RS;tdiinc992j;p0p90;1993;30259.301;992;j
RS;tdiinc992j;p0p90;1994;28125.6;992;j
RS;tdiinc992j;p0p90;1995;26834.199;992;j
RS;tdiinc992j;p0p90;1996;23933.6;992;j
RS;tdiinc992j;p0p90;1997;22526.9;992;j
RS;tdiinc992j;p0p90;1998;20437.5;992;j
RS;tdiinc992j;p0p90;1999;19383.4;992;j
RS;tdiinc992j;p0p90;2000;19660.199;992;j
RS;tdiinc992j;p0p90;2001;20134.801;992;j
RS;tdiinc992j;p0p90;2002;22968.801;992;j
RS;tdiinc992j;p0p90;2003;33898.301;992;j
RS;tdiinc992j;p0p90;2004;38763.898;992;j
RS;tdiinc992j;p0p90;2005;42251.0;992;j
RS;tdiinc992j;p0p90;2006;47391.301;992;j
RS;tdiinc992j;p0p90;2007;-16191392.0;992;j
RS;tdiinc992j;p0p90;2008;-25787228.0;992;j
RS;tdiinc992j;p0p90;2009;61857.199;992;j
RS;tdiinc992j;p0p90;2010;63306.301;992;j
RS;tdiinc992j;p0p90;2011;59805.898;992;j
RS;tdiinc992j;p0p90;2012;59081.301;992;j
RS;tdiinc992j;p0p90;2013;35009.602;992;j
RS;tdiinc992j;p0p90;2014;77358.602;992;j
RS;tdiinc992j;p0p90;2015;68211.5;992;j
RS;tdiinc992j;p0p90;2016;60703.898;992;j
RS;tdiinc992j;p0p90;2017;58708.301;992;j
RS;tdiinc992j;p31p32;1990;436342.5;992;j
RS;tdiinc992j;p31p32;1991;381167.0;992;j
RS;tdiinc992j;p31p32;1992;262373.81;992;j
RS;tdiinc992j;p31p32;1993;171227.59;992;j
RS;tdiinc992j;p31p32;1994;177404.09;992;j
RS;tdiinc992j;p31p32;1995;188219.09;992;j
RS;tdiinc992j;p31p32;1996;191021.09;992;j
RS;tdiinc992j;p31p32;1997;204560.8;992;j
RS;tdiinc992j;p31p32;1998;211418.59;992;j
RS;tdiinc992j;p31p32;1999;229816.3;992;j
RS;tdiinc992j;p31p32;2000;252138.7;992;j
RS;tdiinc992j;p31p32;2001;251917.7;992;j
RS;tdiinc992j;p31p32;2002;268612.59;992;j
RS;tdiinc992j;p31p32;2003;278087.91;992;j
RS;tdiinc992j;p31p32;2004;306008.81;992;j
RS;tdiinc992j;p31p32;2005;335466.19;992;j
RS;tdiinc992j;p31p32;2006;344090.81;992;j
RS;tdiinc992j;p31p32;2007;356352.0;992;j
RS;tdiinc992j;p31p32;2008;372124.0;992;j
RS;tdiinc992j;p31p32;2009;356914.5;992;j
RS;tdiinc992j;p31p32;2010;342548.59;992;j
RS;tdiinc992j;p31p32;2011;327042.19;992;j
RS;tdiinc992j;p31p32;2012;324152.31;992;j
RS;tdiinc992j;p31p32;2013;311936.0;992;j
RS;tdiinc992j;p31p32;2014;318567.41;992;j
RS;tdiinc992j;p31p32;2015;304404.09;992;j
RS;tdiinc992j;p31p32;2016;308892.91;992;j
RS;tdiinc992j;p31p32;2017;310019.5;992;j
RS;tdiinc992j;p3p100;1990;126773.6;992;j
RS;tdiinc992j;p3p100;1991;110755.9;992;j
RS;tdiinc992j;p3p100;1992;75093.797;992;j
RS;tdiinc992j;p3p100;1993;48342.199;992;j
RS;tdiinc992j;p3p100;1994;49202.199;992;j
RS;tdiinc992j;p3p100;1995;50858.301;992;j
RS;tdiinc992j;p3p100;1996;50244.301;992;j
RS;tdiinc992j;p3p100;1997;51653.602;992;j
RS;tdiinc992j;p3p100;1998;52797.801;992;j
RS;tdiinc992j;p3p100;1999;55988.602;992;j
RS;tdiinc992j;p3p100;2000;62117.602;992;j
RS;tdiinc992j;p3p100;2001;61710.0;992;j
RS;tdiinc992j;p3p100;2002;53354.398;992;j
RS;tdiinc992j;p3p100;2003;56762.602;992;j
RS;tdiinc992j;p3p100;2004;62642.699;992;j
RS;tdiinc992j;p3p100;2005;67114.797;992;j
RS;tdiinc992j;p3p100;2006;66412.898;992;j
RS;tdiinc992j;p3p100;2007;69482.0;992;j
RS;tdiinc992j;p3p100;2008;78943.5;992;j
RS;tdiinc992j;p3p100;2009;80518.797;992;j
RS;tdiinc992j;p3p100;2010;78489.797;992;j
RS;tdiinc992j;p3p100;2011;72769.898;992;j
RS;tdiinc992j;p3p100;2012;70757.797;992;j
RS;tdiinc992j;p3p100;2013;96862.602;992;j
RS;tdiinc992j;p3p100;2014;141531.7;992;j
RS;tdiinc992j;p3p100;2015;113697.8;992;j
RS;tdiinc992j;p3p100;2016;109766.5;992;j
RS;tdiinc992j;p3p100;2017;109561.0;992;j
RS;tdiinc992j;p73p100;1990;902385.31;992;j
RS;tdiinc992j;p73p100;1991;783366.63;992;j
RS;tdiinc992j;p73p100;1992;535880.31;992;j
RS;tdiinc992j;p73p100;1993;347110.09;992;j
RS;tdiinc992j;p73p100;1994;357024.09;992;j
RS;tdiinc992j;p73p100;1995;376159.0;992;j
RS;tdiinc992j;p73p100;1996;379496.69;992;j
RS;tdiinc992j;p73p100;1997;402384.41;992;j
RS;tdiinc992j;p73p100;1998;420469.81;992;j
RS;tdiinc992j;p73p100;1999;454200.0;992;j
RS;tdiinc992j;p73p100;2000;493713.59;992;j
RS;tdiinc992j;p73p100;2001;488942.91;992;j
RS;tdiinc992j;p73p100;2002;529017.88;992;j
RS;tdiinc992j;p73p100;2003;557257.81;992;j
RS;tdiinc992j;p73p100;2004;633729.31;992;j
RS;tdiinc992j;p73p100;2005;701362.63;992;j
RS;tdiinc992j;p73p100;2006;740853.88;992;j
RS;tdiinc992j;p73p100;2007;773423.31;992;j
RS;tdiinc992j;p73p100;2008;824860.88;992;j
RS;tdiinc992j;p73p100;2009;806659.88;992;j
RS;tdiinc992j;p73p100;2010;807687.31;992;j
RS;tdiinc992j;p73p100;2011;807120.19;992;j
RS;tdiinc992j;p73p100;2012;804208.31;992;j
RS;tdiinc992j;p73p100;2013;847284.31;992;j
RS;tdiinc992j;p73p100;2014;792193.81;992;j
RS;tdiinc992j;p73p100;2015;772551.81;992;j
RS;tdiinc992j;p73p100;2016;797348.13;992;j
RS;tdiinc992j;p73p100;2017;802051.88;992;j
RS;tdiinc992j;p99.991p100;1990;29033418.0;992;j
RS;tdiinc992j;p99.991p100;1991;24104428.0;992;j
RS;tdiinc992j;p99.991p100;1992;15597169.0;992;j
RS;tdiinc992j;p99.991p100;1993;9770507.0;992;j
RS;tdiinc992j;p99.991p100;1994;9815959.0;992;j
RS;tdiinc992j;p99.991p100;1995;10145409.0;992;j
RS;tdiinc992j;p99.991p100;1996;9890442.0;992;j
RS;tdiinc992j;p99.991p100;1997;10098462.0;992;j
RS;tdiinc992j;p99.991p100;1998;11317499.0;992;j
RS;tdiinc992j;p99.991p100;1999;14571621.0;992;j
RS;tdiinc992j;p99.991p100;2000;16980418.0;992;j
RS;tdiinc992j;p99.991p100;2001;18908784.0;992;j
RS;tdiinc992j;p99.991p100;2002;19595678.0;992;j
RS;tdiinc992j;p99.991p100;2003;20394254.0;992;j
RS;tdiinc992j;p99.991p100;2004;23314358.0;992;j
RS;tdiinc992j;p99.991p100;2005;27718708.0;992;j
RS;tdiinc992j;p99.991p100;2006;28006274.0;992;j
RS;tdiinc992j;p99.991p100;2007;25848578.0;992;j
RS;tdiinc992j;p99.991p100;2008;25248482.0;992;j
RS;tdiinc992j;p99.991p100;2009;29027038.0;992;j
RS;tdiinc992j;p99.991p100;2010;28413258.0;992;j
RS;tdiinc992j;p99.991p100;2011;28437666.0;992;j
RS;tdiinc992j;p99.991p100;2012;38954068.0;992;j
RS;tdiinc992j;p99.991p100;2013;32471150.0;992;j
RS;tdiinc992j;p99.991p100;2014;49852144.0;992;j
RS;tdiinc992j;p99.991p100;2015;70999256.0;992;j
RS;tdiinc992j;p99.991p100;2016;74158520.0;992;j
RS;tdiinc992j;p99.991p100;2017;74789440.0;992;j
RS;tptinc992j;p60p100;1990;710247.38;992;j
RS;tptinc992j;p60p100;1991;614415.81;992;j
RS;tptinc992j;p60p100;1992;418654.19;992;j
RS;tptinc992j;p60p100;1993;270215.09;992;j
RS;tptinc992j;p60p100;1994;277239.09;992;j
RS;tptinc992j;p60p100;1995;291112.41;992;j
RS;tptinc992j;p60p100;1996;292429.09;992;j
RS;tptinc992j;p60p100;1997;309252.0;992;j
RS;tptinc992j;p60p100;1998;323369.91;992;j
RS;tptinc992j;p60p100;1999;352587.09;992;j
RS;tptinc992j;p60p100;2000;381682.91;992;j
RS;tptinc992j;p60p100;2001;376603.5;992;j
RS;tptinc992j;p60p100;2002;406136.81;992;j
RS;tptinc992j;p60p100;2003;425907.81;992;j
RS;tptinc992j;p60p100;2004;471755.09;992;j
RS;tptinc992j;p60p100;2005;522079.41;992;j
RS;tptinc992j;p60p100;2006;553728.5;992;j
RS;tptinc992j;p60p100;2007;579065.88;992;j
RS;tptinc992j;p60p100;2008;618761.31;992;j
RS;tptinc992j;p60p100;2009;604593.0;992;j
RS;tptinc992j;p60p100;2010;596456.38;992;j
RS;tptinc992j;p60p100;2011;592386.63;992;j
RS;tptinc992j;p60p100;2012;593670.81;992;j
RS;tptinc992j;p60p100;2013;619360.31;992;j
RS;tptinc992j;p60p100;2014;594274.81;992;j
RS;tptinc992j;p60p100;2015;607648.88;992;j
RS;tptinc992j;p60p100;2016;626211.38;992;j
RS;tptinc992j;p60p100;2017;629817.5;992;j
RS;tptinc992j;p7p100;1990;104429.3;992;j
RS;tptinc992j;p7p100;1991;93421.797;992;j
RS;tptinc992j;p7p100;1992;65370.898;992;j
RS;tptinc992j;p7p100;1993;43466.898;992;j
RS;tptinc992j;p7p100;1994;45584.398;992;j
RS;tptinc992j;p7p100;1995;49416.898;992;j
RS;tptinc992j;p7p100;1996;51205.102;992;j
RS;tptinc992j;p7p100;1997;55433.602;992;j
RS;tptinc992j;p7p100;1998;64314.898;992;j
RS;tptinc992j;p7p100;1999;71574.898;992;j
RS;tptinc992j;p7p100;2000;76905.703;992;j
RS;tptinc992j;p7p100;2001;77668.602;992;j
RS;tptinc992j;p7p100;2002;69791.602;992;j
RS;tptinc992j;p7p100;2003;66808.898;992;j
RS;tptinc992j;p7p100;2004;70878.5;992;j
RS;tptinc992j;p7p100;2005;69709.797;992;j
RS;tptinc992j;p7p100;2006;61734.898;992;j
RS;tptinc992j;p7p100;2007;54955.398;992;j
RS;tptinc992j;p7p100;2008;50116.398;992;j
RS;tptinc992j;p7p100;2009;42415.898;992;j
RS;tptinc992j;p7p100;2010;39781.0;992;j
RS;tptinc992j;p7p100;2011;33597.199;992;j
RS;tptinc992j;p7p100;2012;32771.102;992;j
RS;tptinc992j;p7p100;2013;29306.301;992;j
RS;tptinc992j;p7p100;2014;29760.301;992;j
RS;tptinc992j;p7p100;2015;29858.6;992;j
RS;tptinc992j;p7p100;2016;30858.1;992;j
RS;tptinc992j;p7p100;2017;30723.6;992;j
RS;tptinc992j;p99.992p100;1990;35075312.0;992;j
RS;tptinc992j;p99.992p100;1991;31435518.0;992;j
RS;tptinc992j;p99.992p100;1992;21994554.0;992;j
RS;tptinc992j;p99.992p100;1993;14706114.0;992;j
RS;tptinc992j;p99.992p100;1994;15436046.0;992;j
RS;tptinc992j;p99.992p100;1995;16783240.0;992;j
RS;tptinc992j;p99.992p100;1996;17282806.0;992;j
RS;tptinc992j;p99.992p100;1997;18736900.0;992;j
RS;tptinc992j;p99.992p100;1998;19546486.0;992;j
RS;tptinc992j;p99.992p100;1999;23043896.0;992;j
RS;tptinc992j;p99.992p100;2000;27215428.0;992;j
RS;tptinc992j;p99.992p100;2001;29172482.0;992;j
RS;tptinc992j;p99.992p100;2002;30782746.0;992;j
RS;tptinc992j;p99.992p100;2003;31622890.0;992;j
RS;tptinc992j;p99.992p100;2004;36713068.0;992;j
RS;tptinc992j;p99.992p100;2005;39792212.0;992;j
RS;tptinc992j;p99.992p100;2006;42520684.0;992;j
RS;tptinc992j;p99.992p100;2007;40402792.0;992;j
RS;tptinc992j;p99.992p100;2008;44048036.0;992;j
RS;tptinc992j;p99.992p100;2009;42809276.0;992;j
RS;tptinc992j;p99.992p100;2010;42297844.0;992;j
RS;tptinc992j;p99.992p100;2011;44818500.0;992;j
RS;tptinc992j;p99.992p100;2012;36140004.0;992;j
RS;tptinc992j;p99.992p100;2013;39822548.0;992;j
RS;tptinc992j;p99.992p100;2014;58373276.0;992;j
RS;tptinc992j;p99.992p100;2015;56826968.0;992;j
RS;tptinc992j;p99.992p100;2016;58646892.0;992;j
RS;tptinc992j;p99.992p100;2017;59063180.0;992;j
RS;tptinc992j;p99.996p99.997;1990;50292224.0;992;j
RS;tptinc992j;p99.996p99.997;1991;45235836.0;992;j
RS;tptinc992j;p99.996p99.997;1992;31686984.0;992;j
RS;tptinc992j;p99.996p99.997;1993;21258256.0;992;j
RS;tptinc992j;p99.996p99.997;1994;22319676.0;992;j
RS;tptinc992j;p99.996p99.997;1995;24339064.0;992;j
RS;tptinc992j;p99.996p99.997;1996;25133250.0;992;j
RS;tptinc992j;p99.996p99.997;1997;27333814.0;992;j
RS;tptinc992j;p99.996p99.997;1998;28370242.0;992;j
RS;tptinc992j;p99.996p99.997;1999;33725392.0;992;j
RS;tptinc992j;p99.996p99.997;2000;39910008.0;992;j
RS;tptinc992j;p99.996p99.997;2001;43144640.0;992;j
RS;tptinc992j;p99.996p99.997;2002;45166464.0;992;j
RS;tptinc992j;p99.996p99.997;2003;46197308.0;992;j
RS;tptinc992j;p99.996p99.997;2004;53608204.0;992;j
RS;tptinc992j;p99.996p99.997;2005;57573688.0;992;j
RS;tptinc992j;p99.996p99.997;2006;61534536.0;992;j
RS;tptinc992j;p99.996p99.997;2007;58096500.0;992;j
RS;tptinc992j;p99.996p99.997;2008;63496172.0;992;j
RS;tptinc992j;p99.996p99.997;2009;61464292.0;992;j
RS;tptinc992j;p99.996p99.997;2010;59969444.0;992;j
RS;tptinc992j;p99.996p99.997;2011;63826740.0;992;j
RS;tptinc992j;p99.996p99.997;2012;49424388.0;992;j
RS;tptinc992j;p99.996p99.997;2013;55467456.0;992;j
RS;tptinc992j;p99.996p99.997;2014;86523408.0;992;j
RS;tptinc992j;p99.996p99.997;2015;84337392.0;992;j
RS;tptinc992j;p99.996p99.997;2016;87036832.0;992;j
RS;tptinc992j;p99.996p99.997;2017;87641048.0;992;j
RS;tptinc992j;p99.997p100;1990;58429540.0;992;j
RS;tptinc992j;p99.997p100;1991;52633448.0;992;j
RS;tptinc992j;p99.997p100;1992;36886072.0;992;j
RS;tptinc992j;p99.997p100;1993;24780786.0;992;j
RS;tptinc992j;p99.997p100;1994;26020546.0;992;j
RS;tptinc992j;p99.997p100;1995;28409190.0;992;j
RS;tptinc992j;p99.997p100;1996;29370080.0;992;j
RS;tptinc992j;p99.997p100;1997;31983528.0;992;j
RS;tptinc992j;p99.997p100;1998;33125086.0;992;j
RS;tptinc992j;p99.997p100;1999;39513136.0;992;j
RS;tptinc992j;p99.997p100;2000;46795020.0;992;j
RS;tptinc992j;p99.997p100;2001;50765964.0;992;j
RS;tptinc992j;p99.997p100;2002;52968524.0;992;j
RS;tptinc992j;p99.997p100;2003;54079736.0;992;j
RS;tptinc992j;p99.997p100;2004;62741832.0;992;j
RS;tptinc992j;p99.997p100;2005;67124896.0;992;j
RS;tptinc992j;p99.997p100;2006;71749208.0;992;j
RS;tptinc992j;p99.997p100;2007;67563592.0;992;j
RS;tptinc992j;p99.997p100;2008;73919992.0;992;j
RS;tptinc992j;p99.997p100;2009;71435152.0;992;j
RS;tptinc992j;p99.997p100;2010;69327968.0;992;j
RS;tptinc992j;p99.997p100;2011;73923936.0;992;j
RS;tptinc992j;p99.997p100;2012;56277848.0;992;j
RS;tptinc992j;p99.997p100;2013;63648236.0;992;j
RS;tptinc992j;p99.997p100;2014;101895840.0;992;j
RS;tptinc992j;p99.997p100;2015;99377792.0;992;j
RS;tptinc992j;p99.997p100;2016;102557752.0;992;j
RS;tptinc992j;p99.997p100;2017;103262808.0;992;j
RS;acainc992j;p14p100;1990;588158.81;992;j
RS;acainc992j;p14p100;1991;510450.69;992;j
RS;acainc992j;p14p100;1992;349368.09;992;j
RS;acainc992j;p14p100;1993;226433.41;992;j
RS;acainc992j;p14p100;1994;233071.7;992;j
RS;acainc992j;p14p100;1995;245851.91;992;j
RS;acainc992j;p14p100;1996;247692.5;992;j
RS;acainc992j;p14p100;1997;261199.3;992;j
RS;acainc992j;p14p100;1998;285872.5;992;j
RS;acainc992j;p14p100;1999;326327.09;992;j
RS;acainc992j;p14p100;2000;354501.41;992;j
RS;acainc992j;p14p100;2001;345692.5;992;j
RS;acainc992j;p14p100;2002;362940.41;992;j
RS;acainc992j;p14p100;2003;382730.59;992;j
RS;acainc992j;p14p100;2004;458885.0;992;j
RS;acainc992j;p14p100;2005;523337.0;992;j
RS;acainc992j;p14p100;2006;553085.0;992;j
RS;acainc992j;p14p100;2007;553402.31;992;j
RS;acainc992j;p14p100;2008;592933.88;992;j
RS;acainc992j;p14p100;2009;586467.19;992;j
RS;acainc992j;p14p100;2010;589835.69;992;j
RS;acainc992j;p14p100;2011;596829.5;992;j
RS;acainc992j;p14p100;2012;596915.0;992;j
RS;acainc992j;p14p100;2013;608027.63;992;j
RS;acainc992j;p14p100;2014;590768.19;992;j
RS;acainc992j;p14p100;2015;600353.5;992;j
RS;acainc992j;p14p100;2016;622623.31;992;j
RS;acainc992j;p14p100;2017;623180.38;992;j
RS;acainc992j;p51p100;1990;808687.69;992;j
RS;acainc992j;p51p100;1991;700190.63;992;j
RS;acainc992j;p51p100;1992;478102.41;992;j
RS;acainc992j;p51p100;1993;309230.69;992;j
RS;acainc992j;p51p100;1994;317621.0;992;j
RS;acainc992j;p51p100;1995;334349.31;992;j
RS;acainc992j;p51p100;1996;335973.69;992;j
RS;acainc992j;p51p100;1997;353371.09;992;j
RS;acainc992j;p51p100;1998;387079.81;992;j
RS;acainc992j;p51p100;1999;442275.0;992;j
RS;acainc992j;p51p100;2000;481753.81;992;j
RS;acainc992j;p51p100;2001;470475.91;992;j
RS;acainc992j;p51p100;2002;498579.59;992;j
RS;acainc992j;p51p100;2003;527593.81;992;j
RS;acainc992j;p51p100;2004;638893.63;992;j
RS;acainc992j;p51p100;2005;732725.0;992;j
RS;acainc992j;p51p100;2006;781079.69;992;j
RS;acainc992j;p51p100;2007;783457.0;992;j
RS;acainc992j;p51p100;2008;843625.38;992;j
RS;acainc992j;p51p100;2009;839426.13;992;j
RS;acainc992j;p51p100;2010;853881.88;992;j
RS;acainc992j;p51p100;2011;872171.13;992;j
RS;acainc992j;p51p100;2012;874647.13;992;j
RS;acainc992j;p51p100;2013;898656.69;992;j
RS;acainc992j;p51p100;2014;861967.63;992;j
RS;acainc992j;p51p100;2015;887120.81;992;j
RS;acainc992j;p51p100;2016;919967.19;992;j
RS;acainc992j;p51p100;2017;920911.69;992;j
RS;acainc992j;p90p91;1990;927272.0;992;j
RS;acainc992j;p90p91;1991;803757.81;992;j
RS;acainc992j;p90p91;1992;549027.5;992;j
RS;acainc992j;p90p91;1993;354388.41;992;j
RS;acainc992j;p90p91;1994;363670.19;992;j
RS;acainc992j;p90p91;1995;382365.0;992;j
RS;acainc992j;p90p91;1996;384472.91;992;j
RS;acainc992j;p90p91;1997;404594.69;992;j
RS;acainc992j;p90p91;1998;444557.59;992;j
RS;acainc992j;p90p91;1999;504472.31;992;j
RS;acainc992j;p90p91;2000;543166.13;992;j
RS;acainc992j;p90p91;2001;528411.81;992;j
RS;acainc992j;p90p91;2002;558942.81;992;j
RS;acainc992j;p90p91;2003;600058.0;992;j
RS;acainc992j;p90p91;2004;737144.63;992;j
RS;acainc992j;p90p91;2005;851757.69;992;j
RS;acainc992j;p90p91;2006;908885.81;992;j
RS;acainc992j;p90p91;2007;917967.13;992;j
RS;acainc992j;p90p91;2008;989773.13;992;j
RS;acainc992j;p90p91;2009;981405.81;992;j
RS;acainc992j;p90p91;2010;1011375.2;992;j
RS;acainc992j;p90p91;2011;1042464.3;992;j
RS;acainc992j;p90p91;2012;1010270.0;992;j
RS;acainc992j;p90p91;2013;1049653.1;992;j
RS;acainc992j;p90p91;2014;976968.38;992;j
RS;acainc992j;p90p91;2015;967615.13;992;j
RS;acainc992j;p90p91;2016;1003490.0;992;j
RS;acainc992j;p90p91;2017;1004652.7;992;j
RS;acfchn999i;p0p100;1997;17696.9;999;i
RS;acfchn999i;p0p100;1998;19656.801;999;i
RS;acfchn999i;p0p100;1999;24219.6;999;i
RS;acfchn999i;p0p100;2000;26018.4;999;i
RS;acfchn999i;p0p100;2001;26027.4;999;i
RS;acfchn999i;p0p100;2002;26455.199;999;i
RS;acfchn999i;p0p100;2003;25516.4;999;i
RS;acfchn999i;p0p100;2004;27438.199;999;i
RS;acfchn999i;p0p100;2005;28951.699;999;i
RS;acfchn999i;p0p100;2006;29223.0;999;i
RS;acfchn999i;p0p100;2007;28026.5;999;i
RS;acfchn999i;p0p100;2008;29279.199;999;i
RS;acfchn999i;p0p100;2009;31615.6;999;i
RS;acfchn999i;p0p100;2010;32531.301;999;i
RS;acfchn999i;p0p100;2011;31586.9;999;i
RS;adiinc992j;p99.5p100;1990;7653569.5;992;j
RS;adiinc992j;p99.5p100;1991;6481549.5;992;j
RS;adiinc992j;p99.5p100;1992;4315256.5;992;j
RS;adiinc992j;p99.5p100;1993;2758425.0;992;j
RS;adiinc992j;p99.5p100;1994;2809577.5;992;j
RS;adiinc992j;p99.5p100;1995;2939029.8;992;j
RS;adiinc992j;p99.5p100;1996;2906247.5;992;j
RS;adiinc992j;p99.5p100;1997;3014764.3;992;j
RS;adiinc992j;p99.5p100;1998;3315701.0;992;j
RS;adiinc992j;p99.5p100;1999;4012720.0;992;j
RS;adiinc992j;p99.5p100;2000;4656640.0;992;j
RS;adiinc992j;p99.5p100;2001;4968935.5;992;j
RS;adiinc992j;p99.5p100;2002;5314766.5;992;j
RS;adiinc992j;p99.5p100;2003;5529562.5;992;j
RS;adiinc992j;p99.5p100;2004;6314862.0;992;j
RS;adiinc992j;p99.5p100;2005;7364008.0;992;j
RS;adiinc992j;p99.5p100;2006;7742129.0;992;j
RS;adiinc992j;p99.5p100;2007;7504637.5;992;j
RS;adiinc992j;p99.5p100;2008;7728042.0;992;j
RS;adiinc992j;p99.5p100;2009;8278909.0;992;j
RS;adiinc992j;p99.5p100;2010;8356202.0;992;j
RS;adiinc992j;p99.5p100;2011;8520797.0;992;j
RS;adiinc992j;p99.5p100;2012;10069566.0;992;j
RS;adiinc992j;p99.5p100;2013;9198523.0;992;j
RS;adiinc992j;p99.5p100;2014;11501611.0;992;j
RS;adiinc992j;p99.5p100;2015;14986358.0;992;j
RS;adiinc992j;p99.5p100;2016;15644018.0;992;j
RS;adiinc992j;p99.5p100;2017;15772197.0;992;j
RS;adiinc992j;p99.997p99.998;1990;57819804.0;992;j
RS;adiinc992j;p99.997p99.998;1991;47302456.0;992;j
RS;adiinc992j;p99.997p99.998;1992;29964462.0;992;j
RS;adiinc992j;p99.997p99.998;1993;18483074.0;992;j
RS;adiinc992j;p99.997p99.998;1994;18380656.0;992;j
RS;adiinc992j;p99.997p99.998;1995;18828292.0;992;j
RS;adiinc992j;p99.997p99.998;1996;18181676.0;992;j
RS;adiinc992j;p99.997p99.998;1997;18370992.0;992;j
RS;adiinc992j;p99.997p99.998;1998;20816362.0;992;j
RS;adiinc992j;p99.997p99.998;1999;27891976.0;992;j
RS;adiinc992j;p99.997p99.998;2000;32434614.0;992;j
RS;adiinc992j;p99.997p99.998;2001;37195224.0;992;j
RS;adiinc992j;p99.997p99.998;2002;37599976.0;992;j
RS;adiinc992j;p99.997p99.998;2003;39225500.0;992;j
RS;adiinc992j;p99.997p99.998;2004;44923460.0;992;j
RS;adiinc992j;p99.997p99.998;2005;54132492.0;992;j
RS;adiinc992j;p99.997p99.998;2006;53027072.0;992;j
RS;adiinc992j;p99.997p99.998;2007;47374700.0;992;j
RS;adiinc992j;p99.997p99.998;2008;44626496.0;992;j
RS;adiinc992j;p99.997p99.998;2009;53745760.0;992;j
RS;adiinc992j;p99.997p99.998;2010;51471084.0;992;j
RS;adiinc992j;p99.997p99.998;2011;50829112.0;992;j
RS;adiinc992j;p99.997p99.998;2012;77032336.0;992;j
RS;adiinc992j;p99.997p99.998;2013;60229244.0;992;j
RS;adiinc992j;p99.997p99.998;2014;108220560.0;992;j
RS;adiinc992j;p99.997p99.998;2015;168633184.0;992;j
RS;adiinc992j;p99.997p99.998;2016;176183776.0;992;j
RS;adiinc992j;p99.997p99.998;2017;177751104.0;992;j
RS;afdipx999i;p0p100;2007;16802.6;999;i
RS;afdipx999i;p0p100;2008;14316.2;999;i
RS;afdipx999i;p0p100;2009;6467.5;999;i
RS;afdipx999i;p0p100;2010;8990.7002;999;i
RS;afdipx999i;p0p100;2011;21593.5;999;i
RS;afdipx999i;p0p100;2012;19392.9;999;i
RS;afdipx999i;p0p100;2013;22642.5;999;i
RS;afdipx999i;p0p100;2014;21691.1;999;i
RS;afdipx999i;p0p100;2015;27191.199;999;i
RS;afdipx999i;p0p100;2016;31213.0;999;i
RS;afdipx999i;p0p100;2017;40215.5;999;i
RS;afdipx999i;p0p100;2018;35299.199;999;i
RS;agmxhn992i;p0p100;1997;62073.801;992;i
RS;agmxhn992i;p0p100;1998;60691.301;992;i
RS;agmxhn992i;p0p100;1999;79724.398;992;i
RS;agmxhn992i;p0p100;2000;92561.703;992;i
RS;agmxhn992i;p0p100;2001;91652.102;992;i
RS;agmxhn992i;p0p100;2002;77158.898;992;i
RS;agmxhn992i;p0p100;2003;63674.602;992;i
RS;agmxhn992i;p0p100;2004;70502.5;992;i
RS;agmxhn992i;p0p100;2005;74994.602;992;i
RS;agmxhn992i;p0p100;2006;98368.0;992;i
RS;agmxhn992i;p0p100;2007;102193.4;992;i
RS;agmxhn992i;p0p100;2008;111994.8;992;i
RS;agmxhn992i;p0p100;2009;102936.3;992;i
RS;agmxhn992i;p0p100;2010;105055.6;992;i
RS;agmxhn992i;p0p100;2011;119212.7;992;i
RS;agsrhn992i;p0p100;1997;39325.801;992;i
RS;agsrhn992i;p0p100;1998;39428.898;992;i
RS;agsrhn992i;p0p100;1999;53136.5;992;i
RS;agsrhn992i;p0p100;2000;55001.301;992;i
RS;agsrhn992i;p0p100;2001;55409.5;992;i
RS;agsrhn992i;p0p100;2002;55514.398;992;i
RS;agsrhn992i;p0p100;2003;62401.801;992;i
RS;agsrhn992i;p0p100;2004;65097.398;992;i
RS;agsrhn992i;p0p100;2005;69529.398;992;i
RS;agsrhn992i;p0p100;2006;71450.203;992;i
RS;agsrhn992i;p0p100;2007;71535.5;992;i
RS;agsrhn992i;p0p100;2008;71890.102;992;i
RS;agsrhn992i;p0p100;2009;80922.0;992;i
RS;agsrhn992i;p0p100;2010;83029.898;992;i
RS;agsrhn992i;p0p100;2011;81099.0;992;i
RS;agsrho992i;p0p100;1997;39269.699;992;i
RS;agsrho992i;p0p100;1998;39370.199;992;i
RS;agsrho992i;p0p100;1999;53065.0;992;i
RS;agsrho992i;p0p100;2000;54921.898;992;i
RS;agsrho992i;p0p100;2001;55317.301;992;i
RS;agsrho992i;p0p100;2002;55401.398;992;i
RS;agsrho992i;p0p100;2003;62281.199;992;i
RS;agsrho992i;p0p100;2004;64935.0;992;i
RS;agsrho992i;p0p100;2005;69368.398;992;i
RS;agsrho992i;p0p100;2006;71312.898;992;i
RS;agsrho992i;p0p100;2007;71405.0;992;i
RS;agsrho992i;p0p100;2008;71760.797;992;i
RS;agsrho992i;p0p100;2009;80801.703;992;i
RS;agsrho992i;p0p100;2010;82910.203;992;i
RS;agsrho992i;p0p100;2011;80968.898;992;i
RS;annfin999i;p0p100;1997;-1034.8;999;i
RS;annfin999i;p0p100;1998;-1162.7;999;i
RS;annfin999i;p0p100;1999;-775.70001;999;i
RS;annfin999i;p0p100;2000;-921.70001;999;i
RS;annfin999i;p0p100;2001;-942.59998;999;i
RS;annfin999i;p0p100;2002;-3572.3;999;i
RS;annfin999i;p0p100;2003;-4919.2998;999;i
RS;annfin999i;p0p100;2004;-6471.6001;999;i
RS;annfin999i;p0p100;2005;-7956.7002;999;i
RS;annfin999i;p0p100;2006;-8606.2002;999;i
RS;annfin999i;p0p100;2007;-18507.301;999;i
RS;annfin999i;p0p100;2008;-17340.1;999;i
RS;annfin999i;p0p100;2009;-9096.7998;999;i
RS;annfin999i;p0p100;2010;-12942.9;999;i
RS;annfin999i;p0p100;2011;-25911.9;999;i
RS;annfin999i;p0p100;2012;-21495.199;999;i
RS;annfin999i;p0p100;2013;-26663.1;999;i
RS;annfin999i;p0p100;2014;-25522.199;999;i
RS;annfin999i;p0p100;2015;-31863.9;999;i
RS;annfin999i;p0p100;2016;-36964.602;999;i
RS;annfin999i;p0p100;2017;-44876.5;999;i
RS;annfin999i;p0p100;2018;-37273.801;999;i
RS;annfin999i;p0p100;2019;-39249.801;999;i
RS;apriho999i;p0p100;1997;236208.8;999;i
RS;apriho999i;p0p100;1998;214070.5;999;i
RS;apriho999i;p0p100;1999;234093.2;999;i
RS;apriho999i;p0p100;2000;247620.3;999;i
RS;apriho999i;p0p100;2001;260394.91;999;i
RS;apriho999i;p0p100;2002;271865.0;999;i
RS;apriho999i;p0p100;2003;290121.41;999;i
RS;apriho999i;p0p100;2004;300709.81;999;i
RS;apriho999i;p0p100;2005;329635.59;999;i
RS;apriho999i;p0p100;2006;352003.69;999;i
RS;apriho999i;p0p100;2007;375110.19;999;i
RS;apriho999i;p0p100;2008;401365.0;999;i
RS;apriho999i;p0p100;2009;380065.5;999;i
RS;apriho999i;p0p100;2010;379253.91;999;i
RS;apriho999i;p0p100;2011;391878.41;999;i
RS;aptinc992j;p3p100;1990;755929.5;992;j
RS;aptinc992j;p3p100;1991;656241.0;992;j
RS;aptinc992j;p3p100;1992;449303.41;992;j
RS;aptinc992j;p3p100;1993;291298.19;992;j
RS;aptinc992j;p3p100;1994;299935.09;992;j
RS;aptinc992j;p3p100;1995;316480.09;992;j
RS;aptinc992j;p3p100;1996;318959.59;992;j
RS;aptinc992j;p3p100;1997;338054.91;992;j
RS;aptinc992j;p3p100;1998;355500.91;992;j
RS;aptinc992j;p3p100;1999;389225.59;992;j
RS;aptinc992j;p3p100;2000;427994.91;992;j
RS;aptinc992j;p3p100;2001;427270.91;992;j
RS;aptinc992j;p3p100;2002;459858.5;992;j
RS;aptinc992j;p3p100;2003;483015.5;992;j
RS;aptinc992j;p3p100;2004;543777.69;992;j
RS;aptinc992j;p3p100;2005;606490.5;992;j
RS;aptinc992j;p3p100;2006;640311.81;992;j
RS;aptinc992j;p3p100;2007;660773.5;992;j
RS;aptinc992j;p3p100;2008;703705.63;992;j
RS;aptinc992j;p3p100;2009;691401.19;992;j
RS;aptinc992j;p3p100;2010;693320.31;992;j
RS;aptinc992j;p3p100;2011;695766.0;992;j
RS;aptinc992j;p3p100;2012;694850.5;992;j
RS;aptinc992j;p3p100;2013;711706.69;992;j
RS;aptinc992j;p3p100;2014;697732.31;992;j
RS;aptinc992j;p3p100;2015;702643.38;992;j
RS;aptinc992j;p3p100;2016;724398.13;992;j
RS;aptinc992j;p3p100;2017;728686.13;992;j
RS;aptinc992j;p99.994p100;1990;85392184.0;992;j
RS;aptinc992j;p99.994p100;1991;77486640.0;992;j
RS;aptinc992j;p99.994p100;1992;54420840.0;992;j
RS;aptinc992j;p99.994p100;1993;36816852.0;992;j
RS;aptinc992j;p99.994p100;1994;38668568.0;992;j
RS;aptinc992j;p99.994p100;1995;42477000.0;992;j
RS;aptinc992j;p99.994p100;1996;44177484.0;992;j
RS;aptinc992j;p99.994p100;1997;48442668.0;992;j
RS;aptinc992j;p99.994p100;1998;49594248.0;992;j
RS;aptinc992j;p99.994p100;1999;60224996.0;992;j
RS;aptinc992j;p99.994p100;2000;71572960.0;992;j
RS;aptinc992j;p99.994p100;2001;79160024.0;992;j
RS;aptinc992j;p99.994p100;2002;81066816.0;992;j
RS;aptinc992j;p99.994p100;2003;81976416.0;992;j
RS;aptinc992j;p99.994p100;2004;94984112.0;992;j
RS;aptinc992j;p99.994p100;2005;99594568.0;992;j
RS;aptinc992j;p99.994p100;2006;106503928.0;992;j
RS;aptinc992j;p99.994p100;2007;99032912.0;992;j
RS;aptinc992j;p99.994p100;2008;108915072.0;992;j
RS;aptinc992j;p99.994p100;2009;104378720.0;992;j
RS;aptinc992j;p99.994p100;2010;98687176.0;992;j
RS;aptinc992j;p99.994p100;2011;106143552.0;992;j
RS;aptinc992j;p99.994p100;2012;74979768.0;992;j
RS;aptinc992j;p99.994p100;2013;87603688.0;992;j
RS;aptinc992j;p99.994p100;2014;159570096.0;992;j
RS;aptinc992j;p99.994p100;2015;156208112.0;992;j
RS;aptinc992j;p99.994p100;2016;161196144.0;992;j
RS;aptinc992j;p99.994p100;2017;162238064.0;992;j
RS;aptinc992j;p99.996p99.997;1990;54063688.0;992;j
RS;aptinc992j;p99.996p99.997;1991;48663548.0;992;j
RS;aptinc992j;p99.996p99.997;1992;34095844.0;992;j
RS;aptinc992j;p99.996p99.997;1993;22889922.0;992;j
RS;aptinc992j;p99.996p99.997;1994;24033944.0;992;j
RS;aptinc992j;p99.996p99.997;1995;26223970.0;992;j
RS;aptinc992j;p99.996p99.997;1996;27094966.0;992;j
RS;aptinc992j;p99.996p99.997;1997;29486190.0;992;j
RS;aptinc992j;p99.996p99.997;1998;30572166.0;992;j
RS;aptinc992j;p99.996p99.997;1999;36404028.0;992;j
RS;aptinc992j;p99.996p99.997;2000;43096128.0;992;j
RS;aptinc992j;p99.996p99.997;2001;46669316.0;992;j
RS;aptinc992j;p99.996p99.997;2002;48776940.0;992;j
RS;aptinc992j;p99.996p99.997;2003;49846100.0;992;j
RS;aptinc992j;p99.996p99.997;2004;57836428.0;992;j
RS;aptinc992j;p99.996p99.997;2005;61998324.0;992;j
RS;aptinc992j;p99.996p99.997;2006;66266436.0;992;j
RS;aptinc992j;p99.996p99.997;2007;62484028.0;992;j
RS;aptinc992j;p99.996p99.997;2008;68326176.0;992;j
RS;aptinc992j;p99.996p99.997;2009;66085804.0;992;j
RS;aptinc992j;p99.996p99.997;2010;64311488.0;992;j
RS;aptinc992j;p99.996p99.997;2011;68509960.0;992;j
RS;aptinc992j;p99.996p99.997;2012;52613180.0;992;j
RS;aptinc992j;p99.996p99.997;2013;59268308.0;992;j
RS;aptinc992j;p99.996p99.997;2014;93631872.0;992;j
RS;aptinc992j;p99.996p99.997;2015;91291440.0;992;j
RS;aptinc992j;p99.996p99.997;2016;94213080.0;992;j
RS;aptinc992j;p99.996p99.997;2017;94864024.0;992;j
RS;aptinc992j;p9p10;1990;142817.2;992;j
RS;aptinc992j;p9p10;1991;125233.1;992;j
RS;aptinc992j;p9p10;1992;86436.102;992;j
RS;aptinc992j;p9p10;1993;56579.898;992;j
RS;aptinc992j;p9p10;1994;58850.398;992;j
RS;aptinc992j;p9p10;1995;62775.102;992;j
RS;aptinc992j;p9p10;1996;64074.301;992;j
RS;aptinc992j;p9p10;1997;68621.898;992;j
RS;aptinc992j;p9p10;1998;80667.797;992;j
RS;aptinc992j;p9p10;1999;89867.797;992;j
RS;aptinc992j;p9p10;2000;96921.203;992;j
RS;aptinc992j;p9p10;2001;99014.797;992;j
RS;aptinc992j;p9p10;2002;88987.797;992;j
RS;aptinc992j;p9p10;2003;85703.398;992;j
RS;aptinc992j;p9p10;2004;87735.102;992;j
RS;aptinc992j;p9p10;2005;88855.5;992;j
RS;aptinc992j;p9p10;2006;82936.297;992;j
RS;aptinc992j;p9p10;2007;72966.297;992;j
RS;aptinc992j;p9p10;2008;62923.102;992;j
RS;aptinc992j;p9p10;2009;55013.801;992;j
RS;aptinc992j;p9p10;2010;49398.699;992;j
RS;aptinc992j;p9p10;2011;40437.5;992;j
RS;aptinc992j;p9p10;2012;36712.102;992;j
RS;aptinc992j;p9p10;2013;31990.4;992;j
RS;aptinc992j;p9p10;2014;31778.9;992;j
RS;aptinc992j;p9p10;2015;32592.1;992;j
RS;aptinc992j;p9p10;2016;33689.301;992;j
RS;aptinc992j;p9p10;2017;33572.199;992;j
RS;bcainc992j;p49p100;1990;1.8677136;992;j
RS;bcainc992j;p49p100;1991;1.854597;992;j
RS;bcainc992j;p49p100;1992;1.8436671;992;j
RS;bcainc992j;p49p100;1993;1.8356968;992;j
RS;bcainc992j;p49p100;1994;1.828908;992;j
RS;bcainc992j;p49p100;1995;1.8190881;992;j
RS;bcainc992j;p49p100;1996;1.8095403;992;j
RS;bcainc992j;p49p100;1997;1.7990847;992;j
RS;bcainc992j;p49p100;1998;1.8452324;992;j
RS;bcainc992j;p49p100;1999;1.8519403;992;j
RS;bcainc992j;p49p100;2000;1.8713742;992;j
RS;bcainc992j;p49p100;2001;1.8885692;992;j
RS;bcainc992j;p49p100;2002;1.9328445;992;j
RS;bcainc992j;p49p100;2003;1.9538649;992;j
RS;bcainc992j;p49p100;2004;1.9945768;992;j
RS;bcainc992j;p49p100;2005;2.0462201;992;j
RS;bcainc992j;p49p100;2006;2.0881581;992;j
RS;bcainc992j;p49p100;2007;2.0966108;992;j
RS;bcainc992j;p49p100;2008;2.1136899;992;j
RS;bcainc992j;p49p100;2009;2.146857;992;j
RS;bcainc992j;p49p100;2010;2.2180357;992;j
RS;bcainc992j;p49p100;2011;2.2614651;992;j
RS;bcainc992j;p49p100;2012;2.3213949;992;j
RS;bcainc992j;p49p100;2013;2.3151;992;j
RS;bcainc992j;p49p100;2014;2.3183692;992;j
RS;bcainc992j;p49p100;2015;2.382257;992;j
RS;bcainc992j;p49p100;2016;2.3822865;992;j
RS;bcainc992j;p49p100;2017;2.383419;992;j
RS;bcainc992j;p62p100;1990;1.7074065;992;j
RS;bcainc992j;p62p100;1991;1.6995102;992;j
RS;bcainc992j;p62p100;1992;1.6932533;992;j
RS;bcainc992j;p62p100;1993;1.6898589;992;j
RS;bcainc992j;p62p100;1994;1.6884304;992;j
RS;bcainc992j;p62p100;1995;1.6864215;992;j
RS;bcainc992j;p62p100;1996;1.6793755;992;j
RS;bcainc992j;p62p100;1997;1.672812;992;j
RS;bcainc992j;p62p100;1998;1.6811513;992;j
RS;bcainc992j;p62p100;1999;1.6980777;992;j
RS;bcainc992j;p62p100;2000;1.7362894;992;j
RS;bcainc992j;p62p100;2001;1.7551622;992;j
RS;bcainc992j;p62p100;2002;1.7833689;992;j
RS;bcainc992j;p62p100;2003;1.7860488;992;j
RS;bcainc992j;p62p100;2004;1.8215853;992;j
RS;bcainc992j;p62p100;2005;1.855233;992;j
RS;bcainc992j;p62p100;2006;1.8803666;992;j
RS;bcainc992j;p62p100;2007;1.8785182;992;j
RS;bcainc992j;p62p100;2008;1.8930997;992;j
RS;bcainc992j;p62p100;2009;1.9169666;992;j
RS;bcainc992j;p62p100;2010;1.9714214;992;j
RS;bcainc992j;p62p100;2011;2.0117657;992;j
RS;bcainc992j;p62p100;2012;2.0359507;992;j
RS;bcainc992j;p62p100;2013;2.0157814;992;j
RS;bcainc992j;p62p100;2014;2.0100639;992;j
RS;bcainc992j;p62p100;2015;2.147954;992;j
RS;bcainc992j;p62p100;2016;2.147819;992;j
RS;bcainc992j;p62p100;2017;2.1489789;992;j
RS;bdiinc992j;p15p100;1990;3.4409184;992;j
RS;bdiinc992j;p15p100;1991;3.3939576;992;j
RS;bdiinc992j;p15p100;1992;3.3320763;992;j
RS;bdiinc992j;p15p100;1993;3.275207;992;j
RS;bdiinc992j;p15p100;1994;3.2207367;992;j
RS;bdiinc992j;p15p100;1995;3.1681294;992;j
RS;bdiinc992j;p15p100;1996;3.1219239;992;j
RS;bdiinc992j;p15p100;1997;3.057044;992;j
RS;bdiinc992j;p15p100;1998;2.9207494;992;j
RS;bdiinc992j;p15p100;1999;2.9615057;992;j
RS;bdiinc992j;p15p100;2000;2.9897118;992;j
RS;bdiinc992j;p15p100;2001;3.0440931;992;j
RS;bdiinc992j;p15p100;2002;3.3228199;992;j
RS;bdiinc992j;p15p100;2003;3.3805063;992;j
RS;bdiinc992j;p15p100;2004;3.8100069;992;j
RS;bdiinc992j;p15p100;2005;3.9429309;992;j
RS;bdiinc992j;p15p100;2006;4.310329;992;j
RS;bdiinc992j;p15p100;2007;4.4350224;992;j
RS;bdiinc992j;p15p100;2008;4.6409264;992;j
RS;bdiinc992j;p15p100;2009;4.8362284;992;j
RS;bdiinc992j;p15p100;2010;5.2601199;992;j
RS;bdiinc992j;p15p100;2011;5.955121;992;j
RS;bdiinc992j;p15p100;2012;6.0762649;992;j
RS;bdiinc992j;p15p100;2013;6.2497315;992;j
RS;bdiinc992j;p15p100;2014;4.5441642;992;j
RS;bdiinc992j;p15p100;2015;5.5279775;992;j
RS;bdiinc992j;p15p100;2016;5.8146577;992;j
RS;bdiinc992j;p15p100;2017;5.8530626;992;j
RS;bdiinc992j;p41p100;1990;1.9175769;992;j
RS;bdiinc992j;p41p100;1991;1.9101394;992;j
RS;bdiinc992j;p41p100;1992;1.9012927;992;j
RS;bdiinc992j;p41p100;1993;1.8954415;992;j
RS;bdiinc992j;p41p100;1994;1.8898768;992;j
RS;bdiinc992j;p41p100;1995;1.884813;992;j
RS;bdiinc992j;p41p100;1996;1.8741527;992;j
RS;bdiinc992j;p41p100;1997;1.8629938;992;j
RS;bdiinc992j;p41p100;1998;1.9089905;992;j
RS;bdiinc992j;p41p100;1999;1.9313737;992;j
RS;bdiinc992j;p41p100;2000;1.9384205;992;j
RS;bdiinc992j;p41p100;2001;1.9452238;992;j
RS;bdiinc992j;p41p100;2002;1.9682236;992;j
RS;bdiinc992j;p41p100;2003;1.9873115;992;j
RS;bdiinc992j;p41p100;2004;2.0380278;992;j
RS;bdiinc992j;p41p100;2005;2.0885956;992;j
RS;bdiinc992j;p41p100;2006;2.1416903;992;j
RS;bdiinc992j;p41p100;2007;2.1494238;992;j
RS;bdiinc992j;p41p100;2008;2.1693375;992;j
RS;bdiinc992j;p41p100;2009;2.2103646;992;j
RS;bdiinc992j;p41p100;2010;2.2832518;992;j
RS;bdiinc992j;p41p100;2011;2.3468809;992;j
RS;bdiinc992j;p41p100;2012;2.4003458;992;j
RS;bdiinc992j;p41p100;2013;2.4345155;992;j
RS;bdiinc992j;p41p100;2014;2.3643627;992;j
RS;bdiinc992j;p41p100;2015;2.4390414;992;j
RS;bdiinc992j;p41p100;2016;2.4697356;992;j
RS;bdiinc992j;p41p100;2017;2.4736466;992;j
RS;bptinc992j;p78p100;1990;1.6071941;992;j
RS;bptinc992j;p78p100;1991;1.618423;992;j
RS;bptinc992j;p78p100;1992;1.627841;992;j
RS;bptinc992j;p78p100;1993;1.6377878;992;j
RS;bptinc992j;p78p100;1994;1.6464924;992;j
RS;bptinc992j;p78p100;1995;1.6550171;992;j
RS;bptinc992j;p78p100;1996;1.6593877;992;j
RS;bptinc992j;p78p100;1997;1.6653397;992;j
RS;bptinc992j;p78p100;1998;1.6871849;992;j
RS;bptinc992j;p78p100;1999;1.7146629;992;j
RS;bptinc992j;p78p100;2000;1.754475;992;j
RS;bptinc992j;p78p100;2001;1.7808819;992;j
RS;bptinc992j;p78p100;2002;1.7834361;992;j
RS;bptinc992j;p78p100;2003;1.80124;992;j
RS;bptinc992j;p78p100;2004;1.833982;992;j
RS;bptinc992j;p78p100;2005;1.8632983;992;j
RS;bptinc992j;p78p100;2006;1.8677237;992;j
RS;bptinc992j;p78p100;2007;1.8196164;992;j
RS;bptinc992j;p78p100;2008;1.826809;992;j
RS;bptinc992j;p78p100;2009;1.8455453;992;j
RS;bptinc992j;p78p100;2010;1.9009347;992;j
RS;bptinc992j;p78p100;2011;1.9272739;992;j
RS;bptinc992j;p78p100;2012;1.8823869;992;j
RS;bptinc992j;p78p100;2013;1.8621658;992;j
RS;bptinc992j;p78p100;2014;1.9640356;992;j
RS;bptinc992j;p78p100;2015;1.9503492;992;j
RS;bptinc992j;p78p100;2016;1.9514405;992;j
RS;bptinc992j;p78p100;2017;1.9524425;992;j
RS;mccmho999i;p0p100;1997;47620001792.0;999;i
RS;mccmho999i;p0p100;1998;51621695488.0;999;i
RS;mccmho999i;p0p100;1999;52742197248.0;999;i
RS;mccmho999i;p0p100;2000;61227003904.0;999;i
RS;mccmho999i;p0p100;2001;58669715456.0;999;i
RS;mccmho999i;p0p100;2002;55645483008.0;999;i
RS;mccmho999i;p0p100;2003;42821488640.0;999;i
RS;mccmho999i;p0p100;2004;49482952704.0;999;i
RS;mccmho999i;p0p100;2005;51384561664.0;999;i
RS;mccmho999i;p0p100;2006;62133280768.0;999;i
RS;mccmho999i;p0p100;2007;61518635008.0;999;i
RS;mccmho999i;p0p100;2008;64648626176.0;999;i
RS;mccmho999i;p0p100;2009;61031673856.0;999;i
RS;mccmho999i;p0p100;2010;61767372800.0;999;i
RS;mccmho999i;p0p100;2011;70271057920.0;999;i
RS;mfsubx999i;p0p100;1997;-995978816.0;999;i
RS;mfsubx999i;p0p100;1998;-1248067456.0;999;i
RS;mfsubx999i;p0p100;1999;-1647148928.0;999;i
RS;mfsubx999i;p0p100;2000;-1799257984.0;999;i
RS;mfsubx999i;p0p100;2001;-1811341568.0;999;i
RS;mfsubx999i;p0p100;2002;-2951144960.0;999;i
RS;mfsubx999i;p0p100;2003;-3207181312.0;999;i
RS;mfsubx999i;p0p100;2004;-3612656128.0;999;i
RS;mfsubx999i;p0p100;2005;-3549626112.0;999;i
RS;mfsubx999i;p0p100;2006;-3661975552.0;999;i
RS;mfsubx999i;p0p100;2007;0.0;999;i
RS;mfsubx999i;p0p100;2008;0.0;999;i
RS;mfsubx999i;p0p100;2009;0.0;999;i
RS;mfsubx999i;p0p100;2010;0.0;999;i
RS;mfsubx999i;p0p100;2011;0.0;999;i
RS;mfsubx999i;p0p100;2012;0.0;999;i
RS;mfsubx999i;p0p100;2013;0.0;999;i
RS;mfsubx999i;p0p100;2014;0.0;999;i
RS;mfsubx999i;p0p100;2015;0.0;999;i
RS;mfsubx999i;p0p100;2016;0.0;999;i
RS;mfsubx999i;p0p100;2017;0.0;999;i
RS;mfsubx999i;p0p100;2018;0.0;999;i
RS;msprgo999i;p0p100;1997;34482601984.0;999;i
RS;msprgo999i;p0p100;1998;35162234880.0;999;i
RS;msprgo999i;p0p100;1999;26012329984.0;999;i
RS;msprgo999i;p0p100;2000;27184107520.0;999;i
RS;msprgo999i;p0p100;2001;88227790848.0;999;i
RS;msprgo999i;p0p100;2002;113603616768.0;999;i
RS;msprgo999i;p0p100;2003;92415262720.0;999;i
RS;msprgo999i;p0p100;2004;93832593408.0;999;i
RS;msprgo999i;p0p100;2005;94388641792.0;999;i
RS;msprgo999i;p0p100;2006;77601546240.0;999;i
RS;msprgo999i;p0p100;2007;81739399168.0;999;i
RS;msprgo999i;p0p100;2008;90239713280.0;999;i
RS;msprgo999i;p0p100;2009;56561934336.0;999;i
RS;msprgo999i;p0p100;2010;73926860800.0;999;i
RS;msprgo999i;p0p100;2011;80823943168.0;999;i
RS;mssbho999i;p0p100;1997;354473738240.0;999;i
RS;mssbho999i;p0p100;1998;465820778496.0;999;i
RS;mssbho999i;p0p100;1999;349660119040.0;999;i
RS;mssbho999i;p0p100;2000;376354406400.0;999;i
RS;mssbho999i;p0p100;2001;424800649216.0;999;i
RS;mssbho999i;p0p100;2002;555630395392.0;999;i
RS;mssbho999i;p0p100;2003;538450100224.0;999;i
RS;mssbho999i;p0p100;2004;528514646016.0;999;i
RS;mssbho999i;p0p100;2005;620420399104.0;999;i
RS;mssbho999i;p0p100;2006;707955523584.0;999;i
RS;mssbho999i;p0p100;2007;727263215616.0;999;i
RS;mssbho999i;p0p100;2008;814781038592.0;999;i
RS;mssbho999i;p0p100;2009;875097948160.0;999;i
RS;mssbho999i;p0p100;2010;870289965056.0;999;i
RS;mssbho999i;p0p100;2011;797730144256.0;999;i
RS;npopul502m;p0p100;1950;272175.0;502;m
RS;npopul502m;p0p100;1951;286804.0;502;m
RS;npopul502m;p0p100;1952;303342.0;502;m
RS;npopul502m;p0p100;1953;320144.0;502;m
RS;npopul502m;p0p100;1954;336163.0;502;m
RS;npopul502m;p0p100;1955;350930.0;502;m
RS;npopul502m;p0p100;1956;363098.0;502;m
RS;npopul502m;p0p100;1957;373928.0;502;m
RS;npopul502m;p0p100;1958;382949.0;502;m
RS;npopul502m;p0p100;1959;389412.0;502;m
RS;npopul502m;p0p100;1960;392836.0;502;m
RS;npopul502m;p0p100;1961;393039.0;502;m
RS;npopul502m;p0p100;1962;390364.0;502;m
RS;npopul502m;p0p100;1963;384872.0;502;m
RS;npopul502m;p0p100;1964;376316.0;502;m
RS;npopul502m;p0p100;1965;364738.0;502;m
RS;npopul502m;p0p100;1966;347877.0;502;m
RS;npopul502m;p0p100;1967;328869.0;502;m
RS;npopul502m;p0p100;1968;310637.0;502;m
RS;npopul502m;p0p100;1969;297474.0;502;m
RS;npopul502m;p0p100;1970;292125.0;502;m
RS;npopul502m;p0p100;1971;293078.0;502;m
RS;npopul502m;p0p100;1972;301066.0;502;m
RS;npopul502m;p0p100;1973;315581.0;502;m
RS;npopul502m;p0p100;1974;335865.0;502;m
RS;npopul502m;p0p100;1975;361117.0;502;m
RS;npopul502m;p0p100;1976;389487.0;502;m
RS;npopul502m;p0p100;1977;422595.0;502;m
RS;npopul502m;p0p100;1978;457552.0;502;m
RS;npopul502m;p0p100;1979;490342.0;502;m
RS;npopul502m;p0p100;1980;518442.0;502;m
RS;npopul502m;p0p100;1981;539859.0;502;m
RS;npopul502m;p0p100;1982;556899.0;502;m
RS;npopul502m;p0p100;1983;569686.0;502;m
RS;npopul502m;p0p100;1984;578546.0;502;m
RS;npopul502m;p0p100;1985;583645.0;502;m
RS;npopul502m;p0p100;1986;582496.0;502;m
RS;npopul502m;p0p100;1987;577966.0;502;m
RS;npopul502m;p0p100;1988;570693.0;502;m
RS;npopul502m;p0p100;1989;561319.0;502;m
RS;npopul502m;p0p100;1990;550384.0;502;m
RS;npopul502m;p0p100;1991;536342.0;502;m
RS;npopul502m;p0p100;1992;521128.0;502;m
RS;npopul502m;p0p100;1993;506392.0;502;m
RS;npopul502m;p0p100;1994;494985.0;502;m
RS;npopul502m;p0p100;1995;488794.0;502;m
RS;npopul502m;p0p100;1996;488857.0;502;m
RS;npopul502m;p0p100;1997;493298.0;502;m
RS;npopul502m;p0p100;1998;502499.0;502;m
RS;npopul502m;p0p100;1999;406896.0;502;m
RS;npopul502m;p0p100;2000;425370.0;502;m
RS;npopul502m;p0p100;2001;444672.0;502;m
RS;npopul502m;p0p100;2002;468510.0;502;m
RS;npopul502m;p0p100;2003;492161.0;502;m
RS;npopul502m;p0p100;2004;512067.0;502;m
RS;npopul502m;p0p100;2005;524815.0;502;m
RS;npopul502m;p0p100;2006;528393.0;502;m
RS;npopul502m;p0p100;2007;526144.0;502;m
RS;npopul502m;p0p100;2008;519517.0;502;m
RS;npopul502m;p0p100;2009;511078.0;502;m
RS;npopul502m;p0p100;2010;502166.0;502;m
RS;npopul502m;p0p100;2011;489568.0;502;m
RS;npopul502m;p0p100;2012;477501.0;502;m
RS;npopul502m;p0p100;2013;465708.0;502;m
RS;npopul502m;p0p100;2014;455646.0;502;m
RS;npopul502m;p0p100;2015;448047.0;502;m
RS;npopul502m;p0p100;2016;440323.0;502;m
RS;npopul502m;p0p100;2017;436614.0;502;m
RS;npopul502m;p0p100;2018;435078.0;502;m
RS;npopul502m;p0p100;2019;435014.0;502;m
RS;scainc992j;p90p91;1990;0.017899999;992;j
RS;scainc992j;p90p91;1991;0.017899999;992;j
RS;scainc992j;p90p91;1992;0.0178;992;j
RS;scainc992j;p90p91;1993;0.0178;992;j
RS;scainc992j;p90p91;1994;0.0177;992;j
RS;scainc992j;p90p91;1995;0.0176;992;j
RS;scainc992j;p90p91;1996;0.0176;992;j
RS;scainc992j;p90p91;1997;0.0176;992;j
RS;scainc992j;p90p91;1998;0.0176;992;j
RS;scainc992j;p90p91;1999;0.0175;992;j
RS;scainc992j;p90p91;2000;0.0173;992;j
RS;scainc992j;p90p91;2001;0.0173;992;j
RS;scainc992j;p90p91;2002;0.0175;992;j
RS;scainc992j;p90p91;2003;0.017899999;992;j
RS;scainc992j;p90p91;2004;0.0184;992;j
RS;scainc992j;p90p91;2005;0.0186;992;j
RS;scainc992j;p90p91;2006;0.0188;992;j
RS;scainc992j;p90p91;2007;0.019099999;992;j
RS;scainc992j;p90p91;2008;0.019200001;992;j
RS;scainc992j;p90p91;2009;0.019200001;992;j
RS;scainc992j;p90p91;2010;0.0197;992;j
RS;scainc992j;p90p91;2011;0.020099999;992;j
RS;scainc992j;p90p91;2012;0.0195;992;j
RS;scainc992j;p90p91;2013;0.0198;992;j
RS;scainc992j;p90p91;2014;0.0188;992;j
RS;scainc992j;p90p91;2015;0.0185;992;j
RS;scainc992j;p90p91;2016;0.0185;992;j
RS;scainc992j;p90p91;2017;0.0185;992;j
RS;sdiinc992j;p61p62;1990;0.0101;992;j
RS;sdiinc992j;p61p62;1991;0.0101;992;j
RS;sdiinc992j;p61p62;1992;0.0101;992;j
RS;sdiinc992j;p61p62;1993;0.0101;992;j
RS;sdiinc992j;p61p62;1994;0.0101;992;j
RS;sdiinc992j;p61p62;1995;0.0101;992;j
RS;sdiinc992j;p61p62;1996;0.0101;992;j
RS;sdiinc992j;p61p62;1997;0.0101;992;j
RS;sdiinc992j;p61p62;1998;0.0101;992;j
RS;sdiinc992j;p61p62;1999;0.0099999998;992;j
RS;sdiinc992j;p61p62;2000;0.0098000001;992;j
RS;sdiinc992j;p61p62;2001;0.0098000001;992;j
RS;sdiinc992j;p61p62;2002;0.0098000001;992;j
RS;sdiinc992j;p61p62;2003;0.0098000001;992;j
RS;sdiinc992j;p61p62;2004;0.0097000003;992;j
RS;sdiinc992j;p61p62;2005;0.0097000003;992;j
RS;sdiinc992j;p61p62;2006;0.0097000003;992;j
RS;sdiinc992j;p61p62;2007;0.0097000003;992;j
RS;sdiinc992j;p61p62;2008;0.0097000003;992;j
RS;sdiinc992j;p61p62;2009;0.0097000003;992;j
RS;sdiinc992j;p61p62;2010;0.0096000005;992;j
RS;sdiinc992j;p61p62;2011;0.0094999997;992;j
RS;sdiinc992j;p61p62;2012;0.0094999997;992;j
RS;sdiinc992j;p61p62;2013;0.0096000005;992;j
RS;sdiinc992j;p61p62;2014;0.0093999999;992;j
RS;sdiinc992j;p61p62;2015;0.0091000004;992;j
RS;sdiinc992j;p61p62;2016;0.0091000004;992;j
RS;sdiinc992j;p61p62;2017;0.0091000004;992;j
RS;sptinc992j;p0p99;1990;0.91500002;992;j
RS;sptinc992j;p0p99;1991;0.91350001;992;j
RS;sptinc992j;p0p99;1992;0.91210002;992;j
RS;sptinc992j;p0p99;1993;0.91060001;992;j
RS;sptinc992j;p0p99;1994;0.90920001;992;j
RS;sptinc992j;p0p99;1995;0.90750003;992;j
RS;sptinc992j;p0p99;1996;0.90649998;992;j
RS;sptinc992j;p0p99;1997;0.90539998;992;j
RS;sptinc992j;p0p99;1998;0.9048;992;j
RS;sptinc992j;p0p99;1999;0.90079999;992;j
RS;sptinc992j;p0p99;2000;0.89499998;992;j
RS;sptinc992j;p0p99;2001;0.8908;992;j
RS;sptinc992j;p0p99;2002;0.89020002;992;j
RS;sptinc992j;p0p99;2003;0.8908;992;j
RS;sptinc992j;p0p99;2004;0.88739997;992;j
RS;sptinc992j;p0p99;2005;0.8872;992;j
RS;sptinc992j;p0p99;2006;0.88590002;992;j
RS;sptinc992j;p0p99;2007;0.89170003;992;j
RS;sptinc992j;p0p99;2008;0.8901;992;j
RS;sptinc992j;p0p99;2009;0.8897;992;j
RS;sptinc992j;p0p99;2010;0.88700002;992;j
RS;sptinc992j;p0p99;2011;0.88270003;992;j
RS;sptinc992j;p0p99;2012;0.89050001;992;j
RS;sptinc992j;p0p99;2013;0.88950002;992;j
RS;sptinc992j;p0p99;2014;0.86799997;992;j
RS;sptinc992j;p0p99;2015;0.87220001;992;j
RS;sptinc992j;p0p99;2016;0.8721;992;j
RS;sptinc992j;p0p99;2017;0.87199998;992;j
RS;sptinc992j;p20p30;1990;0.042599998;992;j
RS;sptinc992j;p20p30;1991;0.0425;992;j
RS;sptinc992j;p20p30;1992;0.042399999;992;j
RS;sptinc992j;p20p30;1993;0.042300001;992;j
RS;sptinc992j;p20p30;1994;0.042199999;992;j
RS;sptinc992j;p20p30;1995;0.042100001;992;j
RS;sptinc992j;p20p30;1996;0.041999999;992;j
RS;sptinc992j;p20p30;1997;0.041999999;992;j
RS;sptinc992j;p20p30;1998;0.043000001;992;j
RS;sptinc992j;p20p30;1999;0.0427;992;j
RS;sptinc992j;p20p30;2000;0.041900001;992;j
RS;sptinc992j;p20p30;2001;0.041700002;992;j
RS;sptinc992j;p20p30;2002;0.039700001;992;j
RS;sptinc992j;p20p30;2003;0.038699999;992;j
RS;sptinc992j;p20p30;2004;0.036899999;992;j
RS;sptinc992j;p20p30;2005;0.035300002;992;j
RS;sptinc992j;p20p30;2006;0.033500001;992;j
RS;sptinc992j;p20p30;2007;0.032900002;992;j
RS;sptinc992j;p20p30;2008;0.031300001;992;j
RS;sptinc992j;p20p30;2009;0.030099999;992;j
RS;sptinc992j;p20p30;2010;0.0283;992;j
RS;sptinc992j;p20p30;2011;0.0255;992;j
RS;sptinc992j;p20p30;2012;0.0242;992;j
RS;sptinc992j;p20p30;2013;0.024;992;j
RS;sptinc992j;p20p30;2014;0.023;992;j
RS;sptinc992j;p20p30;2015;0.024700001;992;j
RS;sptinc992j;p20p30;2016;0.024700001;992;j
RS;sptinc992j;p20p30;2017;0.024599999;992;j
RS;sptinc992j;p29p30;1990;0.0051000002;992;j
RS;sptinc992j;p29p30;1991;0.0051000002;992;j
RS;sptinc992j;p29p30;1992;0.0051000002;992;j
RS;sptinc992j;p29p30;1993;0.0051000002;992;j
RS;sptinc992j;p29p30;1994;0.0051000002;992;j
RS;sptinc992j;p29p30;1995;0.0051000002;992;j
RS;sptinc992j;p29p30;1996;0.0051000002;992;j
RS;sptinc992j;p29p30;1997;0.0051000002;992;j
RS;sptinc992j;p29p30;1998;0.0051000002;992;j
RS;sptinc992j;p29p30;1999;0.0051000002;992;j
RS;sptinc992j;p29p30;2000;0.0049999999;992;j
RS;sptinc992j;p29p30;2001;0.0049999999;992;j
RS;sptinc992j;p29p30;2002;0.0048000002;992;j
RS;sptinc992j;p29p30;2003;0.0046999999;992;j
RS;sptinc992j;p29p30;2004;0.0046000001;992;j
RS;sptinc992j;p29p30;2005;0.0044;992;j
RS;sptinc992j;p29p30;2006;0.0041999999;992;j
RS;sptinc992j;p29p30;2007;0.0041999999;992;j
RS;sptinc992j;p29p30;2008;0.0041;992;j
RS;sptinc992j;p29p30;2009;0.0040000002;992;j
RS;sptinc992j;p29p30;2010;0.0038000001;992;j
RS;sptinc992j;p29p30;2011;0.0035000001;992;j
RS;sptinc992j;p29p30;2012;0.0035000001;992;j
RS;sptinc992j;p29p30;2013;0.0035000001;992;j
RS;sptinc992j;p29p30;2014;0.0033;992;j
RS;sptinc992j;p29p30;2015;0.0035999999;992;j
RS;sptinc992j;p29p30;2016;0.0035999999;992;j
RS;sptinc992j;p29p30;2017;0.0035999999;992;j
RS;sptinc992j;p42p100;1990;0.84439999;992;j
RS;sptinc992j;p42p100;1991;0.8448;992;j
RS;sptinc992j;p42p100;1992;0.84509999;992;j
RS;sptinc992j;p42p100;1993;0.84539998;992;j
RS;sptinc992j;p42p100;1994;0.84570003;992;j
RS;sptinc992j;p42p100;1995;0.84609997;992;j
RS;sptinc992j;p42p100;1996;0.84619999;992;j
RS;sptinc992j;p42p100;1997;0.84649998;992;j
RS;sptinc992j;p42p100;1998;0.84350002;992;j
RS;sptinc992j;p42p100;1999;0.84369999;992;j
RS;sptinc992j;p42p100;2000;0.84609997;992;j
RS;sptinc992j;p42p100;2001;0.84630001;992;j
RS;sptinc992j;p42p100;2002;0.85460001;992;j
RS;sptinc992j;p42p100;2003;0.8581;992;j
RS;sptinc992j;p42p100;2004;0.86449999;992;j
RS;sptinc992j;p42p100;2005;0.87040001;992;j
RS;sptinc992j;p42p100;2006;0.87699997;992;j
RS;sptinc992j;p42p100;2007;0.87980002;992;j
RS;sptinc992j;p42p100;2008;0.88609999;992;j
RS;sptinc992j;p42p100;2009;0.89060003;992;j
RS;sptinc992j;p42p100;2010;0.89600003;992;j
RS;sptinc992j;p42p100;2011;0.90399998;992;j
RS;sptinc992j;p42p100;2012;0.9066;992;j
RS;sptinc992j;p42p100;2013;0.90780002;992;j
RS;sptinc992j;p42p100;2014;0.9113;992;j
RS;sptinc992j;p42p100;2015;0.90679997;992;j
RS;sptinc992j;p42p100;2016;0.90679997;992;j
RS;sptinc992j;p42p100;2017;0.90700001;992;j
RS;sptinc992j;p99.3p100;1990;0.070799999;992;j
RS;sptinc992j;p99.3p100;1991;0.0722;992;j
RS;sptinc992j;p99.3p100;1992;0.073399998;992;j
RS;sptinc992j;p99.3p100;1993;0.0748;992;j
RS;sptinc992j;p99.3p100;1994;0.076099999;992;j
RS;sptinc992j;p99.3p100;1995;0.077600002;992;j
RS;sptinc992j;p99.3p100;1996;0.078500003;992;j
RS;sptinc992j;p99.3p100;1997;0.079599999;992;j
RS;sptinc992j;p99.3p100;1998;0.079999998;992;j
RS;sptinc992j;p99.3p100;1999;0.083700001;992;j
RS;sptinc992j;p99.3p100;2000;0.088799998;992;j
RS;sptinc992j;p99.3p100;2001;0.092799999;992;j
RS;sptinc992j;p99.3p100;2002;0.093000002;992;j
RS;sptinc992j;p99.3p100;2003;0.092299998;992;j
RS;sptinc992j;p99.3p100;2004;0.095100001;992;j
RS;sptinc992j;p99.3p100;2005;0.094999999;992;j
RS;sptinc992j;p99.3p100;2006;0.096100003;992;j
RS;sptinc992j;p99.3p100;2007;0.090800002;992;j
RS;sptinc992j;p99.3p100;2008;0.092299998;992;j
RS;sptinc992j;p99.3p100;2009;0.092399999;992;j
RS;sptinc992j;p99.3p100;2010;0.094300002;992;j
RS;sptinc992j;p99.3p100;2011;0.098099999;992;j
RS;sptinc992j;p99.3p100;2012;0.0902;992;j
RS;sptinc992j;p99.3p100;2013;0.091600001;992;j
RS;sptinc992j;p99.3p100;2014;0.1124;992;j
RS;sptinc992j;p99.3p100;2015;0.1088;992;j
RS;sptinc992j;p99.3p100;2016;0.1089;992;j
RS;sptinc992j;p99.3p100;2017;0.109;992;j
RS;sptinc992j;p99.5p99.6;1990;0.0063;992;j
RS;sptinc992j;p99.5p99.6;1991;0.0063999998;992;j
RS;sptinc992j;p99.5p99.6;1992;0.0065000001;992;j
RS;sptinc992j;p99.5p99.6;1993;0.0066;992;j
RS;sptinc992j;p99.5p99.6;1994;0.0066;992;j
RS;sptinc992j;p99.5p99.6;1995;0.0066999998;992;j
RS;sptinc992j;p99.5p99.6;1996;0.0068000001;992;j
RS;sptinc992j;p99.5p99.6;1997;0.0068000001;992;j
RS;sptinc992j;p99.5p99.6;1998;0.0068999999;992;j
RS;sptinc992j;p99.5p99.6;1999;0.0071;992;j
RS;sptinc992j;p99.5p99.6;2000;0.0074;992;j
RS;sptinc992j;p99.5p99.6;2001;0.0076000001;992;j
RS;sptinc992j;p99.5p99.6;2002;0.0077999998;992;j
RS;sptinc992j;p99.5p99.6;2003;0.0077999998;992;j
RS;sptinc992j;p99.5p99.6;2004;0.0080000004;992;j
RS;sptinc992j;p99.5p99.6;2005;0.0082;992;j
RS;sptinc992j;p99.5p99.6;2006;0.0082999999;992;j
RS;sptinc992j;p99.5p99.6;2007;0.0078999996;992;j
RS;sptinc992j;p99.5p99.6;2008;0.0080000004;992;j
RS;sptinc992j;p99.5p99.6;2009;0.0081000002;992;j
RS;sptinc992j;p99.5p99.6;2010;0.0085000005;992;j
RS;sptinc992j;p99.5p99.6;2011;0.0087000001;992;j
RS;sptinc992j;p99.5p99.6;2012;0.0086000003;992;j
RS;sptinc992j;p99.5p99.6;2013;0.0085000005;992;j
RS;sptinc992j;p99.5p99.6;2014;0.0091000004;992;j
RS;sptinc992j;p99.5p99.6;2015;0.0088;992;j
RS;sptinc992j;p99.5p99.6;2016;0.0088;992;j
RS;sptinc992j;p99.5p99.6;2017;0.0088999998;992;j
RS;sptinc992j;p99.96p100;1990;0.0173;992;j
RS;sptinc992j;p99.96p100;1991;0.017899999;992;j
RS;sptinc992j;p99.96p100;1992;0.018300001;992;j
RS;sptinc992j;p99.96p100;1993;0.0189;992;j
RS;sptinc992j;p99.96p100;1994;0.019300001;992;j
RS;sptinc992j;p99.96p100;1995;0.0199;992;j
RS;sptinc992j;p99.96p100;1996;0.020400001;992;j
RS;sptinc992j;p99.96p100;1997;0.0209;992;j
RS;sptinc992j;p99.96p100;1998;0.0207;992;j
RS;sptinc992j;p99.96p100;1999;0.022399999;992;j
RS;sptinc992j;p99.96p100;2000;0.0241;992;j
RS;sptinc992j;p99.96p100;2001;0.0261;992;j
RS;sptinc992j;p99.96p100;2002;0.0254;992;j
RS;sptinc992j;p99.96p100;2003;0.024700001;992;j
RS;sptinc992j;p99.96p100;2004;0.0255;992;j
RS;sptinc992j;p99.96p100;2005;0.024599999;992;j
RS;sptinc992j;p99.96p100;2006;0.024900001;992;j
RS;sptinc992j;p99.96p100;2007;0.0228;992;j
RS;sptinc992j;p99.96p100;2008;0.023399999;992;j
RS;sptinc992j;p99.96p100;2009;0.0231;992;j
RS;sptinc992j;p99.96p100;2010;0.022500001;992;j
RS;sptinc992j;p99.96p100;2011;0.0239;992;j
RS;sptinc992j;p99.96p100;2012;0.0189;992;j
RS;sptinc992j;p99.96p100;2013;0.020500001;992;j
RS;sptinc992j;p99.96p100;2014;0.032099999;992;j
RS;sptinc992j;p99.96p100;2015;0.031099999;992;j
RS;sptinc992j;p99.96p100;2016;0.031099999;992;j
RS;sptinc992j;p99.96p100;2017;0.031099999;992;j
RS;tcainc992j;p21p100;1990;200598.5;992;j
RS;tcainc992j;p21p100;1991;177459.91;992;j
RS;tcainc992j;p21p100;1992;124153.7;992;j
RS;tcainc992j;p21p100;1993;81968.203;992;j
RS;tcainc992j;p21p100;1994;86042.797;992;j
RS;tcainc992j;p21p100;1995;92604.203;992;j
RS;tcainc992j;p21p100;1996;95114.602;992;j
RS;tcainc992j;p21p100;1997;102444.6;992;j
RS;tcainc992j;p21p100;1998;118001.6;992;j
RS;tcainc992j;p21p100;1999;132972.7;992;j
RS;tcainc992j;p21p100;2000;145238.5;992;j
RS;tcainc992j;p21p100;2001;141934.2;992;j
RS;tcainc992j;p21p100;2002;137511.59;992;j
RS;tcainc992j;p21p100;2003;140838.8;992;j
RS;tcainc992j;p21p100;2004;155394.41;992;j
RS;tcainc992j;p21p100;2005;174226.09;992;j
RS;tcainc992j;p21p100;2006;169604.5;992;j
RS;tcainc992j;p21p100;2007;165919.41;992;j
RS;tcainc992j;p21p100;2008;170064.3;992;j
RS;tcainc992j;p21p100;2009;152309.7;992;j
RS;tcainc992j;p21p100;2010;136377.3;992;j
RS;tcainc992j;p21p100;2011;121926.4;992;j
RS;tcainc992j;p21p100;2012;125088.0;992;j
RS;tcainc992j;p21p100;2013;98880.602;992;j
RS;tcainc992j;p21p100;2014;129510.9;992;j
RS;tcainc992j;p21p100;2015;107555.1;992;j
RS;tcainc992j;p21p100;2016;111792.3;992;j
RS;tcainc992j;p21p100;2017;111600.4;992;j
RS;tcainc992j;p21p22;1990;200598.5;992;j
RS;tcainc992j;p21p22;1991;177459.91;992;j
RS;tcainc992j;p21p22;1992;124153.7;992;j
RS;tcainc992j;p21p22;1993;81968.203;992;j
RS;tcainc992j;p21p22;1994;86042.797;992;j
RS;tcainc992j;p21p22;1995;92604.203;992;j
RS;tcainc992j;p21p22;1996;95114.602;992;j
RS;tcainc992j;p21p22;1997;102444.6;992;j
RS;tcainc992j;p21p22;1998;118001.6;992;j
RS;tcainc992j;p21p22;1999;132972.7;992;j
RS;tcainc992j;p21p22;2000;145238.5;992;j
RS;tcainc992j;p21p22;2001;141934.2;992;j
RS;tcainc992j;p21p22;2002;137511.59;992;j
RS;tcainc992j;p21p22;2003;140838.8;992;j
RS;tcainc992j;p21p22;2004;155394.41;992;j
RS;tcainc992j;p21p22;2005;174226.09;992;j
RS;tcainc992j;p21p22;2006;169604.5;992;j
RS;tcainc992j;p21p22;2007;165919.41;992;j
RS;tcainc992j;p21p22;2008;170064.3;992;j
RS;tcainc992j;p21p22;2009;152309.7;992;j
RS;tcainc992j;p21p22;2010;136377.3;992;j
RS;tcainc992j;p21p22;2011;121926.4;992;j
RS;tcainc992j;p21p22;2012;125088.0;992;j
RS;tcainc992j;p21p22;2013;98880.602;992;j
RS;tcainc992j;p21p22;2014;129510.9;992;j
RS;tcainc992j;p21p22;2015;107555.1;992;j
RS;tcainc992j;p21p22;2016;111792.3;992;j
RS;tcainc992j;p21p22;2017;111600.4;992;j
RS;tcainc992j;p30p100;1990;281497.69;992;j
RS;tcainc992j;p30p100;1991;246688.7;992;j
RS;tcainc992j;p30p100;1992;170519.7;992;j
RS;tcainc992j;p30p100;1993;111600.5;992;j
RS;tcainc992j;p30p100;1994;115977.5;992;j
RS;tcainc992j;p30p100;1995;123581.8;992;j
RS;tcainc992j;p30p100;1996;125869.4;992;j
RS;tcainc992j;p30p100;1997;134141.7;992;j
RS;tcainc992j;p30p100;1998;146536.3;992;j
RS;tcainc992j;p30p100;1999;166064.5;992;j
RS;tcainc992j;p30p100;2000;179007.59;992;j
RS;tcainc992j;p30p100;2001;174338.09;992;j
RS;tcainc992j;p30p100;2002;179086.91;992;j
RS;tcainc992j;p30p100;2003;184721.09;992;j
RS;tcainc992j;p30p100;2004;214713.91;992;j
RS;tcainc992j;p30p100;2005;239892.7;992;j
RS;tcainc992j;p30p100;2006;244530.5;992;j
RS;tcainc992j;p30p100;2007;243165.0;992;j
RS;tcainc992j;p30p100;2008;253475.5;992;j
RS;tcainc992j;p30p100;2009;242757.41;992;j
RS;tcainc992j;p30p100;2010;229223.2;992;j
RS;tcainc992j;p30p100;2011;217114.3;992;j
RS;tcainc992j;p30p100;2012;216944.3;992;j
RS;tcainc992j;p30p100;2013;204912.7;992;j
RS;tcainc992j;p30p100;2014;215929.0;992;j
RS;tcainc992j;p30p100;2015;202457.59;992;j
RS;tcainc992j;p30p100;2016;210075.8;992;j
RS;tcainc992j;p30p100;2017;210024.41;992;j
RS;tcainc992j;p97p100;1990;1355404.5;992;j
RS;tcainc992j;p97p100;1991;1177794.8;992;j
RS;tcainc992j;p97p100;1992;809779.88;992;j
RS;tcainc992j;p97p100;1993;527002.63;992;j
RS;tcainc992j;p97p100;1994;543460.13;992;j
RS;tcainc992j;p97p100;1995;574193.0;992;j
RS;tcainc992j;p97p100;1996;577530.81;992;j
RS;tcainc992j;p97p100;1997;608117.38;992;j
RS;tcainc992j;p97p100;1998;671678.69;992;j
RS;tcainc992j;p97p100;1999;769002.31;992;j
RS;tcainc992j;p97p100;2000;855238.63;992;j
RS;tcainc992j;p97p100;2001;835852.38;992;j
RS;tcainc992j;p97p100;2002;901149.0;992;j
RS;tcainc992j;p97p100;2003;953102.31;992;j
RS;tcainc992j;p97p100;2004;1162007.8;992;j
RS;tcainc992j;p97p100;2005;1343868.4;992;j
RS;tcainc992j;p97p100;2006;1465608.5;992;j
RS;tcainc992j;p97p100;2007;1477306.4;992;j
RS;tcainc992j;p97p100;2008;1615102.0;992;j
RS;tcainc992j;p97p100;2009;1597760.8;992;j
RS;tcainc992j;p97p100;2010;1666102.5;992;j
RS;tcainc992j;p97p100;2011;1732445.3;992;j
RS;tcainc992j;p97p100;2012;1678063.8;992;j
RS;tcainc992j;p97p100;2013;1745350.1;992;j
RS;tcainc992j;p97p100;2014;1587382.5;992;j
RS;tcainc992j;p97p100;2015;1594995.3;992;j
RS;tcainc992j;p97p100;2016;1654131.4;992;j
RS;tcainc992j;p97p100;2017;1655633.5;992;j
RS;tdiinc992j;p26p27;1990;374263.91;992;j
RS;tdiinc992j;p26p27;1991;329182.59;992;j
RS;tdiinc992j;p26p27;1992;228516.0;992;j
RS;tdiinc992j;p26p27;1993;150170.09;992;j
RS;tdiinc992j;p26p27;1994;156521.5;992;j
RS;tdiinc992j;p26p27;1995;167091.3;992;j
RS;tdiinc992j;p26p27;1996;170723.7;992;j
RS;tdiinc992j;p26p27;1997;183645.3;992;j
RS;tdiinc992j;p26p27;1998;193122.5;992;j
RS;tdiinc992j;p26p27;1999;209205.0;992;j
RS;tdiinc992j;p26p27;2000;231997.0;992;j
RS;tdiinc992j;p26p27;2001;232421.5;992;j
RS;tdiinc992j;p26p27;2002;244365.7;992;j
RS;tdiinc992j;p26p27;2003;252014.2;992;j
RS;tdiinc992j;p26p27;2004;272651.91;992;j
RS;tdiinc992j;p26p27;2005;298034.81;992;j
RS;tdiinc992j;p26p27;2006;300619.09;992;j
RS;tdiinc992j;p26p27;2007;309242.5;992;j
RS;tdiinc992j;p26p27;2008;319774.59;992;j
RS;tdiinc992j;p26p27;2009;300741.91;992;j
RS;tdiinc992j;p26p27;2010;281979.31;992;j
RS;tdiinc992j;p26p27;2011;262023.09;992;j
RS;tdiinc992j;p26p27;2012;269226.81;992;j
RS;tdiinc992j;p26p27;2013;241616.41;992;j
RS;tdiinc992j;p26p27;2014;263501.41;992;j
RS;tdiinc992j;p26p27;2015;245322.3;992;j
RS;tdiinc992j;p26p27;2016;247207.09;992;j
RS;tdiinc992j;p26p27;2017;247887.0;992;j
RS;tdiinc992j;p39p40;1990;518626.91;992;j
RS;tdiinc992j;p39p40;1991;451475.69;992;j
RS;tdiinc992j;p39p40;1992;309880.69;992;j
RS;tdiinc992j;p39p40;1993;201408.59;992;j
RS;tdiinc992j;p39p40;1994;207670.41;992;j
RS;tdiinc992j;p39p40;1995;219353.8;992;j
RS;tdiinc992j;p39p40;1996;221914.2;992;j
RS;tdiinc992j;p39p40;1997;236204.3;992;j
RS;tdiinc992j;p39p40;1998;240436.7;992;j
RS;tdiinc992j;p39p40;1999;261688.5;992;j
RS;tdiinc992j;p39p40;2000;285667.59;992;j
RS;tdiinc992j;p39p40;2001;285766.31;992;j
RS;tdiinc992j;p39p40;2002;303144.5;992;j
RS;tdiinc992j;p39p40;2003;317370.41;992;j
RS;tdiinc992j;p39p40;2004;350374.81;992;j
RS;tdiinc992j;p39p40;2005;382900.69;992;j
RS;tdiinc992j;p39p40;2006;398743.31;992;j
RS;tdiinc992j;p39p40;2007;412744.31;992;j
RS;tdiinc992j;p39p40;2008;436815.59;992;j
RS;tdiinc992j;p39p40;2009;423042.91;992;j
RS;tdiinc992j;p39p40;2010;413418.5;992;j
RS;tdiinc992j;p39p40;2011;404766.41;992;j
RS;tdiinc992j;p39p40;2012;397062.31;992;j
RS;tdiinc992j;p39p40;2013;399062.5;992;j
RS;tdiinc992j;p39p40;2014;396775.59;992;j
RS;tdiinc992j;p39p40;2015;391739.91;992;j
RS;tdiinc992j;p39p40;2016;400027.41;992;j
RS;tdiinc992j;p39p40;2017;401918.31;992;j
RS;tdiinc992j;p56p57;1990;682548.31;992;j
RS;tdiinc992j;p56p57;1991;593801.63;992;j
RS;tdiinc992j;p56p57;1992;407396.31;992;j
RS;tdiinc992j;p56p57;1993;264053.41;992;j
RS;tdiinc992j;p56p57;1994;272108.81;992;j
RS;tdiinc992j;p56p57;1995;287446.59;992;j
RS;tdiinc992j;p56p57;1996;290207.69;992;j
RS;tdiinc992j;p56p57;1997;307976.69;992;j
RS;tdiinc992j;p56p57;1998;321066.91;992;j
RS;tdiinc992j;p56p57;1999;347133.5;992;j
RS;tdiinc992j;p56p57;2000;379208.41;992;j
RS;tdiinc992j;p56p57;2001;376209.31;992;j
RS;tdiinc992j;p56p57;2002;404144.19;992;j
RS;tdiinc992j;p56p57;2003;423529.09;992;j
RS;tdiinc992j;p56p57;2004;473328.69;992;j
RS;tdiinc992j;p56p57;2005;523728.09;992;j
RS;tdiinc992j;p56p57;2006;551071.13;992;j
RS;tdiinc992j;p56p57;2007;571172.81;992;j
RS;tdiinc992j;p56p57;2008;603911.0;992;j
RS;tdiinc992j;p56p57;2009;592762.5;992;j
RS;tdiinc992j;p56p57;2010;583739.38;992;j
RS;tdiinc992j;p56p57;2011;581265.69;992;j
RS;tdiinc992j;p56p57;2012;577312.19;992;j
RS;tdiinc992j;p56p57;2013;588290.81;992;j
RS;tdiinc992j;p56p57;2014;565763.31;992;j
RS;tdiinc992j;p56p57;2015;558930.81;992;j
RS;tdiinc992j;p56p57;2016;574598.88;992;j
RS;tdiinc992j;p56p57;2017;577773.88;992;j
RS;tdiinc992j;p99.2p100;1990;3118382.5;992;j
RS;tdiinc992j;p99.2p100;1991;2700134.8;992;j
RS;tdiinc992j;p99.2p100;1992;1851028.9;992;j
RS;tdiinc992j;p99.2p100;1993;1205415.8;992;j
RS;tdiinc992j;p99.2p100;1994;1243050.0;992;j
RS;tdiinc992j;p99.2p100;1995;1313907.9;992;j
RS;tdiinc992j;p99.2p100;1996;1317025.0;992;j
RS;tdiinc992j;p99.2p100;1997;1386513.5;992;j
RS;tdiinc992j;p99.2p100;1998;1494879.8;992;j
RS;tdiinc992j;p99.2p100;1999;1694269.0;992;j
RS;tdiinc992j;p99.2p100;2000;1941535.9;992;j
RS;tdiinc992j;p99.2p100;2001;1972395.6;992;j
RS;tdiinc992j;p99.2p100;2002;2177938.3;992;j
RS;tdiinc992j;p99.2p100;2003;2273341.8;992;j
RS;tdiinc992j;p99.2p100;2004;2598034.5;992;j
RS;tdiinc992j;p99.2p100;2005;2963347.8;992;j
RS;tdiinc992j;p99.2p100;2006;3237810.5;992;j
RS;tdiinc992j;p99.2p100;2007;3300725.5;992;j
RS;tdiinc992j;p99.2p100;2008;3558182.8;992;j
RS;tdiinc992j;p99.2p100;2009;3567985.5;992;j
RS;tdiinc992j;p99.2p100;2010;3700192.5;992;j
RS;tdiinc992j;p99.2p100;2011;3830818.5;992;j
RS;tdiinc992j;p99.2p100;2012;3876425.0;992;j
RS;tdiinc992j;p99.2p100;2013;3918077.8;992;j
RS;tdiinc992j;p99.2p100;2014;3773060.0;992;j
RS;tdiinc992j;p99.2p100;2015;4001093.5;992;j
RS;tdiinc992j;p99.2p100;2016;4168316.0;992;j
RS;tdiinc992j;p99.2p100;2017;4198233.5;992;j
RS;tdiinc992j;p99.97p99.98;1990;15418621.0;992;j
RS;tdiinc992j;p99.97p99.98;1991;12972573.0;992;j
RS;tdiinc992j;p99.97p99.98;1992;8555136.0;992;j
RS;tdiinc992j;p99.97p99.98;1993;5432434.5;992;j
RS;tdiinc992j;p99.97p99.98;1994;5506976.0;992;j
RS;tdiinc992j;p99.97p99.98;1995;5736646.5;992;j
RS;tdiinc992j;p99.97p99.98;1996;5640673.5;992;j
RS;tdiinc992j;p99.97p99.98;1997;5813941.0;992;j
RS;tdiinc992j;p99.97p99.98;1998;6448610.5;992;j
RS;tdiinc992j;p99.97p99.98;1999;8003282.0;992;j
RS;tdiinc992j;p99.97p99.98;2000;9330747.0;992;j
RS;tdiinc992j;p99.97p99.98;2001;10114323.0;992;j
RS;tdiinc992j;p99.97p99.98;2002;10714048.0;992;j
RS;tdiinc992j;p99.97p99.98;2003;11133377.0;992;j
RS;tdiinc992j;p99.97p99.98;2004;12710457.0;992;j
RS;tdiinc992j;p99.97p99.98;2005;14927122.0;992;j
RS;tdiinc992j;p99.97p99.98;2006;15498214.0;992;j
RS;tdiinc992j;p99.97p99.98;2007;14733763.0;992;j
RS;tdiinc992j;p99.97p99.98;2008;14861618.0;992;j
RS;tdiinc992j;p99.97p99.98;2009;16385730.0;992;j
RS;tdiinc992j;p99.97p99.98;2010;16351698.0;992;j
RS;tdiinc992j;p99.97p99.98;2011;16558488.0;992;j
RS;tdiinc992j;p99.97p99.98;2012;20698954.0;992;j
RS;tdiinc992j;p99.97p99.98;2013;18285806.0;992;j
RS;tdiinc992j;p99.97p99.98;2014;24341002.0;992;j
RS;tdiinc992j;p99.97p99.98;2015;31889398.0;992;j
RS;tdiinc992j;p99.97p99.98;2016;33297520.0;992;j
RS;tdiinc992j;p99.97p99.98;2017;33568728.0;992;j
RS;tptinc992j;p27p28;1990;349247.5;992;j
RS;tptinc992j;p27p28;1991;302160.5;992;j
RS;tptinc992j;p27p28;1992;206090.7;992;j
RS;tptinc992j;p27p28;1993;133349.0;992;j
RS;tptinc992j;p27p28;1994;136826.5;992;j
RS;tptinc992j;p27p28;1995;143706.5;992;j
RS;tptinc992j;p27p28;1996;144579.0;992;j
RS;tptinc992j;p27p28;1997;152804.8;992;j
RS;tptinc992j;p27p28;1998;162010.91;992;j
RS;tptinc992j;p27p28;1999;177191.5;992;j
RS;tptinc992j;p27p28;2000;192151.91;992;j
RS;tptinc992j;p27p28;2001;191037.5;992;j
RS;tptinc992j;p27p28;2002;197381.0;992;j
RS;tptinc992j;p27p28;2003;201491.2;992;j
RS;tptinc992j;p27p28;2004;216666.41;992;j
RS;tptinc992j;p27p28;2005;231463.5;992;j
RS;tptinc992j;p27p28;2006;234067.7;992;j
RS;tptinc992j;p27p28;2007;239130.3;992;j
RS;tptinc992j;p27p28;2008;244906.8;992;j
RS;tptinc992j;p27p28;2009;234284.8;992;j
RS;tptinc992j;p27p28;2010;219738.5;992;j
RS;tptinc992j;p27p28;2011;204409.5;992;j
RS;tptinc992j;p27p28;2012;196842.91;992;j
RS;tptinc992j;p27p28;2013;197972.59;992;j
RS;tptinc992j;p27p28;2014;190221.09;992;j
RS;tptinc992j;p27p28;2015;204620.0;992;j
RS;tptinc992j;p27p28;2016;210942.2;992;j
RS;tptinc992j;p27p28;2017;211931.7;992;j
RS;tptinc992j;p74p100;1990;931775.0;992;j
RS;tptinc992j;p74p100;1991;807038.5;992;j
RS;tptinc992j;p74p100;1992;550892.13;992;j
RS;tptinc992j;p74p100;1993;355914.81;992;j
RS;tptinc992j;p74p100;1994;365350.0;992;j
RS;tptinc992j;p74p100;1995;384189.59;992;j
RS;tptinc992j;p74p100;1996;386561.81;992;j
RS;tptinc992j;p74p100;1997;409009.81;992;j
RS;tptinc992j;p74p100;1998;427813.69;992;j
RS;tptinc992j;p74p100;1999;463160.59;992;j
RS;tptinc992j;p74p100;2000;503032.5;992;j
RS;tptinc992j;p74p100;2001;497824.31;992;j
RS;tptinc992j;p74p100;2002;539808.63;992;j
RS;tptinc992j;p74p100;2003;567874.19;992;j
RS;tptinc992j;p74p100;2004;638246.19;992;j
RS;tptinc992j;p74p100;2005;708208.31;992;j
RS;tptinc992j;p74p100;2006;755400.13;992;j
RS;tptinc992j;p74p100;2007;793081.81;992;j
RS;tptinc992j;p74p100;2008;849672.88;992;j
RS;tptinc992j;p74p100;2009;836145.81;992;j
RS;tptinc992j;p74p100;2010;828101.88;992;j
RS;tptinc992j;p74p100;2011;828382.5;992;j
RS;tptinc992j;p74p100;2012;844809.19;992;j
RS;tptinc992j;p74p100;2013;870333.38;992;j
RS;tptinc992j;p74p100;2014;833852.81;992;j
RS;tptinc992j;p74p100;2015;830058.88;992;j
RS;tptinc992j;p74p100;2016;855476.38;992;j
RS;tptinc992j;p74p100;2017;860450.13;992;j
RS;acainc992j;p17p18;1990;162969.0;992;j
RS;acainc992j;p17p18;1991;143447.59;992;j
RS;acainc992j;p17p18;1992;99725.703;992;j
RS;acainc992j;p17p18;1993;65713.898;992;j
RS;acainc992j;p17p18;1994;68924.0;992;j
RS;acainc992j;p17p18;1995;73984.898;992;j
RS;acainc992j;p17p18;1996;75919.703;992;j
RS;acainc992j;p17p18;1997;81574.5;992;j
RS;acainc992j;p17p18;1998;96169.0;992;j
RS;acainc992j;p17p18;1999;111390.2;992;j
RS;acainc992j;p17p18;2000;117228.0;992;j
RS;acainc992j;p17p18;2001;111980.3;992;j
RS;acainc992j;p17p18;2002;105467.9;992;j
RS;acainc992j;p17p18;2003;111403.7;992;j
RS;acainc992j;p17p18;2004;117361.7;992;j
RS;acainc992j;p17p18;2005;128525.4;992;j
RS;acainc992j;p17p18;2006;120394.0;992;j
RS;acainc992j;p17p18;2007;115476.9;992;j
RS;acainc992j;p17p18;2008;115995.1;992;j
RS;acainc992j;p17p18;2009;114567.3;992;j
RS;acainc992j;p17p18;2010;97351.0;992;j
RS;acainc992j;p17p18;2011;85527.797;992;j
RS;acainc992j;p17p18;2012;82165.5;992;j
RS;acainc992j;p17p18;2013;75822.297;992;j
RS;acainc992j;p17p18;2014;109404.5;992;j
RS;acainc992j;p17p18;2015;85452.203;992;j
RS;acainc992j;p17p18;2016;88815.398;992;j
RS;acainc992j;p17p18;2017;88765.602;992;j
RS;acainc992j;p99.991p99.992;1990;22674868.0;992;j
RS;acainc992j;p99.991p99.992;1991;18803404.0;992;j
RS;acainc992j;p99.991p99.992;1992;12149412.0;992;j
RS;acainc992j;p99.991p99.992;1993;7602366.0;992;j
RS;acainc992j;p99.991p99.992;1994;7631476.5;992;j
RS;acainc992j;p99.991p99.992;1995;7881629.5;992;j
RS;acainc992j;p99.991p99.992;1996;7678099.0;992;j
RS;acainc992j;p99.991p99.992;1997;7810321.5;992;j
RS;acainc992j;p99.991p99.992;1998;9021558.0;992;j
RS;acainc992j;p99.991p99.992;1999;12005087.0;992;j
RS;acainc992j;p99.991p99.992;2000;13924600.0;992;j
RS;acainc992j;p99.991p99.992;2001;15195696.0;992;j
RS;acainc992j;p99.991p99.992;2002;15427227.0;992;j
RS;acainc992j;p99.991p99.992;2003;16114548.0;992;j
RS;acainc992j;p99.991p99.992;2004;19546778.0;992;j
RS;acainc992j;p99.991p99.992;2005;23722864.0;992;j
RS;acainc992j;p99.991p99.992;2006;23931268.0;992;j
RS;acainc992j;p99.991p99.992;2007;21491786.0;992;j
RS;acainc992j;p99.991p99.992;2008;21110690.0;992;j
RS;acainc992j;p99.991p99.992;2009;24451336.0;992;j
RS;acainc992j;p99.991p99.992;2010;23992654.0;992;j
RS;acainc992j;p99.991p99.992;2011;24070884.0;992;j
RS;acainc992j;p99.991p99.992;2012;33246134.0;992;j
RS;acainc992j;p99.991p99.992;2013;27611376.0;992;j
RS;acainc992j;p99.991p99.992;2014;42787896.0;992;j
RS;acainc992j;p99.991p99.992;2015;61459856.0;992;j
RS;acainc992j;p99.991p99.992;2016;63766716.0;992;j
RS;acainc992j;p99.991p99.992;2017;63910136.0;992;j
RS;acfcco992i;p0p100;1997;48297.602;992;i
RS;acfcco992i;p0p100;1998;40615.102;992;i
RS;acfcco992i;p0p100;1999;51523.602;992;i
RS;acfcco992i;p0p100;2000;46837.398;992;i
RS;acfcco992i;p0p100;2001;69247.0;992;i
RS;acfcco992i;p0p100;2002;69348.0;992;i
RS;acfcco992i;p0p100;2003;70368.0;992;i
RS;acfcco992i;p0p100;2004;59761.398;992;i
RS;acfcco992i;p0p100;2005;58847.898;992;i
RS;acfcco992i;p0p100;2006;60821.898;992;i
RS;acfcco992i;p0p100;2007;75522.0;992;i
RS;acfcco992i;p0p100;2008;77950.602;992;i
RS;acfcco992i;p0p100;2009;74618.102;992;i
RS;acfcco992i;p0p100;2010;72214.602;992;i
RS;acfcco992i;p0p100;2011;73999.898;992;i
RS;acfcnf999i;p0p100;1997;33689.699;999;i
RS;acfcnf999i;p0p100;1998;28209.699;999;i
RS;acfcnf999i;p0p100;1999;36134.602;999;i
RS;acfcnf999i;p0p100;2000;32959.5;999;i
RS;acfcnf999i;p0p100;2001;49049.5;999;i
RS;acfcnf999i;p0p100;2002;49266.898;999;i
RS;acfcnf999i;p0p100;2003;50181.0;999;i
RS;acfcnf999i;p0p100;2004;42529.398;999;i
RS;acfcnf999i;p0p100;2005;41750.602;999;i
RS;acfcnf999i;p0p100;2006;42985.301;999;i
RS;acfcnf999i;p0p100;2007;53883.5;999;i
RS;acfcnf999i;p0p100;2008;55921.699;999;i
RS;acfcnf999i;p0p100;2009;53703.199;999;i
RS;acfcnf999i;p0p100;2010;52103.699;999;i
RS;acfcnf999i;p0p100;2011;53709.898;999;i
RS;adiinc992j;p12p13;1990;226737.41;992;j
RS;adiinc992j;p12p13;1991;199779.59;992;j
RS;adiinc992j;p12p13;1992;138946.7;992;j
RS;adiinc992j;p12p13;1993;91540.797;992;j
RS;adiinc992j;p12p13;1994;95775.703;992;j
RS;adiinc992j;p12p13;1995;102518.0;992;j
RS;adiinc992j;p12p13;1996;104946.7;992;j
RS;adiinc992j;p12p13;1997;113212.9;992;j
RS;adiinc992j;p12p13;1998;125637.7;992;j
RS;adiinc992j;p12p13;1999;134165.59;992;j
RS;adiinc992j;p12p13;2000;145807.09;992;j
RS;adiinc992j;p12p13;2001;145814.7;992;j
RS;adiinc992j;p12p13;2002;143736.8;992;j
RS;adiinc992j;p12p13;2003;143659.8;992;j
RS;adiinc992j;p12p13;2004;141355.8;992;j
RS;adiinc992j;p12p13;2005;146651.09;992;j
RS;adiinc992j;p12p13;2006;142618.8;992;j
RS;adiinc992j;p12p13;2007;138919.0;992;j
RS;adiinc992j;p12p13;2008;142882.7;992;j
RS;adiinc992j;p12p13;2009;137744.7;992;j
RS;adiinc992j;p12p13;2010;124833.0;992;j
RS;adiinc992j;p12p13;2011;108484.3;992;j
RS;adiinc992j;p12p13;2012;100320.8;992;j
RS;adiinc992j;p12p13;2013;119433.9;992;j
RS;adiinc992j;p12p13;2014;162552.09;992;j
RS;adiinc992j;p12p13;2015;134328.0;992;j
RS;adiinc992j;p12p13;2016;131454.41;992;j
RS;adiinc992j;p12p13;2017;131295.59;992;j
RS;adiinc992j;p86p100;1990;1776177.3;992;j
RS;adiinc992j;p86p100;1991;1535052.5;992;j
RS;adiinc992j;p86p100;1992;1047213.3;992;j
RS;adiinc992j;p86p100;1993;677606.5;992;j
RS;adiinc992j;p86p100;1994;696084.19;992;j
RS;adiinc992j;p86p100;1995;732915.81;992;j
RS;adiinc992j;p86p100;1996;734893.0;992;j
RS;adiinc992j;p86p100;1997;774109.69;992;j
RS;adiinc992j;p86p100;1998;827526.19;992;j
RS;adiinc992j;p86p100;1999;924654.5;992;j
RS;adiinc992j;p86p100;2000;1032066.6;992;j
RS;adiinc992j;p86p100;2001;1041961.7;992;j
RS;adiinc992j;p86p100;2002;1136324.8;992;j
RS;adiinc992j;p86p100;2003;1201048.8;992;j
RS;adiinc992j;p86p100;2004;1379964.6;992;j
RS;adiinc992j;p86p100;2005;1570486.3;992;j
RS;adiinc992j;p86p100;2006;1689276.5;992;j
RS;adiinc992j;p86p100;2007;1732922.1;992;j
RS;adiinc992j;p86p100;2008;1854721.3;992;j
RS;adiinc992j;p86p100;2009;1854301.0;992;j
RS;adiinc992j;p86p100;2010;1906224.6;992;j
RS;adiinc992j;p86p100;2011;1959664.4;992;j
RS;adiinc992j;p86p100;2012;1976102.3;992;j
RS;adiinc992j;p86p100;2013;2003106.8;992;j
RS;adiinc992j;p86p100;2014;1960153.3;992;j
RS;adiinc992j;p86p100;2015;2092008.0;992;j
RS;adiinc992j;p86p100;2016;2175389.0;992;j
RS;adiinc992j;p86p100;2017;2190942.8;992;j
RS;adiinc992j;p87p88;1990;1179003.3;992;j
RS;adiinc992j;p87p88;1991;1020236.3;992;j
RS;adiinc992j;p87p88;1992;696343.0;992;j
RS;adiinc992j;p87p88;1993;449660.59;992;j
RS;adiinc992j;p87p88;1994;460842.59;992;j
RS;adiinc992j;p87p88;1995;483850.5;992;j
RS;adiinc992j;p87p88;1996;485588.0;992;j
RS;adiinc992j;p87p88;1997;512195.41;992;j
RS;adiinc992j;p87p88;1998;541400.5;992;j
RS;adiinc992j;p87p88;1999;587422.5;992;j
RS;adiinc992j;p87p88;2000;636443.38;992;j
RS;adiinc992j;p87p88;2001;628610.0;992;j
RS;adiinc992j;p87p88;2002;681721.63;992;j
RS;adiinc992j;p87p88;2003;733617.63;992;j
RS;adiinc992j;p87p88;2004;844218.0;992;j
RS;adiinc992j;p87p88;2005;952415.5;992;j
RS;adiinc992j;p87p88;2006;1018292.4;992;j
RS;adiinc992j;p87p88;2007;1065875.6;992;j
RS;adiinc992j;p87p88;2008;1137841.1;992;j
RS;adiinc992j;p87p88;2009;1124786.0;992;j
RS;adiinc992j;p87p88;2010;1143019.6;992;j
RS;adiinc992j;p87p88;2011;1165425.6;992;j
RS;adiinc992j;p87p88;2012;1148176.6;992;j
RS;adiinc992j;p87p88;2013;1193875.8;992;j
RS;adiinc992j;p87p88;2014;1102860.5;992;j
RS;adiinc992j;p87p88;2015;1095847.8;992;j
RS;adiinc992j;p87p88;2016;1134942.3;992;j
RS;adiinc992j;p87p88;2017;1142128.8;992;j
RS;adiinc992j;p99.7p99.8;1990;5338269.5;992;j
RS;adiinc992j;p99.7p99.8;1991;4584992.0;992;j
RS;adiinc992j;p99.7p99.8;1992;3111106.8;992;j
RS;adiinc992j;p99.7p99.8;1993;2014123.6;992;j
RS;adiinc992j;p99.7p99.8;1994;2068390.3;992;j
RS;adiinc992j;p99.7p99.8;1995;2178833.0;992;j
RS;adiinc992j;p99.7p99.8;1996;2171504.0;992;j
RS;adiinc992j;p99.7p99.8;1997;2271673.5;992;j
RS;adiinc992j;p99.7p99.8;1998;2473911.5;992;j
RS;adiinc992j;p99.7p99.8;1999;2888187.3;992;j
RS;adiinc992j;p99.7p99.8;2000;3345899.5;992;j
RS;adiinc992j;p99.7p99.8;2001;3470110.3;992;j
RS;adiinc992j;p99.7p99.8;2002;3794053.8;992;j
RS;adiinc992j;p99.7p99.8;2003;3944937.0;992;j
RS;adiinc992j;p99.7p99.8;2004;4501231.0;992;j
RS;adiinc992j;p99.7p99.8;2005;5181535.0;992;j
RS;adiinc992j;p99.7p99.8;2006;5594028.5;992;j
RS;adiinc992j;p99.7p99.8;2007;5578753.0;992;j
RS;adiinc992j;p99.7p99.8;2008;5905162.5;992;j
RS;adiinc992j;p99.7p99.8;2009;6094786.0;992;j
RS;adiinc992j;p99.7p99.8;2010;6257570.5;992;j
RS;adiinc992j;p99.7p99.8;2011;6443847.5;992;j
RS;adiinc992j;p99.7p99.8;2012;6959827.5;992;j
RS;adiinc992j;p99.7p99.8;2013;6748138.5;992;j
RS;adiinc992j;p99.7p99.8;2014;7160309.0;992;j
RS;adiinc992j;p99.7p99.8;2015;8140914.0;992;j
RS;adiinc992j;p99.7p99.8;2016;8491336.0;992;j
RS;adiinc992j;p99.7p99.8;2017;8555114.0;992;j
RS;afdinx999i;p0p100;2007;-15649.0;999;i
RS;afdinx999i;p0p100;2008;-13333.6;999;i
RS;afdinx999i;p0p100;2009;-4564.0;999;i
RS;afdinx999i;p0p100;2010;-7135.7002;999;i
RS;afdinx999i;p0p100;2011;-18228.301;999;i
RS;afdinx999i;p0p100;2012;-14345.7;999;i
RS;afdinx999i;p0p100;2013;-17560.9;999;i
RS;afdinx999i;p0p100;2014;-15446.1;999;i
RS;afdinx999i;p0p100;2015;-20374.301;999;i
RS;afdinx999i;p0p100;2016;-26526.301;999;i
RS;afdinx999i;p0p100;2017;-37461.898;999;i
RS;afdinx999i;p0p100;2018;-32862.301;999;i
RS;aotpgo992i;p0p100;1997;8917.5996;992;i
RS;aotpgo992i;p0p100;1998;9408.9004;992;i
RS;aotpgo992i;p0p100;1999;9756.0;992;i
RS;aotpgo992i;p0p100;2000;9970.9004;992;i
RS;aotpgo992i;p0p100;2001;13175.1;992;i
RS;aotpgo992i;p0p100;2002;16075.4;992;i
RS;aotpgo992i;p0p100;2003;16357.8;992;i
RS;aotpgo992i;p0p100;2004;12675.7;992;i
RS;aotpgo992i;p0p100;2005;9774.4004;992;i
RS;aotpgo992i;p0p100;2006;11678.7;992;i
RS;aotpgo992i;p0p100;2007;11752.8;992;i
RS;aotpgo992i;p0p100;2008;13819.6;992;i
RS;aotpgo992i;p0p100;2009;16601.5;992;i
RS;aotpgo992i;p0p100;2010;17929.699;992;i
RS;aotpgo992i;p0p100;2011;16097.4;992;i
RS;apinpx992i;p0p100;2002;8127.2998;992;i
RS;apinpx992i;p0p100;2003;9354.0;992;i
RS;apinpx992i;p0p100;2004;11469.3;992;i
RS;apinpx992i;p0p100;2005;15824.4;992;i
RS;apinpx992i;p0p100;2006;19421.1;992;i
RS;apinpx992i;p0p100;2007;39747.699;992;i
RS;apinpx992i;p0p100;2008;38716.102;992;i
RS;apinpx992i;p0p100;2009;26379.4;992;i
RS;apinpx992i;p0p100;2010;30536.9;992;i
RS;apinpx992i;p0p100;2011;47284.801;992;i
RS;apinpx992i;p0p100;2012;46127.699;992;i
RS;apinpx992i;p0p100;2013;50682.398;992;i
RS;apinpx992i;p0p100;2014;50075.0;992;i
RS;apinpx992i;p0p100;2015;59800.699;992;i
RS;apinpx992i;p0p100;2016;63913.898;992;i
RS;apinpx992i;p0p100;2017;72029.898;992;i
RS;apinpx992i;p0p100;2018;61081.301;992;i
RS;aprgfc992i;p0p100;1997;19370.699;992;i
RS;aprgfc992i;p0p100;1998;20238.9;992;i
RS;aprgfc992i;p0p100;1999;8487.7998;992;i
RS;aprgfc992i;p0p100;2000;5857.0;992;i
RS;aprgfc992i;p0p100;2001;6383.2998;992;i
RS;aprgfc992i;p0p100;2002;11619.1;992;i
RS;aprgfc992i;p0p100;2003;8108.0;992;i
RS;aprgfc992i;p0p100;2004;5836.2002;992;i
RS;aprgfc992i;p0p100;2005;6702.0;992;i
RS;aprgfc992i;p0p100;2006;6849.7002;992;i
RS;aprgfc992i;p0p100;2007;1815.8;992;i
RS;aprgfc992i;p0p100;2008;11388.0;992;i
RS;aprgfc992i;p0p100;2009;14548.8;992;i
RS;aprgfc992i;p0p100;2010;16274.9;992;i
RS;aprgfc992i;p0p100;2011;17457.699;992;i
RS;aptinc992j;p11p100;1990;813793.63;992;j
RS;aptinc992j;p11p100;1991;706329.5;992;j
RS;aptinc992j;p11p100;1992;483508.19;992;j
RS;aptinc992j;p11p100;1993;313415.5;992;j
RS;aptinc992j;p11p100;1994;322647.5;992;j
RS;aptinc992j;p11p100;1995;340380.31;992;j
RS;aptinc992j;p11p100;1996;342977.5;992;j
RS;aptinc992j;p11p100;1997;363448.41;992;j
RS;aptinc992j;p11p100;1998;381613.81;992;j
RS;aptinc992j;p11p100;1999;417699.0;992;j
RS;aptinc992j;p11p100;2000;459453.91;992;j
RS;aptinc992j;p11p100;2001;458591.5;992;j
RS;aptinc992j;p11p100;2002;494861.19;992;j
RS;aptinc992j;p11p100;2003;520326.0;992;j
RS;aptinc992j;p11p100;2004;586365.69;992;j
RS;aptinc992j;p11p100;2005;654679.31;992;j
RS;aptinc992j;p11p100;2006;692122.31;992;j
RS;aptinc992j;p11p100;2007;714972.69;992;j
RS;aptinc992j;p11p100;2008;762350.88;992;j
RS;aptinc992j;p11p100;2009;749576.88;992;j
RS;aptinc992j;p11p100;2010;751967.69;992;j
RS;aptinc992j;p11p100;2011;755207.63;992;j
RS;aptinc992j;p11p100;2012;754393.0;992;j
RS;aptinc992j;p11p100;2013;773188.38;992;j
RS;aptinc992j;p11p100;2014;757967.63;992;j
RS;aptinc992j;p11p100;2015;763262.31;992;j
RS;aptinc992j;p11p100;2016;786886.13;992;j
RS;aptinc992j;p11p100;2017;791568.13;992;j
RS;aptinc992j;p73p100;1990;1504317.8;992;j
RS;aptinc992j;p73p100;1991;1309467.3;992;j
RS;aptinc992j;p73p100;1992;898820.13;992;j
RS;aptinc992j;p73p100;1993;584243.88;992;j
RS;aptinc992j;p73p100;1994;603127.31;992;j
RS;aptinc992j;p73p100;1995;638122.38;992;j
RS;aptinc992j;p73p100;1996;644138.63;992;j
RS;aptinc992j;p73p100;1997;683840.5;992;j
RS;aptinc992j;p73p100;1998;719087.38;992;j
RS;aptinc992j;p73p100;1999;789996.0;992;j
RS;aptinc992j;p73p100;2000;878268.13;992;j
RS;aptinc992j;p73p100;2001;880397.13;992;j
RS;aptinc992j;p73p100;2002;960433.63;992;j
RS;aptinc992j;p73p100;2003;1015743.7;992;j
RS;aptinc992j;p73p100;2004;1163214.8;992;j
RS;aptinc992j;p73p100;2005;1316022.8;992;j
RS;aptinc992j;p73p100;2006;1402893.0;992;j
RS;aptinc992j;p73p100;2007;1446551.3;992;j
RS;aptinc992j;p73p100;2008;1555147.4;992;j
RS;aptinc992j;p73p100;2009;1540062.9;992;j
RS;aptinc992j;p73p100;2010;1569375.9;992;j
RS;aptinc992j;p73p100;2011;1601772.0;992;j
RS;aptinc992j;p73p100;2012;1601416.9;992;j
RS;aptinc992j;p73p100;2013;1632864.3;992;j
RS;aptinc992j;p73p100;2014;1628179.8;992;j
RS;aptinc992j;p73p100;2015;1619141.6;992;j
RS;aptinc992j;p73p100;2016;1669435.9;992;j
RS;aptinc992j;p73p100;2017;1680083.4;992;j
RS;aptinc992j;p90p91;1990;1330301.0;992;j
RS;aptinc992j;p90p91;1991;1156157.5;992;j
RS;aptinc992j;p90p91;1992;791102.88;992;j
RS;aptinc992j;p90p91;1993;513103.91;992;j
RS;aptinc992j;p90p91;1994;527270.5;992;j
RS;aptinc992j;p90p91;1995;556139.0;992;j
RS;aptinc992j;p90p91;1996;560862.31;992;j
RS;aptinc992j;p90p91;1997;595115.63;992;j
RS;aptinc992j;p90p91;1998;626044.13;992;j
RS;aptinc992j;p90p91;1999;679920.38;992;j
RS;aptinc992j;p90p91;2000;744044.0;992;j
RS;aptinc992j;p90p91;2001;738447.69;992;j
RS;aptinc992j;p90p91;2002;804410.0;992;j
RS;aptinc992j;p90p91;2003;862424.5;992;j
RS;aptinc992j;p90p91;2004;988117.19;992;j
RS;aptinc992j;p90p91;2005;1126497.8;992;j
RS;aptinc992j;p90p91;2006;1201776.8;992;j
RS;aptinc992j;p90p91;2007;1262249.4;992;j
RS;aptinc992j;p90p91;2008;1353448.4;992;j
RS;aptinc992j;p90p91;2009;1347952.8;992;j
RS;aptinc992j;p90p91;2010;1367245.9;992;j
RS;aptinc992j;p90p91;2011;1394042.6;992;j
RS;aptinc992j;p90p91;2012;1384860.8;992;j
RS;aptinc992j;p90p91;2013;1415681.8;992;j
RS;aptinc992j;p90p91;2014;1362533.8;992;j
RS;aptinc992j;p90p91;2015;1381986.9;992;j
RS;aptinc992j;p90p91;2016;1424272.8;992;j
RS;aptinc992j;p90p91;2017;1432339.1;992;j
RS;bcainc992j;p75p100;1990;1.5792129;992;j
RS;bcainc992j;p75p100;1991;1.5750368;992;j
RS;bcainc992j;p75p100;1992;1.5698695;992;j
RS;bcainc992j;p75p100;1993;1.569368;992;j
RS;bcainc992j;p75p100;1994;1.5685102;992;j
RS;bcainc992j;p75p100;1995;1.5673505;992;j
RS;bcainc992j;p75p100;1996;1.5610139;992;j
RS;bcainc992j;p75p100;1997;1.555131;992;j
RS;bcainc992j;p75p100;1998;1.5735757;992;j
RS;bcainc992j;p75p100;1999;1.6079381;992;j
RS;bcainc992j;p75p100;2000;1.6408116;992;j
RS;bcainc992j;p75p100;2001;1.6681107;992;j
RS;bcainc992j;p75p100;2002;1.677835;992;j
RS;bcainc992j;p75p100;2003;1.6853312;992;j
RS;bcainc992j;p75p100;2004;1.6975886;992;j
RS;bcainc992j;p75p100;2005;1.7345854;992;j
RS;bcainc992j;p75p100;2006;1.7598521;992;j
RS;bcainc992j;p75p100;2007;1.7412407;992;j
RS;bcainc992j;p75p100;2008;1.7484168;992;j
RS;bcainc992j;p75p100;2009;1.7776917;992;j
RS;bcainc992j;p75p100;2010;1.8148607;992;j
RS;bcainc992j;p75p100;2011;1.8490152;992;j
RS;bcainc992j;p75p100;2012;1.8691527;992;j
RS;bcainc992j;p75p100;2013;1.813749;992;j
RS;bcainc992j;p75p100;2014;1.8798966;992;j
RS;bcainc992j;p75p100;2015;2.0300286;992;j
RS;bcainc992j;p75p100;2016;2.030262;992;j
RS;bcainc992j;p75p100;2017;2.0316732;992;j
RS;bcainc992j;p99.97p100;1990;2.1416674;992;j
RS;bcainc992j;p99.97p100;1991;2.0906177;992;j
RS;bcainc992j;p99.97p100;1992;2.0213428;992;j
RS;bcainc992j;p99.97p100;1993;1.9740723;992;j
RS;bcainc992j;p99.97p100;1994;1.9440569;992;j
RS;bcainc992j;p99.97p100;1995;1.9185114;992;j
RS;bcainc992j;p99.97p100;1996;1.89196;992;j
RS;bcainc992j;p99.97p100;1997;1.8636937;992;j
RS;bcainc992j;p99.97p100;1998;1.8930572;992;j
RS;bcainc992j;p99.97p100;1999;2.0097773;992;j
RS;bcainc992j;p99.97p100;2000;2.0050082;992;j
RS;bcainc992j;p99.97p100;2001;2.1011038;992;j
RS;bcainc992j;p99.97p100;2002;2.0209231;992;j
RS;bcainc992j;p99.97p100;2003;2.027894;992;j
RS;bcainc992j;p99.97p100;2004;2.0328722;992;j
RS;bcainc992j;p99.97p100;2005;2.0764792;992;j
RS;bcainc992j;p99.97p100;2006;1.9791768;992;j
RS;bcainc992j;p99.97p100;2007;1.8861443;992;j
RS;bcainc992j;p99.97p100;2008;1.7926191;992;j
RS;bcainc992j;p99.97p100;2009;1.9147264;992;j
RS;bcainc992j;p99.97p100;2010;1.8555017;992;j
RS;bcainc992j;p99.97p100;2011;1.8209074;992;j
RS;bcainc992j;p99.97p100;2012;2.1212614;992;j
RS;bcainc992j;p99.97p100;2013;1.920367;992;j
RS;bcainc992j;p99.97p100;2014;2.50456;992;j
RS;bcainc992j;p99.97p100;2015;3.0390701;992;j
RS;bcainc992j;p99.97p100;2016;3.0400867;992;j
RS;bcainc992j;p99.97p100;2017;3.0431211;992;j
RS;bdiinc992j;p63p100;1990;1.6500349;992;j
RS;bdiinc992j;p63p100;1991;1.6445242;992;j
RS;bdiinc992j;p63p100;1992;1.6391706;992;j
RS;bdiinc992j;p63p100;1993;1.6374415;992;j
RS;bdiinc992j;p63p100;1994;1.6328864;992;j
RS;bdiinc992j;p63p100;1995;1.6306638;992;j
RS;bdiinc992j;p63p100;1996;1.623543;992;j
RS;bdiinc992j;p63p100;1997;1.6157049;992;j
RS;bdiinc992j;p63p100;1998;1.6299707;992;j
RS;bdiinc992j;p63p100;1999;1.6537588;992;j
RS;bdiinc992j;p63p100;2000;1.6842666;992;j
RS;bdiinc992j;p63p100;2001;1.6981934;992;j
RS;bdiinc992j;p63p100;2002;1.7130384;992;j
RS;bdiinc992j;p63p100;2003;1.7205514;992;j
RS;bdiinc992j;p63p100;2004;1.7515012;992;j
RS;bdiinc992j;p63p100;2005;1.7854222;992;j
RS;bdiinc992j;p63p100;2006;1.8078557;992;j
RS;bdiinc992j;p63p100;2007;1.7973655;992;j
RS;bdiinc992j;p63p100;2008;1.8066539;992;j
RS;bdiinc992j;p63p100;2009;1.8382854;992;j
RS;bdiinc992j;p63p100;2010;1.8818578;992;j
RS;bdiinc992j;p63p100;2011;1.9227258;992;j
RS;bdiinc992j;p63p100;2012;1.9378308;992;j
RS;bdiinc992j;p63p100;2013;1.9208345;992;j
RS;bdiinc992j;p63p100;2014;1.9164578;992;j
RS;bdiinc992j;p63p100;2015;2.0231514;992;j
RS;bdiinc992j;p63p100;2016;2.037632;992;j
RS;bdiinc992j;p63p100;2017;2.0392022;992;j
RS;bptinc992j;p16p100;1990;4.1618123;992;j
RS;bptinc992j;p16p100;1991;4.1745639;992;j
RS;bptinc992j;p16p100;1992;4.1839991;992;j
RS;bptinc992j;p16p100;1993;4.1889396;992;j
RS;bptinc992j;p16p100;1994;4.1953425;992;j
RS;bptinc992j;p16p100;1995;4.2079077;992;j
RS;bptinc992j;p16p100;1996;4.2108545;992;j
RS;bptinc992j;p16p100;1997;4.2187028;992;j
RS;bptinc992j;p16p100;1998;3.9684665;992;j
RS;bptinc992j;p16p100;1999;3.9677024;992;j
RS;bptinc992j;p16p100;2000;4.0373693;992;j
RS;bptinc992j;p16p100;2001;4.0198064;992;j
RS;bptinc992j;p16p100;2002;4.4653821;992;j
RS;bptinc992j;p16p100;2003;4.5936856;992;j
RS;bptinc992j;p16p100;2004;5.0715146;992;j
RS;bptinc992j;p16p100;2005;5.4598231;992;j
RS;bptinc992j;p16p100;2006;6.1938992;992;j
RS;bptinc992j;p16p100;2007;6.9811606;992;j
RS;bptinc992j;p16p100;2008;8.0410547;992;j
RS;bptinc992j;p16p100;2009;8.7001381;992;j
RS;bptinc992j;p16p100;2010;9.9012413;992;j
RS;bptinc992j;p16p100;2011;12.118511;992;j
RS;bptinc992j;p16p100;2012;13.417189;992;j
RS;bptinc992j;p16p100;2013;14.964073;992;j
RS;bptinc992j;p16p100;2014;16.03668;992;j
RS;bptinc992j;p16p100;2015;15.203134;992;j
RS;bptinc992j;p16p100;2016;15.144961;992;j
RS;bptinc992j;p16p100;2017;15.280214;992;j
RS;bptinc992j;p1p100;1990;12.715445;992;j
RS;bptinc992j;p1p100;1991;13.203418;992;j
RS;bptinc992j;p1p100;1992;13.789711;992;j
RS;bptinc992j;p1p100;1993;14.413239;992;j
RS;bptinc992j;p1p100;1994;15.06;992;j
RS;bptinc992j;p1p100;1995;15.790422;992;j
RS;bptinc992j;p1p100;1996;16.512152;992;j
RS;bptinc992j;p1p100;1997;17.419426;992;j
RS;bptinc992j;p1p100;1998;16.728029;992;j
RS;bptinc992j;p1p100;1999;16.118181;992;j
RS;bptinc992j;p1p100;2000;16.671997;992;j
RS;bptinc992j;p1p100;2001;16.277588;992;j
RS;bptinc992j;p1p100;2002;19.241182;992;j
RS;bptinc992j;p1p100;2003;16.5718;992;j
RS;bptinc992j;p1p100;2004;18.691256;992;j
RS;bptinc992j;p1p100;2005;18.7159;992;j
RS;bptinc992j;p1p100;2006;19.645603;992;j
RS;bptinc992j;p1p100;2007;20.004398;992;j
RS;bptinc992j;p1p100;2008;25.465033;992;j
RS;bptinc992j;p1p100;2009;29.758799;992;j
RS;bptinc992j;p1p100;2010;29.77754;992;j
RS;bptinc992j;p1p100;2011;33.9804;992;j
RS;bptinc992j;p1p100;2012;35.230171;992;j
RS;bptinc992j;p1p100;2013;45.891296;992;j
RS;bptinc992j;p1p100;2014;44.302658;992;j
RS;bptinc992j;p1p100;2015;44.469742;992;j
RS;bptinc992j;p1p100;2016;44.361526;992;j
RS;bptinc992j;p1p100;2017;44.819263;992;j
RS;bptinc992j;p6p100;1990;8.1517563;992;j
RS;bptinc992j;p6p100;1991;7.9510984;992;j
RS;bptinc992j;p6p100;1992;7.7929912;992;j
RS;bptinc992j;p6p100;1993;7.619791;992;j
RS;bptinc992j;p6p100;1994;7.4457254;992;j
RS;bptinc992j;p6p100;1995;7.260087;992;j
RS;bptinc992j;p6p100;1996;7.0575247;992;j
RS;bptinc992j;p6p100;1997;6.8991575;992;j
RS;bptinc992j;p6p100;1998;6.0587244;992;j
RS;bptinc992j;p6p100;1999;6.022522;992;j
RS;bptinc992j;p6p100;2000;6.1698294;992;j
RS;bptinc992j;p6p100;2001;6.0812998;992;j
RS;bptinc992j;p6p100;2002;7.3355417;992;j
RS;bptinc992j;p6p100;2003;8.2433023;992;j
RS;bptinc992j;p6p100;2004;9.0891628;992;j
RS;bptinc992j;p6p100;2005;9.8516541;992;j
RS;bptinc992j;p6p100;2006;11.883439;992;j
RS;bptinc992j;p6p100;2007;13.622499;992;j
RS;bptinc992j;p6p100;2008;15.753405;992;j
RS;bptinc992j;p6p100;2009;18.319313;992;j
RS;bptinc992j;p6p100;2010;19.311424;992;j
RS;bptinc992j;p6p100;2011;22.570526;992;j
RS;bptinc992j;p6p100;2012;22.861713;992;j
RS;bptinc992j;p6p100;2013;28.725847;992;j
RS;bptinc992j;p6p100;2014;29.374277;992;j
RS;bptinc992j;p6p100;2015;27.909666;992;j
RS;bptinc992j;p6p100;2016;27.813412;992;j
RS;bptinc992j;p6p100;2017;27.983093;992;j
RS;msaghn999i;p0p100;1997;352141344768.0;999;i
RS;msaghn999i;p0p100;1998;15583433728.0;999;i
RS;msaghn999i;p0p100;1999;-40880336896.0;999;i
RS;msaghn999i;p0p100;2000;-61239857152.0;999;i
RS;msaghn999i;p0p100;2001;-271412264960.0;999;i
RS;msaghn999i;p0p100;2002;-370667454464.0;999;i
RS;msaghn999i;p0p100;2003;-228740808704.0;999;i
RS;msaghn999i;p0p100;2004;-354829041664.0;999;i
RS;msaghn999i;p0p100;2005;-347052507136.0;999;i
RS;msaghn999i;p0p100;2006;-341048164352.0;999;i
RS;msaghn999i;p0p100;2007;-346367557632.0;999;i
RS;msaghn999i;p0p100;2008;-344665751552.0;999;i
RS;msaghn999i;p0p100;2009;-409135120384.0;999;i
RS;msaghn999i;p0p100;2010;-477104799744.0;999;i
RS;msaghn999i;p0p100;2011;-404957331456.0;999;i
RS;mtaxgo999i;p0p100;1997;521987981312.0;999;i
RS;mtaxgo999i;p0p100;1998;523096686592.0;999;i
RS;mtaxgo999i;p0p100;1999;405911142400.0;999;i
RS;mtaxgo999i;p0p100;2000;418607464448.0;999;i
RS;mtaxgo999i;p0p100;2001;498896601088.0;999;i
RS;mtaxgo999i;p0p100;2002;608539901952.0;999;i
RS;mtaxgo999i;p0p100;2003;586062888960.0;999;i
RS;mtaxgo999i;p0p100;2004;674283585536.0;999;i
RS;mtaxgo999i;p0p100;2005;718142308352.0;999;i
RS;mtaxgo999i;p0p100;2006;814383300608.0;999;i
RS;mtaxgo999i;p0p100;2007;845155598336.0;999;i
RS;mtaxgo999i;p0p100;2008;881688707072.0;999;i
RS;mtaxgo999i;p0p100;2009;818682855424.0;999;i
RS;mtaxgo999i;p0p100;2010;828817145856.0;999;i
RS;mtaxgo999i;p0p100;2011;875035951104.0;999;i
RS;npopul451m;p0p100;1950;206072.0;451;m
RS;npopul451m;p0p100;1951;211556.0;451;m
RS;npopul451m;p0p100;1952;217962.0;451;m
RS;npopul451m;p0p100;1953;223393.0;451;m
RS;npopul451m;p0p100;1954;225880.0;451;m
RS;npopul451m;p0p100;1955;224483.0;451;m
RS;npopul451m;p0p100;1956;219313.0;451;m
RS;npopul451m;p0p100;1957;211133.0;451;m
RS;npopul451m;p0p100;1958;200759.0;451;m
RS;npopul451m;p0p100;1959;189365.0;451;m
RS;npopul451m;p0p100;1960;177941.0;451;m
RS;npopul451m;p0p100;1961;166488.0;451;m
RS;npopul451m;p0p100;1962;154239.0;451;m
RS;npopul451m;p0p100;1963;144040.0;451;m
RS;npopul451m;p0p100;1964;139877.0;451;m
RS;npopul451m;p0p100;1965;143941.0;451;m
RS;npopul451m;p0p100;1966;154918.0;451;m
RS;npopul451m;p0p100;1967;173928.0;451;m
RS;npopul451m;p0p100;1968;197940.0;451;m
RS;npopul451m;p0p100;1969;222180.0;451;m
RS;npopul451m;p0p100;1970;243569.0;451;m
RS;npopul451m;p0p100;1971;262160.0;451;m
RS;npopul451m;p0p100;1972;278265.0;451;m
RS;npopul451m;p0p100;1973;291748.0;451;m
RS;npopul451m;p0p100;1974;302855.0;451;m
RS;npopul451m;p0p100;1975;311659.0;451;m
RS;npopul451m;p0p100;1976;317150.0;451;m
RS;npopul451m;p0p100;1977;319887.0;451;m
RS;npopul451m;p0p100;1978;320196.0;451;m
RS;npopul451m;p0p100;1979;318618.0;451;m
RS;npopul451m;p0p100;1980;315557.0;451;m
RS;npopul451m;p0p100;1981;310626.0;451;m
RS;npopul451m;p0p100;1982;305102.0;451;m
RS;npopul451m;p0p100;1983;298581.0;451;m
RS;npopul451m;p0p100;1984;290327.0;451;m
RS;npopul451m;p0p100;1985;280219.0;451;m
RS;npopul451m;p0p100;1986;267998.0;451;m
RS;npopul451m;p0p100;1987;253585.0;451;m
RS;npopul451m;p0p100;1988;240585.0;451;m
RS;npopul451m;p0p100;1989;234320.0;451;m
RS;npopul451m;p0p100;1990;237780.0;451;m
RS;npopul451m;p0p100;1991;249619.0;451;m
RS;npopul451m;p0p100;1992;270827.0;451;m
RS;npopul451m;p0p100;1993;297303.0;451;m
RS;npopul451m;p0p100;1994;322400.0;451;m
RS;npopul451m;p0p100;1995;341653.0;451;m
RS;npopul451m;p0p100;1996;358030.0;451;m
RS;npopul451m;p0p100;1997;369255.0;451;m
RS;npopul451m;p0p100;1998;375222.0;451;m
RS;npopul451m;p0p100;1999;296244.0;451;m
RS;npopul451m;p0p100;2000;295824.0;451;m
RS;npopul451m;p0p100;2001;289694.0;451;m
RS;npopul451m;p0p100;2002;279591.0;451;m
RS;npopul451m;p0p100;2003;266490.0;451;m
RS;npopul451m;p0p100;2004;254135.0;451;m
RS;npopul451m;p0p100;2005;244313.0;451;m
RS;npopul451m;p0p100;2006;237640.0;451;m
RS;npopul451m;p0p100;2007;234048.0;451;m
RS;npopul451m;p0p100;2008;232634.0;451;m
RS;npopul451m;p0p100;2009;232049.0;451;m
RS;npopul451m;p0p100;2010;231371.0;451;m
RS;npopul451m;p0p100;2011;229877.0;451;m
RS;npopul451m;p0p100;2012;229307.0;451;m
RS;npopul451m;p0p100;2013;229082.0;451;m
RS;npopul451m;p0p100;2014;229370.0;451;m
RS;npopul451m;p0p100;2015;230157.0;451;m
RS;npopul451m;p0p100;2016;231179.0;451;m
RS;npopul451m;p0p100;2017;233351.0;451;m
RS;npopul451m;p0p100;2018;235751.0;451;m
RS;npopul451m;p0p100;2019;238134.0;451;m
RS;npopul501m;p0p100;1950;167555.0;501;m
RS;npopul501m;p0p100;1951;175495.0;501;m
RS;npopul501m;p0p100;1952;181620.0;501;m
RS;npopul501m;p0p100;1953;186253.0;501;m
RS;npopul501m;p0p100;1954;190775.0;501;m
RS;npopul501m;p0p100;1955;196018.0;501;m
RS;npopul501m;p0p100;1956;201091.0;501;m
RS;npopul501m;p0p100;1957;206697.0;501;m
RS;npopul501m;p0p100;1958;211579.0;501;m
RS;npopul501m;p0p100;1959;213790.0;501;m
RS;npopul501m;p0p100;1960;212282.0;501;m
RS;npopul501m;p0p100;1961;207527.0;501;m
RS;npopul501m;p0p100;1962;199648.0;501;m
RS;npopul501m;p0p100;1963;189673.0;501;m
RS;npopul501m;p0p100;1964;178926.0;501;m
RS;npopul501m;p0p100;1965;168362.0;501;m
RS;npopul501m;p0p100;1966;156849.0;501;m
RS;npopul501m;p0p100;1967;145219.0;501;m
RS;npopul501m;p0p100;1968;135822.0;501;m
RS;npopul501m;p0p100;1969;132200.0;501;m
RS;npopul501m;p0p100;1970;136396.0;501;m
RS;npopul501m;p0p100;1971;147581.0;501;m
RS;npopul501m;p0p100;1972;166224.0;501;m
RS;npopul501m;p0p100;1973;189406.0;501;m
RS;npopul501m;p0p100;1974;212759.0;501;m
RS;npopul501m;p0p100;1975;233510.0;501;m
RS;npopul501m;p0p100;1976;251198.0;501;m
RS;npopul501m;p0p100;1977;266688.0;501;m
RS;npopul501m;p0p100;1978;279859.0;501;m
RS;npopul501m;p0p100;1979;290774.0;501;m
RS;npopul501m;p0p100;1980;299413.0;501;m
RS;npopul501m;p0p100;1981;304540.0;501;m
RS;npopul501m;p0p100;1982;307131.0;501;m
RS;npopul501m;p0p100;1983;307445.0;501;m
RS;npopul501m;p0p100;1984;305921.0;501;m
RS;npopul501m;p0p100;1985;302893.0;501;m
RS;npopul501m;p0p100;1986;297643.0;501;m
RS;npopul501m;p0p100;1987;291596.0;501;m
RS;npopul501m;p0p100;1988;284718.0;501;m
RS;npopul501m;p0p100;1989;276761.0;501;m
RS;npopul501m;p0p100;1990;267790.0;501;m
RS;npopul501m;p0p100;1991;257282.0;501;m
RS;npopul501m;p0p100;1992;245326.0;501;m
RS;npopul501m;p0p100;1993;234544.0;501;m
RS;npopul501m;p0p100;1994;229254.0;501;m
RS;npopul501m;p0p100;1995;231932.0;501;m
RS;npopul501m;p0p100;1996;242912.0;501;m
RS;npopul501m;p0p100;1997;261294.0;501;m
RS;npopul501m;p0p100;1998;283674.0;501;m
RS;npopul501m;p0p100;1999;240159.0;501;m
RS;npopul501m;p0p100;2000;255782.0;501;m
RS;npopul501m;p0p100;2001;267210.0;501;m
RS;npopul501m;p0p100;2002;276555.0;501;m
RS;npopul501m;p0p100;2003;282380.0;501;m
RS;npopul501m;p0p100;2004;284767.0;501;m
RS;npopul501m;p0p100;2005;283139.0;501;m
RS;npopul501m;p0p100;2006;276633.0;501;m
RS;npopul501m;p0p100;2007;266414.0;501;m
RS;npopul501m;p0p100;2008;254393.0;501;m
RS;npopul501m;p0p100;2009;243602.0;501;m
RS;npopul501m;p0p100;2010;235737.0;501;m
RS;npopul501m;p0p100;2011;229200.0;501;m
RS;npopul501m;p0p100;2012;226048.0;501;m
RS;npopul501m;p0p100;2013;224855.0;501;m
RS;npopul501m;p0p100;2014;224331.0;501;m
RS;npopul501m;p0p100;2015;223659.0;501;m
RS;npopul501m;p0p100;2016;222191.0;501;m
RS;npopul501m;p0p100;2017;221677.0;501;m
RS;npopul501m;p0p100;2018;221567.0;501;m
RS;npopul501m;p0p100;2019;222152.0;501;m
RS;npopul702f;p0p100;1950;159579.0;702;f
RS;npopul702f;p0p100;1951;154664.0;702;f
RS;npopul702f;p0p100;1952;148975.0;702;f
RS;npopul702f;p0p100;1953;143380.0;702;f
RS;npopul702f;p0p100;1954;139198.0;702;f
RS;npopul702f;p0p100;1955;137077.0;702;f
RS;npopul702f;p0p100;1956;136178.0;702;f
RS;npopul702f;p0p100;1957;136486.0;702;f
RS;npopul702f;p0p100;1958;137590.0;702;f
RS;npopul702f;p0p100;1959;138752.0;702;f
RS;npopul702f;p0p100;1960;139615.0;702;f
RS;npopul702f;p0p100;1961;139990.0;702;f
RS;npopul702f;p0p100;1962;139510.0;702;f
RS;npopul702f;p0p100;1963;139120.0;702;f
RS;npopul702f;p0p100;1964;140019.0;702;f
RS;npopul702f;p0p100;1965;142866.0;702;f
RS;npopul702f;p0p100;1966;146141.0;702;f
RS;npopul702f;p0p100;1967;150933.0;702;f
RS;npopul702f;p0p100;1968;157204.0;702;f
RS;npopul702f;p0p100;1969;164649.0;702;f
RS;npopul702f;p0p100;1970;172996.0;702;f
RS;npopul702f;p0p100;1971;180279.0;702;f
RS;npopul702f;p0p100;1972;187845.0;702;f
RS;npopul702f;p0p100;1973;195556.0;702;f
RS;npopul702f;p0p100;1974;203296.0;702;f
RS;npopul702f;p0p100;1975;211073.0;702;f
RS;npopul702f;p0p100;1976;216481.0;702;f
RS;npopul702f;p0p100;1977;221807.0;702;f
RS;npopul702f;p0p100;1978;227137.0;702;f
RS;npopul702f;p0p100;1979;232287.0;702;f
RS;npopul702f;p0p100;1980;237023.0;702;f
RS;npopul702f;p0p100;1981;238597.0;702;f
RS;npopul702f;p0p100;1982;240245.0;702;f
RS;npopul702f;p0p100;1983;241271.0;702;f
RS;npopul702f;p0p100;1984;240355.0;702;f
RS;npopul702f;p0p100;1985;236988.0;702;f
RS;npopul702f;p0p100;1986;229035.0;702;f
RS;npopul702f;p0p100;1987;218900.0;702;f
RS;npopul702f;p0p100;1988;209738.0;702;f
RS;npopul702f;p0p100;1989;205564.0;702;f
RS;npopul702f;p0p100;1990;208474.0;702;f
RS;npopul702f;p0p100;1991;214823.0;702;f
RS;npopul702f;p0p100;1992;226464.0;702;f
RS;npopul702f;p0p100;1993;242606.0;702;f
RS;npopul702f;p0p100;1994;262037.0;702;f
RS;npopul702f;p0p100;1995;283603.0;702;f
RS;npopul702f;p0p100;1996;304930.0;702;f
RS;npopul702f;p0p100;1997;326993.0;702;f
RS;npopul702f;p0p100;1998;348214.0;702;f
RS;npopul702f;p0p100;1999;288846.0;702;f
RS;npopul702f;p0p100;2000;303451.0;702;f
RS;npopul702f;p0p100;2001;310312.0;702;f
RS;npopul702f;p0p100;2002;315836.0;702;f
RS;npopul702f;p0p100;2003;319753.0;702;f
RS;npopul702f;p0p100;2004;323257.0;702;f
RS;npopul702f;p0p100;2005;326054.0;702;f
RS;npopul702f;p0p100;2006;325645.0;702;f
RS;npopul702f;p0p100;2007;325351.0;702;f
RS;npopul702f;p0p100;2008;324978.0;702;f
RS;npopul702f;p0p100;2009;323921.0;702;f
RS;npopul702f;p0p100;2010;321609.0;702;f
RS;npopul702f;p0p100;2011;313172.0;702;f
RS;npopul702f;p0p100;2012;304466.0;702;f
RS;npopul702f;p0p100;2013;296670.0;702;f
RS;npopul702f;p0p100;2014;292572.0;702;f
RS;npopul702f;p0p100;2015;293549.0;702;f
RS;npopul702f;p0p100;2016;292604.0;702;f
RS;npopul702f;p0p100;2017;296240.0;702;f
RS;npopul702f;p0p100;2018;303677.0;702;f
RS;npopul702f;p0p100;2019;315145.0;702;f
RS;scainc992j;p43p100;1990;0.82770002;992;j
RS;scainc992j;p43p100;1991;0.82620001;992;j
RS;scainc992j;p43p100;1992;0.82450002;992;j
RS;scainc992j;p43p100;1993;0.82300001;992;j
RS;scainc992j;p43p100;1994;0.82139999;992;j
RS;scainc992j;p43p100;1995;0.81980002;992;j
RS;scainc992j;p43p100;1996;0.8179;992;j
RS;scainc992j;p43p100;1997;0.8161;992;j
RS;scainc992j;p43p100;1998;0.81290001;992;j
RS;scainc992j;p43p100;1999;0.81300002;992;j
RS;scainc992j;p43p100;2000;0.81559998;992;j
RS;scainc992j;p43p100;2001;0.8168;992;j
RS;scainc992j;p43p100;2002;0.8276;992;j
RS;scainc992j;p43p100;2003;0.83020002;992;j
RS;scainc992j;p43p100;2004;0.83999997;992;j
RS;scainc992j;p43p100;2005;0.84439999;992;j
RS;scainc992j;p43p100;2006;0.8524;992;j
RS;scainc992j;p43p100;2007;0.85610002;992;j
RS;scainc992j;p43p100;2008;0.8599;992;j
RS;scainc992j;p43p100;2009;0.86379999;992;j
RS;scainc992j;p43p100;2010;0.87290001;992;j
RS;scainc992j;p43p100;2011;0.88120002;992;j
RS;scainc992j;p43p100;2012;0.88370001;992;j
RS;scainc992j;p43p100;2013;0.88700002;992;j
RS;scainc992j;p43p100;2014;0.86680001;992;j
RS;scainc992j;p43p100;2015;0.88209999;992;j
RS;scainc992j;p43p100;2016;0.88200003;992;j
RS;scainc992j;p43p100;2017;0.88209999;992;j
RS;scainc992j;p44p45;1990;0.0074999998;992;j
RS;scainc992j;p44p45;1991;0.0076000001;992;j
RS;scainc992j;p44p45;1992;0.0076000001;992;j
RS;scainc992j;p44p45;1993;0.0076000001;992;j
RS;scainc992j;p44p45;1994;0.0076000001;992;j
RS;scainc992j;p44p45;1995;0.0077;992;j
RS;scainc992j;p44p45;1996;0.0077;992;j
RS;scainc992j;p44p45;1997;0.0077;992;j
RS;scainc992j;p44p45;1998;0.0074999998;992;j
RS;scainc992j;p44p45;1999;0.0074;992;j
RS;scainc992j;p44p45;2000;0.0074;992;j
RS;scainc992j;p44p45;2001;0.0074;992;j
RS;scainc992j;p44p45;2002;0.0073000002;992;j
RS;scainc992j;p44p45;2003;0.0073000002;992;j
RS;scainc992j;p44p45;2004;0.0071999999;992;j
RS;scainc992j;p44p45;2005;0.0071;992;j
RS;scainc992j;p44p45;2006;0.0070000002;992;j
RS;scainc992j;p44p45;2007;0.0070000002;992;j
RS;scainc992j;p44p45;2008;0.0068999999;992;j
RS;scainc992j;p44p45;2009;0.0068000001;992;j
RS;scainc992j;p44p45;2010;0.0066;992;j
RS;scainc992j;p44p45;2011;0.0065000001;992;j
RS;scainc992j;p44p45;2012;0.0063999998;992;j
RS;scainc992j;p44p45;2013;0.0063999998;992;j
RS;scainc992j;p44p45;2014;0.0063;992;j
RS;scainc992j;p44p45;2015;0.0062000002;992;j
RS;scainc992j;p44p45;2016;0.0062000002;992;j
RS;scainc992j;p44p45;2017;0.0062000002;992;j
RS;scainc992j;p56p57;1990;0.0093;992;j
RS;scainc992j;p56p57;1991;0.0093999999;992;j
RS;scainc992j;p56p57;1992;0.0093999999;992;j
RS;scainc992j;p56p57;1993;0.0093999999;992;j
RS;scainc992j;p56p57;1994;0.0093999999;992;j
RS;scainc992j;p56p57;1995;0.0093999999;992;j
RS;scainc992j;p56p57;1996;0.0093999999;992;j
RS;scainc992j;p56p57;1997;0.0093999999;992;j
RS;scainc992j;p56p57;1998;0.0093;992;j
RS;scainc992j;p56p57;1999;0.0092000002;992;j
RS;scainc992j;p56p57;2000;0.0091000004;992;j
RS;scainc992j;p56p57;2001;0.0089999996;992;j
RS;scainc992j;p56p57;2002;0.0091000004;992;j
RS;scainc992j;p56p57;2003;0.0089999996;992;j
RS;scainc992j;p56p57;2004;0.0089999996;992;j
RS;scainc992j;p56p57;2005;0.0088999998;992;j
RS;scainc992j;p56p57;2006;0.0088999998;992;j
RS;scainc992j;p56p57;2007;0.0088999998;992;j
RS;scainc992j;p56p57;2008;0.0088999998;992;j
RS;scainc992j;p56p57;2009;0.0088;992;j
RS;scainc992j;p56p57;2010;0.0087000001;992;j
RS;scainc992j;p56p57;2011;0.0086000003;992;j
RS;scainc992j;p56p57;2012;0.0085000005;992;j
RS;scainc992j;p56p57;2013;0.0085000005;992;j
RS;scainc992j;p56p57;2014;0.0082999999;992;j
RS;scainc992j;p56p57;2015;0.0081000002;992;j
RS;scainc992j;p56p57;2016;0.0081000002;992;j
RS;scainc992j;p56p57;2017;0.0081000002;992;j
RS;scainc992j;p80p100;1990;0.4438;992;j
RS;scainc992j;p80p100;1991;0.44170001;992;j
RS;scainc992j;p80p100;1992;0.44;992;j
RS;scainc992j;p80p100;1993;0.43889999;992;j
RS;scainc992j;p80p100;1994;0.43759999;992;j
RS;scainc992j;p80p100;1995;0.4364;992;j
RS;scainc992j;p80p100;1996;0.43419999;992;j
RS;scainc992j;p80p100;1997;0.43200001;992;j
RS;scainc992j;p80p100;1998;0.43380001;992;j
RS;scainc992j;p80p100;1999;0.43779999;992;j
RS;scainc992j;p80p100;2000;0.4443;992;j
RS;scainc992j;p80p100;2001;0.44819999;992;j
RS;scainc992j;p80p100;2002;0.45719999;992;j
RS;scainc992j;p80p100;2003;0.4603;992;j
RS;scainc992j;p80p100;2004;0.46959999;992;j
RS;scainc992j;p80p100;2005;0.47760001;992;j
RS;scainc992j;p80p100;2006;0.48629999;992;j
RS;scainc992j;p80p100;2007;0.48719999;992;j
RS;scainc992j;p80p100;2008;0.49070001;992;j
RS;scainc992j;p80p100;2009;0.49759999;992;j
RS;scainc992j;p80p100;2010;0.50959998;992;j
RS;scainc992j;p80p100;2011;0.51999998;992;j
RS;scainc992j;p80p100;2012;0.52499998;992;j
RS;scainc992j;p80p100;2013;0.52289999;992;j
RS;scainc992j;p80p100;2014;0.51550001;992;j
RS;scainc992j;p80p100;2015;0.54040003;992;j
RS;scainc992j;p80p100;2016;0.54040003;992;j
RS;scainc992j;p80p100;2017;0.54049999;992;j
RS;scainc992j;p88p100;1990;0.32069999;992;j
RS;scainc992j;p88p100;1991;0.31909999;992;j
RS;scainc992j;p88p100;1992;0.3179;992;j
RS;scainc992j;p88p100;1993;0.31729999;992;j
RS;scainc992j;p88p100;1994;0.31659999;992;j
RS;scainc992j;p88p100;1995;0.3159;992;j
RS;scainc992j;p88p100;1996;0.31420001;992;j
RS;scainc992j;p88p100;1997;0.3125;992;j
RS;scainc992j;p88p100;1998;0.31569999;992;j
RS;scainc992j;p88p100;1999;0.32089999;992;j
RS;scainc992j;p88p100;2000;0.32870001;992;j
RS;scainc992j;p88p100;2001;0.3337;992;j
RS;scainc992j;p88p100;2002;0.3409;992;j
RS;scainc992j;p88p100;2003;0.34259999;992;j
RS;scainc992j;p88p100;2004;0.34979999;992;j
RS;scainc992j;p88p100;2005;0.3572;992;j
RS;scainc992j;p88p100;2006;0.36449999;992;j
RS;scainc992j;p88p100;2007;0.36340001;992;j
RS;scainc992j;p88p100;2008;0.36579999;992;j
RS;scainc992j;p88p100;2009;0.3723;992;j
RS;scainc992j;p88p100;2010;0.3829;992;j
RS;scainc992j;p88p100;2011;0.3919;992;j
RS;scainc992j;p88p100;2012;0.39750001;992;j
RS;scainc992j;p88p100;2013;0.3924;992;j
RS;scainc992j;p88p100;2014;0.39390001;992;j
RS;scainc992j;p88p100;2015;0.42109999;992;j
RS;scainc992j;p88p100;2016;0.42109999;992;j
RS;scainc992j;p88p100;2017;0.42129999;992;j
RS;sdiinc992j;p24p100;1990;0.92809999;992;j
RS;sdiinc992j;p24p100;1991;0.92750001;992;j
RS;sdiinc992j;p24p100;1992;0.92680001;992;j
RS;sdiinc992j;p24p100;1993;0.926;992;j
RS;sdiinc992j;p24p100;1994;0.9253;992;j
RS;sdiinc992j;p24p100;1995;0.92449999;992;j
RS;sdiinc992j;p24p100;1996;0.92369998;992;j
RS;sdiinc992j;p24p100;1997;0.92259997;992;j
RS;sdiinc992j;p24p100;1998;0.92019999;992;j
RS;sdiinc992j;p24p100;1999;0.9217;992;j
RS;sdiinc992j;p24p100;2000;0.92199999;992;j
RS;sdiinc992j;p24p100;2001;0.9224;992;j
RS;sdiinc992j;p24p100;2002;0.92869997;992;j
RS;sdiinc992j;p24p100;2003;0.92989999;992;j
RS;sdiinc992j;p24p100;2004;0.93650001;992;j
RS;sdiinc992j;p24p100;2005;0.9386;992;j
RS;sdiinc992j;p24p100;2006;0.94319999;992;j
RS;sdiinc992j;p24p100;2007;0.94450003;992;j
RS;sdiinc992j;p24p100;2008;0.94599998;992;j
RS;sdiinc992j;p24p100;2009;0.94770002;992;j
RS;sdiinc992j;p24p100;2010;0.95160002;992;j
RS;sdiinc992j;p24p100;2011;0.95639998;992;j
RS;sdiinc992j;p24p100;2012;0.95700002;992;j
RS;sdiinc992j;p24p100;2013;0.95560002;992;j
RS;sdiinc992j;p24p100;2014;0.94010001;992;j
RS;sdiinc992j;p24p100;2015;0.95020002;992;j
RS;sdiinc992j;p24p100;2016;0.9526;992;j
RS;sdiinc992j;p24p100;2017;0.95289999;992;j
RS;sdiinc992j;p30p40;1990;0.064999998;992;j
RS;sdiinc992j;p30p40;1991;0.065200001;992;j
RS;sdiinc992j;p30p40;1992;0.065499999;992;j
RS;sdiinc992j;p30p40;1993;0.065800004;992;j
RS;sdiinc992j;p30p40;1994;0.066;992;j
RS;sdiinc992j;p30p40;1995;0.066299997;992;j
RS;sdiinc992j;p30p40;1996;0.066699997;992;j
RS;sdiinc992j;p30p40;1997;0.067100003;992;j
RS;sdiinc992j;p30p40;1998;0.065300003;992;j
RS;sdiinc992j;p30p40;1999;0.064800002;992;j
RS;sdiinc992j;p30p40;2000;0.064499997;992;j
RS;sdiinc992j;p30p40;2001;0.064400002;992;j
RS;sdiinc992j;p30p40;2002;0.0638;992;j
RS;sdiinc992j;p30p40;2003;0.0634;992;j
RS;sdiinc992j;p30p40;2004;0.062100001;992;j
RS;sdiinc992j;p30p40;2005;0.061000001;992;j
RS;sdiinc992j;p30p40;2006;0.059799999;992;j
RS;sdiinc992j;p30p40;2007;0.059700001;992;j
RS;sdiinc992j;p30p40;2008;0.059;992;j
RS;sdiinc992j;p30p40;2009;0.0579;992;j
RS;sdiinc992j;p30p40;2010;0.0561;992;j
RS;sdiinc992j;p30p40;2011;0.054299999;992;j
RS;sdiinc992j;p30p40;2012;0.053399999;992;j
RS;sdiinc992j;p30p40;2013;0.051600002;992;j
RS;sdiinc992j;p30p40;2014;0.052700002;992;j
RS;sdiinc992j;p30p40;2015;0.051199999;992;j
RS;sdiinc992j;p30p40;2016;0.0506;992;j
RS;sdiinc992j;p30p40;2017;0.050500002;992;j
RS;sdiinc992j;p31p100;1990;0.89069998;992;j
RS;sdiinc992j;p31p100;1991;0.88959998;992;j
RS;sdiinc992j;p31p100;1992;0.88849998;992;j
RS;sdiinc992j;p31p100;1993;0.88730001;992;j
RS;sdiinc992j;p31p100;1994;0.88609999;992;j
RS;sdiinc992j;p31p100;1995;0.88499999;992;j
RS;sdiinc992j;p31p100;1996;0.88370001;992;j
RS;sdiinc992j;p31p100;1997;0.88200003;992;j
RS;sdiinc992j;p31p100;1998;0.87980002;992;j
RS;sdiinc992j;p31p100;1999;0.8818;992;j
RS;sdiinc992j;p31p100;2000;0.88200003;992;j
RS;sdiinc992j;p31p100;2001;0.88230002;992;j
RS;sdiinc992j;p31p100;2002;0.88929999;992;j
RS;sdiinc992j;p31p100;2003;0.89120001;992;j
RS;sdiinc992j;p31p100;2004;0.89910001;992;j
RS;sdiinc992j;p31p100;2005;0.90189999;992;j
RS;sdiinc992j;p31p100;2006;0.90780002;992;j
RS;sdiinc992j;p31p100;2007;0.90920001;992;j
RS;sdiinc992j;p31p100;2008;0.91159999;992;j
RS;sdiinc992j;p31p100;2009;0.91460001;992;j
RS;sdiinc992j;p31p100;2010;0.92049998;992;j
RS;sdiinc992j;p31p100;2011;0.92729998;992;j
RS;sdiinc992j;p31p100;2012;0.92739999;992;j
RS;sdiinc992j;p31p100;2013;0.9289;992;j
RS;sdiinc992j;p31p100;2014;0.91100001;992;j
RS;sdiinc992j;p31p100;2015;0.92299998;992;j
RS;sdiinc992j;p31p100;2016;0.926;992;j
RS;sdiinc992j;p31p100;2017;0.92629999;992;j
RS;sptinc992j;p12p100;1990;0.98290002;992;j
RS;sptinc992j;p12p100;1991;0.98280001;992;j
RS;sptinc992j;p12p100;1992;0.98259997;992;j
RS;sptinc992j;p12p100;1993;0.98250002;992;j
RS;sptinc992j;p12p100;1994;0.98229998;992;j
RS;sptinc992j;p12p100;1995;0.98220003;992;j
RS;sptinc992j;p12p100;1996;0.98199999;992;j
RS;sptinc992j;p12p100;1997;0.98189998;992;j
RS;sptinc992j;p12p100;1998;0.98009998;992;j
RS;sptinc992j;p12p100;1999;0.97970003;992;j
RS;sptinc992j;p12p100;2000;0.98019999;992;j
RS;sptinc992j;p12p100;2001;0.9799;992;j
RS;sptinc992j;p12p100;2002;0.98320001;992;j
RS;sptinc992j;p12p100;2003;0.9842;992;j
RS;sptinc992j;p12p100;2004;0.98559999;992;j
RS;sptinc992j;p12p100;2005;0.98689997;992;j
RS;sptinc992j;p12p100;2006;0.98860002;992;j
RS;sptinc992j;p12p100;2007;0.98989999;992;j
RS;sptinc992j;p12p100;2008;0.99159998;992;j
RS;sptinc992j;p12p100;2009;0.99269998;992;j
RS;sptinc992j;p12p100;2010;0.9932;992;j
RS;sptinc992j;p12p100;2011;0.99430001;992;j
RS;sptinc992j;p12p100;2012;0.9946;992;j
RS;sptinc992j;p12p100;2013;0.99550003;992;j
RS;sptinc992j;p12p100;2014;0.99550003;992;j
RS;sptinc992j;p12p100;2015;0.99540001;992;j
RS;sptinc992j;p12p100;2016;0.99540001;992;j
RS;sptinc992j;p12p100;2017;0.99540001;992;j
RS;sptinc992j;p60p100;1990;0.6954;992;j
RS;sptinc992j;p60p100;1991;0.69639999;992;j
RS;sptinc992j;p60p100;1992;0.69739997;992;j
RS;sptinc992j;p60p100;1993;0.6983;992;j
RS;sptinc992j;p60p100;1994;0.69929999;992;j
RS;sptinc992j;p60p100;1995;0.70029998;992;j
RS;sptinc992j;p60p100;1996;0.70090002;992;j
RS;sptinc992j;p60p100;1997;0.7015;992;j
RS;sptinc992j;p60p100;1998;0.70069999;992;j
RS;sptinc992j;p60p100;1999;0.70130002;992;j
RS;sptinc992j;p60p100;2000;0.70550001;992;j
RS;sptinc992j;p60p100;2001;0.70660001;992;j
RS;sptinc992j;p60p100;2002;0.7155;992;j
RS;sptinc992j;p60p100;2003;0.71939999;992;j
RS;sptinc992j;p60p100;2004;0.72790003;992;j
RS;sptinc992j;p60p100;2005;0.73580003;992;j
RS;sptinc992j;p60p100;2006;0.74260002;992;j
RS;sptinc992j;p60p100;2007;0.74419999;992;j
RS;sptinc992j;p60p100;2008;0.7511;992;j
RS;sptinc992j;p60p100;2009;0.75580001;992;j
RS;sptinc992j;p60p100;2010;0.76419997;992;j
RS;sptinc992j;p60p100;2011;0.77410001;992;j
RS;sptinc992j;p60p100;2012;0.7766;992;j
RS;sptinc992j;p60p100;2013;0.7755;992;j
RS;sptinc992j;p60p100;2014;0.78329998;992;j
RS;sptinc992j;p60p100;2015;0.77569997;992;j
RS;sptinc992j;p60p100;2016;0.77579999;992;j
RS;sptinc992j;p60p100;2017;0.77600002;992;j
RS;sptinc992j;p62p100;1990;0.67580003;992;j
RS;sptinc992j;p62p100;1991;0.67680001;992;j
RS;sptinc992j;p62p100;1992;0.6778;992;j
RS;sptinc992j;p62p100;1993;0.6789;992;j
RS;sptinc992j;p62p100;1994;0.67989999;992;j
RS;sptinc992j;p62p100;1995;0.68099999;992;j
RS;sptinc992j;p62p100;1996;0.68159997;992;j
RS;sptinc992j;p62p100;1997;0.68229997;992;j
RS;sptinc992j;p62p100;1998;0.68159997;992;j
RS;sptinc992j;p62p100;1999;0.68229997;992;j
RS;sptinc992j;p62p100;2000;0.6868;992;j
RS;sptinc992j;p62p100;2001;0.68809998;992;j
RS;sptinc992j;p62p100;2002;0.69700003;992;j
RS;sptinc992j;p62p100;2003;0.70090002;992;j
RS;sptinc992j;p62p100;2004;0.70969999;992;j
RS;sptinc992j;p62p100;2005;0.7177;992;j
RS;sptinc992j;p62p100;2006;0.72439998;992;j
RS;sptinc992j;p62p100;2007;0.72579998;992;j
RS;sptinc992j;p62p100;2008;0.73259997;992;j
RS;sptinc992j;p62p100;2009;0.7374;992;j
RS;sptinc992j;p62p100;2010;0.74599999;992;j
RS;sptinc992j;p62p100;2011;0.75620002;992;j
RS;sptinc992j;p62p100;2012;0.75849998;992;j
RS;sptinc992j;p62p100;2013;0.75709999;992;j
RS;sptinc992j;p62p100;2014;0.76529998;992;j
RS;sptinc992j;p62p100;2015;0.75749999;992;j
RS;sptinc992j;p62p100;2016;0.75749999;992;j
RS;sptinc992j;p62p100;2017;0.75779998;992;j
RS;sptinc992j;p71p72;1990;0.0121;992;j
RS;sptinc992j;p71p72;1991;0.012;992;j
RS;sptinc992j;p71p72;1992;0.012;992;j
RS;sptinc992j;p71p72;1993;0.0119;992;j
RS;sptinc992j;p71p72;1994;0.0119;992;j
RS;sptinc992j;p71p72;1995;0.0118;992;j
RS;sptinc992j;p71p72;1996;0.0118;992;j
RS;sptinc992j;p71p72;1997;0.0118;992;j
RS;sptinc992j;p71p72;1998;0.0117;992;j
RS;sptinc992j;p71p72;1999;0.0116;992;j
RS;sptinc992j;p71p72;2000;0.0114;992;j
RS;sptinc992j;p71p72;2001;0.0114;992;j
RS;sptinc992j;p71p72;2002;0.0114;992;j
RS;sptinc992j;p71p72;2003;0.0114;992;j
RS;sptinc992j;p71p72;2004;0.0114;992;j
RS;sptinc992j;p71p72;2005;0.0113;992;j
RS;sptinc992j;p71p72;2006;0.0114;992;j
RS;sptinc992j;p71p72;2007;0.0116;992;j
RS;sptinc992j;p71p72;2008;0.0117;992;j
RS;sptinc992j;p71p72;2009;0.0117;992;j
RS;sptinc992j;p71p72;2010;0.0116;992;j
RS;sptinc992j;p71p72;2011;0.0115;992;j
RS;sptinc992j;p71p72;2012;0.0118;992;j
RS;sptinc992j;p71p72;2013;0.0118;992;j
RS;sptinc992j;p71p72;2014;0.0116;992;j
RS;sptinc992j;p71p72;2015;0.0115;992;j
RS;sptinc992j;p71p72;2016;0.0115;992;j
RS;sptinc992j;p71p72;2017;0.0115;992;j
RS;tcainc992j;p8p100;1990;95128.102;992;j
RS;tcainc992j;p8p100;1991;83864.898;992;j
RS;tcainc992j;p8p100;1992;58782.0;992;j
RS;tcainc992j;p8p100;1993;38822.898;992;j
RS;tcainc992j;p8p100;1994;40832.301;992;j
RS;tcainc992j;p8p100;1995;43524.102;992;j
RS;tcainc992j;p8p100;1996;44899.301;992;j
RS;tcainc992j;p8p100;1997;48278.0;992;j
RS;tcainc992j;p8p100;1998;58437.801;992;j
RS;tcainc992j;p8p100;1999;68126.703;992;j
RS;tcainc992j;p8p100;2000;69906.5;992;j
RS;tcainc992j;p8p100;2001;67632.398;992;j
RS;tcainc992j;p8p100;2002;54264.102;992;j
RS;tcainc992j;p8p100;2003;56234.699;992;j
RS;tcainc992j;p8p100;2004;54340.102;992;j
RS;tcainc992j;p8p100;2005;58640.301;992;j
RS;tcainc992j;p8p100;2006;51985.0;992;j
RS;tcainc992j;p8p100;2007;39507.102;992;j
RS;tcainc992j;p8p100;2008;42941.301;992;j
RS;tcainc992j;p8p100;2009;40937.199;992;j
RS;tcainc992j;p8p100;2010;37858.898;992;j
RS;tcainc992j;p8p100;2011;32720.801;992;j
RS;tcainc992j;p8p100;2012;23998.5;992;j
RS;tcainc992j;p8p100;2013;45480.602;992;j
RS;tcainc992j;p8p100;2014;82673.797;992;j
RS;tcainc992j;p8p100;2015;57620.0;992;j
RS;tcainc992j;p8p100;2016;59866.5;992;j
RS;tcainc992j;p8p100;2017;59790.699;992;j
RS;tdiinc992j;p48p49;1990;602984.13;992;j
RS;tdiinc992j;p48p49;1991;525193.69;992;j
RS;tdiinc992j;p48p49;1992;361042.91;992;j
RS;tdiinc992j;p48p49;1993;234735.5;992;j
RS;tdiinc992j;p48p49;1994;242370.91;992;j
RS;tdiinc992j;p48p49;1995;256150.5;992;j
RS;tdiinc992j;p48p49;1996;259001.41;992;j
RS;tdiinc992j;p48p49;1997;275484.81;992;j
RS;tdiinc992j;p48p49;1998;281204.41;992;j
RS;tdiinc992j;p48p49;1999;305774.09;992;j
RS;tdiinc992j;p48p49;2000;334688.31;992;j
RS;tdiinc992j;p48p49;2001;332536.5;992;j
RS;tdiinc992j;p48p49;2002;356043.09;992;j
RS;tdiinc992j;p48p49;2003;369628.91;992;j
RS;tdiinc992j;p48p49;2004;414135.09;992;j
RS;tdiinc992j;p48p49;2005;452634.81;992;j
RS;tdiinc992j;p48p49;2006;474426.59;992;j
RS;tdiinc992j;p48p49;2007;491306.0;992;j
RS;tdiinc992j;p48p49;2008;522228.31;992;j
RS;tdiinc992j;p48p49;2009;507903.5;992;j
RS;tdiinc992j;p48p49;2010;498883.31;992;j
RS;tdiinc992j;p48p49;2011;495702.41;992;j
RS;tdiinc992j;p48p49;2012;486339.41;992;j
RS;tdiinc992j;p48p49;2013;501520.5;992;j
RS;tdiinc992j;p48p49;2014;481530.31;992;j
RS;tdiinc992j;p48p49;2015;482604.69;992;j
RS;tdiinc992j;p48p49;2016;494897.69;992;j
RS;tdiinc992j;p48p49;2017;497465.09;992;j
RS;tdiinc992j;p74p100;1990;920349.31;992;j
RS;tdiinc992j;p74p100;1991;799511.81;992;j
RS;tdiinc992j;p74p100;1992;547158.5;992;j
RS;tdiinc992j;p74p100;1993;354355.69;992;j
RS;tdiinc992j;p74p100;1994;364015.0;992;j
RS;tdiinc992j;p74p100;1995;383251.09;992;j
RS;tdiinc992j;p74p100;1996;386215.91;992;j
RS;tdiinc992j;p74p100;1997;409305.09;992;j
RS;tdiinc992j;p74p100;1998;427487.0;992;j
RS;tdiinc992j;p74p100;1999;462167.09;992;j
RS;tdiinc992j;p74p100;2000;502544.09;992;j
RS;tdiinc992j;p74p100;2001;497822.5;992;j
RS;tdiinc992j;p74p100;2002;540503.88;992;j
RS;tdiinc992j;p74p100;2003;568803.88;992;j
RS;tdiinc992j;p74p100;2004;646197.19;992;j
RS;tdiinc992j;p74p100;2005;716057.88;992;j
RS;tdiinc992j;p74p100;2006;757368.69;992;j
RS;tdiinc992j;p74p100;2007;789096.88;992;j
RS;tdiinc992j;p74p100;2008;841428.13;992;j
RS;tdiinc992j;p74p100;2009;823201.19;992;j
RS;tdiinc992j;p74p100;2010;826051.31;992;j
RS;tdiinc992j;p74p100;2011;827923.81;992;j
RS;tdiinc992j;p74p100;2012;825803.63;992;j
RS;tdiinc992j;p74p100;2013;870076.0;992;j
RS;tdiinc992j;p74p100;2014;809571.31;992;j
RS;tdiinc992j;p74p100;2015;788170.38;992;j
RS;tdiinc992j;p74p100;2016;814316.19;992;j
RS;tdiinc992j;p74p100;2017;819234.88;992;j
RS;tdiinc992j;p99.7p99.8;1990;4870386.0;992;j
RS;tdiinc992j;p99.7p99.8;1991;4189813.0;992;j
RS;tdiinc992j;p99.7p99.8;1992;2848957.0;992;j
RS;tdiinc992j;p99.7p99.8;1993;1846845.4;992;j
RS;tdiinc992j;p99.7p99.8;1994;1898322.9;992;j
RS;tdiinc992j;p99.7p99.8;1995;2001211.1;992;j
RS;tdiinc992j;p99.7p99.8;1996;1996637.5;992;j
RS;tdiinc992j;p99.7p99.8;1997;2091223.8;992;j
RS;tdiinc992j;p99.7p99.8;1998;2273557.3;992;j
RS;tdiinc992j;p99.7p99.8;1999;2640348.8;992;j
RS;tdiinc992j;p99.7p99.8;2000;3054783.8;992;j
RS;tdiinc992j;p99.7p99.8;2001;3156353.5;992;j
RS;tdiinc992j;p99.7p99.8;2002;3458625.0;992;j
RS;tdiinc992j;p99.7p99.8;2003;3597600.3;992;j
RS;tdiinc992j;p99.7p99.8;2004;4105455.5;992;j
RS;tdiinc992j;p99.7p99.8;2005;4718020.5;992;j
RS;tdiinc992j;p99.7p99.8;2006;5107371.5;992;j
RS;tdiinc992j;p99.7p99.8;2007;5113826.0;992;j
RS;tdiinc992j;p99.7p99.8;2008;5432773.0;992;j
RS;tdiinc992j;p99.7p99.8;2009;5577251.5;992;j
RS;tdiinc992j;p99.7p99.8;2010;5738140.5;992;j
RS;tdiinc992j;p99.7p99.8;2011;5915887.0;992;j
RS;tdiinc992j;p99.7p99.8;2012;6313139.5;992;j
RS;tdiinc992j;p99.7p99.8;2013;6168335.5;992;j
RS;tdiinc992j;p99.7p99.8;2014;6425776.5;992;j
RS;tdiinc992j;p99.7p99.8;2015;7215023.0;992;j
RS;tdiinc992j;p99.7p99.8;2016;7524405.5;992;j
RS;tdiinc992j;p99.7p99.8;2017;7580482.0;992;j
RS;tptinc992j;p12p100;1990;178135.0;992;j
RS;tptinc992j;p12p100;1991;155483.8;992;j
RS;tptinc992j;p12p100;1992;106613.5;992;j
RS;tptinc992j;p12p100;1993;69334.0;992;j
RS;tptinc992j;p12p100;1994;71646.797;992;j
RS;tptinc992j;p12p100;1995;75935.898;992;j
RS;tptinc992j;p12p100;1996;76799.703;992;j
RS;tptinc992j;p12p100;1997;81679.703;992;j
RS;tptinc992j;p12p100;1998;92026.898;992;j
RS;tptinc992j;p12p100;1999;100323.6;992;j
RS;tptinc992j;p12p100;2000;108698.0;992;j
RS;tptinc992j;p12p100;2001;109655.0;992;j
RS;tptinc992j;p12p100;2002;105054.3;992;j
RS;tptinc992j;p12p100;2003;105187.2;992;j
RS;tptinc992j;p12p100;2004;106906.6;992;j
RS;tptinc992j;p12p100;2005;106492.1;992;j
RS;tptinc992j;p12p100;2006;96854.5;992;j
RS;tptinc992j;p12p100;2007;89100.0;992;j
RS;tptinc992j;p12p100;2008;79423.0;992;j
RS;tptinc992j;p12p100;2009;65731.0;992;j
RS;tptinc992j;p12p100;2010;59048.602;992;j
RS;tptinc992j;p12p100;2011;50099.602;992;j
RS;tptinc992j;p12p100;2012;47321.398;992;j
RS;tptinc992j;p12p100;2013;43959.398;992;j
RS;tptinc992j;p12p100;2014;41569.199;992;j
RS;tptinc992j;p12p100;2015;44787.801;992;j
RS;tptinc992j;p12p100;2016;46287.199;992;j
RS;tptinc992j;p12p100;2017;46085.398;992;j
RS;tptinc992j;p14p15;1990;194945.0;992;j
RS;tptinc992j;p14p15;1991;168877.41;992;j
RS;tptinc992j;p14p15;1992;115474.8;992;j
RS;tptinc992j;p14p15;1993;74700.898;992;j
RS;tptinc992j;p14p15;1994;76742.0;992;j
RS;tptinc992j;p14p15;1995;80694.297;992;j
RS;tptinc992j;p14p15;1996;81168.297;992;j
RS;tptinc992j;p14p15;1997;85908.602;992;j
RS;tptinc992j;p14p15;1998;96003.898;992;j
RS;tptinc992j;p14p15;1999;104884.1;992;j
RS;tptinc992j;p14p15;2000;113786.2;992;j
RS;tptinc992j;p14p15;2001;114508.4;992;j
RS;tptinc992j;p14p15;2002;110449.5;992;j
RS;tptinc992j;p14p15;2003;111067.4;992;j
RS;tptinc992j;p14p15;2004;114207.7;992;j
RS;tptinc992j;p14p15;2005;115514.7;992;j
RS;tptinc992j;p14p15;2006;106931.4;992;j
RS;tptinc992j;p14p15;2007;96592.102;992;j
RS;tptinc992j;p14p15;2008;87435.203;992;j
RS;tptinc992j;p14p15;2009;79201.602;992;j
RS;tptinc992j;p14p15;2010;67935.0;992;j
RS;tptinc992j;p14p15;2011;55642.602;992;j
RS;tptinc992j;p14p15;2012;52149.398;992;j
RS;tptinc992j;p14p15;2013;48223.301;992;j
RS;tptinc992j;p14p15;2014;47611.898;992;j
RS;tptinc992j;p14p15;2015;49132.0;992;j
RS;tptinc992j;p14p15;2016;50776.801;992;j
RS;tptinc992j;p14p15;2017;50555.5;992;j
RS;tptinc992j;p3p4;1990;74835.398;992;j
RS;tptinc992j;p3p4;1991;65245.199;992;j
RS;tptinc992j;p3p4;1992;45238.5;992;j
RS;tptinc992j;p3p4;1993;29531.6;992;j
RS;tptinc992j;p3p4;1994;30466.801;992;j
RS;tptinc992j;p3p4;1995;32284.5;992;j
RS;tptinc992j;p3p4;1996;32579.199;992;j
RS;tptinc992j;p3p4;1997;34528.102;992;j
RS;tptinc992j;p3p4;1998;39408.199;992;j
RS;tptinc992j;p3p4;1999;44271.898;992;j
RS;tptinc992j;p3p4;2000;47697.301;992;j
RS;tptinc992j;p3p4;2001;48542.898;992;j
RS;tptinc992j;p3p4;2002;39853.699;992;j
RS;tptinc992j;p3p4;2003;40412.398;992;j
RS;tptinc992j;p3p4;2004;41733.102;992;j
RS;tptinc992j;p3p4;2005;43524.0;992;j
RS;tptinc992j;p3p4;2006;41705.5;992;j
RS;tptinc992j;p3p4;2007;39554.301;992;j
RS;tptinc992j;p3p4;2008;34733.301;992;j
RS;tptinc992j;p3p4;2009;30934.301;992;j
RS;tptinc992j;p3p4;2010;29943.301;992;j
RS;tptinc992j;p3p4;2011;25325.199;992;j
RS;tptinc992j;p3p4;2012;24304.5;992;j
RS;tptinc992j;p3p4;2013;20270.6;992;j
RS;tptinc992j;p3p4;2014;20584.9;992;j
RS;tptinc992j;p3p4;2015;20652.6;992;j
RS;tptinc992j;p3p4;2016;21344.0;992;j
RS;tptinc992j;p3p4;2017;21250.9;992;j
RS;tptinc992j;p99.96p99.97;1990;15323539.0;992;j
RS;tptinc992j;p99.96p99.97;1991;13619095.0;992;j
RS;tptinc992j;p99.96p99.97;1992;9500295.0;992;j
RS;tptinc992j;p99.96p99.97;1993;6302345.5;992;j
RS;tptinc992j;p99.96p99.97;1994;6607806.0;992;j
RS;tptinc992j;p99.96p99.97;1995;7134762.5;992;j
RS;tptinc992j;p99.96p99.97;1996;7300397.5;992;j
RS;tptinc992j;p99.96p99.97;1997;7857921.5;992;j
RS;tptinc992j;p99.96p99.97;1998;8287992.5;992;j
RS;tptinc992j;p99.96p99.97;1999;9582097.0;992;j
RS;tptinc992j;p99.96p99.97;2000;11250225.0;992;j
RS;tptinc992j;p99.96p99.97;2001;11823309.0;992;j
RS;tptinc992j;p99.96p99.97;2002;12698029.0;992;j
RS;tptinc992j;p99.96p99.97;2003;13178258.0;992;j
RS;tptinc992j;p99.96p99.97;2004;15310846.0;992;j
RS;tptinc992j;p99.96p99.97;2005;16940904.0;992;j
RS;tptinc992j;p99.96p99.97;2006;18093662.0;992;j
RS;tptinc992j;p99.96p99.97;2007;17464894.0;992;j
RS;tptinc992j;p99.96p99.97;2008;18933212.0;992;j
RS;tptinc992j;p99.96p99.97;2009;18567558.0;992;j
RS;tptinc992j;p99.96p99.97;2010;18854018.0;992;j
RS;tptinc992j;p99.96p99.97;2011;19773812.0;992;j
RS;tptinc992j;p99.96p99.97;2012;17447402.0;992;j
RS;tptinc992j;p99.96p99.97;2013;18466980.0;992;j
RS;tptinc992j;p99.96p99.97;2014;23508280.0;992;j
RS;tptinc992j;p99.96p99.97;2015;22841644.0;992;j
RS;tptinc992j;p99.96p99.97;2016;23573412.0;992;j
RS;tptinc992j;p99.96p99.97;2017;23748002.0;992;j
RS;acainc992j;p32p100;1990;686111.0;992;j
RS;acainc992j;p32p100;1991;594702.13;992;j
RS;acainc992j;p32p100;1992;406484.91;992;j
RS;acainc992j;p32p100;1993;263113.19;992;j
RS;acainc992j;p32p100;1994;270473.5;992;j
RS;acainc992j;p32p100;1995;284937.31;992;j
RS;acainc992j;p32p100;1996;286654.0;992;j
RS;acainc992j;p32p100;1997;301846.69;992;j
RS;acainc992j;p32p100;1998;329315.81;992;j
RS;acainc992j;p32p100;1999;376045.81;992;j
RS;acainc992j;p32p100;2000;408861.0;992;j
RS;acainc992j;p32p100;2001;398889.0;992;j
RS;acainc992j;p32p100;2002;421107.09;992;j
RS;acainc992j;p32p100;2003;444910.41;992;j
RS;acainc992j;p32p100;2004;536627.81;992;j
RS;acainc992j;p32p100;2005;613078.63;992;j
RS;acainc992j;p32p100;2006;651265.69;992;j
RS;acainc992j;p32p100;2007;652526.88;992;j
RS;acainc992j;p32p100;2008;701216.31;992;j
RS;acainc992j;p32p100;2009;695971.69;992;j
RS;acainc992j;p32p100;2010;704248.13;992;j
RS;acainc992j;p32p100;2011;716496.0;992;j
RS;acainc992j;p32p100;2012;716267.81;992;j
RS;acainc992j;p32p100;2013;734616.5;992;j
RS;acainc992j;p32p100;2014;706398.63;992;j
RS;acainc992j;p32p100;2015;723623.63;992;j
RS;acainc992j;p32p100;2016;750425.69;992;j
RS;acainc992j;p32p100;2017;751146.69;992;j
RS;acainc992j;p35p36;1990;326438.41;992;j
RS;acainc992j;p35p36;1991;284613.5;992;j
RS;acainc992j;p35p36;1992;195701.59;992;j
RS;acainc992j;p35p36;1993;127419.2;992;j
RS;acainc992j;p35p36;1994;131759.7;992;j
RS;acainc992j;p35p36;1995;139675.09;992;j
RS;acainc992j;p35p36;1996;141667.7;992;j
RS;acainc992j;p35p36;1997;150383.3;992;j
RS;acainc992j;p35p36;1998;160697.2;992;j
RS;acainc992j;p35p36;1999;182980.7;992;j
RS;acainc992j;p35p36;2000;196978.41;992;j
RS;acainc992j;p35p36;2001;190267.8;992;j
RS;acainc992j;p35p36;2002;195642.5;992;j
RS;acainc992j;p35p36;2003;205546.41;992;j
RS;acainc992j;p35p36;2004;240335.91;992;j
RS;acainc992j;p35p36;2005;268102.91;992;j
RS;acainc992j;p35p36;2006;277338.19;992;j
RS;acainc992j;p35p36;2007;272749.0;992;j
RS;acainc992j;p35p36;2008;287813.31;992;j
RS;acainc992j;p35p36;2009;279589.19;992;j
RS;acainc992j;p35p36;2010;272198.5;992;j
RS;acainc992j;p35p36;2011;267227.31;992;j
RS;acainc992j;p35p36;2012;259873.3;992;j
RS;acainc992j;p35p36;2013;257528.91;992;j
RS;acainc992j;p35p36;2014;258278.41;992;j
RS;acainc992j;p35p36;2015;253618.91;992;j
RS;acainc992j;p35p36;2016;263056.09;992;j
RS;acainc992j;p35p36;2017;263176.09;992;j
RS;acainc992j;p57p58;1990;495035.81;992;j
RS;acainc992j;p57p58;1991;429970.19;992;j
RS;acainc992j;p57p58;1992;294193.91;992;j
RS;acainc992j;p57p58;1993;190453.5;992;j
RS;acainc992j;p57p58;1994;195854.8;992;j
RS;acainc992j;p57p58;1995;206457.41;992;j
RS;acainc992j;p57p58;1996;208182.8;992;j
RS;acainc992j;p57p58;1997;219760.91;992;j
RS;acainc992j;p57p58;1998;238812.91;992;j
RS;acainc992j;p57p58;1999;269641.09;992;j
RS;acainc992j;p57p58;2000;289863.0;992;j
RS;acainc992j;p57p58;2001;279009.69;992;j
RS;acainc992j;p57p58;2002;293299.41;992;j
RS;acainc992j;p57p58;2003;308980.5;992;j
RS;acainc992j;p57p58;2004;367687.41;992;j
RS;acainc992j;p57p58;2005;413840.09;992;j
RS;acainc992j;p57p58;2006;434943.41;992;j
RS;acainc992j;p57p58;2007;437783.19;992;j
RS;acainc992j;p57p58;2008;469162.69;992;j
RS;acainc992j;p57p58;2009;459668.41;992;j
RS;acainc992j;p57p58;2010;454671.91;992;j
RS;acainc992j;p57p58;2011;455985.69;992;j
RS;acainc992j;p57p58;2012;450619.19;992;j
RS;acainc992j;p57p58;2013;460944.09;992;j
RS;acainc992j;p57p58;2014;441602.69;992;j
RS;acainc992j;p57p58;2015;436292.31;992;j
RS;acainc992j;p57p58;2016;452494.31;992;j
RS;acainc992j;p57p58;2017;452767.91;992;j
RS;acainc992j;p85p86;1990;817143.19;992;j
RS;acainc992j;p85p86;1991;706815.81;992;j
RS;acainc992j;p85p86;1992;482124.0;992;j
RS;acainc992j;p85p86;1993;311131.59;992;j
RS;acainc992j;p85p86;1994;318877.91;992;j
RS;acainc992j;p85p86;1995;334896.09;992;j
RS;acainc992j;p85p86;1996;336340.59;992;j
RS;acainc992j;p85p86;1997;353510.41;992;j
RS;acainc992j;p85p86;1998;383536.0;992;j
RS;acainc992j;p85p86;1999;433752.91;992;j
RS;acainc992j;p85p86;2000;464258.81;992;j
RS;acainc992j;p85p86;2001;447959.31;992;j
RS;acainc992j;p85p86;2002;473962.19;992;j
RS;acainc992j;p85p86;2003;508236.69;992;j
RS;acainc992j;p85p86;2004;618640.0;992;j
RS;acainc992j;p85p86;2005;707519.5;992;j
RS;acainc992j;p85p86;2006;760029.38;992;j
RS;acainc992j;p85p86;2007;772943.81;992;j
RS;acainc992j;p85p86;2008;834200.5;992;j
RS;acainc992j;p85p86;2009;831935.38;992;j
RS;acainc992j;p85p86;2010;841166.81;992;j
RS;acainc992j;p85p86;2011;861418.88;992;j
RS;acainc992j;p85p86;2012;857632.38;992;j
RS;acainc992j;p85p86;2013;892972.5;992;j
RS;acainc992j;p85p86;2014;820219.5;992;j
RS;acainc992j;p85p86;2015;811198.63;992;j
RS;acainc992j;p85p86;2016;841205.69;992;j
RS;acainc992j;p85p86;2017;841921.81;992;j
RS;acainc992j;p96p97;1990;1285367.4;992;j
RS;acainc992j;p96p97;1991;1116791.1;992;j
RS;acainc992j;p96p97;1992;767455.19;992;j
RS;acainc992j;p96p97;1993;499090.59;992;j
RS;acainc992j;p96p97;1994;514463.19;992;j
RS;acainc992j;p96p97;1995;543327.31;992;j
RS;acainc992j;p96p97;1996;546542.81;992;j
RS;acainc992j;p96p97;1997;575545.0;992;j
RS;acainc992j;p96p97;1998;635169.88;992;j
RS;acainc992j;p96p97;1999;725959.31;992;j
RS;acainc992j;p96p97;2000;804559.13;992;j
RS;acainc992j;p96p97;2001;785642.0;992;j
RS;acainc992j;p96p97;2002;845712.5;992;j
RS;acainc992j;p96p97;2003;895862.38;992;j
RS;acainc992j;p96p97;2004;1092876.8;992;j
RS;acainc992j;p96p97;2005;1263452.1;992;j
RS;acainc992j;p96p97;2006;1375415.0;992;j
RS;acainc992j;p96p97;2007;1387620.4;992;j
RS;acainc992j;p96p97;2008;1515882.9;992;j
RS;acainc992j;p96p97;2009;1498638.4;992;j
RS;acainc992j;p96p97;2010;1561494.6;992;j
RS;acainc992j;p96p97;2011;1622644.5;992;j
RS;acainc992j;p96p97;2012;1568932.8;992;j
RS;acainc992j;p96p97;2013;1633470.3;992;j
RS;acainc992j;p96p97;2014;1485848.3;992;j
RS;acainc992j;p96p97;2015;1490494.8;992;j
RS;acainc992j;p96p97;2016;1545595.4;992;j
RS;acainc992j;p96p97;2017;1547184.5;992;j
RS;acompx992i;p0p100;2002;-14.9;992;i
RS;acompx992i;p0p100;2003;-14.4;992;i
RS;acompx992i;p0p100;2004;-13.6;992;i
RS;acompx992i;p0p100;2005;135.10001;992;i
RS;acompx992i;p0p100;2006;203.5;992;i
RS;acompx992i;p0p100;2007;341.60001;992;i
RS;acompx992i;p0p100;2008;314.60001;992;i
RS;acompx992i;p0p100;2009;216.60001;992;i
RS;acompx992i;p0p100;2010;245.89999;992;i
RS;acompx992i;p0p100;2011;616.09998;992;i
RS;acompx992i;p0p100;2012;818.09998;992;i
RS;acompx992i;p0p100;2013;925.20001;992;i
RS;acompx992i;p0p100;2014;1021.6;992;i
RS;acompx992i;p0p100;2015;939.59998;992;i
RS;acompx992i;p0p100;2016;911.5;992;i
RS;acompx992i;p0p100;2017;964.79999;992;i
RS;acompx992i;p0p100;2018;996.70001;992;i
RS;adiinc992j;p70p80;1990;939797.31;992;j
RS;adiinc992j;p70p80;1991;815092.13;992;j
RS;adiinc992j;p70p80;1992;557331.63;992;j
RS;adiinc992j;p70p80;1993;360547.41;992;j
RS;adiinc992j;p70p80;1994;370514.81;992;j
RS;adiinc992j;p70p80;1995;390157.41;992;j
RS;adiinc992j;p70p80;1996;392957.0;992;j
RS;adiinc992j;p70p80;1997;416083.69;992;j
RS;adiinc992j;p70p80;1998;433744.19;992;j
RS;adiinc992j;p70p80;1999;469997.59;992;j
RS;adiinc992j;p70p80;2000;511283.59;992;j
RS;adiinc992j;p70p80;2001;505728.19;992;j
RS;adiinc992j;p70p80;2002;549353.81;992;j
RS;adiinc992j;p70p80;2003;578323.69;992;j
RS;adiinc992j;p70p80;2004;657397.81;992;j
RS;adiinc992j;p70p80;2005;730563.31;992;j
RS;adiinc992j;p70p80;2006;772041.63;992;j
RS;adiinc992j;p70p80;2007;804328.31;992;j
RS;adiinc992j;p70p80;2008;860968.13;992;j
RS;adiinc992j;p70p80;2009;841730.88;992;j
RS;adiinc992j;p70p80;2010;845090.19;992;j
RS;adiinc992j;p70p80;2011;847860.69;992;j
RS;adiinc992j;p70p80;2012;844368.88;992;j
RS;adiinc992j;p70p80;2013;886697.5;992;j
RS;adiinc992j;p70p80;2014;825067.81;992;j
RS;adiinc992j;p70p80;2015;807283.38;992;j
RS;adiinc992j;p70p80;2016;833783.0;992;j
RS;adiinc992j;p70p80;2017;838786.19;992;j
RS;adiinc992j;p81p82;1990;1054612.8;992;j
RS;adiinc992j;p81p82;1991;912218.19;992;j
RS;adiinc992j;p81p82;1992;622704.38;992;j
RS;adiinc992j;p81p82;1993;402002.81;992;j
RS;adiinc992j;p81p82;1994;412000.5;992;j
RS;adiinc992j;p81p82;1995;432872.09;992;j
RS;adiinc992j;p81p82;1996;434873.19;992;j
RS;adiinc992j;p81p82;1997;459133.19;992;j
RS;adiinc992j;p81p82;1998;476466.0;992;j
RS;adiinc992j;p81p82;1999;518747.31;992;j
RS;adiinc992j;p81p82;2000;564021.0;992;j
RS;adiinc992j;p81p82;2001;558037.63;992;j
RS;adiinc992j;p81p82;2002;608947.5;992;j
RS;adiinc992j;p81p82;2003;641795.88;992;j
RS;adiinc992j;p81p82;2004;733242.69;992;j
RS;adiinc992j;p81p82;2005;820256.31;992;j
RS;adiinc992j;p81p82;2006;870237.5;992;j
RS;adiinc992j;p81p82;2007;907615.0;992;j
RS;adiinc992j;p81p82;2008;977233.5;992;j
RS;adiinc992j;p81p82;2009;958015.69;992;j
RS;adiinc992j;p81p82;2010;972016.31;992;j
RS;adiinc992j;p81p82;2011;982327.5;992;j
RS;adiinc992j;p81p82;2012;976930.81;992;j
RS;adiinc992j;p81p82;2013;1030228.0;992;j
RS;adiinc992j;p81p82;2014;938729.88;992;j
RS;adiinc992j;p81p82;2015;923980.0;992;j
RS;adiinc992j;p81p82;2016;955693.0;992;j
RS;adiinc992j;p81p82;2017;961644.69;992;j
RS;adiinc992j;p99.991p99.992;1990;29941274.0;992;j
RS;adiinc992j;p99.991p99.992;1991;24841826.0;992;j
RS;adiinc992j;p99.991p99.992;1992;16059157.0;992;j
RS;adiinc992j;p99.991p99.992;1993;10053055.0;992;j
RS;adiinc992j;p99.991p99.992;1994;10095261.0;992;j
RS;adiinc992j;p99.991p99.992;1995;10429977.0;992;j
RS;adiinc992j;p99.991p99.992;1996;10163551.0;992;j
RS;adiinc992j;p99.991p99.992;1997;10372490.0;992;j
RS;adiinc992j;p99.991p99.992;1998;11630393.0;992;j
RS;adiinc992j;p99.991p99.992;1999;15001320.0;992;j
RS;adiinc992j;p99.991p99.992;2000;17479986.0;992;j
RS;adiinc992j;p99.991p99.992;2001;19490780.0;992;j
RS;adiinc992j;p99.991p99.992;2002;20176610.0;992;j
RS;adiinc992j;p99.991p99.992;2003;21000866.0;992;j
RS;adiinc992j;p99.991p99.992;2004;24009640.0;992;j
RS;adiinc992j;p99.991p99.992;2005;28562548.0;992;j
RS;adiinc992j;p99.991p99.992;2006;28819434.0;992;j
RS;adiinc992j;p99.991p99.992;2007;26560454.0;992;j
RS;adiinc992j;p99.991p99.992;2008;25902302.0;992;j
RS;adiinc992j;p99.991p99.992;2009;29840288.0;992;j
RS;adiinc992j;p99.991p99.992;2010;29181110.0;992;j
RS;adiinc992j;p99.991p99.992;2011;29188984.0;992;j
RS;adiinc992j;p99.991p99.992;2012;40163804.0;992;j
RS;adiinc992j;p99.991p99.992;2013;33384028.0;992;j
RS;adiinc992j;p99.991p99.992;2014;51615028.0;992;j
RS;adiinc992j;p99.991p99.992;2015;73809000.0;992;j
RS;adiinc992j;p99.991p99.992;2016;77094376.0;992;j
RS;adiinc992j;p99.991p99.992;2017;77751752.0;992;j
RS;anmxho999i;p0p100;1997;38808.0;999;i
RS;anmxho999i;p0p100;1998;37655.0;999;i
RS;anmxho999i;p0p100;1999;49835.199;999;i
RS;anmxho999i;p0p100;2000;58255.102;999;i
RS;anmxho999i;p0p100;2001;58211.699;999;i
RS;anmxho999i;p0p100;2002;48418.398;999;i
RS;anmxho999i;p0p100;2003;40571.199;999;i
RS;anmxho999i;p0p100;2004;44882.5;999;i
RS;anmxho999i;p0p100;2005;48177.5;999;i
RS;anmxho999i;p0p100;2006;64171.898;999;i
RS;anmxho999i;p0p100;2007;67401.5;999;i
RS;anmxho999i;p0p100;2008;74622.797;999;i
RS;anmxho999i;p0p100;2009;68715.297;999;i
RS;anmxho999i;p0p100;2010;70540.102;999;i
RS;anmxho999i;p0p100;2011;80292.203;999;i
RS;ataxhn999i;p0p100;1997;52294.301;999;i
RS;ataxhn999i;p0p100;1998;53058.898;999;i
RS;ataxhn999i;p0p100;1999;52510.301;999;i
RS;ataxhn999i;p0p100;2000;54306.301;999;i
RS;ataxhn999i;p0p100;2001;65070.102;999;i
RS;ataxhn999i;p0p100;2002;79086.0;999;i
RS;ataxhn999i;p0p100;2003;76583.297;999;i
RS;ataxhn999i;p0p100;2004;87514.703;999;i
RS;ataxhn999i;p0p100;2005;92858.398;999;i
RS;ataxhn999i;p0p100;2006;105101.4;999;i
RS;ataxhn999i;p0p100;2007;108883.4;999;i
RS;ataxhn999i;p0p100;2008;114842.0;999;i
RS;ataxhn999i;p0p100;2009;106787.4;999;i
RS;ataxhn999i;p0p100;2010;108054.9;999;i
RS;ataxhn999i;p0p100;2011;113654.3;999;i
RS;bcainc992j;p99.993p100;1990;2.1651616;992;j
RS;bcainc992j;p99.993p100;1991;2.1124527;992;j
RS;bcainc992j;p99.993p100;1992;2.040391;992;j
RS;bcainc992j;p99.993p100;1993;1.9906737;992;j
RS;bcainc992j;p99.993p100;1994;1.9591562;992;j
RS;bcainc992j;p99.993p100;1995;1.932245;992;j
RS;bcainc992j;p99.993p100;1996;1.9048707;992;j
RS;bcainc992j;p99.993p100;1997;1.8756664;992;j
RS;bcainc992j;p99.993p100;1998;1.9053015;992;j
RS;bcainc992j;p99.993p100;1999;2.0241597;992;j
RS;bcainc992j;p99.993p100;2000;2.0155227;992;j
RS;bcainc992j;p99.993p100;2001;2.1132741;992;j
RS;bcainc992j;p99.993p100;2002;2.0293334;992;j
RS;bcainc992j;p99.993p100;2003;2.0379827;992;j
RS;bcainc992j;p99.993p100;2004;2.0439148;992;j
RS;bcainc992j;p99.993p100;2005;2.0884209;992;j
RS;bcainc992j;p99.993p100;2006;1.9866436;992;j
RS;bcainc992j;p99.993p100;2007;1.8914654;992;j
RS;bcainc992j;p99.993p100;2008;1.7941345;992;j
RS;bcainc992j;p99.993p100;2009;1.919721;992;j
RS;bcainc992j;p99.993p100;2010;1.8579472;992;j
RS;bcainc992j;p99.993p100;2011;1.8217138;992;j
RS;bcainc992j;p99.993p100;2012;2.1289351;992;j
RS;bcainc992j;p99.993p100;2013;1.9236547;992;j
RS;bcainc992j;p99.993p100;2014;2.520705;992;j
RS;bcainc992j;p99.993p100;2015;3.0596595;992;j
RS;bcainc992j;p99.993p100;2016;3.0607007;992;j
RS;bcainc992j;p99.993p100;2017;3.0637808;992;j
RS;bdiinc992j;p87p100;1990;1.5646428;992;j
RS;bdiinc992j;p87p100;1991;1.5636526;992;j
RS;bdiinc992j;p87p100;1992;1.5633334;992;j
RS;bdiinc992j;p87p100;1993;1.5661994;992;j
RS;bdiinc992j;p87p100;1994;1.5691767;992;j
RS;bdiinc992j;p87p100;1995;1.5736095;992;j
RS;bdiinc992j;p87p100;1996;1.5724744;992;j
RS;bdiinc992j;p87p100;1997;1.5703043;992;j
RS;bdiinc992j;p87p100;1998;1.591012;992;j
RS;bdiinc992j;p87p100;1999;1.6422981;992;j
RS;bdiinc992j;p87p100;2000;1.6933686;992;j
RS;bdiinc992j;p87p100;2001;1.7341566;992;j
RS;bdiinc992j;p87p100;2002;1.7438374;992;j
RS;bdiinc992j;p87p100;2003;1.7122523;992;j
RS;bdiinc992j;p87p100;2004;1.7117766;992;j
RS;bdiinc992j;p87p100;2005;1.7293869;992;j
RS;bdiinc992j;p87p100;2006;1.7407976;992;j
RS;bdiinc992j;p87p100;2007;1.7006739;992;j
RS;bdiinc992j;p87p100;2008;1.7032969;992;j
RS;bdiinc992j;p87p100;2009;1.7253531;992;j
RS;bdiinc992j;p87p100;2010;1.7497958;992;j
RS;bdiinc992j;p87p100;2011;1.7673216;992;j
RS;bdiinc992j;p87p100;2012;1.8078661;992;j
RS;bdiinc992j;p87p100;2013;1.7565339;992;j
RS;bdiinc992j;p87p100;2014;1.8724662;992;j
RS;bdiinc992j;p87p100;2015;2.0090761;992;j
RS;bdiinc992j;p87p100;2016;2.0179207;992;j
RS;bdiinc992j;p87p100;2017;2.0190561;992;j
RS;bdiinc992j;p99.6p100;1990;2.0102155;992;j
RS;bdiinc992j;p99.6p100;1991;1.9702281;992;j
RS;bdiinc992j;p99.6p100;1992;1.9178212;992;j
RS;bdiinc992j;p99.6p100;1993;1.8840607;992;j
RS;bdiinc992j;p99.6p100;1994;1.8622248;992;j
RS;bdiinc992j;p99.6p100;1995;1.8439081;992;j
RS;bdiinc992j;p99.6p100;1996;1.8221699;992;j
RS;bdiinc992j;p99.6p100;1997;1.7989136;992;j
RS;bdiinc992j;p99.6p100;1998;1.8279203;992;j
RS;bdiinc992j;p99.6p100;1999;1.9318178;992;j
RS;bdiinc992j;p99.6p100;2000;1.9436169;992;j
RS;bdiinc992j;p99.6p100;2001;2.0274155;992;j
RS;bdiinc992j;p99.6p100;2002;1.966835;992;j
RS;bdiinc992j;p99.6p100;2003;1.9655666;992;j
RS;bdiinc992j;p99.6p100;2004;1.9665443;992;j
RS;bdiinc992j;p99.6p100;2005;2.0045104;992;j
RS;bdiinc992j;p99.6p100;2006;1.9321402;992;j
RS;bdiinc992j;p99.6p100;2007;1.8506191;992;j
RS;bdiinc992j;p99.6p100;2008;1.7761508;992;j
RS;bdiinc992j;p99.6p100;2009;1.8803155;992;j
RS;bdiinc992j;p99.6p100;2010;1.8341709;992;j
RS;bdiinc992j;p99.6p100;2011;1.8082495;992;j
RS;bdiinc992j;p99.6p100;2012;2.0680392;992;j
RS;bdiinc992j;p99.6p100;2013;1.8941146;992;j
RS;bdiinc992j;p99.6p100;2014;2.3891318;992;j
RS;bdiinc992j;p99.6p100;2015;2.8660872;992;j
RS;bdiinc992j;p99.6p100;2016;2.8699021;992;j
RS;bdiinc992j;p99.6p100;2017;2.8724487;992;j
RS;bdiinc992j;p9p100;1990;4.1994658;992;j
RS;bdiinc992j;p9p100;1991;4.153223;992;j
RS;bdiinc992j;p9p100;1992;4.0956788;992;j
RS;bdiinc992j;p9p100;1993;4.0379338;992;j
RS;bdiinc992j;p9p100;1994;3.9895582;992;j
RS;bdiinc992j;p9p100;1995;3.8945677;992;j
RS;bdiinc992j;p9p100;1996;3.8354149;992;j
RS;bdiinc992j;p9p100;1997;3.7633905;992;j
RS;bdiinc992j;p9p100;1998;3.5342262;992;j
RS;bdiinc992j;p9p100;1999;3.6147413;992;j
RS;bdiinc992j;p9p100;2000;3.6557064;992;j
RS;bdiinc992j;p9p100;2001;3.6318343;992;j
RS;bdiinc992j;p9p100;2002;4.1516104;992;j
RS;bdiinc992j;p9p100;2003;4.4261017;992;j
RS;bdiinc992j;p9p100;2004;5.0930309;992;j
RS;bdiinc992j;p9p100;2005;5.3465028;992;j
RS;bdiinc992j;p9p100;2006;5.9656243;992;j
RS;bdiinc992j;p9p100;2007;6.390131;992;j
RS;bdiinc992j;p9p100;2008;6.5813651;992;j
RS;bdiinc992j;p9p100;2009;6.7949886;992;j
RS;bdiinc992j;p9p100;2010;7.2666678;992;j
RS;bdiinc992j;p9p100;2011;8.0679121;992;j
RS;bdiinc992j;p9p100;2012;8.5252886;992;j
RS;bdiinc992j;p9p100;2013;6.8357396;992;j
RS;bdiinc992j;p9p100;2014;4.7729673;992;j
RS;bdiinc992j;p9p100;2015;5.9289541;992;j
RS;bdiinc992j;p9p100;2016;6.2902908;992;j
RS;bdiinc992j;p9p100;2017;6.3323946;992;j
RS;bptinc992j;p95p100;1990;1.7795373;992;j
RS;bptinc992j;p95p100;1991;1.7932326;992;j
RS;bptinc992j;p95p100;1992;1.8061858;992;j
RS;bptinc992j;p95p100;1993;1.8205791;992;j
RS;bptinc992j;p95p100;1994;1.8348918;992;j
RS;bptinc992j;p95p100;1995;1.8505988;992;j
RS;bptinc992j;p95p100;1996;1.8600496;992;j
RS;bptinc992j;p95p100;1997;1.8693554;992;j
RS;bptinc992j;p95p100;1998;1.8734472;992;j
RS;bptinc992j;p95p100;1999;1.9175982;992;j
RS;bptinc992j;p95p100;2000;1.97233;992;j
RS;bptinc992j;p95p100;2001;2.0166912;992;j
RS;bptinc992j;p95p100;2002;2.0070395;992;j
RS;bptinc992j;p95p100;2003;1.981984;992;j
RS;bptinc992j;p95p100;2004;1.9933569;992;j
RS;bptinc992j;p95p100;2005;1.9725538;992;j
RS;bptinc992j;p95p100;2006;1.9733794;992;j
RS;bptinc992j;p95p100;2007;1.9106041;992;j
RS;bptinc992j;p95p100;2008;1.9178692;992;j
RS;bptinc992j;p95p100;2009;1.9078828;992;j
RS;bptinc992j;p95p100;2010;1.9143506;992;j
RS;bptinc992j;p95p100;2011;1.9336035;992;j
RS;bptinc992j;p95p100;2012;1.8672868;992;j
RS;bptinc992j;p95p100;2013;1.8822922;992;j
RS;bptinc992j;p95p100;2014;2.0794926;992;j
RS;bptinc992j;p95p100;2015;2.0425932;992;j
RS;bptinc992j;p95p100;2016;2.0437765;992;j
RS;bptinc992j;p95p100;2017;2.0452733;992;j
RS;bptinc992j;p99.96p100;1990;2.0743334;992;j
RS;bptinc992j;p99.96p100;1991;2.0970659;992;j
RS;bptinc992j;p99.96p100;1992;2.1048059;992;j
RS;bptinc992j;p99.96p100;1993;2.1267548;992;j
RS;bptinc992j;p99.96p100;1994;2.1290534;992;j
RS;bptinc992j;p99.96p100;1995;2.1486866;992;j
RS;bptinc992j;p99.96p100;1996;2.1673934;992;j
RS;bptinc992j;p99.96p100;1997;2.1889627;992;j
RS;bptinc992j;p99.96p100;1998;2.1549721;992;j
RS;bptinc992j;p99.96p100;1999;2.2126422;992;j
RS;bptinc992j;p99.96p100;2000;2.2281501;992;j
RS;bptinc992j;p99.96p100;2001;2.2909894;992;j
RS;bptinc992j;p99.96p100;2002;2.2329891;992;j
RS;bptinc992j;p99.96p100;2003;2.2018738;992;j
RS;bptinc992j;p99.96p100;2004;2.1989253;992;j
RS;bptinc992j;p99.96p100;2005;2.1371944;992;j
RS;bptinc992j;p99.96p100;2006;2.1385992;992;j
RS;bptinc992j;p99.96p100;2007;2.0962114;992;j
RS;bptinc992j;p99.96p100;2008;2.1120594;992;j
RS;bptinc992j;p99.96p100;2009;2.0868065;992;j
RS;bptinc992j;p99.96p100;2010;2.0121567;992;j
RS;bptinc992j;p99.96p100;2011;2.038471;992;j
RS;bptinc992j;p99.96p100;2012;1.8248302;992;j
RS;bptinc992j;p99.96p100;2013;1.9150019;992;j
RS;bptinc992j;p99.96p100;2014;2.3092368;992;j
RS;bptinc992j;p99.96p100;2015;2.3179719;992;j
RS;bptinc992j;p99.96p100;2016;2.3178661;992;j
RS;bptinc992j;p99.96p100;2017;2.3167143;992;j
RS;mtaxnp999i;p0p100;1997;0.0;999;i
RS;mtaxnp999i;p0p100;1998;0.0;999;i
RS;mtaxnp999i;p0p100;1999;0.0;999;i
RS;mtaxnp999i;p0p100;2000;0.0;999;i
RS;mtaxnp999i;p0p100;2001;0.0;999;i
RS;mtaxnp999i;p0p100;2002;0.0;999;i
RS;mtaxnp999i;p0p100;2003;0.0;999;i
RS;mtaxnp999i;p0p100;2004;0.0;999;i
RS;mtaxnp999i;p0p100;2005;0.0;999;i
RS;mtaxnp999i;p0p100;2006;0.0;999;i
RS;mtaxnp999i;p0p100;2007;0.0;999;i
RS;mtaxnp999i;p0p100;2008;0.0;999;i
RS;mtaxnp999i;p0p100;2009;0.0;999;i
RS;mtaxnp999i;p0p100;2010;0.0;999;i
RS;mtaxnp999i;p0p100;2011;0.0;999;i
RS;npopul251i;p0p100;1950;562190.0;251;i
RS;npopul251i;p0p100;1951;601498.0;251;i
RS;npopul251i;p0p100;1952;632963.0;251;i
RS;npopul251i;p0p100;1953;655971.0;251;i
RS;npopul251i;p0p100;1954;673179.0;251;i
RS;npopul251i;p0p100;1955;686651.0;251;i
RS;npopul251i;p0p100;1956;695152.0;251;i
RS;npopul251i;p0p100;1957;698219.0;251;i
RS;npopul251i;p0p100;1958;696430.0;251;i
RS;npopul251i;p0p100;1959;690572.0;251;i
RS;npopul251i;p0p100;1960;681356.0;251;i
RS;npopul251i;p0p100;1961;670825.0;251;i
RS;npopul251i;p0p100;1962;657616.0;251;i
RS;npopul251i;p0p100;1963;641846.0;251;i
RS;npopul251i;p0p100;1964;622777.0;251;i
RS;npopul251i;p0p100;1965;600309.0;251;i
RS;npopul251i;p0p100;1966;572938.0;251;i
RS;npopul251i;p0p100;1967;542063.0;251;i
RS;npopul251i;p0p100;1968;514096.0;251;i
RS;npopul251i;p0p100;1969;498925.0;251;i
RS;npopul251i;p0p100;1970;502456.0;251;i
RS;npopul251i;p0p100;1971;524074.0;251;i
RS;npopul251i;p0p100;1972;563915.0;251;i
RS;npopul251i;p0p100;1973;614605.0;251;i
RS;npopul251i;p0p100;1974;664419.0;251;i
RS;npopul251i;p0p100;1975;705537.0;251;i
RS;npopul251i;p0p100;1976;739317.0;251;i
RS;npopul251i;p0p100;1977;765808.0;251;i
RS;npopul251i;p0p100;1978;783598.0;251;i
RS;npopul251i;p0p100;1979;791623.0;251;i
RS;npopul251i;p0p100;1980;789628.0;251;i
RS;npopul251i;p0p100;1981;777528.0;251;i
RS;npopul251i;p0p100;1982;754070.0;251;i
RS;npopul251i;p0p100;1983;724367.0;251;i
RS;npopul251i;p0p100;1984;696418.0;251;i
RS;npopul251i;p0p100;1985;675441.0;251;i
RS;npopul251i;p0p100;1986;661480.0;251;i
RS;npopul251i;p0p100;1987;654509.0;251;i
RS;npopul251i;p0p100;1988;653235.0;251;i
RS;npopul251i;p0p100;1989;654713.0;251;i
RS;npopul251i;p0p100;1990;657004.0;251;i
RS;npopul251i;p0p100;1991;661228.0;251;i
RS;npopul251i;p0p100;1992;667415.0;251;i
RS;npopul251i;p0p100;1993;674618.0;251;i
RS;npopul251i;p0p100;1994;681730.0;251;i
RS;npopul251i;p0p100;1995;687888.0;251;i
RS;npopul251i;p0p100;1996;688147.0;251;i
RS;npopul251i;p0p100;1997;685412.0;251;i
RS;npopul251i;p0p100;1998;680370.0;251;i
RS;npopul251i;p0p100;1999;530417.0;251;i
RS;npopul251i;p0p100;2000;528129.0;251;i
RS;npopul251i;p0p100;2001;531665.0;251;i
RS;npopul251i;p0p100;2002;535531.0;251;i
RS;npopul251i;p0p100;2003;537380.0;251;i
RS;npopul251i;p0p100;2004;537796.0;251;i
RS;npopul251i;p0p100;2005;535914.0;251;i
RS;npopul251i;p0p100;2006;529587.0;251;i
RS;npopul251i;p0p100;2007;520775.0;251;i
RS;npopul251i;p0p100;2008;510904.0;251;i
RS;npopul251i;p0p100;2009;502629.0;251;i
RS;npopul251i;p0p100;2010;497302.0;251;i
RS;npopul251i;p0p100;2011;493882.0;251;i
RS;npopul251i;p0p100;2012;494887.0;251;i
RS;npopul251i;p0p100;2013;496989.0;251;i
RS;npopul251i;p0p100;2014;497022.0;251;i
RS;npopul251i;p0p100;2015;492951.0;251;i
RS;npopul251i;p0p100;2016;489183.0;251;i
RS;npopul251i;p0p100;2017;483222.0;251;i
RS;npopul251i;p0p100;2018;474682.0;251;i
RS;npopul251i;p0p100;2019;465576.0;251;i
RS;scainc992j;p19p100;1990;0.96079999;992;j
RS;scainc992j;p19p100;1991;0.96039999;992;j
RS;scainc992j;p19p100;1992;0.95999998;992;j
RS;scainc992j;p19p100;1993;0.95950001;992;j
RS;scainc992j;p19p100;1994;0.95899999;992;j
RS;scainc992j;p19p100;1995;0.95850003;992;j
RS;scainc992j;p19p100;1996;0.958;992;j
RS;scainc992j;p19p100;1997;0.95749998;992;j
RS;scainc992j;p19p100;1998;0.95370001;992;j
RS;scainc992j;p19p100;1999;0.95310003;992;j
RS;scainc992j;p19p100;2000;0.95499998;992;j
RS;scainc992j;p19p100;2001;0.95590001;992;j
RS;scainc992j;p19p100;2002;0.963;992;j
RS;scainc992j;p19p100;2003;0.96380001;992;j
RS;scainc992j;p19p100;2004;0.9691;992;j
RS;scainc992j;p19p100;2005;0.9709;992;j
RS;scainc992j;p19p100;2006;0.9745;992;j
RS;scainc992j;p19p100;2007;0.97719997;992;j
RS;scainc992j;p19p100;2008;0.97829998;992;j
RS;scainc992j;p19p100;2009;0.97820002;992;j
RS;scainc992j;p19p100;2010;0.98119998;992;j
RS;scainc992j;p19p100;2011;0.98400003;992;j
RS;scainc992j;p19p100;2012;0.98580003;992;j
RS;scainc992j;p19p100;2013;0.9817;992;j
RS;scainc992j;p19p100;2014;0.96799999;992;j
RS;scainc992j;p19p100;2015;0.977;992;j
RS;scainc992j;p19p100;2016;0.977;992;j
RS;scainc992j;p19p100;2017;0.977;992;j
RS;sdiinc992j;p17p100;1990;0.95770001;992;j
RS;sdiinc992j;p17p100;1991;0.95749998;992;j
RS;sdiinc992j;p17p100;1992;0.95719999;992;j
RS;sdiinc992j;p17p100;1993;0.9569;992;j
RS;sdiinc992j;p17p100;1994;0.95660001;992;j
RS;sdiinc992j;p17p100;1995;0.95630002;992;j
RS;sdiinc992j;p17p100;1996;0.95590001;992;j
RS;sdiinc992j;p17p100;1997;0.95529997;992;j
RS;sdiinc992j;p17p100;1998;0.954;992;j
RS;sdiinc992j;p17p100;1999;0.95480001;992;j
RS;sdiinc992j;p17p100;2000;0.95529997;992;j
RS;sdiinc992j;p17p100;2001;0.95569998;992;j
RS;sdiinc992j;p17p100;2002;0.96030003;992;j
RS;sdiinc992j;p17p100;2003;0.96100003;992;j
RS;sdiinc992j;p17p100;2004;0.96520001;992;j
RS;sdiinc992j;p17p100;2005;0.96700001;992;j
RS;sdiinc992j;p17p100;2006;0.96969998;992;j
RS;sdiinc992j;p17p100;2007;0.97100002;992;j
RS;sdiinc992j;p17p100;2008;0.97140002;992;j
RS;sdiinc992j;p17p100;2009;0.9716;992;j
RS;sdiinc992j;p17p100;2010;0.9734;992;j
RS;sdiinc992j;p17p100;2011;0.97610003;992;j
RS;sdiinc992j;p17p100;2012;0.97729999;992;j
RS;sdiinc992j;p17p100;2013;0.97299999;992;j
RS;sdiinc992j;p17p100;2014;0.96160001;992;j
RS;sdiinc992j;p17p100;2015;0.96880001;992;j
RS;sdiinc992j;p17p100;2016;0.97049999;992;j
RS;sdiinc992j;p17p100;2017;0.97070003;992;j
RS;sdiinc992j;p34p100;1990;0.87230003;992;j
RS;sdiinc992j;p34p100;1991;0.87110001;992;j
RS;sdiinc992j;p34p100;1992;0.86979997;992;j
RS;sdiinc992j;p34p100;1993;0.86860001;992;j
RS;sdiinc992j;p34p100;1994;0.86729997;992;j
RS;sdiinc992j;p34p100;1995;0.86610001;992;j
RS;sdiinc992j;p34p100;1996;0.8646;992;j
RS;sdiinc992j;p34p100;1997;0.86290002;992;j
RS;sdiinc992j;p34p100;1998;0.861;992;j
RS;sdiinc992j;p34p100;1999;0.86320001;992;j
RS;sdiinc992j;p34p100;2000;0.86339998;992;j
RS;sdiinc992j;p34p100;2001;0.86369997;992;j
RS;sdiinc992j;p34p100;2002;0.87089998;992;j
RS;sdiinc992j;p34p100;2003;0.87300003;992;j
RS;sdiinc992j;p34p100;2004;0.88120002;992;j
RS;sdiinc992j;p34p100;2005;0.88440001;992;j
RS;sdiinc992j;p34p100;2006;0.89069998;992;j
RS;sdiinc992j;p34p100;2007;0.89209998;992;j
RS;sdiinc992j;p34p100;2008;0.89469999;992;j
RS;sdiinc992j;p34p100;2009;0.89810002;992;j
RS;sdiinc992j;p34p100;2010;0.90460002;992;j
RS;sdiinc992j;p34p100;2011;0.91210002;992;j
RS;sdiinc992j;p34p100;2012;0.91240001;992;j
RS;sdiinc992j;p34p100;2013;0.9145;992;j
RS;sdiinc992j;p34p100;2014;0.89630002;992;j
RS;sdiinc992j;p34p100;2015;0.90890002;992;j
RS;sdiinc992j;p34p100;2016;0.912;992;j
RS;sdiinc992j;p34p100;2017;0.91240001;992;j
RS;sdiinc992j;p57p100;1990;0.6911;992;j
RS;sdiinc992j;p57p100;1991;0.6893;992;j
RS;sdiinc992j;p57p100;1992;0.6875;992;j
RS;sdiinc992j;p57p100;1993;0.68599999;992;j
RS;sdiinc992j;p57p100;1994;0.68440002;992;j
RS;sdiinc992j;p57p100;1995;0.68279999;992;j
RS;sdiinc992j;p57p100;1996;0.68080002;992;j
RS;sdiinc992j;p57p100;1997;0.67830002;992;j
RS;sdiinc992j;p57p100;1998;0.68099999;992;j
RS;sdiinc992j;p57p100;1999;0.68480003;992;j
RS;sdiinc992j;p57p100;2000;0.68580002;992;j
RS;sdiinc992j;p57p100;2001;0.68690002;992;j
RS;sdiinc992j;p57p100;2002;0.69480002;992;j
RS;sdiinc992j;p57p100;2003;0.69779998;992;j
RS;sdiinc992j;p57p100;2004;0.70789999;992;j
RS;sdiinc992j;p57p100;2005;0.71390003;992;j
RS;sdiinc992j;p57p100;2006;0.72189999;992;j
RS;sdiinc992j;p57p100;2007;0.72299999;992;j
RS;sdiinc992j;p57p100;2008;0.72670001;992;j
RS;sdiinc992j;p57p100;2009;0.73199999;992;j
RS;sdiinc992j;p57p100;2010;0.74169999;992;j
RS;sdiinc992j;p57p100;2011;0.7518;992;j
RS;sdiinc992j;p57p100;2012;0.75440001;992;j
RS;sdiinc992j;p57p100;2013;0.75739998;992;j
RS;sdiinc992j;p57p100;2014;0.74040002;992;j
RS;sdiinc992j;p57p100;2015;0.7554;992;j
RS;sdiinc992j;p57p100;2016;0.75950003;992;j
RS;sdiinc992j;p57p100;2017;0.76010001;992;j
RS;sdiinc992j;p67p100;1990;0.58850002;992;j
RS;sdiinc992j;p67p100;1991;0.58670002;992;j
RS;sdiinc992j;p67p100;1992;0.58499998;992;j
RS;sdiinc992j;p67p100;1993;0.58359998;992;j
RS;sdiinc992j;p67p100;1994;0.58209997;992;j
RS;sdiinc992j;p67p100;1995;0.5808;992;j
RS;sdiinc992j;p67p100;1996;0.57870001;992;j
RS;sdiinc992j;p67p100;1997;0.57620001;992;j
RS;sdiinc992j;p67p100;1998;0.5794;992;j
RS;sdiinc992j;p67p100;1999;0.58410001;992;j
RS;sdiinc992j;p67p100;2000;0.58639997;992;j
RS;sdiinc992j;p67p100;2001;0.58819997;992;j
RS;sdiinc992j;p67p100;2002;0.59560001;992;j
RS;sdiinc992j;p67p100;2003;0.59859997;992;j
RS;sdiinc992j;p67p100;2004;0.60879999;992;j
RS;sdiinc992j;p67p100;2005;0.61580002;992;j
RS;sdiinc992j;p67p100;2006;0.6239;992;j
RS;sdiinc992j;p67p100;2007;0.62419999;992;j
RS;sdiinc992j;p67p100;2008;0.6279;992;j
RS;sdiinc992j;p67p100;2009;0.634;992;j
RS;sdiinc992j;p67p100;2010;0.64459997;992;j
RS;sdiinc992j;p67p100;2011;0.65530002;992;j
RS;sdiinc992j;p67p100;2012;0.6584;992;j
RS;sdiinc992j;p67p100;2013;0.66039997;992;j
RS;sdiinc992j;p67p100;2014;0.64560002;992;j
RS;sdiinc992j;p67p100;2015;0.66350001;992;j
RS;sdiinc992j;p67p100;2016;0.66769999;992;j
RS;sdiinc992j;p67p100;2017;0.66820002;992;j
RS;sdiinc992j;p78p100;1990;0.45410001;992;j
RS;sdiinc992j;p78p100;1991;0.4522;992;j
RS;sdiinc992j;p78p100;1992;0.4506;992;j
RS;sdiinc992j;p78p100;1993;0.44949999;992;j
RS;sdiinc992j;p78p100;1994;0.4483;992;j
RS;sdiinc992j;p78p100;1995;0.44710001;992;j
RS;sdiinc992j;p78p100;1996;0.44510001;992;j
RS;sdiinc992j;p78p100;1997;0.4427;992;j
RS;sdiinc992j;p78p100;1998;0.44679999;992;j
RS;sdiinc992j;p78p100;1999;0.45300001;992;j
RS;sdiinc992j;p78p100;2000;0.45680001;992;j
RS;sdiinc992j;p78p100;2001;0.45969999;992;j
RS;sdiinc992j;p78p100;2002;0.46599999;992;j
RS;sdiinc992j;p78p100;2003;0.46880001;992;j
RS;sdiinc992j;p78p100;2004;0.47799999;992;j
RS;sdiinc992j;p78p100;2005;0.48570001;992;j
RS;sdiinc992j;p78p100;2006;0.49360001;992;j
RS;sdiinc992j;p78p100;2007;0.49270001;992;j
RS;sdiinc992j;p78p100;2008;0.49590001;992;j
RS;sdiinc992j;p78p100;2009;0.50269997;992;j
RS;sdiinc992j;p78p100;2010;0.51340002;992;j
RS;sdiinc992j;p78p100;2011;0.52429998;992;j
RS;sdiinc992j;p78p100;2012;0.52780002;992;j
RS;sdiinc992j;p78p100;2013;0.52649999;992;j
RS;sdiinc992j;p78p100;2014;0.51789999;992;j
RS;sdiinc992j;p78p100;2015;0.53979999;992;j
RS;sdiinc992j;p78p100;2016;0.5438;992;j
RS;sdiinc992j;p78p100;2017;0.54439998;992;j
RS;sdiinc992j;p80p81;1990;0.0141;992;j
RS;sdiinc992j;p80p81;1991;0.014;992;j
RS;sdiinc992j;p80p81;1992;0.014;992;j
RS;sdiinc992j;p80p81;1993;0.0139;992;j
RS;sdiinc992j;p80p81;1994;0.0139;992;j
RS;sdiinc992j;p80p81;1995;0.0138;992;j
RS;sdiinc992j;p80p81;1996;0.0138;992;j
RS;sdiinc992j;p80p81;1997;0.0138;992;j
RS;sdiinc992j;p80p81;1998;0.0136;992;j
RS;sdiinc992j;p80p81;1999;0.0135;992;j
RS;sdiinc992j;p80p81;2000;0.0134;992;j
RS;sdiinc992j;p80p81;2001;0.0132;992;j
RS;sdiinc992j;p80p81;2002;0.0134;992;j
RS;sdiinc992j;p80p81;2003;0.0135;992;j
RS;sdiinc992j;p80p81;2004;0.0136;992;j
RS;sdiinc992j;p80p81;2005;0.0137;992;j
RS;sdiinc992j;p80p81;2006;0.0137;992;j
RS;sdiinc992j;p80p81;2007;0.0138;992;j
RS;sdiinc992j;p80p81;2008;0.014;992;j
RS;sdiinc992j;p80p81;2009;0.014;992;j
RS;sdiinc992j;p80p81;2010;0.0141;992;j
RS;sdiinc992j;p80p81;2011;0.0142;992;j
RS;sdiinc992j;p80p81;2012;0.0142;992;j
RS;sdiinc992j;p80p81;2013;0.0145;992;j
RS;sdiinc992j;p80p81;2014;0.0135;992;j
RS;sdiinc992j;p80p81;2015;0.0133;992;j
RS;sdiinc992j;p80p81;2016;0.0133;992;j
RS;sdiinc992j;p80p81;2017;0.0133;992;j
RS;sptinc992j;p98p99;1990;0.0372;992;j
RS;sptinc992j;p98p99;1991;0.0374;992;j
RS;sptinc992j;p98p99;1992;0.037700001;992;j
RS;sptinc992j;p98p99;1993;0.037999999;992;j
RS;sptinc992j;p98p99;1994;0.0383;992;j
RS;sptinc992j;p98p99;1995;0.038600001;992;j
RS;sptinc992j;p98p99;1996;0.038699999;992;j
RS;sptinc992j;p98p99;1997;0.038800001;992;j
RS;sptinc992j;p98p99;1998;0.0394;992;j
RS;sptinc992j;p98p99;1999;0.039799999;992;j
RS;sptinc992j;p98p99;2000;0.041200001;992;j
RS;sptinc992j;p98p99;2001;0.041499998;992;j
RS;sptinc992j;p98p99;2002;0.0425;992;j
RS;sptinc992j;p98p99;2003;0.043000001;992;j
RS;sptinc992j;p98p99;2004;0.044199999;992;j
RS;sptinc992j;p98p99;2005;0.045299999;992;j
RS;sptinc992j;p98p99;2006;0.0458;992;j
RS;sptinc992j;p98p99;2007;0.0449;992;j
RS;sptinc992j;p98p99;2008;0.045200001;992;j
RS;sptinc992j;p98p99;2009;0.045899998;992;j
RS;sptinc992j;p98p99;2010;0.047899999;992;j
RS;sptinc992j;p98p99;2011;0.048999999;992;j
RS;sptinc992j;p98p99;2012;0.049899999;992;j
RS;sptinc992j;p98p99;2013;0.048700001;992;j
RS;sptinc992j;p98p99;2014;0.048999999;992;j
RS;sptinc992j;p98p99;2015;0.047899999;992;j
RS;sptinc992j;p98p99;2016;0.047899999;992;j
RS;sptinc992j;p98p99;2017;0.048;992;j
RS;sptinc992j;p99.8p99.9;1990;0.0109;992;j
RS;sptinc992j;p99.8p99.9;1991;0.0111;992;j
RS;sptinc992j;p99.8p99.9;1992;0.0113;992;j
RS;sptinc992j;p99.8p99.9;1993;0.0114;992;j
RS;sptinc992j;p99.8p99.9;1994;0.0116;992;j
RS;sptinc992j;p99.8p99.9;1995;0.0118;992;j
RS;sptinc992j;p99.8p99.9;1996;0.012;992;j
RS;sptinc992j;p99.8p99.9;1997;0.0121;992;j
RS;sptinc992j;p99.8p99.9;1998;0.0122;992;j
RS;sptinc992j;p99.8p99.9;1999;0.0127;992;j
RS;sptinc992j;p99.8p99.9;2000;0.0135;992;j
RS;sptinc992j;p99.8p99.9;2001;0.0139;992;j
RS;sptinc992j;p99.8p99.9;2002;0.0141;992;j
RS;sptinc992j;p99.8p99.9;2003;0.014;992;j
RS;sptinc992j;p99.8p99.9;2004;0.0145;992;j
RS;sptinc992j;p99.8p99.9;2005;0.0146;992;j
RS;sptinc992j;p99.8p99.9;2006;0.0148;992;j
RS;sptinc992j;p99.8p99.9;2007;0.014;992;j
RS;sptinc992j;p99.8p99.9;2008;0.0142;992;j
RS;sptinc992j;p99.8p99.9;2009;0.0143;992;j
RS;sptinc992j;p99.8p99.9;2010;0.0147;992;j
RS;sptinc992j;p99.8p99.9;2011;0.0152;992;j
RS;sptinc992j;p99.8p99.9;2012;0.0144;992;j
RS;sptinc992j;p99.8p99.9;2013;0.0144;992;j
RS;sptinc992j;p99.8p99.9;2014;0.016899999;992;j
RS;sptinc992j;p99.8p99.9;2015;0.0163;992;j
RS;sptinc992j;p99.8p99.9;2016;0.0163;992;j
RS;sptinc992j;p99.8p99.9;2017;0.0163;992;j
RS;sptinc992j;p99.91p99.92;1990;0.0014;992;j
RS;sptinc992j;p99.91p99.92;1991;0.0015;992;j
RS;sptinc992j;p99.91p99.92;1992;0.0015;992;j
RS;sptinc992j;p99.91p99.92;1993;0.0015;992;j
RS;sptinc992j;p99.91p99.92;1994;0.0015;992;j
RS;sptinc992j;p99.91p99.92;1995;0.0016;992;j
RS;sptinc992j;p99.91p99.92;1996;0.0016;992;j
RS;sptinc992j;p99.91p99.92;1997;0.0016;992;j
RS;sptinc992j;p99.91p99.92;1998;0.0016;992;j
RS;sptinc992j;p99.91p99.92;1999;0.0017;992;j
RS;sptinc992j;p99.91p99.92;2000;0.0018;992;j
RS;sptinc992j;p99.91p99.92;2001;0.0019;992;j
RS;sptinc992j;p99.91p99.92;2002;0.0019;992;j
RS;sptinc992j;p99.91p99.92;2003;0.0019;992;j
RS;sptinc992j;p99.91p99.92;2004;0.0019;992;j
RS;sptinc992j;p99.91p99.92;2005;0.0019;992;j
RS;sptinc992j;p99.91p99.92;2006;0.0020000001;992;j
RS;sptinc992j;p99.91p99.92;2007;0.0018;992;j
RS;sptinc992j;p99.91p99.92;2008;0.0019;992;j
RS;sptinc992j;p99.91p99.92;2009;0.0019;992;j
RS;sptinc992j;p99.91p99.92;2010;0.0019;992;j
RS;sptinc992j;p99.91p99.92;2011;0.0020000001;992;j
RS;sptinc992j;p99.91p99.92;2012;0.0018;992;j
RS;sptinc992j;p99.91p99.92;2013;0.0019;992;j
RS;sptinc992j;p99.91p99.92;2014;0.0023000001;992;j
RS;sptinc992j;p99.91p99.92;2015;0.0022;992;j
RS;sptinc992j;p99.91p99.92;2016;0.0022;992;j
RS;sptinc992j;p99.91p99.92;2017;0.0022;992;j
RS;tcainc992j;p6p7;1990;78188.203;992;j
RS;tcainc992j;p6p7;1991;67617.703;992;j
RS;tcainc992j;p6p7;1992;46094.398;992;j
RS;tcainc992j;p6p7;1993;29926.6;992;j
RS;tcainc992j;p6p7;1994;31821.9;992;j
RS;tcainc992j;p6p7;1995;34368.898;992;j
RS;tcainc992j;p6p7;1996;35560.102;992;j
RS;tcainc992j;p6p7;1997;38511.5;992;j
RS;tcainc992j;p6p7;1998;45782.801;992;j
RS;tcainc992j;p6p7;1999;53746.5;992;j
RS;tcainc992j;p6p7;2000;54847.301;992;j
RS;tcainc992j;p6p7;2001;52037.5;992;j
RS;tcainc992j;p6p7;2002;41497.301;992;j
RS;tcainc992j;p6p7;2003;43822.602;992;j
RS;tcainc992j;p6p7;2004;43706.102;992;j
RS;tcainc992j;p6p7;2005;44426.801;992;j
RS;tcainc992j;p6p7;2006;36427.699;992;j
RS;tcainc992j;p6p7;2007;28491.4;992;j
RS;tcainc992j;p6p7;2008;32247.5;992;j
RS;tcainc992j;p6p7;2009;35017.699;992;j
RS;tcainc992j;p6p7;2010;29607.4;992;j
RS;tcainc992j;p6p7;2011;25542.4;992;j
RS;tcainc992j;p6p7;2012;21876.6;992;j
RS;tcainc992j;p6p7;2013;41885.102;992;j
RS;tcainc992j;p6p7;2014;78930.203;992;j
RS;tcainc992j;p6p7;2015;54917.199;992;j
RS;tcainc992j;p6p7;2016;57028.898;992;j
RS;tcainc992j;p6p7;2017;56958.199;992;j
RS;tcainc992j;p95p100;1990;1131847.8;992;j
RS;tcainc992j;p95p100;1991;983147.81;992;j
RS;tcainc992j;p95p100;1992;674754.88;992;j
RS;tcainc992j;p95p100;1993;437944.5;992;j
RS;tcainc992j;p95p100;1994;450923.19;992;j
RS;tcainc992j;p95p100;1995;475670.19;992;j
RS;tcainc992j;p95p100;1996;478592.31;992;j
RS;tcainc992j;p95p100;1997;504063.69;992;j
RS;tcainc992j;p95p100;1998;555307.13;992;j
RS;tcainc992j;p95p100;1999;632289.63;992;j
RS;tcainc992j;p95p100;2000;694084.31;992;j
RS;tcainc992j;p95p100;2001;676009.63;992;j
RS;tcainc992j;p95p100;2002;724230.63;992;j
RS;tcainc992j;p95p100;2003;770447.81;992;j
RS;tcainc992j;p95p100;2004;942164.63;992;j
RS;tcainc992j;p95p100;2005;1088489.6;992;j
RS;tcainc992j;p95p100;2006;1178782.0;992;j
RS;tcainc992j;p95p100;2007;1191199.6;992;j
RS;tcainc992j;p95p100;2008;1297978.8;992;j
RS;tcainc992j;p95p100;2009;1281814.3;992;j
RS;tcainc992j;p95p100;2010;1332211.6;992;j
RS;tcainc992j;p95p100;2011;1381714.6;992;j
RS;tcainc992j;p95p100;2012;1330645.6;992;j
RS;tcainc992j;p95p100;2013;1388673.4;992;j
RS;tcainc992j;p95p100;2014;1262914.6;992;j
RS;tcainc992j;p95p100;2015;1254231.0;992;j
RS;tcainc992j;p95p100;2016;1300780.6;992;j
RS;tcainc992j;p95p100;2017;1302007.3;992;j
RS;tdiinc992j;p1p100;1990;114291.5;992;j
RS;tdiinc992j;p1p100;1991;96040.797;992;j
RS;tdiinc992j;p1p100;1992;62590.699;992;j
RS;tdiinc992j;p1p100;1993;38446.102;992;j
RS;tdiinc992j;p1p100;1994;36926.602;992;j
RS;tdiinc992j;p1p100;1995;35975.602;992;j
RS;tdiinc992j;p1p100;1996;33268.898;992;j
RS;tdiinc992j;p1p100;1997;32595.699;992;j
RS;tdiinc992j;p1p100;1998;31593.699;992;j
RS;tdiinc992j;p1p100;1999;33063.801;992;j
RS;tdiinc992j;p1p100;2000;35089.602;992;j
RS;tdiinc992j;p1p100;2001;35024.199;992;j
RS;tdiinc992j;p1p100;2002;34828.602;992;j
RS;tdiinc992j;p1p100;2003;43505.5;992;j
RS;tdiinc992j;p1p100;2004;48641.398;992;j
RS;tdiinc992j;p1p100;2005;54446.699;992;j
RS;tdiinc992j;p1p100;2006;57921.199;992;j
RS;tdiinc992j;p1p100;2007;61933.898;992;j
RS;tdiinc992j;p1p100;2008;70022.5;992;j
RS;tdiinc992j;p1p100;2009;71023.797;992;j
RS;tdiinc992j;p1p100;2010;71831.297;992;j
RS;tdiinc992j;p1p100;2011;66620.5;992;j
RS;tdiinc992j;p1p100;2012;64645.801;992;j
RS;tdiinc992j;p1p100;2013;90687.602;992;j
RS;tdiinc992j;p1p100;2014;136121.41;992;j
RS;tdiinc992j;p1p100;2015;109211.7;992;j
RS;tdiinc992j;p1p100;2016;105042.9;992;j
RS;tdiinc992j;p1p100;2017;104838.2;992;j
RS;tdiinc992j;p20p30;1990;305744.09;992;j
RS;tdiinc992j;p20p30;1991;269247.19;992;j
RS;tdiinc992j;p20p30;1992;187745.5;992;j
RS;tdiinc992j;p20p30;1993;123624.0;992;j
RS;tdiinc992j;p20p30;1994;129218.8;992;j
RS;tdiinc992j;p20p30;1995;138197.3;992;j
RS;tdiinc992j;p20p30;1996;141552.5;992;j
RS;tdiinc992j;p20p30;1997;152422.3;992;j
RS;tdiinc992j;p20p30;1998;166383.41;992;j
RS;tdiinc992j;p20p30;1999;177808.5;992;j
RS;tdiinc992j;p20p30;2000;197002.8;992;j
RS;tdiinc992j;p20p30;2001;197657.3;992;j
RS;tdiinc992j;p20p30;2002;201164.8;992;j
RS;tdiinc992j;p20p30;2003;206490.2;992;j
RS;tdiinc992j;p20p30;2004;216434.0;992;j
RS;tdiinc992j;p20p30;2005;237631.2;992;j
RS;tdiinc992j;p20p30;2006;233633.09;992;j
RS;tdiinc992j;p20p30;2007;241414.41;992;j
RS;tdiinc992j;p20p30;2008;247664.8;992;j
RS;tdiinc992j;p20p30;2009;222622.5;992;j
RS;tdiinc992j;p20p30;2010;204552.8;992;j
RS;tdiinc992j;p20p30;2011;184436.09;992;j
RS;tdiinc992j;p20p30;2012;189338.2;992;j
RS;tdiinc992j;p20p30;2013;162321.5;992;j
RS;tdiinc992j;p20p30;2014;202360.0;992;j
RS;tdiinc992j;p20p30;2015;175782.8;992;j
RS;tdiinc992j;p20p30;2016;174782.5;992;j
RS;tdiinc992j;p20p30;2017;174800.8;992;j
RS;tdiinc992j;p28p29;1990;400145.59;992;j
RS;tdiinc992j;p28p29;1991;351403.19;992;j
RS;tdiinc992j;p28p29;1992;243331.41;992;j
RS;tdiinc992j;p28p29;1993;159480.0;992;j
RS;tdiinc992j;p28p29;1994;165691.91;992;j
RS;tdiinc992j;p28p29;1995;176472.8;992;j
RS;tdiinc992j;p28p29;1996;179902.91;992;j
RS;tdiinc992j;p28p29;1997;192968.7;992;j
RS;tdiinc992j;p28p29;1998;202709.41;992;j
RS;tdiinc992j;p28p29;1999;217023.0;992;j
RS;tdiinc992j;p28p29;2000;239883.41;992;j
RS;tdiinc992j;p28p29;2001;240033.0;992;j
RS;tdiinc992j;p28p29;2002;255244.5;992;j
RS;tdiinc992j;p28p29;2003;262761.31;992;j
RS;tdiinc992j;p28p29;2004;286531.81;992;j
RS;tdiinc992j;p28p29;2005;313321.31;992;j
RS;tdiinc992j;p28p29;2006;319608.0;992;j
RS;tdiinc992j;p28p29;2007;331543.0;992;j
RS;tdiinc992j;p28p29;2008;342186.91;992;j
RS;tdiinc992j;p28p29;2009;325866.19;992;j
RS;tdiinc992j;p28p29;2010;306940.69;992;j
RS;tdiinc992j;p28p29;2011;288384.19;992;j
RS;tdiinc992j;p28p29;2012;293007.81;992;j
RS;tdiinc992j;p28p29;2013;271659.19;992;j
RS;tdiinc992j;p28p29;2014;288637.81;992;j
RS;tdiinc992j;p28p29;2015;270983.09;992;j
RS;tdiinc992j;p28p29;2016;273999.5;992;j
RS;tdiinc992j;p28p29;2017;274982.59;992;j
RS;tdiinc992j;p62p100;1990;749557.38;992;j
RS;tdiinc992j;p62p100;1991;651564.63;992;j
RS;tdiinc992j;p62p100;1992;446313.59;992;j
RS;tdiinc992j;p62p100;1993;289184.81;992;j
RS;tdiinc992j;p62p100;1994;297234.0;992;j
RS;tdiinc992j;p62p100;1995;313206.69;992;j
RS;tdiinc992j;p62p100;1996;315833.59;992;j
RS;tdiinc992j;p62p100;1997;334843.69;992;j
RS;tdiinc992j;p62p100;1998;350438.0;992;j
RS;tdiinc992j;p62p100;1999;380926.59;992;j
RS;tdiinc992j;p62p100;2000;412596.41;992;j
RS;tdiinc992j;p62p100;2001;409176.31;992;j
RS;tdiinc992j;p62p100;2002;440681.31;992;j
RS;tdiinc992j;p62p100;2003;464471.81;992;j
RS;tdiinc992j;p62p100;2004;520903.5;992;j
RS;tdiinc992j;p62p100;2005;576313.63;992;j
RS;tdiinc992j;p62p100;2006;608037.5;992;j
RS;tdiinc992j;p62p100;2007;630586.81;992;j
RS;tdiinc992j;p62p100;2008;670506.13;992;j
RS;tdiinc992j;p62p100;2009;655822.38;992;j
RS;tdiinc992j;p62p100;2010;650679.38;992;j
RS;tdiinc992j;p62p100;2011;648763.38;992;j
RS;tdiinc992j;p62p100;2012;644749.31;992;j
RS;tdiinc992j;p62p100;2013;668541.19;992;j
RS;tdiinc992j;p62p100;2014;643743.88;992;j
RS;tdiinc992j;p62p100;2015;625536.13;992;j
RS;tdiinc992j;p62p100;2016;644071.19;992;j
RS;tdiinc992j;p62p100;2017;647676.31;992;j
RS;tdiinc992j;p88p100;1990;1195537.9;992;j
RS;tdiinc992j;p88p100;1991;1034127.6;992;j
RS;tdiinc992j;p88p100;1992;705519.38;992;j
RS;tdiinc992j;p88p100;1993;455831.81;992;j
RS;tdiinc992j;p88p100;1994;467327.5;992;j
RS;tdiinc992j;p88p100;1995;490393.81;992;j
RS;tdiinc992j;p88p100;1996;491632.91;992;j
RS;tdiinc992j;p88p100;1997;518272.41;992;j
RS;tdiinc992j;p88p100;1998;548596.38;992;j
RS;tdiinc992j;p88p100;1999;595985.38;992;j
RS;tdiinc992j;p88p100;2000;645412.81;992;j
RS;tdiinc992j;p88p100;2001;639027.13;992;j
RS;tdiinc992j;p88p100;2002;691734.0;992;j
RS;tdiinc992j;p88p100;2003;744694.13;992;j
RS;tdiinc992j;p88p100;2004;858106.81;992;j
RS;tdiinc992j;p88p100;2005;968988.38;992;j
RS;tdiinc992j;p88p100;2006;1035062.5;992;j
RS;tdiinc992j;p88p100;2007;1081803.3;992;j
RS;tdiinc992j;p88p100;2008;1154647.4;992;j
RS;tdiinc992j;p88p100;2009;1142823.1;992;j
RS;tdiinc992j;p88p100;2010;1163055.1;992;j
RS;tdiinc992j;p88p100;2011;1185952.0;992;j
RS;tdiinc992j;p88p100;2012;1167886.8;992;j
RS;tdiinc992j;p88p100;2013;1210769.5;992;j
RS;tdiinc992j;p88p100;2014;1123496.1;992;j
RS;tdiinc992j;p88p100;2015;1109319.1;992;j
RS;tdiinc992j;p88p100;2016;1148730.4;992;j
RS;tdiinc992j;p88p100;2017;1156064.5;992;j
RS;tdiinc992j;p99.94p100;1990;10785335.0;992;j
RS;tdiinc992j;p99.94p100;1991;9140982.0;992;j
RS;tdiinc992j;p99.94p100;1992;6090676.0;992;j
RS;tdiinc992j;p99.94p100;1993;3895468.0;992;j
RS;tdiinc992j;p99.94p100;1994;3967857.8;992;j
RS;tdiinc992j;p99.94p100;1995;4150535.3;992;j
RS;tdiinc992j;p99.94p100;1996;4100459.0;992;j
RS;tdiinc992j;p99.94p100;1997;4248462.5;992;j
RS;tdiinc992j;p99.94p100;1998;4683976.0;992;j
RS;tdiinc992j;p99.94p100;1999;5693730.5;992;j
RS;tdiinc992j;p99.94p100;2000;6632935.0;992;j
RS;tdiinc992j;p99.94p100;2001;7082000.0;992;j
RS;tdiinc992j;p99.94p100;2002;7590103.5;992;j
RS;tdiinc992j;p99.94p100;2003;7883915.0;992;j
RS;tdiinc992j;p99.94p100;2004;8996083.0;992;j
RS;tdiinc992j;p99.94p100;2005;10492540.0;992;j
RS;tdiinc992j;p99.94p100;2006;11052747.0;992;j
RS;tdiinc992j;p99.94p100;2007;10682315.0;992;j
RS;tdiinc992j;p99.94p100;2008;10963413.0;992;j
RS;tdiinc992j;p99.94p100;2009;11812305.0;992;j
RS;tdiinc992j;p99.94p100;2010;11910276.0;992;j
RS;tdiinc992j;p99.94p100;2011;12135863.0;992;j
RS;tdiinc992j;p99.94p100;2012;14420168.0;992;j
RS;tdiinc992j;p99.94p100;2013;13156686.0;992;j
RS;tdiinc992j;p99.94p100;2014;16181201.0;992;j
RS;tdiinc992j;p99.94p100;2015;20211354.0;992;j
RS;tdiinc992j;p99.94p100;2016;21098446.0;992;j
RS;tdiinc992j;p99.94p100;2017;21265864.0;992;j
RS;tdiinc992j;p99.995p100;1990;39689196.0;992;j
RS;tdiinc992j;p99.995p100;1991;32732758.0;992;j
RS;tdiinc992j;p99.995p100;1992;20978382.0;992;j
RS;tdiinc992j;p99.995p100;1993;13050623.0;992;j
RS;tdiinc992j;p99.995p100;1994;13051375.0;992;j
RS;tdiinc992j;p99.995p100;1995;13435318.0;992;j
RS;tdiinc992j;p99.995p100;1996;13041613.0;992;j
RS;tdiinc992j;p99.995p100;1997;13253171.0;992;j
RS;tdiinc992j;p99.995p100;1998;14927677.0;992;j
RS;tdiinc992j;p99.995p100;1999;19570580.0;992;j
RS;tdiinc992j;p99.995p100;2000;22787438.0;992;j
RS;tdiinc992j;p99.995p100;2001;25715268.0;992;j
RS;tdiinc992j;p99.995p100;2002;26353362.0;992;j
RS;tdiinc992j;p99.995p100;2003;27455152.0;992;j
RS;tdiinc992j;p99.995p100;2004;31411052.0;992;j
RS;tdiinc992j;p99.995p100;2005;37572800.0;992;j
RS;tdiinc992j;p99.995p100;2006;37438472.0;992;j
RS;tdiinc992j;p99.995p100;2007;34049372.0;992;j
RS;tdiinc992j;p99.995p100;2008;32720772.0;992;j
RS;tdiinc992j;p99.995p100;2009;38414760.0;992;j
RS;tdiinc992j;p99.995p100;2010;37234728.0;992;j
RS;tdiinc992j;p99.995p100;2011;37043320.0;992;j
RS;tdiinc992j;p99.995p100;2012;53112588.0;992;j
RS;tdiinc992j;p99.995p100;2013;43010676.0;992;j
RS;tdiinc992j;p99.995p100;2014;70897280.0;992;j
RS;tdiinc992j;p99.995p100;2015;105177040.0;992;j
RS;tdiinc992j;p99.995p100;2016;109871136.0;992;j
RS;tdiinc992j;p99.995p100;2017;110825256.0;992;j
RS;tptinc992j;p18p100;1990;218483.3;992;j
RS;tptinc992j;p18p100;1991;189465.0;992;j
RS;tptinc992j;p18p100;1992;129034.5;992;j
RS;tptinc992j;p18p100;1993;83446.898;992;j
RS;tptinc992j;p18p100;1994;85611.703;992;j
RS;tptinc992j;p18p100;1995;89900.102;992;j
RS;tptinc992j;p18p100;1996;90193.5;992;j
RS;tptinc992j;p18p100;1997;95106.797;992;j
RS;tptinc992j;p18p100;1998;106433.6;992;j
RS;tptinc992j;p18p100;1999;116874.7;992;j
RS;tptinc992j;p18p100;2000;125757.0;992;j
RS;tptinc992j;p18p100;2001;125456.0;992;j
RS;tptinc992j;p18p100;2002;122367.4;992;j
RS;tptinc992j;p18p100;2003;126606.1;992;j
RS;tptinc992j;p18p100;2004;130831.6;992;j
RS;tptinc992j;p18p100;2005;136629.3;992;j
RS;tptinc992j;p18p100;2006;130501.7;992;j
RS;tptinc992j;p18p100;2007;122532.8;992;j
RS;tptinc992j;p18p100;2008;117017.1;992;j
RS;tptinc992j;p18p100;2009;104013.6;992;j
RS;tptinc992j;p18p100;2010;95586.102;992;j
RS;tptinc992j;p18p100;2011;80903.297;992;j
RS;tptinc992j;p18p100;2012;75810.797;992;j
RS;tptinc992j;p18p100;2013;73646.5;992;j
RS;tptinc992j;p18p100;2014;62933.102;992;j
RS;tptinc992j;p18p100;2015;69075.102;992;j
RS;tptinc992j;p18p100;2016;71406.602;992;j
RS;tptinc992j;p18p100;2017;71585.398;992;j
RS;tptinc992j;p19p20;1990;229649.91;992;j
RS;tptinc992j;p19p20;1991;197924.09;992;j
RS;tptinc992j;p19p20;1992;134843.7;992;j
RS;tptinc992j;p19p20;1993;87121.602;992;j
RS;tptinc992j;p19p20;1994;89050.203;992;j
RS;tptinc992j;p19p20;1995;93277.102;992;j
RS;tptinc992j;p19p20;1996;93858.602;992;j
RS;tptinc992j;p19p20;1997;98894.102;992;j
RS;tptinc992j;p19p20;1998;111017.0;992;j
RS;tptinc992j;p19p20;1999;121767.5;992;j
RS;tptinc992j;p19p20;2000;129884.8;992;j
RS;tptinc992j;p19p20;2001;129799.0;992;j
RS;tptinc992j;p19p20;2002;128103.8;992;j
RS;tptinc992j;p19p20;2003;131616.2;992;j
RS;tptinc992j;p19p20;2004;137449.7;992;j
RS;tptinc992j;p19p20;2005;143683.91;992;j
RS;tptinc992j;p19p20;2006;137735.5;992;j
RS;tptinc992j;p19p20;2007;133301.8;992;j
RS;tptinc992j;p19p20;2008;127705.7;992;j
RS;tptinc992j;p19p20;2009;112094.1;992;j
RS;tptinc992j;p19p20;2010;102507.3;992;j
RS;tptinc992j;p19p20;2011;88244.203;992;j
RS;tptinc992j;p19p20;2012;82766.203;992;j
RS;tptinc992j;p19p20;2013;78154.203;992;j
RS;tptinc992j;p19p20;2014;79221.602;992;j
RS;tptinc992j;p19p20;2015;79485.703;992;j
RS;tptinc992j;p19p20;2016;82146.703;992;j
RS;tptinc992j;p19p20;2017;81788.602;992;j
RS;tptinc992j;p21p22;1990;248565.8;992;j
RS;tptinc992j;p21p22;1991;214667.59;992;j
RS;tptinc992j;p21p22;1992;147377.0;992;j
RS;tptinc992j;p21p22;1993;95279.0;992;j
RS;tptinc992j;p21p22;1994;97756.0;992;j
RS;tptinc992j;p21p22;1995;102721.5;992;j
RS;tptinc992j;p21p22;1996;103176.9;992;j
RS;tptinc992j;p21p22;1997;108916.4;992;j
RS;tptinc992j;p21p22;1998;121578.7;992;j
RS;tptinc992j;p21p22;1999;131913.3;992;j
RS;tptinc992j;p21p22;2000;141923.0;992;j
RS;tptinc992j;p21p22;2001;141008.5;992;j
RS;tptinc992j;p21p22;2002;139334.8;992;j
RS;tptinc992j;p21p22;2003;145727.91;992;j
RS;tptinc992j;p21p22;2004;153536.5;992;j
RS;tptinc992j;p21p22;2005;161981.09;992;j
RS;tptinc992j;p21p22;2006;159008.09;992;j
RS;tptinc992j;p21p22;2007;155613.8;992;j
RS;tptinc992j;p21p22;2008;151979.5;992;j
RS;tptinc992j;p21p22;2009;141218.8;992;j
RS;tptinc992j;p21p22;2010;127205.4;992;j
RS;tptinc992j;p21p22;2011;107283.1;992;j
RS;tptinc992j;p21p22;2012;99443.398;992;j
RS;tptinc992j;p21p22;2013;96896.102;992;j
RS;tptinc992j;p21p22;2014;96056.602;992;j
RS;tptinc992j;p21p22;2015;98264.0;992;j
RS;tptinc992j;p21p22;2016;101553.7;992;j
RS;tptinc992j;p21p22;2017;101111.0;992;j
RS;tptinc992j;p46p100;1990;553582.38;992;j
RS;tptinc992j;p46p100;1991;478208.69;992;j
RS;tptinc992j;p46p100;1992;325415.41;992;j
RS;tptinc992j;p46p100;1993;209590.5;992;j
RS;tptinc992j;p46p100;1994;214559.7;992;j
RS;tptinc992j;p46p100;1995;225219.5;992;j
RS;tptinc992j;p46p100;1996;225958.09;992;j
RS;tptinc992j;p46p100;1997;238496.41;992;j
RS;tptinc992j;p46p100;1998;244562.8;992;j
RS;tptinc992j;p46p100;1999;268242.91;992;j
RS;tptinc992j;p46p100;2000;291548.69;992;j
RS;tptinc992j;p46p100;2001;290765.5;992;j
RS;tptinc992j;p46p100;2002;309602.59;992;j
RS;tptinc992j;p46p100;2003;325056.91;992;j
RS;tptinc992j;p46p100;2004;360302.59;992;j
RS;tptinc992j;p46p100;2005;394827.19;992;j
RS;tptinc992j;p46p100;2006;414713.41;992;j
RS;tptinc992j;p46p100;2007;430998.0;992;j
RS;tptinc992j;p46p100;2008;454975.09;992;j
RS;tptinc992j;p46p100;2009;445889.5;992;j
RS;tptinc992j;p46p100;2010;437475.69;992;j
RS;tptinc992j;p46p100;2011;430278.69;992;j
RS;tptinc992j;p46p100;2012;424116.31;992;j
RS;tptinc992j;p46p100;2013;444360.0;992;j
RS;tptinc992j;p46p100;2014;422581.19;992;j
RS;tptinc992j;p46p100;2015;435837.59;992;j
RS;tptinc992j;p46p100;2016;449169.69;992;j
RS;tptinc992j;p46p100;2017;451498.19;992;j
RS;tptinc992j;p52p100;1990;620405.31;992;j
RS;tptinc992j;p52p100;1991;536462.38;992;j
RS;tptinc992j;p52p100;1992;365643.5;992;j
RS;tptinc992j;p52p100;1993;235865.59;992;j
RS;tptinc992j;p52p100;1994;241752.7;992;j
RS;tptinc992j;p52p100;1995;254004.09;992;j
RS;tptinc992j;p52p100;1996;255201.7;992;j
RS;tptinc992j;p52p100;1997;269720.59;992;j
RS;tptinc992j;p52p100;1998;280037.81;992;j
RS;tptinc992j;p52p100;1999;306268.41;992;j
RS;tptinc992j;p52p100;2000;331821.91;992;j
RS;tptinc992j;p52p100;2001;329578.91;992;j
RS;tptinc992j;p52p100;2002;352970.41;992;j
RS;tptinc992j;p52p100;2003;370741.69;992;j
RS;tptinc992j;p52p100;2004;410289.09;992;j
RS;tptinc992j;p52p100;2005;451959.59;992;j
RS;tptinc992j;p52p100;2006;476198.69;992;j
RS;tptinc992j;p52p100;2007;495004.59;992;j
RS;tptinc992j;p52p100;2008;525520.31;992;j
RS;tptinc992j;p52p100;2009;514003.59;992;j
RS;tptinc992j;p52p100;2010;503577.81;992;j
RS;tptinc992j;p52p100;2011;498886.19;992;j
RS;tptinc992j;p52p100;2012;502205.81;992;j
RS;tptinc992j;p52p100;2013;522611.5;992;j
RS;tptinc992j;p52p100;2014;493513.69;992;j
RS;tptinc992j;p52p100;2015;509259.69;992;j
RS;tptinc992j;p52p100;2016;524790.88;992;j
RS;tptinc992j;p52p100;2017;527532.63;992;j
RS;tptinc992j;p61p62;1990;722871.81;992;j
RS;tptinc992j;p61p62;1991;624307.81;992;j
RS;tptinc992j;p61p62;1992;425984.59;992;j
RS;tptinc992j;p61p62;1993;275019.19;992;j
RS;tptinc992j;p61p62;1994;282080.69;992;j
RS;tptinc992j;p61p62;1995;296581.31;992;j
RS;tptinc992j;p61p62;1996;298024.91;992;j
RS;tptinc992j;p61p62;1997;314963.91;992;j
RS;tptinc992j;p61p62;1998;330030.09;992;j
RS;tptinc992j;p61p62;1999;359921.19;992;j
RS;tptinc992j;p61p62;2000;389419.69;992;j
RS;tptinc992j;p61p62;2001;383591.81;992;j
RS;tptinc992j;p61p62;2002;413987.19;992;j
RS;tptinc992j;p61p62;2003;435167.91;992;j
RS;tptinc992j;p61p62;2004;482211.91;992;j
RS;tptinc992j;p61p62;2005;533921.5;992;j
RS;tptinc992j;p61p62;2006;565711.69;992;j
RS;tptinc992j;p61p62;2007;590871.19;992;j
RS;tptinc992j;p61p62;2008;631062.88;992;j
RS;tptinc992j;p61p62;2009;619072.13;992;j
RS;tptinc992j;p61p62;2010;611475.31;992;j
RS;tptinc992j;p61p62;2011;607098.88;992;j
RS;tptinc992j;p61p62;2012;607536.38;992;j
RS;tptinc992j;p61p62;2013;634640.69;992;j
RS;tptinc992j;p61p62;2014;610237.0;992;j
RS;tptinc992j;p61p62;2015;622647.63;992;j
RS;tptinc992j;p61p62;2016;641640.81;992;j
RS;tptinc992j;p61p62;2017;644916.63;992;j
RS;tptinc992j;p7p8;1990;104429.3;992;j
RS;tptinc992j;p7p8;1991;93421.797;992;j
RS;tptinc992j;p7p8;1992;65370.898;992;j
RS;tptinc992j;p7p8;1993;43466.898;992;j
RS;tptinc992j;p7p8;1994;45584.398;992;j
RS;tptinc992j;p7p8;1995;49416.898;992;j
RS;tptinc992j;p7p8;1996;51205.102;992;j
RS;tptinc992j;p7p8;1997;55433.602;992;j
RS;tptinc992j;p7p8;1998;64314.898;992;j
RS;tptinc992j;p7p8;1999;71574.898;992;j
RS;tptinc992j;p7p8;2000;76905.703;992;j
RS;tptinc992j;p7p8;2001;77668.602;992;j
RS;tptinc992j;p7p8;2002;69791.602;992;j
RS;tptinc992j;p7p8;2003;66808.898;992;j
RS;tptinc992j;p7p8;2004;70878.5;992;j
RS;tptinc992j;p7p8;2005;69709.797;992;j
RS;tptinc992j;p7p8;2006;61734.898;992;j
RS;tptinc992j;p7p8;2007;54955.398;992;j
RS;tptinc992j;p7p8;2008;50116.398;992;j
RS;tptinc992j;p7p8;2009;42415.898;992;j
RS;tptinc992j;p7p8;2010;39781.0;992;j
RS;tptinc992j;p7p8;2011;33597.199;992;j
RS;tptinc992j;p7p8;2012;32771.102;992;j
RS;tptinc992j;p7p8;2013;29306.301;992;j
RS;tptinc992j;p7p8;2014;29760.301;992;j
RS;tptinc992j;p7p8;2015;29858.6;992;j
RS;tptinc992j;p7p8;2016;30858.1;992;j
RS;tptinc992j;p7p8;2017;30723.6;992;j
RS;tptinc992j;p99.2p100;1990;3561917.0;992;j
RS;tptinc992j;p99.2p100;1991;3119532.5;992;j
RS;tptinc992j;p99.2p100;1992;2158443.3;992;j
RS;tptinc992j;p99.2p100;1993;1411660.1;992;j
RS;tptinc992j;p99.2p100;1994;1470869.1;992;j
RS;tptinc992j;p99.2p100;1995;1567001.1;992;j
RS;tptinc992j;p99.2p100;1996;1586482.6;992;j
RS;tptinc992j;p99.2p100;1997;1688197.3;992;j
RS;tptinc992j;p99.2p100;1998;1801200.4;992;j
RS;tptinc992j;p99.2p100;1999;2007197.6;992;j
RS;tptinc992j;p99.2p100;2000;2302884.5;992;j
RS;tptinc992j;p99.2p100;2001;2335268.8;992;j
RS;tptinc992j;p99.2p100;2002;2568027.5;992;j
RS;tptinc992j;p99.2p100;2003;2716334.5;992;j
RS;tptinc992j;p99.2p100;2004;3148902.8;992;j
RS;tptinc992j;p99.2p100;2005;3592068.5;992;j
RS;tptinc992j;p99.2p100;2006;3833364.3;992;j
RS;tptinc992j;p99.2p100;2007;3838897.5;992;j
RS;tptinc992j;p99.2p100;2008;4124659.5;992;j
RS;tptinc992j;p99.2p100;2009;4101090.5;992;j
RS;tptinc992j;p99.2p100;2010;4295987.5;992;j
RS;tptinc992j;p99.2p100;2011;4425527.5;992;j
RS;tptinc992j;p99.2p100;2012;4444510.5;992;j
RS;tptinc992j;p99.2p100;2013;4457099.5;992;j
RS;tptinc992j;p99.2p100;2014;4533877.0;992;j
RS;tptinc992j;p99.2p100;2015;4436748.0;992;j
RS;tptinc992j;p99.2p100;2016;4577525.0;992;j
RS;tptinc992j;p99.2p100;2017;4611300.5;992;j
RS;acainc992j;p54p55;1990;465386.0;992;j
RS;acainc992j;p54p55;1991;404891.41;992;j
RS;acainc992j;p54p55;1992;277760.81;992;j
RS;acainc992j;p54p55;1993;180235.09;992;j
RS;acainc992j;p54p55;1994;185705.8;992;j
RS;acainc992j;p54p55;1995;195920.2;992;j
RS;acainc992j;p54p55;1996;197810.41;992;j
RS;acainc992j;p54p55;1997;209054.5;992;j
RS;acainc992j;p54p55;1998;227261.59;992;j
RS;acainc992j;p54p55;1999;256593.59;992;j
RS;acainc992j;p54p55;2000;276260.0;992;j
RS;acainc992j;p54p55;2001;268195.0;992;j
RS;acainc992j;p54p55;2002;278661.81;992;j
RS;acainc992j;p54p55;2003;291687.41;992;j
RS;acainc992j;p54p55;2004;346678.69;992;j
RS;acainc992j;p54p55;2005;390564.0;992;j
RS;acainc992j;p54p55;2006;408970.0;992;j
RS;acainc992j;p54p55;2007;410726.09;992;j
RS;acainc992j;p54p55;2008;436603.91;992;j
RS;acainc992j;p54p55;2009;427604.31;992;j
RS;acainc992j;p54p55;2010;423819.91;992;j
RS;acainc992j;p54p55;2011;424550.59;992;j
RS;acainc992j;p54p55;2012;421052.5;992;j
RS;acainc992j;p54p55;2013;428744.0;992;j
RS;acainc992j;p54p55;2014;413174.19;992;j
RS;acainc992j;p54p55;2015;408463.41;992;j
RS;acainc992j;p54p55;2016;423619.5;992;j
RS;acainc992j;p54p55;2017;423852.0;992;j
RS;acfcho999i;p0p100;1997;17657.4;999;i
RS;acfcho999i;p0p100;1998;19615.199;999;i
RS;acfcho999i;p0p100;1999;24168.699;999;i
RS;acfcho999i;p0p100;2000;25961.4;999;i
RS;acfcho999i;p0p100;2001;25960.9;999;i
RS;acfcho999i;p0p100;2002;26372.5;999;i
RS;acfcho999i;p0p100;2003;25428.6;999;i
RS;acfcho999i;p0p100;2004;27319.5;999;i
RS;acfcho999i;p0p100;2005;28832.0;999;i
RS;acfcho999i;p0p100;2006;29117.699;999;i
RS;acfcho999i;p0p100;2007;27925.0;999;i
RS;acfcho999i;p0p100;2008;29178.0;999;i
RS;acfcho999i;p0p100;2009;31519.1;999;i
RS;acfcho999i;p0p100;2010;32434.699;999;i
RS;acfcho999i;p0p100;2011;31484.9;999;i
RS;acomho999i;p0p100;1997;181090.8;999;i
RS;acomho999i;p0p100;1998;159727.4;999;i
RS;acomho999i;p0p100;1999;160938.3;999;i
RS;acomho999i;p0p100;2000;162980.4;999;i
RS;acomho999i;p0p100;2001;176515.3;999;i
RS;acomho999i;p0p100;2002;201252.5;999;i
RS;acomho999i;p0p100;2003;221421.1;999;i
RS;acomho999i;p0p100;2004;228373.0;999;i
RS;acomho999i;p0p100;2005;244294.3;999;i
RS;acomho999i;p0p100;2006;252997.7;999;i
RS;acomho999i;p0p100;2007;270930.8;999;i
RS;acomho999i;p0p100;2008;281904.2;999;i
RS;acomho999i;p0p100;2009;273304.2;999;i
RS;acomho999i;p0p100;2010;266858.2;999;i
RS;acomho999i;p0p100;2011;267077.9;999;i
RS;adiinc992j;p26p27;1990;379715.41;992;j
RS;adiinc992j;p26p27;1991;333966.41;992;j
RS;adiinc992j;p26p27;1992;231880.0;992;j
RS;adiinc992j;p26p27;1993;152153.8;992;j
RS;adiinc992j;p26p27;1994;158488.3;992;j
RS;adiinc992j;p26p27;1995;169131.5;992;j
RS;adiinc992j;p26p27;1996;172745.0;992;j
RS;adiinc992j;p26p27;1997;185732.59;992;j
RS;adiinc992j;p26p27;1998;195956.0;992;j
RS;adiinc992j;p26p27;1999;211697.5;992;j
RS;adiinc992j;p26p27;2000;234595.91;992;j
RS;adiinc992j;p26p27;2001;234742.09;992;j
RS;adiinc992j;p26p27;2002;246831.3;992;j
RS;adiinc992j;p26p27;2003;255028.3;992;j
RS;adiinc992j;p26p27;2004;275923.91;992;j
RS;adiinc992j;p26p27;2005;301975.19;992;j
RS;adiinc992j;p26p27;2006;305172.5;992;j
RS;adiinc992j;p26p27;2007;314405.41;992;j
RS;adiinc992j;p26p27;2008;325313.41;992;j
RS;adiinc992j;p26p27;2009;306295.81;992;j
RS;adiinc992j;p26p27;2010;287587.81;992;j
RS;adiinc992j;p26p27;2011;268060.0;992;j
RS;adiinc992j;p26p27;2012;274849.91;992;j
RS;adiinc992j;p26p27;2013;249252.59;992;j
RS;adiinc992j;p26p27;2014;268913.91;992;j
RS;adiinc992j;p26p27;2015;252012.5;992;j
RS;adiinc992j;p26p27;2016;254211.91;992;j
RS;adiinc992j;p26p27;2017;254981.2;992;j
RS;adiinc992j;p42p43;1990;546600.63;992;j
RS;adiinc992j;p42p43;1991;475961.91;992;j
RS;adiinc992j;p42p43;1992;326693.31;992;j
RS;adiinc992j;p42p43;1993;212083.09;992;j
RS;adiinc992j;p42p43;1994;218767.41;992;j
RS;adiinc992j;p42p43;1995;231189.5;992;j
RS;adiinc992j;p42p43;1996;233797.59;992;j
RS;adiinc992j;p42p43;1997;248854.59;992;j
RS;adiinc992j;p42p43;1998;254511.7;992;j
RS;adiinc992j;p42p43;1999;276690.5;992;j
RS;adiinc992j;p42p43;2000;303330.31;992;j
RS;adiinc992j;p42p43;2001;301833.09;992;j
RS;adiinc992j;p42p43;2002;323582.19;992;j
RS;adiinc992j;p42p43;2003;338487.5;992;j
RS;adiinc992j;p42p43;2004;377111.5;992;j
RS;adiinc992j;p42p43;2005;411310.19;992;j
RS;adiinc992j;p42p43;2006;428427.41;992;j
RS;adiinc992j;p42p43;2007;441122.59;992;j
RS;adiinc992j;p42p43;2008;465776.31;992;j
RS;adiinc992j;p42p43;2009;453100.69;992;j
RS;adiinc992j;p42p43;2010;443813.59;992;j
RS;adiinc992j;p42p43;2011;436832.0;992;j
RS;adiinc992j;p42p43;2012;429346.09;992;j
RS;adiinc992j;p42p43;2013;437518.0;992;j
RS;adiinc992j;p42p43;2014;428652.19;992;j
RS;adiinc992j;p42p43;2015;423018.31;992;j
RS;adiinc992j;p42p43;2016;432629.19;992;j
RS;adiinc992j;p42p43;2017;434710.59;992;j
RS;adiinc992j;p53p54;1990;656231.81;992;j
RS;adiinc992j;p53p54;1991;571317.88;992;j
RS;adiinc992j;p53p54;1992;391797.09;992;j
RS;adiinc992j;p53p54;1993;254244.2;992;j
RS;adiinc992j;p53p54;1994;261878.8;992;j
RS;adiinc992j;p53p54;1995;276336.91;992;j
RS;adiinc992j;p53p54;1996;279020.5;992;j
RS;adiinc992j;p53p54;1997;296332.69;992;j
RS;adiinc992j;p53p54;1998;307600.09;992;j
RS;adiinc992j;p53p54;1999;333331.0;992;j
RS;adiinc992j;p53p54;2000;364406.09;992;j
RS;adiinc992j;p53p54;2001;362657.41;992;j
RS;adiinc992j;p53p54;2002;388671.59;992;j
RS;adiinc992j;p53p54;2003;406489.41;992;j
RS;adiinc992j;p53p54;2004;454354.91;992;j
RS;adiinc992j;p53p54;2005;501026.31;992;j
RS;adiinc992j;p53p54;2006;525250.63;992;j
RS;adiinc992j;p53p54;2007;544385.0;992;j
RS;adiinc992j;p53p54;2008;577433.69;992;j
RS;adiinc992j;p53p54;2009;561275.5;992;j
RS;adiinc992j;p53p54;2010;556339.13;992;j
RS;adiinc992j;p53p54;2011;552612.19;992;j
RS;adiinc992j;p53p54;2012;548047.13;992;j
RS;adiinc992j;p53p54;2013;558673.13;992;j
RS;adiinc992j;p53p54;2014;539236.63;992;j
RS;adiinc992j;p53p54;2015;533303.69;992;j
RS;adiinc992j;p53p54;2016;547775.38;992;j
RS;adiinc992j;p53p54;2017;550693.63;992;j
RS;afinpx999i;p0p100;2002;5603.1001;999;i
RS;afinpx999i;p0p100;2003;6516.7002;999;i
RS;afinpx999i;p0p100;2004;8090.8999;999;i
RS;afinpx999i;p0p100;2005;11390.3;999;i
RS;afinpx999i;p0p100;2006;14146.5;999;i
RS;afinpx999i;p0p100;2007;29710.199;999;i
RS;afinpx999i;p0p100;2008;29071.699;999;i
RS;afinpx999i;p0p100;2009;19908.199;999;i
RS;afinpx999i;p0p100;2010;23151.5;999;i
RS;afinpx999i;p0p100;2011;36164.0;999;i
RS;afinpx999i;p0p100;2012;35577.5;999;i
RS;afinpx999i;p0p100;2013;39258.898;999;i
RS;afinpx999i;p0p100;2014;39015.301;999;i
RS;afinpx999i;p0p100;2015;46545.301;999;i
RS;afinpx999i;p0p100;2016;49719.898;999;i
RS;afinpx999i;p0p100;2017;56023.602;999;i
RS;afinpx999i;p0p100;2018;47692.199;999;i
RS;aprgco999i;p0p100;1997;-604.40002;999;i
RS;aprgco999i;p0p100;1998;25932.5;999;i
RS;aprgco999i;p0p100;1999;39159.398;999;i
RS;aprgco999i;p0p100;2000;48323.898;999;i
RS;aprgco999i;p0p100;2001;37075.699;999;i
RS;aprgco999i;p0p100;2002;31189.699;999;i
RS;aprgco999i;p0p100;2003;23232.9;999;i
RS;aprgco999i;p0p100;2004;49410.102;999;i
RS;aprgco999i;p0p100;2005;56980.301;999;i
RS;aprgco999i;p0p100;2006;62519.5;999;i
RS;aprgco999i;p0p100;2007;58128.898;999;i
RS;aprgco999i;p0p100;2008;57819.5;999;i
RS;aprgco999i;p0p100;2009;68292.797;999;i
RS;aprgco999i;p0p100;2010;69546.898;999;i
RS;aprgco999i;p0p100;2011;78804.398;999;i
RS;aptfrn992i;p0p100;1980;15.6;992;i
RS;aptfrn992i;p0p100;1981;17.200001;992;i
RS;aptfrn992i;p0p100;1982;18.799999;992;i
RS;aptfrn992i;p0p100;1983;20.4;992;i
RS;aptfrn992i;p0p100;1984;21.9;992;i
RS;aptfrn992i;p0p100;1985;23.5;992;i
RS;aptfrn992i;p0p100;1986;25.1;992;i
RS;aptfrn992i;p0p100;1987;26.700001;992;i
RS;aptfrn992i;p0p100;1988;28.200001;992;i
RS;aptfrn992i;p0p100;1989;29.799999;992;i
RS;aptfrn992i;p0p100;1990;31.4;992;i
RS;aptfrn992i;p0p100;1991;28.799999;992;i
RS;aptfrn992i;p0p100;1992;21.4;992;i
RS;aptfrn992i;p0p100;1993;15.3;992;i
RS;aptfrn992i;p0p100;1994;16.200001;992;i
RS;aptfrn992i;p0p100;1995;17.700001;992;i
RS;aptfrn992i;p0p100;1996;18.799999;992;i
RS;aptfrn992i;p0p100;1997;20.9;992;i
RS;aptfrn992i;p0p100;1998;2.3;992;i
RS;aptfrn992i;p0p100;1999;-0.69999999;992;i
RS;aptfrn992i;p0p100;2000;-8.5;992;i
RS;aptfrn992i;p0p100;2001;9.3999996;992;i
RS;aptfrn992i;p0p100;2002;11.4;992;i
RS;aptfrn992i;p0p100;2003;13.3;992;i
RS;aptfrn992i;p0p100;2004;-13.2;992;i
RS;aptfrn992i;p0p100;2005;-107.5;992;i
RS;aptfrn992i;p0p100;2006;-421.39999;992;i
RS;aptfrn992i;p0p100;2007;177.8;992;i
RS;aptfrn992i;p0p100;2008;232.5;992;i
RS;aptfrn992i;p0p100;2009;-358.0;992;i
RS;aptfrn992i;p0p100;2010;-531.59998;992;i
RS;aptfrn992i;p0p100;2011;-659.59998;992;i
RS;aptfrn992i;p0p100;2012;-740.09998;992;i
RS;aptfrn992i;p0p100;2013;-780.59998;992;i
RS;aptfrn992i;p0p100;2014;-641.09998;992;i
RS;aptfrn992i;p0p100;2015;-535.09998;992;i
RS;aptfrn992i;p0p100;2016;-63.599998;992;i
RS;aptfrn992i;p0p100;2017;-69.300003;992;i
RS;aptfrn992i;p0p100;2018;-48.799999;992;i
RS;aptfrn992i;p0p100;2019;-51.299999;992;i
RS;aptinc992j;p14p15;1990;196973.41;992;j
RS;aptinc992j;p14p15;1991;170648.0;992;j
RS;aptinc992j;p14p15;1992;116588.4;992;j
RS;aptinc992j;p14p15;1993;75452.297;992;j
RS;aptinc992j;p14p15;1994;77519.898;992;j
RS;aptinc992j;p14p15;1995;81589.297;992;j
RS;aptinc992j;p14p15;1996;82167.898;992;j
RS;aptinc992j;p14p15;1997;86959.0;992;j
RS;aptinc992j;p14p15;1998;97374.398;992;j
RS;aptinc992j;p14p15;1999;106385.6;992;j
RS;aptinc992j;p14p15;2000;115239.4;992;j
RS;aptinc992j;p14p15;2001;115530.1;992;j
RS;aptinc992j;p14p15;2002;111796.8;992;j
RS;aptinc992j;p14p15;2003;112999.8;992;j
RS;aptinc992j;p14p15;2004;116054.2;992;j
RS;aptinc992j;p14p15;2005;118338.2;992;j
RS;aptinc992j;p14p15;2006;109427.2;992;j
RS;aptinc992j;p14p15;2007;99451.398;992;j
RS;aptinc992j;p14p15;2008;90803.898;992;j
RS;aptinc992j;p14p15;2009;81922.5;992;j
RS;aptinc992j;p14p15;2010;70799.398;992;j
RS;aptinc992j;p14p15;2011;57896.102;992;j
RS;aptinc992j;p14p15;2012;53214.398;992;j
RS;aptinc992j;p14p15;2013;48226.5;992;j
RS;aptinc992j;p14p15;2014;48867.398;992;j
RS;aptinc992j;p14p15;2015;49130.0;992;j
RS;aptinc992j;p14p15;2016;50777.0;992;j
RS;aptinc992j;p14p15;2017;50554.398;992;j
RS;aptinc992j;p24p25;1990;307384.5;992;j
RS;aptinc992j;p24p25;1991;265760.5;992;j
RS;aptinc992j;p24p25;1992;181285.91;992;j
RS;aptinc992j;p24p25;1993;117262.2;992;j
RS;aptinc992j;p24p25;1994;120407.1;992;j
RS;aptinc992j;p24p25;1995;126672.5;992;j
RS;aptinc992j;p24p25;1996;127462.9;992;j
RS;aptinc992j;p24p25;1997;134844.5;992;j
RS;aptinc992j;p24p25;1998;145669.2;992;j
RS;aptinc992j;p24p25;1999;158541.91;992;j
RS;aptinc992j;p24p25;2000;170787.0;992;j
RS;aptinc992j;p24p25;2001;169262.91;992;j
RS;aptinc992j;p24p25;2002;174009.41;992;j
RS;aptinc992j;p24p25;2003;176527.5;992;j
RS;aptinc992j;p24p25;2004;188349.41;992;j
RS;aptinc992j;p24p25;2005;201327.41;992;j
RS;aptinc992j;p24p25;2006;202750.0;992;j
RS;aptinc992j;p24p25;2007;204508.3;992;j
RS;aptinc992j;p24p25;2008;207243.91;992;j
RS;aptinc992j;p24p25;2009;195587.8;992;j
RS;aptinc992j;p24p25;2010;185227.0;992;j
RS;aptinc992j;p24p25;2011;165220.8;992;j
RS;aptinc992j;p24p25;2012;154785.8;992;j
RS;aptinc992j;p24p25;2013;155612.0;992;j
RS;aptinc992j;p24p25;2014;147930.3;992;j
RS;aptinc992j;p24p25;2015;157456.0;992;j
RS;aptinc992j;p24p25;2016;162561.8;992;j
RS;aptinc992j;p24p25;2017;162806.2;992;j
RS;aptinc992j;p35p36;1990;443703.91;992;j
RS;aptinc992j;p35p36;1991;383523.41;992;j
RS;aptinc992j;p35p36;1992;261540.0;992;j
RS;aptinc992j;p35p36;1993;168890.59;992;j
RS;aptinc992j;p35p36;1994;173292.09;992;j
RS;aptinc992j;p35p36;1995;182086.3;992;j
RS;aptinc992j;p35p36;1996;183100.3;992;j
RS;aptinc992j;p35p36;1997;193626.0;992;j
RS;aptinc992j;p35p36;1998;199392.09;992;j
RS;aptinc992j;p35p36;1999;217983.91;992;j
RS;aptinc992j;p35p36;2000;236870.2;992;j
RS;aptinc992j;p35p36;2001;234714.8;992;j
RS;aptinc992j;p35p36;2002;250488.59;992;j
RS;aptinc992j;p35p36;2003;260381.2;992;j
RS;aptinc992j;p35p36;2004;286821.91;992;j
RS;aptinc992j;p35p36;2005;311572.09;992;j
RS;aptinc992j;p35p36;2006;323160.69;992;j
RS;aptinc992j;p35p36;2007;337336.0;992;j
RS;aptinc992j;p35p36;2008;349430.0;992;j
RS;aptinc992j;p35p36;2009;336285.91;992;j
RS;aptinc992j;p35p36;2010;324991.91;992;j
RS;aptinc992j;p35p36;2011;312129.31;992;j
RS;aptinc992j;p35p36;2012;309836.91;992;j
RS;aptinc992j;p35p36;2013;319241.19;992;j
RS;aptinc992j;p35p36;2014;297640.91;992;j
RS;aptinc992j;p35p36;2015;316981.19;992;j
RS;aptinc992j;p35p36;2016;326687.0;992;j
RS;aptinc992j;p35p36;2017;328344.41;992;j
RS;aptinc992j;p48p49;1990;580080.19;992;j
RS;aptinc992j;p48p49;1991;501750.31;992;j
RS;aptinc992j;p48p49;1992;342440.0;992;j
RS;aptinc992j;p48p49;1993;221246.7;992;j
RS;aptinc992j;p48p49;1994;226971.5;992;j
RS;aptinc992j;p48p49;1995;238549.0;992;j
RS;aptinc992j;p48p49;1996;239793.0;992;j
RS;aptinc992j;p48p49;1997;253506.41;992;j
RS;aptinc992j;p48p49;1998;260627.91;992;j
RS;aptinc992j;p48p49;1999;284370.81;992;j
RS;aptinc992j;p48p49;2000;308526.19;992;j
RS;aptinc992j;p48p49;2001;306116.69;992;j
RS;aptinc992j;p48p49;2002;327447.19;992;j
RS;aptinc992j;p48p49;2003;341646.59;992;j
RS;aptinc992j;p48p49;2004;378522.5;992;j
RS;aptinc992j;p48p49;2005;415177.69;992;j
RS;aptinc992j;p48p49;2006;437838.69;992;j
RS;aptinc992j;p48p49;2007;454981.19;992;j
RS;aptinc992j;p48p49;2008;481794.19;992;j
RS;aptinc992j;p48p49;2009;472805.91;992;j
RS;aptinc992j;p48p49;2010;461907.69;992;j
RS;aptinc992j;p48p49;2011;457354.81;992;j
RS;aptinc992j;p48p49;2012;455639.69;992;j
RS;aptinc992j;p48p49;2013;472992.0;992;j
RS;aptinc992j;p48p49;2014;448368.81;992;j
RS;aptinc992j;p48p49;2015;464525.81;992;j
RS;aptinc992j;p48p49;2016;478770.69;992;j
RS;aptinc992j;p48p49;2017;481403.09;992;j
RS;aptinc992j;p57p58;1990;675567.69;992;j
RS;aptinc992j;p57p58;1991;584630.38;992;j
RS;aptinc992j;p57p58;1992;399062.41;992;j
RS;aptinc992j;p57p58;1993;257961.59;992;j
RS;aptinc992j;p57p58;1994;264851.09;992;j
RS;aptinc992j;p57p58;1995;278607.31;992;j
RS;aptinc992j;p57p58;1996;280264.31;992;j
RS;aptinc992j;p57p58;1997;296508.91;992;j
RS;aptinc992j;p57p58;1998;309336.69;992;j
RS;aptinc992j;p57p58;1999;336985.0;992;j
RS;aptinc992j;p57p58;2000;366382.81;992;j
RS;aptinc992j;p57p58;2001;361929.41;992;j
RS;aptinc992j;p57p58;2002;388245.41;992;j
RS;aptinc992j;p57p58;2003;408442.59;992;j
RS;aptinc992j;p57p58;2004;452342.31;992;j
RS;aptinc992j;p57p58;2005;500882.31;992;j
RS;aptinc992j;p57p58;2006;529700.38;992;j
RS;aptinc992j;p57p58;2007;549688.13;992;j
RS;aptinc992j;p57p58;2008;585621.88;992;j
RS;aptinc992j;p57p58;2009;576026.38;992;j
RS;aptinc992j;p57p58;2010;567595.19;992;j
RS;aptinc992j;p57p58;2011;562698.38;992;j
RS;aptinc992j;p57p58;2012;564641.88;992;j
RS;aptinc992j;p57p58;2013;586932.88;992;j
RS;aptinc992j;p57p58;2014;559833.19;992;j
RS;aptinc992j;p57p58;2015;576490.19;992;j
RS;aptinc992j;p57p58;2016;594126.38;992;j
RS;aptinc992j;p57p58;2017;597263.81;992;j
RS;aptinc992j;p82p83;1990;1097674.8;992;j
RS;aptinc992j;p82p83;1991;950290.31;992;j
RS;aptinc992j;p82p83;1992;649218.81;992;j
RS;aptinc992j;p82p83;1993;419680.69;992;j
RS;aptinc992j;p82p83;1994;430883.81;992;j
RS;aptinc992j;p82p83;1995;453236.0;992;j
RS;aptinc992j;p82p83;1996;455886.09;992;j
RS;aptinc992j;p82p83;1997;482292.41;992;j
RS;aptinc992j;p82p83;1998;499957.31;992;j
RS;aptinc992j;p82p83;1999;544681.13;992;j
RS;aptinc992j;p82p83;2000;591092.88;992;j
RS;aptinc992j;p82p83;2001;585476.0;992;j
RS;aptinc992j;p82p83;2002;640508.0;992;j
RS;aptinc992j;p82p83;2003;672342.5;992;j
RS;aptinc992j;p82p83;2004;760213.69;992;j
RS;aptinc992j;p82p83;2005;855333.0;992;j
RS;aptinc992j;p82p83;2006;905935.69;992;j
RS;aptinc992j;p82p83;2007;957920.38;992;j
RS;aptinc992j;p82p83;2008;1033657.0;992;j
RS;aptinc992j;p82p83;2009;1015136.5;992;j
RS;aptinc992j;p82p83;2010;1021338.7;992;j
RS;aptinc992j;p82p83;2011;1030296.4;992;j
RS;aptinc992j;p82p83;2012;1050274.5;992;j
RS;aptinc992j;p82p83;2013;1077412.8;992;j
RS;aptinc992j;p82p83;2014;1031345.8;992;j
RS;aptinc992j;p82p83;2015;1025291.1;992;j
RS;aptinc992j;p82p83;2016;1056748.3;992;j
RS;aptinc992j;p82p83;2017;1062810.4;992;j
RS;aptinc992j;p95p96;1990;1733709.8;992;j
RS;aptinc992j;p95p96;1991;1509097.3;992;j
RS;aptinc992j;p95p96;1992;1036514.8;992;j
RS;aptinc992j;p95p96;1993;673536.63;992;j
RS;aptinc992j;p95p96;1994;695730.88;992;j
RS;aptinc992j;p95p96;1995;735797.19;992;j
RS;aptinc992j;p95p96;1996;742341.81;992;j
RS;aptinc992j;p95p96;1997;787557.63;992;j
RS;aptinc992j;p95p96;1998;834726.38;992;j
RS;aptinc992j;p95p96;1999;912595.63;992;j
RS;aptinc992j;p95p96;2000;1016708.7;992;j
RS;aptinc992j;p95p96;2001;1014026.6;992;j
RS;aptinc992j;p95p96;2002;1112808.1;992;j
RS;aptinc992j;p95p96;2003;1188840.5;992;j
RS;aptinc992j;p95p96;2004;1368948.5;992;j
RS;aptinc992j;p95p96;2005;1567611.3;992;j
RS;aptinc992j;p95p96;2006;1672431.5;992;j
RS;aptinc992j;p95p96;2007;1727426.5;992;j
RS;aptinc992j;p95p96;2008;1851747.4;992;j
RS;aptinc992j;p95p96;2009;1846213.8;992;j
RS;aptinc992j;p95p96;2010;1908675.0;992;j
RS;aptinc992j;p95p96;2011;1950544.4;992;j
RS;aptinc992j;p95p96;2012;1985029.6;992;j
RS;aptinc992j;p95p96;2013;1994445.1;992;j
RS;aptinc992j;p95p96;2014;1908372.9;992;j
RS;aptinc992j;p95p96;2015;1906331.6;992;j
RS;aptinc992j;p95p96;2016;1965550.6;992;j
RS;aptinc992j;p95p96;2017;1978185.3;992;j
RS;bcainc992j;p24p100;1990;2.7986236;992;j
RS;bcainc992j;p24p100;1991;2.751339;992;j
RS;bcainc992j;p24p100;1992;2.7087049;992;j
RS;bcainc992j;p24p100;1993;2.6648276;992;j
RS;bcainc992j;p24p100;1994;2.6210003;992;j
RS;bcainc992j;p24p100;1995;2.5792298;992;j
RS;bcainc992j;p24p100;1996;2.5349486;992;j
RS;bcainc992j;p24p100;1997;2.4912794;992;j
RS;bcainc992j;p24p100;1998;2.4112804;992;j
RS;bcainc992j;p24p100;1999;2.4182301;992;j
RS;bcainc992j;p24p100;2000;2.4139287;992;j
RS;bcainc992j;p24p100;2001;2.4154565;992;j
RS;bcainc992j;p24p100;2002;2.5513806;992;j
RS;bcainc992j;p24p100;2003;2.6375017;992;j
RS;bcainc992j;p24p100;2004;2.815876;992;j
RS;bcainc992j;p24p100;2005;2.8842888;992;j
RS;bcainc992j;p24p100;2006;3.0776289;992;j
RS;bcainc992j;p24p100;2007;3.1491306;992;j
RS;bcainc992j;p24p100;2008;3.2647071;992;j
RS;bcainc992j;p24p100;2009;3.5124414;992;j
RS;bcainc992j;p24p100;2010;3.8854415;992;j
RS;bcainc992j;p24p100;2011;4.3019743;992;j
RS;bcainc992j;p24p100;2012;4.157546;992;j
RS;bcainc992j;p24p100;2013;5.0533714;992;j
RS;bcainc992j;p24p100;2014;4.1174736;992;j
RS;bcainc992j;p24p100;2015;4.8800426;992;j
RS;bcainc992j;p24p100;2016;4.8775258;992;j
RS;bcainc992j;p24p100;2017;4.8777494;992;j
RS;bcainc992j;p92p100;1990;1.6618068;992;j
RS;bcainc992j;p92p100;1991;1.6533582;992;j
RS;bcainc992j;p92p100;1992;1.6473396;992;j
RS;bcainc992j;p92p100;1993;1.64963;992;j
RS;bcainc992j;p92p100;1994;1.6502501;992;j
RS;bcainc992j;p92p100;1995;1.6518792;992;j
RS;bcainc992j;p92p100;1996;1.6449852;992;j
RS;bcainc992j;p92p100;1997;1.6381373;992;j
RS;bcainc992j;p92p100;1998;1.6552433;992;j
RS;bcainc992j;p92p100;1999;1.7043688;992;j
RS;bcainc992j;p92p100;2000;1.7640945;992;j
RS;bcainc992j;p92p100;2001;1.8038266;992;j
RS;bcainc992j;p92p100;2002;1.8154899;992;j
RS;bcainc992j;p92p100;2003;1.7888324;992;j
RS;bcainc992j;p92p100;2004;1.7751557;992;j
RS;bcainc992j;p92p100;2005;1.7904356;992;j
RS;bcainc992j;p92p100;2006;1.8010663;992;j
RS;bcainc992j;p92p100;2007;1.7665378;992;j
RS;bcainc992j;p92p100;2008;1.7594756;992;j
RS;bcainc992j;p92p100;2009;1.7975253;992;j
RS;bcainc992j;p92p100;2010;1.7987006;992;j
RS;bcainc992j;p92p100;2011;1.8022268;992;j
RS;bcainc992j;p92p100;2012;1.9096345;992;j
RS;bcainc992j;p92p100;2013;1.8393143;992;j
RS;bcainc992j;p92p100;2014;1.9951369;992;j
RS;bcainc992j;p92p100;2015;2.2209556;992;j
RS;bcainc992j;p92p100;2016;2.2208502;992;j
RS;bcainc992j;p92p100;2017;2.2216475;992;j
RS;bdiinc992j;p33p100;1990;2.1124282;992;j
RS;bdiinc992j;p33p100;1991;2.099129;992;j
RS;bdiinc992j;p33p100;1992;2.0852537;992;j
RS;bdiinc992j;p33p100;1993;2.0726426;992;j
RS;bdiinc992j;p33p100;1994;2.0608866;992;j
RS;bdiinc992j;p33p100;1995;2.0466592;992;j
RS;bdiinc992j;p33p100;1996;2.0305054;992;j
RS;bdiinc992j;p33p100;1997;2.0116811;992;j
RS;bdiinc992j;p33p100;1998;2.0564222;992;j
RS;bdiinc992j;p33p100;1999;2.0726364;992;j
RS;bdiinc992j;p33p100;2000;2.0802972;992;j
RS;bdiinc992j;p33p100;2001;2.0872669;992;j
RS;bdiinc992j;p33p100;2002;2.1181457;992;j
RS;bdiinc992j;p33p100;2003;2.1371968;992;j
RS;bdiinc992j;p33p100;2004;2.1961319;992;j
RS;bdiinc992j;p33p100;2005;2.248955;992;j
RS;bdiinc992j;p33p100;2006;2.3165119;992;j
RS;bdiinc992j;p33p100;2007;2.3238902;992;j
RS;bdiinc992j;p33p100;2008;2.3602469;992;j
RS;bdiinc992j;p33p100;2009;2.4301887;992;j
RS;bdiinc992j;p33p100;2010;2.5220387;992;j
RS;bdiinc992j;p33p100;2011;2.6528287;992;j
RS;bdiinc992j;p33p100;2012;2.6973572;992;j
RS;bdiinc992j;p33p100;2013;2.8243573;992;j
RS;bdiinc992j;p33p100;2014;2.7152576;992;j
RS;bdiinc992j;p33p100;2015;2.8422143;992;j
RS;bdiinc992j;p33p100;2016;2.8919225;992;j
RS;bdiinc992j;p33p100;2017;2.8972971;992;j
RS;bdiinc992j;p91p100;1990;1.6153371;992;j
RS;bdiinc992j;p91p100;1991;1.608827;992;j
RS;bdiinc992j;p91p100;1992;1.6052697;992;j
RS;bdiinc992j;p91p100;1993;1.6091236;992;j
RS;bdiinc992j;p91p100;1994;1.6108265;992;j
RS;bdiinc992j;p91p100;1995;1.6133928;992;j
RS;bdiinc992j;p91p100;1996;1.6076249;992;j
RS;bdiinc992j;p91p100;1997;1.6013258;992;j
RS;bdiinc992j;p91p100;1998;1.6219087;992;j
RS;bdiinc992j;p91p100;1999;1.6705643;992;j
RS;bdiinc992j;p91p100;2000;1.7264106;992;j
RS;bdiinc992j;p91p100;2001;1.7606201;992;j
RS;bdiinc992j;p91p100;2002;1.77124;992;j
RS;bdiinc992j;p91p100;2003;1.7448176;992;j
RS;bdiinc992j;p91p100;2004;1.7324142;992;j
RS;bdiinc992j;p91p100;2005;1.7466387;992;j
RS;bdiinc992j;p91p100;2006;1.7614956;992;j
RS;bdiinc992j;p91p100;2007;1.7286392;992;j
RS;bdiinc992j;p91p100;2008;1.726108;992;j
RS;bdiinc992j;p91p100;2009;1.75889;992;j
RS;bdiinc992j;p91p100;2010;1.7631483;992;j
RS;bdiinc992j;p91p100;2011;1.7707781;992;j
RS;bdiinc992j;p91p100;2012;1.8604664;992;j
RS;bdiinc992j;p91p100;2013;1.8009609;992;j
RS;bdiinc992j;p91p100;2014;1.9260193;992;j
RS;bdiinc992j;p91p100;2015;2.1210067;992;j
RS;bdiinc992j;p91p100;2016;2.128993;992;j
RS;bdiinc992j;p91p100;2017;2.130204;992;j
RS;bptinc992j;p93p100;1990;1.7370189;992;j
RS;bptinc992j;p93p100;1991;1.7492371;992;j
RS;bptinc992j;p93p100;1992;1.7623917;992;j
RS;bptinc992j;p93p100;1993;1.7754452;992;j
RS;bptinc992j;p93p100;1994;1.7907573;992;j
RS;bptinc992j;p93p100;1995;1.8055174;992;j
RS;bptinc992j;p93p100;1996;1.8135537;992;j
RS;bptinc992j;p93p100;1997;1.821084;992;j
RS;bptinc992j;p93p100;1998;1.8297727;992;j
RS;bptinc992j;p93p100;1999;1.8709606;992;j
RS;bptinc992j;p93p100;2000;1.9295781;992;j
RS;bptinc992j;p93p100;2001;1.9702777;992;j
RS;bptinc992j;p93p100;2002;1.9678628;992;j
RS;bptinc992j;p93p100;2003;1.944208;992;j
RS;bptinc992j;p93p100;2004;1.9575089;992;j
RS;bptinc992j;p93p100;2005;1.9433879;992;j
RS;bptinc992j;p93p100;2006;1.9441097;992;j
RS;bptinc992j;p93p100;2007;1.8792441;992;j
RS;bptinc992j;p93p100;2008;1.885113;992;j
RS;bptinc992j;p93p100;2009;1.8775619;992;j
RS;bptinc992j;p93p100;2010;1.896749;992;j
RS;bptinc992j;p93p100;2011;1.9146371;992;j
RS;bptinc992j;p93p100;2012;1.8756084;992;j
RS;bptinc992j;p93p100;2013;1.876214;992;j
RS;bptinc992j;p93p100;2014;2.0383124;992;j
RS;bptinc992j;p93p100;2015;1.9954036;992;j
RS;bptinc992j;p93p100;2016;1.996744;992;j
RS;bptinc992j;p93p100;2017;1.9985873;992;j
RS;mprpco999i;p0p100;1997;-35746631680.0;999;i
RS;mprpco999i;p0p100;1998;-48944750592.0;999;i
RS;mprpco999i;p0p100;1999;-23264954368.0;999;i
RS;mprpco999i;p0p100;2000;-40039690240.0;999;i
RS;mprpco999i;p0p100;2001;-35282472960.0;999;i
RS;mprpco999i;p0p100;2002;-35535319040.0;999;i
RS;mprpco999i;p0p100;2003;-49012903936.0;999;i
RS;mprpco999i;p0p100;2004;-40062296064.0;999;i
RS;mprpco999i;p0p100;2005;-116684881920.0;999;i
RS;mprpco999i;p0p100;2006;-81450123264.0;999;i
RS;mprpco999i;p0p100;2007;-172069535744.0;999;i
RS;mprpco999i;p0p100;2008;-236901679104.0;999;i
RS;mprpco999i;p0p100;2009;-96981663744.0;999;i
RS;mprpco999i;p0p100;2010;-141368721408.0;999;i
RS;mprpco999i;p0p100;2011;-226944057344.0;999;i
RS;npopul997i;p0p100;1950;487459.0;997;i
RS;npopul997i;p0p100;1951;486210.0;997;i
RS;npopul997i;p0p100;1952;486805.0;997;i
RS;npopul997i;p0p100;1953;486986.0;997;i
RS;npopul997i;p0p100;1954;485209.0;997;i
RS;npopul997i;p0p100;1955;481445.0;997;i
RS;npopul997i;p0p100;1956;478521.0;997;i
RS;npopul997i;p0p100;1957;473152.0;997;i
RS;npopul997i;p0p100;1958;468019.0;997;i
RS;npopul997i;p0p100;1959;466420.0;997;i
RS;npopul997i;p0p100;1960;470218.0;997;i
RS;npopul997i;p0p100;1961;481098.0;997;i
RS;npopul997i;p0p100;1962;494514.0;997;i
RS;npopul997i;p0p100;1963;510336.0;997;i
RS;npopul997i;p0p100;1964;528000.0;997;i
RS;npopul997i;p0p100;1965;547163.0;997;i
RS;npopul997i;p0p100;1966;565238.0;997;i
RS;npopul997i;p0p100;1967;583933.0;997;i
RS;npopul997i;p0p100;1968;603563.0;997;i
RS;npopul997i;p0p100;1969;624475.0;997;i
RS;npopul997i;p0p100;1970;647034.0;997;i
RS;npopul997i;p0p100;1971;668780.0;997;i
RS;npopul997i;p0p100;1972;690878.0;997;i
RS;npopul997i;p0p100;1973;712783.0;997;i
RS;npopul997i;p0p100;1974;733657.0;997;i
RS;npopul997i;p0p100;1975;752820.0;997;i
RS;npopul997i;p0p100;1976;765959.0;997;i
RS;npopul997i;p0p100;1977;777355.0;997;i
RS;npopul997i;p0p100;1978;785651.0;997;i
RS;npopul997i;p0p100;1979;788809.0;997;i
RS;npopul997i;p0p100;1980;786539.0;997;i
RS;npopul997i;p0p100;1981;776058.0;997;i
RS;npopul997i;p0p100;1982;760621.0;997;i
RS;npopul997i;p0p100;1983;745318.0;997;i
RS;npopul997i;p0p100;1984;736908.0;997;i
RS;npopul997i;p0p100;1985;739401.0;997;i
RS;npopul997i;p0p100;1986;748665.0;997;i
RS;npopul997i;p0p100;1987;765954.0;997;i
RS;npopul997i;p0p100;1988;790339.0;997;i
RS;npopul997i;p0p100;1989;820231.0;997;i
RS;npopul997i;p0p100;1990;855011.0;997;i
RS;npopul997i;p0p100;1991;891322.0;997;i
RS;npopul997i;p0p100;1992;932546.0;997;i
RS;npopul997i;p0p100;1993;977112.0;997;i
RS;npopul997i;p0p100;1994;1021928.0;997;i
RS;npopul997i;p0p100;1995;1064379.0;997;i
RS;npopul997i;p0p100;1996;1103555.0;997;i
RS;npopul997i;p0p100;1997;1135905.0;997;i
RS;npopul997i;p0p100;1998;1163949.0;997;i
RS;npopul997i;p0p100;1999;937763.0;997;i
RS;npopul997i;p0p100;2000;967302.0;997;i
RS;npopul997i;p0p100;2001;985684.0;997;i
RS;npopul997i;p0p100;2002;1004462.0;997;i
RS;npopul997i;p0p100;2003;1018367.0;997;i
RS;npopul997i;p0p100;2004;1027091.0;997;i
RS;npopul997i;p0p100;2005;1029023.0;997;i
RS;npopul997i;p0p100;2006;1025231.0;997;i
RS;npopul997i;p0p100;2007;1016916.0;997;i
RS;npopul997i;p0p100;2008;1008255.0;997;i
RS;npopul997i;p0p100;2009;1005266.0;997;i
RS;npopul997i;p0p100;2010;1010997.0;997;i
RS;npopul997i;p0p100;2011;1016177.0;997;i
RS;npopul997i;p0p100;2012;1031700.0;997;i
RS;npopul997i;p0p100;2013;1054202.0;997;i
RS;npopul997i;p0p100;2014;1081929.0;997;i
RS;npopul997i;p0p100;2015;1113167.0;997;i
RS;npopul997i;p0p100;2016;1129739.0;997;i
RS;npopul997i;p0p100;2017;1151996.0;997;i
RS;npopul997i;p0p100;2018;1175537.0;997;i
RS;npopul997i;p0p100;2019;1198379.0;997;i
RS;npopul998m;p0p100;1950;28577.0;998;m
RS;npopul998m;p0p100;1951;30252.0;998;m
RS;npopul998m;p0p100;1952;31488.0;998;m
RS;npopul998m;p0p100;1953;31864.0;998;m
RS;npopul998m;p0p100;1954;31129.0;998;m
RS;npopul998m;p0p100;1955;29264.0;998;m
RS;npopul998m;p0p100;1956;30802.0;998;m
RS;npopul998m;p0p100;1957;31619.0;998;m
RS;npopul998m;p0p100;1958;31664.0;998;m
RS;npopul998m;p0p100;1959;30929.0;998;m
RS;npopul998m;p0p100;1960;29428.0;998;m
RS;npopul998m;p0p100;1961;31121.0;998;m
RS;npopul998m;p0p100;1962;32160.0;998;m
RS;npopul998m;p0p100;1963;32514.0;998;m
RS;npopul998m;p0p100;1964;32221.0;998;m
RS;npopul998m;p0p100;1965;31301.0;998;m
RS;npopul998m;p0p100;1966;33136.0;998;m
RS;npopul998m;p0p100;1967;34612.0;998;m
RS;npopul998m;p0p100;1968;35351.0;998;m
RS;npopul998m;p0p100;1969;34950.0;998;m
RS;npopul998m;p0p100;1970;33335.0;998;m
RS;npopul998m;p0p100;1971;34328.0;998;m
RS;npopul998m;p0p100;1972;34520.0;998;m
RS;npopul998m;p0p100;1973;34283.0;998;m
RS;npopul998m;p0p100;1974;34095.0;998;m
RS;npopul998m;p0p100;1975;34070.0;998;m
RS;npopul998m;p0p100;1976;37454.0;998;m
RS;npopul998m;p0p100;1977;40597.0;998;m
RS;npopul998m;p0p100;1978;43164.0;998;m
RS;npopul998m;p0p100;1979;44929.0;998;m
RS;npopul998m;p0p100;1980;45821.0;998;m
RS;npopul998m;p0p100;1981;50055.0;998;m
RS;npopul998m;p0p100;1982;53317.0;998;m
RS;npopul998m;p0p100;1983;55557.0;998;m
RS;npopul998m;p0p100;1984;56917.0;998;m
RS;npopul998m;p0p100;1985;57423.0;998;m
RS;npopul998m;p0p100;1986;61962.0;998;m
RS;npopul998m;p0p100;1987;65407.0;998;m
RS;npopul998m;p0p100;1988;67180.0;998;m
RS;npopul998m;p0p100;1989;66855.0;998;m
RS;npopul998m;p0p100;1990;64380.0;998;m
RS;npopul998m;p0p100;1991;66654.0;998;m
RS;npopul998m;p0p100;1992;67923.0;998;m
RS;npopul998m;p0p100;1993;67604.0;998;m
RS;npopul998m;p0p100;1994;64963.0;998;m
RS;npopul998m;p0p100;1995;59881.0;998;m
RS;npopul998m;p0p100;1996;59609.0;998;m
RS;npopul998m;p0p100;1997;57525.0;998;m
RS;npopul998m;p0p100;1998;54630.0;998;m
RS;npopul998m;p0p100;1999;40972.0;998;m
RS;npopul998m;p0p100;2000;39771.0;998;m
RS;npopul998m;p0p100;2001;43548.0;998;m
RS;npopul998m;p0p100;2002;47319.0;998;m
RS;npopul998m;p0p100;2003;50671.0;998;m
RS;npopul998m;p0p100;2004;53572.0;998;m
RS;npopul998m;p0p100;2005;55822.0;998;m
RS;npopul998m;p0p100;2006;62180.0;998;m
RS;npopul998m;p0p100;2007;68018.0;998;m
RS;npopul998m;p0p100;2008;73009.0;998;m
RS;npopul998m;p0p100;2009;77002.0;998;m
RS;npopul998m;p0p100;2010;79925.0;998;m
RS;npopul998m;p0p100;2011;85969.0;998;m
RS;npopul998m;p0p100;2012;91284.0;998;m
RS;npopul998m;p0p100;2013;95464.0;998;m
RS;npopul998m;p0p100;2014;98350.0;998;m
RS;npopul998m;p0p100;2015;99876.0;998;m
RS;npopul998m;p0p100;2016;104210.0;998;m
RS;npopul998m;p0p100;2017;107227.0;998;m
RS;npopul998m;p0p100;2018;108080.0;998;m
RS;npopul998m;p0p100;2019;106201.0;998;m
RS;scainc992j;p11p100;1990;0.98360002;992;j
RS;scainc992j;p11p100;1991;0.98360002;992;j
RS;scainc992j;p11p100;1992;0.98369998;992;j
RS;scainc992j;p11p100;1993;0.98360002;992;j
RS;scainc992j;p11p100;1994;0.98360002;992;j
RS;scainc992j;p11p100;1995;0.98360002;992;j
RS;scainc992j;p11p100;1996;0.9835;992;j
RS;scainc992j;p11p100;1997;0.9835;992;j
RS;scainc992j;p11p100;1998;0.98189998;992;j
RS;scainc992j;p11p100;1999;0.98150003;992;j
RS;scainc992j;p11p100;2000;0.98259997;992;j
RS;scainc992j;p11p100;2001;0.98290002;992;j
RS;scainc992j;p11p100;2002;0.98710001;992;j
RS;scainc992j;p11p100;2003;0.98710001;992;j
RS;scainc992j;p11p100;2004;0.98930001;992;j
RS;scainc992j;p11p100;2005;0.99010003;992;j
RS;scainc992j;p11p100;2006;0.99159998;992;j
RS;scainc992j;p11p100;2007;0.9932;992;j
RS;scainc992j;p11p100;2008;0.9932;992;j
RS;scainc992j;p11p100;2009;0.99269998;992;j
RS;scainc992j;p11p100;2010;0.99349999;992;j
RS;scainc992j;p11p100;2011;0.99449998;992;j
RS;scainc992j;p11p100;2012;0.99559999;992;j
RS;scainc992j;p11p100;2013;0.99150002;992;j
RS;scainc992j;p11p100;2014;0.98339999;992;j
RS;scainc992j;p11p100;2015;0.98860002;992;j
RS;scainc992j;p11p100;2016;0.98860002;992;j
RS;scainc992j;p11p100;2017;0.98860002;992;j
RS;scainc992j;p12p100;1990;0.98119998;992;j
RS;scainc992j;p12p100;1991;0.98119998;992;j
RS;scainc992j;p12p100;1992;0.98110002;992;j
RS;scainc992j;p12p100;1993;0.98110002;992;j
RS;scainc992j;p12p100;1994;0.98100001;992;j
RS;scainc992j;p12p100;1995;0.98089999;992;j
RS;scainc992j;p12p100;1996;0.98079997;992;j
RS;scainc992j;p12p100;1997;0.98070002;992;j
RS;scainc992j;p12p100;1998;0.9788;992;j
RS;scainc992j;p12p100;1999;0.97839999;992;j
RS;scainc992j;p12p100;2000;0.97960001;992;j
RS;scainc992j;p12p100;2001;0.9799;992;j
RS;scainc992j;p12p100;2002;0.98439997;992;j
RS;scainc992j;p12p100;2003;0.98470002;992;j
RS;scainc992j;p12p100;2004;0.98720002;992;j
RS;scainc992j;p12p100;2005;0.98830003;992;j
RS;scainc992j;p12p100;2006;0.99000001;992;j
RS;scainc992j;p12p100;2007;0.99180001;992;j
RS;scainc992j;p12p100;2008;0.99190003;992;j
RS;scainc992j;p12p100;2009;0.9914;992;j
RS;scainc992j;p12p100;2010;0.99250001;992;j
RS;scainc992j;p12p100;2011;0.99370003;992;j
RS;scainc992j;p12p100;2012;0.99489999;992;j
RS;scainc992j;p12p100;2013;0.99049997;992;j
RS;scainc992j;p12p100;2014;0.9817;992;j
RS;scainc992j;p12p100;2015;0.9874;992;j
RS;scainc992j;p12p100;2016;0.9874;992;j
RS;scainc992j;p12p100;2017;0.9874;992;j
RS;sdiinc992j;p39p100;1990;0.8387;992;j
RS;sdiinc992j;p39p100;1991;0.83740002;992;j
RS;sdiinc992j;p39p100;1992;0.83600003;992;j
RS;sdiinc992j;p39p100;1993;0.83469999;992;j
RS;sdiinc992j;p39p100;1994;0.83329999;992;j
RS;sdiinc992j;p39p100;1995;0.83200002;992;j
RS;sdiinc992j;p39p100;1996;0.83029997;992;j
RS;sdiinc992j;p39p100;1997;0.82840002;992;j
RS;sdiinc992j;p39p100;1998;0.8276;992;j
RS;sdiinc992j;p39p100;1999;0.8301;992;j
RS;sdiinc992j;p39p100;2000;0.83039999;992;j
RS;sdiinc992j;p39p100;2001;0.8308;992;j
RS;sdiinc992j;p39p100;2002;0.83829999;992;j
RS;sdiinc992j;p39p100;2003;0.8405;992;j
RS;sdiinc992j;p39p100;2004;0.84939998;992;j
RS;sdiinc992j;p39p100;2005;0.85320002;992;j
RS;sdiinc992j;p39p100;2006;0.86000001;992;j
RS;sdiinc992j;p39p100;2007;0.86150002;992;j
RS;sdiinc992j;p39p100;2008;0.86440003;992;j
RS;sdiinc992j;p39p100;2009;0.86830002;992;j
RS;sdiinc992j;p39p100;2010;0.87550002;992;j
RS;sdiinc992j;p39p100;2011;0.88380003;992;j
RS;sdiinc992j;p39p100;2012;0.88459998;992;j
RS;sdiinc992j;p39p100;2013;0.88749999;992;j
RS;sdiinc992j;p39p100;2014;0.8689;992;j
RS;sdiinc992j;p39p100;2015;0.88200003;992;j
RS;sdiinc992j;p39p100;2016;0.8854;992;j
RS;sdiinc992j;p39p100;2017;0.88590002;992;j
RS;sdiinc992j;p55p56;1990;0.0092000002;992;j
RS;sdiinc992j;p55p56;1991;0.0092000002;992;j
RS;sdiinc992j;p55p56;1992;0.0092000002;992;j
RS;sdiinc992j;p55p56;1993;0.0092000002;992;j
RS;sdiinc992j;p55p56;1994;0.0092000002;992;j
RS;sdiinc992j;p55p56;1995;0.0093;992;j
RS;sdiinc992j;p55p56;1996;0.0093;992;j
RS;sdiinc992j;p55p56;1997;0.0093;992;j
RS;sdiinc992j;p55p56;1998;0.0092000002;992;j
RS;sdiinc992j;p55p56;1999;0.0091000004;992;j
RS;sdiinc992j;p55p56;2000;0.0089999996;992;j
RS;sdiinc992j;p55p56;2001;0.0089999996;992;j
RS;sdiinc992j;p55p56;2002;0.0089999996;992;j
RS;sdiinc992j;p55p56;2003;0.0088999998;992;j
RS;sdiinc992j;p55p56;2004;0.0088999998;992;j
RS;sdiinc992j;p55p56;2005;0.0088;992;j
RS;sdiinc992j;p55p56;2006;0.0088;992;j
RS;sdiinc992j;p55p56;2007;0.0088;992;j
RS;sdiinc992j;p55p56;2008;0.0087000001;992;j
RS;sdiinc992j;p55p56;2009;0.0087000001;992;j
RS;sdiinc992j;p55p56;2010;0.0086000003;992;j
RS;sdiinc992j;p55p56;2011;0.0085000005;992;j
RS;sdiinc992j;p55p56;2012;0.0085000005;992;j
RS;sdiinc992j;p55p56;2013;0.0083999997;992;j
RS;sdiinc992j;p55p56;2014;0.0082999999;992;j
RS;sdiinc992j;p55p56;2015;0.0081000002;992;j
RS;sdiinc992j;p55p56;2016;0.0081000002;992;j
RS;sdiinc992j;p55p56;2017;0.0081000002;992;j
RS;sdiinc992j;p94p95;1990;0.020400001;992;j
RS;sdiinc992j;p94p95;1991;0.020400001;992;j
RS;sdiinc992j;p94p95;1992;0.020500001;992;j
RS;sdiinc992j;p94p95;1993;0.020500001;992;j
RS;sdiinc992j;p94p95;1994;0.020500001;992;j
RS;sdiinc992j;p94p95;1995;0.020500001;992;j
RS;sdiinc992j;p94p95;1996;0.020400001;992;j
RS;sdiinc992j;p94p95;1997;0.020400001;992;j
RS;sdiinc992j;p94p95;1998;0.0206;992;j
RS;sdiinc992j;p94p95;1999;0.0206;992;j
RS;sdiinc992j;p94p95;2000;0.0207;992;j
RS;sdiinc992j;p94p95;2001;0.0207;992;j
RS;sdiinc992j;p94p95;2002;0.0211;992;j
RS;sdiinc992j;p94p95;2003;0.021299999;992;j
RS;sdiinc992j;p94p95;2004;0.0218;992;j
RS;sdiinc992j;p94p95;2005;0.0221;992;j
RS;sdiinc992j;p94p95;2006;0.022600001;992;j
RS;sdiinc992j;p94p95;2007;0.0228;992;j
RS;sdiinc992j;p94p95;2008;0.0231;992;j
RS;sdiinc992j;p94p95;2009;0.0231;992;j
RS;sdiinc992j;p94p95;2010;0.023800001;992;j
RS;sdiinc992j;p94p95;2011;0.024499999;992;j
RS;sdiinc992j;p94p95;2012;0.023600001;992;j
RS;sdiinc992j;p94p95;2013;0.0241;992;j
RS;sdiinc992j;p94p95;2014;0.022399999;992;j
RS;sdiinc992j;p94p95;2015;0.0221;992;j
RS;sdiinc992j;p94p95;2016;0.0222;992;j
RS;sdiinc992j;p94p95;2017;0.0222;992;j
RS;sdiinc992j;p99.4p100;1990;0.057100002;992;j
RS;sdiinc992j;p99.4p100;1991;0.055799998;992;j
RS;sdiinc992j;p99.4p100;1992;0.054400001;992;j
RS;sdiinc992j;p99.4p100;1993;0.0537;992;j
RS;sdiinc992j;p99.4p100;1994;0.053199999;992;j
RS;sdiinc992j;p99.4p100;1995;0.0528;992;j
RS;sdiinc992j;p99.4p100;1996;0.051800001;992;j
RS;sdiinc992j;p99.4p100;1997;0.050799999;992;j
RS;sdiinc992j;p99.4p100;1998;0.052999999;992;j
RS;sdiinc992j;p99.4p100;1999;0.0583;992;j
RS;sdiinc992j;p99.4p100;2000;0.061500002;992;j
RS;sdiinc992j;p99.4p100;2001;0.065499999;992;j
RS;sdiinc992j;p99.4p100;2002;0.065300003;992;j
RS;sdiinc992j;p99.4p100;2003;0.0647;992;j
RS;sdiinc992j;p99.4p100;2004;0.0656;992;j
RS;sdiinc992j;p99.4p100;2005;0.068499997;992;j
RS;sdiinc992j;p99.4p100;2006;0.068400003;992;j
RS;sdiinc992j;p99.4p100;2007;0.064499997;992;j
RS;sdiinc992j;p99.4p100;2008;0.062700003;992;j
RS;sdiinc992j;p99.4p100;2009;0.068000004;992;j
RS;sdiinc992j;p99.4p100;2010;0.068599999;992;j
RS;sdiinc992j;p99.4p100;2011;0.069799997;992;j
RS;sdiinc992j;p99.4p100;2012;0.081500001;992;j
RS;sdiinc992j;p99.4p100;2013;0.073299997;992;j
RS;sdiinc992j;p99.4p100;2014;0.091700003;992;j
RS;sdiinc992j;p99.4p100;2015;0.1172;992;j
RS;sdiinc992j;p99.4p100;2016;0.1186;992;j
RS;sdiinc992j;p99.4p100;2017;0.1189;992;j
RS;sdiinc992j;p99.92p100;1990;0.021299999;992;j
RS;sdiinc992j;p99.92p100;1991;0.020400001;992;j
RS;sdiinc992j;p99.92p100;1992;0.019300001;992;j
RS;sdiinc992j;p99.92p100;1993;0.0187;992;j
RS;sdiinc992j;p99.92p100;1994;0.018300001;992;j
RS;sdiinc992j;p99.92p100;1995;0.017899999;992;j
RS;sdiinc992j;p99.92p100;1996;0.0174;992;j
RS;sdiinc992j;p99.92p100;1997;0.016799999;992;j
RS;sdiinc992j;p99.92p100;1998;0.0178;992;j
RS;sdiinc992j;p99.92p100;1999;0.0208;992;j
RS;sdiinc992j;p99.92p100;2000;0.022;992;j
RS;sdiinc992j;p99.92p100;2001;0.024499999;992;j
RS;sdiinc992j;p99.92p100;2002;0.023600001;992;j
RS;sdiinc992j;p99.92p100;2003;0.023399999;992;j
RS;sdiinc992j;p99.92p100;2004;0.023800001;992;j
RS;sdiinc992j;p99.92p100;2005;0.0253;992;j
RS;sdiinc992j;p99.92p100;2006;0.0243;992;j
RS;sdiinc992j;p99.92p100;2007;0.0218;992;j
RS;sdiinc992j;p99.92p100;2008;0.020199999;992;j
RS;sdiinc992j;p99.92p100;2009;0.023399999;992;j
RS;sdiinc992j;p99.92p100;2010;0.0229;992;j
RS;sdiinc992j;p99.92p100;2011;0.0229;992;j
RS;sdiinc992j;p99.92p100;2012;0.030999999;992;j
RS;sdiinc992j;p99.92p100;2013;0.0254;992;j
RS;sdiinc992j;p99.92p100;2014;0.039900001;992;j
RS;sdiinc992j;p99.92p100;2015;0.058699999;992;j
RS;sdiinc992j;p99.92p100;2016;0.059500001;992;j
RS;sdiinc992j;p99.92p100;2017;0.059700001;992;j
RS;sdiinc992j;p99.96p100;1990;0.0154;992;j
RS;sdiinc992j;p99.96p100;1991;0.0146;992;j
RS;sdiinc992j;p99.96p100;1992;0.0137;992;j
RS;sdiinc992j;p99.96p100;1993;0.0131;992;j
RS;sdiinc992j;p99.96p100;1994;0.0127;992;j
RS;sdiinc992j;p99.96p100;1995;0.0124;992;j
RS;sdiinc992j;p99.96p100;1996;0.012;992;j
RS;sdiinc992j;p99.96p100;1997;0.0115;992;j
RS;sdiinc992j;p99.96p100;1998;0.0123;992;j
RS;sdiinc992j;p99.96p100;1999;0.0147;992;j
RS;sdiinc992j;p99.96p100;2000;0.0155;992;j
RS;sdiinc992j;p99.96p100;2001;0.0176;992;j
RS;sdiinc992j;p99.96p100;2002;0.0167;992;j
RS;sdiinc992j;p99.96p100;2003;0.0166;992;j
RS;sdiinc992j;p99.96p100;2004;0.016899999;992;j
RS;sdiinc992j;p99.96p100;2005;0.018100001;992;j
RS;sdiinc992j;p99.96p100;2006;0.017100001;992;j
RS;sdiinc992j;p99.96p100;2007;0.0151;992;j
RS;sdiinc992j;p99.96p100;2008;0.0137;992;j
RS;sdiinc992j;p99.96p100;2009;0.0163;992;j
RS;sdiinc992j;p99.96p100;2010;0.015799999;992;j
RS;sdiinc992j;p99.96p100;2011;0.015699999;992;j
RS;sdiinc992j;p99.96p100;2012;0.022299999;992;j
RS;sdiinc992j;p99.96p100;2013;0.0177;992;j
RS;sdiinc992j;p99.96p100;2014;0.030200001;992;j
RS;sdiinc992j;p99.96p100;2015;0.046599999;992;j
RS;sdiinc992j;p99.96p100;2016;0.047200002;992;j
RS;sdiinc992j;p99.96p100;2017;0.047400001;992;j
RS;sptinc992j;p0p90;1990;0.69950002;992;j
RS;sptinc992j;p0p90;1991;0.69730002;992;j
RS;sptinc992j;p0p90;1992;0.69520003;992;j
RS;sptinc992j;p0p90;1993;0.69300002;992;j
RS;sptinc992j;p0p90;1994;0.69080001;992;j
RS;sptinc992j;p0p90;1995;0.6886;992;j
RS;sptinc992j;p0p90;1996;0.68720001;992;j
RS;sptinc992j;p0p90;1997;0.68580002;992;j
RS;sptinc992j;p0p90;1998;0.68349999;992;j
RS;sptinc992j;p0p90;1999;0.6796;992;j
RS;sptinc992j;p0p90;2000;0.6706;992;j
RS;sptinc992j;p0p90;2001;0.6663;992;j
RS;sptinc992j;p0p90;2002;0.66140002;992;j
RS;sptinc992j;p0p90;2003;0.65829998;992;j
RS;sptinc992j;p0p90;2004;0.64950001;992;j
RS;sptinc992j;p0p90;2005;0.64310002;992;j
RS;sptinc992j;p0p90;2006;0.63919997;992;j
RS;sptinc992j;p0p90;2007;0.64520001;992;j
RS;sptinc992j;p0p90;2008;0.64179999;992;j
RS;sptinc992j;p0p90;2009;0.63789999;992;j
RS;sptinc992j;p0p90;2010;0.62760001;992;j
RS;sptinc992j;p0p90;2011;0.61839998;992;j
RS;sptinc992j;p0p90;2012;0.6225;992;j
RS;sptinc992j;p0p90;2013;0.62599999;992;j
RS;sptinc992j;p0p90;2014;0.6085;992;j
RS;sptinc992j;p0p90;2015;0.61500001;992;j
RS;sptinc992j;p0p90;2016;0.61489999;992;j
RS;sptinc992j;p0p90;2017;0.61449999;992;j
RS;sptinc992j;p15p100;1990;0.97509998;992;j
RS;sptinc992j;p15p100;1991;0.97490001;992;j
RS;sptinc992j;p15p100;1992;0.97479999;992;j
RS;sptinc992j;p15p100;1993;0.97469997;992;j
RS;sptinc992j;p15p100;1994;0.97460002;992;j
RS;sptinc992j;p15p100;1995;0.97439998;992;j
RS;sptinc992j;p15p100;1996;0.97430003;992;j
RS;sptinc992j;p15p100;1997;0.97420001;992;j
RS;sptinc992j;p15p100;1998;0.97180003;992;j
RS;sptinc992j;p15p100;1999;0.97149998;992;j
RS;sptinc992j;p15p100;2000;0.972;992;j
RS;sptinc992j;p15p100;2001;0.97170001;992;j
RS;sptinc992j;p15p100;2002;0.97589999;992;j
RS;sptinc992j;p15p100;2003;0.97719997;992;j
RS;sptinc992j;p15p100;2004;0.97920001;992;j
RS;sptinc992j;p15p100;2005;0.98110002;992;j
RS;sptinc992j;p15p100;2006;0.98360002;992;j
RS;sptinc992j;p15p100;2007;0.98549998;992;j
RS;sptinc992j;p15p100;2008;0.9878;992;j
RS;sptinc992j;p15p100;2009;0.98930001;992;j
RS;sptinc992j;p15p100;2010;0.9903;992;j
RS;sptinc992j;p15p100;2011;0.99180001;992;j
RS;sptinc992j;p15p100;2012;0.99229997;992;j
RS;sptinc992j;p15p100;2013;0.99349999;992;j
RS;sptinc992j;p15p100;2014;0.99339998;992;j
RS;sptinc992j;p15p100;2015;0.99330002;992;j
RS;sptinc992j;p15p100;2016;0.99330002;992;j
RS;sptinc992j;p15p100;2017;0.99330002;992;j
RS;sptinc992j;p47p48;1990;0.0077;992;j
RS;sptinc992j;p47p48;1991;0.0077;992;j
RS;sptinc992j;p47p48;1992;0.0077;992;j
RS;sptinc992j;p47p48;1993;0.0077;992;j
RS;sptinc992j;p47p48;1994;0.0076000001;992;j
RS;sptinc992j;p47p48;1995;0.0076000001;992;j
RS;sptinc992j;p47p48;1996;0.0076000001;992;j
RS;sptinc992j;p47p48;1997;0.0074999998;992;j
RS;sptinc992j;p47p48;1998;0.0074;992;j
RS;sptinc992j;p47p48;1999;0.0073000002;992;j
RS;sptinc992j;p47p48;2000;0.0073000002;992;j
RS;sptinc992j;p47p48;2001;0.0071999999;992;j
RS;sptinc992j;p47p48;2002;0.0071999999;992;j
RS;sptinc992j;p47p48;2003;0.0071;992;j
RS;sptinc992j;p47p48;2004;0.0070000002;992;j
RS;sptinc992j;p47p48;2005;0.0068999999;992;j
RS;sptinc992j;p47p48;2006;0.0068999999;992;j
RS;sptinc992j;p47p48;2007;0.0070000002;992;j
RS;sptinc992j;p47p48;2008;0.0068999999;992;j
RS;sptinc992j;p47p48;2009;0.0068999999;992;j
RS;sptinc992j;p47p48;2010;0.0066999998;992;j
RS;sptinc992j;p47p48;2011;0.0066;992;j
RS;sptinc992j;p47p48;2012;0.0065000001;992;j
RS;sptinc992j;p47p48;2013;0.0066999998;992;j
RS;sptinc992j;p47p48;2014;0.0065000001;992;j
RS;sptinc992j;p47p48;2015;0.0066;992;j
RS;sptinc992j;p47p48;2016;0.0066;992;j
RS;sptinc992j;p47p48;2017;0.0066;992;j
RS;sptinc992j;p64p100;1990;0.65539998;992;j
RS;sptinc992j;p64p100;1991;0.65649998;992;j
RS;sptinc992j;p64p100;1992;0.65759999;992;j
RS;sptinc992j;p64p100;1993;0.65869999;992;j
RS;sptinc992j;p64p100;1994;0.65979999;992;j
RS;sptinc992j;p64p100;1995;0.6609;992;j
RS;sptinc992j;p64p100;1996;0.66159999;992;j
RS;sptinc992j;p64p100;1997;0.66240001;992;j
RS;sptinc992j;p64p100;1998;0.66170001;992;j
RS;sptinc992j;p64p100;1999;0.66250002;992;j
RS;sptinc992j;p64p100;2000;0.66729999;992;j
RS;sptinc992j;p64p100;2001;0.66890001;992;j
RS;sptinc992j;p64p100;2002;0.67769998;992;j
RS;sptinc992j;p64p100;2003;0.68159997;992;j
RS;sptinc992j;p64p100;2004;0.69059998;992;j
RS;sptinc992j;p64p100;2005;0.69880003;992;j
RS;sptinc992j;p64p100;2006;0.70539999;992;j
RS;sptinc992j;p64p100;2007;0.70660001;992;j
RS;sptinc992j;p64p100;2008;0.71319997;992;j
RS;sptinc992j;p64p100;2009;0.71799999;992;j
RS;sptinc992j;p64p100;2010;0.72689998;992;j
RS;sptinc992j;p64p100;2011;0.73729998;992;j
RS;sptinc992j;p64p100;2012;0.73940003;992;j
RS;sptinc992j;p64p100;2013;0.73769999;992;j
RS;sptinc992j;p64p100;2014;0.74629998;992;j
RS;sptinc992j;p64p100;2015;0.73830003;992;j
RS;sptinc992j;p64p100;2016;0.73830003;992;j
RS;sptinc992j;p64p100;2017;0.73860002;992;j
RS;sptinc992j;p99.995p100;1990;0.0063999998;992;j
RS;sptinc992j;p99.995p100;1991;0.0066999998;992;j
RS;sptinc992j;p99.995p100;1992;0.0068999999;992;j
RS;sptinc992j;p99.995p100;1993;0.0071999999;992;j
RS;sptinc992j;p99.995p100;1994;0.0073000002;992;j
RS;sptinc992j;p99.995p100;1995;0.0076000001;992;j
RS;sptinc992j;p99.995p100;1996;0.0078999996;992;j
RS;sptinc992j;p99.995p100;1997;0.0081000002;992;j
RS;sptinc992j;p99.995p100;1998;0.0078999996;992;j
RS;sptinc992j;p99.995p100;1999;0.0088;992;j
RS;sptinc992j;p99.995p100;2000;0.0094999997;992;j
RS;sptinc992j;p99.995p100;2001;0.0106;992;j
RS;sptinc992j;p99.995p100;2002;0.0099999998;992;j
RS;sptinc992j;p99.995p100;2003;0.0096000005;992;j
RS;sptinc992j;p99.995p100;2004;0.0098999999;992;j
RS;sptinc992j;p99.995p100;2005;0.0093;992;j
RS;sptinc992j;p99.995p100;2006;0.0093999999;992;j
RS;sptinc992j;p99.995p100;2007;0.0085000005;992;j
RS;sptinc992j;p99.995p100;2008;0.0088;992;j
RS;sptinc992j;p99.995p100;2009;0.0086000003;992;j
RS;sptinc992j;p99.995p100;2010;0.0080000004;992;j
RS;sptinc992j;p99.995p100;2011;0.0086000003;992;j
RS;sptinc992j;p99.995p100;2012;0.0060000001;992;j
RS;sptinc992j;p99.995p100;2013;0.0068999999;992;j
RS;sptinc992j;p99.995p100;2014;0.0131;992;j
RS;sptinc992j;p99.995p100;2015;0.0127;992;j
RS;sptinc992j;p99.995p100;2016;0.0127;992;j
RS;sptinc992j;p99.995p100;2017;0.0127;992;j
RS;tcainc992j;p0p99;1990;37965.398;992;j
RS;tcainc992j;p0p99;1991;27859.801;992;j
RS;tcainc992j;p0p99;1992;15655.3;992;j
RS;tcainc992j;p0p99;1993;7957.3999;992;j
RS;tcainc992j;p0p99;1994;5954.7002;992;j
RS;tcainc992j;p0p99;1995;4193.8999;992;j
RS;tcainc992j;p0p99;1996;1911.9;992;j
RS;tcainc992j;p0p99;1997;-496.79999;992;j
RS;tcainc992j;p0p99;1998;222.39999;992;j
RS;tcainc992j;p0p99;1999;1129.6;992;j
RS;tcainc992j;p0p99;2000;-2923.2;992;j
RS;tcainc992j;p0p99;2001;-3174.1001;992;j
RS;tcainc992j;p0p99;2002;-5736.1001;992;j
RS;tcainc992j;p0p99;2003;1330.5;992;j
RS;tcainc992j;p0p99;2004;2321.3;992;j
RS;tcainc992j;p0p99;2005;2283.8999;992;j
RS;tcainc992j;p0p99;2006;4287.3999;992;j
RS;tcainc992j;p0p99;2007;-13152510.0;992;j
RS;tcainc992j;p0p99;2008;-21086188.0;992;j
RS;tcainc992j;p0p99;2009;9980.7002;992;j
RS;tcainc992j;p0p99;2010;10054.0;992;j
RS;tcainc992j;p0p99;2011;9045.0996;992;j
RS;tcainc992j;p0p99;2012;6743.1001;992;j
RS;tcainc992j;p0p99;2013;-14144.5;992;j
RS;tcainc992j;p0p99;2014;21598.1;992;j
RS;tcainc992j;p0p99;2015;12758.3;992;j
RS;tcainc992j;p0p99;2016;12006.7;992;j
RS;tcainc992j;p0p99;2017;10735.9;992;j
RS;tcainc992j;p36p37;1990;329856.41;992;j
RS;tcainc992j;p36p37;1991;287630.31;992;j
RS;tcainc992j;p36p37;1992;197712.09;992;j
RS;tcainc992j;p36p37;1993;128784.9;992;j
RS;tcainc992j;p36p37;1994;133097.59;992;j
RS;tcainc992j;p36p37;1995;141059.7;992;j
RS;tcainc992j;p36p37;1996;143204.8;992;j
RS;tcainc992j;p36p37;1997;152052.2;992;j
RS;tcainc992j;p36p37;1998;162182.09;992;j
RS;tcainc992j;p36p37;1999;184597.5;992;j
RS;tcainc992j;p36p37;2000;198687.8;992;j
RS;tcainc992j;p36p37;2001;191976.09;992;j
RS;tcainc992j;p36p37;2002;197183.41;992;j
RS;tcainc992j;p36p37;2003;207230.41;992;j
RS;tcainc992j;p36p37;2004;242275.3;992;j
RS;tcainc992j;p36p37;2005;270398.31;992;j
RS;tcainc992j;p36p37;2006;280441.41;992;j
RS;tcainc992j;p36p37;2007;275057.41;992;j
RS;tcainc992j;p36p37;2008;290220.41;992;j
RS;tcainc992j;p36p37;2009;283460.31;992;j
RS;tcainc992j;p36p37;2010;275592.91;992;j
RS;tcainc992j;p36p37;2011;270425.81;992;j
RS;tcainc992j;p36p37;2012;263515.31;992;j
RS;tcainc992j;p36p37;2013;261615.91;992;j
RS;tcainc992j;p36p37;2014;262548.41;992;j
RS;tcainc992j;p36p37;2015;256561.3;992;j
RS;tcainc992j;p36p37;2016;266128.5;992;j
RS;tcainc992j;p36p37;2017;266150.69;992;j
RS;tcainc992j;p53p100;1990;454245.91;992;j
RS;tcainc992j;p53p100;1991;395448.59;992;j
RS;tcainc992j;p53p100;1992;271126.5;992;j
RS;tcainc992j;p53p100;1993;175975.3;992;j
RS;tcainc992j;p53p100;1994;181514.0;992;j
RS;tcainc992j;p53p100;1995;191679.91;992;j
RS;tcainc992j;p53p100;1996;193556.41;992;j
RS;tcainc992j;p53p100;1997;204630.3;992;j
RS;tcainc992j;p53p100;1998;221330.7;992;j
RS;tcainc992j;p53p100;1999;250723.0;992;j
RS;tcainc992j;p53p100;2000;269970.31;992;j
RS;tcainc992j;p53p100;2001;262132.0;992;j
RS;tcainc992j;p53p100;2002;271564.69;992;j
RS;tcainc992j;p53p100;2003;284412.31;992;j
RS;tcainc992j;p53p100;2004;338477.91;992;j
RS;tcainc992j;p53p100;2005;379966.0;992;j
RS;tcainc992j;p53p100;2006;397227.59;992;j
RS;tcainc992j;p53p100;2007;397558.91;992;j
RS;tcainc992j;p53p100;2008;424820.41;992;j
RS;tcainc992j;p53p100;2009;415502.31;992;j
RS;tcainc992j;p53p100;2010;411611.91;992;j
RS;tcainc992j;p53p100;2011;410926.91;992;j
RS;tcainc992j;p53p100;2012;406154.69;992;j
RS;tcainc992j;p53p100;2013;414945.09;992;j
RS;tcainc992j;p53p100;2014;400203.31;992;j
RS;tcainc992j;p53p100;2015;394072.59;992;j
RS;tcainc992j;p53p100;2016;408744.59;992;j
RS;tcainc992j;p53p100;2017;408880.31;992;j
RS;tcainc992j;p99.7p100;1990;3650465.0;992;j
RS;tcainc992j;p99.7p100;1991;3139178.8;992;j
RS;tcainc992j;p99.7p100;1992;2133901.3;992;j
RS;tcainc992j;p99.7p100;1993;1382981.0;992;j
RS;tcainc992j;p99.7p100;1994;1421171.3;992;j
RS;tcainc992j;p99.7p100;1995;1497818.0;992;j
RS;tcainc992j;p99.7p100;1996;1494013.4;992;j
RS;tcainc992j;p99.7p100;1997;1559352.8;992;j
RS;tcainc992j;p99.7p100;1998;1749596.8;992;j
RS;tcainc992j;p99.7p100;1999;2099350.8;992;j
RS;tcainc992j;p99.7p100;2000;2415809.8;992;j
RS;tcainc992j;p99.7p100;2001;2441916.5;992;j
RS;tcainc992j;p99.7p100;2002;2621860.0;992;j
RS;tcainc992j;p99.7p100;2003;2736642.8;992;j
RS;tcainc992j;p99.7p100;2004;3314654.8;992;j
RS;tcainc992j;p99.7p100;2005;3887117.0;992;j
RS;tcainc992j;p99.7p100;2006;4208346.0;992;j
RS;tcainc992j;p99.7p100;2007;4102948.5;992;j
RS;tcainc992j;p99.7p100;2008;4391095.5;992;j
RS;tcainc992j;p99.7p100;2009;4532784.0;992;j
RS;tcainc992j;p99.7p100;2010;4680203.5;992;j
RS;tcainc992j;p99.7p100;2011;4842695.0;992;j
RS;tcainc992j;p99.7p100;2012;5183036.5;992;j
RS;tcainc992j;p99.7p100;2013;5061781.0;992;j
RS;tcainc992j;p99.7p100;2014;5277075.0;992;j
RS;tcainc992j;p99.7p100;2015;5940417.5;992;j
RS;tcainc992j;p99.7p100;2016;6161182.0;992;j
RS;tcainc992j;p99.7p100;2017;6168411.0;992;j
RS;tdiinc992j;p11p12;1990;213366.5;992;j
RS;tdiinc992j;p11p12;1991;187817.3;992;j
RS;tdiinc992j;p11p12;1992;130179.6;992;j
RS;tdiinc992j;p11p12;1993;85751.898;992;j
RS;tdiinc992j;p11p12;1994;89530.703;992;j
RS;tdiinc992j;p11p12;1995;95887.203;992;j
RS;tdiinc992j;p11p12;1996;98729.0;992;j
RS;tdiinc992j;p11p12;1997;106910.6;992;j
RS;tdiinc992j;p11p12;1998;118962.2;992;j
RS;tdiinc992j;p11p12;1999;127427.1;992;j
RS;tdiinc992j;p11p12;2000;139696.0;992;j
RS;tdiinc992j;p11p12;2001;138265.0;992;j
RS;tdiinc992j;p11p12;2002;137969.59;992;j
RS;tdiinc992j;p11p12;2003;133786.3;992;j
RS;tdiinc992j;p11p12;2004;133099.5;992;j
RS;tdiinc992j;p11p12;2005;133993.5;992;j
RS;tdiinc992j;p11p12;2006;129131.2;992;j
RS;tdiinc992j;p11p12;2007;126064.9;992;j
RS;tdiinc992j;p11p12;2008;129292.8;992;j
RS;tdiinc992j;p11p12;2009;123118.6;992;j
RS;tdiinc992j;p11p12;2010;112400.6;992;j
RS;tdiinc992j;p11p12;2011;98521.0;992;j
RS;tdiinc992j;p11p12;2012;94427.203;992;j
RS;tdiinc992j;p11p12;2013;113684.5;992;j
RS;tdiinc992j;p11p12;2014;157020.91;992;j
RS;tdiinc992j;p11p12;2015;128968.3;992;j
RS;tdiinc992j;p11p12;2016;125756.3;992;j
RS;tdiinc992j;p11p12;2017;125615.1;992;j
RS;tdiinc992j;p38p100;1990;511400.69;992;j
RS;tdiinc992j;p38p100;1991;444869.59;992;j
RS;tdiinc992j;p38p100;1992;305278.0;992;j
RS;tdiinc992j;p38p100;1993;198324.8;992;j
RS;tdiinc992j;p38p100;1994;204611.5;992;j
RS;tdiinc992j;p38p100;1995;216177.0;992;j
RS;tdiinc992j;p38p100;1996;218729.7;992;j
RS;tdiinc992j;p38p100;1997;232798.09;992;j
RS;tdiinc992j;p38p100;1998;236658.8;992;j
RS;tdiinc992j;p38p100;1999;257286.41;992;j
RS;tdiinc992j;p38p100;2000;281387.91;992;j
RS;tdiinc992j;p38p100;2001;280919.69;992;j
RS;tdiinc992j;p38p100;2002;298077.09;992;j
RS;tdiinc992j;p38p100;2003;312651.59;992;j
RS;tdiinc992j;p38p100;2004;344452.5;992;j
RS;tdiinc992j;p38p100;2005;376237.69;992;j
RS;tdiinc992j;p38p100;2006;392192.41;992;j
RS;tdiinc992j;p38p100;2007;405040.59;992;j
RS;tdiinc992j;p38p100;2008;429283.09;992;j
RS;tdiinc992j;p38p100;2009;414668.31;992;j
RS;tdiinc992j;p38p100;2010;405327.81;992;j
RS;tdiinc992j;p38p100;2011;396255.59;992;j
RS;tdiinc992j;p38p100;2012;389147.81;992;j
RS;tdiinc992j;p38p100;2013;387787.5;992;j
RS;tdiinc992j;p38p100;2014;385533.69;992;j
RS;tdiinc992j;p38p100;2015;381276.31;992;j
RS;tdiinc992j;p38p100;2016;389214.09;992;j
RS;tdiinc992j;p38p100;2017;390942.09;992;j
RS;tdiinc992j;p78p100;1990;995015.88;992;j
RS;tdiinc992j;p78p100;1991;862142.31;992;j
RS;tdiinc992j;p78p100;1992;589310.19;992;j
RS;tdiinc992j;p78p100;1993;381071.5;992;j
RS;tdiinc992j;p78p100;1994;391037.69;992;j
RS;tdiinc992j;p78p100;1995;411155.81;992;j
RS;tdiinc992j;p78p100;1996;413669.5;992;j
RS;tdiinc992j;p78p100;1997;437716.5;992;j
RS;tdiinc992j;p78p100;1998;454867.5;992;j
RS;tdiinc992j;p78p100;1999;494106.31;992;j
RS;tdiinc992j;p78p100;2000;538414.63;992;j
RS;tdiinc992j;p78p100;2001;531492.63;992;j
RS;tdiinc992j;p78p100;2002;579586.38;992;j
RS;tdiinc992j;p78p100;2003;610164.38;992;j
RS;tdiinc992j;p78p100;2004;694580.31;992;j
RS;tdiinc992j;p78p100;2005;773893.69;992;j
RS;tdiinc992j;p78p100;2006;818513.0;992;j
RS;tdiinc992j;p78p100;2007;851882.38;992;j
RS;tdiinc992j;p78p100;2008;914979.81;992;j
RS;tdiinc992j;p78p100;2009;894696.19;992;j
RS;tdiinc992j;p78p100;2010;898288.38;992;j
RS;tdiinc992j;p78p100;2011;907202.0;992;j
RS;tdiinc992j;p78p100;2012;900681.81;992;j
RS;tdiinc992j;p78p100;2013;943559.31;992;j
RS;tdiinc992j;p78p100;2014;870481.31;992;j
RS;tdiinc992j;p78p100;2015;860011.5;992;j
RS;tdiinc992j;p78p100;2016;888802.31;992;j
RS;tdiinc992j;p78p100;2017;894192.13;992;j
RS;tdiinc992j;p93p100;1990;1391654.3;992;j
RS;tdiinc992j;p93p100;1991;1207998.4;992;j
RS;tdiinc992j;p93p100;1992;827432.81;992;j
RS;tdiinc992j;p93p100;1993;535759.5;992;j
RS;tdiinc992j;p93p100;1994;550887.13;992;j
RS;tdiinc992j;p93p100;1995;580345.31;992;j
RS;tdiinc992j;p93p100;1996;583901.69;992;j
RS;tdiinc992j;p93p100;1997;617309.13;992;j
RS;tdiinc992j;p93p100;1998;654865.69;992;j
RS;tdiinc992j;p93p100;1999;717267.31;992;j
RS;tdiinc992j;p93p100;2000;786963.0;992;j
RS;tdiinc992j;p93p100;2001;783539.63;992;j
RS;tdiinc992j;p93p100;2002;854787.81;992;j
RS;tdiinc992j;p93p100;2003;909919.5;992;j
RS;tdiinc992j;p93p100;2004;1049817.0;992;j
RS;tdiinc992j;p93p100;2005;1187674.6;992;j
RS;tdiinc992j;p93p100;2006;1277163.3;992;j
RS;tdiinc992j;p93p100;2007;1328534.9;992;j
RS;tdiinc992j;p93p100;2008;1430584.5;992;j
RS;tdiinc992j;p93p100;2009;1406044.3;992;j
RS;tdiinc992j;p93p100;2010;1450484.9;992;j
RS;tdiinc992j;p93p100;2011;1491926.8;992;j
RS;tdiinc992j;p93p100;2012;1438257.6;992;j
RS;tdiinc992j;p93p100;2013;1498821.9;992;j
RS;tdiinc992j;p93p100;2014;1377410.0;992;j
RS;tdiinc992j;p93p100;2015;1362095.4;992;j
RS;tdiinc992j;p93p100;2016;1413163.1;992;j
RS;tdiinc992j;p93p100;2017;1422720.5;992;j
RS;tdiinc992j;p99.997p99.998;1990;52147168.0;992;j
RS;tdiinc992j;p99.997p99.998;1991;42757528.0;992;j
RS;tdiinc992j;p99.997p99.998;1992;27173566.0;992;j
RS;tdiinc992j;p99.997p99.998;1993;16801348.0;992;j
RS;tdiinc992j;p99.997p99.998;1994;16734418.0;992;j
RS;tdiinc992j;p99.997p99.998;1995;17165556.0;992;j
RS;tdiinc992j;p99.997p99.998;1996;16600021.0;992;j
RS;tdiinc992j;p99.997p99.998;1997;16799590.0;992;j
RS;tdiinc992j;p99.997p99.998;1998;19004362.0;992;j
RS;tdiinc992j;p99.997p99.998;1999;25310738.0;992;j
RS;tdiinc992j;p99.997p99.998;2000;29444494.0;992;j
RS;tdiinc992j;p99.997p99.998;2001;33615776.0;992;j
RS;tdiinc992j;p99.997p99.998;2002;34111648.0;992;j
RS;tdiinc992j;p99.997p99.998;2003;35572380.0;992;j
RS;tdiinc992j;p99.997p99.998;2004;40727776.0;992;j
RS;tdiinc992j;p99.997p99.998;2005;48976552.0;992;j
RS;tdiinc992j;p99.997p99.998;2006;48205308.0;992;j
RS;tdiinc992j;p99.997p99.998;2007;43280620.0;992;j
RS;tdiinc992j;p99.997p99.998;2008;40997040.0;992;j
RS;tdiinc992j;p99.997p99.998;2009;49026040.0;992;j
RS;tdiinc992j;p99.997p99.998;2010;47108956.0;992;j
RS;tdiinc992j;p99.997p99.998;2011;46617448.0;992;j
RS;tdiinc992j;p99.997p99.998;2012;69569256.0;992;j
RS;tdiinc992j;p99.997p99.998;2013;54927620.0;992;j
RS;tdiinc992j;p99.997p99.998;2014;96352736.0;992;j
RS;tdiinc992j;p99.997p99.998;2015;148096432.0;992;j
RS;tdiinc992j;p99.997p99.998;2016;154721632.0;992;j
RS;tdiinc992j;p99.997p99.998;2017;156088848.0;992;j
RS;tptinc992j;p78p100;1990;1012800.5;992;j
RS;tptinc992j;p78p100;1991;876135.19;992;j
RS;tptinc992j;p78p100;1992;598311.81;992;j
RS;tptinc992j;p78p100;1993;386817.31;992;j
RS;tptinc992j;p78p100;1994;397481.59;992;j
RS;tptinc992j;p78p100;1995;418668.81;992;j
RS;tptinc992j;p78p100;1996;421674.81;992;j
RS;tptinc992j;p78p100;1997;446246.81;992;j
RS;tptinc992j;p78p100;1998;463624.5;992;j
RS;tptinc992j;p78p100;1999;502156.19;992;j
RS;tptinc992j;p78p100;2000;547115.81;992;j
RS;tptinc992j;p78p100;2001;541059.69;992;j
RS;tptinc992j;p78p100;2002;589722.63;992;j
RS;tptinc992j;p78p100;2003;618089.88;992;j
RS;tptinc992j;p78p100;2004;696597.63;992;j
RS;tptinc992j;p78p100;2005;777271.19;992;j
RS;tptinc992j;p78p100;2006;826728.31;992;j
RS;tptinc992j;p78p100;2007;872784.38;992;j
RS;tptinc992j;p78p100;2008;935149.63;992;j
RS;tptinc992j;p78p100;2009;917366.13;992;j
RS;tptinc992j;p78p100;2010;910458.31;992;j
RS;tptinc992j;p78p100;2011;918373.69;992;j
RS;tptinc992j;p78p100;2012;938046.5;992;j
RS;tptinc992j;p78p100;2013;965615.81;992;j
RS;tptinc992j;p78p100;2014;917250.13;992;j
RS;tptinc992j;p78p100;2015;918424.13;992;j
RS;tptinc992j;p78p100;2016;946471.88;992;j
RS;tptinc992j;p78p100;2017;952091.0;992;j
RS;tptinc992j;p85p100;1990;1161474.1;992;j
RS;tptinc992j;p85p100;1991;1004410.1;992;j
RS;tptinc992j;p85p100;1992;685022.88;992;j
RS;tptinc992j;p85p100;1993;442820.91;992;j
RS;tptinc992j;p85p100;1994;454647.59;992;j
RS;tptinc992j;p85p100;1995;478123.31;992;j
RS;tptinc992j;p85p100;1996;480493.5;992;j
RS;tptinc992j;p85p100;1997;507881.69;992;j
RS;tptinc992j;p85p100;1998;525393.38;992;j
RS;tptinc992j;p85p100;1999;573393.88;992;j
RS;tptinc992j;p85p100;2000;623111.88;992;j
RS;tptinc992j;p85p100;2001;617837.63;992;j
RS;tptinc992j;p85p100;2002;674486.63;992;j
RS;tptinc992j;p85p100;2003;708845.88;992;j
RS;tptinc992j;p85p100;2004;804824.31;992;j
RS;tptinc992j;p85p100;2005;909898.5;992;j
RS;tptinc992j;p85p100;2006;969550.81;992;j
RS;tptinc992j;p85p100;2007;1023058.3;992;j
RS;tptinc992j;p85p100;2008;1105911.4;992;j
RS;tptinc992j;p85p100;2009;1092297.4;992;j
RS;tptinc992j;p85p100;2010;1102044.3;992;j
RS;tptinc992j;p85p100;2011;1117339.0;992;j
RS;tptinc992j;p85p100;2012;1131224.1;992;j
RS;tptinc992j;p85p100;2013;1170861.0;992;j
RS;tptinc992j;p85p100;2014;1116949.6;992;j
RS;tptinc992j;p85p100;2015;1113075.8;992;j
RS;tptinc992j;p85p100;2016;1147743.9;992;j
RS;tptinc992j;p85p100;2017;1155008.5;992;j
RS;wlabsh999i;p0p100;1997;1.0295787;999;i
RS;wlabsh999i;p0p100;1998;0.87923002;999;i
RS;wlabsh999i;p0p100;1999;0.82965821;999;i
RS;wlabsh999i;p0p100;2000;0.77825087;999;i
RS;wlabsh999i;p0p100;2001;0.87889463;999;i
RS;wlabsh999i;p0p100;2002;0.92873043;999;i
RS;wlabsh999i;p0p100;2003;0.95523918;999;i
RS;wlabsh999i;p0p100;2004;0.85183185;999;i
RS;wlabsh999i;p0p100;2005;0.81236023;999;i
RS;wlabsh999i;p0p100;2006;0.8098141;999;i
RS;wlabsh999i;p0p100;2007;0.84375781;999;i
RS;wlabsh999i;p0p100;2008;0.83199;999;i
RS;wlabsh999i;p0p100;2009;0.81863767;999;i
RS;wlabsh999i;p0p100;2010;0.80179971;999;i
RS;wlabsh999i;p0p100;2011;0.78203845;999;i
RS;acainc992j;p21p100;1990;625477.81;992;j
RS;acainc992j;p21p100;1991;542593.88;992;j
RS;acainc992j;p21p100;1992;371192.09;992;j
RS;acainc992j;p21p100;1993;240468.0;992;j
RS;acainc992j;p21p100;1994;247401.91;992;j
RS;acainc992j;p21p100;1995;260846.91;992;j
RS;acainc992j;p21p100;1996;262672.09;992;j
RS;acainc992j;p21p100;1997;276861.41;992;j
RS;acainc992j;p21p100;1998;302406.0;992;j
RS;acainc992j;p21p100;1999;345181.91;992;j
RS;acainc992j;p21p100;2000;375230.41;992;j
RS;acainc992j;p21p100;2001;366070.31;992;j
RS;acainc992j;p21p100;2002;385402.91;992;j
RS;acainc992j;p21p100;2003;406568.19;992;j
RS;acainc992j;p21p100;2004;488891.19;992;j
RS;acainc992j;p21p100;2005;557820.0;992;j
RS;acainc992j;p21p100;2006;590819.0;992;j
RS;acainc992j;p21p100;2007;591558.0;992;j
RS;acainc992j;p21p100;2008;634526.5;992;j
RS;acainc992j;p21p100;2009;628199.38;992;j
RS;acainc992j;p21p100;2010;633221.69;992;j
RS;acainc992j;p21p100;2011;641905.13;992;j
RS;acainc992j;p21p100;2012;642123.0;992;j
RS;acainc992j;p21p100;2013;655129.69;992;j
RS;acainc992j;p21p100;2014;633308.38;992;j
RS;acainc992j;p21p100;2015;645824.38;992;j
RS;acainc992j;p21p100;2016;669762.38;992;j
RS;acainc992j;p21p100;2017;670381.31;992;j
RS;acainc992j;p26p27;1990;248696.41;992;j
RS;acainc992j;p26p27;1991;219236.41;992;j
RS;acainc992j;p26p27;1992;152571.3;992;j
RS;acainc992j;p26p27;1993;100314.5;992;j
RS;acainc992j;p26p27;1994;104692.4;992;j
RS;acainc992j;p26p27;1995;111934.5;992;j
RS;acainc992j;p26p27;1996;114556.9;992;j
RS;acainc992j;p26p27;1997;122654.3;992;j
RS;acainc992j;p26p27;1998;136592.41;992;j
RS;acainc992j;p26p27;1999;155209.3;992;j
RS;acainc992j;p26p27;2000;168508.41;992;j
RS;acainc992j;p26p27;2001;164334.0;992;j
RS;acainc992j;p26p27;2002;165667.91;992;j
RS;acainc992j;p26p27;2003;171256.59;992;j
RS;acainc992j;p26p27;2004;195671.5;992;j
RS;acainc992j;p26p27;2005;218280.09;992;j
RS;acainc992j;p26p27;2006;218645.8;992;j
RS;acainc992j;p26p27;2007;215957.5;992;j
RS;acainc992j;p26p27;2008;223218.2;992;j
RS;acainc992j;p26p27;2009;210598.2;992;j
RS;acainc992j;p26p27;2010;194772.09;992;j
RS;acainc992j;p26p27;2011;181063.91;992;j
RS;acainc992j;p26p27;2012;185567.0;992;j
RS;acainc992j;p26p27;2013;163303.0;992;j
RS;acainc992j;p26p27;2014;180593.59;992;j
RS;acainc992j;p26p27;2015;165969.8;992;j
RS;acainc992j;p26p27;2016;172205.3;992;j
RS;acainc992j;p26p27;2017;172204.7;992;j
RS;acainc992j;p2p3;1990;55583.398;992;j
RS;acainc992j;p2p3;1991;47460.199;992;j
RS;acainc992j;p2p3;1992;31385.0;992;j
RS;acainc992j;p2p3;1993;19512.199;992;j
RS;acainc992j;p2p3;1994;19158.801;992;j
RS;acainc992j;p2p3;1995;19153.801;992;j
RS;acainc992j;p2p3;1996;18160.699;992;j
RS;acainc992j;p2p3;1997;17745.199;992;j
RS;acainc992j;p2p3;1998;20743.699;992;j
RS;acainc992j;p2p3;1999;25482.1;992;j
RS;acainc992j;p2p3;2000;25820.4;992;j
RS;acainc992j;p2p3;2001;24130.199;992;j
RS;acainc992j;p2p3;2002;12666.8;992;j
RS;acainc992j;p2p3;2003;16936.6;992;j
RS;acainc992j;p2p3;2004;18663.199;992;j
RS;acainc992j;p2p3;2005;20321.6;992;j
RS;acainc992j;p2p3;2006;18612.801;992;j
RS;acainc992j;p2p3;2007;16247.5;992;j
RS;acainc992j;p2p3;2008;19735.699;992;j
RS;acainc992j;p2p3;2009;23089.301;992;j
RS;acainc992j;p2p3;2010;21332.6;992;j
RS;acainc992j;p2p3;2011;18597.6;992;j
RS;acainc992j;p2p3;2012;15231.6;992;j
RS;acainc992j;p2p3;2013;36151.5;992;j
RS;acainc992j;p2p3;2014;73932.297;992;j
RS;acainc992j;p2p3;2015;49885.602;992;j
RS;acainc992j;p2p3;2016;51786.0;992;j
RS;acainc992j;p2p3;2017;51752.898;992;j
RS;adiinc992j;p0p50;1990;362007.69;992;j
RS;adiinc992j;p0p50;1991;316367.41;992;j
RS;adiinc992j;p0p50;1992;218072.59;992;j
RS;adiinc992j;p0p50;1993;142233.59;992;j
RS;adiinc992j;p0p50;1994;147360.8;992;j
RS;adiinc992j;p0p50;1995;156414.8;992;j
RS;adiinc992j;p0p50;1996;158831.7;992;j
RS;adiinc992j;p0p50;1997;169859.91;992;j
RS;adiinc992j;p0p50;1998;177388.7;992;j
RS;adiinc992j;p0p50;1999;191879.5;992;j
RS;adiinc992j;p0p50;2000;210443.59;992;j
RS;adiinc992j;p0p50;2001;209494.41;992;j
RS;adiinc992j;p0p50;2002;218348.0;992;j
RS;adiinc992j;p0p50;2003;226798.7;992;j
RS;adiinc992j;p0p50;2004;244977.7;992;j
RS;adiinc992j;p0p50;2005;267037.69;992;j
RS;adiinc992j;p0p50;2006;272364.19;992;j
RS;adiinc992j;p0p50;2007;279293.69;992;j
RS;adiinc992j;p0p50;2008;292605.0;992;j
RS;adiinc992j;p0p50;2009;281083.81;992;j
RS;adiinc992j;p0p50;2010;269856.91;992;j
RS;adiinc992j;p0p50;2011;257952.3;992;j
RS;adiinc992j;p0p50;2012;254801.3;992;j
RS;adiinc992j;p0p50;2013;256832.91;992;j
RS;adiinc992j;p0p50;2014;276146.19;992;j
RS;adiinc992j;p0p50;2015;258863.8;992;j
RS;adiinc992j;p0p50;2016;261374.7;992;j
RS;adiinc992j;p0p50;2017;262200.0;992;j
RS;adiinc992j;p39p100;1990;1010662.7;992;j
RS;adiinc992j;p39p100;1991;876011.31;992;j
RS;adiinc992j;p39p100;1992;598756.38;992;j
RS;adiinc992j;p39p100;1993;387555.81;992;j
RS;adiinc992j;p39p100;1994;398365.91;992;j
RS;adiinc992j;p39p100;1995;419634.19;992;j
RS;adiinc992j;p39p100;1996;422073.81;992;j
RS;adiinc992j;p39p100;1997;446245.31;992;j
RS;adiinc992j;p39p100;1998;468888.31;992;j
RS;adiinc992j;p39p100;1999;514950.81;992;j
RS;adiinc992j;p39p100;2000;566418.81;992;j
RS;adiinc992j;p39p100;2001;565791.38;992;j
RS;adiinc992j;p39p100;2002;614143.19;992;j
RS;adiinc992j;p39p100;2003;646856.69;992;j
RS;adiinc992j;p39p100;2004;735808.13;992;j
RS;adiinc992j;p39p100;2005;824283.31;992;j
RS;adiinc992j;p39p100;2006;877068.69;992;j
RS;adiinc992j;p39p100;2007;906573.31;992;j
RS;adiinc992j;p39p100;2008;968526.5;992;j
RS;adiinc992j;p39p100;2009;955708.31;992;j
RS;adiinc992j;p39p100;2010;966310.88;992;j
RS;adiinc992j;p39p100;2011;978752.5;992;j
RS;adiinc992j;p39p100;2012;978324.5;992;j
RS;adiinc992j;p39p100;2013;1005114.5;992;j
RS;adiinc992j;p39p100;2014;964695.81;992;j
RS;adiinc992j;p39p100;2015;986194.69;992;j
RS;adiinc992j;p39p100;2016;1020675.0;992;j
RS;adiinc992j;p39p100;2017;1027218.9;992;j
RS;adiinc992j;p44p45;1990;564762.19;992;j
RS;adiinc992j;p44p45;1991;493348.09;992;j
RS;adiinc992j;p44p45;1992;339304.69;992;j
RS;adiinc992j;p44p45;1993;220578.09;992;j
RS;adiinc992j;p44p45;1994;227790.2;992;j
RS;adiinc992j;p44p45;1995;241043.09;992;j
RS;adiinc992j;p44p45;1996;243944.0;992;j
RS;adiinc992j;p44p45;1997;259664.41;992;j
RS;adiinc992j;p44p45;1998;263592.19;992;j
RS;adiinc992j;p44p45;1999;286211.41;992;j
RS;adiinc992j;p44p45;2000;313536.09;992;j
RS;adiinc992j;p44p45;2001;312249.91;992;j
RS;adiinc992j;p44p45;2002;335022.69;992;j
RS;adiinc992j;p44p45;2003;350363.0;992;j
RS;adiinc992j;p44p45;2004;390082.0;992;j
RS;adiinc992j;p44p45;2005;427346.0;992;j
RS;adiinc992j;p44p45;2006;447465.0;992;j
RS;adiinc992j;p44p45;2007;461527.91;992;j
RS;adiinc992j;p44p45;2008;485973.91;992;j
RS;adiinc992j;p44p45;2009;474254.59;992;j
RS;adiinc992j;p44p45;2010;464006.5;992;j
RS;adiinc992j;p44p45;2011;456219.31;992;j
RS;adiinc992j;p44p45;2012;450408.31;992;j
RS;adiinc992j;p44p45;2013;461215.41;992;j
RS;adiinc992j;p44p45;2014;446794.31;992;j
RS;adiinc992j;p44p45;2015;442593.09;992;j
RS;adiinc992j;p44p45;2016;453145.41;992;j
RS;adiinc992j;p44p45;2017;455356.5;992;j
RS;adiinc992j;p51p100;1990;1117961.6;992;j
RS;adiinc992j;p51p100;1991;968300.38;992;j
RS;adiinc992j;p51p100;1992;661401.5;992;j
RS;adiinc992j;p51p100;1993;427906.41;992;j
RS;adiinc992j;p51p100;1994;439627.91;992;j
RS;adiinc992j;p51p100;1995;462894.59;992;j
RS;adiinc992j;p51p100;1996;465255.0;992;j
RS;adiinc992j;p51p100;1997;491491.81;992;j
RS;adiinc992j;p51p100;1998;518352.91;992;j
RS;adiinc992j;p51p100;1999;570009.5;992;j
RS;adiinc992j;p51p100;2000;627331.81;992;j
RS;adiinc992j;p51p100;2001;626960.69;992;j
RS;adiinc992j;p51p100;2002;681617.31;992;j
RS;adiinc992j;p51p100;2003;718749.63;992;j
RS;adiinc992j;p51p100;2004;819577.0;992;j
RS;adiinc992j;p51p100;2005;920566.38;992;j
RS;adiinc992j;p51p100;2006;981559.5;992;j
RS;adiinc992j;p51p100;2007;1014555.8;992;j
RS;adiinc992j;p51p100;2008;1085096.9;992;j
RS;adiinc992j;p51p100;2009;1072513.0;992;j
RS;adiinc992j;p51p100;2010;1087913.3;992;j
RS;adiinc992j;p51p100;2011;1104795.3;992;j
RS;adiinc992j;p51p100;2012;1106319.8;992;j
RS;adiinc992j;p51p100;2013;1137037.4;992;j
RS;adiinc992j;p51p100;2014;1090092.0;992;j
RS;adiinc992j;p51p100;2015;1117485.3;992;j
RS;adiinc992j;p51p100;2016;1157752.0;992;j
RS;adiinc992j;p51p100;2017;1165339.8;992;j
RS;adiinc992j;p7p100;1990;780435.0;992;j
RS;adiinc992j;p7p100;1991;677598.81;992;j
RS;adiinc992j;p7p100;1992;463987.09;992;j
RS;adiinc992j;p7p100;1993;300851.91;992;j
RS;adiinc992j;p7p100;1994;309803.09;992;j
RS;adiinc992j;p7p100;1995;326923.41;992;j
RS;adiinc992j;p7p100;1996;329520.59;992;j
RS;adiinc992j;p7p100;1997;349253.31;992;j
RS;adiinc992j;p7p100;1998;367423.19;992;j
RS;adiinc992j;p7p100;1999;402441.31;992;j
RS;adiinc992j;p7p100;2000;442548.31;992;j
RS;adiinc992j;p7p100;2001;441846.31;992;j
RS;adiinc992j;p7p100;2002;476068.09;992;j
RS;adiinc992j;p7p100;2003;499900.69;992;j
RS;adiinc992j;p7p100;2004;563142.38;992;j
RS;adiinc992j;p7p100;2005;628294.5;992;j
RS;adiinc992j;p7p100;2006;663600.88;992;j
RS;adiinc992j;p7p100;2007;684894.31;992;j
RS;adiinc992j;p7p100;2008;729016.13;992;j
RS;adiinc992j;p7p100;2009;715829.38;992;j
RS;adiinc992j;p7p100;2010;717906.5;992;j
RS;adiinc992j;p7p100;2011;720819.63;992;j
RS;adiinc992j;p7p100;2012;720084.88;992;j
RS;adiinc992j;p7p100;2013;735539.0;992;j
RS;adiinc992j;p7p100;2014;717614.63;992;j
RS;adiinc992j;p7p100;2015;724805.31;992;j
RS;adiinc992j;p7p100;2016;747808.31;992;j
RS;adiinc992j;p7p100;2017;752293.13;992;j
RS;agsrgo999i;p0p100;1997;5742.1001;999;i
RS;agsrgo999i;p0p100;1998;5380.2998;999;i
RS;agsrgo999i;p0p100;1999;6771.8999;999;i
RS;agsrgo999i;p0p100;2000;6624.2002;999;i
RS;agsrgo999i;p0p100;2001;8435.0996;999;i
RS;agsrgo999i;p0p100;2002;8515.5996;999;i
RS;agsrgo999i;p0p100;2003;8519.7998;999;i
RS;agsrgo999i;p0p100;2004;7900.2998;999;i
RS;agsrgo999i;p0p100;2005;8019.5;999;i
RS;agsrgo999i;p0p100;2006;8231.5996;999;i
RS;agsrgo999i;p0p100;2007;9332.9004;999;i
RS;agsrgo999i;p0p100;2008;9704.4004;999;i
RS;agsrgo999i;p0p100;2009;9718.9004;999;i
RS;agsrgo999i;p0p100;2010;9649.2002;999;i
RS;agsrgo999i;p0p100;2011;9717.2002;999;i
RS;andpro999i;p0p100;1980;500128.81;999;i
RS;andpro999i;p0p100;1981;502147.19;999;i
RS;andpro999i;p0p100;1982;490871.31;999;i
RS;andpro999i;p0p100;1983;488434.0;999;i
RS;andpro999i;p0p100;1984;492507.41;999;i
RS;andpro999i;p0p100;1985;496425.81;999;i
RS;andpro999i;p0p100;1986;499446.91;999;i
RS;andpro999i;p0p100;1987;488168.0;999;i
RS;andpro999i;p0p100;1988;491736.69;999;i
RS;andpro999i;p0p100;1989;492984.5;999;i
RS;andpro999i;p0p100;1990;499481.5;999;i
RS;andpro999i;p0p100;1991;434306.31;999;i
RS;andpro999i;p0p100;1992;298240.0;999;i
RS;andpro999i;p0p100;1993;194174.09;999;i
RS;andpro999i;p0p100;1994;200960.8;999;i
RS;andpro999i;p0p100;1995;213306.8;999;i
RS;andpro999i;p0p100;1996;216630.91;999;i
RS;andpro999i;p0p100;1997;232243.3;999;i
RS;andpro999i;p0p100;1998;245943.41;999;i
RS;andpro999i;p0p100;1999;270529.41;999;i
RS;andpro999i;p0p100;2000;299417.59;999;i
RS;andpro999i;p0p100;2001;300226.5;999;i
RS;andpro999i;p0p100;2002;326973.91;999;i
RS;andpro999i;p0p100;2003;346247.31;999;i
RS;andpro999i;p0p100;2004;392572.5;999;i
RS;andpro999i;p0p100;2005;440829.19;999;i
RS;andpro999i;p0p100;2006;467477.09;999;i
RS;andpro999i;p0p100;2007;494246.09;999;i
RS;andpro999i;p0p100;2008;526410.38;999;i
RS;andpro999i;p0p100;2009;511670.31;999;i
RS;andpro999i;p0p100;2010;519288.91;999;i
RS;andpro999i;p0p100;2011;535916.63;999;i
RS;andpro999i;p0p100;2012;532749.31;999;i
RS;andpro999i;p0p100;2013;552194.63;999;i
RS;andpro999i;p0p100;2014;542671.69;999;i
RS;andpro999i;p0p100;2015;554523.31;999;i
RS;andpro999i;p0p100;2016;576286.81;999;i
RS;andpro999i;p0p100;2017;587755.81;999;i
RS;andpro999i;p0p100;2018;615605.5;999;i
RS;andpro999i;p0p100;2019;648780.5;999;i
RS;aprinp992i;p0p100;1997;-0.30000001;992;i
RS;aprinp992i;p0p100;1998;49.700001;992;i
RS;aprinp992i;p0p100;1999;-4.0;992;i
RS;aprinp992i;p0p100;2000;-3.4000001;992;i
RS;aprinp992i;p0p100;2001;17.299999;992;i
RS;aprinp992i;p0p100;2002;-2.5999999;992;i
RS;aprinp992i;p0p100;2003;-0.30000001;992;i
RS;aprinp992i;p0p100;2004;0.0;992;i
RS;aprinp992i;p0p100;2005;51.099998;992;i
RS;aprinp992i;p0p100;2006;108.1;992;i
RS;aprinp992i;p0p100;2007;129.3;992;i
RS;aprinp992i;p0p100;2008;154.2;992;i
RS;aprinp992i;p0p100;2009;150.2;992;i
RS;aprinp992i;p0p100;2010;129.60001;992;i
RS;aprinp992i;p0p100;2011;128.5;992;i
RS;aprpnf999i;p0p100;1997;-12473.0;999;i
RS;aprpnf999i;p0p100;1998;-14113.4;999;i
RS;aprpnf999i;p0p100;1999;-8149.6001;999;i
RS;aprpnf999i;p0p100;2000;-10004.7;999;i
RS;aprpnf999i;p0p100;2001;-7590.7998;999;i
RS;aprpnf999i;p0p100;2002;-8437.0996;999;i
RS;aprpnf999i;p0p100;2003;-10470.4;999;i
RS;aprpnf999i;p0p100;2004;-8115.3999;999;i
RS;aprpnf999i;p0p100;2005;-19931.5;999;i
RS;aprpnf999i;p0p100;2006;-15666.6;999;i
RS;aprpnf999i;p0p100;2007;-22808.699;999;i
RS;aprpnf999i;p0p100;2008;-38382.801;999;i
RS;aprpnf999i;p0p100;2009;-21565.5;999;i
RS;aprpnf999i;p0p100;2010;-28721.699;999;i
RS;aprpnf999i;p0p100;2011;-40573.199;999;i
RS;aptinc992j;p21p22;1990;257329.5;992;j
RS;aptinc992j;p21p22;1991;222738.09;992;j
RS;aptinc992j;p21p22;1992;152433.09;992;j
RS;aptinc992j;p21p22;1993;98563.703;992;j
RS;aptinc992j;p21p22;1994;101179.6;992;j
RS;aptinc992j;p21p22;1995;106350.9;992;j
RS;aptinc992j;p21p22;1996;106955.6;992;j
RS;aptinc992j;p21p22;1997;113032.7;992;j
RS;aptinc992j;p21p22;1998;125052.7;992;j
RS;aptinc992j;p21p22;1999;135410.7;992;j
RS;aptinc992j;p21p22;2000;145705.41;992;j
RS;aptinc992j;p21p22;2001;144980.2;992;j
RS;aptinc992j;p21p22;2002;143707.5;992;j
RS;aptinc992j;p21p22;2003;150022.91;992;j
RS;aptinc992j;p21p22;2004;158509.09;992;j
RS;aptinc992j;p21p22;2005;168641.0;992;j
RS;aptinc992j;p21p22;2006;165790.91;992;j
RS;aptinc992j;p21p22;2007;164528.0;992;j
RS;aptinc992j;p21p22;2008;161487.5;992;j
RS;aptinc992j;p21p22;2009;150226.5;992;j
RS;aptinc992j;p21p22;2010;137124.5;992;j
RS;aptinc992j;p21p22;2011;116444.5;992;j
RS;aptinc992j;p21p22;2012;104012.1;992;j
RS;aptinc992j;p21p22;2013;106763.7;992;j
RS;aptinc992j;p21p22;2014;98513.898;992;j
RS;aptinc992j;p21p22;2015;103524.7;992;j
RS;aptinc992j;p21p22;2016;106906.2;992;j
RS;aptinc992j;p21p22;2017;107082.9;992;j
RS;aptinc992j;p99.8p99.9;1990;8008816.0;992;j
RS;aptinc992j;p99.8p99.9;1991;7071439.0;992;j
RS;aptinc992j;p99.8p99.9;1992;4918358.5;992;j
RS;aptinc992j;p99.8p99.9;1993;3242423.5;992;j
RS;aptinc992j;p99.8p99.9;1994;3393687.3;992;j
RS;aptinc992j;p99.8p99.9;1995;3643537.5;992;j
RS;aptinc992j;p99.8p99.9;1996;3709973.3;992;j
RS;aptinc992j;p99.8p99.9;1997;3971782.0;992;j
RS;aptinc992j;p99.8p99.9;1998;4218858.0;992;j
RS;aptinc992j;p99.8p99.9;1999;4801220.5;992;j
RS;aptinc992j;p99.8p99.9;2000;5597261.5;992;j
RS;aptinc992j;p99.8p99.9;2001;5791069.5;992;j
RS;aptinc992j;p99.8p99.9;2002;6297016.5;992;j
RS;aptinc992j;p99.8p99.9;2003;6588831.5;992;j
RS;aptinc992j;p99.8p99.9;2004;7654323.5;992;j
RS;aptinc992j;p99.8p99.9;2005;8597238.0;992;j
RS;aptinc992j;p99.8p99.9;2006;9178817.0;992;j
RS;aptinc992j;p99.8p99.9;2007;8985318.0;992;j
RS;aptinc992j;p99.8p99.9;2008;9699708.0;992;j
RS;aptinc992j;p99.8p99.9;2009;9575760.0;992;j
RS;aptinc992j;p99.8p99.9;2010;9900211.0;992;j
RS;aptinc992j;p99.8p99.9;2011;10300740.0;992;j
RS;aptinc992j;p99.8p99.9;2012;9693453.0;992;j
RS;aptinc992j;p99.8p99.9;2013;9976904.0;992;j
RS;aptinc992j;p99.8p99.9;2014;11429866.0;992;j
RS;aptinc992j;p99.8p99.9;2015;11111101.0;992;j
RS;aptinc992j;p99.8p99.9;2016;11466466.0;992;j
RS;aptinc992j;p99.8p99.9;2017;11552914.0;992;j
RS;aptinc992j;p99.992p100;1990;73467712.0;992;j
RS;aptinc992j;p99.992p100;1991;66566828.0;992;j
RS;aptinc992j;p99.992p100;1992;46730568.0;992;j
RS;aptinc992j;p99.992p100;1993;31570224.0;992;j
RS;aptinc992j;p99.992p100;1994;33155710.0;992;j
RS;aptinc992j;p99.992p100;1995;36377308.0;992;j
RS;aptinc992j;p99.992p100;1996;37789816.0;992;j
RS;aptinc992j;p99.992p100;1997;41383716.0;992;j
RS;aptinc992j;p99.992p100;1998;42460296.0;992;j
RS;aptinc992j;p99.992p100;1999;51385844.0;992;j
RS;aptinc992j;p99.992p100;2000;61025364.0;992;j
RS;aptinc992j;p99.992p100;2001;67257480.0;992;j
RS;aptinc992j;p99.992p100;2002;69109632.0;992;j
RS;aptinc992j;p99.992p100;2003;70011056.0;992;j
RS;aptinc992j;p99.992p100;2004;81138760.0;992;j
RS;aptinc992j;p99.992p100;2005;85407104.0;992;j
RS;aptinc992j;p99.992p100;2006;91324072.0;992;j
RS;aptinc992j;p99.992p100;2007;85136448.0;992;j
RS;aptinc992j;p99.992p100;2008;93534024.0;992;j
RS;aptinc992j;p99.992p100;2009;89789256.0;992;j
RS;aptinc992j;p99.992p100;2010;85354456.0;992;j
RS;aptinc992j;p99.992p100;2011;91633304.0;992;j
RS;aptinc992j;p99.992p100;2012;65853232.0;992;j
RS;aptinc992j;p99.992p100;2013;76340240.0;992;j
RS;aptinc992j;p99.992p100;2014;135467552.0;992;j
RS;aptinc992j;p99.992p100;2015;132531520.0;992;j
RS;aptinc992j;p99.992p100;2016;136764896.0;992;j
RS;aptinc992j;p99.992p100;2017;137658480.0;992;j
RS;asschn999i;p0p100;1997;41136.699;999;i
RS;asschn999i;p0p100;1998;43704.801;999;i
RS;asschn999i;p0p100;1999;45568.398;999;i
RS;asschn999i;p0p100;2000;47012.301;999;i
RS;asschn999i;p0p100;2001;46733.398;999;i
RS;asschn999i;p0p100;2002;54484.898;999;i
RS;asschn999i;p0p100;2003;55169.102;999;i
RS;asschn999i;p0p100;2004;62400.801;999;i
RS;asschn999i;p0p100;2005;66817.297;999;i
RS;asschn999i;p0p100;2006;75485.797;999;i
RS;asschn999i;p0p100;2007;81853.797;999;i
RS;asschn999i;p0p100;2008;85308.0;999;i
RS;asschn999i;p0p100;2009;83609.398;999;i
RS;asschn999i;p0p100;2010;86334.797;999;i
RS;asschn999i;p0p100;2011;84387.203;999;i
RS;atiwnp992i;p0p100;1997;0.0;992;i
RS;atiwnp992i;p0p100;1998;0.0;992;i
RS;atiwnp992i;p0p100;1999;0.0;992;i
RS;atiwnp992i;p0p100;2000;0.0;992;i
RS;atiwnp992i;p0p100;2001;0.0;992;i
RS;atiwnp992i;p0p100;2002;0.0;992;i
RS;atiwnp992i;p0p100;2003;0.0;992;i
RS;atiwnp992i;p0p100;2004;0.0;992;i
RS;atiwnp992i;p0p100;2005;0.0;992;i
RS;atiwnp992i;p0p100;2006;0.0;992;i
RS;atiwnp992i;p0p100;2007;0.0;992;i
RS;atiwnp992i;p0p100;2008;0.0;992;i
RS;atiwnp992i;p0p100;2009;0.0;992;i
RS;atiwnp992i;p0p100;2010;0.0;992;i
RS;atiwnp992i;p0p100;2011;0.0;992;i
RS;bcainc992j;p70p100;1990;1.6333103;992;j
RS;bcainc992j;p70p100;1991;1.6223819;992;j
RS;bcainc992j;p70p100;1992;1.6195154;992;j
RS;bcainc992j;p70p100;1993;1.616639;992;j
RS;bcainc992j;p70p100;1994;1.6141503;992;j
RS;bcainc992j;p70p100;1995;1.611233;992;j
RS;bcainc992j;p70p100;1996;1.6032519;992;j
RS;bcainc992j;p70p100;1997;1.5955749;992;j
RS;bcainc992j;p70p100;1998;1.6091487;992;j
RS;bcainc992j;p70p100;1999;1.6435809;992;j
RS;bcainc992j;p70p100;2000;1.6769838;992;j
RS;bcainc992j;p70p100;2001;1.7025307;992;j
RS;bcainc992j;p70p100;2002;1.7205492;992;j
RS;bcainc992j;p70p100;2003;1.7234206;992;j
RS;bcainc992j;p70p100;2004;1.7464993;992;j
RS;bcainc992j;p70p100;2005;1.7780026;992;j
RS;bcainc992j;p70p100;2006;1.8041701;992;j
RS;bcainc992j;p70p100;2007;1.7946393;992;j
RS;bcainc992j;p70p100;2008;1.7930093;992;j
RS;bcainc992j;p70p100;2009;1.8325897;992;j
RS;bcainc992j;p70p100;2010;1.8640078;992;j
RS;bcainc992j;p70p100;2011;1.900314;992;j
RS;bcainc992j;p70p100;2012;1.9244338;992;j
RS;bcainc992j;p70p100;2013;1.8775915;992;j
RS;bcainc992j;p70p100;2014;1.9228758;992;j
RS;bcainc992j;p70p100;2015;2.0653675;992;j
RS;bcainc992j;p70p100;2016;2.0657918;992;j
RS;bcainc992j;p70p100;2017;2.0665138;992;j
RS;bdiinc992j;p48p100;1990;1.8062996;992;j
RS;bdiinc992j;p48p100;1991;1.7965615;992;j
RS;bdiinc992j;p48p100;1992;1.7853808;992;j
RS;bdiinc992j;p48p100;1993;1.7768223;992;j
RS;bdiinc992j;p48p100;1994;1.7681924;992;j
RS;bdiinc992j;p48p100;1995;1.7618002;992;j
RS;bdiinc992j;p48p100;1996;1.7516024;992;j
RS;bdiinc992j;p48p100;1997;1.7400304;992;j
RS;bdiinc992j;p48p100;1998;1.7960258;992;j
RS;bdiinc992j;p48p100;1999;1.8157247;992;j
RS;bdiinc992j;p48p100;2000;1.8253611;992;j
RS;bdiinc992j;p48p100;2001;1.8356605;992;j
RS;bdiinc992j;p48p100;2002;1.8631766;992;j
RS;bdiinc992j;p48p100;2003;1.8916966;992;j
RS;bdiinc992j;p48p100;2004;1.9242245;992;j
RS;bdiinc992j;p48p100;2005;1.9758421;992;j
RS;bdiinc992j;p48p100;2006;2.0089321;992;j
RS;bdiinc992j;p48p100;2007;2.0052092;992;j
RS;bdiinc992j;p48p100;2008;2.0171471;992;j
RS;bdiinc992j;p48p100;2009;2.0491605;992;j
RS;bdiinc992j;p48p100;2010;2.1143327;992;j
RS;bdiinc992j;p48p100;2011;2.1595471;992;j
RS;bdiinc992j;p48p100;2012;2.2030253;992;j
RS;bdiinc992j;p48p100;2013;2.1957943;992;j
RS;bdiinc992j;p48p100;2014;2.1926184;992;j
RS;bdiinc992j;p48p100;2015;2.2412906;992;j
RS;bdiinc992j;p48p100;2016;2.263787;992;j
RS;bdiinc992j;p48p100;2017;2.2667789;992;j
RS;bdiinc992j;p64p100;1990;1.6333287;992;j
RS;bdiinc992j;p64p100;1991;1.6270527;992;j
RS;bdiinc992j;p64p100;1992;1.6233197;992;j
RS;bdiinc992j;p64p100;1993;1.6222389;992;j
RS;bdiinc992j;p64p100;1994;1.620713;992;j
RS;bdiinc992j;p64p100;1995;1.6187288;992;j
RS;bdiinc992j;p64p100;1996;1.6134589;992;j
RS;bdiinc992j;p64p100;1997;1.606728;992;j
RS;bdiinc992j;p64p100;1998;1.6224296;992;j
RS;bdiinc992j;p64p100;1999;1.6499046;992;j
RS;bdiinc992j;p64p100;2000;1.6807082;992;j
RS;bdiinc992j;p64p100;2001;1.6886704;992;j
RS;bdiinc992j;p64p100;2002;1.6970518;992;j
RS;bdiinc992j;p64p100;2003;1.7045523;992;j
RS;bdiinc992j;p64p100;2004;1.7330265;992;j
RS;bdiinc992j;p64p100;2005;1.7714229;992;j
RS;bdiinc992j;p64p100;2006;1.7926872;992;j
RS;bdiinc992j;p64p100;2007;1.7806487;992;j
RS;bdiinc992j;p64p100;2008;1.7940296;992;j
RS;bdiinc992j;p64p100;2009;1.8224443;992;j
RS;bdiinc992j;p64p100;2010;1.863348;992;j
RS;bdiinc992j;p64p100;2011;1.901925;992;j
RS;bdiinc992j;p64p100;2012;1.9203351;992;j
RS;bdiinc992j;p64p100;2013;1.9006217;992;j
RS;bdiinc992j;p64p100;2014;1.9063725;992;j
RS;bdiinc992j;p64p100;2015;2.0161469;992;j
RS;bdiinc992j;p64p100;2016;2.0295131;992;j
RS;bdiinc992j;p64p100;2017;2.0316935;992;j
RS;bdiinc992j;p68p100;1990;1.601347;992;j
RS;bdiinc992j;p68p100;1991;1.5897321;992;j
RS;bdiinc992j;p68p100;1992;1.5886118;992;j
RS;bdiinc992j;p68p100;1993;1.5867437;992;j
RS;bdiinc992j;p68p100;1994;1.5861123;992;j
RS;bdiinc992j;p68p100;1995;1.5856717;992;j
RS;bdiinc992j;p68p100;1996;1.5813586;992;j
RS;bdiinc992j;p68p100;1997;1.5765696;992;j
RS;bdiinc992j;p68p100;1998;1.5904733;992;j
RS;bdiinc992j;p68p100;1999;1.6213583;992;j
RS;bdiinc992j;p68p100;2000;1.6500345;992;j
RS;bdiinc992j;p68p100;2001;1.6649925;992;j
RS;bdiinc992j;p68p100;2002;1.670974;992;j
RS;bdiinc992j;p68p100;2003;1.6824764;992;j
RS;bdiinc992j;p68p100;2004;1.7042611;992;j
RS;bdiinc992j;p68p100;2005;1.7371695;992;j
RS;bdiinc992j;p68p100;2006;1.7563529;992;j
RS;bdiinc992j;p68p100;2007;1.7485262;992;j
RS;bdiinc992j;p68p100;2008;1.7500378;992;j
RS;bdiinc992j;p68p100;2009;1.7816924;992;j
RS;bdiinc992j;p68p100;2010;1.8190923;992;j
RS;bdiinc992j;p68p100;2011;1.8498813;992;j
RS;bdiinc992j;p68p100;2012;1.869632;992;j
RS;bdiinc992j;p68p100;2013;1.8353312;992;j
RS;bdiinc992j;p68p100;2014;1.8674217;992;j
RS;bdiinc992j;p68p100;2015;1.9910593;992;j
RS;bdiinc992j;p68p100;2016;2.0028675;992;j
RS;bdiinc992j;p68p100;2017;2.0041218;992;j
RS;bptinc992j;p83p100;1990;1.6151984;992;j
RS;bptinc992j;p83p100;1991;1.6287357;992;j
RS;bptinc992j;p83p100;1992;1.6410598;992;j
RS;bptinc992j;p83p100;1993;1.6524632;992;j
RS;bptinc992j;p83p100;1994;1.6665411;992;j
RS;bptinc992j;p83p100;1995;1.6797962;992;j
RS;bptinc992j;p83p100;1996;1.6883682;992;j
RS;bptinc992j;p83p100;1997;1.6955128;992;j
RS;bptinc992j;p83p100;1998;1.72638;992;j
RS;bptinc992j;p83p100;1999;1.7461876;992;j
RS;bptinc992j;p83p100;2000;1.8005644;992;j
RS;bptinc992j;p83p100;2001;1.8304209;992;j
RS;bptinc992j;p83p100;2002;1.8252612;992;j
RS;bptinc992j;p83p100;2003;1.8419055;992;j
RS;bptinc992j;p83p100;2004;1.8724767;992;j
RS;bptinc992j;p83p100;2005;1.8899378;992;j
RS;bptinc992j;p83p100;2006;1.9043572;992;j
RS;bptinc992j;p83p100;2007;1.8403281;992;j
RS;bptinc992j;p83p100;2008;1.8331807;992;j
RS;bptinc992j;p83p100;2009;1.8542149;992;j
RS;bptinc992j;p83p100;2010;1.8864113;992;j
RS;bptinc992j;p83p100;2011;1.9182332;992;j
RS;bptinc992j;p83p100;2012;1.8717736;992;j
RS;bptinc992j;p83p100;2013;1.8549955;992;j
RS;bptinc992j;p83p100;2014;1.955157;992;j
RS;bptinc992j;p83p100;2015;1.9529096;992;j
RS;bptinc992j;p83p100;2016;1.9534087;992;j
RS;bptinc992j;p83p100;2017;1.9550936;992;j
RS;mcfcfc999i;p0p100;1997;2860257024.0;999;i
RS;mcfcfc999i;p0p100;1998;5386049024.0;999;i
RS;mcfcfc999i;p0p100;1999;4470186496.0;999;i
RS;mcfcfc999i;p0p100;2000;4812130816.0;999;i
RS;mcfcfc999i;p0p100;2001;6299154432.0;999;i
RS;mcfcfc999i;p0p100;2002;6887868416.0;999;i
RS;mcfcfc999i;p0p100;2003;7338775552.0;999;i
RS;mcfcfc999i;p0p100;2004;8473609216.0;999;i
RS;mcfcfc999i;p0p100;2005;10960558080.0;999;i
RS;mcfcfc999i;p0p100;2006;13906576384.0;999;i
RS;mcfcfc999i;p0p100;2007;15397035008.0;999;i
RS;mcfcfc999i;p0p100;2008;15722725376.0;999;i
RS;mcfcfc999i;p0p100;2009;15751233536.0;999;i
RS;mcfcfc999i;p0p100;2010;16101063680.0;999;i
RS;mcfcfc999i;p0p100;2011;15618842624.0;999;i
RS;mseggo999i;p0p100;1997;513191608320.0;999;i
RS;mseggo999i;p0p100;1998;433928077312.0;999;i
RS;mseggo999i;p0p100;1999;357892227072.0;999;i
RS;mseggo999i;p0p100;2000;363788304384.0;999;i
RS;mseggo999i;p0p100;2001;525239713792.0;999;i
RS;mseggo999i;p0p100;2002;645784993792.0;999;i
RS;mseggo999i;p0p100;2003;703329927168.0;999;i
RS;mseggo999i;p0p100;2004;799139364864.0;999;i
RS;mseggo999i;p0p100;2005;822916612096.0;999;i
RS;mseggo999i;p0p100;2006;828027174912.0;999;i
RS;mseggo999i;p0p100;2007;912934305792.0;999;i
RS;mseggo999i;p0p100;2008;930824323072.0;999;i
RS;mseggo999i;p0p100;2009;819713277952.0;999;i
RS;mseggo999i;p0p100;2010;843772329984.0;999;i
RS;mseggo999i;p0p100;2011;835767435264.0;999;i
RS;npopul302f;p0p100;1950;375774.0;302;f
RS;npopul302f;p0p100;1951;380225.0;302;f
RS;npopul302f;p0p100;1952;392748.0;302;f
RS;npopul302f;p0p100;1953;411832.0;302;f
RS;npopul302f;p0p100;1954;436134.0;302;f
RS;npopul302f;p0p100;1955;464629.0;302;f
RS;npopul302f;p0p100;1956;496869.0;302;f
RS;npopul302f;p0p100;1957;533546.0;302;f
RS;npopul302f;p0p100;1958;571168.0;302;f
RS;npopul302f;p0p100;1959;604696.0;302;f
RS;npopul302f;p0p100;1960;630928.0;302;f
RS;npopul302f;p0p100;1961;651031.0;302;f
RS;npopul302f;p0p100;1962;662265.0;302;f
RS;npopul302f;p0p100;1963;666649.0;302;f
RS;npopul302f;p0p100;1964;667480.0;302;f
RS;npopul302f;p0p100;1965;666636.0;302;f
RS;npopul302f;p0p100;1966;661308.0;302;f
RS;npopul302f;p0p100;1967;654997.0;302;f
RS;npopul302f;p0p100;1968;646901.0;302;f
RS;npopul302f;p0p100;1969;635539.0;302;f
RS;npopul302f;p0p100;1970;620524.0;302;f
RS;npopul302f;p0p100;1971;603145.0;302;f
RS;npopul302f;p0p100;1972;582986.0;302;f
RS;npopul302f;p0p100;1973;562895.0;302;f
RS;npopul302f;p0p100;1974;547233.0;302;f
RS;npopul302f;p0p100;1975;538751.0;302;f
RS;npopul302f;p0p100;1976;536959.0;302;f
RS;npopul302f;p0p100;1977;541737.0;302;f
RS;npopul302f;p0p100;1978;552888.0;302;f
RS;npopul302f;p0p100;1979;569809.0;302;f
RS;npopul302f;p0p100;1980;591695.0;302;f
RS;npopul302f;p0p100;1981;618632.0;302;f
RS;npopul302f;p0p100;1982;651111.0;302;f
RS;npopul302f;p0p100;1983;684765.0;302;f
RS;npopul302f;p0p100;1984;713124.0;302;f
RS;npopul302f;p0p100;1985;732116.0;302;f
RS;npopul302f;p0p100;1986;742429.0;302;f
RS;npopul302f;p0p100;1987;743058.0;302;f
RS;npopul302f;p0p100;1988;736543.0;302;f
RS;npopul302f;p0p100;1989;727187.0;302;f
RS;npopul302f;p0p100;1990;717748.0;302;f
RS;npopul302f;p0p100;1991;708175.0;302;f
RS;npopul302f;p0p100;1992;698000.0;302;f
RS;npopul302f;p0p100;1993;687374.0;302;f
RS;npopul302f;p0p100;1994;676734.0;302;f
RS;npopul302f;p0p100;1995;666571.0;302;f
RS;npopul302f;p0p100;1996;656924.0;302;f
RS;npopul302f;p0p100;1997;647327.0;302;f
RS;npopul302f;p0p100;1998;638119.0;302;f
RS;npopul302f;p0p100;1999;495399.0;302;f
RS;npopul302f;p0p100;2000;492402.0;302;f
RS;npopul302f;p0p100;2001;492435.0;302;f
RS;npopul302f;p0p100;2002;494337.0;302;f
RS;npopul302f;p0p100;2003;496312.0;302;f
RS;npopul302f;p0p100;2004;499368.0;302;f
RS;npopul302f;p0p100;2005;502781.0;302;f
RS;npopul302f;p0p100;2006;505244.0;302;f
RS;npopul302f;p0p100;2007;507573.0;302;f
RS;npopul302f;p0p100;2008;509171.0;302;f
RS;npopul302f;p0p100;2009;509576.0;302;f
RS;npopul302f;p0p100;2010;508290.0;302;f
RS;npopul302f;p0p100;2011;504758.0;302;f
RS;npopul302f;p0p100;2012;500876.0;302;f
RS;npopul302f;p0p100;2013;495745.0;302;f
RS;npopul302f;p0p100;2014;490191.0;302;f
RS;npopul302f;p0p100;2015;484609.0;302;f
RS;npopul302f;p0p100;2016;481302.0;302;f
RS;npopul302f;p0p100;2017;479595.0;302;f
RS;npopul302f;p0p100;2018;477951.0;302;f
RS;npopul302f;p0p100;2019;476298.0;302;f
RS;npopul851m;p0p100;1950;7437.0;851;m
RS;npopul851m;p0p100;1951;7643.0;851;m
RS;npopul851m;p0p100;1952;7536.0;851;m
RS;npopul851m;p0p100;1953;7222.0;851;m
RS;npopul851m;p0p100;1954;6864.0;851;m
RS;npopul851m;p0p100;1955;6461.0;851;m
RS;npopul851m;p0p100;1956;7382.0;851;m
RS;npopul851m;p0p100;1957;8112.0;851;m
RS;npopul851m;p0p100;1958;8448.0;851;m
RS;npopul851m;p0p100;1959;8324.0;851;m
RS;npopul851m;p0p100;1960;7731.0;851;m
RS;npopul851m;p0p100;1961;8294.0;851;m
RS;npopul851m;p0p100;1962;8558.0;851;m
RS;npopul851m;p0p100;1963;8539.0;851;m
RS;npopul851m;p0p100;1964;8319.0;851;m
RS;npopul851m;p0p100;1965;7909.0;851;m
RS;npopul851m;p0p100;1966;8496.0;851;m
RS;npopul851m;p0p100;1967;8837.0;851;m
RS;npopul851m;p0p100;1968;8911.0;851;m
RS;npopul851m;p0p100;1969;8779.0;851;m
RS;npopul851m;p0p100;1970;8440.0;851;m
RS;npopul851m;p0p100;1971;9217.0;851;m
RS;npopul851m;p0p100;1972;9872.0;851;m
RS;npopul851m;p0p100;1973;10171.0;851;m
RS;npopul851m;p0p100;1974;9948.0;851;m
RS;npopul851m;p0p100;1975;9172.0;851;m
RS;npopul851m;p0p100;1976;9276.0;851;m
RS;npopul851m;p0p100;1977;9007.0;851;m
RS;npopul851m;p0p100;1978;8723.0;851;m
RS;npopul851m;p0p100;1979;8732.0;851;m
RS;npopul851m;p0p100;1980;9011.0;851;m
RS;npopul851m;p0p100;1981;10675.0;851;m
RS;npopul851m;p0p100;1982;12153.0;851;m
RS;npopul851m;p0p100;1983;13221.0;851;m
RS;npopul851m;p0p100;1984;13822.0;851;m
RS;npopul851m;p0p100;1985;13888.0;851;m
RS;npopul851m;p0p100;1986;15345.0;851;m
RS;npopul851m;p0p100;1987;16163.0;851;m
RS;npopul851m;p0p100;1988;16420.0;851;m
RS;npopul851m;p0p100;1989;16412.0;851;m
RS;npopul851m;p0p100;1990;16169.0;851;m
RS;npopul851m;p0p100;1991;18013.0;851;m
RS;npopul851m;p0p100;1992;19445.0;851;m
RS;npopul851m;p0p100;1993;20021.0;851;m
RS;npopul851m;p0p100;1994;19592.0;851;m
RS;npopul851m;p0p100;1995;18175.0;851;m
RS;npopul851m;p0p100;1996;18842.0;851;m
RS;npopul851m;p0p100;1997;19050.0;851;m
RS;npopul851m;p0p100;1998;18538.0;851;m
RS;npopul851m;p0p100;1999;13466.0;851;m
RS;npopul851m;p0p100;2000;11757.0;851;m
RS;npopul851m;p0p100;2001;11246.0;851;m
RS;npopul851m;p0p100;2002;10329.0;851;m
RS;npopul851m;p0p100;2003;9589.0;851;m
RS;npopul851m;p0p100;2004;9539.0;851;m
RS;npopul851m;p0p100;2005;10095.0;851;m
RS;npopul851m;p0p100;2006;12237.0;851;m
RS;npopul851m;p0p100;2007;14224.0;851;m
RS;npopul851m;p0p100;2008;15864.0;851;m
RS;npopul851m;p0p100;2009;17291.0;851;m
RS;npopul851m;p0p100;2010;18522.0;851;m
RS;npopul851m;p0p100;2011;21234.0;851;m
RS;npopul851m;p0p100;2012;23477.0;851;m
RS;npopul851m;p0p100;2013;25008.0;851;m
RS;npopul851m;p0p100;2014;26086.0;851;m
RS;npopul851m;p0p100;2015;26853.0;851;m
RS;npopul851m;p0p100;2016;29334.0;851;m
RS;npopul851m;p0p100;2017;31112.0;851;m
RS;npopul851m;p0p100;2018;31846.0;851;m
RS;npopul851m;p0p100;2019;31695.0;851;m
RS;scainc992j;p0p10;1990;0.0141;992;j
RS;scainc992j;p0p10;1991;0.014;992;j
RS;scainc992j;p0p10;1992;0.014;992;j
RS;scainc992j;p0p10;1993;0.0139;992;j
RS;scainc992j;p0p10;1994;0.0139;992;j
RS;scainc992j;p0p10;1995;0.0139;992;j
RS;scainc992j;p0p10;1996;0.0139;992;j
RS;scainc992j;p0p10;1997;0.0138;992;j
RS;scainc992j;p0p10;1998;0.0151;992;j
RS;scainc992j;p0p10;1999;0.0156;992;j
RS;scainc992j;p0p10;2000;0.0146;992;j
RS;scainc992j;p0p10;2001;0.0143;992;j
RS;scainc992j;p0p10;2002;0.0105;992;j
RS;scainc992j;p0p10;2003;0.0106;992;j
RS;scainc992j;p0p10;2004;0.0088999998;992;j
RS;scainc992j;p0p10;2005;0.0082;992;j
RS;scainc992j;p0p10;2006;0.0068999999;992;j
RS;scainc992j;p0p10;2007;0.0055999998;992;j
RS;scainc992j;p0p10;2008;0.0055999998;992;j
RS;scainc992j;p0p10;2009;0.0062000002;992;j
RS;scainc992j;p0p10;2010;0.0055;992;j
RS;scainc992j;p0p10;2011;0.0046999999;992;j
RS;scainc992j;p0p10;2012;0.0037;992;j
RS;scainc992j;p0p10;2013;0.0076000001;992;j
RS;scainc992j;p0p10;2014;0.0149;992;j
RS;scainc992j;p0p10;2015;0.0102;992;j
RS;scainc992j;p0p10;2016;0.0102;992;j
RS;scainc992j;p0p10;2017;0.0102;992;j
RS;scainc992j;p10p100;1990;0.98589998;992;j
RS;scainc992j;p10p100;1991;0.986;992;j
RS;scainc992j;p10p100;1992;0.986;992;j
RS;scainc992j;p10p100;1993;0.98610002;992;j
RS;scainc992j;p10p100;1994;0.98610002;992;j
RS;scainc992j;p10p100;1995;0.98610002;992;j
RS;scainc992j;p10p100;1996;0.98610002;992;j
RS;scainc992j;p10p100;1997;0.98619998;992;j
RS;scainc992j;p10p100;1998;0.9849;992;j
RS;scainc992j;p10p100;1999;0.98439997;992;j
RS;scainc992j;p10p100;2000;0.98540002;992;j
RS;scainc992j;p10p100;2001;0.98570001;992;j
RS;scainc992j;p10p100;2002;0.98949999;992;j
RS;scainc992j;p10p100;2003;0.98940003;992;j
RS;scainc992j;p10p100;2004;0.99110001;992;j
RS;scainc992j;p10p100;2005;0.99180001;992;j
RS;scainc992j;p10p100;2006;0.99309999;992;j
RS;scainc992j;p10p100;2007;0.99440002;992;j
RS;scainc992j;p10p100;2008;0.99440002;992;j
RS;scainc992j;p10p100;2009;0.99379998;992;j
RS;scainc992j;p10p100;2010;0.99449998;992;j
RS;scainc992j;p10p100;2011;0.99529999;992;j
RS;scainc992j;p10p100;2012;0.99629998;992;j
RS;scainc992j;p10p100;2013;0.99239999;992;j
RS;scainc992j;p10p100;2014;0.98509997;992;j
RS;scainc992j;p10p100;2015;0.98979998;992;j
RS;scainc992j;p10p100;2016;0.98979998;992;j
RS;scainc992j;p10p100;2017;0.98979998;992;j
RS;scainc992j;p25p26;1990;0.0046000001;992;j
RS;scainc992j;p25p26;1991;0.0046999999;992;j
RS;scainc992j;p25p26;1992;0.0048000002;992;j
RS;scainc992j;p25p26;1993;0.0049000001;992;j
RS;scainc992j;p25p26;1994;0.0049000001;992;j
RS;scainc992j;p25p26;1995;0.0049999999;992;j
RS;scainc992j;p25p26;1996;0.0051000002;992;j
RS;scainc992j;p25p26;1997;0.0052;992;j
RS;scainc992j;p25p26;1998;0.0052999998;992;j
RS;scainc992j;p25p26;1999;0.0052;992;j
RS;scainc992j;p25p26;2000;0.0052999998;992;j
RS;scainc992j;p25p26;2001;0.0052999998;992;j
RS;scainc992j;p25p26;2002;0.0051000002;992;j
RS;scainc992j;p25p26;2003;0.0049999999;992;j
RS;scainc992j;p25p26;2004;0.0046999999;992;j
RS;scainc992j;p25p26;2005;0.0046000001;992;j
RS;scainc992j;p25p26;2006;0.0044;992;j
RS;scainc992j;p25p26;2007;0.0043000001;992;j
RS;scainc992j;p25p26;2008;0.0041999999;992;j
RS;scainc992j;p25p26;2009;0.0038999999;992;j
RS;scainc992j;p25p26;2010;0.0035999999;992;j
RS;scainc992j;p25p26;2011;0.0033;992;j
RS;scainc992j;p25p26;2012;0.0034;992;j
RS;scainc992j;p25p26;2013;0.0029;992;j
RS;scainc992j;p25p26;2014;0.0033;992;j
RS;scainc992j;p25p26;2015;0.003;992;j
RS;scainc992j;p25p26;2016;0.003;992;j
RS;scainc992j;p25p26;2017;0.003;992;j
RS;scainc992j;p40p41;1990;0.0070000002;992;j
RS;scainc992j;p40p41;1991;0.0070000002;992;j
RS;scainc992j;p40p41;1992;0.0071;992;j
RS;scainc992j;p40p41;1993;0.0071;992;j
RS;scainc992j;p40p41;1994;0.0071;992;j
RS;scainc992j;p40p41;1995;0.0071;992;j
RS;scainc992j;p40p41;1996;0.0071;992;j
RS;scainc992j;p40p41;1997;0.0071;992;j
RS;scainc992j;p40p41;1998;0.0070000002;992;j
RS;scainc992j;p40p41;1999;0.0070000002;992;j
RS;scainc992j;p40p41;2000;0.0068999999;992;j
RS;scainc992j;p40p41;2001;0.0068999999;992;j
RS;scainc992j;p40p41;2002;0.0068000001;992;j
RS;scainc992j;p40p41;2003;0.0068000001;992;j
RS;scainc992j;p40p41;2004;0.0066;992;j
RS;scainc992j;p40p41;2005;0.0065000001;992;j
RS;scainc992j;p40p41;2006;0.0063999998;992;j
RS;scainc992j;p40p41;2007;0.0063;992;j
RS;scainc992j;p40p41;2008;0.0063;992;j
RS;scainc992j;p40p41;2009;0.0062000002;992;j
RS;scainc992j;p40p41;2010;0.0060000001;992;j
RS;scainc992j;p40p41;2011;0.0059000002;992;j
RS;scainc992j;p40p41;2012;0.0057999999;992;j
RS;scainc992j;p40p41;2013;0.0057000001;992;j
RS;scainc992j;p40p41;2014;0.0057000001;992;j
RS;scainc992j;p40p41;2015;0.0055999998;992;j
RS;scainc992j;p40p41;2016;0.0055999998;992;j
RS;scainc992j;p40p41;2017;0.0055999998;992;j
RS;scainc992j;p46p100;1990;0.80519998;992;j
RS;scainc992j;p46p100;1991;0.8035;992;j
RS;scainc992j;p46p100;1992;0.80180001;992;j
RS;scainc992j;p46p100;1993;0.80019999;992;j
RS;scainc992j;p46p100;1994;0.7985;992;j
RS;scainc992j;p46p100;1995;0.79689997;992;j
RS;scainc992j;p46p100;1996;0.7949;992;j
RS;scainc992j;p46p100;1997;0.79290003;992;j
RS;scainc992j;p46p100;1998;0.79049999;992;j
RS;scainc992j;p46p100;1999;0.79070002;992;j
RS;scainc992j;p46p100;2000;0.79350001;992;j
RS;scainc992j;p46p100;2001;0.79470003;992;j
RS;scainc992j;p46p100;2002;0.80559999;992;j
RS;scainc992j;p46p100;2003;0.80839998;992;j
RS;scainc992j;p46p100;2004;0.81849998;992;j
RS;scainc992j;p46p100;2005;0.82319999;992;j
RS;scainc992j;p46p100;2006;0.83149999;992;j
RS;scainc992j;p46p100;2007;0.83520001;992;j
RS;scainc992j;p46p100;2008;0.83920002;992;j
RS;scainc992j;p46p100;2009;0.8434;992;j
RS;scainc992j;p46p100;2010;0.85299999;992;j
RS;scainc992j;p46p100;2011;0.8617;992;j
RS;scainc992j;p46p100;2012;0.86449999;992;j
RS;scainc992j;p46p100;2013;0.8678;992;j
RS;scainc992j;p46p100;2014;0.84780002;992;j
RS;scainc992j;p46p100;2015;0.8635;992;j
RS;scainc992j;p46p100;2016;0.86339998;992;j
RS;scainc992j;p46p100;2017;0.86360002;992;j
RS;scainc992j;p7p8;1990;0.0018;992;j
RS;scainc992j;p7p8;1991;0.0018;992;j
RS;scainc992j;p7p8;1992;0.0018;992;j
RS;scainc992j;p7p8;1993;0.0018;992;j
RS;scainc992j;p7p8;1994;0.0019;992;j
RS;scainc992j;p7p8;1995;0.0019;992;j
RS;scainc992j;p7p8;1996;0.0019;992;j
RS;scainc992j;p7p8;1997;0.0020000001;992;j
RS;scainc992j;p7p8;1998;0.0022;992;j
RS;scainc992j;p7p8;1999;0.0022;992;j
RS;scainc992j;p7p8;2000;0.0020999999;992;j
RS;scainc992j;p7p8;2001;0.0020999999;992;j
RS;scainc992j;p7p8;2002;0.0016;992;j
RS;scainc992j;p7p8;2003;0.0016;992;j
RS;scainc992j;p7p8;2004;0.0013;992;j
RS;scainc992j;p7p8;2005;0.0012000001;992;j
RS;scainc992j;p7p8;2006;0.001;992;j
RS;scainc992j;p7p8;2007;0.0008;992;j
RS;scainc992j;p7p8;2008;0.0008;992;j
RS;scainc992j;p7p8;2009;0.0008;992;j
RS;scainc992j;p7p8;2010;0.0007;992;j
RS;scainc992j;p7p8;2011;0.0006;992;j
RS;scainc992j;p7p8;2012;0.0004;992;j
RS;scainc992j;p7p8;2013;0.0008;992;j
RS;scainc992j;p7p8;2014;0.0016;992;j
RS;scainc992j;p7p8;2015;0.0011;992;j
RS;scainc992j;p7p8;2016;0.0011;992;j
RS;scainc992j;p7p8;2017;0.0011;992;j
RS;scainc992j;p99.4p99.5;1990;0.0052999998;992;j
RS;scainc992j;p99.4p99.5;1991;0.0052999998;992;j
RS;scainc992j;p99.4p99.5;1992;0.0052999998;992;j
RS;scainc992j;p99.4p99.5;1993;0.0052999998;992;j
RS;scainc992j;p99.4p99.5;1994;0.0052999998;992;j
RS;scainc992j;p99.4p99.5;1995;0.0052999998;992;j
RS;scainc992j;p99.4p99.5;1996;0.0052999998;992;j
RS;scainc992j;p99.4p99.5;1997;0.0052;992;j
RS;scainc992j;p99.4p99.5;1998;0.0052999998;992;j
RS;scainc992j;p99.4p99.5;1999;0.0055;992;j
RS;scainc992j;p99.4p99.5;2000;0.0057999999;992;j
RS;scainc992j;p99.4p99.5;2001;0.0060000001;992;j
RS;scainc992j;p99.4p99.5;2002;0.0062000002;992;j
RS;scainc992j;p99.4p99.5;2003;0.0060999999;992;j
RS;scainc992j;p99.4p99.5;2004;0.0062000002;992;j
RS;scainc992j;p99.4p99.5;2005;0.0063999998;992;j
RS;scainc992j;p99.4p99.5;2006;0.0066;992;j
RS;scainc992j;p99.4p99.5;2007;0.0065000001;992;j
RS;scainc992j;p99.4p99.5;2008;0.0065000001;992;j
RS;scainc992j;p99.4p99.5;2009;0.0066999998;992;j
RS;scainc992j;p99.4p99.5;2010;0.0070000002;992;j
RS;scainc992j;p99.4p99.5;2011;0.0071;992;j
RS;scainc992j;p99.4p99.5;2012;0.0074;992;j
RS;scainc992j;p99.4p99.5;2013;0.0071999999;992;j
RS;scainc992j;p99.4p99.5;2014;0.0073000002;992;j
RS;scainc992j;p99.4p99.5;2015;0.0078999996;992;j
RS;scainc992j;p99.4p99.5;2016;0.0078999996;992;j
RS;scainc992j;p99.4p99.5;2017;0.0078999996;992;j
RS;sdiinc992j;p25p26;1990;0.0049999999;992;j
RS;sdiinc992j;p25p26;1991;0.0051000002;992;j
RS;sdiinc992j;p25p26;1992;0.0052;992;j
RS;sdiinc992j;p25p26;1993;0.0052;992;j
RS;sdiinc992j;p25p26;1994;0.0052999998;992;j
RS;sdiinc992j;p25p26;1995;0.0054000001;992;j
RS;sdiinc992j;p25p26;1996;0.0054000001;992;j
RS;sdiinc992j;p25p26;1997;0.0055;992;j
RS;sdiinc992j;p25p26;1998;0.0055;992;j
RS;sdiinc992j;p25p26;1999;0.0055;992;j
RS;sdiinc992j;p25p26;2000;0.0055;992;j
RS;sdiinc992j;p25p26;2001;0.0055;992;j
RS;sdiinc992j;p25p26;2002;0.0054000001;992;j
RS;sdiinc992j;p25p26;2003;0.0052999998;992;j
RS;sdiinc992j;p25p26;2004;0.0051000002;992;j
RS;sdiinc992j;p25p26;2005;0.0049999999;992;j
RS;sdiinc992j;p25p26;2006;0.0046999999;992;j
RS;sdiinc992j;p25p26;2007;0.0046999999;992;j
RS;sdiinc992j;p25p26;2008;0.0046000001;992;j
RS;sdiinc992j;p25p26;2009;0.0044;992;j
RS;sdiinc992j;p25p26;2010;0.0041;992;j
RS;sdiinc992j;p25p26;2011;0.0038000001;992;j
RS;sdiinc992j;p25p26;2012;0.0038999999;992;j
RS;sdiinc992j;p25p26;2013;0.0034;992;j
RS;sdiinc992j;p25p26;2014;0.0038000001;992;j
RS;sdiinc992j;p25p26;2015;0.0035000001;992;j
RS;sdiinc992j;p25p26;2016;0.0034;992;j
RS;sdiinc992j;p25p26;2017;0.0034;992;j
RS;sptinc992j;p11p12;1990;0.0023000001;992;j
RS;sptinc992j;p11p12;1991;0.0024000001;992;j
RS;sptinc992j;p11p12;1992;0.0024000001;992;j
RS;sptinc992j;p11p12;1993;0.0024000001;992;j
RS;sptinc992j;p11p12;1994;0.0024000001;992;j
RS;sptinc992j;p11p12;1995;0.0024000001;992;j
RS;sptinc992j;p11p12;1996;0.0024000001;992;j
RS;sptinc992j;p11p12;1997;0.0024000001;992;j
RS;sptinc992j;p11p12;1998;0.0026;992;j
RS;sptinc992j;p11p12;1999;0.0026;992;j
RS;sptinc992j;p11p12;2000;0.0026;992;j
RS;sptinc992j;p11p12;2001;0.0026;992;j
RS;sptinc992j;p11p12;2002;0.0023000001;992;j
RS;sptinc992j;p11p12;2003;0.0022;992;j
RS;sptinc992j;p11p12;2004;0.0020000001;992;j
RS;sptinc992j;p11p12;2005;0.0018;992;j
RS;sptinc992j;p11p12;2006;0.0015;992;j
RS;sptinc992j;p11p12;2007;0.0013;992;j
RS;sptinc992j;p11p12;2008;0.0011;992;j
RS;sptinc992j;p11p12;2009;0.0009;992;j
RS;sptinc992j;p11p12;2010;0.0008;992;j
RS;sptinc992j;p11p12;2011;0.0007;992;j
RS;sptinc992j;p11p12;2012;0.0007;992;j
RS;sptinc992j;p11p12;2013;0.0006;992;j
RS;sptinc992j;p11p12;2014;0.0006;992;j
RS;sptinc992j;p11p12;2015;0.0006;992;j
RS;sptinc992j;p11p12;2016;0.0006;992;j
RS;sptinc992j;p11p12;2017;0.0006;992;j
RS;sptinc992j;p24p25;1990;0.0041999999;992;j
RS;sptinc992j;p24p25;1991;0.0041999999;992;j
RS;sptinc992j;p24p25;1992;0.0041;992;j
RS;sptinc992j;p24p25;1993;0.0041;992;j
RS;sptinc992j;p24p25;1994;0.0041;992;j
RS;sptinc992j;p24p25;1995;0.0041;992;j
RS;sptinc992j;p24p25;1996;0.0041;992;j
RS;sptinc992j;p24p25;1997;0.0041;992;j
RS;sptinc992j;p24p25;1998;0.0041999999;992;j
RS;sptinc992j;p24p25;1999;0.0041999999;992;j
RS;sptinc992j;p24p25;2000;0.0041;992;j
RS;sptinc992j;p24p25;2001;0.0041;992;j
RS;sptinc992j;p24p25;2002;0.0038999999;992;j
RS;sptinc992j;p24p25;2003;0.0038000001;992;j
RS;sptinc992j;p24p25;2004;0.0035999999;992;j
RS;sptinc992j;p24p25;2005;0.0034;992;j
RS;sptinc992j;p24p25;2006;0.0033;992;j
RS;sptinc992j;p24p25;2007;0.0031999999;992;j
RS;sptinc992j;p24p25;2008;0.003;992;j
RS;sptinc992j;p24p25;2009;0.0029;992;j
RS;sptinc992j;p24p25;2010;0.0027999999;992;j
RS;sptinc992j;p24p25;2011;0.0024000001;992;j
RS;sptinc992j;p24p25;2012;0.0023000001;992;j
RS;sptinc992j;p24p25;2013;0.0023000001;992;j
RS;sptinc992j;p24p25;2014;0.0022;992;j
RS;sptinc992j;p24p25;2015;0.0023000001;992;j
RS;sptinc992j;p24p25;2016;0.0023000001;992;j
RS;sptinc992j;p24p25;2017;0.0023000001;992;j
RS;sptinc992j;p52p53;1990;0.0085000005;992;j
RS;sptinc992j;p52p53;1991;0.0085000005;992;j
RS;sptinc992j;p52p53;1992;0.0083999997;992;j
RS;sptinc992j;p52p53;1993;0.0083999997;992;j
RS;sptinc992j;p52p53;1994;0.0083999997;992;j
RS;sptinc992j;p52p53;1995;0.0082999999;992;j
RS;sptinc992j;p52p53;1996;0.0082999999;992;j
RS;sptinc992j;p52p53;1997;0.0082999999;992;j
RS;sptinc992j;p52p53;1998;0.0082;992;j
RS;sptinc992j;p52p53;1999;0.0082;992;j
RS;sptinc992j;p52p53;2000;0.0081000002;992;j
RS;sptinc992j;p52p53;2001;0.0080000004;992;j
RS;sptinc992j;p52p53;2002;0.0080000004;992;j
RS;sptinc992j;p52p53;2003;0.0080000004;992;j
RS;sptinc992j;p52p53;2004;0.0077999998;992;j
RS;sptinc992j;p52p53;2005;0.0077;992;j
RS;sptinc992j;p52p53;2006;0.0077;992;j
RS;sptinc992j;p52p53;2007;0.0077999998;992;j
RS;sptinc992j;p52p53;2008;0.0077999998;992;j
RS;sptinc992j;p52p53;2009;0.0077;992;j
RS;sptinc992j;p52p53;2010;0.0076000001;992;j
RS;sptinc992j;p52p53;2011;0.0074999998;992;j
RS;sptinc992j;p52p53;2012;0.0074999998;992;j
RS;sptinc992j;p52p53;2013;0.0077;992;j
RS;sptinc992j;p52p53;2014;0.0074;992;j
RS;sptinc992j;p52p53;2015;0.0074999998;992;j
RS;sptinc992j;p52p53;2016;0.0074999998;992;j
RS;sptinc992j;p52p53;2017;0.0074999998;992;j
RS;sptinc992j;p83p84;1990;0.0153;992;j
RS;sptinc992j;p83p84;1991;0.0152;992;j
RS;sptinc992j;p83p84;1992;0.0152;992;j
RS;sptinc992j;p83p84;1993;0.0151;992;j
RS;sptinc992j;p83p84;1994;0.0151;992;j
RS;sptinc992j;p83p84;1995;0.015;992;j
RS;sptinc992j;p83p84;1996;0.015;992;j
RS;sptinc992j;p83p84;1997;0.0149;992;j
RS;sptinc992j;p83p84;1998;0.0147;992;j
RS;sptinc992j;p83p84;1999;0.0147;992;j
RS;sptinc992j;p83p84;2000;0.0145;992;j
RS;sptinc992j;p83p84;2001;0.0144;992;j
RS;sptinc992j;p83p84;2002;0.0146;992;j
RS;sptinc992j;p83p84;2003;0.0146;992;j
RS;sptinc992j;p83p84;2004;0.0147;992;j
RS;sptinc992j;p83p84;2005;0.0148;992;j
RS;sptinc992j;p83p84;2006;0.0149;992;j
RS;sptinc992j;p83p84;2007;0.0153;992;j
RS;sptinc992j;p83p84;2008;0.0155;992;j
RS;sptinc992j;p83p84;2009;0.0155;992;j
RS;sptinc992j;p83p84;2010;0.0156;992;j
RS;sptinc992j;p83p84;2011;0.015699999;992;j
RS;sptinc992j;p83p84;2012;0.016000001;992;j
RS;sptinc992j;p83p84;2013;0.016000001;992;j
RS;sptinc992j;p83p84;2014;0.015699999;992;j
RS;sptinc992j;p83p84;2015;0.0155;992;j
RS;sptinc992j;p83p84;2016;0.0155;992;j
RS;sptinc992j;p83p84;2017;0.0155;992;j
RS;tcainc992j;p16p100;1990;149368.5;992;j
RS;tcainc992j;p16p100;1991;132636.91;992;j
RS;tcainc992j;p16p100;1992;92851.797;992;j
RS;tcainc992j;p16p100;1993;61401.801;992;j
RS;tcainc992j;p16p100;1994;64553.602;992;j
RS;tcainc992j;p16p100;1995;69361.5;992;j
RS;tcainc992j;p16p100;1996;71029.398;992;j
RS;tcainc992j;p16p100;1997;76430.797;992;j
RS;tcainc992j;p16p100;1998;90374.602;992;j
RS;tcainc992j;p16p100;1999;105190.3;992;j
RS;tcainc992j;p16p100;2000;110838.6;992;j
RS;tcainc992j;p16p100;2001;105345.8;992;j
RS;tcainc992j;p16p100;2002;97244.398;992;j
RS;tcainc992j;p16p100;2003;101742.3;992;j
RS;tcainc992j;p16p100;2004;107266.9;992;j
RS;tcainc992j;p16p100;2005;117135.0;992;j
RS;tcainc992j;p16p100;2006;109463.4;992;j
RS;tcainc992j;p16p100;2007;102561.6;992;j
RS;tcainc992j;p16p100;2008;104428.0;992;j
RS;tcainc992j;p16p100;2009;97591.602;992;j
RS;tcainc992j;p16p100;2010;83411.5;992;j
RS;tcainc992j;p16p100;2011;73284.297;992;j
RS;tcainc992j;p16p100;2012;70729.398;992;j
RS;tcainc992j;p16p100;2013;65560.0;992;j
RS;tcainc992j;p16p100;2014;100345.9;992;j
RS;tcainc992j;p16p100;2015;76119.602;992;j
RS;tcainc992j;p16p100;2016;79114.797;992;j
RS;tcainc992j;p16p100;2017;78956.898;992;j
RS;tcainc992j;p50p90;1990;434297.59;992;j
RS;tcainc992j;p50p90;1991;378035.41;992;j
RS;tcainc992j;p50p90;1992;259286.0;992;j
RS;tcainc992j;p50p90;1993;168386.8;992;j
RS;tcainc992j;p50p90;1994;173662.2;992;j
RS;tcainc992j;p50p90;1995;183285.09;992;j
RS;tcainc992j;p50p90;1996;185189.3;992;j
RS;tcainc992j;p50p90;1997;195720.2;992;j
RS;tcainc992j;p50p90;1998;209541.0;992;j
RS;tcainc992j;p50p90;1999;238566.59;992;j
RS;tcainc992j;p50p90;2000;256755.09;992;j
RS;tcainc992j;p50p90;2001;248336.09;992;j
RS;tcainc992j;p50p90;2002;258826.91;992;j
RS;tcainc992j;p50p90;2003;269731.19;992;j
RS;tcainc992j;p50p90;2004;321512.0;992;j
RS;tcainc992j;p50p90;2005;357735.69;992;j
RS;tcainc992j;p50p90;2006;373978.59;992;j
RS;tcainc992j;p50p90;2007;374150.0;992;j
RS;tcainc992j;p50p90;2008;398989.5;992;j
RS;tcainc992j;p50p90;2009;391713.31;992;j
RS;tcainc992j;p50p90;2010;385367.5;992;j
RS;tcainc992j;p50p90;2011;384621.69;992;j
RS;tcainc992j;p50p90;2012;377160.31;992;j
RS;tcainc992j;p50p90;2013;389343.41;992;j
RS;tcainc992j;p50p90;2014;371716.19;992;j
RS;tcainc992j;p50p90;2015;371500.0;992;j
RS;tcainc992j;p50p90;2016;385287.91;992;j
RS;tcainc992j;p50p90;2017;385459.41;992;j
RS;tcainc992j;p79p80;1990;727694.13;992;j
RS;tcainc992j;p79p80;1991;630282.69;992;j
RS;tcainc992j;p79p80;1992;430449.0;992;j
RS;tcainc992j;p79p80;1993;277885.81;992;j
RS;tcainc992j;p79p80;1994;284818.19;992;j
RS;tcainc992j;p79p80;1995;299174.0;992;j
RS;tcainc992j;p79p80;1996;300920.09;992;j
RS;tcainc992j;p79p80;1997;316663.91;992;j
RS;tcainc992j;p79p80;1998;341899.31;992;j
RS;tcainc992j;p79p80;1999;386263.41;992;j
RS;tcainc992j;p79p80;2000;415540.91;992;j
RS;tcainc992j;p79p80;2001;400848.19;992;j
RS;tcainc992j;p79p80;2002;426491.5;992;j
RS;tcainc992j;p79p80;2003;450266.5;992;j
RS;tcainc992j;p79p80;2004;545897.63;992;j
RS;tcainc992j;p79p80;2005;621475.13;992;j
RS;tcainc992j;p79p80;2006;656693.88;992;j
RS;tcainc992j;p79p80;2007;663150.31;992;j
RS;tcainc992j;p79p80;2008;720398.0;992;j
RS;tcainc992j;p79p80;2009;706582.19;992;j
RS;tcainc992j;p79p80;2010;713673.19;992;j
RS;tcainc992j;p79p80;2011;724329.63;992;j
RS;tcainc992j;p79p80;2012;720874.88;992;j
RS;tcainc992j;p79p80;2013;755500.69;992;j
RS;tcainc992j;p79p80;2014;692214.31;992;j
RS;tcainc992j;p79p80;2015;684218.13;992;j
RS;tcainc992j;p79p80;2016;709281.31;992;j
RS;tcainc992j;p79p80;2017;709868.0;992;j
RS;tcainc992j;p99.2p99.3;1990;2323129.0;992;j
RS;tcainc992j;p99.2p99.3;1991;2010948.3;992;j
RS;tcainc992j;p99.2p99.3;1992;1378309.0;992;j
RS;tcainc992j;p99.2p99.3;1993;897449.13;992;j
RS;tcainc992j;p99.2p99.3;1994;925295.88;992;j
RS;tcainc992j;p99.2p99.3;1995;977852.13;992;j
RS;tcainc992j;p99.2p99.3;1996;979953.81;992;j
RS;tcainc992j;p99.2p99.3;1997;1027963.3;992;j
RS;tcainc992j;p99.2p99.3;1998;1144995.8;992;j
RS;tcainc992j;p99.2p99.3;1999;1341948.6;992;j
RS;tcainc992j;p99.2p99.3;2000;1528626.9;992;j
RS;tcainc992j;p99.2p99.3;2001;1518847.9;992;j
RS;tcainc992j;p99.2p99.3;2002;1642363.4;992;j
RS;tcainc992j;p99.2p99.3;2003;1720184.4;992;j
RS;tcainc992j;p99.2p99.3;2004;2086824.3;992;j
RS;tcainc992j;p99.2p99.3;2005;2429224.3;992;j
RS;tcainc992j;p99.2p99.3;2006;2654992.3;992;j
RS;tcainc992j;p99.2p99.3;2007;2634433.0;992;j
RS;tcainc992j;p99.2p99.3;2008;2861258.8;992;j
RS;tcainc992j;p99.2p99.3;2009;2885074.3;992;j
RS;tcainc992j;p99.2p99.3;2010;3003009.0;992;j
RS;tcainc992j;p99.2p99.3;2011;3121617.3;992;j
RS;tcainc992j;p99.2p99.3;2012;3166199.3;992;j
RS;tcainc992j;p99.2p99.3;2013;3199428.0;992;j
RS;tcainc992j;p99.2p99.3;2014;3081016.8;992;j
RS;tcainc992j;p99.2p99.3;2015;3274715.3;992;j
RS;tcainc992j;p99.2p99.3;2016;3396152.3;992;j
RS;tcainc992j;p99.2p99.3;2017;3399521.5;992;j
RS;tcainc992j;p9p100;1990;103901.4;992;j
RS;tcainc992j;p9p100;1991;91713.0;992;j
RS;tcainc992j;p9p100;1992;64075.301;992;j
RS;tcainc992j;p9p100;1993;42397.5;992;j
RS;tcainc992j;p9p100;1994;44417.102;992;j
RS;tcainc992j;p9p100;1995;48456.0;992;j
RS;tcainc992j;p9p100;1996;49871.102;992;j
RS;tcainc992j;p9p100;1997;53645.898;992;j
RS;tcainc992j;p9p100;1998;66381.602;992;j
RS;tcainc992j;p9p100;1999;76195.0;992;j
RS;tcainc992j;p9p100;2000;79465.0;992;j
RS;tcainc992j;p9p100;2001;77534.297;992;j
RS;tcainc992j;p9p100;2002;65909.898;992;j
RS;tcainc992j;p9p100;2003;63503.5;992;j
RS;tcainc992j;p9p100;2004;62423.602;992;j
RS;tcainc992j;p9p100;2005;66584.0;992;j
RS;tcainc992j;p9p100;2006;59043.801;992;j
RS;tcainc992j;p9p100;2007;49587.5;992;j
RS;tcainc992j;p9p100;2008;49703.0;992;j
RS;tcainc992j;p9p100;2009;47274.602;992;j
RS;tcainc992j;p9p100;2010;40805.398;992;j
RS;tcainc992j;p9p100;2011;34849.898;992;j
RS;tcainc992j;p9p100;2012;29118.6;992;j
RS;tcainc992j;p9p100;2013;47604.199;992;j
RS;tcainc992j;p9p100;2014;84183.5;992;j
RS;tcainc992j;p9p100;2015;59429.602;992;j
RS;tcainc992j;p9p100;2016;61749.801;992;j
RS;tcainc992j;p9p100;2017;61730.801;992;j
RS;tdiinc992j;p22p23;1990;331469.81;992;j
RS;tdiinc992j;p22p23;1991;291667.91;992;j
RS;tdiinc992j;p22p23;1992;202253.59;992;j
RS;tdiinc992j;p22p23;1993;133123.5;992;j
RS;tdiinc992j;p22p23;1994;139299.2;992;j
RS;tdiinc992j;p22p23;1995;149260.5;992;j
RS;tdiinc992j;p22p23;1996;153074.2;992;j
RS;tdiinc992j;p22p23;1997;165045.3;992;j
RS;tdiinc992j;p22p23;1998;176966.8;992;j
RS;tdiinc992j;p22p23;1999;190377.0;992;j
RS;tdiinc992j;p22p23;2000;212180.3;992;j
RS;tdiinc992j;p22p23;2001;212394.2;992;j
RS;tdiinc992j;p22p23;2002;218678.7;992;j
RS;tdiinc992j;p22p23;2003;224782.3;992;j
RS;tdiinc992j;p22p23;2004;237369.2;992;j
RS;tdiinc992j;p22p23;2005;260151.41;992;j
RS;tdiinc992j;p22p23;2006;259315.91;992;j
RS;tdiinc992j;p22p23;2007;266307.19;992;j
RS;tdiinc992j;p22p23;2008;274738.19;992;j
RS;tdiinc992j;p22p23;2009;249766.0;992;j
RS;tdiinc992j;p22p23;2010;230663.5;992;j
RS;tdiinc992j;p22p23;2011;210424.59;992;j
RS;tdiinc992j;p22p23;2012;218285.91;992;j
RS;tdiinc992j;p22p23;2013;187616.7;992;j
RS;tdiinc992j;p22p23;2014;216685.0;992;j
RS;tdiinc992j;p22p23;2015;192133.91;992;j
RS;tdiinc992j;p22p23;2016;191788.59;992;j
RS;tdiinc992j;p22p23;2017;192013.41;992;j
RS;tdiinc992j;p37p100;1990;501347.5;992;j
RS;tdiinc992j;p37p100;1991;436446.69;992;j
RS;tdiinc992j;p37p100;1992;299730.5;992;j
RS;tdiinc992j;p37p100;1993;194615.3;992;j
RS;tdiinc992j;p37p100;1994;201039.5;992;j
RS;tdiinc992j;p37p100;1995;212733.59;992;j
RS;tdiinc992j;p37p100;1996;215319.0;992;j
RS;tdiinc992j;p37p100;1997;229263.7;992;j
RS;tdiinc992j;p37p100;1998;233184.09;992;j
RS;tdiinc992j;p37p100;1999;252861.8;992;j
RS;tdiinc992j;p37p100;2000;276369.5;992;j
RS;tdiinc992j;p37p100;2001;276240.69;992;j
RS;tdiinc992j;p37p100;2002;293232.69;992;j
RS;tdiinc992j;p37p100;2003;306661.41;992;j
RS;tdiinc992j;p37p100;2004;337904.59;992;j
RS;tdiinc992j;p37p100;2005;369433.0;992;j
RS;tdiinc992j;p37p100;2006;385076.19;992;j
RS;tdiinc992j;p37p100;2007;397497.09;992;j
RS;tdiinc992j;p37p100;2008;417965.81;992;j
RS;tdiinc992j;p37p100;2009;404455.5;992;j
RS;tdiinc992j;p37p100;2010;395828.41;992;j
RS;tdiinc992j;p37p100;2011;387508.0;992;j
RS;tdiinc992j;p37p100;2012;380582.81;992;j
RS;tdiinc992j;p37p100;2013;378281.91;992;j
RS;tdiinc992j;p37p100;2014;377445.69;992;j
RS;tdiinc992j;p37p100;2015;371033.09;992;j
RS;tdiinc992j;p37p100;2016;378479.31;992;j
RS;tdiinc992j;p37p100;2017;380060.5;992;j
RS;tdiinc992j;p99.91p99.92;1990;8780480.0;992;j
RS;tdiinc992j;p99.91p99.92;1991;7472289.5;992;j
RS;tdiinc992j;p99.91p99.92;1992;5007200.5;992;j
RS;tdiinc992j;p99.91p99.92;1993;3215010.0;992;j
RS;tdiinc992j;p99.91p99.92;1994;3283288.8;992;j
RS;tdiinc992j;p99.91p99.92;1995;3442175.3;992;j
RS;tdiinc992j;p99.91p99.92;1996;3409706.0;992;j
RS;tdiinc992j;p99.91p99.92;1997;3543123.3;992;j
RS;tdiinc992j;p99.91p99.92;1998;3892565.8;992;j
RS;tdiinc992j;p99.91p99.92;1999;4675631.0;992;j
RS;tdiinc992j;p99.91p99.92;2000;5441661.5;992;j
RS;tdiinc992j;p99.91p99.92;2001;5760090.0;992;j
RS;tdiinc992j;p99.91p99.92;2002;6212753.5;992;j
RS;tdiinc992j;p99.91p99.92;2003;6453195.5;992;j
RS;tdiinc992j;p99.91p99.92;2004;7362247.5;992;j
RS;tdiinc992j;p99.91p99.92;2005;8553345.0;992;j
RS;tdiinc992j;p99.91p99.92;2006;9081105.0;992;j
RS;tdiinc992j;p99.91p99.92;2007;8859381.0;992;j
RS;tdiinc992j;p99.91p99.92;2008;9180029.0;992;j
RS;tdiinc992j;p99.91p99.92;2009;9763281.0;992;j
RS;tdiinc992j;p99.91p99.92;2010;9900282.0;992;j
RS;tdiinc992j;p99.91p99.92;2011;10121800.0;992;j
RS;tdiinc992j;p99.91p99.92;2012;11686846.0;992;j
RS;tdiinc992j;p99.91p99.92;2013;10859438.0;992;j
RS;tdiinc992j;p99.91p99.92;2014;12772490.0;992;j
RS;tdiinc992j;p99.91p99.92;2015;15519265.0;992;j
RS;tdiinc992j;p99.91p99.92;2016;16197437.0;992;j
RS;tdiinc992j;p99.91p99.92;2017;16323977.0;992;j
RS;tdiinc992j;p99.97p100;1990;15418621.0;992;j
RS;tdiinc992j;p99.97p100;1991;12972573.0;992;j
RS;tdiinc992j;p99.97p100;1992;8555136.0;992;j
RS;tdiinc992j;p99.97p100;1993;5432434.5;992;j
RS;tdiinc992j;p99.97p100;1994;5506976.0;992;j
RS;tdiinc992j;p99.97p100;1995;5736646.5;992;j
RS;tdiinc992j;p99.97p100;1996;5640673.5;992;j
RS;tdiinc992j;p99.97p100;1997;5813941.0;992;j
RS;tdiinc992j;p99.97p100;1998;6448610.5;992;j
RS;tdiinc992j;p99.97p100;1999;8003282.0;992;j
RS;tdiinc992j;p99.97p100;2000;9330747.0;992;j
RS;tdiinc992j;p99.97p100;2001;10114323.0;992;j
RS;tdiinc992j;p99.97p100;2002;10714048.0;992;j
RS;tdiinc992j;p99.97p100;2003;11133377.0;992;j
RS;tdiinc992j;p99.97p100;2004;12710457.0;992;j
RS;tdiinc992j;p99.97p100;2005;14927122.0;992;j
RS;tdiinc992j;p99.97p100;2006;15498214.0;992;j
RS;tdiinc992j;p99.97p100;2007;14733763.0;992;j
RS;tdiinc992j;p99.97p100;2008;14861618.0;992;j
RS;tdiinc992j;p99.97p100;2009;16385730.0;992;j
RS;tdiinc992j;p99.97p100;2010;16351698.0;992;j
RS;tdiinc992j;p99.97p100;2011;16558488.0;992;j
RS;tdiinc992j;p99.97p100;2012;20698954.0;992;j
RS;tdiinc992j;p99.97p100;2013;18285806.0;992;j
RS;tdiinc992j;p99.97p100;2014;24341002.0;992;j
RS;tdiinc992j;p99.97p100;2015;31889398.0;992;j
RS;tdiinc992j;p99.97p100;2016;33297520.0;992;j
RS;tdiinc992j;p99.97p100;2017;33568728.0;992;j
RS;tptinc992j;p47p48;1990;563241.69;992;j
RS;tptinc992j;p47p48;1991;487165.31;992;j
RS;tptinc992j;p47p48;1992;332419.19;992;j
RS;tptinc992j;p47p48;1993;214273.59;992;j
RS;tptinc992j;p47p48;1994;219771.8;992;j
RS;tptinc992j;p47p48;1995;230531.09;992;j
RS;tptinc992j;p47p48;1996;231480.59;992;j
RS;tptinc992j;p47p48;1997;244633.91;992;j
RS;tptinc992j;p47p48;1998;251900.3;992;j
RS;tptinc992j;p47p48;1999;274614.5;992;j
RS;tptinc992j;p47p48;2000;298543.31;992;j
RS;tptinc992j;p47p48;2001;297042.09;992;j
RS;tptinc992j;p47p48;2002;317484.91;992;j
RS;tptinc992j;p47p48;2003;331724.09;992;j
RS;tptinc992j;p47p48;2004;367339.59;992;j
RS;tptinc992j;p47p48;2005;402582.91;992;j
RS;tptinc992j;p47p48;2006;424824.09;992;j
RS;tptinc992j;p47p48;2007;441820.69;992;j
RS;tptinc992j;p47p48;2008;466701.19;992;j
RS;tptinc992j;p47p48;2009;457464.91;992;j
RS;tptinc992j;p47p48;2010;447776.5;992;j
RS;tptinc992j;p47p48;2011;441739.0;992;j
RS;tptinc992j;p47p48;2012;435394.59;992;j
RS;tptinc992j;p47p48;2013;455551.59;992;j
RS;tptinc992j;p47p48;2014;433015.31;992;j
RS;tptinc992j;p47p48;2015;446591.09;992;j
RS;tptinc992j;p47p48;2016;460175.19;992;j
RS;tptinc992j;p47p48;2017;462538.31;992;j
RS;tptinc992j;p99.98p99.99;1990;21848524.0;992;j
RS;tptinc992j;p99.98p99.99;1991;19488252.0;992;j
RS;tptinc992j;p99.98p99.99;1992;13612986.0;992;j
RS;tptinc992j;p99.98p99.99;1993;9061345.0;992;j
RS;tptinc992j;p99.98p99.99;1994;9506042.0;992;j
RS;tptinc992j;p99.98p99.99;1995;10295135.0;992;j
RS;tptinc992j;p99.98p99.99;1996;10562936.0;992;j
RS;tptinc992j;p99.98p99.99;1997;11404515.0;992;j
RS;tptinc992j;p99.98p99.99;1998;11974176.0;992;j
RS;tptinc992j;p99.98p99.99;1999;13961306.0;992;j
RS;tptinc992j;p99.98p99.99;2000;16438065.0;992;j
RS;tptinc992j;p99.98p99.99;2001;17423092.0;992;j
RS;tptinc992j;p99.98p99.99;2002;18573776.0;992;j
RS;tptinc992j;p99.98p99.99;2003;19191528.0;992;j
RS;tptinc992j;p99.98p99.99;2004;22291864.0;992;j
RS;tptinc992j;p99.98p99.99;2005;24450774.0;992;j
RS;tptinc992j;p99.98p99.99;2006;26120002.0;992;j
RS;tptinc992j;p99.98p99.99;2007;25037488.0;992;j
RS;tptinc992j;p99.98p99.99;2008;27207832.0;992;j
RS;tptinc992j;p99.98p99.99;2009;26580460.0;992;j
RS;tptinc992j;p99.98p99.99;2010;26686290.0;992;j
RS;tptinc992j;p99.98p99.99;2011;28111460.0;992;j
RS;tptinc992j;p99.98p99.99;2012;23881490.0;992;j
RS;tptinc992j;p99.98p99.99;2013;25706130.0;992;j
RS;tptinc992j;p99.98p99.99;2014;34746496.0;992;j
RS;tptinc992j;p99.98p99.99;2015;33781432.0;992;j
RS;tptinc992j;p99.98p99.99;2016;34863752.0;992;j
RS;tptinc992j;p99.98p99.99;2017;35117776.0;992;j
RS;acainc992j;p14p15;1990;141789.7;992;j
RS;acainc992j;p14p15;1991;126059.0;992;j
RS;acainc992j;p14p15;1992;88252.102;992;j
RS;acainc992j;p14p15;1993;58460.602;992;j
RS;acainc992j;p14p15;1994;61478.5;992;j
RS;acainc992j;p14p15;1995;66165.797;992;j
RS;acainc992j;p14p15;1996;67992.0;992;j
RS;acainc992j;p14p15;1997;73119.5;992;j
RS;acainc992j;p14p15;1998;87146.898;992;j
RS;acainc992j;p14p15;1999;99830.0;992;j
RS;acainc992j;p14p15;2000;105589.4;992;j
RS;acainc992j;p14p15;2001;100279.2;992;j
RS;acainc992j;p14p15;2002;92331.703;992;j
RS;acainc992j;p14p15;2003;94487.203;992;j
RS;acainc992j;p14p15;2004;96724.102;992;j
RS;acainc992j;p14p15;2005;104835.1;992;j
RS;acainc992j;p14p15;2006;99286.5;992;j
RS;acainc992j;p14p15;2007;92222.0;992;j
RS;acainc992j;p14p15;2008;91123.5;992;j
RS;acainc992j;p14p15;2009;86387.0;992;j
RS;acainc992j;p14p15;2010;75199.898;992;j
RS;acainc992j;p14p15;2011;64477.5;992;j
RS;acainc992j;p14p15;2012;59678.602;992;j
RS;acainc992j;p14p15;2013;60941.0;992;j
RS;acainc992j;p14p15;2014;97004.5;992;j
RS;acainc992j;p14p15;2015;72586.203;992;j
RS;acainc992j;p14p15;2016;75446.0;992;j
RS;acainc992j;p14p15;2017;75322.898;992;j
RS;acainc992j;p37p100;1990;715262.13;992;j
RS;acainc992j;p37p100;1991;619831.69;992;j
RS;acainc992j;p37p100;1992;423559.31;992;j
RS;acainc992j;p37p100;1993;274105.19;992;j
RS;acainc992j;p37p100;1994;281707.19;992;j
RS;acainc992j;p37p100;1995;296702.59;992;j
RS;acainc992j;p37p100;1996;298396.59;992;j
RS;acainc992j;p37p100;1997;314113.09;992;j
RS;acainc992j;p37p100;1998;342923.0;992;j
RS;acainc992j;p37p100;1999;391611.91;992;j
RS;acainc992j;p37p100;2000;425947.59;992;j
RS;acainc992j;p37p100;2001;415671.59;992;j
RS;acainc992j;p37p100;2002;439231.69;992;j
RS;acainc992j;p37p100;2003;464186.19;992;j
RS;acainc992j;p37p100;2004;560468.5;992;j
RS;acainc992j;p37p100;2005;640823.69;992;j
RS;acainc992j;p37p100;2006;681388.0;992;j
RS;acainc992j;p37p100;2007;683030.38;992;j
RS;acainc992j;p37p100;2008;734429.69;992;j
RS;acainc992j;p37p100;2009;729458.63;992;j
RS;acainc992j;p37p100;2010;739050.81;992;j
RS;acainc992j;p37p100;2011;752782.81;992;j
RS;acainc992j;p37p100;2012;753060.81;992;j
RS;acainc992j;p37p100;2013;773162.19;992;j
RS;acainc992j;p37p100;2014;742694.5;992;j
RS;acainc992j;p37p100;2015;761721.0;992;j
RS;acainc992j;p37p100;2016;789930.63;992;j
RS;acainc992j;p37p100;2017;790702.19;992;j
RS;acainc992j;p43p44;1990;381394.69;992;j
RS;acainc992j;p43p44;1991;332821.69;992;j
RS;acainc992j;p43p44;1992;228582.5;992;j
RS;acainc992j;p43p44;1993;148472.2;992;j
RS;acainc992j;p43p44;1994;153249.7;992;j
RS;acainc992j;p43p44;1995;161963.0;992;j
RS;acainc992j;p43p44;1996;163824.2;992;j
RS;acainc992j;p43p44;1997;173459.7;992;j
RS;acainc992j;p43p44;1998;185260.2;992;j
RS;acainc992j;p43p44;1999;210898.41;992;j
RS;acainc992j;p43p44;2000;227102.8;992;j
RS;acainc992j;p43p44;2001;220406.0;992;j
RS;acainc992j;p43p44;2002;228251.2;992;j
RS;acainc992j;p43p44;2003;239335.41;992;j
RS;acainc992j;p43p44;2004;283092.69;992;j
RS;acainc992j;p43p44;2005;315170.19;992;j
RS;acainc992j;p43p44;2006;328362.41;992;j
RS;acainc992j;p43p44;2007;326547.5;992;j
RS;acainc992j;p43p44;2008;345800.09;992;j
RS;acainc992j;p43p44;2009;339094.5;992;j
RS;acainc992j;p43p44;2010;330924.81;992;j
RS;acainc992j;p43p44;2011;327431.81;992;j
RS;acainc992j;p43p44;2012;321951.81;992;j
RS;acainc992j;p43p44;2013;328816.5;992;j
RS;acainc992j;p43p44;2014;320172.91;992;j
RS;acainc992j;p43p44;2015;316145.5;992;j
RS;acainc992j;p43p44;2016;327887.59;992;j
RS;acainc992j;p43p44;2017;328018.0;992;j
RS;acainc992j;p52p53;1990;451809.09;992;j
RS;acainc992j;p52p53;1991;393131.0;992;j
RS;acainc992j;p52p53;1992;269668.09;992;j
RS;acainc992j;p52p53;1993;174908.2;992;j
RS;acainc992j;p52p53;1994;180189.7;992;j
RS;acainc992j;p52p53;1995;190179.2;992;j
RS;acainc992j;p52p53;1996;192060.3;992;j
RS;acainc992j;p52p53;1997;202989.7;992;j
RS;acainc992j;p52p53;1998;219240.3;992;j
RS;acainc992j;p52p53;1999;248488.09;992;j
RS;acainc992j;p52p53;2000;267764.0;992;j
RS;acainc992j;p52p53;2001;259635.3;992;j
RS;acainc992j;p52p53;2002;269520.41;992;j
RS;acainc992j;p52p53;2003;282367.91;992;j
RS;acainc992j;p52p53;2004;336274.91;992;j
RS;acainc992j;p52p53;2005;376816.41;992;j
RS;acainc992j;p52p53;2006;394128.0;992;j
RS;acainc992j;p52p53;2007;394455.69;992;j
RS;acainc992j;p52p53;2008;421435.59;992;j
RS;acainc992j;p52p53;2009;412103.0;992;j
RS;acainc992j;p52p53;2010;407315.81;992;j
RS;acainc992j;p52p53;2011;406079.5;992;j
RS;acainc992j;p52p53;2012;401233.59;992;j
RS;acainc992j;p52p53;2013;409744.31;992;j
RS;acainc992j;p52p53;2014;397021.69;992;j
RS;acainc992j;p52p53;2015;392563.0;992;j
RS;acainc992j;p52p53;2016;407083.5;992;j
RS;acainc992j;p52p53;2017;407321.19;992;j
RS;acainc992j;p5p6;1990;72425.5;992;j
RS;acainc992j;p5p6;1991;63240.0;992;j
RS;acainc992j;p5p6;1992;43479.0;992;j
RS;acainc992j;p5p6;1993;28436.1;992;j
RS;acainc992j;p5p6;1994;29975.5;992;j
RS;acainc992j;p5p6;1995;32681.6;992;j
RS;acainc992j;p5p6;1996;33543.398;992;j
RS;acainc992j;p5p6;1997;36115.398;992;j
RS;acainc992j;p5p6;1998;42997.699;992;j
RS;acainc992j;p5p6;1999;50215.398;992;j
RS;acainc992j;p5p6;2000;50970.398;992;j
RS;acainc992j;p5p6;2001;48713.602;992;j
RS;acainc992j;p5p6;2002;38977.199;992;j
RS;acainc992j;p5p6;2003;40845.301;992;j
RS;acainc992j;p5p6;2004;39645.5;992;j
RS;acainc992j;p5p6;2005;39245.0;992;j
RS;acainc992j;p5p6;2006;32779.301;992;j
RS;acainc992j;p5p6;2007;26554.9;992;j
RS;acainc992j;p5p6;2008;30985.1;992;j
RS;acainc992j;p5p6;2009;32769.602;992;j
RS;acainc992j;p5p6;2010;28653.1;992;j
RS;acainc992j;p5p6;2011;24946.9;992;j
RS;acainc992j;p5p6;2012;20786.301;992;j
RS;acainc992j;p5p6;2013;41020.5;992;j
RS;acainc992j;p5p6;2014;78350.398;992;j
RS;acainc992j;p5p6;2015;54532.602;992;j
RS;acainc992j;p5p6;2016;56641.199;992;j
RS;acainc992j;p5p6;2017;56576.5;992;j
RS;acainc992j;p7p8;1990;90716.5;992;j
RS;acainc992j;p7p8;1991;79419.297;992;j
RS;acainc992j;p7p8;1992;55152.699;992;j
RS;acainc992j;p7p8;1993;36439.0;992;j
RS;acainc992j;p7p8;1994;38332.301;992;j
RS;acainc992j;p7p8;1995;41016.398;992;j
RS;acainc992j;p7p8;1996;42145.801;992;j
RS;acainc992j;p7p8;1997;45386.301;992;j
RS;acainc992j;p7p8;1998;55025.199;992;j
RS;acainc992j;p7p8;1999;64097.602;992;j
RS;acainc992j;p7p8;2000;65648.898;992;j
RS;acainc992j;p7p8;2001;63452.301;992;j
RS;acainc992j;p7p8;2002;49945.0;992;j
RS;acainc992j;p7p8;2003;53093.102;992;j
RS;acainc992j;p7p8;2004;52102.801;992;j
RS;acainc992j;p7p8;2005;55838.102;992;j
RS;acainc992j;p7p8;2006;48474.898;992;j
RS;acainc992j;p7p8;2007;36770.602;992;j
RS;acainc992j;p7p8;2008;39409.898;992;j
RS;acainc992j;p7p8;2009;39588.102;992;j
RS;acainc992j;p7p8;2010;35912.602;992;j
RS;acainc992j;p7p8;2011;29790.6;992;j
RS;acainc992j;p7p8;2012;22881.199;992;j
RS;acainc992j;p7p8;2013;44722.699;992;j
RS;acainc992j;p7p8;2014;81780.898;992;j
RS;acainc992j;p7p8;2015;57082.699;992;j
RS;acainc992j;p7p8;2016;59298.898;992;j
RS;acainc992j;p7p8;2017;59233.301;992;j
RS;acainc992j;p86p87;1990;835860.5;992;j
RS;acainc992j;p86p87;1991;723019.31;992;j
RS;acainc992j;p86p87;1992;493264.5;992;j
RS;acainc992j;p86p87;1993;318270.09;992;j
RS;acainc992j;p86p87;1994;326039.19;992;j
RS;acainc992j;p86p87;1995;342202.19;992;j
RS;acainc992j;p86p87;1996;343556.59;992;j
RS;acainc992j;p86p87;1997;361024.41;992;j
RS;acainc992j;p86p87;1998;394513.69;992;j
RS;acainc992j;p86p87;1999;444937.0;992;j
RS;acainc992j;p86p87;2000;476759.09;992;j
RS;acainc992j;p86p87;2001;458864.19;992;j
RS;acainc992j;p86p87;2002;485292.91;992;j
RS;acainc992j;p86p87;2003;522805.91;992;j
RS;acainc992j;p86p87;2004;637171.63;992;j
RS;acainc992j;p86p87;2005;732723.88;992;j
RS;acainc992j;p86p87;2006;785311.63;992;j
RS;acainc992j;p86p87;2007;799099.81;992;j
RS;acainc992j;p86p87;2008;861631.0;992;j
RS;acainc992j;p86p87;2009;857132.31;992;j
RS;acainc992j;p86p87;2010;869508.38;992;j
RS;acainc992j;p86p87;2011;890615.63;992;j
RS;acainc992j;p86p87;2012;881932.31;992;j
RS;acainc992j;p86p87;2013;918206.63;992;j
RS;acainc992j;p86p87;2014;842438.81;992;j
RS;acainc992j;p86p87;2015;840590.0;992;j
RS;acainc992j;p86p87;2016;871668.63;992;j
RS;acainc992j;p86p87;2017;872380.19;992;j
RS;adiinc992j;p73p100;1990;1411973.6;992;j
RS;adiinc992j;p73p100;1991;1220949.4;992;j
RS;adiinc992j;p73p100;1992;833265.88;992;j
RS;adiinc992j;p73p100;1993;538890.19;992;j
RS;adiinc992j;p73p100;1994;553383.88;992;j
RS;adiinc992j;p73p100;1995;582407.5;992;j
RS;adiinc992j;p73p100;1996;584560.19;992;j
RS;adiinc992j;p73p100;1997;616493.19;992;j
RS;adiinc992j;p73p100;1998;652991.13;992;j
RS;adiinc992j;p73p100;1999;722703.38;992;j
RS;adiinc992j;p73p100;2000;799578.5;992;j
RS;adiinc992j;p73p100;2001;801747.19;992;j
RS;adiinc992j;p73p100;2002;873997.0;992;j
RS;adiinc992j;p73p100;2003;923216.13;992;j
RS;adiinc992j;p73p100;2004;1058285.9;992;j
RS;adiinc992j;p73p100;2005;1196685.3;992;j
RS;adiinc992j;p73p100;2006;1281628.8;992;j
RS;adiinc992j;p73p100;2007;1321951.5;992;j
RS;adiinc992j;p73p100;2008;1415936.8;992;j
RS;adiinc992j;p73p100;2009;1407397.6;992;j
RS;adiinc992j;p73p100;2010;1437950.8;992;j
RS;adiinc992j;p73p100;2011;1470105.1;992;j
RS;adiinc992j;p73p100;2012;1476540.0;992;j
RS;adiinc992j;p73p100;2013;1513062.5;992;j
RS;adiinc992j;p73p100;2014;1453424.1;992;j
RS;adiinc992j;p73p100;2015;1514301.1;992;j
RS;adiinc992j;p73p100;2016;1572096.4;992;j
RS;adiinc992j;p73p100;2017;1582882.8;992;j
RS;agmxho992i;p0p100;1997;62073.801;992;i
RS;agmxho992i;p0p100;1998;60691.301;992;i
RS;agmxho992i;p0p100;1999;79724.398;992;i
RS;agmxho992i;p0p100;2000;92561.703;992;i
RS;agmxho992i;p0p100;2001;91652.102;992;i
RS;agmxho992i;p0p100;2002;77158.898;992;i
RS;agmxho992i;p0p100;2003;63674.602;992;i
RS;agmxho992i;p0p100;2004;70502.5;992;i
RS;agmxho992i;p0p100;2005;74994.602;992;i
RS;agmxho992i;p0p100;2006;98368.0;992;i
RS;agmxho992i;p0p100;2007;102193.4;992;i
RS;agmxho992i;p0p100;2008;111994.8;992;i
RS;agmxho992i;p0p100;2009;102936.3;992;i
RS;agmxho992i;p0p100;2010;105055.6;992;i
RS;agmxho992i;p0p100;2011;119212.7;992;i
RS;aprgho999i;p0p100;1997;253866.2;999;i
RS;aprgho999i;p0p100;1998;233685.8;999;i
RS;aprgho999i;p0p100;1999;258261.91;999;i
RS;aprgho999i;p0p100;2000;273581.69;999;i
RS;aprgho999i;p0p100;2001;286355.81;999;i
RS;aprgho999i;p0p100;2002;298237.59;999;i
RS;aprgho999i;p0p100;2003;315550.0;999;i
RS;aprgho999i;p0p100;2004;328029.31;999;i
RS;aprgho999i;p0p100;2005;358467.59;999;i
RS;aprgho999i;p0p100;2006;381121.41;999;i
RS;aprgho999i;p0p100;2007;403035.19;999;i
RS;aprgho999i;p0p100;2008;430543.0;999;i
RS;aprgho999i;p0p100;2009;411584.69;999;i
RS;aprgho999i;p0p100;2010;411688.59;999;i
RS;aprgho999i;p0p100;2011;423363.31;999;i
RS;aptinc992j;p13p100;1990;828403.31;992;j
RS;aptinc992j;p13p100;1991;718992.13;992;j
RS;aptinc992j;p13p100;1992;492170.69;992;j
RS;aptinc992j;p13p100;1993;319027.31;992;j
RS;aptinc992j;p13p100;1994;328420.81;992;j
RS;aptinc992j;p13p100;1995;346467.41;992;j
RS;aptinc992j;p13p100;1996;349104.5;992;j
RS;aptinc992j;p13p100;1997;369935.69;992;j
RS;aptinc992j;p13p100;1998;388282.31;992;j
RS;aptinc992j;p13p100;1999;424996.31;992;j
RS;aptinc992j;p13p100;2000;467519.69;992;j
RS;aptinc992j;p13p100;2001;466615.91;992;j
RS;aptinc992j;p13p100;2002;503823.5;992;j
RS;aptinc992j;p13p100;2003;529881.69;992;j
RS;aptinc992j;p13p100;2004;597400.69;992;j
RS;aptinc992j;p13p100;2005;667290.81;992;j
RS;aptinc992j;p13p100;2006;705799.81;992;j
RS;aptinc992j;p13p100;2007;729378.13;992;j
RS;aptinc992j;p13p100;2008;778061.38;992;j
RS;aptinc992j;p13p100;2009;765295.31;992;j
RS;aptinc992j;p13p100;2010;767896.19;992;j
RS;aptinc992j;p13p100;2011;771418.13;992;j
RS;aptinc992j;p13p100;2012;770655.31;992;j
RS;aptinc992j;p13p100;2013;789999.88;992;j
RS;aptinc992j;p13p100;2014;774451.81;992;j
RS;aptinc992j;p13p100;2015;779824.31;992;j
RS;aptinc992j;p13p100;2016;803957.38;992;j
RS;aptinc992j;p13p100;2017;808749.13;992;j
RS;aptinc992j;p25p26;1990;326128.91;992;j
RS;aptinc992j;p25p26;1991;281670.91;992;j
RS;aptinc992j;p25p26;1992;191996.41;992;j
RS;aptinc992j;p25p26;1993;124133.1;992;j
RS;aptinc992j;p25p26;1994;127351.0;992;j
RS;aptinc992j;p25p26;1995;133929.41;992;j
RS;aptinc992j;p25p26;1996;134681.91;992;j
RS;aptinc992j;p25p26;1997;142402.91;992;j
RS;aptinc992j;p25p26;1998;152419.91;992;j
RS;aptinc992j;p25p26;1999;166249.3;992;j
RS;aptinc992j;p25p26;2000;179675.8;992;j
RS;aptinc992j;p25p26;2001;178236.09;992;j
RS;aptinc992j;p25p26;2002;184259.09;992;j
RS;aptinc992j;p25p26;2003;186172.91;992;j
RS;aptinc992j;p25p26;2004;199301.0;992;j
RS;aptinc992j;p25p26;2005;212937.09;992;j
RS;aptinc992j;p25p26;2006;214593.8;992;j
RS;aptinc992j;p25p26;2007;218366.91;992;j
RS;aptinc992j;p25p26;2008;221852.3;992;j
RS;aptinc992j;p25p26;2009;211175.09;992;j
RS;aptinc992j;p25p26;2010;198862.8;992;j
RS;aptinc992j;p25p26;2011;180247.41;992;j
RS;aptinc992j;p25p26;2012;170363.2;992;j
RS;aptinc992j;p25p26;2013;169702.8;992;j
RS;aptinc992j;p25p26;2014;163266.7;992;j
RS;aptinc992j;p25p26;2015;175831.41;992;j
RS;aptinc992j;p25p26;2016;181355.41;992;j
RS;aptinc992j;p25p26;2017;182145.09;992;j
RS;aptinc992j;p62p63;1990;743223.5;992;j
RS;aptinc992j;p62p63;1991;642745.5;992;j
RS;aptinc992j;p62p63;1992;438490.19;992;j
RS;aptinc992j;p62p63;1993;283279.5;992;j
RS;aptinc992j;p62p63;1994;290669.59;992;j
RS;aptinc992j;p62p63;1995;305496.31;992;j
RS;aptinc992j;p62p63;1996;307116.41;992;j
RS;aptinc992j;p62p63;1997;324743.09;992;j
RS;aptinc992j;p62p63;1998;341001.09;992;j
RS;aptinc992j;p62p63;1999;371175.5;992;j
RS;aptinc992j;p62p63;2000;401208.81;992;j
RS;aptinc992j;p62p63;2001;395621.0;992;j
RS;aptinc992j;p62p63;2002;426871.19;992;j
RS;aptinc992j;p62p63;2003;449380.31;992;j
RS;aptinc992j;p62p63;2004;497861.91;992;j
RS;aptinc992j;p62p63;2005;551336.19;992;j
RS;aptinc992j;p62p63;2006;584643.88;992;j
RS;aptinc992j;p62p63;2007;611619.5;992;j
RS;aptinc992j;p62p63;2008;654203.5;992;j
RS;aptinc992j;p62p63;2009;642665.69;992;j
RS;aptinc992j;p62p63;2010;635104.13;992;j
RS;aptinc992j;p62p63;2011;629803.0;992;j
RS;aptinc992j;p62p63;2012;634792.88;992;j
RS;aptinc992j;p62p63;2013;661298.5;992;j
RS;aptinc992j;p62p63;2014;634068.81;992;j
RS;aptinc992j;p62p63;2015;645906.38;992;j
RS;aptinc992j;p62p63;2016;665708.81;992;j
RS;aptinc992j;p62p63;2017;669349.5;992;j
RS;aptinc992j;p70p100;1990;1442432.5;992;j
RS;aptinc992j;p70p100;1991;1255143.0;992;j
RS;aptinc992j;p70p100;1992;861234.19;992;j
RS;aptinc992j;p70p100;1993;559612.69;992;j
RS;aptinc992j;p70p100;1994;577505.13;992;j
RS;aptinc992j;p70p100;1995;610780.0;992;j
RS;aptinc992j;p70p100;1996;616403.31;992;j
RS;aptinc992j;p70p100;1997;654256.5;992;j
RS;aptinc992j;p70p100;1998;687679.88;992;j
RS;aptinc992j;p70p100;1999;754873.88;992;j
RS;aptinc992j;p70p100;2000;838036.69;992;j
RS;aptinc992j;p70p100;2001;839545.81;992;j
RS;aptinc992j;p70p100;2002;915512.69;992;j
RS;aptinc992j;p70p100;2003;967945.63;992;j
RS;aptinc992j;p70p100;2004;1106963.8;992;j
RS;aptinc992j;p70p100;2005;1251207.0;992;j
RS;aptinc992j;p70p100;2006;1333556.3;992;j
RS;aptinc992j;p70p100;2007;1376376.4;992;j
RS;aptinc992j;p70p100;2008;1479608.8;992;j
RS;aptinc992j;p70p100;2009;1464640.9;992;j
RS;aptinc992j;p70p100;2010;1490300.3;992;j
RS;aptinc992j;p70p100;2011;1519291.3;992;j
RS;aptinc992j;p70p100;2012;1520570.8;992;j
RS;aptinc992j;p70p100;2013;1551313.3;992;j
RS;aptinc992j;p70p100;2014;1543611.8;992;j
RS;aptinc992j;p70p100;2015;1535594.8;992;j
RS;aptinc992j;p70p100;2016;1583258.8;992;j
RS;aptinc992j;p70p100;2017;1593307.5;992;j
RS;aptinc992j;p71p100;1990;1462225.8;992;j
RS;aptinc992j;p71p100;1991;1272518.8;992;j
RS;aptinc992j;p71p100;1992;873250.19;992;j
RS;aptinc992j;p71p100;1993;567484.31;992;j
RS;aptinc992j;p71p100;1994;585696.88;992;j
RS;aptinc992j;p71p100;1995;619525.69;992;j
RS;aptinc992j;p71p100;1996;625273.19;992;j
RS;aptinc992j;p71p100;1997;663717.0;992;j
RS;aptinc992j;p71p100;1998;697704.81;992;j
RS;aptinc992j;p71p100;1999;766082.69;992;j
RS;aptinc992j;p71p100;2000;850854.0;992;j
RS;aptinc992j;p71p100;2001;852569.31;992;j
RS;aptinc992j;p71p100;2002;929822.13;992;j
RS;aptinc992j;p71p100;2003;983141.88;992;j
RS;aptinc992j;p71p100;2004;1124875.5;992;j
RS;aptinc992j;p71p100;2005;1271845.5;992;j
RS;aptinc992j;p71p100;2006;1355639.4;992;j
RS;aptinc992j;p71p100;2007;1398740.8;992;j
RS;aptinc992j;p71p100;2008;1503662.4;992;j
RS;aptinc992j;p71p100;2009;1488689.6;992;j
RS;aptinc992j;p71p100;2010;1515452.8;992;j
RS;aptinc992j;p71p100;2011;1545499.4;992;j
RS;aptinc992j;p71p100;2012;1546343.6;992;j
RS;aptinc992j;p71p100;2013;1577262.0;992;j
RS;aptinc992j;p71p100;2014;1570496.8;992;j
RS;aptinc992j;p71p100;2015;1562100.3;992;j
RS;aptinc992j;p71p100;2016;1610595.3;992;j
RS;aptinc992j;p71p100;2017;1620838.6;992;j
RS;aptinc992j;p97p100;1990;3723641.0;992;j
RS;aptinc992j;p97p100;1991;3272712.8;992;j
RS;aptinc992j;p97p100;1992;2267271.0;992;j
RS;aptinc992j;p97p100;1993;1487981.8;992;j
RS;aptinc992j;p97p100;1994;1551096.5;992;j
RS;aptinc992j;p97p100;1995;1657706.4;992;j
RS;aptinc992j;p97p100;1996;1683332.4;992;j
RS;aptinc992j;p97p100;1997;1797419.9;992;j
RS;aptinc992j;p97p100;1998;1907692.3;992;j
RS;aptinc992j;p97p100;1999;2146136.5;992;j
RS;aptinc992j;p97p100;2000;2469949.0;992;j
RS;aptinc992j;p97p100;2001;2531473.0;992;j
RS;aptinc992j;p97p100;2002;2757597.0;992;j
RS;aptinc992j;p97p100;2003;2901416.8;992;j
RS;aptinc992j;p97p100;2004;3362229.5;992;j
RS;aptinc992j;p97p100;2005;3796310.5;992;j
RS;aptinc992j;p97p100;2006;4052281.0;992;j
RS;aptinc992j;p97p100;2007;4028908.3;992;j
RS;aptinc992j;p97p100;2008;4340065.5;992;j
RS;aptinc992j;p97p100;2009;4297483.5;992;j
RS;aptinc992j;p97p100;2010;4446918.5;992;j
RS;aptinc992j;p97p100;2011;4600980.0;992;j
RS;aptinc992j;p97p100;2012;4459440.5;992;j
RS;aptinc992j;p97p100;2013;4540170.5;992;j
RS;aptinc992j;p97p100;2014;4933892.5;992;j
RS;aptinc992j;p97p100;2015;4832245.5;992;j
RS;aptinc992j;p97p100;2016;4985581.5;992;j
RS;aptinc992j;p97p100;2017;5021561.5;992;j
RS;aptinc992j;p99.991p99.992;1990;34005280.0;992;j
RS;aptinc992j;p99.991p99.992;1991;30467154.0;992;j
RS;aptinc992j;p99.991p99.992;1992;21314816.0;992;j
RS;aptinc992j;p99.991p99.992;1993;14247486.0;992;j
RS;aptinc992j;p99.991p99.992;1994;14954227.0;992;j
RS;aptinc992j;p99.991p99.992;1995;16255267.0;992;j
RS;aptinc992j;p99.991p99.992;1996;16735120.0;992;j
RS;aptinc992j;p99.991p99.992;1997;18138270.0;992;j
RS;aptinc992j;p99.991p99.992;1998;18930104.0;992;j
RS;aptinc992j;p99.991p99.992;1999;22301266.0;992;j
RS;aptinc992j;p99.991p99.992;2000;26333600.0;992;j
RS;aptinc992j;p99.991p99.992;2001;28206676.0;992;j
RS;aptinc992j;p99.991p99.992;2002;29783664.0;992;j
RS;aptinc992j;p99.991p99.992;2003;30607972.0;992;j
RS;aptinc992j;p99.991p99.992;2004;35536144.0;992;j
RS;aptinc992j;p99.991p99.992;2005;38546664.0;992;j
RS;aptinc992j;p99.991p99.992;2006;41188980.0;992;j
RS;aptinc992j;p99.991p99.992;2007;39159224.0;992;j
RS;aptinc992j;p99.991p99.992;2008;42683160.0;992;j
RS;aptinc992j;p99.991p99.992;2009;41496980.0;992;j
RS;aptinc992j;p99.991p99.992;2010;41044780.0;992;j
RS;aptinc992j;p99.991p99.992;2011;43474180.0;992;j
RS;aptinc992j;p99.991p99.992;2012;35176744.0;992;j
RS;aptinc992j;p99.991p99.992;2013;38701104.0;992;j
RS;aptinc992j;p99.991p99.992;2014;56429352.0;992;j
RS;aptinc992j;p99.991p99.992;2015;54929156.0;992;j
RS;aptinc992j;p99.991p99.992;2016;56688292.0;992;j
RS;aptinc992j;p99.991p99.992;2017;57091428.0;992;j
RS;aptinc992j;p99.996p100;1990;105579504.0;992;j
RS;aptinc992j;p99.996p100;1991;96006192.0;992;j
RS;aptinc992j;p99.996p100;1992;67469712.0;992;j
RS;aptinc992j;p99.996p100;1993;45734188.0;992;j
RS;aptinc992j;p99.996p100;1994;48038648.0;992;j
RS;aptinc992j;p99.996p100;1995;52859384.0;992;j
RS;aptinc992j;p99.996p100;1996;55065264.0;992;j
RS;aptinc992j;p99.996p100;1997;60493912.0;992;j
RS;aptinc992j;p99.996p100;1998;61740280.0;992;j
RS;aptinc992j;p99.996p100;1999;75335936.0;992;j
RS;aptinc992j;p99.996p100;2000;89617160.0;992;j
RS;aptinc992j;p99.996p100;2001;99608728.0;992;j
RS;aptinc992j;p99.996p100;2002;101524272.0;992;j
RS;aptinc992j;p99.996p100;2003;102403488.0;992;j
RS;aptinc992j;p99.996p100;2004;118613144.0;992;j
RS;aptinc992j;p99.996p100;2005;123692368.0;992;j
RS;aptinc992j;p99.996p100;2006;132290160.0;992;j
RS;aptinc992j;p99.996p100;2007;122568416.0;992;j
RS;aptinc992j;p99.996p100;2008;134998320.0;992;j
RS;aptinc992j;p99.996p100;2009;129068496.0;992;j
RS;aptinc992j;p99.996p100;2010;121096824.0;992;j
RS;aptinc992j;p99.996p100;2011;130587560.0;992;j
RS;aptinc992j;p99.996p100;2012;90026648.0;992;j
RS;aptinc992j;p99.996p100;2013;106358864.0;992;j
RS;aptinc992j;p99.996p100;2014;201013696.0;992;j
RS;aptinc992j;p99.996p100;2015;196954144.0;992;j
RS;aptinc992j;p99.996p100;2016;203240224.0;992;j
RS;aptinc992j;p99.996p100;2017;204533600.0;992;j
RS;aptxgo999i;p0p100;1997;28935.0;999;i
RS;aptxgo999i;p0p100;1998;33134.199;999;i
RS;aptxgo999i;p0p100;1999;33725.199;999;i
RS;aptxgo999i;p0p100;2000;36679.301;999;i
RS;aptxgo999i;p0p100;2001;52083.102;999;i
RS;aptxgo999i;p0p100;2002;70211.398;999;i
RS;aptxgo999i;p0p100;2003;79801.0;999;i
RS;aptxgo999i;p0p100;2004;81122.0;999;i
RS;aptxgo999i;p0p100;2005;90636.898;999;i
RS;aptxgo999i;p0p100;2006;90986.5;999;i
RS;aptxgo999i;p0p100;2007;98720.898;999;i
RS;aptxgo999i;p0p100;2008;107454.7;999;i
RS;aptxgo999i;p0p100;2009;109964.0;999;i
RS;aptxgo999i;p0p100;2010;111937.9;999;i
RS;aptxgo999i;p0p100;2011;96620.398;999;i
RS;assbfc992i;p0p100;1997;0.0;992;i
RS;assbfc992i;p0p100;1998;0.0;992;i
RS;assbfc992i;p0p100;1999;0.0;992;i
RS;assbfc992i;p0p100;2000;0.0;992;i
RS;assbfc992i;p0p100;2001;0.0;992;i
RS;assbfc992i;p0p100;2002;0.0;992;i
RS;assbfc992i;p0p100;2003;0.0;992;i
RS;assbfc992i;p0p100;2004;0.0;992;i
RS;assbfc992i;p0p100;2005;0.0;992;i
RS;assbfc992i;p0p100;2006;0.0;992;i
RS;assbfc992i;p0p100;2007;0.0;992;i
RS;assbfc992i;p0p100;2008;0.0;992;i
RS;assbfc992i;p0p100;2009;0.0;992;i
RS;assbfc992i;p0p100;2010;0.0;992;i
RS;assbfc992i;p0p100;2011;0.0;992;i
RS;assbnp999i;p0p100;1997;0.0;999;i
RS;assbnp999i;p0p100;1998;0.0;999;i
RS;assbnp999i;p0p100;1999;0.0;999;i
RS;assbnp999i;p0p100;2000;0.0;999;i
RS;assbnp999i;p0p100;2001;0.0;999;i
RS;assbnp999i;p0p100;2002;0.0;999;i
RS;assbnp999i;p0p100;2003;0.0;999;i
RS;assbnp999i;p0p100;2004;0.0;999;i
RS;assbnp999i;p0p100;2005;0.0;999;i
RS;assbnp999i;p0p100;2006;0.0;999;i
RS;assbnp999i;p0p100;2007;0.0;999;i
RS;assbnp999i;p0p100;2008;0.0;999;i
RS;assbnp999i;p0p100;2009;0.0;999;i
RS;assbnp999i;p0p100;2010;0.0;999;i
RS;assbnp999i;p0p100;2011;0.0;999;i
RS;bcainc992j;p32p100;1990;2.293664;992;j
RS;bcainc992j;p32p100;1991;2.2769575;992;j
RS;bcainc992j;p32p100;1992;2.2591667;992;j
RS;bcainc992j;p32p100;1993;2.2435033;992;j
RS;bcainc992j;p32p100;1994;2.2256312;992;j
RS;bcainc992j;p32p100;1995;2.2076976;992;j
RS;bcainc992j;p32p100;1996;2.1830478;992;j
RS;bcainc992j;p32p100;1997;2.1602156;992;j
RS;bcainc992j;p32p100;1998;2.1705506;992;j
RS;bcainc992j;p32p100;1999;2.1798589;992;j
RS;bcainc992j;p32p100;2000;2.1988361;992;j
RS;bcainc992j;p32p100;2001;2.211607;992;j
RS;bcainc992j;p32p100;2002;2.2714636;992;j
RS;bcainc992j;p32p100;2003;2.3061585;992;j
RS;bcainc992j;p32p100;2004;2.3844275;992;j
RS;bcainc992j;p32p100;2005;2.435307;992;j
RS;bcainc992j;p32p100;2006;2.5345964;992;j
RS;bcainc992j;p32p100;2007;2.5561337;992;j
RS;bcainc992j;p32p100;2008;2.6130967;992;j
RS;bcainc992j;p32p100;2009;2.6878195;992;j
RS;bcainc992j;p32p100;2010;2.8416896;992;j
RS;bcainc992j;p32p100;2011;3.0037692;992;j
RS;bcainc992j;p32p100;2012;3.0697386;992;j
RS;bcainc992j;p32p100;2013;3.2789903;992;j
RS;bcainc992j;p32p100;2014;3.0973718;992;j
RS;bcainc992j;p32p100;2015;3.3138444;992;j
RS;bcainc992j;p32p100;2016;3.3106058;992;j
RS;bcainc992j;p32p100;2017;3.3159766;992;j
RS;bcainc992j;p56p100;1990;1.7756829;992;j
RS;bcainc992j;p56p100;1991;1.766315;992;j
RS;bcainc992j;p56p100;1992;1.7570882;992;j
RS;bcainc992j;p56p100;1993;1.7530605;992;j
RS;bcainc992j;p56p100;1994;1.7468164;992;j
RS;bcainc992j;p56p100;1995;1.7402093;992;j
RS;bcainc992j;p56p100;1996;1.7312217;992;j
RS;bcainc992j;p56p100;1997;1.7234675;992;j
RS;bcainc992j;p56p100;1998;1.7363783;992;j
RS;bcainc992j;p56p100;1999;1.7601733;992;j
RS;bcainc992j;p56p100;2000;1.7826723;992;j
RS;bcainc992j;p56p100;2001;1.7999635;992;j
RS;bcainc992j;p56p100;2002;1.8337405;992;j
RS;bcainc992j;p56p100;2003;1.8472619;992;j
RS;bcainc992j;p56p100;2004;1.8880842;992;j
RS;bcainc992j;p56p100;2005;1.9198017;992;j
RS;bcainc992j;p56p100;2006;1.9494617;992;j
RS;bcainc992j;p56p100;2007;1.9509456;992;j
RS;bcainc992j;p56p100;2008;1.9775057;992;j
RS;bcainc992j;p56p100;2009;1.9918414;992;j
RS;bcainc992j;p56p100;2010;2.061559;992;j
RS;bcainc992j;p56p100;2011;2.1027267;992;j
RS;bcainc992j;p56p100;2012;2.1284344;992;j
RS;bcainc992j;p56p100;2013;2.1478291;992;j
RS;bcainc992j;p56p100;2014;2.1457288;992;j
RS;bcainc992j;p56p100;2015;2.2449925;992;j
RS;bcainc992j;p56p100;2016;2.244565;992;j
RS;bcainc992j;p56p100;2017;2.2455046;992;j
RS;bcainc992j;p99.999p100;1990;2.1783268;992;j
RS;bcainc992j;p99.999p100;1991;2.1249104;992;j
RS;bcainc992j;p99.999p100;1992;2.0515394;992;j
RS;bcainc992j;p99.999p100;1993;2.0005662;992;j
RS;bcainc992j;p99.999p100;1994;1.9682615;992;j
RS;bcainc992j;p99.999p100;1995;1.9406128;992;j
RS;bcainc992j;p99.999p100;1996;1.9128288;992;j
RS;bcainc992j;p99.999p100;1997;1.8831398;992;j
RS;bcainc992j;p99.999p100;1998;1.9128397;992;j
RS;bcainc992j;p99.999p100;1999;2.0325851;992;j
RS;bcainc992j;p99.999p100;2000;2.0216765;992;j
RS;bcainc992j;p99.999p100;2001;2.120142;992;j
RS;bcainc992j;p99.999p100;2002;2.0342169;992;j
RS;bcainc992j;p99.999p100;2003;2.0438318;992;j
RS;bcainc992j;p99.999p100;2004;2.0503078;992;j
RS;bcainc992j;p99.999p100;2005;2.0952213;992;j
RS;bcainc992j;p99.999p100;2006;1.9910502;992;j
RS;bcainc992j;p99.999p100;2007;1.8947324;992;j
RS;bcainc992j;p99.999p100;2008;1.7951047;992;j
RS;bcainc992j;p99.999p100;2009;1.9227467;992;j
RS;bcainc992j;p99.999p100;2010;1.8594666;992;j
RS;bcainc992j;p99.999p100;2011;1.8222225;992;j
RS;bcainc992j;p99.999p100;2012;2.1332192;992;j
RS;bcainc992j;p99.999p100;2013;1.9256384;992;j
RS;bcainc992j;p99.999p100;2014;2.5287538;992;j
RS;bcainc992j;p99.999p100;2015;3.068831;992;j
RS;bcainc992j;p99.999p100;2016;3.0698814;992;j
RS;bcainc992j;p99.999p100;2017;3.0729773;992;j
RS;bdiinc992j;p92p100;1990;1.6341425;992;j
RS;bdiinc992j;p92p100;1991;1.6263074;992;j
RS;bdiinc992j;p92p100;1992;1.6208224;992;j
RS;bdiinc992j;p92p100;1993;1.6231865;992;j
RS;bdiinc992j;p92p100;1994;1.6239063;992;j
RS;bdiinc992j;p92p100;1995;1.6255798;992;j
RS;bdiinc992j;p92p100;1996;1.61905;992;j
RS;bdiinc992j;p92p100;1997;1.6119304;992;j
RS;bdiinc992j;p92p100;1998;1.6330489;992;j
RS;bdiinc992j;p92p100;1999;1.6846108;992;j
RS;bdiinc992j;p92p100;2000;1.7388146;992;j
RS;bdiinc992j;p92p100;2001;1.7756839;992;j
RS;bdiinc992j;p92p100;2002;1.7828255;992;j
RS;bdiinc992j;p92p100;2003;1.7575212;992;j
RS;bdiinc992j;p92p100;2004;1.745689;992;j
RS;bdiinc992j;p92p100;2005;1.7611645;992;j
RS;bdiinc992j;p92p100;2006;1.7717108;992;j
RS;bdiinc992j;p92p100;2007;1.7360555;992;j
RS;bdiinc992j;p92p100;2008;1.7293022;992;j
RS;bdiinc992j;p92p100;2009;1.7663813;992;j
RS;bdiinc992j;p92p100;2010;1.7676874;992;j
RS;bdiinc992j;p92p100;2011;1.7732362;992;j
RS;bdiinc992j;p92p100;2012;1.8731923;992;j
RS;bdiinc992j;p92p100;2013;1.8069226;992;j
RS;bdiinc992j;p92p100;2014;1.9517329;992;j
RS;bdiinc992j;p92p100;2015;2.161299;992;j
RS;bdiinc992j;p92p100;2016;2.1692579;992;j
RS;bdiinc992j;p92p100;2017;2.1705422;992;j
RS;bdiinc992j;p99.97p100;1990;2.1349821;992;j
RS;bdiinc992j;p99.97p100;1991;2.0843093;992;j
RS;bdiinc992j;p99.97p100;1992;2.0155165;992;j
RS;bdiinc992j;p99.97p100;1993;1.9685729;992;j
RS;bdiinc992j;p99.97p100;1994;1.9387589;992;j
RS;bdiinc992j;p99.97p100;1995;1.9133847;992;j
RS;bdiinc992j;p99.97p100;1996;1.8869774;992;j
RS;bdiinc992j;p99.97p100;1997;1.8587472;992;j
RS;bdiinc992j;p99.97p100;1998;1.8888537;992;j
RS;bdiinc992j;p99.97p100;1999;2.005868;992;j
RS;bdiinc992j;p99.97p100;2000;2.0006642;992;j
RS;bdiinc992j;p99.97p100;2001;2.0959034;992;j
RS;bdiinc992j;p99.97p100;2002;2.0155487;992;j
RS;bdiinc992j;p99.97p100;2003;2.0224679;992;j
RS;bdiinc992j;p99.97p100;2004;2.0279298;992;j
RS;bdiinc992j;p99.97p100;2005;2.0715325;992;j
RS;bdiinc992j;p99.97p100;2006;1.9747654;992;j
RS;bdiinc992j;p99.97p100;2007;1.8816937;992;j
RS;bdiinc992j;p99.97p100;2008;1.788642;992;j
RS;bdiinc992j;p99.97p100;2009;1.9102964;992;j
RS;bdiinc992j;p99.97p100;2010;1.8513683;992;j
RS;bdiinc992j;p99.97p100;2011;1.8171617;992;j
RS;bdiinc992j;p99.97p100;2012;2.1156342;992;j
RS;bdiinc992j;p99.97p100;2013;1.9160061;992;j
RS;bdiinc992j;p99.97p100;2014;2.4955063;992;j
RS;bdiinc992j;p99.97p100;2015;3.0216053;992;j
RS;bdiinc992j;p99.97p100;2016;3.0235324;992;j
RS;bdiinc992j;p99.97p100;2017;3.0262632;992;j
RS;mprpnf999i;p0p100;1997;-122044530688.0;999;i
RS;mprpnf999i;p0p100;1998;-136694382592.0;999;i
RS;mprpnf999i;p0p100;1999;-61451624448.0;999;i
RS;mprpnf999i;p0p100;2000;-75198857216.0;999;i
RS;mprpnf999i;p0p100;2001;-56956735488.0;999;i
RS;mprpnf999i;p0p100;2002;-63278538752.0;999;i
RS;mprpnf999i;p0p100;2003;-78324547584.0;999;i
RS;mprpnf999i;p0p100;2004;-60566392832.0;999;i
RS;mprpnf999i;p0p100;2005;-148305674240.0;999;i
RS;mprpnf999i;p0p100;2006;-116113825792.0;999;i
RS;mprpnf999i;p0p100;2007;-168364589056.0;999;i
RS;mprpnf999i;p0p100;2008;-282122452992.0;999;i
RS;mprpnf999i;p0p100;2009;-157876518912.0;999;i
RS;mprpnf999i;p0p100;2010;-209422221312.0;999;i
RS;mprpnf999i;p0p100;2011;-293608521728.0;999;i
RS;npopul101i;p0p100;1950;624752.0;101;i
RS;npopul101i;p0p100;1951;600759.0;101;i
RS;npopul101i;p0p100;1952;574143.0;101;i
RS;npopul101i;p0p100;1953;547016.0;101;i
RS;npopul101i;p0p100;1954;529198.0;101;i
RS;npopul101i;p0p100;1955;530740.0;101;i
RS;npopul101i;p0p100;1956;552300.0;101;i
RS;npopul101i;p0p100;1957;591849.0;101;i
RS;npopul101i;p0p100;1958;643419.0;101;i
RS;npopul101i;p0p100;1959;694966.0;101;i
RS;npopul101i;p0p100;1960;736292.0;101;i
RS;npopul101i;p0p100;1961;771034.0;101;i
RS;npopul101i;p0p100;1962;795501.0;101;i
RS;npopul101i;p0p100;1963;810989.0;101;i
RS;npopul101i;p0p100;1964;818158.0;101;i
RS;npopul101i;p0p100;1965;815202.0;101;i
RS;npopul101i;p0p100;1966;800316.0;101;i
RS;npopul101i;p0p100;1967;775829.0;101;i
RS;npopul101i;p0p100;1968;744846.0;101;i
RS;npopul101i;p0p100;1969;714315.0;101;i
RS;npopul101i;p0p100;1970;690989.0;101;i
RS;npopul101i;p0p100;1971;677425.0;101;i
RS;npopul101i;p0p100;1972;671455.0;101;i
RS;npopul101i;p0p100;1973;671202.0;101;i
RS;npopul101i;p0p100;1974;672827.0;101;i
RS;npopul101i;p0p100;1975;673507.0;101;i
RS;npopul101i;p0p100;1976;675764.0;101;i
RS;npopul101i;p0p100;1977;678485.0;101;i
RS;npopul101i;p0p100;1978;681856.0;101;i
RS;npopul101i;p0p100;1979;686544.0;101;i
RS;npopul101i;p0p100;1980;692979.0;101;i
RS;npopul101i;p0p100;1981;702614.0;101;i
RS;npopul101i;p0p100;1982;713528.0;101;i
RS;npopul101i;p0p100;1983;724977.0;101;i
RS;npopul101i;p0p100;1984;736015.0;101;i
RS;npopul101i;p0p100;1985;745941.0;101;i
RS;npopul101i;p0p100;1986;757186.0;101;i
RS;npopul101i;p0p100;1987;766797.0;101;i
RS;npopul101i;p0p100;1988;775091.0;101;i
RS;npopul101i;p0p100;1989;782122.0;101;i
RS;npopul101i;p0p100;1990;787220.0;101;i
RS;npopul101i;p0p100;1991;792915.0;101;i
RS;npopul101i;p0p100;1992;796725.0;101;i
RS;npopul101i;p0p100;1993;797401.0;101;i
RS;npopul101i;p0p100;1994;794210.0;101;i
RS;npopul101i;p0p100;1995;787294.0;101;i
RS;npopul101i;p0p100;1996;770233.0;101;i
RS;npopul101i;p0p100;1997;753486.0;101;i
RS;npopul101i;p0p100;1998;738700.0;101;i
RS;npopul101i;p0p100;1999;570941.0;101;i
RS;npopul101i;p0p100;2000;564186.0;101;i
RS;npopul101i;p0p100;2001;559180.0;101;i
RS;npopul101i;p0p100;2002;550939.0;101;i
RS;npopul101i;p0p100;2003;538553.0;101;i
RS;npopul101i;p0p100;2004;525282.0;101;i
RS;npopul101i;p0p100;2005;511965.0;101;i
RS;npopul101i;p0p100;2006;499652.0;101;i
RS;npopul101i;p0p100;2007;488081.0;101;i
RS;npopul101i;p0p100;2008;477084.0;101;i
RS;npopul101i;p0p100;2009;467055.0;101;i
RS;npopul101i;p0p100;2010;458329.0;101;i
RS;npopul101i;p0p100;2011;450823.0;101;i
RS;npopul101i;p0p100;2012;445946.0;101;i
RS;npopul101i;p0p100;2013;441876.0;101;i
RS;npopul101i;p0p100;2014;437739.0;101;i
RS;npopul101i;p0p100;2015;432772.0;101;i
RS;npopul101i;p0p100;2016;432172.0;101;i
RS;npopul101i;p0p100;2017;431275.0;101;i
RS;npopul101i;p0p100;2018;428567.0;101;i
RS;npopul101i;p0p100;2019;423856.0;101;i
RS;npopul301f;p0p100;1950;171103.0;301;f
RS;npopul301f;p0p100;1951;186007.0;301;f
RS;npopul301f;p0p100;1952;211365.0;301;f
RS;npopul301f;p0p100;1953;242303.0;301;f
RS;npopul301f;p0p100;1954;271652.0;301;f
RS;npopul301f;p0p100;1955;294983.0;301;f
RS;npopul301f;p0p100;1956;312821.0;301;f
RS;npopul301f;p0p100;1957;324987.0;301;f
RS;npopul301f;p0p100;1958;332440.0;301;f
RS;npopul301f;p0p100;1959;337294.0;301;f
RS;npopul301f;p0p100;1960;340908.0;301;f
RS;npopul301f;p0p100;1961;343272.0;301;f
RS;npopul301f;p0p100;1962;342986.0;301;f
RS;npopul301f;p0p100;1963;340703.0;301;f
RS;npopul301f;p0p100;1964;337099.0;301;f
RS;npopul301f;p0p100;1965;332521.0;301;f
RS;npopul301f;p0p100;1966;326099.0;301;f
RS;npopul301f;p0p100;1967;319942.0;301;f
RS;npopul301f;p0p100;1968;313283.0;301;f
RS;npopul301f;p0p100;1969;304808.0;301;f
RS;npopul301f;p0p100;1970;294096.0;301;f
RS;npopul301f;p0p100;1971;281770.0;301;f
RS;npopul301f;p0p100;1972;266990.0;301;f
RS;npopul301f;p0p100;1973;253158.0;301;f
RS;npopul301f;p0p100;1974;245534.0;301;f
RS;npopul301f;p0p100;1975;247162.0;301;f
RS;npopul301f;p0p100;1976;257383.0;301;f
RS;npopul301f;p0p100;1977;276547.0;301;f
RS;npopul301f;p0p100;1978;301132.0;301;f
RS;npopul301f;p0p100;1979;325406.0;301;f
RS;npopul301f;p0p100;1980;345557.0;301;f
RS;npopul301f;p0p100;1981;362333.0;301;f
RS;npopul301f;p0p100;1982;375790.0;301;f
RS;npopul301f;p0p100;1983;385082.0;301;f
RS;npopul301f;p0p100;1984;389448.0;301;f
RS;npopul301f;p0p100;1985;388614.0;301;f
RS;npopul301f;p0p100;1986;382579.0;301;f
RS;npopul301f;p0p100;1987;370463.0;301;f
RS;npopul301f;p0p100;1988;355266.0;301;f
RS;npopul301f;p0p100;1989;341493.0;301;f
RS;npopul301f;p0p100;1990;331923.0;301;f
RS;npopul301f;p0p100;1991;326664.0;301;f
RS;npopul301f;p0p100;1992;325713.0;301;f
RS;npopul301f;p0p100;1993;327460.0;301;f
RS;npopul301f;p0p100;1994;329195.0;301;f
RS;npopul301f;p0p100;1995;329251.0;301;f
RS;npopul301f;p0p100;1996;327352.0;301;f
RS;npopul301f;p0p100;1997;323825.0;301;f
RS;npopul301f;p0p100;1998;319430.0;301;f
RS;npopul301f;p0p100;1999;248166.0;301;f
RS;npopul301f;p0p100;2000;247317.0;301;f
RS;npopul301f;p0p100;2001;248855.0;301;f
RS;npopul301f;p0p100;2002;251499.0;301;f
RS;npopul301f;p0p100;2003;254149.0;301;f
RS;npopul301f;p0p100;2004;256966.0;301;f
RS;npopul301f;p0p100;2005;259335.0;301;f
RS;npopul301f;p0p100;2006;260237.0;301;f
RS;npopul301f;p0p100;2007;260580.0;301;f
RS;npopul301f;p0p100;2008;260122.0;301;f
RS;npopul301f;p0p100;2009;258734.0;301;f
RS;npopul301f;p0p100;2010;256261.0;301;f
RS;npopul301f;p0p100;2011;252414.0;301;f
RS;npopul301f;p0p100;2012;248028.0;301;f
RS;npopul301f;p0p100;2013;243119.0;301;f
RS;npopul301f;p0p100;2014;238788.0;301;f
RS;npopul301f;p0p100;2015;235610.0;301;f
RS;npopul301f;p0p100;2016;234999.0;301;f
RS;npopul301f;p0p100;2017;236437.0;301;f
RS;npopul301f;p0p100;2018;238403.0;301;f
RS;npopul301f;p0p100;2019;239623.0;301;f
RS;npopul993i;p0p100;1950;1971159.0;993;i
RS;npopul993i;p0p100;1951;2024861.0;993;i
RS;npopul993i;p0p100;1952;2082794.0;993;i
RS;npopul993i;p0p100;1953;2140314.0;993;i
RS;npopul993i;p0p100;1954;2198797.0;993;i
RS;npopul993i;p0p100;1955;2259795.0;993;i
RS;npopul993i;p0p100;1956;2321771.0;993;i
RS;npopul993i;p0p100;1957;2386513.0;993;i
RS;npopul993i;p0p100;1958;2447076.0;993;i
RS;npopul993i;p0p100;1959;2492803.0;993;i
RS;npopul993i;p0p100;1960;2517766.0;993;i
RS;npopul993i;p0p100;1961;2527984.0;993;i
RS;npopul993i;p0p100;1962;2513458.0;993;i
RS;npopul993i;p0p100;1963;2485158.0;993;i
RS;npopul993i;p0p100;1964;2458701.0;993;i
RS;npopul993i;p0p100;1965;2443107.0;993;i
RS;npopul993i;p0p100;1966;2428336.0;993;i
RS;npopul993i;p0p100;1967;2425472.0;993;i
RS;npopul993i;p0p100;1968;2432173.0;993;i
RS;npopul993i;p0p100;1969;2443771.0;993;i
RS;npopul993i;p0p100;1970;2457806.0;993;i
RS;npopul993i;p0p100;1971;2477926.0;993;i
RS;npopul993i;p0p100;1972;2503142.0;993;i
RS;npopul993i;p0p100;1973;2530612.0;993;i
RS;npopul993i;p0p100;1974;2556906.0;993;i
RS;npopul993i;p0p100;1975;2579719.0;993;i
RS;npopul993i;p0p100;1976;2599081.0;993;i
RS;npopul993i;p0p100;1977;2613639.0;993;i
RS;npopul993i;p0p100;1978;2626483.0;993;i
RS;npopul993i;p0p100;1979;2642981.0;993;i
RS;npopul993i;p0p100;1980;2666214.0;993;i
RS;npopul993i;p0p100;1981;2695891.0;993;i
RS;npopul993i;p0p100;1982;2732708.0;993;i
RS;npopul993i;p0p100;1983;2770873.0;993;i
RS;npopul993i;p0p100;1984;2801339.0;993;i
RS;npopul993i;p0p100;1985;2818700.0;993;i
RS;npopul993i;p0p100;1986;2825780.0;993;i
RS;npopul993i;p0p100;1987;2819833.0;993;i
RS;npopul993i;p0p100;1988;2805961.0;993;i
RS;npopul993i;p0p100;1989;2791871.0;993;i
RS;npopul993i;p0p100;1990;2782231.0;993;i
RS;npopul993i;p0p100;1991;2777305.0;993;i
RS;npopul993i;p0p100;1992;2776668.0;993;i
RS;npopul993i;p0p100;1993;2777659.0;993;i
RS;npopul993i;p0p100;1994;2777099.0;993;i
RS;npopul993i;p0p100;1995;2773024.0;993;i
RS;npopul993i;p0p100;1996;2753052.0;993;i
RS;npopul993i;p0p100;1997;2724299.0;993;i
RS;npopul993i;p0p100;1998;2688651.0;993;i
RS;npopul993i;p0p100;1999;2084501.0;993;i
RS;npopul993i;p0p100;2000;2064728.0;993;i
RS;npopul993i;p0p100;2001;2063515.0;993;i
RS;npopul993i;p0p100;2002;2064865.0;993;i
RS;npopul993i;p0p100;2003;2062488.0;993;i
RS;npopul993i;p0p100;2004;2062683.0;993;i
RS;npopul993i;p0p100;2005;2064109.0;993;i
RS;npopul993i;p0p100;2006;2059695.0;993;i
RS;npopul993i;p0p100;2007;2056085.0;993;i
RS;npopul993i;p0p100;2008;2051432.0;993;i
RS;npopul993i;p0p100;2009;2044462.0;993;i
RS;npopul993i;p0p100;2010;2033463.0;993;i
RS;npopul993i;p0p100;2011;2014454.0;993;i
RS;npopul993i;p0p100;2012;1997274.0;993;i
RS;npopul993i;p0p100;2013;1976553.0;993;i
RS;npopul993i;p0p100;2014;1952762.0;993;i
RS;npopul993i;p0p100;2015;1925845.0;993;i
RS;npopul993i;p0p100;2016;1909027.0;993;i
RS;npopul993i;p0p100;2017;1894825.0;993;i
RS;npopul993i;p0p100;2018;1878610.0;993;i
RS;npopul993i;p0p100;2019;1862592.0;993;i
RS;scainc992j;p73p100;1990;0.53750002;992;j
RS;scainc992j;p73p100;1991;0.5352;992;j
RS;scainc992j;p73p100;1992;0.5334;992;j
RS;scainc992j;p73p100;1993;0.53200001;992;j
RS;scainc992j;p73p100;1994;0.53049999;992;j
RS;scainc992j;p73p100;1995;0.52899998;992;j
RS;scainc992j;p73p100;1996;0.52670002;992;j
RS;scainc992j;p73p100;1997;0.52450001;992;j
RS;scainc992j;p73p100;1998;0.52499998;992;j
RS;scainc992j;p73p100;1999;0.52789998;992;j
RS;scainc992j;p73p100;2000;0.53359997;992;j
RS;scainc992j;p73p100;2001;0.53659999;992;j
RS;scainc992j;p73p100;2002;0.54689997;992;j
RS;scainc992j;p73p100;2003;0.55019999;992;j
RS;scainc992j;p73p100;2004;0.56050003;992;j
RS;scainc992j;p73p100;2005;0.56819999;992;j
RS;scainc992j;p73p100;2006;0.57709998;992;j
RS;scainc992j;p73p100;2007;0.57910001;992;j
RS;scainc992j;p73p100;2008;0.58319998;992;j
RS;scainc992j;p73p100;2009;0.58960003;992;j
RS;scainc992j;p73p100;2010;0.60189998;992;j
RS;scainc992j;p73p100;2011;0.61229998;992;j
RS;scainc992j;p73p100;2012;0.61720002;992;j
RS;scainc992j;p73p100;2013;0.61760002;992;j
RS;scainc992j;p73p100;2014;0.60470003;992;j
RS;scainc992j;p73p100;2015;0.62709999;992;j
RS;scainc992j;p73p100;2016;0.62709999;992;j
RS;scainc992j;p73p100;2017;0.62720001;992;j
RS;scainc992j;p81p82;1990;0.0147;992;j
RS;scainc992j;p81p82;1991;0.0146;992;j
RS;scainc992j;p81p82;1992;0.0146;992;j
RS;scainc992j;p81p82;1993;0.0145;992;j
RS;scainc992j;p81p82;1994;0.0144;992;j
RS;scainc992j;p81p82;1995;0.0144;992;j
RS;scainc992j;p81p82;1996;0.0143;992;j
RS;scainc992j;p81p82;1997;0.0143;992;j
RS;scainc992j;p81p82;1998;0.014;992;j
RS;scainc992j;p81p82;1999;0.0139;992;j
RS;scainc992j;p81p82;2000;0.0138;992;j
RS;scainc992j;p81p82;2001;0.0136;992;j
RS;scainc992j;p81p82;2002;0.0139;992;j
RS;scainc992j;p81p82;2003;0.0139;992;j
RS;scainc992j;p81p82;2004;0.0142;992;j
RS;scainc992j;p81p82;2005;0.0142;992;j
RS;scainc992j;p81p82;2006;0.0143;992;j
RS;scainc992j;p81p82;2007;0.0145;992;j
RS;scainc992j;p81p82;2008;0.0147;992;j
RS;scainc992j;p81p82;2009;0.0146;992;j
RS;scainc992j;p81p82;2010;0.0148;992;j
RS;scainc992j;p81p82;2011;0.0149;992;j
RS;scainc992j;p81p82;2012;0.0148;992;j
RS;scainc992j;p81p82;2013;0.0153;992;j
RS;scainc992j;p81p82;2014;0.0142;992;j
RS;scainc992j;p81p82;2015;0.0138;992;j
RS;scainc992j;p81p82;2016;0.0138;992;j
RS;scainc992j;p81p82;2017;0.0138;992;j
RS;scainc992j;p99.991p100;1990;0.0082;992;j
RS;scainc992j;p99.991p100;1991;0.0077;992;j
RS;scainc992j;p99.991p100;1992;0.0070000002;992;j
RS;scainc992j;p99.991p100;1993;0.0066;992;j
RS;scainc992j;p99.991p100;1994;0.0063999998;992;j
RS;scainc992j;p99.991p100;1995;0.0060999999;992;j
RS;scainc992j;p99.991p100;1996;0.0059000002;992;j
RS;scainc992j;p99.991p100;1997;0.0055999998;992;j
RS;scainc992j;p99.991p100;1998;0.0059000002;992;j
RS;scainc992j;p99.991p100;1999;0.0073000002;992;j
RS;scainc992j;p99.991p100;2000;0.0077999998;992;j
RS;scainc992j;p99.991p100;2001;0.0092000002;992;j
RS;scainc992j;p99.991p100;2002;0.0086000003;992;j
RS;scainc992j;p99.991p100;2003;0.0085000005;992;j
RS;scainc992j;p99.991p100;2004;0.0087000001;992;j
RS;scainc992j;p99.991p100;2005;0.0093999999;992;j
RS;scainc992j;p99.991p100;2006;0.0086000003;992;j
RS;scainc992j;p99.991p100;2007;0.0074;992;j
RS;scainc992j;p99.991p100;2008;0.0063999998;992;j
RS;scainc992j;p99.991p100;2009;0.0080000004;992;j
RS;scainc992j;p99.991p100;2010;0.0076000001;992;j
RS;scainc992j;p99.991p100;2011;0.0074;992;j
RS;scainc992j;p99.991p100;2012;0.0119;992;j
RS;scainc992j;p99.991p100;2013;0.0088;992;j
RS;scainc992j;p99.991p100;2014;0.017999999;992;j
RS;scainc992j;p99.991p100;2015;0.0309;992;j
RS;scainc992j;p99.991p100;2016;0.0309;992;j
RS;scainc992j;p99.991p100;2017;0.030999999;992;j
RS;sdiinc992j;p20p30;1990;0.049600001;992;j
RS;sdiinc992j;p20p30;1991;0.0502;992;j
RS;sdiinc992j;p20p30;1992;0.050900001;992;j
RS;sdiinc992j;p20p30;1993;0.0515;992;j
RS;sdiinc992j;p20p30;1994;0.052200001;992;j
RS;sdiinc992j;p20p30;1995;0.0528;992;j
RS;sdiinc992j;p20p30;1996;0.0535;992;j
RS;sdiinc992j;p20p30;1997;0.054299999;992;j
RS;sdiinc992j;p20p30;1998;0.0548;992;j
RS;sdiinc992j;p20p30;1999;0.0539;992;j
RS;sdiinc992j;p20p30;2000;0.054299999;992;j
RS;sdiinc992j;p20p30;2001;0.054499999;992;j
RS;sdiinc992j;p20p30;2002;0.052999999;992;j
RS;sdiinc992j;p20p30;2003;0.051899999;992;j
RS;sdiinc992j;p20p30;2004;0.049600001;992;j
RS;sdiinc992j;p20p30;2005;0.048700001;992;j
RS;sdiinc992j;p20p30;2006;0.046399999;992;j
RS;sdiinc992j;p20p30;2007;0.046399999;992;j
RS;sdiinc992j;p20p30;2008;0.045000002;992;j
RS;sdiinc992j;p20p30;2009;0.0427;992;j
RS;sdiinc992j;p20p30;2010;0.039799999;992;j
RS;sdiinc992j;p20p30;2011;0.036800001;992;j
RS;sdiinc992j;p20p30;2012;0.037799999;992;j
RS;sdiinc992j;p20p30;2013;0.033199999;992;j
RS;sdiinc992j;p20p30;2014;0.037500001;992;j
RS;sdiinc992j;p20p30;2015;0.0341;992;j
RS;sdiinc992j;p20p30;2016;0.033300001;992;j
RS;sdiinc992j;p20p30;2017;0.033199999;992;j
RS;sdiinc992j;p37p38;1990;0.0068999999;992;j
RS;sdiinc992j;p37p38;1991;0.0068999999;992;j
RS;sdiinc992j;p37p38;1992;0.0068999999;992;j
RS;sdiinc992j;p37p38;1993;0.0068999999;992;j
RS;sdiinc992j;p37p38;1994;0.0070000002;992;j
RS;sdiinc992j;p37p38;1995;0.0070000002;992;j
RS;sdiinc992j;p37p38;1996;0.0070000002;992;j
RS;sdiinc992j;p37p38;1997;0.0070000002;992;j
RS;sdiinc992j;p37p38;1998;0.0068000001;992;j
RS;sdiinc992j;p37p38;1999;0.0066999998;992;j
RS;sdiinc992j;p37p38;2000;0.0066999998;992;j
RS;sdiinc992j;p37p38;2001;0.0066999998;992;j
RS;sdiinc992j;p37p38;2002;0.0066;992;j
RS;sdiinc992j;p37p38;2003;0.0066;992;j
RS;sdiinc992j;p37p38;2004;0.0065000001;992;j
RS;sdiinc992j;p37p38;2005;0.0063;992;j
RS;sdiinc992j;p37p38;2006;0.0062000002;992;j
RS;sdiinc992j;p37p38;2007;0.0063;992;j
RS;sdiinc992j;p37p38;2008;0.0062000002;992;j
RS;sdiinc992j;p37p38;2009;0.0060999999;992;j
RS;sdiinc992j;p37p38;2010;0.0059000002;992;j
RS;sdiinc992j;p37p38;2011;0.0057999999;992;j
RS;sdiinc992j;p37p38;2012;0.0057000001;992;j
RS;sdiinc992j;p37p38;2013;0.0055999998;992;j
RS;sdiinc992j;p37p38;2014;0.0055999998;992;j
RS;sdiinc992j;p37p38;2015;0.0055;992;j
RS;sdiinc992j;p37p38;2016;0.0055;992;j
RS;sdiinc992j;p37p38;2017;0.0054000001;992;j
RS;sdiinc992j;p53p100;1990;0.7277;992;j
RS;sdiinc992j;p53p100;1991;0.72600001;992;j
RS;sdiinc992j;p53p100;1992;0.72420001;992;j
RS;sdiinc992j;p53p100;1993;0.7227;992;j
RS;sdiinc992j;p53p100;1994;0.72109997;992;j
RS;sdiinc992j;p53p100;1995;0.71960002;992;j
RS;sdiinc992j;p53p100;1996;0.71759999;992;j
RS;sdiinc992j;p53p100;1997;0.71520001;992;j
RS;sdiinc992j;p53p100;1998;0.71759999;992;j
RS;sdiinc992j;p53p100;1999;0.7209;992;j
RS;sdiinc992j;p53p100;2000;0.7216;992;j
RS;sdiinc992j;p53p100;2001;0.72250003;992;j
RS;sdiinc992j;p53p100;2002;0.73040003;992;j
RS;sdiinc992j;p53p100;2003;0.73329997;992;j
RS;sdiinc992j;p53p100;2004;0.74309999;992;j
RS;sdiinc992j;p53p100;2005;0.74879998;992;j
RS;sdiinc992j;p53p100;2006;0.75660002;992;j
RS;sdiinc992j;p53p100;2007;0.7579;992;j
RS;sdiinc992j;p53p100;2008;0.7615;992;j
RS;sdiinc992j;p53p100;2009;0.76639998;992;j
RS;sdiinc992j;p53p100;2010;0.77569997;992;j
RS;sdiinc992j;p53p100;2011;0.78549999;992;j
RS;sdiinc992j;p53p100;2012;0.78789997;992;j
RS;sdiinc992j;p53p100;2013;0.79079998;992;j
RS;sdiinc992j;p53p100;2014;0.77319998;992;j
RS;sdiinc992j;p53p100;2015;0.78759998;992;j
RS;sdiinc992j;p53p100;2016;0.79159999;992;j
RS;sdiinc992j;p53p100;2017;0.79210001;992;j
RS;sdiinc992j;p6p7;1990;0.0022;992;j
RS;sdiinc992j;p6p7;1991;0.0022;992;j
RS;sdiinc992j;p6p7;1992;0.0022;992;j
RS;sdiinc992j;p6p7;1993;0.0022;992;j
RS;sdiinc992j;p6p7;1994;0.0022;992;j
RS;sdiinc992j;p6p7;1995;0.0023000001;992;j
RS;sdiinc992j;p6p7;1996;0.0023000001;992;j
RS;sdiinc992j;p6p7;1997;0.0023000001;992;j
RS;sdiinc992j;p6p7;1998;0.0024000001;992;j
RS;sdiinc992j;p6p7;1999;0.0024000001;992;j
RS;sdiinc992j;p6p7;2000;0.0023000001;992;j
RS;sdiinc992j;p6p7;2001;0.0023000001;992;j
RS;sdiinc992j;p6p7;2002;0.0020000001;992;j
RS;sdiinc992j;p6p7;2003;0.0020000001;992;j
RS;sdiinc992j;p6p7;2004;0.0018;992;j
RS;sdiinc992j;p6p7;2005;0.0017;992;j
RS;sdiinc992j;p6p7;2006;0.0015;992;j
RS;sdiinc992j;p6p7;2007;0.0013;992;j
RS;sdiinc992j;p6p7;2008;0.0014;992;j
RS;sdiinc992j;p6p7;2009;0.0014;992;j
RS;sdiinc992j;p6p7;2010;0.0013;992;j
RS;sdiinc992j;p6p7;2011;0.0012000001;992;j
RS;sdiinc992j;p6p7;2012;0.0011;992;j
RS;sdiinc992j;p6p7;2013;0.0015;992;j
RS;sdiinc992j;p6p7;2014;0.0022;992;j
RS;sdiinc992j;p6p7;2015;0.0018;992;j
RS;sdiinc992j;p6p7;2016;0.0017;992;j
RS;sdiinc992j;p6p7;2017;0.0016;992;j
RS;sptinc992j;p37p38;1990;0.0063999998;992;j
RS;sptinc992j;p37p38;1991;0.0063;992;j
RS;sptinc992j;p37p38;1992;0.0063;992;j
RS;sptinc992j;p37p38;1993;0.0062000002;992;j
RS;sptinc992j;p37p38;1994;0.0062000002;992;j
RS;sptinc992j;p37p38;1995;0.0062000002;992;j
RS;sptinc992j;p37p38;1996;0.0062000002;992;j
RS;sptinc992j;p37p38;1997;0.0060999999;992;j
RS;sptinc992j;p37p38;1998;0.0060000001;992;j
RS;sptinc992j;p37p38;1999;0.0060000001;992;j
RS;sptinc992j;p37p38;2000;0.0059000002;992;j
RS;sptinc992j;p37p38;2001;0.0059000002;992;j
RS;sptinc992j;p37p38;2002;0.0057999999;992;j
RS;sptinc992j;p37p38;2003;0.0057999999;992;j
RS;sptinc992j;p37p38;2004;0.0057000001;992;j
RS;sptinc992j;p37p38;2005;0.0055;992;j
RS;sptinc992j;p37p38;2006;0.0055;992;j
RS;sptinc992j;p37p38;2007;0.0055;992;j
RS;sptinc992j;p37p38;2008;0.0054000001;992;j
RS;sptinc992j;p37p38;2009;0.0052999998;992;j
RS;sptinc992j;p37p38;2010;0.0052;992;j
RS;sptinc992j;p37p38;2011;0.0049999999;992;j
RS;sptinc992j;p37p38;2012;0.0049999999;992;j
RS;sptinc992j;p37p38;2013;0.0049999999;992;j
RS;sptinc992j;p37p38;2014;0.0048000002;992;j
RS;sptinc992j;p37p38;2015;0.0049999999;992;j
RS;sptinc992j;p37p38;2016;0.0049999999;992;j
RS;sptinc992j;p37p38;2017;0.0049999999;992;j
RS;sptinc992j;p44p100;1990;0.8301;992;j
RS;sptinc992j;p44p100;1991;0.83060002;992;j
RS;sptinc992j;p44p100;1992;0.83099997;992;j
RS;sptinc992j;p44p100;1993;0.83149999;992;j
RS;sptinc992j;p44p100;1994;0.8319;992;j
RS;sptinc992j;p44p100;1995;0.83230001;992;j
RS;sptinc992j;p44p100;1996;0.8326;992;j
RS;sptinc992j;p44p100;1997;0.83289999;992;j
RS;sptinc992j;p44p100;1998;0.83020002;992;j
RS;sptinc992j;p44p100;1999;0.83029997;992;j
RS;sptinc992j;p44p100;2000;0.83289999;992;j
RS;sptinc992j;p44p100;2001;0.83319998;992;j
RS;sptinc992j;p44p100;2002;0.84149998;992;j
RS;sptinc992j;p44p100;2003;0.84509999;992;j
RS;sptinc992j;p44p100;2004;0.85170001;992;j
RS;sptinc992j;p44p100;2005;0.85790002;992;j
RS;sptinc992j;p44p100;2006;0.8646;992;j
RS;sptinc992j;p44p100;2007;0.86729997;992;j
RS;sptinc992j;p44p100;2008;0.87370002;992;j
RS;sptinc992j;p44p100;2009;0.87819999;992;j
RS;sptinc992j;p44p100;2010;0.884;992;j
RS;sptinc992j;p44p100;2011;0.89219999;992;j
RS;sptinc992j;p44p100;2012;0.89490002;992;j
RS;sptinc992j;p44p100;2013;0.89590001;992;j
RS;sptinc992j;p44p100;2014;0.8998;992;j
RS;sptinc992j;p44p100;2015;0.89499998;992;j
RS;sptinc992j;p44p100;2016;0.89499998;992;j
RS;sptinc992j;p44p100;2017;0.89520001;992;j
RS;sptinc992j;p93p94;1990;0.0206;992;j
RS;sptinc992j;p93p94;1991;0.0206;992;j
RS;sptinc992j;p93p94;1992;0.0207;992;j
RS;sptinc992j;p93p94;1993;0.0207;992;j
RS;sptinc992j;p93p94;1994;0.0207;992;j
RS;sptinc992j;p93p94;1995;0.0207;992;j
RS;sptinc992j;p93p94;1996;0.0208;992;j
RS;sptinc992j;p93p94;1997;0.0208;992;j
RS;sptinc992j;p93p94;1998;0.0209;992;j
RS;sptinc992j;p93p94;1999;0.0208;992;j
RS;sptinc992j;p93p94;2000;0.0209;992;j
RS;sptinc992j;p93p94;2001;0.0208;992;j
RS;sptinc992j;p93p94;2002;0.0211;992;j
RS;sptinc992j;p93p94;2003;0.021500001;992;j
RS;sptinc992j;p93p94;2004;0.022;992;j
RS;sptinc992j;p93p94;2005;0.022500001;992;j
RS;sptinc992j;p93p94;2006;0.0228;992;j
RS;sptinc992j;p93p94;2007;0.023;992;j
RS;sptinc992j;p93p94;2008;0.0231;992;j
RS;sptinc992j;p93p94;2009;0.023499999;992;j
RS;sptinc992j;p93p94;2010;0.024;992;j
RS;sptinc992j;p93p94;2011;0.0244;992;j
RS;sptinc992j;p93p94;2012;0.024700001;992;j
RS;sptinc992j;p93p94;2013;0.0244;992;j
RS;sptinc992j;p93p94;2014;0.023800001;992;j
RS;sptinc992j;p93p94;2015;0.023800001;992;j
RS;sptinc992j;p93p94;2016;0.023700001;992;j
RS;sptinc992j;p93p94;2017;0.023800001;992;j
RS;sptinc992j;p99.6p100;1990;0.053399999;992;j
RS;sptinc992j;p99.6p100;1991;0.0546;992;j
RS;sptinc992j;p99.6p100;1992;0.055599999;992;j
RS;sptinc992j;p99.6p100;1993;0.0568;992;j
RS;sptinc992j;p99.6p100;1994;0.057799999;992;j
RS;sptinc992j;p99.6p100;1995;0.059099998;992;j
RS;sptinc992j;p99.6p100;1996;0.059999999;992;j
RS;sptinc992j;p99.6p100;1997;0.060899999;992;j
RS;sptinc992j;p99.6p100;1998;0.061000001;992;j
RS;sptinc992j;p99.6p100;1999;0.064300001;992;j
RS;sptinc992j;p99.6p100;2000;0.068499997;992;j
RS;sptinc992j;p99.6p100;2001;0.071999997;992;j
RS;sptinc992j;p99.6p100;2002;0.071900003;992;j
RS;sptinc992j;p99.6p100;2003;0.071000002;992;j
RS;sptinc992j;p99.6p100;2004;0.073299997;992;j
RS;sptinc992j;p99.6p100;2005;0.072700001;992;j
RS;sptinc992j;p99.6p100;2006;0.073600002;992;j
RS;sptinc992j;p99.6p100;2007;0.0691;992;j
RS;sptinc992j;p99.6p100;2008;0.070299998;992;j
RS;sptinc992j;p99.6p100;2009;0.070200004;992;j
RS;sptinc992j;p99.6p100;2010;0.071199998;992;j
RS;sptinc992j;p99.6p100;2011;0.074299999;992;j
RS;sptinc992j;p99.6p100;2012;0.066500001;992;j
RS;sptinc992j;p99.6p100;2013;0.068300001;992;j
RS;sptinc992j;p99.6p100;2014;0.087700002;992;j
RS;sptinc992j;p99.6p100;2015;0.084700003;992;j
RS;sptinc992j;p99.6p100;2016;0.084799998;992;j
RS;sptinc992j;p99.6p100;2017;0.084899999;992;j
RS;sptinc992j;p99p99.1;1990;0.0044999998;992;j
RS;sptinc992j;p99p99.1;1991;0.0044999998;992;j
RS;sptinc992j;p99p99.1;1992;0.0046000001;992;j
RS;sptinc992j;p99p99.1;1993;0.0046000001;992;j
RS;sptinc992j;p99p99.1;1994;0.0046999999;992;j
RS;sptinc992j;p99p99.1;1995;0.0046999999;992;j
RS;sptinc992j;p99p99.1;1996;0.0046999999;992;j
RS;sptinc992j;p99p99.1;1997;0.0046999999;992;j
RS;sptinc992j;p99p99.1;1998;0.0048000002;992;j
RS;sptinc992j;p99p99.1;1999;0.0049000001;992;j
RS;sptinc992j;p99p99.1;2000;0.0051000002;992;j
RS;sptinc992j;p99p99.1;2001;0.0051000002;992;j
RS;sptinc992j;p99p99.1;2002;0.0052999998;992;j
RS;sptinc992j;p99p99.1;2003;0.0052999998;992;j
RS;sptinc992j;p99p99.1;2004;0.0055;992;j
RS;sptinc992j;p99p99.1;2005;0.0055999998;992;j
RS;sptinc992j;p99p99.1;2006;0.0057000001;992;j
RS;sptinc992j;p99p99.1;2007;0.0055;992;j
RS;sptinc992j;p99p99.1;2008;0.0055999998;992;j
RS;sptinc992j;p99p99.1;2009;0.0055999998;992;j
RS;sptinc992j;p99p99.1;2010;0.0059000002;992;j
RS;sptinc992j;p99p99.1;2011;0.0060000001;992;j
RS;sptinc992j;p99p99.1;2012;0.0060999999;992;j
RS;sptinc992j;p99p99.1;2013;0.0060000001;992;j
RS;sptinc992j;p99p99.1;2014;0.0060999999;992;j
RS;sptinc992j;p99p99.1;2015;0.0060000001;992;j
RS;sptinc992j;p99p99.1;2016;0.0060000001;992;j
RS;sptinc992j;p99p99.1;2017;0.0060000001;992;j
RS;tcainc992j;p0p100;1990;37965.398;992;j
RS;tcainc992j;p0p100;1991;27859.801;992;j
RS;tcainc992j;p0p100;1992;15655.3;992;j
RS;tcainc992j;p0p100;1993;7957.3999;992;j
RS;tcainc992j;p0p100;1994;5954.7002;992;j
RS;tcainc992j;p0p100;1995;4193.8999;992;j
RS;tcainc992j;p0p100;1996;1911.9;992;j
RS;tcainc992j;p0p100;1997;-496.79999;992;j
RS;tcainc992j;p0p100;1998;222.39999;992;j
RS;tcainc992j;p0p100;1999;1129.6;992;j
RS;tcainc992j;p0p100;2000;-2923.2;992;j
RS;tcainc992j;p0p100;2001;-3174.1001;992;j
RS;tcainc992j;p0p100;2002;-5736.1001;992;j
RS;tcainc992j;p0p100;2003;1330.5;992;j
RS;tcainc992j;p0p100;2004;2321.3;992;j
RS;tcainc992j;p0p100;2005;2283.8999;992;j
RS;tcainc992j;p0p100;2006;4287.3999;992;j
RS;tcainc992j;p0p100;2007;-13152510.0;992;j
RS;tcainc992j;p0p100;2008;-21086188.0;992;j
RS;tcainc992j;p0p100;2009;9980.7002;992;j
RS;tcainc992j;p0p100;2010;10054.0;992;j
RS;tcainc992j;p0p100;2011;9045.0996;992;j
RS;tcainc992j;p0p100;2012;6743.1001;992;j
RS;tcainc992j;p0p100;2013;-14144.5;992;j
RS;tcainc992j;p0p100;2014;21598.1;992;j
RS;tcainc992j;p0p100;2015;12758.3;992;j
RS;tcainc992j;p0p100;2016;12006.7;992;j
RS;tcainc992j;p0p100;2017;10735.9;992;j
RS;tcainc992j;p23p24;1990;220663.91;992;j
RS;tcainc992j;p23p24;1991;194432.0;992;j
RS;tcainc992j;p23p24;1992;135348.5;992;j
RS;tcainc992j;p23p24;1993;89171.5;992;j
RS;tcainc992j;p23p24;1994;93302.297;992;j
RS;tcainc992j;p23p24;1995;100201.4;992;j
RS;tcainc992j;p23p24;1996;102827.0;992;j
RS;tcainc992j;p23p24;1997;110605.1;992;j
RS;tcainc992j;p23p24;1998;125416.0;992;j
RS;tcainc992j;p23p24;1999;142222.09;992;j
RS;tcainc992j;p23p24;2000;155079.91;992;j
RS;tcainc992j;p23p24;2001;151386.09;992;j
RS;tcainc992j;p23p24;2002;149999.41;992;j
RS;tcainc992j;p23p24;2003;153097.09;992;j
RS;tcainc992j;p23p24;2004;171282.7;992;j
RS;tcainc992j;p23p24;2005;191171.09;992;j
RS;tcainc992j;p23p24;2006;188938.5;992;j
RS;tcainc992j;p23p24;2007;185107.09;992;j
RS;tcainc992j;p23p24;2008;190883.5;992;j
RS;tcainc992j;p23p24;2009;174137.09;992;j
RS;tcainc992j;p23p24;2010;158281.2;992;j
RS;tcainc992j;p23p24;2011;143834.7;992;j
RS;tcainc992j;p23p24;2012;149097.7;992;j
RS;tcainc992j;p23p24;2013;124906.4;992;j
RS;tcainc992j;p23p24;2014;147706.2;992;j
RS;tcainc992j;p23p24;2015;126407.8;992;j
RS;tcainc992j;p23p24;2016;131373.2;992;j
RS;tcainc992j;p23p24;2017;131128.09;992;j
RS;tcainc992j;p55p100;1990;468525.19;992;j
RS;tcainc992j;p55p100;1991;407509.41;992;j
RS;tcainc992j;p55p100;1992;279430.69;992;j
RS;tcainc992j;p55p100;1993;181417.5;992;j
RS;tcainc992j;p55p100;1994;186924.09;992;j
RS;tcainc992j;p55p100;1995;197223.2;992;j
RS;tcainc992j;p55p100;1996;199165.3;992;j
RS;tcainc992j;p55p100;1997;210508.5;992;j
RS;tcainc992j;p55p100;1998;229161.41;992;j
RS;tcainc992j;p55p100;1999;258821.3;992;j
RS;tcainc992j;p55p100;2000;278552.19;992;j
RS;tcainc992j;p55p100;2001;269655.5;992;j
RS;tcainc992j;p55p100;2002;280707.41;992;j
RS;tcainc992j;p55p100;2003;293210.0;992;j
RS;tcainc992j;p55p100;2004;348769.59;992;j
RS;tcainc992j;p55p100;2005;393415.31;992;j
RS;tcainc992j;p55p100;2006;412337.81;992;j
RS;tcainc992j;p55p100;2007;414345.31;992;j
RS;tcainc992j;p55p100;2008;440166.69;992;j
RS;tcainc992j;p55p100;2009;431323.09;992;j
RS;tcainc992j;p55p100;2010;427007.81;992;j
RS;tcainc992j;p55p100;2011;428580.91;992;j
RS;tcainc992j;p55p100;2012;424940.19;992;j
RS;tcainc992j;p55p100;2013;433759.91;992;j
RS;tcainc992j;p55p100;2014;416242.0;992;j
RS;tcainc992j;p55p100;2015;411242.31;992;j
RS;tcainc992j;p55p100;2016;426468.09;992;j
RS;tcainc992j;p55p100;2017;426804.19;992;j
RS;tcainc992j;p84p85;1990;795186.81;992;j
RS;tcainc992j;p84p85;1991;687182.13;992;j
RS;tcainc992j;p84p85;1992;468421.19;992;j
RS;tcainc992j;p84p85;1993;301716.31;992;j
RS;tcainc992j;p84p85;1994;308937.5;992;j
RS;tcainc992j;p84p85;1995;324092.0;992;j
RS;tcainc992j;p84p85;1996;325407.0;992;j
RS;tcainc992j;p84p85;1997;341759.91;992;j
RS;tcainc992j;p84p85;1998;368891.81;992;j
RS;tcainc992j;p84p85;1999;417694.0;992;j
RS;tcainc992j;p84p85;2000;448203.5;992;j
RS;tcainc992j;p84p85;2001;432207.81;992;j
RS;tcainc992j;p84p85;2002;458830.31;992;j
RS;tcainc992j;p84p85;2003;487165.09;992;j
RS;tcainc992j;p84p85;2004;593763.81;992;j
RS;tcainc992j;p84p85;2005;676683.38;992;j
RS;tcainc992j;p84p85;2006;722556.81;992;j
RS;tcainc992j;p84p85;2007;735070.69;992;j
RS;tcainc992j;p84p85;2008;794048.38;992;j
RS;tcainc992j;p84p85;2009;788796.13;992;j
RS;tcainc992j;p84p85;2010;801531.0;992;j
RS;tcainc992j;p84p85;2011;819640.19;992;j
RS;tcainc992j;p84p85;2012;819309.63;992;j
RS;tcainc992j;p84p85;2013;858837.13;992;j
RS;tcainc992j;p84p85;2014;785583.5;992;j
RS;tcainc992j;p84p85;2015;773557.88;992;j
RS;tcainc992j;p84p85;2016;802556.81;992;j
RS;tcainc992j;p84p85;2017;802896.19;992;j
RS;tcainc992j;p97p98;1990;1355404.5;992;j
RS;tcainc992j;p97p98;1991;1177794.8;992;j
RS;tcainc992j;p97p98;1992;809779.88;992;j
RS;tcainc992j;p97p98;1993;527002.63;992;j
RS;tcainc992j;p97p98;1994;543460.13;992;j
RS;tcainc992j;p97p98;1995;574193.0;992;j
RS;tcainc992j;p97p98;1996;577530.81;992;j
RS;tcainc992j;p97p98;1997;608117.38;992;j
RS;tcainc992j;p97p98;1998;671678.69;992;j
RS;tcainc992j;p97p98;1999;769002.31;992;j
RS;tcainc992j;p97p98;2000;855238.63;992;j
RS;tcainc992j;p97p98;2001;835852.38;992;j
RS;tcainc992j;p97p98;2002;901149.0;992;j
RS;tcainc992j;p97p98;2003;953102.31;992;j
RS;tcainc992j;p97p98;2004;1162007.8;992;j
RS;tcainc992j;p97p98;2005;1343868.4;992;j
RS;tcainc992j;p97p98;2006;1465608.5;992;j
RS;tcainc992j;p97p98;2007;1477306.4;992;j
RS;tcainc992j;p97p98;2008;1615102.0;992;j
RS;tcainc992j;p97p98;2009;1597760.8;992;j
RS;tcainc992j;p97p98;2010;1666102.5;992;j
RS;tcainc992j;p97p98;2011;1732445.3;992;j
RS;tcainc992j;p97p98;2012;1678063.8;992;j
RS;tcainc992j;p97p98;2013;1745350.1;992;j
RS;tcainc992j;p97p98;2014;1587382.5;992;j
RS;tcainc992j;p97p98;2015;1594995.3;992;j
RS;tcainc992j;p97p98;2016;1654131.4;992;j
RS;tcainc992j;p97p98;2017;1655633.5;992;j
RS;tcainc992j;p99.1p99.2;1990;2206131.3;992;j
RS;tcainc992j;p99.1p99.2;1991;1910824.4;992;j
RS;tcainc992j;p99.1p99.2;1992;1310587.5;992;j
RS;tcainc992j;p99.1p99.2;1993;853612.13;992;j
RS;tcainc992j;p99.1p99.2;1994;880307.88;992;j
RS;tcainc992j;p99.1p99.2;1995;930476.5;992;j
RS;tcainc992j;p99.1p99.2;1996;932910.63;992;j
RS;tcainc992j;p99.1p99.2;1997;979098.69;992;j
RS;tcainc992j;p99.1p99.2;1998;1089665.9;992;j
RS;tcainc992j;p99.1p99.2;1999;1273873.3;992;j
RS;tcainc992j;p99.1p99.2;2000;1448745.0;992;j
RS;tcainc992j;p99.1p99.2;2001;1436845.4;992;j
RS;tcainc992j;p99.1p99.2;2002;1554309.8;992;j
RS;tcainc992j;p99.1p99.2;2003;1628939.6;992;j
RS;tcainc992j;p99.1p99.2;2004;1976717.0;992;j
RS;tcainc992j;p99.1p99.2;2005;2299289.0;992;j
RS;tcainc992j;p99.1p99.2;2006;2514483.0;992;j
RS;tcainc992j;p99.1p99.2;2007;2499584.8;992;j
RS;tcainc992j;p99.1p99.2;2008;2718323.5;992;j
RS;tcainc992j;p99.1p99.2;2009;2734444.8;992;j
RS;tcainc992j;p99.1p99.2;2010;2848066.0;992;j
RS;tcainc992j;p99.1p99.2;2011;2961578.0;992;j
RS;tcainc992j;p99.1p99.2;2012;2987294.3;992;j
RS;tcainc992j;p99.1p99.2;2013;3029233.5;992;j
RS;tcainc992j;p99.1p99.2;2014;2894486.3;992;j
RS;tcainc992j;p99.1p99.2;2015;3057442.0;992;j
RS;tcainc992j;p99.1p99.2;2016;3170803.5;992;j
RS;tcainc992j;p99.1p99.2;2017;3173897.8;992;j
RS;tdiinc992j;p42p100;1990;543011.88;992;j
RS;tdiinc992j;p42p100;1991;472652.81;992;j
RS;tdiinc992j;p42p100;1992;324449.81;992;j
RS;tdiinc992j;p42p100;1993;210657.0;992;j
RS;tdiinc992j;p42p100;1994;217431.3;992;j
RS;tdiinc992j;p42p100;1995;229654.8;992;j
RS;tdiinc992j;p42p100;1996;232216.8;992;j
RS;tdiinc992j;p42p100;1997;247057.91;992;j
RS;tdiinc992j;p42p100;1998;252946.2;992;j
RS;tdiinc992j;p42p100;1999;274696.0;992;j
RS;tdiinc992j;p42p100;2000;301195.59;992;j
RS;tdiinc992j;p42p100;2001;300027.09;992;j
RS;tdiinc992j;p42p100;2002;321317.09;992;j
RS;tdiinc992j;p42p100;2003;336284.0;992;j
RS;tdiinc992j;p42p100;2004;373611.41;992;j
RS;tdiinc992j;p42p100;2005;407529.5;992;j
RS;tdiinc992j;p42p100;2006;424536.19;992;j
RS;tdiinc992j;p42p100;2007;437217.91;992;j
RS;tdiinc992j;p42p100;2008;462344.41;992;j
RS;tdiinc992j;p42p100;2009;449042.19;992;j
RS;tdiinc992j;p42p100;2010;439670.41;992;j
RS;tdiinc992j;p42p100;2011;432890.41;992;j
RS;tdiinc992j;p42p100;2012;424703.41;992;j
RS;tdiinc992j;p42p100;2013;431904.41;992;j
RS;tdiinc992j;p42p100;2014;424658.5;992;j
RS;tdiinc992j;p42p100;2015;419485.31;992;j
RS;tdiinc992j;p42p100;2016;429043.31;992;j
RS;tdiinc992j;p42p100;2017;431169.41;992;j
RS;tdiinc992j;p53p54;1990;651445.88;992;j
RS;tdiinc992j;p53p54;1991;566971.63;992;j
RS;tdiinc992j;p53p54;1992;388668.19;992;j
RS;tdiinc992j;p53p54;1993;252234.41;992;j
RS;tdiinc992j;p53p54;1994;260127.59;992;j
RS;tdiinc992j;p53p54;1995;274668.41;992;j
RS;tdiinc992j;p53p54;1996;277308.69;992;j
RS;tdiinc992j;p53p54;1997;294572.31;992;j
RS;tdiinc992j;p53p54;1998;305217.69;992;j
RS;tdiinc992j;p53p54;1999;331160.91;992;j
RS;tdiinc992j;p53p54;2000;362099.5;992;j
RS;tdiinc992j;p53p54;2001;360433.09;992;j
RS;tdiinc992j;p53p54;2002;385549.19;992;j
RS;tdiinc992j;p53p54;2003;402713.31;992;j
RS;tdiinc992j;p53p54;2004;451479.5;992;j
RS;tdiinc992j;p53p54;2005;496829.31;992;j
RS;tdiinc992j;p53p54;2006;520334.59;992;j
RS;tdiinc992j;p53p54;2007;538836.13;992;j
RS;tdiinc992j;p53p54;2008;572527.38;992;j
RS;tdiinc992j;p53p54;2009;556379.69;992;j
RS;tdiinc992j;p53p54;2010;551255.31;992;j
RS;tdiinc992j;p53p54;2011;546699.63;992;j
RS;tdiinc992j;p53p54;2012;541656.31;992;j
RS;tdiinc992j;p53p54;2013;553489.13;992;j
RS;tdiinc992j;p53p54;2014;534697.81;992;j
RS;tdiinc992j;p53p54;2015;527946.88;992;j
RS;tdiinc992j;p53p54;2016;542249.5;992;j
RS;tdiinc992j;p53p54;2017;545049.0;992;j
RS;tdiinc992j;p75p76;1990;939093.81;992;j
RS;tdiinc992j;p75p76;1991;813858.31;992;j
RS;tdiinc992j;p75p76;1992;557020.63;992;j
RS;tdiinc992j;p75p76;1993;360292.09;992;j
RS;tdiinc992j;p75p76;1994;370122.41;992;j
RS;tdiinc992j;p75p76;1995;389762.59;992;j
RS;tdiinc992j;p75p76;1996;392621.69;992;j
RS;tdiinc992j;p75p76;1997;415658.09;992;j
RS;tdiinc992j;p75p76;1998;434071.0;992;j
RS;tdiinc992j;p75p76;1999;469569.09;992;j
RS;tdiinc992j;p75p76;2000;511316.81;992;j
RS;tdiinc992j;p75p76;2001;505476.0;992;j
RS;tdiinc992j;p75p76;2002;549744.19;992;j
RS;tdiinc992j;p75p76;2003;578355.63;992;j
RS;tdiinc992j;p75p76;2004;658167.13;992;j
RS;tdiinc992j;p75p76;2005;729456.88;992;j
RS;tdiinc992j;p75p76;2006;770946.13;992;j
RS;tdiinc992j;p75p76;2007;804680.88;992;j
RS;tdiinc992j;p75p76;2008;858861.88;992;j
RS;tdiinc992j;p75p76;2009;840356.0;992;j
RS;tdiinc992j;p75p76;2010;842828.5;992;j
RS;tdiinc992j;p75p76;2011;845869.81;992;j
RS;tdiinc992j;p75p76;2012;842577.63;992;j
RS;tdiinc992j;p75p76;2013;886748.63;992;j
RS;tdiinc992j;p75p76;2014;826335.88;992;j
RS;tdiinc992j;p75p76;2015;804798.13;992;j
RS;tdiinc992j;p75p76;2016;831108.13;992;j
RS;tdiinc992j;p75p76;2017;835949.19;992;j
RS;tdiinc992j;p85p86;1990;1118670.3;992;j
RS;tdiinc992j;p85p86;1991;967898.88;992;j
RS;tdiinc992j;p85p86;1992;660680.31;992;j
RS;tdiinc992j;p85p86;1993;426286.5;992;j
RS;tdiinc992j;p85p86;1994;437158.5;992;j
RS;tdiinc992j;p85p86;1995;459080.69;992;j
RS;tdiinc992j;p85p86;1996;461010.0;992;j
RS;tdiinc992j;p85p86;1997;486622.59;992;j
RS;tdiinc992j;p85p86;1998;507040.31;992;j
RS;tdiinc992j;p85p86;1999;552278.31;992;j
RS;tdiinc992j;p85p86;2000;598183.81;992;j
RS;tdiinc992j;p85p86;2001;591797.81;992;j
RS;tdiinc992j;p85p86;2002;642938.13;992;j
RS;tdiinc992j;p85p86;2003;684517.81;992;j
RS;tdiinc992j;p85p86;2004;781577.31;992;j
RS;tdiinc992j;p85p86;2005;877556.19;992;j
RS;tdiinc992j;p85p86;2006;939067.5;992;j
RS;tdiinc992j;p85p86;2007;980873.63;992;j
RS;tdiinc992j;p85p86;2008;1053499.0;992;j
RS;tdiinc992j;p85p86;2009;1045742.8;992;j
RS;tdiinc992j;p85p86;2010;1053688.6;992;j
RS;tdiinc992j;p85p86;2011;1072717.8;992;j
RS;tdiinc992j;p85p86;2012;1068498.9;992;j
RS;tdiinc992j;p85p86;2013;1116821.9;992;j
RS;tdiinc992j;p85p86;2014;1027544.4;992;j
RS;tdiinc992j;p85p86;2015;1011514.5;992;j
RS;tdiinc992j;p85p86;2016;1046902.5;992;j
RS;tdiinc992j;p85p86;2017;1053437.5;992;j
RS;tdiinc992j;p99.95p99.96;1990;11840760.0;992;j
RS;tdiinc992j;p99.95p99.96;1991;10016546.0;992;j
RS;tdiinc992j;p99.95p99.96;1992;6656435.0;992;j
RS;tdiinc992j;p99.95p99.96;1993;4249511.0;992;j
RS;tdiinc992j;p99.95p99.96;1994;4323195.5;992;j
RS;tdiinc992j;p99.95p99.96;1995;4517452.0;992;j
RS;tdiinc992j;p99.95p99.96;1996;4457485.5;992;j
RS;tdiinc992j;p99.95p99.96;1997;4612162.5;992;j
RS;tdiinc992j;p99.95p99.96;1998;5093026.5;992;j
RS;tdiinc992j;p99.95p99.96;1999;6224621.5;992;j
RS;tdiinc992j;p99.95p99.96;2000;7253588.5;992;j
RS;tdiinc992j;p99.95p99.96;2001;7775255.5;992;j
RS;tdiinc992j;p99.95p99.96;2002;8308261.0;992;j
RS;tdiinc992j;p99.95p99.96;2003;8630426.0;992;j
RS;tdiinc992j;p99.95p99.96;2004;9848997.0;992;j
RS;tdiinc992j;p99.95p99.96;2005;11507914.0;992;j
RS;tdiinc992j;p99.95p99.96;2006;12077657.0;992;j
RS;tdiinc992j;p99.95p99.96;2007;11622946.0;992;j
RS;tdiinc992j;p99.95p99.96;2008;11875798.0;992;j
RS;tdiinc992j;p99.95p99.96;2009;12871922.0;992;j
RS;tdiinc992j;p99.95p99.96;2010;12944349.0;992;j
RS;tdiinc992j;p99.95p99.96;2011;13168696.0;992;j
RS;tdiinc992j;p99.95p99.96;2012;15854650.0;992;j
RS;tdiinc992j;p99.95p99.96;2013;14344865.0;992;j
RS;tdiinc992j;p99.95p99.96;2014;18008142.0;992;j
RS;tdiinc992j;p99.95p99.96;2015;22776274.0;992;j
RS;tdiinc992j;p99.95p99.96;2016;23777690.0;992;j
RS;tdiinc992j;p99.95p99.96;2017;23967682.0;992;j
RS;tptinc992j;p20p100;1990;238906.59;992;j
RS;tptinc992j;p20p100;1991;206187.3;992;j
RS;tptinc992j;p20p100;1992;140750.5;992;j
RS;tptinc992j;p20p100;1993;90841.797;992;j
RS;tptinc992j;p20p100;1994;92963.102;992;j
RS;tptinc992j;p20p100;1995;97470.898;992;j
RS;tptinc992j;p20p100;1996;97916.602;992;j
RS;tptinc992j;p20p100;1997;103248.0;992;j
RS;tptinc992j;p20p100;1998;115987.3;992;j
RS;tptinc992j;p20p100;1999;126845.4;992;j
RS;tptinc992j;p20p100;2000;134713.8;992;j
RS;tptinc992j;p20p100;2001;134316.41;992;j
RS;tptinc992j;p20p100;2002;133497.91;992;j
RS;tptinc992j;p20p100;2003;137513.3;992;j
RS;tptinc992j;p20p100;2004;144246.3;992;j
RS;tptinc992j;p20p100;2005;151406.59;992;j
RS;tptinc992j;p20p100;2006;147042.2;992;j
RS;tptinc992j;p20p100;2007;142916.2;992;j
RS;tptinc992j;p20p100;2008;142668.7;992;j
RS;tptinc992j;p20p100;2009;122276.3;992;j
RS;tptinc992j;p20p100;2010;109274.8;992;j
RS;tptinc992j;p20p100;2011;96720.5;992;j
RS;tptinc992j;p20p100;2012;91842.5;992;j
RS;tptinc992j;p20p100;2013;88286.602;992;j
RS;tptinc992j;p20p100;2014;87341.203;992;j
RS;tptinc992j;p20p100;2015;89575.602;992;j
RS;tptinc992j;p20p100;2016;92574.398;992;j
RS;tptinc992j;p20p100;2017;92170.898;992;j
RS;tptinc992j;p29p100;1990;367759.5;992;j
RS;tptinc992j;p29p100;1991;319332.69;992;j
RS;tptinc992j;p29p100;1992;218465.41;992;j
RS;tptinc992j;p29p100;1993;141902.3;992;j
RS;tptinc992j;p29p100;1994;145946.91;992;j
RS;tptinc992j;p29p100;1995;153778.09;992;j
RS;tptinc992j;p29p100;1996;155171.91;992;j
RS;tptinc992j;p29p100;1997;164626.09;992;j
RS;tptinc992j;p29p100;1998;175419.59;992;j
RS;tptinc992j;p29p100;1999;189163.91;992;j
RS;tptinc992j;p29p100;2000;205138.7;992;j
RS;tptinc992j;p29p100;2001;204085.91;992;j
RS;tptinc992j;p29p100;2002;211879.5;992;j
RS;tptinc992j;p29p100;2003;218263.8;992;j
RS;tptinc992j;p29p100;2004;236551.09;992;j
RS;tptinc992j;p29p100;2005;254918.41;992;j
RS;tptinc992j;p29p100;2006;257295.09;992;j
RS;tptinc992j;p29p100;2007;262924.09;992;j
RS;tptinc992j;p29p100;2008;271523.19;992;j
RS;tptinc992j;p29p100;2009;260822.91;992;j
RS;tptinc992j;p29p100;2010;248747.91;992;j
RS;tptinc992j;p29p100;2011;233319.2;992;j
RS;tptinc992j;p29p100;2012;228883.09;992;j
RS;tptinc992j;p29p100;2013;233527.3;992;j
RS;tptinc992j;p29p100;2014;219842.7;992;j
RS;tptinc992j;p29p100;2015;239209.59;992;j
RS;tptinc992j;p29p100;2016;246684.2;992;j
RS;tptinc992j;p29p100;2017;247878.2;992;j
RS;tptinc992j;p50p51;1990;598921.0;992;j
RS;tptinc992j;p50p51;1991;517593.91;992;j
RS;tptinc992j;p50p51;1992;352926.19;992;j
RS;tptinc992j;p50p51;1993;227801.41;992;j
RS;tptinc992j;p50p51;1994;233657.0;992;j
RS;tptinc992j;p50p51;1995;245398.3;992;j
RS;tptinc992j;p50p51;1996;246721.8;992;j
RS;tptinc992j;p50p51;1997;260681.5;992;j
RS;tptinc992j;p50p51;1998;268978.91;992;j
RS;tptinc992j;p50p51;1999;293452.91;992;j
RS;tptinc992j;p50p51;2000;317930.41;992;j
RS;tptinc992j;p50p51;2001;315508.0;992;j
RS;tptinc992j;p50p51;2002;339783.81;992;j
RS;tptinc992j;p50p51;2003;353380.0;992;j
RS;tptinc992j;p50p51;2004;392324.91;992;j
RS;tptinc992j;p50p51;2005;429941.31;992;j
RS;tptinc992j;p50p51;2006;452700.09;992;j
RS;tptinc992j;p50p51;2007;471300.5;992;j
RS;tptinc992j;p50p51;2008;500551.41;992;j
RS;tptinc992j;p50p51;2009;490387.69;992;j
RS;tptinc992j;p50p51;2010;477746.5;992;j
RS;tptinc992j;p50p51;2011;472858.31;992;j
RS;tptinc992j;p50p51;2012;476121.0;992;j
RS;tptinc992j;p50p51;2013;494060.91;992;j
RS;tptinc992j;p50p51;2014;464700.41;992;j
RS;tptinc992j;p50p51;2015;483118.41;992;j
RS;tptinc992j;p50p51;2016;497984.41;992;j
RS;tptinc992j;p50p51;2017;500555.91;992;j
RS;tptinc992j;p62p63;1990;736882.38;992;j
RS;tptinc992j;p62p63;1991;637116.5;992;j
RS;tptinc992j;p62p63;1992;434467.81;992;j
RS;tptinc992j;p62p63;1993;280648.09;992;j
RS;tptinc992j;p62p63;1994;287774.69;992;j
RS;tptinc992j;p62p63;1995;302351.81;992;j
RS;tptinc992j;p62p63;1996;303830.41;992;j
RS;tptinc992j;p62p63;1997;321017.31;992;j
RS;tptinc992j;p62p63;1998;336819.91;992;j
RS;tptinc992j;p62p63;1999;367424.0;992;j
RS;tptinc992j;p62p63;2000;397177.69;992;j
RS;tptinc992j;p62p63;2001;391526.81;992;j
RS;tptinc992j;p62p63;2002;421931.59;992;j
RS;tptinc992j;p62p63;2003;444461.31;992;j
RS;tptinc992j;p62p63;2004;491596.69;992;j
RS;tptinc992j;p62p63;2005;545028.88;992;j
RS;tptinc992j;p62p63;2006;578450.31;992;j
RS;tptinc992j;p62p63;2007;604126.63;992;j
RS;tptinc992j;p62p63;2008;646725.69;992;j
RS;tptinc992j;p62p63;2009;633871.13;992;j
RS;tptinc992j;p62p63;2010;626101.88;992;j
RS;tptinc992j;p62p63;2011;621645.81;992;j
RS;tptinc992j;p62p63;2012;625280.88;992;j
RS;tptinc992j;p62p63;2013;652344.63;992;j
RS;tptinc992j;p62p63;2014;626018.81;992;j
RS;tptinc992j;p62p63;2015;637953.13;992;j
RS;tptinc992j;p62p63;2016;657623.81;992;j
RS;tptinc992j;p62p63;2017;661276.13;992;j
RS;tptinc992j;p66p67;1990;803385.63;992;j
RS;tptinc992j;p66p67;1991;693587.19;992;j
RS;tptinc992j;p66p67;1992;472602.41;992;j
RS;tptinc992j;p66p67;1993;305247.81;992;j
RS;tptinc992j;p66p67;1994;313550.31;992;j
RS;tptinc992j;p66p67;1995;329105.91;992;j
RS;tptinc992j;p66p67;1996;330774.31;992;j
RS;tptinc992j;p66p67;1997;349522.31;992;j
RS;tptinc992j;p66p67;1998;366713.81;992;j
RS;tptinc992j;p66p67;1999;397408.19;992;j
RS;tptinc992j;p66p67;2000;430001.0;992;j
RS;tptinc992j;p66p67;2001;425895.5;992;j
RS;tptinc992j;p66p67;2002;461035.59;992;j
RS;tptinc992j;p66p67;2003;484600.5;992;j
RS;tptinc992j;p66p67;2004;537669.31;992;j
RS;tptinc992j;p66p67;2005;595916.38;992;j
RS;tptinc992j;p66p67;2006;633229.81;992;j
RS;tptinc992j;p66p67;2007;663828.88;992;j
RS;tptinc992j;p66p67;2008;709823.31;992;j
RS;tptinc992j;p66p67;2009;697371.5;992;j
RS;tptinc992j;p66p67;2010;690894.88;992;j
RS;tptinc992j;p66p67;2011;689297.88;992;j
RS;tptinc992j;p66p67;2012;693959.81;992;j
RS;tptinc992j;p66p67;2013;719740.81;992;j
RS;tptinc992j;p66p67;2014;690286.31;992;j
RS;tptinc992j;p66p67;2015;701450.13;992;j
RS;tptinc992j;p66p67;2016;722895.31;992;j
RS;tptinc992j;p66p67;2017;726900.19;992;j
RS;tptinc992j;p99.2p99.3;1990;3561917.0;992;j
RS;tptinc992j;p99.2p99.3;1991;3119532.5;992;j
RS;tptinc992j;p99.2p99.3;1992;2158443.3;992;j
RS;tptinc992j;p99.2p99.3;1993;1411660.1;992;j
RS;tptinc992j;p99.2p99.3;1994;1470869.1;992;j
RS;tptinc992j;p99.2p99.3;1995;1567001.1;992;j
RS;tptinc992j;p99.2p99.3;1996;1586482.6;992;j
RS;tptinc992j;p99.2p99.3;1997;1688197.3;992;j
RS;tptinc992j;p99.2p99.3;1998;1801200.4;992;j
RS;tptinc992j;p99.2p99.3;1999;2007197.6;992;j
RS;tptinc992j;p99.2p99.3;2000;2302884.5;992;j
RS;tptinc992j;p99.2p99.3;2001;2335268.8;992;j
RS;tptinc992j;p99.2p99.3;2002;2568027.5;992;j
RS;tptinc992j;p99.2p99.3;2003;2716334.5;992;j
RS;tptinc992j;p99.2p99.3;2004;3148902.8;992;j
RS;tptinc992j;p99.2p99.3;2005;3592068.5;992;j
RS;tptinc992j;p99.2p99.3;2006;3833364.3;992;j
RS;tptinc992j;p99.2p99.3;2007;3838897.5;992;j
RS;tptinc992j;p99.2p99.3;2008;4124659.5;992;j
RS;tptinc992j;p99.2p99.3;2009;4101090.5;992;j
RS;tptinc992j;p99.2p99.3;2010;4295987.5;992;j
RS;tptinc992j;p99.2p99.3;2011;4425527.5;992;j
RS;tptinc992j;p99.2p99.3;2012;4444510.5;992;j
RS;tptinc992j;p99.2p99.3;2013;4457099.5;992;j
RS;tptinc992j;p99.2p99.3;2014;4533877.0;992;j
RS;tptinc992j;p99.2p99.3;2015;4436748.0;992;j
RS;tptinc992j;p99.2p99.3;2016;4577525.0;992;j
RS;tptinc992j;p99.2p99.3;2017;4611300.5;992;j
RS;acainc992j;p10p20;1990;148780.7;992;j
RS;acainc992j;p10p20;1991;131589.0;992;j
RS;acainc992j;p10p20;1992;91855.203;992;j
RS;acainc992j;p10p20;1993;60699.898;992;j
RS;acainc992j;p10p20;1994;63707.699;992;j
RS;acainc992j;p10p20;1995;68463.797;992;j
RS;acainc992j;p10p20;1996;70362.5;992;j
RS;acainc992j;p10p20;1997;75613.703;992;j
RS;acainc992j;p10p20;1998;89912.297;992;j
RS;acainc992j;p10p20;1999;102921.5;992;j
RS;acainc992j;p10p20;2000;108617.0;992;j
RS;acainc992j;p10p20;2001;104086.4;992;j
RS;acainc992j;p10p20;2002;96946.102;992;j
RS;acainc992j;p10p20;2003;98926.203;992;j
RS;acainc992j;p10p20;2004;102392.4;992;j
RS;acainc992j;p10p20;2005;111238.7;992;j
RS;acainc992j;p10p20;2006;104603.9;992;j
RS;acainc992j;p10p20;2007;98050.102;992;j
RS;acainc992j;p10p20;2008;98372.898;992;j
RS;acainc992j;p10p20;2009;93381.898;992;j
RS;acainc992j;p10p20;2010;79934.602;992;j
RS;acainc992j;p10p20;2011;68995.797;992;j
RS;acainc992j;p10p20;2012;64846.602;992;j
RS;acainc992j;p10p20;2013;65671.203;992;j
RS;acainc992j;p10p20;2014;101053.0;992;j
RS;acainc992j;p10p20;2015;77037.898;992;j
RS;acainc992j;p10p20;2016;80079.703;992;j
RS;acainc992j;p10p20;2017;79960.703;992;j
RS;acainc992j;p30p31;1990;286767.31;992;j
RS;acainc992j;p30p31;1991;251042.8;992;j
RS;acainc992j;p30p31;1992;173418.8;992;j
RS;acainc992j;p30p31;1993;113375.4;992;j
RS;acainc992j;p30p31;1994;117666.3;992;j
RS;acainc992j;p30p31;1995;125121.1;992;j
RS;acainc992j;p30p31;1996;127329.5;992;j
RS;acainc992j;p30p31;1997;135616.3;992;j
RS;acainc992j;p30p31;1998;147715.59;992;j
RS;acainc992j;p30p31;1999;167983.0;992;j
RS;acainc992j;p30p31;2000;180832.2;992;j
RS;acainc992j;p30p31;2001;176024.09;992;j
RS;acainc992j;p30p31;2002;180750.2;992;j
RS;acainc992j;p30p31;2003;186895.3;992;j
RS;acainc992j;p30p31;2004;217771.5;992;j
RS;acainc992j;p30p31;2005;243071.59;992;j
RS;acainc992j;p30p31;2006;247832.5;992;j
RS;acainc992j;p30p31;2007;246885.59;992;j
RS;acainc992j;p30p31;2008;258100.59;992;j
RS;acainc992j;p30p31;2009;247683.3;992;j
RS;acainc992j;p30p31;2010;234881.0;992;j
RS;acainc992j;p30p31;2011;222914.59;992;j
RS;acainc992j;p30p31;2012;222047.0;992;j
RS;acainc992j;p30p31;2013;210043.8;992;j
RS;acainc992j;p30p31;2014;219264.09;992;j
RS;acainc992j;p30p31;2015;206361.5;992;j
RS;acainc992j;p30p31;2016;214041.2;992;j
RS;acainc992j;p30p31;2017;214083.2;992;j
RS;acainc992j;p49p100;1990;794006.13;992;j
RS;acainc992j;p49p100;1991;687571.31;992;j
RS;acainc992j;p49p100;1992;469538.19;992;j
RS;acainc992j;p49p100;1993;303714.31;992;j
RS;acainc992j;p49p100;1994;311978.69;992;j
RS;acainc992j;p49p100;1995;328430.91;992;j
RS;acainc992j;p49p100;1996;330066.09;992;j
RS;acainc992j;p49p100;1997;347200.69;992;j
RS;acainc992j;p49p100;1998;380123.0;992;j
RS;acainc992j;p49p100;1999;434290.81;992;j
RS;acainc992j;p49p100;2000;472945.19;992;j
RS;acainc992j;p49p100;2001;461780.31;992;j
RS;acainc992j;p49p100;2002;489184.5;992;j
RS;acainc992j;p49p100;2003;517500.5;992;j
RS;acainc992j;p49p100;2004;626463.19;992;j
RS;acainc992j;p49p100;2005;718037.63;992;j
RS;acainc992j;p49p100;2006;765136.69;992;j
RS;acainc992j;p49p100;2007;767423.69;992;j
RS;acainc992j;p49p100;2008;826197.63;992;j
RS;acainc992j;p49p100;2009;821886.19;992;j
RS;acainc992j;p49p100;2010;835512.38;992;j
RS;acainc992j;p49p100;2011;853064.69;992;j
RS;acainc992j;p49p100;2012;855157.5;992;j
RS;acainc992j;p49p100;2013;878671.13;992;j
RS;acainc992j;p49p100;2014;842798.13;992;j
RS;acainc992j;p49p100;2015;866975.81;992;j
RS;acainc992j;p49p100;2016;899075.13;992;j
RS;acainc992j;p49p100;2017;899990.31;992;j
RS;acainc992j;p6p100;1990;547659.63;992;j
RS;acainc992j;p6p100;1991;475433.41;992;j
RS;acainc992j;p6p100;1992;325507.41;992;j
RS;acainc992j;p6p100;1993;211047.2;992;j
RS;acainc992j;p6p100;1994;217322.41;992;j
RS;acainc992j;p6p100;1995;229329.3;992;j
RS;acainc992j;p6p100;1996;231150.91;992;j
RS;acainc992j;p6p100;1997;243856.41;992;j
RS;acainc992j;p6p100;1998;267460.91;992;j
RS;acainc992j;p6p100;1999;305357.69;992;j
RS;acainc992j;p6p100;2000;331432.91;992;j
RS;acainc992j;p6p100;2001;323109.41;992;j
RS;acainc992j;p6p100;2002;338025.5;992;j
RS;acainc992j;p6p100;2003;356096.5;992;j
RS;acainc992j;p6p100;2004;425757.09;992;j
RS;acainc992j;p6p100;2005;484965.0;992;j
RS;acainc992j;p6p100;2006;511618.69;992;j
RS;acainc992j;p6p100;2007;511088.19;992;j
RS;acainc992j;p6p100;2008;547348.13;992;j
RS;acainc992j;p6p100;2009;541274.38;992;j
RS;acainc992j;p6p100;2010;543656.5;992;j
RS;acainc992j;p6p100;2011;549400.69;992;j
RS;acainc992j;p6p100;2012;548890.81;992;j
RS;acainc992j;p6p100;2013;560527.69;992;j
RS;acainc992j;p6p100;2014;547870.19;992;j
RS;acainc992j;p6p100;2015;554557.81;992;j
RS;acainc992j;p6p100;2016;575139.81;992;j
RS;acainc992j;p6p100;2017;575641.81;992;j
RS;acainc992j;p99.993p99.994;1990;26163864.0;992;j
RS;acainc992j;p99.993p99.994;1991;21630946.0;992;j
RS;acainc992j;p99.993p99.994;1992;13915438.0;992;j
RS;acainc992j;p99.993p99.994;1993;8679946.0;992;j
RS;acainc992j;p99.993p99.994;1994;8695005.0;992;j
RS;acainc992j;p99.993p99.994;1995;8963592.0;992;j
RS;acainc992j;p99.993p99.994;1996;8715057.0;992;j
RS;acainc992j;p99.993p99.994;1997;8846128.0;992;j
RS;acainc992j;p99.993p99.994;1998;10240891.0;992;j
RS;acainc992j;p99.993p99.994;1999;13740140.0;992;j
RS;acainc992j;p99.993p99.994;2000;15931838.0;992;j
RS;acainc992j;p99.993p99.994;2001;17492226.0;992;j
RS;acainc992j;p99.993p99.994;2002;17668978.0;992;j
RS;acainc992j;p99.993p99.994;2003;18464662.0;992;j
RS;acainc992j;p99.993p99.994;2004;22405332.0;992;j
RS;acainc992j;p99.993p99.994;2005;27267552.0;992;j
RS;acainc992j;p99.993p99.994;2006;27333238.0;992;j
RS;acainc992j;p99.993p99.994;2007;24383228.0;992;j
RS;acainc992j;p99.993p99.994;2008;23773520.0;992;j
RS;acainc992j;p99.993p99.994;2009;27799882.0;992;j
RS;acainc992j;p99.993p99.994;2010;27156412.0;992;j
RS;acainc992j;p99.993p99.994;2011;27170060.0;992;j
RS;acainc992j;p99.993p99.994;2012;38316924.0;992;j
RS;acainc992j;p99.993p99.994;2013;31405260.0;992;j
RS;acainc992j;p99.993p99.994;2014;50272380.0;992;j
RS;acainc992j;p99.993p99.994;2015;73570416.0;992;j
RS;acainc992j;p99.993p99.994;2016;76334936.0;992;j
RS;acainc992j;p99.993p99.994;2017;76512408.0;992;j
RS;adiinc992j;p91p92;1990;1314978.8;992;j
RS;adiinc992j;p91p92;1991;1140676.9;992;j
RS;adiinc992j;p91p92;1992;780167.88;992;j
RS;adiinc992j;p91p92;1993;504304.09;992;j
RS;adiinc992j;p91p92;1994;518004.81;992;j
RS;adiinc992j;p91p92;1995;545147.38;992;j
RS;adiinc992j;p91p92;1996;548363.13;992;j
RS;adiinc992j;p91p92;1997;579600.0;992;j
RS;adiinc992j;p91p92;1998;614145.0;992;j
RS;adiinc992j;p91p92;1999;671857.19;992;j
RS;adiinc992j;p91p92;2000;733075.63;992;j
RS;adiinc992j;p91p92;2001;729771.63;992;j
RS;adiinc992j;p91p92;2002;793261.31;992;j
RS;adiinc992j;p91p92;2003;846733.5;992;j
RS;adiinc992j;p91p92;2004;978236.5;992;j
RS;adiinc992j;p91p92;2005;1106754.3;992;j
RS;adiinc992j;p91p92;2006;1184663.6;992;j
RS;adiinc992j;p91p92;2007;1232171.4;992;j
RS;adiinc992j;p91p92;2008;1322357.5;992;j
RS;adiinc992j;p91p92;2009;1301501.0;992;j
RS;adiinc992j;p91p92;2010;1339007.1;992;j
RS;adiinc992j;p91p92;2011;1374258.8;992;j
RS;adiinc992j;p91p92;2012;1328369.3;992;j
RS;adiinc992j;p91p92;2013;1381926.9;992;j
RS;adiinc992j;p91p92;2014;1279933.6;992;j
RS;adiinc992j;p91p92;2015;1264741.5;992;j
RS;adiinc992j;p91p92;2016;1311546.9;992;j
RS;adiinc992j;p91p92;2017;1320397.3;992;j
RS;adiinc992j;p99.2p100;1990;6072383.0;992;j
RS;adiinc992j;p99.2p100;1991;5165573.0;992;j
RS;adiinc992j;p99.2p100;1992;3459968.0;992;j
RS;adiinc992j;p99.2p100;1993;2220473.0;992;j
RS;adiinc992j;p99.2p100;1994;2267654.8;992;j
RS;adiinc992j;p99.2p100;1995;2377489.0;992;j
RS;adiinc992j;p99.2p100;1996;2357765.5;992;j
RS;adiinc992j;p99.2p100;1997;2453551.0;992;j
RS;adiinc992j;p99.2p100;1998;2687290.0;992;j
RS;adiinc992j;p99.2p100;1999;3208640.0;992;j
RS;adiinc992j;p99.2p100;2000;3715447.3;992;j
RS;adiinc992j;p99.2p100;2001;3926396.3;992;j
RS;adiinc992j;p99.2p100;2002;4226915.0;992;j
RS;adiinc992j;p99.2p100;2003;4399864.5;992;j
RS;adiinc992j;p99.2p100;2004;5025009.0;992;j
RS;adiinc992j;p99.2p100;2005;5834296.0;992;j
RS;adiinc992j;p99.2p100;2006;6182651.5;992;j
RS;adiinc992j;p99.2p100;2007;6055104.0;992;j
RS;adiinc992j;p99.2p100;2008;6297034.0;992;j
RS;adiinc992j;p99.2p100;2009;6652582.5;992;j
RS;adiinc992j;p99.2p100;2010;6753421.0;992;j
RS;adiinc992j;p99.2p100;2011;6909197.0;992;j
RS;adiinc992j;p99.2p100;2012;7914023.0;992;j
RS;adiinc992j;p99.2p100;2013;7375416.0;992;j
RS;adiinc992j;p99.2p100;2014;8780128.0;992;j
RS;adiinc992j;p99.2p100;2015;11075423.0;992;j
RS;adiinc992j;p99.2p100;2016;11558382.0;992;j
RS;adiinc992j;p99.2p100;2017;11651385.0;992;j
RS;adiinc992j;p9p100;1990;793687.5;992;j
RS;adiinc992j;p9p100;1991;689082.81;992;j
RS;adiinc992j;p9p100;1992;471824.0;992;j
RS;adiinc992j;p9p100;1993;305911.31;992;j
RS;adiinc992j;p9p100;1994;314990.31;992;j
RS;adiinc992j;p9p100;1995;332375.5;992;j
RS;adiinc992j;p9p100;1996;334988.69;992;j
RS;adiinc992j;p9p100;1997;355010.09;992;j
RS;adiinc992j;p9p100;1998;373385.09;992;j
RS;adiinc992j;p9p100;1999;409010.69;992;j
RS;adiinc992j;p9p100;2000;449815.31;992;j
RS;adiinc992j;p9p100;2001;449099.59;992;j
RS;adiinc992j;p9p100;2002;484278.81;992;j
RS;adiinc992j;p9p100;2003;508562.69;992;j
RS;adiinc992j;p9p100;2004;573243.19;992;j
RS;adiinc992j;p9p100;2005;639669.38;992;j
RS;adiinc992j;p9p100;2006;675882.5;992;j
RS;adiinc992j;p9p100;2007;697781.81;992;j
RS;adiinc992j;p9p100;2008;742743.63;992;j
RS;adiinc992j;p9p100;2009;729347.38;992;j
RS;adiinc992j;p9p100;2010;731561.19;992;j
RS;adiinc992j;p9p100;2011;734738.5;992;j
RS;adiinc992j;p9p100;2012;734160.31;992;j
RS;adiinc992j;p9p100;2013;749348.19;992;j
RS;adiinc992j;p9p100;2014;730069.13;992;j
RS;adiinc992j;p9p100;2015;738043.88;992;j
RS;adiinc992j;p9p100;2016;761629.38;992;j
RS;adiinc992j;p9p100;2017;766216.38;992;j
RS;aprico999i;p0p100;1997;-34586.398;999;i
RS;aprico999i;p0p100;1998;-2833.3;999;i
RS;aprico999i;p0p100;1999;2432.0;999;i
RS;aprico999i;p0p100;2000;14724.1;999;i
RS;aprico999i;p0p100;2001;-12813.2;999;i
RS;aprico999i;p0p100;2002;-18995.6;999;i
RS;aprico999i;p0p100;2003;-27929.1;999;i
RS;aprico999i;p0p100;2004;5745.2998;999;i
RS;aprico999i;p0p100;2005;13756.6;999;i
RS;aprico999i;p0p100;2006;17657.9;999;i
RS;aprico999i;p0p100;2007;2159.5;999;i
RS;aprico999i;p0p100;2008;-241.2;999;i
RS;aprico999i;p0p100;2009;12438.0;999;i
RS;aprico999i;p0p100;2010;15234.9;999;i
RS;aprico999i;p0p100;2011;22936.199;999;i
RS;aptinc992j;p50p90;1990;888594.31;992;j
RS;aptinc992j;p50p90;1991;768939.69;992;j
RS;aptinc992j;p50p90;1992;524827.5;992;j
RS;aptinc992j;p50p90;1993;339178.31;992;j
RS;aptinc992j;p50p90;1994;348117.59;992;j
RS;aptinc992j;p50p90;1995;366082.41;992;j
RS;aptinc992j;p50p90;1996;368162.69;992;j
RS;aptinc992j;p50p90;1997;389420.0;992;j
RS;aptinc992j;p50p90;1998;406139.91;992;j
RS;aptinc992j;p50p90;1999;441196.09;992;j
RS;aptinc992j;p50p90;2000;479044.41;992;j
RS;aptinc992j;p50p90;2001;474241.41;992;j
RS;aptinc992j;p50p90;2002;514248.31;992;j
RS;aptinc992j;p50p90;2003;541100.5;992;j
RS;aptinc992j;p50p90;2004;606949.0;992;j
RS;aptinc992j;p50p90;2005;677819.31;992;j
RS;aptinc992j;p50p90;2006;720056.31;992;j
RS;aptinc992j;p50p90;2007;756192.69;992;j
RS;aptinc992j;p50p90;2008;810816.13;992;j
RS;aptinc992j;p50p90;2009;797714.69;992;j
RS;aptinc992j;p50p90;2010;794060.63;992;j
RS;aptinc992j;p50p90;2011;796179.88;992;j
RS;aptinc992j;p50p90;2012;807068.38;992;j
RS;aptinc992j;p50p90;2013;832817.5;992;j
RS;aptinc992j;p50p90;2014;795840.69;992;j
RS;aptinc992j;p50p90;2015;802586.69;992;j
RS;aptinc992j;p50p90;2016;827144.38;992;j
RS;aptinc992j;p50p90;2017;831864.5;992;j
RS;aptinc992j;p81p100;1990;1720314.3;992;j
RS;aptinc992j;p81p100;1991;1499440.8;992;j
RS;aptinc992j;p81p100;1992;1030480.6;992;j
RS;aptinc992j;p81p100;1993;670675.0;992;j
RS;aptinc992j;p81p100;1994;693223.81;992;j
RS;aptinc992j;p81p100;1995;734390.81;992;j
RS;aptinc992j;p81p100;1996;741853.69;992;j
RS;aptinc992j;p81p100;1997;788143.88;992;j
RS;aptinc992j;p81p100;1998;830623.13;992;j
RS;aptinc992j;p81p100;1999;915390.88;992;j
RS;aptinc992j;p81p100;2000;1022774.4;992;j
RS;aptinc992j;p81p100;2001;1027975.7;992;j
RS;aptinc992j;p81p100;2002;1122056.3;992;j
RS;aptinc992j;p81p100;2003;1188524.1;992;j
RS;aptinc992j;p81p100;2004;1365953.6;992;j
RS;aptinc992j;p81p100;2005;1550083.8;992;j
RS;aptinc992j;p81p100;2006;1653316.6;992;j
RS;aptinc992j;p81p100;2007;1696840.1;992;j
RS;aptinc992j;p81p100;2008;1825190.0;992;j
RS;aptinc992j;p81p100;2009;1810480.4;992;j
RS;aptinc992j;p81p100;2010;1854451.4;992;j
RS;aptinc992j;p81p100;2011;1898986.0;992;j
RS;aptinc992j;p81p100;2012;1890650.0;992;j
RS;aptinc992j;p81p100;2013;1923911.9;992;j
RS;aptinc992j;p81p100;2014;1935439.5;992;j
RS;aptinc992j;p81p100;2015;1923824.1;992;j
RS;aptinc992j;p81p100;2016;1983765.8;992;j
RS;aptinc992j;p81p100;2017;1996673.8;992;j
RS;aptinc992j;p96p97;1990;1910221.3;992;j
RS;aptinc992j;p96p97;1991;1663907.0;992;j
RS;aptinc992j;p96p97;1992;1144233.8;992;j
RS;aptinc992j;p96p97;1993;744118.0;992;j
RS;aptinc992j;p96p97;1994;769847.13;992;j
RS;aptinc992j;p96p97;1995;814996.0;992;j
RS;aptinc992j;p96p97;1996;822498.38;992;j
RS;aptinc992j;p96p97;1997;872744.38;992;j
RS;aptinc992j;p96p97;1998;926754.0;992;j
RS;aptinc992j;p96p97;1999;1015783.8;992;j
RS;aptinc992j;p96p97;2000;1137749.8;992;j
RS;aptinc992j;p96p97;2001;1137077.8;992;j
RS;aptinc992j;p96p97;2002;1249727.8;992;j
RS;aptinc992j;p96p97;2003;1333327.8;992;j
RS;aptinc992j;p96p97;2004;1537448.4;992;j
RS;aptinc992j;p96p97;2005;1761502.9;992;j
RS;aptinc992j;p96p97;2006;1879340.1;992;j
RS;aptinc992j;p96p97;2007;1931081.6;992;j
RS;aptinc992j;p96p97;2008;2070291.9;992;j
RS;aptinc992j;p96p97;2009;2064118.9;992;j
RS;aptinc992j;p96p97;2010;2143236.5;992;j
RS;aptinc992j;p96p97;2011;2192388.3;992;j
RS;aptinc992j;p96p97;2012;2238168.0;992;j
RS;aptinc992j;p96p97;2013;2241945.5;992;j
RS;aptinc992j;p96p97;2014;2152380.8;992;j
RS;aptinc992j;p96p97;2015;2141008.3;992;j
RS;aptinc992j;p96p97;2016;2207800.8;992;j
RS;aptinc992j;p96p97;2017;2222451.5;992;j
RS;asecco999i;p0p100;1997;-35639.398;999;i
RS;asecco999i;p0p100;1998;-3783.1001;999;i
RS;asecco999i;p0p100;1999;1110.8;999;i
RS;asecco999i;p0p100;2000;13337.4;999;i
RS;asecco999i;p0p100;2001;-14232.3;999;i
RS;asecco999i;p0p100;2002;-21047.9;999;i
RS;asecco999i;p0p100;2003;-29690.301;999;i
RS;asecco999i;p0p100;2004;2911.7;999;i
RS;asecco999i;p0p100;2005;10100.5;999;i
RS;asecco999i;p0p100;2006;12879.3;999;i
RS;asecco999i;p0p100;2007;-3452.3999;999;i
RS;asecco999i;p0p100;2008;-5353.2998;999;i
RS;asecco999i;p0p100;2009;7395.7998;999;i
RS;asecco999i;p0p100;2010;9619.9004;999;i
RS;asecco999i;p0p100;2011;15671.0;999;i
RS;bcainc992j;p39p100;1990;2.0566957;992;j
RS;bcainc992j;p39p100;1991;2.0462973;992;j
RS;bcainc992j;p39p100;1992;2.0362983;992;j
RS;bcainc992j;p39p100;1993;2.0265589;992;j
RS;bcainc992j;p39p100;1994;2.0192666;992;j
RS;bcainc992j;p39p100;1995;2.0128589;992;j
RS;bcainc992j;p39p100;1996;1.9998134;992;j
RS;bcainc992j;p39p100;1997;1.9874854;992;j
RS;bcainc992j;p39p100;1998;2.0384772;992;j
RS;bcainc992j;p39p100;1999;2.0407467;992;j
RS;bcainc992j;p39p100;2000;2.0719781;992;j
RS;bcainc992j;p39p100;2001;2.073025;992;j
RS;bcainc992j;p39p100;2002;2.1430497;992;j
RS;bcainc992j;p39p100;2003;2.1577528;992;j
RS;bcainc992j;p39p100;2004;2.2277894;992;j
RS;bcainc992j;p39p100;2005;2.2875245;992;j
RS;bcainc992j;p39p100;2006;2.3436239;992;j
RS;bcainc992j;p39p100;2007;2.3556187;992;j
RS;bcainc992j;p39p100;2008;2.3830161;992;j
RS;bcainc992j;p39p100;2009;2.4286618;992;j
RS;bcainc992j;p39p100;2010;2.5277958;992;j
RS;bcainc992j;p39p100;2011;2.6144624;992;j
RS;bcainc992j;p39p100;2012;2.6828208;992;j
RS;bcainc992j;p39p100;2013;2.7491007;992;j
RS;bcainc992j;p39p100;2014;2.6498339;992;j
RS;bcainc992j;p39p100;2015;2.7667181;992;j
RS;bcainc992j;p39p100;2016;2.7661395;992;j
RS;bcainc992j;p39p100;2017;2.767571;992;j
RS;bptinc992j;p28p100;1990;2.633599;992;j
RS;bptinc992j;p28p100;1991;2.6332021;992;j
RS;bptinc992j;p28p100;1992;2.6386235;992;j
RS;bptinc992j;p28p100;1993;2.6438055;992;j
RS;bptinc992j;p28p100;1994;2.6519265;992;j
RS;bptinc992j;p28p100;1995;2.6560991;992;j
RS;bptinc992j;p28p100;1996;2.6569693;992;j
RS;bptinc992j;p28p100;1997;2.6596866;992;j
RS;bptinc992j;p28p100;1998;2.6057162;992;j
RS;bptinc992j;p28p100;1999;2.6393266;992;j
RS;bptinc992j;p28p100;2000;2.6817048;992;j
RS;bptinc992j;p28p100;2001;2.6889699;992;j
RS;bptinc992j;p28p100;2002;2.8219759;992;j
RS;bptinc992j;p28p100;2003;2.8787067;992;j
RS;bptinc992j;p28p100;2004;3.0127203;992;j
RS;bptinc992j;p28p100;2005;3.1449864;992;j
RS;bptinc992j;p28p100;2006;3.3192255;992;j
RS;bptinc992j;p28p100;2007;3.3508747;992;j
RS;bptinc992j;p28p100;2008;3.4850447;992;j
RS;bptinc992j;p28p100;2009;3.5780134;992;j
RS;bptinc992j;p28p100;2010;3.8018191;992;j
RS;bptinc992j;p28p100;2011;4.1186166;992;j
RS;bptinc992j;p28p100;2012;4.2330875;992;j
RS;bptinc992j;p28p100;2013;4.3019109;992;j
RS;bptinc992j;p28p100;2014;4.432241;992;j
RS;bptinc992j;p28p100;2015;4.1233983;992;j
RS;bptinc992j;p28p100;2016;4.1227202;992;j
RS;bptinc992j;p28p100;2017;4.1295104;992;j
RS;bptinc992j;p87p100;1990;1.6454867;992;j
RS;bptinc992j;p87p100;1991;1.6611203;992;j
RS;bptinc992j;p87p100;1992;1.676463;992;j
RS;bptinc992j;p87p100;1993;1.6900592;992;j
RS;bptinc992j;p87p100;1994;1.7028738;992;j
RS;bptinc992j;p87p100;1995;1.717433;992;j
RS;bptinc992j;p87p100;1996;1.7276635;992;j
RS;bptinc992j;p87p100;1997;1.7384001;992;j
RS;bptinc992j;p87p100;1998;1.7610334;992;j
RS;bptinc992j;p87p100;1999;1.79189;992;j
RS;bptinc992j;p87p100;2000;1.8540243;992;j
RS;bptinc992j;p87p100;2001;1.8942627;992;j
RS;bptinc992j;p87p100;2002;1.8959531;992;j
RS;bptinc992j;p87p100;2003;1.8982596;992;j
RS;bptinc992j;p87p100;2004;1.92414;992;j
RS;bptinc992j;p87p100;2005;1.9229587;992;j
RS;bptinc992j;p87p100;2006;1.9200318;992;j
RS;bptinc992j;p87p100;2007;1.851583;992;j
RS;bptinc992j;p87p100;2008;1.8438401;992;j
RS;bptinc992j;p87p100;2009;1.8500323;992;j
RS;bptinc992j;p87p100;2010;1.8900658;992;j
RS;bptinc992j;p87p100;2011;1.9100928;992;j
RS;bptinc992j;p87p100;2012;1.8643101;992;j
RS;bptinc992j;p87p100;2013;1.8470564;992;j
RS;bptinc992j;p87p100;2014;1.9673336;992;j
RS;bptinc992j;p87p100;2015;1.9338603;992;j
RS;bptinc992j;p87p100;2016;1.9346793;992;j
RS;bptinc992j;p87p100;2017;1.9351619;992;j
RS;mptxgo999i;p0p100;1997;283120074752.0;999;i
RS;mptxgo999i;p0p100;1998;320917995520.0;999;i
RS;mptxgo999i;p0p100;1999;254301618176.0;999;i
RS;mptxgo999i;p0p100;2000;275694157824.0;999;i
RS;mptxgo999i;p0p100;2001;390802243584.0;999;i
RS;mptxgo999i;p0p100;2002;526587592704.0;999;i
RS;mptxgo999i;p0p100;2003;596958838784.0;999;i
RS;mptxgo999i;p0p100;2004;605426089984.0;999;i
RS;mptxgo999i;p0p100;2005;674407907328.0;999;i
RS;mptxgo999i;p0p100;2006;674352463872.0;999;i
RS;mptxgo999i;p0p100;2007;728716083200.0;999;i
RS;mptxgo999i;p0p100;2008;789815689216.0;999;i
RS;mptxgo999i;p0p100;2009;805025218560.0;999;i
RS;mptxgo999i;p0p100;2010;816188358656.0;999;i
RS;mptxgo999i;p0p100;2011;699195260928.0;999;i
RS;mssbhn999i;p0p100;1997;354473738240.0;999;i
RS;mssbhn999i;p0p100;1998;465820778496.0;999;i
RS;mssbhn999i;p0p100;1999;349660119040.0;999;i
RS;mssbhn999i;p0p100;2000;376354406400.0;999;i
RS;mssbhn999i;p0p100;2001;424800649216.0;999;i
RS;mssbhn999i;p0p100;2002;555630395392.0;999;i
RS;mssbhn999i;p0p100;2003;538450100224.0;999;i
RS;mssbhn999i;p0p100;2004;528514646016.0;999;i
RS;mssbhn999i;p0p100;2005;620420399104.0;999;i
RS;mssbhn999i;p0p100;2006;707955523584.0;999;i
RS;mssbhn999i;p0p100;2007;727263215616.0;999;i
RS;mssbhn999i;p0p100;2008;814781038592.0;999;i
RS;mssbhn999i;p0p100;2009;875097948160.0;999;i
RS;mssbhn999i;p0p100;2010;870289965056.0;999;i
RS;mssbhn999i;p0p100;2011;797730144256.0;999;i
RS;npopul202m;p0p100;1950;607444.0;202;m
RS;npopul202m;p0p100;1951;635059.0;202;m
RS;npopul202m;p0p100;1952;657405.0;202;m
RS;npopul202m;p0p100;1953;672963.0;202;m
RS;npopul202m;p0p100;1954;682831.0;202;m
RS;npopul202m;p0p100;1955;688253.0;202;m
RS;npopul202m;p0p100;1956;689172.0;202;m
RS;npopul202m;p0p100;1957;685570.0;202;m
RS;npopul202m;p0p100;1958;677640.0;202;m
RS;npopul202m;p0p100;1959;665393.0;202;m
RS;npopul202m;p0p100;1960;649330.0;202;m
RS;npopul202m;p0p100;1961;631313.0;202;m
RS;npopul202m;p0p100;1962;608889.0;202;m
RS;npopul202m;p0p100;1963;586180.0;202;m
RS;npopul202m;p0p100;1964;568619.0;202;m
RS;npopul202m;p0p100;1965;559405.0;202;m
RS;npopul202m;p0p100;1966;556327.0;202;m
RS;npopul202m;p0p100;1967;561419.0;202;m
RS;npopul202m;p0p100;1968;573936.0;202;m
RS;npopul202m;p0p100;1969;592376.0;202;m
RS;npopul202m;p0p100;1970;615457.0;202;m
RS;npopul202m;p0p100;1971;643892.0;202;m
RS;npopul202m;p0p100;1972;677546.0;202;m
RS;npopul202m;p0p100;1973;711983.0;202;m
RS;npopul202m;p0p100;1974;740918.0;202;m
RS;npopul202m;p0p100;1975;760352.0;202;m
RS;npopul202m;p0p100;1976;770894.0;202;m
RS;npopul202m;p0p100;1977;771837.0;202;m
RS;npopul202m;p0p100;1978;765207.0;202;m
RS;npopul202m;p0p100;1979;754740.0;202;m
RS;npopul202m;p0p100;1980;743070.0;202;m
RS;npopul202m;p0p100;1981;729968.0;202;m
RS;npopul202m;p0p100;1982;715239.0;202;m
RS;npopul202m;p0p100;1983;700374.0;202;m
RS;npopul202m;p0p100;1984;687305.0;202;m
RS;npopul202m;p0p100;1985;677373.0;202;m
RS;npopul202m;p0p100;1986;671422.0;202;m
RS;npopul202m;p0p100;1987;668932.0;202;m
RS;npopul202m;p0p100;1988;669744.0;202;m
RS;npopul202m;p0p100;1989;673204.0;202;m
RS;npopul202m;p0p100;1990;678770.0;202;m
RS;npopul202m;p0p100;1991;686683.0;202;m
RS;npopul202m;p0p100;1992;697132.0;202;m
RS;npopul202m;p0p100;1993;708617.0;202;m
RS;npopul202m;p0p100;1994;719104.0;202;m
RS;npopul202m;p0p100;1995;727110.0;202;m
RS;npopul202m;p0p100;1996;725908.0;202;m
RS;npopul202m;p0p100;1997;720237.0;202;m
RS;npopul202m;p0p100;1998;710898.0;202;m
RS;npopul202m;p0p100;1999;550238.0;202;m
RS;npopul202m;p0p100;2000;543392.0;202;m
RS;npopul202m;p0p100;2001;542857.0;202;m
RS;npopul202m;p0p100;2002;541711.0;202;m
RS;npopul202m;p0p100;2003;538635.0;202;m
RS;npopul202m;p0p100;2004;535848.0;202;m
RS;npopul202m;p0p100;2005;533483.0;202;m
RS;npopul202m;p0p100;2006;529788.0;202;m
RS;npopul202m;p0p100;2007;526737.0;202;m
RS;npopul202m;p0p100;2008;523909.0;202;m
RS;npopul202m;p0p100;2009;521010.0;202;m
RS;npopul202m;p0p100;2010;517595.0;202;m
RS;npopul202m;p0p100;2011;512486.0;202;m
RS;npopul202m;p0p100;2012;508518.0;202;m
RS;npopul202m;p0p100;2013;503776.0;202;m
RS;npopul202m;p0p100;2014;497557.0;202;m
RS;npopul202m;p0p100;2015;489386.0;202;m
RS;npopul202m;p0p100;2016;483246.0;202;m
RS;npopul202m;p0p100;2017;476462.0;202;m
RS;npopul202m;p0p100;2018;468383.0;202;m
RS;npopul202m;p0p100;2019;460419.0;202;m
RS;npopul801i;p0p100;1950;52944.0;801;i
RS;npopul801i;p0p100;1951;55910.0;801;i
RS;npopul801i;p0p100;1952;58565.0;801;i
RS;npopul801i;p0p100;1953;60035.0;801;i
RS;npopul801i;p0p100;1954;59738.0;801;i
RS;npopul801i;p0p100;1955;57884.0;801;i
RS;npopul801i;p0p100;1956;58650.0;801;i
RS;npopul801i;p0p100;1957;58377.0;801;i
RS;npopul801i;p0p100;1958;57282.0;801;i
RS;npopul801i;p0p100;1959;55517.0;801;i
RS;npopul801i;p0p100;1960;53308.0;801;i
RS;npopul801i;p0p100;1961;53613.0;801;i
RS;npopul801i;p0p100;1962;52941.0;801;i
RS;npopul801i;p0p100;1963;51934.0;801;i
RS;npopul801i;p0p100;1964;51359.0;801;i
RS;npopul801i;p0p100;1965;51565.0;801;i
RS;npopul801i;p0p100;1966;54273.0;801;i
RS;npopul801i;p0p100;1967;57340.0;801;i
RS;npopul801i;p0p100;1968;59791.0;801;i
RS;npopul801i;p0p100;1969;60506.0;801;i
RS;npopul801i;p0p100;1970;59387.0;801;i
RS;npopul801i;p0p100;1971;58977.0;801;i
RS;npopul801i;p0p100;1972;57048.0;801;i
RS;npopul801i;p0p100;1973;55266.0;801;i
RS;npopul801i;p0p100;1974;55543.0;801;i
RS;npopul801i;p0p100;1975;58535.0;801;i
RS;npopul801i;p0p100;1976;64837.0;801;i
RS;npopul801i;p0p100;1977;71919.0;801;i
RS;npopul801i;p0p100;1978;78532.0;801;i
RS;npopul801i;p0p100;1979;83581.0;801;i
RS;npopul801i;p0p100;1980;87040.0;801;i
RS;npopul801i;p0p100;1981;91517.0;801;i
RS;npopul801i;p0p100;1982;94420.0;801;i
RS;npopul801i;p0p100;1983;96417.0;801;i
RS;npopul801i;p0p100;1984;98379.0;801;i
RS;npopul801i;p0p100;1985;100806.0;801;i
RS;npopul801i;p0p100;1986;105829.0;801;i
RS;npopul801i;p0p100;1987;110281.0;801;i
RS;npopul801i;p0p100;1988;113325.0;801;i
RS;npopul801i;p0p100;1989;114151.0;801;i
RS;npopul801i;p0p100;1990;112889.0;801;i
RS;npopul801i;p0p100;1991;112903.0;801;i
RS;npopul801i;p0p100;1992;112476.0;801;i
RS;npopul801i;p0p100;1993;111150.0;801;i
RS;npopul801i;p0p100;1994;107726.0;801;i
RS;npopul801i;p0p100;1995;101959.0;801;i
RS;npopul801i;p0p100;1996;96514.0;801;i
RS;npopul801i;p0p100;1997;88071.0;801;i
RS;npopul801i;p0p100;1998;80748.0;801;i
RS;npopul801i;p0p100;1999;62328.0;801;i
RS;npopul801i;p0p100;2000;67286.0;801;i
RS;npopul801i;p0p100;2001;77069.0;801;i
RS;npopul801i;p0p100;2002;88883.0;801;i
RS;npopul801i;p0p100;2003;100357.0;801;i
RS;npopul801i;p0p100;2004;109974.0;801;i
RS;npopul801i;p0p100;2005;117463.0;801;i
RS;npopul801i;p0p100;2006;126375.0;801;i
RS;npopul801i;p0p100;2007;134243.0;801;i
RS;npopul801i;p0p100;2008;141059.0;801;i
RS;npopul801i;p0p100;2009;146806.0;801;i
RS;npopul801i;p0p100;2010;151703.0;801;i
RS;npopul801i;p0p100;2011;156518.0;801;i
RS;npopul801i;p0p100;2012;161120.0;801;i
RS;npopul801i;p0p100;2013;165460.0;801;i
RS;npopul801i;p0p100;2014;169347.0;801;i
RS;npopul801i;p0p100;2015;172560.0;801;i
RS;npopul801i;p0p100;2016;172731.0;801;i
RS;npopul801i;p0p100;2017;172476.0;801;i
RS;npopul801i;p0p100;2018;171207.0;801;i
RS;npopul801i;p0p100;2019;168109.0;801;i
RS;scainc992j;p27p100;1990;0.92690003;992;j
RS;scainc992j;p27p100;1991;0.926;992;j
RS;scainc992j;p27p100;1992;0.9249;992;j
RS;scainc992j;p27p100;1993;0.92390001;992;j
RS;scainc992j;p27p100;1994;0.9228;992;j
RS;scainc992j;p27p100;1995;0.9217;992;j
RS;scainc992j;p27p100;1996;0.92049998;992;j
RS;scainc992j;p27p100;1997;0.91939998;992;j
RS;scainc992j;p27p100;1998;0.91430002;992;j
RS;scainc992j;p27p100;1999;0.91399997;992;j
RS;scainc992j;p27p100;2000;0.91589999;992;j
RS;scainc992j;p27p100;2001;0.91670001;992;j
RS;scainc992j;p27p100;2002;0.92589998;992;j
RS;scainc992j;p27p100;2003;0.92760003;992;j
RS;scainc992j;p27p100;2004;0.93519998;992;j
RS;scainc992j;p27p100;2005;0.93760002;992;j
RS;scainc992j;p27p100;2006;0.94340003;992;j
RS;scainc992j;p27p100;2007;0.9465;992;j
RS;scainc992j;p27p100;2008;0.94880003;992;j
RS;scainc992j;p27p100;2009;0.95090002;992;j
RS;scainc992j;p27p100;2010;0.95660001;992;j
RS;scainc992j;p27p100;2011;0.96179998;992;j
RS;scainc992j;p27p100;2012;0.96289998;992;j
RS;scainc992j;p27p100;2013;0.963;992;j
RS;scainc992j;p27p100;2014;0.94499999;992;j
RS;scainc992j;p27p100;2015;0.95730001;992;j
RS;scainc992j;p27p100;2016;0.95719999;992;j
RS;scainc992j;p27p100;2017;0.95730001;992;j
RS;scainc992j;p44p100;1990;0.8204;992;j
RS;scainc992j;p44p100;1991;0.81879997;992;j
RS;scainc992j;p44p100;1992;0.81709999;992;j
RS;scainc992j;p44p100;1993;0.81559998;992;j
RS;scainc992j;p44p100;1994;0.81400001;992;j
RS;scainc992j;p44p100;1995;0.81239998;992;j
RS;scainc992j;p44p100;1996;0.81050003;992;j
RS;scainc992j;p44p100;1997;0.80860001;992;j
RS;scainc992j;p44p100;1998;0.80559999;992;j
RS;scainc992j;p44p100;1999;0.8057;992;j
RS;scainc992j;p44p100;2000;0.80839998;992;j
RS;scainc992j;p44p100;2001;0.8096;992;j
RS;scainc992j;p44p100;2002;0.8204;992;j
RS;scainc992j;p44p100;2003;0.82309997;992;j
RS;scainc992j;p44p100;2004;0.833;992;j
RS;scainc992j;p44p100;2005;0.83749998;992;j
RS;scainc992j;p44p100;2006;0.84560001;992;j
RS;scainc992j;p44p100;2007;0.84930003;992;j
RS;scainc992j;p44p100;2008;0.85320002;992;j
RS;scainc992j;p44p100;2009;0.85720003;992;j
RS;scainc992j;p44p100;2010;0.86650002;992;j
RS;scainc992j;p44p100;2011;0.87489998;992;j
RS;scainc992j;p44p100;2012;0.87739998;992;j
RS;scainc992j;p44p100;2013;0.88080001;992;j
RS;scainc992j;p44p100;2014;0.86059999;992;j
RS;scainc992j;p44p100;2015;0.8761;992;j
RS;scainc992j;p44p100;2016;0.87599999;992;j
RS;scainc992j;p44p100;2017;0.8761;992;j
RS;scainc992j;p90p100;1990;0.2863;992;j
RS;scainc992j;p90p100;1991;0.28479999;992;j
RS;scainc992j;p90p100;1992;0.28369999;992;j
RS;scainc992j;p90p100;1993;0.28330001;992;j
RS;scainc992j;p90p100;1994;0.28279999;992;j
RS;scainc992j;p90p100;1995;0.2823;992;j
RS;scainc992j;p90p100;1996;0.2807;992;j
RS;scainc992j;p90p100;1997;0.27919999;992;j
RS;scainc992j;p90p100;1998;0.2823;992;j
RS;scainc992j;p90p100;1999;0.2879;992;j
RS;scainc992j;p90p100;2000;0.296;992;j
RS;scainc992j;p90p100;2001;0.3012;992;j
RS;scainc992j;p90p100;2002;0.308;992;j
RS;scainc992j;p90p100;2003;0.3089;992;j
RS;scainc992j;p90p100;2004;0.31510001;992;j
RS;scainc992j;p90p100;2005;0.32210001;992;j
RS;scainc992j;p90p100;2006;0.329;992;j
RS;scainc992j;p90p100;2007;0.3274;992;j
RS;scainc992j;p90p100;2008;0.32949999;992;j
RS;scainc992j;p90p100;2009;0.33590001;992;j
RS;scainc992j;p90p100;2010;0.34580001;992;j
RS;scainc992j;p90p100;2011;0.35409999;992;j
RS;scainc992j;p90p100;2012;0.36050001;992;j
RS;scainc992j;p90p100;2013;0.35479999;992;j
RS;scainc992j;p90p100;2014;0.3583;992;j
RS;scainc992j;p90p100;2015;0.38640001;992;j
RS;scainc992j;p90p100;2016;0.38640001;992;j
RS;scainc992j;p90p100;2017;0.38659999;992;j
RS;sdiinc992j;p77p78;1990;0.0134;992;j
RS;sdiinc992j;p77p78;1991;0.0134;992;j
RS;sdiinc992j;p77p78;1992;0.0134;992;j
RS;sdiinc992j;p77p78;1993;0.0133;992;j
RS;sdiinc992j;p77p78;1994;0.0133;992;j
RS;sdiinc992j;p77p78;1995;0.0133;992;j
RS;sdiinc992j;p77p78;1996;0.0132;992;j
RS;sdiinc992j;p77p78;1997;0.0132;992;j
RS;sdiinc992j;p77p78;1998;0.0131;992;j
RS;sdiinc992j;p77p78;1999;0.013;992;j
RS;sdiinc992j;p77p78;2000;0.0128;992;j
RS;sdiinc992j;p77p78;2001;0.0127;992;j
RS;sdiinc992j;p77p78;2002;0.0128;992;j
RS;sdiinc992j;p77p78;2003;0.0129;992;j
RS;sdiinc992j;p77p78;2004;0.013;992;j
RS;sdiinc992j;p77p78;2005;0.013;992;j
RS;sdiinc992j;p77p78;2006;0.013;992;j
RS;sdiinc992j;p77p78;2007;0.0132;992;j
RS;sdiinc992j;p77p78;2008;0.0132;992;j
RS;sdiinc992j;p77p78;2009;0.0132;992;j
RS;sdiinc992j;p77p78;2010;0.0132;992;j
RS;sdiinc992j;p77p78;2011;0.0132;992;j
RS;sdiinc992j;p77p78;2012;0.0132;992;j
RS;sdiinc992j;p77p78;2013;0.0135;992;j
RS;sdiinc992j;p77p78;2014;0.0128;992;j
RS;sdiinc992j;p77p78;2015;0.0125;992;j
RS;sdiinc992j;p77p78;2016;0.0125;992;j
RS;sdiinc992j;p77p78;2017;0.0125;992;j
RS;sptinc992j;p41p100;1990;0.85140002;992;j
RS;sptinc992j;p41p100;1991;0.85170001;992;j
RS;sptinc992j;p41p100;1992;0.85189998;992;j
RS;sptinc992j;p41p100;1993;0.85219997;992;j
RS;sptinc992j;p41p100;1994;0.85250002;992;j
RS;sptinc992j;p41p100;1995;0.85280001;992;j
RS;sptinc992j;p41p100;1996;0.85290003;992;j
RS;sptinc992j;p41p100;1997;0.8531;992;j
RS;sptinc992j;p41p100;1998;0.85000002;992;j
RS;sptinc992j;p41p100;1999;0.85009998;992;j
RS;sptinc992j;p41p100;2000;0.85250002;992;j
RS;sptinc992j;p41p100;2001;0.8527;992;j
RS;sptinc992j;p41p100;2002;0.86089998;992;j
RS;sptinc992j;p41p100;2003;0.86430001;992;j
RS;sptinc992j;p41p100;2004;0.8707;992;j
RS;sptinc992j;p41p100;2005;0.87650001;992;j
RS;sptinc992j;p41p100;2006;0.88300002;992;j
RS;sptinc992j;p41p100;2007;0.8858;992;j
RS;sptinc992j;p41p100;2008;0.89209998;992;j
RS;sptinc992j;p41p100;2009;0.89649999;992;j
RS;sptinc992j;p41p100;2010;0.90179998;992;j
RS;sptinc992j;p41p100;2011;0.90969998;992;j
RS;sptinc992j;p41p100;2012;0.91219997;992;j
RS;sptinc992j;p41p100;2013;0.91350001;992;j
RS;sptinc992j;p41p100;2014;0.91680002;992;j
RS;sptinc992j;p41p100;2015;0.91250002;992;j
RS;sptinc992j;p41p100;2016;0.91250002;992;j
RS;sptinc992j;p41p100;2017;0.91259998;992;j
RS;sptinc992j;p42p43;1990;0.0071;992;j
RS;sptinc992j;p42p43;1991;0.0070000002;992;j
RS;sptinc992j;p42p43;1992;0.0070000002;992;j
RS;sptinc992j;p42p43;1993;0.0068999999;992;j
RS;sptinc992j;p42p43;1994;0.0068999999;992;j
RS;sptinc992j;p42p43;1995;0.0068000001;992;j
RS;sptinc992j;p42p43;1996;0.0068000001;992;j
RS;sptinc992j;p42p43;1997;0.0066999998;992;j
RS;sptinc992j;p42p43;1998;0.0066;992;j
RS;sptinc992j;p42p43;1999;0.0066;992;j
RS;sptinc992j;p42p43;2000;0.0065000001;992;j
RS;sptinc992j;p42p43;2001;0.0065000001;992;j
RS;sptinc992j;p42p43;2002;0.0063999998;992;j
RS;sptinc992j;p42p43;2003;0.0063999998;992;j
RS;sptinc992j;p42p43;2004;0.0063;992;j
RS;sptinc992j;p42p43;2005;0.0062000002;992;j
RS;sptinc992j;p42p43;2006;0.0060999999;992;j
RS;sptinc992j;p42p43;2007;0.0062000002;992;j
RS;sptinc992j;p42p43;2008;0.0060999999;992;j
RS;sptinc992j;p42p43;2009;0.0060999999;992;j
RS;sptinc992j;p42p43;2010;0.0060000001;992;j
RS;sptinc992j;p42p43;2011;0.0057999999;992;j
RS;sptinc992j;p42p43;2012;0.0057999999;992;j
RS;sptinc992j;p42p43;2013;0.0059000002;992;j
RS;sptinc992j;p42p43;2014;0.0057000001;992;j
RS;sptinc992j;p42p43;2015;0.0057999999;992;j
RS;sptinc992j;p42p43;2016;0.0057999999;992;j
RS;sptinc992j;p42p43;2017;0.0057999999;992;j
RS;sptinc992j;p54p100;1990;0.75029999;992;j
RS;sptinc992j;p54p100;1991;0.7511;992;j
RS;sptinc992j;p54p100;1992;0.75190002;992;j
RS;sptinc992j;p54p100;1993;0.75269997;992;j
RS;sptinc992j;p54p100;1994;0.75349998;992;j
RS;sptinc992j;p54p100;1995;0.7543;992;j
RS;sptinc992j;p54p100;1996;0.75470001;992;j
RS;sptinc992j;p54p100;1997;0.75529999;992;j
RS;sptinc992j;p54p100;1998;0.75400001;992;j
RS;sptinc992j;p54p100;1999;0.75440001;992;j
RS;sptinc992j;p54p100;2000;0.7579;992;j
RS;sptinc992j;p54p100;2001;0.7586;992;j
RS;sptinc992j;p54p100;2002;0.76730001;992;j
RS;sptinc992j;p54p100;2003;0.7712;992;j
RS;sptinc992j;p54p100;2004;0.77890003;992;j
RS;sptinc992j;p54p100;2005;0.7863;992;j
RS;sptinc992j;p54p100;2006;0.79320002;992;j
RS;sptinc992j;p54p100;2007;0.79519999;992;j
RS;sptinc992j;p54p100;2008;0.80199999;992;j
RS;sptinc992j;p54p100;2009;0.80680001;992;j
RS;sptinc992j;p54p100;2010;0.8143;992;j
RS;sptinc992j;p54p100;2011;0.82359999;992;j
RS;sptinc992j;p54p100;2012;0.82630002;992;j
RS;sptinc992j;p54p100;2013;0.82599998;992;j
RS;sptinc992j;p54p100;2014;0.83240002;992;j
RS;sptinc992j;p54p100;2015;0.82590002;992;j
RS;sptinc992j;p54p100;2016;0.82590002;992;j
RS;sptinc992j;p54p100;2017;0.82609999;992;j
RS;sptinc992j;p75p100;1990;0.52719998;992;j
RS;sptinc992j;p75p100;1991;0.52880001;992;j
RS;sptinc992j;p75p100;1992;0.53030002;992;j
RS;sptinc992j;p75p100;1993;0.53179997;992;j
RS;sptinc992j;p75p100;1994;0.5334;992;j
RS;sptinc992j;p75p100;1995;0.53500003;992;j
RS;sptinc992j;p75p100;1996;0.5359;992;j
RS;sptinc992j;p75p100;1997;0.537;992;j
RS;sptinc992j;p75p100;1998;0.537;992;j
RS;sptinc992j;p75p100;1999;0.53920001;992;j
RS;sptinc992j;p75p100;2000;0.54570001;992;j
RS;sptinc992j;p75p100;2001;0.54820001;992;j
RS;sptinc992j;p75p100;2002;0.55610001;992;j
RS;sptinc992j;p75p100;2003;0.56;992;j
RS;sptinc992j;p75p100;2004;0.57020003;992;j
RS;sptinc992j;p75p100;2005;0.57889998;992;j
RS;sptinc992j;p75p100;2006;0.58459997;992;j
RS;sptinc992j;p75p100;2007;0.5837;992;j
RS;sptinc992j;p75p100;2008;0.58950001;992;j
RS;sptinc992j;p75p100;2009;0.59439999;992;j
RS;sptinc992j;p75p100;2010;0.60479999;992;j
RS;sptinc992j;p75p100;2011;0.61570001;992;j
RS;sptinc992j;p75p100;2012;0.61589998;992;j
RS;sptinc992j;p75p100;2013;0.61299998;992;j
RS;sptinc992j;p75p100;2014;0.62449998;992;j
RS;sptinc992j;p75p100;2015;0.61659998;992;j
RS;sptinc992j;p75p100;2016;0.61669999;992;j
RS;sptinc992j;p75p100;2017;0.61699998;992;j
RS;sptinc992j;p7p8;1990;0.0015;992;j
RS;sptinc992j;p7p8;1991;0.0015;992;j
RS;sptinc992j;p7p8;1992;0.0016;992;j
RS;sptinc992j;p7p8;1993;0.0016;992;j
RS;sptinc992j;p7p8;1994;0.0017;992;j
RS;sptinc992j;p7p8;1995;0.0017;992;j
RS;sptinc992j;p7p8;1996;0.0017;992;j
RS;sptinc992j;p7p8;1997;0.0018;992;j
RS;sptinc992j;p7p8;1998;0.0020000001;992;j
RS;sptinc992j;p7p8;1999;0.0020000001;992;j
RS;sptinc992j;p7p8;2000;0.0020000001;992;j
RS;sptinc992j;p7p8;2001;0.0020000001;992;j
RS;sptinc992j;p7p8;2002;0.0016;992;j
RS;sptinc992j;p7p8;2003;0.0015;992;j
RS;sptinc992j;p7p8;2004;0.0014;992;j
RS;sptinc992j;p7p8;2005;0.0013;992;j
RS;sptinc992j;p7p8;2006;0.001;992;j
RS;sptinc992j;p7p8;2007;0.0009;992;j
RS;sptinc992j;p7p8;2008;0.0008;992;j
RS;sptinc992j;p7p8;2009;0.0007;992;j
RS;sptinc992j;p7p8;2010;0.0006;992;j
RS;sptinc992j;p7p8;2011;0.0005;992;j
RS;sptinc992j;p7p8;2012;0.0005;992;j
RS;sptinc992j;p7p8;2013;0.0004;992;j
RS;sptinc992j;p7p8;2014;0.0004;992;j
RS;sptinc992j;p7p8;2015;0.0004;992;j
RS;sptinc992j;p7p8;2016;0.0004;992;j
RS;sptinc992j;p7p8;2017;0.0004;992;j
RS;sptinc992j;p99.93p100;1990;0.022700001;992;j
RS;sptinc992j;p99.93p100;1991;0.023399999;992;j
RS;sptinc992j;p99.93p100;1992;0.0239;992;j
RS;sptinc992j;p99.93p100;1993;0.024599999;992;j
RS;sptinc992j;p99.93p100;1994;0.0251;992;j
RS;sptinc992j;p99.93p100;1995;0.025900001;992;j
RS;sptinc992j;p99.93p100;1996;0.0264;992;j
RS;sptinc992j;p99.93p100;1997;0.027100001;992;j
RS;sptinc992j;p99.93p100;1998;0.026799999;992;j
RS;sptinc992j;p99.93p100;1999;0.028899999;992;j
RS;sptinc992j;p99.93p100;2000;0.030999999;992;j
RS;sptinc992j;p99.93p100;2001;0.033300001;992;j
RS;sptinc992j;p99.93p100;2002;0.032600001;992;j
RS;sptinc992j;p99.93p100;2003;0.0319;992;j
RS;sptinc992j;p99.93p100;2004;0.032900002;992;j
RS;sptinc992j;p99.93p100;2005;0.0319;992;j
RS;sptinc992j;p99.93p100;2006;0.032299999;992;j
RS;sptinc992j;p99.93p100;2007;0.0298;992;j
RS;sptinc992j;p99.93p100;2008;0.0305;992;j
RS;sptinc992j;p99.93p100;2009;0.030200001;992;j
RS;sptinc992j;p99.93p100;2010;0.0298;992;j
RS;sptinc992j;p99.93p100;2011;0.031399999;992;j
RS;sptinc992j;p99.93p100;2012;0.025699999;992;j
RS;sptinc992j;p99.93p100;2013;0.0274;992;j
RS;sptinc992j;p99.93p100;2014;0.040899999;992;j
RS;sptinc992j;p99.93p100;2015;0.039500002;992;j
RS;sptinc992j;p99.93p100;2016;0.0396;992;j
RS;sptinc992j;p99.93p100;2017;0.0396;992;j
RS;tcainc992j;p16p17;1990;149368.5;992;j
RS;tcainc992j;p16p17;1991;132636.91;992;j
RS;tcainc992j;p16p17;1992;92851.797;992;j
RS;tcainc992j;p16p17;1993;61401.801;992;j
RS;tcainc992j;p16p17;1994;64553.602;992;j
RS;tcainc992j;p16p17;1995;69361.5;992;j
RS;tcainc992j;p16p17;1996;71029.398;992;j
RS;tcainc992j;p16p17;1997;76430.797;992;j
RS;tcainc992j;p16p17;1998;90374.602;992;j
RS;tcainc992j;p16p17;1999;105190.3;992;j
RS;tcainc992j;p16p17;2000;110838.6;992;j
RS;tcainc992j;p16p17;2001;105345.8;992;j
RS;tcainc992j;p16p17;2002;97244.398;992;j
RS;tcainc992j;p16p17;2003;101742.3;992;j
RS;tcainc992j;p16p17;2004;107266.9;992;j
RS;tcainc992j;p16p17;2005;117135.0;992;j
RS;tcainc992j;p16p17;2006;109463.4;992;j
RS;tcainc992j;p16p17;2007;102561.6;992;j
RS;tcainc992j;p16p17;2008;104428.0;992;j
RS;tcainc992j;p16p17;2009;97591.602;992;j
RS;tcainc992j;p16p17;2010;83411.5;992;j
RS;tcainc992j;p16p17;2011;73284.297;992;j
RS;tcainc992j;p16p17;2012;70729.398;992;j
RS;tcainc992j;p16p17;2013;65560.0;992;j
RS;tcainc992j;p16p17;2014;100345.9;992;j
RS;tcainc992j;p16p17;2015;76119.602;992;j
RS;tcainc992j;p16p17;2016;79114.797;992;j
RS;tcainc992j;p16p17;2017;78956.898;992;j
RS;tcainc992j;p31p100;1990;291286.59;992;j
RS;tcainc992j;p31p100;1991;254731.5;992;j
RS;tcainc992j;p31p100;1992;175505.0;992;j
RS;tcainc992j;p31p100;1993;114659.5;992;j
RS;tcainc992j;p31p100;1994;118916.0;992;j
RS;tcainc992j;p31p100;1995;126281.3;992;j
RS;tcainc992j;p31p100;1996;128291.4;992;j
RS;tcainc992j;p31p100;1997;136760.0;992;j
RS;tcainc992j;p31p100;1998;148503.41;992;j
RS;tcainc992j;p31p100;1999;169591.59;992;j
RS;tcainc992j;p31p100;2000;182341.3;992;j
RS;tcainc992j;p31p100;2001;177530.41;992;j
RS;tcainc992j;p31p100;2002;182131.8;992;j
RS;tcainc992j;p31p100;2003;188756.8;992;j
RS;tcainc992j;p31p100;2004;219992.09;992;j
RS;tcainc992j;p31p100;2005;245899.09;992;j
RS;tcainc992j;p31p100;2006;250797.2;992;j
RS;tcainc992j;p31p100;2007;249762.3;992;j
RS;tcainc992j;p31p100;2008;261280.3;992;j
RS;tcainc992j;p31p100;2009;251935.5;992;j
RS;tcainc992j;p31p100;2010;239856.59;992;j
RS;tcainc992j;p31p100;2011;229621.8;992;j
RS;tcainc992j;p31p100;2012;226133.7;992;j
RS;tcainc992j;p31p100;2013;215037.59;992;j
RS;tcainc992j;p31p100;2014;221281.2;992;j
RS;tcainc992j;p31p100;2015;208661.5;992;j
RS;tcainc992j;p31p100;2016;216485.8;992;j
RS;tcainc992j;p31p100;2017;216472.7;992;j
RS;tcainc992j;p3p100;1990;56761.602;992;j
RS;tcainc992j;p3p100;1991;49938.801;992;j
RS;tcainc992j;p3p100;1992;33709.398;992;j
RS;tcainc992j;p3p100;1993;21644.801;992;j
RS;tcainc992j;p3p100;1994;21903.801;992;j
RS;tcainc992j;p3p100;1995;22368.1;992;j
RS;tcainc992j;p3p100;1996;21812.4;992;j
RS;tcainc992j;p3p100;1997;21465.199;992;j
RS;tcainc992j;p3p100;1998;25347.5;992;j
RS;tcainc992j;p3p100;1999;30433.9;992;j
RS;tcainc992j;p3p100;2000;30911.5;992;j
RS;tcainc992j;p3p100;2001;29239.1;992;j
RS;tcainc992j;p3p100;2002;17502.801;992;j
RS;tcainc992j;p3p100;2003;18879.801;992;j
RS;tcainc992j;p3p100;2004;21770.6;992;j
RS;tcainc992j;p3p100;2005;22941.801;992;j
RS;tcainc992j;p3p100;2006;20091.199;992;j
RS;tcainc992j;p3p100;2007;17421.801;992;j
RS;tcainc992j;p3p100;2008;22028.9;992;j
RS;tcainc992j;p3p100;2009;25283.801;992;j
RS;tcainc992j;p3p100;2010;22549.199;992;j
RS;tcainc992j;p3p100;2011;19745.5;992;j
RS;tcainc992j;p3p100;2012;16407.4;992;j
RS;tcainc992j;p3p100;2013;37044.602;992;j
RS;tcainc992j;p3p100;2014;74723.398;992;j
RS;tcainc992j;p3p100;2015;50485.602;992;j
RS;tcainc992j;p3p100;2016;52428.602;992;j
RS;tcainc992j;p3p100;2017;52366.699;992;j
RS;tcainc992j;p5p6;1990;67494.102;992;j
RS;tcainc992j;p5p6;1991;59553.102;992;j
RS;tcainc992j;p5p6;1992;41373.898;992;j
RS;tcainc992j;p5p6;1993;27061.301;992;j
RS;tcainc992j;p5p6;1994;28354.801;992;j
RS;tcainc992j;p5p6;1995;30974.9;992;j
RS;tcainc992j;p5p6;1996;31714.6;992;j
RS;tcainc992j;p5p6;1997;33672.5;992;j
RS;tcainc992j;p5p6;1998;39914.5;992;j
RS;tcainc992j;p5p6;1999;46583.898;992;j
RS;tcainc992j;p5p6;2000;47388.898;992;j
RS;tcainc992j;p5p6;2001;45454.5;992;j
RS;tcainc992j;p5p6;2002;36442.301;992;j
RS;tcainc992j;p5p6;2003;36755.602;992;j
RS;tcainc992j;p5p6;2004;35637.0;992;j
RS;tcainc992j;p5p6;2005;34392.602;992;j
RS;tcainc992j;p5p6;2006;29623.0;992;j
RS;tcainc992j;p5p6;2007;24903.199;992;j
RS;tcainc992j;p5p6;2008;28820.699;992;j
RS;tcainc992j;p5p6;2009;30371.5;992;j
RS;tcainc992j;p5p6;2010;28041.6;992;j
RS;tcainc992j;p5p6;2011;24220.699;992;j
RS;tcainc992j;p5p6;2012;19298.4;992;j
RS;tcainc992j;p5p6;2013;40169.102;992;j
RS;tcainc992j;p5p6;2014;77542.398;992;j
RS;tcainc992j;p5p6;2015;53638.801;992;j
RS;tcainc992j;p5p6;2016;55717.301;992;j
RS;tcainc992j;p5p6;2017;55637.0;992;j
RS;tcainc992j;p75p76;1990;672163.88;992;j
RS;tcainc992j;p75p76;1991;582425.38;992;j
RS;tcainc992j;p75p76;1992;398591.41;992;j
RS;tcainc992j;p75p76;1993;257766.5;992;j
RS;tcainc992j;p75p76;1994;264748.81;992;j
RS;tcainc992j;p75p76;1995;278748.41;992;j
RS;tcainc992j;p75p76;1996;280775.41;992;j
RS;tcainc992j;p75p76;1997;295931.0;992;j
RS;tcainc992j;p75p76;1998;321374.69;992;j
RS;tcainc992j;p75p76;1999;361525.69;992;j
RS;tcainc992j;p75p76;2000;388883.09;992;j
RS;tcainc992j;p75p76;2001;375211.5;992;j
RS;tcainc992j;p75p76;2002;397140.59;992;j
RS;tcainc992j;p75p76;2003;419225.5;992;j
RS;tcainc992j;p75p76;2004;506824.91;992;j
RS;tcainc992j;p75p76;2005;573242.5;992;j
RS;tcainc992j;p75p76;2006;605445.81;992;j
RS;tcainc992j;p75p76;2007;612870.69;992;j
RS;tcainc992j;p75p76;2008;658485.13;992;j
RS;tcainc992j;p75p76;2009;648370.38;992;j
RS;tcainc992j;p75p76;2010;651562.31;992;j
RS;tcainc992j;p75p76;2011;657861.88;992;j
RS;tcainc992j;p75p76;2012;655217.31;992;j
RS;tcainc992j;p75p76;2013;690748.13;992;j
RS;tcainc992j;p75p76;2014;641633.88;992;j
RS;tcainc992j;p75p76;2015;623698.88;992;j
RS;tcainc992j;p75p76;2016;646730.69;992;j
RS;tcainc992j;p75p76;2017;647026.81;992;j
RS;tcainc992j;p99.998p100;1990;49065592.0;992;j
RS;tcainc992j;p99.998p100;1991;40029836.0;992;j
RS;tcainc992j;p99.998p100;1992;25261042.0;992;j
RS;tcainc992j;p99.998p100;1993;15537287.0;992;j
RS;tcainc992j;p99.998p100;1994;15420534.0;992;j
RS;tcainc992j;p99.998p100;1995;15767795.0;992;j
RS;tcainc992j;p99.998p100;1996;15199408.0;992;j
RS;tcainc992j;p99.998p100;1997;15282699.0;992;j
RS;tcainc992j;p99.998p100;1998;17867150.0;992;j
RS;tcainc992j;p99.998p100;1999;24851058.0;992;j
RS;tcainc992j;p99.998p100;2000;28753002.0;992;j
RS;tcainc992j;p99.998p100;2001;32414428.0;992;j
RS;tcainc992j;p99.998p100;2002;32008670.0;992;j
RS;tcainc992j;p99.998p100;2003;33526464.0;992;j
RS;tcainc992j;p99.998p100;2004;40759032.0;992;j
RS;tcainc992j;p99.998p100;2005;50212028.0;992;j
RS;tcainc992j;p99.998p100;2006;48933436.0;992;j
RS;tcainc992j;p99.998p100;2007;42383104.0;992;j
RS;tcainc992j;p99.998p100;2008;39981208.0;992;j
RS;tcainc992j;p99.998p100;2009;48766512.0;992;j
RS;tcainc992j;p99.998p100;2010;46697012.0;992;j
RS;tcainc992j;p99.998p100;2011;46149648.0;992;j
RS;tcainc992j;p99.998p100;2012;71320480.0;992;j
RS;tcainc992j;p99.998p100;2013;55168588.0;992;j
RS;tcainc992j;p99.998p100;2014;101760448.0;992;j
RS;tcainc992j;p99.998p100;2015;161192240.0;992;j
RS;tcainc992j;p99.998p100;2016;167297184.0;992;j
RS;tcainc992j;p99.998p100;2017;167724640.0;992;j
RS;tdiinc992j;p18p100;1990;278110.91;992;j
RS;tdiinc992j;p18p100;1991;243084.09;992;j
RS;tdiinc992j;p18p100;1992;167819.2;992;j
RS;tdiinc992j;p18p100;1993;109955.6;992;j
RS;tdiinc992j;p18p100;1994;114860.9;992;j
RS;tdiinc992j;p18p100;1995;123176.0;992;j
RS;tdiinc992j;p18p100;1996;125667.8;992;j
RS;tdiinc992j;p18p100;1997;135057.2;992;j
RS;tdiinc992j;p18p100;1998;148511.59;992;j
RS;tdiinc992j;p18p100;1999;159401.59;992;j
RS;tdiinc992j;p18p100;2000;173312.59;992;j
RS;tdiinc992j;p18p100;2001;171460.91;992;j
RS;tdiinc992j;p18p100;2002;172218.41;992;j
RS;tdiinc992j;p18p100;2003;181465.3;992;j
RS;tdiinc992j;p18p100;2004;183472.59;992;j
RS;tdiinc992j;p18p100;2005;201424.59;992;j
RS;tdiinc992j;p18p100;2006;194004.7;992;j
RS;tdiinc992j;p18p100;2007;197643.2;992;j
RS;tdiinc992j;p18p100;2008;200537.0;992;j
RS;tdiinc992j;p18p100;2009;197088.8;992;j
RS;tdiinc992j;p18p100;2010;175742.91;992;j
RS;tdiinc992j;p18p100;2011;159153.8;992;j
RS;tdiinc992j;p18p100;2012;159537.09;992;j
RS;tdiinc992j;p18p100;2013;147532.2;992;j
RS;tdiinc992j;p18p100;2014;187348.0;992;j
RS;tdiinc992j;p18p100;2015;160933.91;992;j
RS;tdiinc992j;p18p100;2016;159220.3;992;j
RS;tdiinc992j;p18p100;2017;159256.3;992;j
RS;tdiinc992j;p31p100;1990;436342.5;992;j
RS;tdiinc992j;p31p100;1991;381167.0;992;j
RS;tdiinc992j;p31p100;1992;262373.81;992;j
RS;tdiinc992j;p31p100;1993;171227.59;992;j
RS;tdiinc992j;p31p100;1994;177404.09;992;j
RS;tdiinc992j;p31p100;1995;188219.09;992;j
RS;tdiinc992j;p31p100;1996;191021.09;992;j
RS;tdiinc992j;p31p100;1997;204560.8;992;j
RS;tdiinc992j;p31p100;1998;211418.59;992;j
RS;tdiinc992j;p31p100;1999;229816.3;992;j
RS;tdiinc992j;p31p100;2000;252138.7;992;j
RS;tdiinc992j;p31p100;2001;251917.7;992;j
RS;tdiinc992j;p31p100;2002;268612.59;992;j
RS;tdiinc992j;p31p100;2003;278087.91;992;j
RS;tdiinc992j;p31p100;2004;306008.81;992;j
RS;tdiinc992j;p31p100;2005;335466.19;992;j
RS;tdiinc992j;p31p100;2006;344090.81;992;j
RS;tdiinc992j;p31p100;2007;356352.0;992;j
RS;tdiinc992j;p31p100;2008;372124.0;992;j
RS;tdiinc992j;p31p100;2009;356914.5;992;j
RS;tdiinc992j;p31p100;2010;342548.59;992;j
RS;tdiinc992j;p31p100;2011;327042.19;992;j
RS;tdiinc992j;p31p100;2012;324152.31;992;j
RS;tdiinc992j;p31p100;2013;311936.0;992;j
RS;tdiinc992j;p31p100;2014;318567.41;992;j
RS;tdiinc992j;p31p100;2015;304404.09;992;j
RS;tdiinc992j;p31p100;2016;308892.91;992;j
RS;tdiinc992j;p31p100;2017;310019.5;992;j
RS;tdiinc992j;p38p39;1990;511400.69;992;j
RS;tdiinc992j;p38p39;1991;444869.59;992;j
RS;tdiinc992j;p38p39;1992;305278.0;992;j
RS;tdiinc992j;p38p39;1993;198324.8;992;j
RS;tdiinc992j;p38p39;1994;204611.5;992;j
RS;tdiinc992j;p38p39;1995;216177.0;992;j
RS;tdiinc992j;p38p39;1996;218729.7;992;j
RS;tdiinc992j;p38p39;1997;232798.09;992;j
RS;tdiinc992j;p38p39;1998;236658.8;992;j
RS;tdiinc992j;p38p39;1999;257286.41;992;j
RS;tdiinc992j;p38p39;2000;281387.91;992;j
RS;tdiinc992j;p38p39;2001;280919.69;992;j
RS;tdiinc992j;p38p39;2002;298077.09;992;j
RS;tdiinc992j;p38p39;2003;312651.59;992;j
RS;tdiinc992j;p38p39;2004;344452.5;992;j
RS;tdiinc992j;p38p39;2005;376237.69;992;j
RS;tdiinc992j;p38p39;2006;392192.41;992;j
RS;tdiinc992j;p38p39;2007;405040.59;992;j
RS;tdiinc992j;p38p39;2008;429283.09;992;j
RS;tdiinc992j;p38p39;2009;414668.31;992;j
RS;tdiinc992j;p38p39;2010;405327.81;992;j
RS;tdiinc992j;p38p39;2011;396255.59;992;j
RS;tdiinc992j;p38p39;2012;389147.81;992;j
RS;tdiinc992j;p38p39;2013;387787.5;992;j
RS;tdiinc992j;p38p39;2014;385533.69;992;j
RS;tdiinc992j;p38p39;2015;381276.31;992;j
RS;tdiinc992j;p38p39;2016;389214.09;992;j
RS;tdiinc992j;p38p39;2017;390942.09;992;j
RS;tdiinc992j;p57p100;1990;697599.0;992;j
RS;tdiinc992j;p57p100;1991;606410.5;992;j
RS;tdiinc992j;p57p100;1992;415048.31;992;j
RS;tdiinc992j;p57p100;1993;268979.19;992;j
RS;tdiinc992j;p57p100;1994;276944.81;992;j
RS;tdiinc992j;p57p100;1995;292129.81;992;j
RS;tdiinc992j;p57p100;1996;294789.69;992;j
RS;tdiinc992j;p57p100;1997;312751.59;992;j
RS;tdiinc992j;p57p100;1998;325757.5;992;j
RS;tdiinc992j;p57p100;1999;352242.81;992;j
RS;tdiinc992j;p57p100;2000;384198.31;992;j
RS;tdiinc992j;p57p100;2001;379887.81;992;j
RS;tdiinc992j;p57p100;2002;410564.59;992;j
RS;tdiinc992j;p57p100;2003;431393.19;992;j
RS;tdiinc992j;p57p100;2004;483170.5;992;j
RS;tdiinc992j;p57p100;2005;533299.0;992;j
RS;tdiinc992j;p57p100;2006;560976.38;992;j
RS;tdiinc992j;p57p100;2007;583345.81;992;j
RS;tdiinc992j;p57p100;2008;619988.81;992;j
RS;tdiinc992j;p57p100;2009;605083.63;992;j
RS;tdiinc992j;p57p100;2010;597047.5;992;j
RS;tdiinc992j;p57p100;2011;593780.19;992;j
RS;tdiinc992j;p57p100;2012;588223.38;992;j
RS;tdiinc992j;p57p100;2013;601222.81;992;j
RS;tdiinc992j;p57p100;2014;576552.38;992;j
RS;tdiinc992j;p57p100;2015;571294.38;992;j
RS;tdiinc992j;p57p100;2016;587549.31;992;j
RS;tdiinc992j;p57p100;2017;590794.81;992;j
RS;tdiinc992j;p98p100;1990;2140874.3;992;j
RS;tdiinc992j;p98p100;1991;1859852.5;992;j
RS;tdiinc992j;p98p100;1992;1279052.3;992;j
RS;tdiinc992j;p98p100;1993;833383.88;992;j
RS;tdiinc992j;p98p100;1994;859997.13;992;j
RS;tdiinc992j;p98p100;1995;909335.38;992;j
RS;tdiinc992j;p98p100;1996;914123.38;992;j
RS;tdiinc992j;p98p100;1997;965439.69;992;j
RS;tdiinc992j;p98p100;1998;1033239.1;992;j
RS;tdiinc992j;p98p100;1999;1149539.3;992;j
RS;tdiinc992j;p98p100;2000;1298707.1;992;j
RS;tdiinc992j;p98p100;2001;1303442.8;992;j
RS;tdiinc992j;p98p100;2002;1440323.3;992;j
RS;tdiinc992j;p98p100;2003;1512409.3;992;j
RS;tdiinc992j;p98p100;2004;1733274.9;992;j
RS;tdiinc992j;p98p100;2005;1966727.5;992;j
RS;tdiinc992j;p98p100;2006;2150177.3;992;j
RS;tdiinc992j;p98p100;2007;2219870.5;992;j
RS;tdiinc992j;p98p100;2008;2408675.5;992;j
RS;tdiinc992j;p98p100;2009;2378840.8;992;j
RS;tdiinc992j;p98p100;2010;2473310.5;992;j
RS;tdiinc992j;p98p100;2011;2562144.5;992;j
RS;tdiinc992j;p98p100;2012;2502924.3;992;j
RS;tdiinc992j;p98p100;2013;2587037.3;992;j
RS;tdiinc992j;p98p100;2014;2378518.8;992;j
RS;tdiinc992j;p98p100;2015;2418971.5;992;j
RS;tdiinc992j;p98p100;2016;2516452.5;992;j
RS;tdiinc992j;p98p100;2017;2533959.5;992;j
RS;tdiinc992j;p99.6p100;1990;4256980.5;992;j
RS;tdiinc992j;p99.6p100;1991;3670086.0;992;j
RS;tdiinc992j;p99.6p100;1992;2502591.0;992;j
RS;tdiinc992j;p99.6p100;1993;1625070.3;992;j
RS;tdiinc992j;p99.6p100;1994;1672338.8;992;j
RS;tdiinc992j;p99.6p100;1995;1764716.0;992;j
RS;tdiinc992j;p99.6p100;1996;1763331.4;992;j
RS;tdiinc992j;p99.6p100;1997;1849922.6;992;j
RS;tdiinc992j;p99.6p100;1998;2006244.5;992;j
RS;tdiinc992j;p99.6p100;1999;2312462.3;992;j
RS;tdiinc992j;p99.6p100;2000;2669321.5;992;j
RS;tdiinc992j;p99.6p100;2001;2743510.8;992;j
RS;tdiinc992j;p99.6p100;2002;3014816.8;992;j
RS;tdiinc992j;p99.6p100;2003;3138345.0;992;j
RS;tdiinc992j;p99.6p100;2004;3582401.0;992;j
RS;tdiinc992j;p99.6p100;2005;4107205.8;992;j
RS;tdiinc992j;p99.6p100;2006;4461603.0;992;j
RS;tdiinc992j;p99.6p100;2007;4492529.5;992;j
RS;tdiinc992j;p99.6p100;2008;4796336.0;992;j
RS;tdiinc992j;p99.6p100;2009;4887100.5;992;j
RS;tdiinc992j;p99.6p100;2010;5042039.0;992;j
RS;tdiinc992j;p99.6p100;2011;5206176.5;992;j
RS;tdiinc992j;p99.6p100;2012;5462810.5;992;j
RS;tdiinc992j;p99.6p100;2013;5395269.0;992;j
RS;tdiinc992j;p99.6p100;2014;5479193.0;992;j
RS;tdiinc992j;p99.6p100;2015;6044251.0;992;j
RS;tdiinc992j;p99.6p100;2016;6301792.5;992;j
RS;tdiinc992j;p99.6p100;2017;6348232.0;992;j
RS;tptinc992j;p55p56;1990;649382.69;992;j
RS;tptinc992j;p55p56;1991;562563.38;992;j
RS;tptinc992j;p55p56;1992;384008.91;992;j
RS;tptinc992j;p55p56;1993;248403.41;992;j
RS;tptinc992j;p55p56;1994;254845.59;992;j
RS;tptinc992j;p55p56;1995;268141.81;992;j
RS;tptinc992j;p55p56;1996;269700.19;992;j
RS;tptinc992j;p55p56;1997;285206.41;992;j
RS;tptinc992j;p55p56;1998;297328.81;992;j
RS;tptinc992j;p55p56;1999;324063.69;992;j
RS;tptinc992j;p55p56;2000;351833.31;992;j
RS;tptinc992j;p55p56;2001;349291.91;992;j
RS;tptinc992j;p55p56;2002;372962.41;992;j
RS;tptinc992j;p55p56;2003;392036.31;992;j
RS;tptinc992j;p55p56;2004;433869.59;992;j
RS;tptinc992j;p55p56;2005;479722.41;992;j
RS;tptinc992j;p55p56;2006;505702.59;992;j
RS;tptinc992j;p55p56;2007;523996.5;992;j
RS;tptinc992j;p55p56;2008;555810.81;992;j
RS;tptinc992j;p55p56;2009;547099.88;992;j
RS;tptinc992j;p55p56;2010;539507.81;992;j
RS;tptinc992j;p55p56;2011;533178.38;992;j
RS;tptinc992j;p55p56;2012;538408.81;992;j
RS;tptinc992j;p55p56;2013;558081.19;992;j
RS;tptinc992j;p55p56;2014;529704.19;992;j
RS;tptinc992j;p55p56;2015;545356.88;992;j
RS;tptinc992j;p55p56;2016;562025.19;992;j
RS;tptinc992j;p55p56;2017;564968.88;992;j
RS;acainc992j;p0p50;1990;235267.2;992;j
RS;acainc992j;p0p50;1991;205891.59;992;j
RS;acainc992j;p0p50;1992;142106.0;992;j
RS;acainc992j;p0p50;1993;92798.898;992;j
RS;acainc992j;p0p50;1994;96265.602;992;j
RS;acainc992j;p0p50;1995;102306.1;992;j
RS;acainc992j;p0p50;1996;104025.1;992;j
RS;acainc992j;p0p50;1997;110676.4;992;j
RS;acainc992j;p0p50;1998;122166.4;992;j
RS;acainc992j;p0p50;1999;139329.0;992;j
RS;acainc992j;p0p50;2000;149243.2;992;j
RS;acainc992j;p0p50;2001;144625.5;992;j
RS;acainc992j;p0p50;2002;143857.59;992;j
RS;acainc992j;p0p50;2003;149562.91;992;j
RS;acainc992j;p0p50;2004;170442.5;992;j
RS;acainc992j;p0p50;2005;189226.91;992;j
RS;acainc992j;p0p50;2006;191362.59;992;j
RS;acainc992j;p0p50;2007;187496.41;992;j
RS;acainc992j;p0p50;2008;196509.5;992;j
RS;acainc992j;p0p50;2009;189906.41;992;j
RS;acainc992j;p0p50;2010;180167.2;992;j
RS;acainc992j;p0p50;2011;172712.3;992;j
RS;acainc992j;p0p50;2012;168954.2;992;j
RS;acainc992j;p0p50;2013;169580.3;992;j
RS;acainc992j;p0p50;2014;186592.8;992;j
RS;acainc992j;p0p50;2015;171677.41;992;j
RS;acainc992j;p0p50;2016;178134.0;992;j
RS;acainc992j;p0p50;2017;178143.09;992;j
RS;acainc992j;p29p100;1990;669222.88;992;j
RS;acainc992j;p29p100;1991;580172.19;992;j
RS;acainc992j;p29p100;1992;396631.19;992;j
RS;acainc992j;p29p100;1993;256782.41;992;j
RS;acainc992j;p29p100;1994;264015.0;992;j
RS;acainc992j;p29p100;1995;278183.31;992;j
RS;acainc992j;p29p100;1996;279921.31;992;j
RS;acainc992j;p29p100;1997;294822.59;992;j
RS;acainc992j;p29p100;1998;321644.69;992;j
RS;acainc992j;p29p100;1999;367259.19;992;j
RS;acainc992j;p29p100;2000;399232.59;992;j
RS;acainc992j;p29p100;2001;389478.5;992;j
RS;acainc992j;p29p100;2002;410949.81;992;j
RS;acainc992j;p29p100;2003;434010.09;992;j
RS;acainc992j;p29p100;2004;523147.69;992;j
RS;acainc992j;p29p100;2005;597447.19;992;j
RS;acainc992j;p29p100;2006;634216.13;992;j
RS;acainc992j;p29p100;2007;635371.19;992;j
RS;acainc992j;p29p100;2008;682454.0;992;j
RS;acainc992j;p29p100;2009;677010.0;992;j
RS;acainc992j;p29p100;2010;684400.5;992;j
RS;acainc992j;p29p100;2011;695643.63;992;j
RS;acainc992j;p29p100;2012;695376.63;992;j
RS;acainc992j;p29p100;2013;712432.38;992;j
RS;acainc992j;p29p100;2014;685804.19;992;j
RS;acainc992j;p29p100;2015;701771.38;992;j
RS;acainc992j;p29p100;2016;727766.69;992;j
RS;acainc992j;p29p100;2017;728459.0;992;j
RS;acainc992j;p44p100;1990;759234.31;992;j
RS;acainc992j;p44p100;1991;657738.88;992;j
RS;acainc992j;p44p100;1992;449336.69;992;j
RS;acainc992j;p44p100;1993;290725.59;992;j
RS;acainc992j;p44p100;1994;298718.19;992;j
RS;acainc992j;p44p100;1995;314551.59;992;j
RS;acainc992j;p44p100;1996;316230.81;992;j
RS;acainc992j;p44p100;1997;332762.81;992;j
RS;acainc992j;p44p100;1998;363766.41;992;j
RS;acainc992j;p44p100;1999;415490.5;992;j
RS;acainc992j;p44p100;2000;452228.91;992;j
RS;acainc992j;p44p100;2001;441431.41;992;j
RS;acainc992j;p44p100;2002;467118.69;992;j
RS;acainc992j;p44p100;2003;493903.59;992;j
RS;acainc992j;p44p100;2004;597253.38;992;j
RS;acainc992j;p44p100;2005;683861.5;992;j
RS;acainc992j;p44p100;2006;728099.0;992;j
RS;acainc992j;p44p100;2007;730170.13;992;j
RS;acainc992j;p44p100;2008;785656.13;992;j
RS;acainc992j;p44p100;2009;781011.13;992;j
RS;acainc992j;p44p100;2010;792781.0;992;j
RS;acainc992j;p44p100;2011;808644.0;992;j
RS;acainc992j;p44p100;2012;809873.5;992;j
RS;acainc992j;p44p100;2013;832173.88;992;j
RS;acainc992j;p44p100;2014;798298.31;992;j
RS;acainc992j;p44p100;2015;820224.81;992;j
RS;acainc992j;p44p100;2016;850596.63;992;j
RS;acainc992j;p44p100;2017;851447.5;992;j
RS;acainc992j;p68p69;1990;592690.63;992;j
RS;acainc992j;p68p69;1991;518045.0;992;j
RS;acainc992j;p68p69;1992;353917.0;992;j
RS;acainc992j;p68p69;1993;228874.7;992;j
RS;acainc992j;p68p69;1994;235103.41;992;j
RS;acainc992j;p68p69;1995;247574.59;992;j
RS;acainc992j;p68p69;1996;249340.0;992;j
RS;acainc992j;p68p69;1997;262794.09;992;j
RS;acainc992j;p68p69;1998;286687.91;992;j
RS;acainc992j;p68p69;1999;322706.91;992;j
RS;acainc992j;p68p69;2000;345826.41;992;j
RS;acainc992j;p68p69;2001;334792.41;992;j
RS;acainc992j;p68p69;2002;352971.09;992;j
RS;acainc992j;p68p69;2003;372034.0;992;j
RS;acainc992j;p68p69;2004;446791.69;992;j
RS;acainc992j;p68p69;2005;504963.0;992;j
RS;acainc992j;p68p69;2006;533175.13;992;j
RS;acainc992j;p68p69;2007;536866.31;992;j
RS;acainc992j;p68p69;2008;578365.13;992;j
RS;acainc992j;p68p69;2009;566881.88;992;j
RS;acainc992j;p68p69;2010;568169.69;992;j
RS;acainc992j;p68p69;2011;572470.31;992;j
RS;acainc992j;p68p69;2012;568435.88;992;j
RS;acainc992j;p68p69;2013;595982.5;992;j
RS;acainc992j;p68p69;2014;559911.69;992;j
RS;acainc992j;p68p69;2015;544316.88;992;j
RS;acainc992j;p68p69;2016;564438.13;992;j
RS;acainc992j;p68p69;2017;564866.69;992;j
RS;acainc992j;p83p100;1990;1218861.4;992;j
RS;acainc992j;p83p100;1991;1052935.9;992;j
RS;acainc992j;p83p100;1992;717993.13;992;j
RS;acainc992j;p83p100;1993;464284.09;992;j
RS;acainc992j;p83p100;1994;476668.19;992;j
RS;acainc992j;p83p100;1995;501604.41;992;j
RS;acainc992j;p83p100;1996;502883.0;992;j
RS;acainc992j;p83p100;1997;527683.38;992;j
RS;acainc992j;p83p100;1998;582645.88;992;j
RS;acainc992j;p83p100;1999;672945.38;992;j
RS;acainc992j;p83p100;2000;742688.0;992;j
RS;acainc992j;p83p100;2001;731525.31;992;j
RS;acainc992j;p83p100;2002;779341.81;992;j
RS;acainc992j;p83p100;2003;827107.69;992;j
RS;acainc992j;p83p100;2004;1008791.0;992;j
RS;acainc992j;p83p100;2005;1170064.3;992;j
RS;acainc992j;p83p100;2006;1257850.3;992;j
RS;acainc992j;p83p100;2007;1256799.0;992;j
RS;acainc992j;p83p100;2008;1355000.0;992;j
RS;acainc992j;p83p100;2009;1361789.3;992;j
RS;acainc992j;p83p100;2010;1402172.0;992;j
RS;acainc992j;p83p100;2011;1447091.9;992;j
RS;acainc992j;p83p100;2012;1460816.8;992;j
RS;acainc992j;p83p100;2013;1484574.3;992;j
RS;acainc992j;p83p100;2014;1445289.6;992;j
RS;acainc992j;p83p100;2015;1538369.9;992;j
RS;acainc992j;p83p100;2016;1595404.3;992;j
RS;acainc992j;p83p100;2017;1597367.6;992;j
RS;acomnp999i;p0p100;1997;0.0;999;i
RS;acomnp999i;p0p100;1998;0.1;999;i
RS;acomnp999i;p0p100;1999;0.1;999;i
RS;acomnp999i;p0p100;2000;0.0;999;i
RS;acomnp999i;p0p100;2001;0.0;999;i
RS;acomnp999i;p0p100;2002;0.0;999;i
RS;acomnp999i;p0p100;2003;0.0;999;i
RS;acomnp999i;p0p100;2004;0.0;999;i
RS;acomnp999i;p0p100;2005;0.0;999;i
RS;acomnp999i;p0p100;2006;0.0;999;i
RS;acomnp999i;p0p100;2007;0.0;999;i
RS;acomnp999i;p0p100;2008;0.0;999;i
RS;acomnp999i;p0p100;2009;0.0;999;i
RS;acomnp999i;p0p100;2010;0.0;999;i
RS;acomnp999i;p0p100;2011;0.0;999;i
RS;acongo992i;p0p100;1997;96631.898;992;i
RS;acongo992i;p0p100;1998;89629.602;992;i
RS;acongo992i;p0p100;1999;88654.0;992;i
RS;acongo992i;p0p100;2000;99061.898;992;i
RS;acongo992i;p0p100;2001;111763.3;992;i
RS;acongo992i;p0p100;2002;128301.7;992;i
RS;acongo992i;p0p100;2003;133782.5;992;i
RS;acongo992i;p0p100;2004;125935.4;992;i
RS;acongo992i;p0p100;2005;131265.8;992;i
RS;acongo992i;p0p100;2006;138663.09;992;i
RS;acongo992i;p0p100;2007;157469.5;992;i
RS;acongo992i;p0p100;2008;169038.3;992;i
RS;acongo992i;p0p100;2009;162222.09;992;i
RS;acongo992i;p0p100;2010;162154.7;992;i
RS;acongo992i;p0p100;2011;155746.3;992;i
RS;adiinc992j;p19p20;1990;300093.59;992;j
RS;adiinc992j;p19p20;1991;264531.91;992;j
RS;adiinc992j;p19p20;1992;183934.2;992;j
RS;adiinc992j;p19p20;1993;120999.8;992;j
RS;adiinc992j;p19p20;1994;126292.5;992;j
RS;adiinc992j;p19p20;1995;135055.41;992;j
RS;adiinc992j;p19p20;1996;138012.3;992;j
RS;adiinc992j;p19p20;1997;148529.7;992;j
RS;adiinc992j;p19p20;1998;162804.3;992;j
RS;adiinc992j;p19p20;1999;173537.2;992;j
RS;adiinc992j;p19p20;2000;190362.7;992;j
RS;adiinc992j;p19p20;2001;189690.3;992;j
RS;adiinc992j;p19p20;2002;193249.0;992;j
RS;adiinc992j;p19p20;2003;199481.09;992;j
RS;adiinc992j;p19p20;2004;204450.7;992;j
RS;adiinc992j;p19p20;2005;230378.0;992;j
RS;adiinc992j;p19p20;2006;225759.0;992;j
RS;adiinc992j;p19p20;2007;233962.7;992;j
RS;adiinc992j;p19p20;2008;239043.59;992;j
RS;adiinc992j;p19p20;2009;216009.41;992;j
RS;adiinc992j;p19p20;2010;196820.2;992;j
RS;adiinc992j;p19p20;2011;177505.41;992;j
RS;adiinc992j;p19p20;2012;182253.5;992;j
RS;adiinc992j;p19p20;2013;158428.5;992;j
RS;adiinc992j;p19p20;2014;198569.91;992;j
RS;adiinc992j;p19p20;2015;172343.3;992;j
RS;adiinc992j;p19p20;2016;171212.59;992;j
RS;adiinc992j;p19p20;2017;171238.3;992;j
RS;adiinc992j;p21p22;1990;323530.59;992;j
RS;adiinc992j;p21p22;1991;285219.59;992;j
RS;adiinc992j;p21p22;1992;198420.59;992;j
RS;adiinc992j;p21p22;1993;130627.6;992;j
RS;adiinc992j;p21p22;1994;136651.91;992;j
RS;adiinc992j;p21p22;1995;146398.2;992;j
RS;adiinc992j;p21p22;1996;150127.09;992;j
RS;adiinc992j;p21p22;1997;162146.3;992;j
RS;adiinc992j;p21p22;1998;174612.3;992;j
RS;adiinc992j;p21p22;1999;187420.41;992;j
RS;adiinc992j;p21p22;2000;208914.09;992;j
RS;adiinc992j;p21p22;2001;209493.8;992;j
RS;adiinc992j;p21p22;2002;214955.2;992;j
RS;adiinc992j;p21p22;2003;220036.7;992;j
RS;adiinc992j;p21p22;2004;232183.91;992;j
RS;adiinc992j;p21p22;2005;254651.2;992;j
RS;adiinc992j;p21p22;2006;253062.0;992;j
RS;adiinc992j;p21p22;2007;259759.09;992;j
RS;adiinc992j;p21p22;2008;267861.31;992;j
RS;adiinc992j;p21p22;2009;243006.09;992;j
RS;adiinc992j;p21p22;2010;224461.0;992;j
RS;adiinc992j;p21p22;2011;203894.7;992;j
RS;adiinc992j;p21p22;2012;210324.3;992;j
RS;adiinc992j;p21p22;2013;179733.5;992;j
RS;adiinc992j;p21p22;2014;211899.91;992;j
RS;adiinc992j;p21p22;2015;186917.7;992;j
RS;adiinc992j;p21p22;2016;186422.59;992;j
RS;adiinc992j;p21p22;2017;186605.7;992;j
RS;adiinc992j;p29p30;1990;416862.41;992;j
RS;adiinc992j;p29p30;1991;365387.81;992;j
RS;adiinc992j;p29p30;1992;252639.41;992;j
RS;adiinc992j;p29p30;1993;165232.3;992;j
RS;adiinc992j;p29p30;1994;171712.09;992;j
RS;adiinc992j;p29p30;1995;182667.59;992;j
RS;adiinc992j;p29p30;1996;185900.3;992;j
RS;adiinc992j;p29p30;1997;199174.91;992;j
RS;adiinc992j;p29p30;1998;207195.41;992;j
RS;adiinc992j;p29p30;1999;223740.2;992;j
RS;adiinc992j;p29p30;2000;246200.41;992;j
RS;adiinc992j;p29p30;2001;246270.59;992;j
RS;adiinc992j;p29p30;2002;262349.91;992;j
RS;adiinc992j;p29p30;2003;270317.59;992;j
RS;adiinc992j;p29p30;2004;295921.41;992;j
RS;adiinc992j;p29p30;2005;324776.59;992;j
RS;adiinc992j;p29p30;2006;332119.59;992;j
RS;adiinc992j;p29p30;2007;343806.19;992;j
RS;adiinc992j;p29p30;2008;355813.5;992;j
RS;adiinc992j;p29p30;2009;339979.59;992;j
RS;adiinc992j;p29p30;2010;323491.09;992;j
RS;adiinc992j;p29p30;2011;304724.69;992;j
RS;adiinc992j;p29p30;2012;307967.09;992;j
RS;adiinc992j;p29p30;2013;292558.5;992;j
RS;adiinc992j;p29p30;2014;307721.09;992;j
RS;adiinc992j;p29p30;2015;291385.59;992;j
RS;adiinc992j;p29p30;2016;295294.5;992;j
RS;adiinc992j;p29p30;2017;296395.31;992;j
RS;apinrx999i;p0p100;2002;2519.8999;999;i
RS;apinrx999i;p0p100;2003;2134.8;999;i
RS;apinrx999i;p0p100;2004;2234.5;999;i
RS;apinrx999i;p0p100;2005;2925.0;999;i
RS;apinrx999i;p0p100;2006;4531.0;999;i
RS;apinrx999i;p0p100;2007;9349.9004;999;i
RS;apinrx999i;p0p100;2008;8873.7002;999;i
RS;apinrx999i;p0p100;2009;7356.0;999;i
RS;apinrx999i;p0p100;2010;6967.1001;999;i
RS;apinrx999i;p0p100;2011;8064.3999;999;i
RS;apinrx999i;p0p100;2012;10812.0;999;i
RS;apinrx999i;p0p100;2013;9245.0;999;i
RS;apinrx999i;p0p100;2014;10025.2;999;i
RS;apinrx999i;p0p100;2015;11047.2;999;i
RS;apinrx999i;p0p100;2016;8909.4004;999;i
RS;apinrx999i;p0p100;2017;7327.8999;999;i
RS;apinrx999i;p0p100;2018;6323.8999;999;i
RS;aprigo999i;p0p100;1997;29586.301;999;i
RS;aprigo999i;p0p100;1998;33508.301;999;i
RS;aprigo999i;p0p100;1999;33231.398;999;i
RS;aprigo999i;p0p100;2000;36153.898;999;i
RS;aprigo999i;p0p100;2001;51689.801;999;i
RS;aprigo999i;p0p100;2002;70534.102;999;i
RS;aprigo999i;p0p100;2003;79136.0;999;i
RS;aprigo999i;p0p100;2004;79645.797;999;i
RS;aprigo999i;p0p100;2005;89442.898;999;i
RS;aprigo999i;p0p100;2006;89129.602;999;i
RS;aprigo999i;p0p100;2007;98373.297;999;i
RS;aprigo999i;p0p100;2008;107831.7;999;i
RS;aprigo999i;p0p100;2009;109957.5;999;i
RS;aprigo999i;p0p100;2010;111759.6;999;i
RS;aprigo999i;p0p100;2011;95093.102;999;i
RS;aptinc992j;p17p18;1990;214780.09;992;j
RS;aptinc992j;p17p18;1991;185702.59;992;j
RS;aptinc992j;p17p18;1992;126765.0;992;j
RS;aptinc992j;p17p18;1993;81870.797;992;j
RS;aptinc992j;p17p18;1994;83996.203;992;j
RS;aptinc992j;p17p18;1995;88334.398;992;j
RS;aptinc992j;p17p18;1996;88806.602;992;j
RS;aptinc992j;p17p18;1997;93786.898;992;j
RS;aptinc992j;p17p18;1998;104870.8;992;j
RS;aptinc992j;p17p18;1999;114693.0;992;j
RS;aptinc992j;p17p18;2000;123652.0;992;j
RS;aptinc992j;p17p18;2001;123530.2;992;j
RS;aptinc992j;p17p18;2002;120459.0;992;j
RS;aptinc992j;p17p18;2003;124050.0;992;j
RS;aptinc992j;p17p18;2004;127648.2;992;j
RS;aptinc992j;p17p18;2005;133847.09;992;j
RS;aptinc992j;p17p18;2006;126666.4;992;j
RS;aptinc992j;p17p18;2007;117974.2;992;j
RS;aptinc992j;p17p18;2008;110842.7;992;j
RS;aptinc992j;p17p18;2009;100927.4;992;j
RS;aptinc992j;p17p18;2010;92071.797;992;j
RS;aptinc992j;p17p18;2011;78841.602;992;j
RS;aptinc992j;p17p18;2012;70689.797;992;j
RS;aptinc992j;p17p18;2013;67431.5;992;j
RS;aptinc992j;p17p18;2014;60699.699;992;j
RS;aptinc992j;p17p18;2015;64680.102;992;j
RS;aptinc992j;p17p18;2016;66833.703;992;j
RS;aptinc992j;p17p18;2017;66853.602;992;j
RS;aptinc992j;p40p41;1990;498416.5;992;j
RS;aptinc992j;p40p41;1991;429603.81;992;j
RS;aptinc992j;p40p41;1992;292017.81;992;j
RS;aptinc992j;p40p41;1993;187874.41;992;j
RS;aptinc992j;p40p41;1994;192078.09;992;j
RS;aptinc992j;p40p41;1995;201151.7;992;j
RS;aptinc992j;p40p41;1996;201641.2;992;j
RS;aptinc992j;p40p41;1997;212515.41;992;j
RS;aptinc992j;p40p41;1998;218222.59;992;j
RS;aptinc992j;p40p41;1999;238679.0;992;j
RS;aptinc992j;p40p41;2000;259565.91;992;j
RS;aptinc992j;p40p41;2001;258187.8;992;j
RS;aptinc992j;p40p41;2002;275708.19;992;j
RS;aptinc992j;p40p41;2003;286980.91;992;j
RS;aptinc992j;p40p41;2004;318070.19;992;j
RS;aptinc992j;p40p41;2005;346682.31;992;j
RS;aptinc992j;p40p41;2006;362237.09;992;j
RS;aptinc992j;p40p41;2007;376677.31;992;j
RS;aptinc992j;p40p41;2008;397133.59;992;j
RS;aptinc992j;p40p41;2009;387085.69;992;j
RS;aptinc992j;p40p41;2010;379643.5;992;j
RS;aptinc992j;p40p41;2011;370170.41;992;j
RS;aptinc992j;p40p41;2012;365797.69;992;j
RS;aptinc992j;p40p41;2013;379997.81;992;j
RS;aptinc992j;p40p41;2014;360653.69;992;j
RS;aptinc992j;p40p41;2015;374246.0;992;j
RS;aptinc992j;p40p41;2016;385754.31;992;j
RS;aptinc992j;p40p41;2017;387773.5;992;j
RS;aptinc992j;p55p100;1990;1211346.4;992;j
RS;aptinc992j;p55p100;1991;1052739.3;992;j
RS;aptinc992j;p55p100;1992;721498.81;992;j
RS;aptinc992j;p55p100;1993;468256.0;992;j
RS;aptinc992j;p55p100;1994;482644.09;992;j
RS;aptinc992j;p55p100;1995;509819.31;992;j
RS;aptinc992j;p55p100;1996;514115.81;992;j
RS;aptinc992j;p55p100;1997;545269.19;992;j
RS;aptinc992j;p55p100;1998;572578.31;992;j
RS;aptinc992j;p55p100;1999;627257.63;992;j
RS;aptinc992j;p55p100;2000;693090.31;992;j
RS;aptinc992j;p55p100;2001;692551.19;992;j
RS;aptinc992j;p55p100;2002;753763.0;992;j
RS;aptinc992j;p55p100;2003;795968.63;992;j
RS;aptinc992j;p55p100;2004;905116.5;992;j
RS;aptinc992j;p55p100;2005;1019276.7;992;j
RS;aptinc992j;p55p100;2006;1085464.1;992;j
RS;aptinc992j;p55p100;2007;1122899.8;992;j
RS;aptinc992j;p55p100;2008;1205912.3;992;j
RS;aptinc992j;p55p100;2009;1191729.5;992;j
RS;aptinc992j;p55p100;2010;1206376.6;992;j
RS;aptinc992j;p55p100;2011;1224619.4;992;j
RS;aptinc992j;p55p100;2012;1226916.4;992;j
RS;aptinc992j;p55p100;2013;1255806.3;992;j
RS;aptinc992j;p55p100;2014;1241194.3;992;j
RS;aptinc992j;p55p100;2015;1239790.5;992;j
RS;aptinc992j;p55p100;2016;1278170.6;992;j
RS;aptinc992j;p55p100;2017;1286104.3;992;j
RS;aptinc992j;p61p62;1990;729798.31;992;j
RS;aptinc992j;p61p62;1991;630817.38;992;j
RS;aptinc992j;p61p62;1992;430482.81;992;j
RS;aptinc992j;p61p62;1993;277978.5;992;j
RS;aptinc992j;p61p62;1994;284944.09;992;j
RS;aptinc992j;p61p62;1995;299396.59;992;j
RS;aptinc992j;p61p62;1996;300869.59;992;j
RS;aptinc992j;p61p62;1997;317979.81;992;j
RS;aptinc992j;p61p62;1998;333457.31;992;j
RS;aptinc992j;p61p62;1999;363750.0;992;j
RS;aptinc992j;p61p62;2000;393341.81;992;j
RS;aptinc992j;p61p62;2001;387398.09;992;j
RS;aptinc992j;p61p62;2002;417833.41;992;j
RS;aptinc992j;p61p62;2003;439427.09;992;j
RS;aptinc992j;p61p62;2004;486752.81;992;j
RS;aptinc992j;p61p62;2005;538887.0;992;j
RS;aptinc992j;p61p62;2006;571476.31;992;j
RS;aptinc992j;p61p62;2007;597753.31;992;j
RS;aptinc992j;p61p62;2008;639631.69;992;j
RS;aptinc992j;p61p62;2009;626482.13;992;j
RS;aptinc992j;p61p62;2010;618562.88;992;j
RS;aptinc992j;p61p62;2011;613789.88;992;j
RS;aptinc992j;p61p62;2012;616457.0;992;j
RS;aptinc992j;p61p62;2013;643423.63;992;j
RS;aptinc992j;p61p62;2014;617876.63;992;j
RS;aptinc992j;p61p62;2015;629909.19;992;j
RS;aptinc992j;p61p62;2016;649157.63;992;j
RS;aptinc992j;p61p62;2017;652734.13;992;j
RS;aptinc992j;p99.91p99.92;1990;10473878.0;992;j
RS;aptinc992j;p99.91p99.92;1991;9272862.0;992;j
RS;aptinc992j;p99.91p99.92;1992;6457873.5;992;j
RS;aptinc992j;p99.91p99.92;1993;4268316.0;992;j
RS;aptinc992j;p99.91p99.92;1994;4471241.0;992;j
RS;aptinc992j;p99.91p99.92;1995;4811799.5;992;j
RS;aptinc992j;p99.91p99.92;1996;4909232.5;992;j
RS;aptinc992j;p99.91p99.92;1997;5267101.0;992;j
RS;aptinc992j;p99.91p99.92;1998;5580029.0;992;j
RS;aptinc992j;p99.91p99.92;1999;6391946.0;992;j
RS;aptinc992j;p99.91p99.92;2000;7476426.5;992;j
RS;aptinc992j;p99.91p99.92;2001;7785170.0;992;j
RS;aptinc992j;p99.91p99.92;2002;8424595.0;992;j
RS;aptinc992j;p99.91p99.92;2003;8785274.0;992;j
RS;aptinc992j;p99.91p99.92;2004;10207537.0;992;j
RS;aptinc992j;p99.91p99.92;2005;11396983.0;992;j
RS;aptinc992j;p99.91p99.92;2006;12169792.0;992;j
RS;aptinc992j;p99.91p99.92;2007;11841402.0;992;j
RS;aptinc992j;p99.91p99.92;2008;12804509.0;992;j
RS;aptinc992j;p99.91p99.92;2009;12607443.0;992;j
RS;aptinc992j;p99.91p99.92;2010;12945960.0;992;j
RS;aptinc992j;p99.91p99.92;2011;13513725.0;992;j
RS;aptinc992j;p99.91p99.92;2012;12397444.0;992;j
RS;aptinc992j;p99.91p99.92;2013;12900098.0;992;j
RS;aptinc992j;p99.91p99.92;2014;15418227.0;992;j
RS;aptinc992j;p99.91p99.92;2015;14980238.0;992;j
RS;aptinc992j;p99.91p99.92;2016;15459845.0;992;j
RS;aptinc992j;p99.91p99.92;2017;15575831.0;992;j
RS;aptinc992j;p99.93p99.94;1990;11990174.0;992;j
RS;aptinc992j;p99.93p99.94;1991;10629946.0;992;j
RS;aptinc992j;p99.93p99.94;1992;7407504.0;992;j
RS;aptinc992j;p99.93p99.94;1993;4902408.0;992;j
RS;aptinc992j;p99.93p99.94;1994;5137279.5;992;j
RS;aptinc992j;p99.93p99.94;1995;5535172.5;992;j
RS;aptinc992j;p99.93p99.94;1996;5653070.0;992;j
RS;aptinc992j;p99.93p99.94;1997;6072076.5;992;j
RS;aptinc992j;p99.93p99.94;1998;6423125.0;992;j
RS;aptinc992j;p99.93p99.94;1999;7382135.0;992;j
RS;aptinc992j;p99.93p99.94;2000;8647158.0;992;j
RS;aptinc992j;p99.93p99.94;2001;9033936.0;992;j
RS;aptinc992j;p99.93p99.94;2002;9750244.0;992;j
RS;aptinc992j;p99.93p99.94;2003;10150229.0;992;j
RS;aptinc992j;p99.93p99.94;2004;11793553.0;992;j
RS;aptinc992j;p99.93p99.94;2005;13126089.0;992;j
RS;aptinc992j;p99.93p99.94;2006;14017257.0;992;j
RS;aptinc992j;p99.93p99.94;2007;13599102.0;992;j
RS;aptinc992j;p99.93p99.94;2008;14718306.0;992;j
RS;aptinc992j;p99.93p99.94;2009;14471468.0;992;j
RS;aptinc992j;p99.93p99.94;2010;14803113.0;992;j
RS;aptinc992j;p99.93p99.94;2011;15478223.0;992;j
RS;aptinc992j;p99.93p99.94;2012;14007693.0;992;j
RS;aptinc992j;p99.93p99.94;2013;14662204.0;992;j
RS;aptinc992j;p99.93p99.94;2014;17918416.0;992;j
RS;aptinc992j;p99.93p99.94;2015;17408206.0;992;j
RS;aptinc992j;p99.93p99.94;2016;17965740.0;992;j
RS;aptinc992j;p99.93p99.94;2017;18099994.0;992;j
RS;aptinc992j;p99.99p100;1990;65384468.0;992;j
RS;aptinc992j;p99.99p100;1991;59174308.0;992;j
RS;aptinc992j;p99.99p100;1992;41526296.0;992;j
RS;aptinc992j;p99.99p100;1993;28023986.0;992;j
RS;aptinc992j;p99.99p100;1994;29429592.0;992;j
RS;aptinc992j;p99.99p100;1995;32258882.0;992;j
RS;aptinc992j;p99.99p100;1996;33481386.0;992;j
RS;aptinc992j;p99.99p100;1997;36628096.0;992;j
RS;aptinc992j;p99.99p100;1998;37644504.0;992;j
RS;aptinc992j;p99.99p100;1999;45436816.0;992;j
RS;aptinc992j;p99.99p100;2000;53930140.0;992;j
RS;aptinc992j;p99.99p100;2001;59275676.0;992;j
RS;aptinc992j;p99.99p100;2002;61066728.0;992;j
RS;aptinc992j;p99.99p100;2003;61949836.0;992;j
RS;aptinc992j;p99.99p100;2004;71808776.0;992;j
RS;aptinc992j;p99.99p100;2005;75813112.0;992;j
RS;aptinc992j;p99.99p100;2006;81059808.0;992;j
RS;aptinc992j;p99.99p100;2007;75719320.0;992;j
RS;aptinc992j;p99.99p100;2008;83120624.0;992;j
RS;aptinc992j;p99.99p100;2009;79896816.0;992;j
RS;aptinc992j;p99.99p100;2010;76268800.0;992;j
RS;aptinc992j;p99.99p100;2011;81761576.0;992;j
RS;aptinc992j;p99.99p100;2012;59545252.0;992;j
RS;aptinc992j;p99.99p100;2013;68611784.0;992;j
RS;aptinc992j;p99.99p100;2014;119314496.0;992;j
RS;aptinc992j;p99.99p100;2015;116673864.0;992;j
RS;aptinc992j;p99.99p100;2016;120401632.0;992;j
RS;aptinc992j;p99.99p100;2017;121194776.0;992;j
RS;asechn992i;p0p100;1997;312880.81;992;i
RS;asechn992i;p0p100;1998;295292.41;992;i
RS;asechn992i;p0p100;1999;319784.91;992;i
RS;asechn992i;p0p100;2000;339271.31;992;i
RS;asechn992i;p0p100;2001;349714.0;992;i
RS;asechn992i;p0p100;2002;368758.81;992;i
RS;asechn992i;p0p100;2003;392699.19;992;i
RS;asechn992i;p0p100;2004;388709.81;992;i
RS;asechn992i;p0p100;2005;435938.59;992;i
RS;asechn992i;p0p100;2006;464353.81;992;i
RS;asechn992i;p0p100;2007;492303.69;992;i
RS;asechn992i;p0p100;2008;533656.38;992;i
RS;asechn992i;p0p100;2009;524922.63;992;i
RS;asechn992i;p0p100;2010;519424.5;992;i
RS;asechn992i;p0p100;2011;514662.19;992;i
RS;atprgo999i;p0p100;1997;26184.699;999;i
RS;atprgo999i;p0p100;1998;30100.699;999;i
RS;atprgo999i;p0p100;1999;30220.6;999;i
RS;atprgo999i;p0p100;2000;33143.102;999;i
RS;atprgo999i;p0p100;2001;54349.5;999;i
RS;atprgo999i;p0p100;2002;73725.203;999;i
RS;atprgo999i;p0p100;2003;80261.797;999;i
RS;atprgo999i;p0p100;2004;84433.297;999;i
RS;atprgo999i;p0p100;2005;97935.898;999;i
RS;atprgo999i;p0p100;2006;95311.297;999;i
RS;atprgo999i;p0p100;2007;103584.5;999;i
RS;atprgo999i;p0p100;2008;112320.6;999;i
RS;atprgo999i;p0p100;2009;109293.5;999;i
RS;atprgo999i;p0p100;2010;112314.9;999;i
RS;atprgo999i;p0p100;2011;99514.203;999;i
RS;bcainc992j;p52p100;1990;1.8215443;992;j
RS;bcainc992j;p52p100;1991;1.8125225;992;j
RS;bcainc992j;p52p100;1992;1.8032236;992;j
RS;bcainc992j;p52p100;1993;1.7986263;992;j
RS;bcainc992j;p52p100;1994;1.7924106;992;j
RS;bcainc992j;p52p100;1995;1.7886493;992;j
RS;bcainc992j;p52p100;1996;1.7809062;992;j
RS;bcainc992j;p52p100;1997;1.7732208;992;j
RS;bcainc992j;p52p100;1998;1.7996377;992;j
RS;bcainc992j;p52p100;1999;1.8157009;992;j
RS;bcainc992j;p52p100;2000;1.8348379;992;j
RS;bcainc992j;p52p100;2001;1.850378;992;j
RS;bcainc992j;p52p100;2002;1.8825005;992;j
RS;bcainc992j;p52p100;2003;1.9051837;992;j
RS;bcainc992j;p52p100;2004;1.935972;992;j
RS;bcainc992j;p52p100;2005;1.9848939;992;j
RS;bcainc992j;p52p100;2006;2.0221839;992;j
RS;bcainc992j;p52p100;2007;2.0236216;992;j
RS;bcainc992j;p52p100;2008;2.0420654;992;j
RS;bcainc992j;p52p100;2009;2.0768602;992;j
RS;bcainc992j;p52p100;2010;2.1448262;992;j
RS;bcainc992j;p52p100;2011;2.1967249;992;j
RS;bcainc992j;p52p100;2012;2.2324681;992;j
RS;bcainc992j;p52p100;2013;2.2474751;992;j
RS;bcainc992j;p52p100;2014;2.2253547;992;j
RS;bcainc992j;p52p100;2015;2.3160088;992;j
RS;bcainc992j;p52p100;2016;2.3155494;992;j
RS;bcainc992j;p52p100;2017;2.3164155;992;j
RS;bdiinc992j;p28p100;1990;2.3160677;992;j
RS;bdiinc992j;p28p100;1991;2.2871194;992;j
RS;bdiinc992j;p28p100;1992;2.2587771;992;j
RS;bdiinc992j;p28p100;1993;2.2318542;992;j
RS;bdiinc992j;p28p100;1994;2.2092381;992;j
RS;bdiinc992j;p28p100;1995;2.1861122;992;j
RS;bdiinc992j;p28p100;1996;2.1583602;992;j
RS;bdiinc992j;p28p100;1997;2.1291468;992;j
RS;bdiinc992j;p28p100;1998;2.1258876;992;j
RS;bdiinc992j;p28p100;1999;2.1786005;992;j
RS;bdiinc992j;p28p100;2000;2.1675489;992;j
RS;bdiinc992j;p28p100;2001;2.1634097;992;j
RS;bdiinc992j;p28p100;2002;2.2052197;992;j
RS;bdiinc992j;p28p100;2003;2.2543485;992;j
RS;bdiinc992j;p28p100;2004;2.3460164;992;j
RS;bdiinc992j;p28p100;2005;2.3993766;992;j
RS;bdiinc992j;p28p100;2006;2.497602;992;j
RS;bdiinc992j;p28p100;2007;2.4882412;992;j
RS;bdiinc992j;p28p100;2008;2.5722625;992;j
RS;bdiinc992j;p28p100;2009;2.660764;992;j
RS;bdiinc992j;p28p100;2010;2.8481054;992;j
RS;bdiinc992j;p28p100;2011;3.0610707;992;j
RS;bdiinc992j;p28p100;2012;3.0093875;992;j
RS;bdiinc992j;p28p100;2013;3.3255632;992;j
RS;bdiinc992j;p28p100;2014;3.0131018;992;j
RS;bdiinc992j;p28p100;2015;3.2713733;992;j
RS;bdiinc992j;p28p100;2016;3.3451858;992;j
RS;bdiinc992j;p28p100;2017;3.354161;992;j
RS;bdiinc992j;p65p100;1990;1.6139975;992;j
RS;bdiinc992j;p65p100;1991;1.6116731;992;j
RS;bdiinc992j;p65p100;1992;1.6101207;992;j
RS;bdiinc992j;p65p100;1993;1.6114514;992;j
RS;bdiinc992j;p65p100;1994;1.6103373;992;j
RS;bdiinc992j;p65p100;1995;1.6084087;992;j
RS;bdiinc992j;p65p100;1996;1.6044605;992;j
RS;bdiinc992j;p65p100;1997;1.5989609;992;j
RS;bdiinc992j;p65p100;1998;1.6122513;992;j
RS;bdiinc992j;p65p100;1999;1.6407988;992;j
RS;bdiinc992j;p65p100;2000;1.6725368;992;j
RS;bdiinc992j;p65p100;2001;1.6840299;992;j
RS;bdiinc992j;p65p100;2002;1.6918091;992;j
RS;bdiinc992j;p65p100;2003;1.6984433;992;j
RS;bdiinc992j;p65p100;2004;1.7219937;992;j
RS;bdiinc992j;p65p100;2005;1.7623792;992;j
RS;bdiinc992j;p65p100;2006;1.7838821;992;j
RS;bdiinc992j;p65p100;2007;1.7687596;992;j
RS;bdiinc992j;p65p100;2008;1.7767321;992;j
RS;bdiinc992j;p65p100;2009;1.8118738;992;j
RS;bdiinc992j;p65p100;2010;1.851068;992;j
RS;bdiinc992j;p65p100;2011;1.8902956;992;j
RS;bdiinc992j;p65p100;2012;1.9091107;992;j
RS;bdiinc992j;p65p100;2013;1.8849099;992;j
RS;bdiinc992j;p65p100;2014;1.8951415;992;j
RS;bdiinc992j;p65p100;2015;2.0035098;992;j
RS;bdiinc992j;p65p100;2016;2.0167718;992;j
RS;bdiinc992j;p65p100;2017;2.0190558;992;j
RS;bdiinc992j;p99.7p100;1990;2.0319228;992;j
RS;bdiinc992j;p99.7p100;1991;1.9899625;992;j
RS;bdiinc992j;p99.7p100;1992;1.9346099;992;j
RS;bdiinc992j;p99.7p100;1993;1.8985409;992;j
RS;bdiinc992j;p99.7p100;1994;1.8753092;992;j
RS;bdiinc992j;p99.7p100;1995;1.8557667;992;j
RS;bdiinc992j;p99.7p100;1996;1.8331866;992;j
RS;bdiinc992j;p99.7p100;1997;1.8090397;992;j
RS;bdiinc992j;p99.7p100;1998;1.8383201;992;j
RS;bdiinc992j;p99.7p100;1999;1.9447503;992;j
RS;bdiinc992j;p99.7p100;2000;1.9536999;992;j
RS;bdiinc992j;p99.7p100;2001;2.0397077;992;j
RS;bdiinc992j;p99.7p100;2002;1.9755337;992;j
RS;bdiinc992j;p99.7p100;2003;1.9756817;992;j
RS;bdiinc992j;p99.7p100;2004;1.9774345;992;j
RS;bdiinc992j;p99.7p100;2005;2.0164809;992;j
RS;bdiinc992j;p99.7p100;2006;1.9397085;992;j
RS;bdiinc992j;p99.7p100;2007;1.8560505;992;j
RS;bdiinc992j;p99.7p100;2008;1.7783115;992;j
RS;bdiinc992j;p99.7p100;2009;1.8856024;992;j
RS;bdiinc992j;p99.7p100;2010;1.8371872;992;j
RS;bdiinc992j;p99.7p100;2011;1.809809;992;j
RS;bdiinc992j;p99.7p100;2012;2.0767484;992;j
RS;bdiinc992j;p99.7p100;2013;1.8980066;992;j
RS;bdiinc992j;p99.7p100;2014;2.409354;992;j
RS;bdiinc992j;p99.7p100;2015;2.8972244;992;j
RS;bdiinc992j;p99.7p100;2016;2.9006922;992;j
RS;bdiinc992j;p99.7p100;2017;2.9032834;992;j
RS;bptinc992j;p39p100;1990;2.1583271;992;j
RS;bptinc992j;p39p100;1991;2.1737704;992;j
RS;bptinc992j;p39p100;1992;2.1860006;992;j
RS;bptinc992j;p39p100;1993;2.1989431;992;j
RS;bptinc992j;p39p100;1994;2.2154958;992;j
RS;bptinc992j;p39p100;1995;2.229918;992;j
RS;bptinc992j;p39p100;1996;2.2405879;992;j
RS;bptinc992j;p39p100;1997;2.2521253;992;j
RS;bptinc992j;p39p100;1998;2.3051639;992;j
RS;bptinc992j;p39p100;1999;2.3095789;992;j
RS;bptinc992j;p39p100;2000;2.3413632;992;j
RS;bptinc992j;p39p100;2001;2.3503928;992;j
RS;bptinc992j;p39p100;2002;2.3888295;992;j
RS;bptinc992j;p39p100;2003;2.4208412;992;j
RS;bptinc992j;p39p100;2004;2.4818158;992;j
RS;bptinc992j;p39p100;2005;2.5597878;992;j
RS;bptinc992j;p39p100;2006;2.6022985;992;j
RS;bptinc992j;p39p100;2007;2.5837522;992;j
RS;bptinc992j;p39p100;2008;2.6348414;992;j
RS;bptinc992j;p39p100;2009;2.680572;992;j
RS;bptinc992j;p39p100;2010;2.7572353;992;j
RS;bptinc992j;p39p100;2011;2.8817534;992;j
RS;bptinc992j;p39p100;2012;2.90976;992;j
RS;bptinc992j;p39p100;2013;2.8784647;992;j
RS;bptinc992j;p39p100;2014;2.9923804;992;j
RS;bptinc992j;p39p100;2015;2.8834648;992;j
RS;bptinc992j;p39p100;2016;2.8839371;992;j
RS;bptinc992j;p39p100;2017;2.8866785;992;j
RS;mcfchn999i;p0p100;1997;173158760448.0;999;i
RS;mcfchn999i;p0p100;1998;190384291840.0;999;i
RS;mcfchn999i;p0p100;1999;182625648640.0;999;i
RS;mcfchn999i;p0p100;2000;195563175936.0;999;i
RS;mcfchn999i;p0p100;2001;195294658560.0;999;i
RS;mcfchn999i;p0p100;2002;198414909440.0;999;i
RS;mcfchn999i;p0p100;2003;190877630464.0;999;i
RS;mcfchn999i;p0p100;2004;204775555072.0;999;i
RS;mcfchn999i;p0p100;2005;215423090688.0;999;i
RS;mcfchn999i;p0p100;2006;216588386304.0;999;i
RS;mcfchn999i;p0p100;2007;206879604736.0;999;i
RS;mcfchn999i;p0p100;2008;215208378368.0;999;i
RS;mcfchn999i;p0p100;2009;231451754496.0;999;i
RS;mcfchn999i;p0p100;2010;237199622144.0;999;i
RS;mcfchn999i;p0p100;2011;228579164160.0;999;i
RS;mflcin999i;p0p100;1997;-13216248832.0;999;i
RS;mflcin999i;p0p100;1998;-13746122752.0;999;i
RS;mflcin999i;p0p100;1999;-6596211712.0;999;i
RS;mflcin999i;p0p100;2000;-7662163456.0;999;i
RS;mflcin999i;p0p100;2001;-8045289472.0;999;i
RS;mflcin999i;p0p100;2002;-25848008704.0;999;i
RS;mflcin999i;p0p100;2003;-35640270848.0;999;i
RS;mflcin999i;p0p100;2004;-46769725440.0;999;i
RS;mflcin999i;p0p100;2005;-58123927552.0;999;i
RS;mflcin999i;p0p100;2006;-62557478912.0;999;i
RS;mflcin999i;p0p100;2007;-136613191680.0;999;i
RS;mflcin999i;p0p100;2008;-127453847552.0;999;i
RS;mflcin999i;p0p100;2009;-66595610624.0;999;i
RS;mflcin999i;p0p100;2010;-94372519936.0;999;i
RS;mflcin999i;p0p100;2011;-187512291328.0;999;i
RS;mflcin999i;p0p100;2012;-154797277184.0;999;i
RS;mflcin999i;p0p100;2013;-191082201088.0;999;i
RS;mflcin999i;p0p100;2014;-182018818048.0;999;i
RS;mflcin999i;p0p100;2015;-226086486016.0;999;i
RS;mflcin999i;p0p100;2016;-260908417024.0;999;i
RS;mflcin999i;p0p100;2017;-315943092224.0;999;i
RS;mflcin999i;p0p100;2018;-261619253248.0;999;i
RS;scainc992j;p17p100;1990;0.96740001;992;j
RS;scainc992j;p17p100;1991;0.96710002;992;j
RS;scainc992j;p17p100;1992;0.96679997;992;j
RS;scainc992j;p17p100;1993;0.96640003;992;j
RS;scainc992j;p17p100;1994;0.96600002;992;j
RS;scainc992j;p17p100;1995;0.96560001;992;j
RS;scainc992j;p17p100;1996;0.96520001;992;j
RS;scainc992j;p17p100;1997;0.96490002;992;j
RS;scainc992j;p17p100;1998;0.96160001;992;j
RS;scainc992j;p17p100;1999;0.96100003;992;j
RS;scainc992j;p17p100;2000;0.96270001;992;j
RS;scainc992j;p17p100;2001;0.96340001;992;j
RS;scainc992j;p17p100;2002;0.96990001;992;j
RS;scainc992j;p17p100;2003;0.97060001;992;j
RS;scainc992j;p17p100;2004;0.97509998;992;j
RS;scainc992j;p17p100;2005;0.97680002;992;j
RS;scainc992j;p17p100;2006;0.97979999;992;j
RS;scainc992j;p17p100;2007;0.9824;992;j
RS;scainc992j;p17p100;2008;0.9831;992;j
RS;scainc992j;p17p100;2009;0.98290002;992;j
RS;scainc992j;p17p100;2010;0.98519999;992;j
RS;scainc992j;p17p100;2011;0.98750001;992;j
RS;scainc992j;p17p100;2012;0.98930001;992;j
RS;scainc992j;p17p100;2013;0.98470002;992;j
RS;scainc992j;p17p100;2014;0.97229999;992;j
RS;scainc992j;p17p100;2015;0.98040003;992;j
RS;scainc992j;p17p100;2016;0.98040003;992;j
RS;scainc992j;p17p100;2017;0.98040003;992;j
RS;scainc992j;p70p100;1990;0.57370001;992;j
RS;scainc992j;p70p100;1991;0.5715;992;j
RS;scainc992j;p70p100;1992;0.5697;992;j
RS;scainc992j;p70p100;1993;0.56819999;992;j
RS;scainc992j;p70p100;1994;0.56660002;992;j
RS;scainc992j;p70p100;1995;0.56519997;992;j
RS;scainc992j;p70p100;1996;0.56290001;992;j
RS;scainc992j;p70p100;1997;0.5607;992;j
RS;scainc992j;p70p100;1998;0.56089997;992;j
RS;scainc992j;p70p100;1999;0.5632;992;j
RS;scainc992j;p70p100;2000;0.5686;992;j
RS;scainc992j;p70p100;2001;0.57130003;992;j
RS;scainc992j;p70p100;2002;0.58179998;992;j
RS;scainc992j;p70p100;2003;0.58520001;992;j
RS;scainc992j;p70p100;2004;0.59579998;992;j
RS;scainc992j;p70p100;2005;0.60329998;992;j
RS;scainc992j;p70p100;2006;0.61210001;992;j
RS;scainc992j;p70p100;2007;0.61449999;992;j
RS;scainc992j;p70p100;2008;0.61879998;992;j
RS;scainc992j;p70p100;2009;0.625;992;j
RS;scainc992j;p70p100;2010;0.6372;992;j
RS;scainc992j;p70p100;2011;0.64749998;992;j
RS;scainc992j;p70p100;2012;0.65219998;992;j
RS;scainc992j;p70p100;2013;0.65359998;992;j
RS;scainc992j;p70p100;2014;0.63919997;992;j
RS;scainc992j;p70p100;2015;0.66030002;992;j
RS;scainc992j;p70p100;2016;0.6602;992;j
RS;scainc992j;p70p100;2017;0.66039997;992;j
RS;scainc992j;p89p100;1990;0.3037;992;j
RS;scainc992j;p89p100;1991;0.30219999;992;j
RS;scainc992j;p89p100;1992;0.301;992;j
RS;scainc992j;p89p100;1993;0.30050001;992;j
RS;scainc992j;p89p100;1994;0.2999;992;j
RS;scainc992j;p89p100;1995;0.2994;992;j
RS;scainc992j;p89p100;1996;0.29769999;992;j
RS;scainc992j;p89p100;1997;0.29609999;992;j
RS;scainc992j;p89p100;1998;0.2992;992;j
RS;scainc992j;p89p100;1999;0.30469999;992;j
RS;scainc992j;p89p100;2000;0.3127;992;j
RS;scainc992j;p89p100;2001;0.31779999;992;j
RS;scainc992j;p89p100;2002;0.32480001;992;j
RS;scainc992j;p89p100;2003;0.32609999;992;j
RS;scainc992j;p89p100;2004;0.3328;992;j
RS;scainc992j;p89p100;2005;0.34;992;j
RS;scainc992j;p89p100;2006;0.34709999;992;j
RS;scainc992j;p89p100;2007;0.3457;992;j
RS;scainc992j;p89p100;2008;0.34799999;992;j
RS;scainc992j;p89p100;2009;0.35440001;992;j
RS;scainc992j;p89p100;2010;0.36469999;992;j
RS;scainc992j;p89p100;2011;0.3734;992;j
RS;scainc992j;p89p100;2012;0.3793;992;j
RS;scainc992j;p89p100;2013;0.3739;992;j
RS;scainc992j;p89p100;2014;0.37639999;992;j
RS;scainc992j;p89p100;2015;0.4041;992;j
RS;scainc992j;p89p100;2016;0.4041;992;j
RS;scainc992j;p89p100;2017;0.4043;992;j
RS;sdiinc992j;p36p100;1990;0.85930002;992;j
RS;sdiinc992j;p36p100;1991;0.8581;992;j
RS;sdiinc992j;p36p100;1992;0.85680002;992;j
RS;sdiinc992j;p36p100;1993;0.85549998;992;j
RS;sdiinc992j;p36p100;1994;0.85409999;992;j
RS;sdiinc992j;p36p100;1995;0.85280001;992;j
RS;sdiinc992j;p36p100;1996;0.8513;992;j
RS;sdiinc992j;p36p100;1997;0.84939998;992;j
RS;sdiinc992j;p36p100;1998;0.84799999;992;j
RS;sdiinc992j;p36p100;1999;0.85030001;992;j
RS;sdiinc992j;p36p100;2000;0.85049999;992;j
RS;sdiinc992j;p36p100;2001;0.85089999;992;j
RS;sdiinc992j;p36p100;2002;0.8581;992;j
RS;sdiinc992j;p36p100;2003;0.8603;992;j
RS;sdiinc992j;p36p100;2004;0.86879998;992;j
RS;sdiinc992j;p36p100;2005;0.87220001;992;j
RS;sdiinc992j;p36p100;2006;0.87870002;992;j
RS;sdiinc992j;p36p100;2007;0.88020003;992;j
RS;sdiinc992j;p36p100;2008;0.88300002;992;j
RS;sdiinc992j;p36p100;2009;0.88660002;992;j
RS;sdiinc992j;p36p100;2010;0.89340001;992;j
RS;sdiinc992j;p36p100;2011;0.9012;992;j
RS;sdiinc992j;p36p100;2012;0.90170002;992;j
RS;sdiinc992j;p36p100;2013;0.9041;992;j
RS;sdiinc992j;p36p100;2014;0.8858;992;j
RS;sdiinc992j;p36p100;2015;0.89859998;992;j
RS;sdiinc992j;p36p100;2016;0.90179998;992;j
RS;sdiinc992j;p36p100;2017;0.90219998;992;j
RS;sdiinc992j;p90p100;1990;0.27309999;992;j
RS;sdiinc992j;p90p100;1991;0.27180001;992;j
RS;sdiinc992j;p90p100;1992;0.27090001;992;j
RS;sdiinc992j;p90p100;1993;0.2705;992;j
RS;sdiinc992j;p90p100;1994;0.2701;992;j
RS;sdiinc992j;p90p100;1995;0.26969999;992;j
RS;sdiinc992j;p90p100;1996;0.2683;992;j
RS;sdiinc992j;p90p100;1997;0.2665;992;j
RS;sdiinc992j;p90p100;1998;0.27169999;992;j
RS;sdiinc992j;p90p100;1999;0.27900001;992;j
RS;sdiinc992j;p90p100;2000;0.285;992;j
RS;sdiinc992j;p90p100;2001;0.2895;992;j
RS;sdiinc992j;p90p100;2002;0.2938;992;j
RS;sdiinc992j;p90p100;2003;0.29460001;992;j
RS;sdiinc992j;p90p100;2004;0.30050001;992;j
RS;sdiinc992j;p90p100;2005;0.30720001;992;j
RS;sdiinc992j;p90p100;2006;0.31349999;992;j
RS;sdiinc992j;p90p100;2007;0.31040001;992;j
RS;sdiinc992j;p90p100;2008;0.31209999;992;j
RS;sdiinc992j;p90p100;2009;0.3184;992;j
RS;sdiinc992j;p90p100;2010;0.3272;992;j
RS;sdiinc992j;p90p100;2011;0.33579999;992;j
RS;sdiinc992j;p90p100;2012;0.3409;992;j
RS;sdiinc992j;p90p100;2013;0.33559999;992;j
RS;sdiinc992j;p90p100;2014;0.33880001;992;j
RS;sdiinc992j;p90p100;2015;0.3642;992;j
RS;sdiinc992j;p90p100;2016;0.36759999;992;j
RS;sdiinc992j;p90p100;2017;0.36809999;992;j
RS;sptinc992j;p17p100;1990;0.96950001;992;j
RS;sptinc992j;p17p100;1991;0.96939999;992;j
RS;sptinc992j;p17p100;1992;0.96929997;992;j
RS;sptinc992j;p17p100;1993;0.9691;992;j
RS;sptinc992j;p17p100;1994;0.96899998;992;j
RS;sptinc992j;p17p100;1995;0.96890002;992;j
RS;sptinc992j;p17p100;1996;0.96880001;992;j
RS;sptinc992j;p17p100;1997;0.96869999;992;j
RS;sptinc992j;p17p100;1998;0.96600002;992;j
RS;sptinc992j;p17p100;1999;0.96569997;992;j
RS;sptinc992j;p17p100;2000;0.96630001;992;j
RS;sptinc992j;p17p100;2001;0.96600002;992;j
RS;sptinc992j;p17p100;2002;0.97070003;992;j
RS;sptinc992j;p17p100;2003;0.97219998;992;j
RS;sptinc992j;p17p100;2004;0.97460002;992;j
RS;sptinc992j;p17p100;2005;0.97689998;992;j
RS;sptinc992j;p17p100;2006;0.97979999;992;j
RS;sptinc992j;p17p100;2007;0.98210001;992;j
RS;sptinc992j;p17p100;2008;0.9849;992;j
RS;sptinc992j;p17p100;2009;0.98659998;992;j
RS;sptinc992j;p17p100;2010;0.98790002;992;j
RS;sptinc992j;p17p100;2011;0.98989999;992;j
RS;sptinc992j;p17p100;2012;0.99049997;992;j
RS;sptinc992j;p17p100;2013;0.99190003;992;j
RS;sptinc992j;p17p100;2014;0.99190003;992;j
RS;sptinc992j;p17p100;2015;0.99169999;992;j
RS;sptinc992j;p17p100;2016;0.99169999;992;j
RS;sptinc992j;p17p100;2017;0.99180001;992;j
RS;sptinc992j;p48p49;1990;0.0078999996;992;j
RS;sptinc992j;p48p49;1991;0.0078999996;992;j
RS;sptinc992j;p48p49;1992;0.0077999998;992;j
RS;sptinc992j;p48p49;1993;0.0077999998;992;j
RS;sptinc992j;p48p49;1994;0.0077999998;992;j
RS;sptinc992j;p48p49;1995;0.0077999998;992;j
RS;sptinc992j;p48p49;1996;0.0077;992;j
RS;sptinc992j;p48p49;1997;0.0077;992;j
RS;sptinc992j;p48p49;1998;0.0074999998;992;j
RS;sptinc992j;p48p49;1999;0.0074999998;992;j
RS;sptinc992j;p48p49;2000;0.0074;992;j
RS;sptinc992j;p48p49;2001;0.0074;992;j
RS;sptinc992j;p48p49;2002;0.0073000002;992;j
RS;sptinc992j;p48p49;2003;0.0073000002;992;j
RS;sptinc992j;p48p49;2004;0.0071999999;992;j
RS;sptinc992j;p48p49;2005;0.0070000002;992;j
RS;sptinc992j;p48p49;2006;0.0070000002;992;j
RS;sptinc992j;p48p49;2007;0.0071;992;j
RS;sptinc992j;p48p49;2008;0.0070000002;992;j
RS;sptinc992j;p48p49;2009;0.0070000002;992;j
RS;sptinc992j;p48p49;2010;0.0068999999;992;j
RS;sptinc992j;p48p49;2011;0.0068000001;992;j
RS;sptinc992j;p48p49;2012;0.0068000001;992;j
RS;sptinc992j;p48p49;2013;0.0068000001;992;j
RS;sptinc992j;p48p49;2014;0.0066;992;j
RS;sptinc992j;p48p49;2015;0.0068000001;992;j
RS;sptinc992j;p48p49;2016;0.0068000001;992;j
RS;sptinc992j;p48p49;2017;0.0068000001;992;j
RS;sptinc992j;p66p67;1990;0.011;992;j
RS;sptinc992j;p66p67;1991;0.011;992;j
RS;sptinc992j;p66p67;1992;0.0109;992;j
RS;sptinc992j;p66p67;1993;0.0109;992;j
RS;sptinc992j;p66p67;1994;0.0108;992;j
RS;sptinc992j;p66p67;1995;0.0108;992;j
RS;sptinc992j;p66p67;1996;0.0108;992;j
RS;sptinc992j;p66p67;1997;0.0107;992;j
RS;sptinc992j;p66p67;1998;0.0107;992;j
RS;sptinc992j;p66p67;1999;0.0106;992;j
RS;sptinc992j;p66p67;2000;0.0104;992;j
RS;sptinc992j;p66p67;2001;0.0103;992;j
RS;sptinc992j;p66p67;2002;0.0104;992;j
RS;sptinc992j;p66p67;2003;0.0104;992;j
RS;sptinc992j;p66p67;2004;0.0103;992;j
RS;sptinc992j;p66p67;2005;0.0102;992;j
RS;sptinc992j;p66p67;2006;0.0103;992;j
RS;sptinc992j;p66p67;2007;0.0104;992;j
RS;sptinc992j;p66p67;2008;0.0105;992;j
RS;sptinc992j;p66p67;2009;0.0105;992;j
RS;sptinc992j;p66p67;2010;0.0104;992;j
RS;sptinc992j;p66p67;2011;0.0103;992;j
RS;sptinc992j;p66p67;2012;0.0104;992;j
RS;sptinc992j;p66p67;2013;0.0105;992;j
RS;sptinc992j;p66p67;2014;0.0103;992;j
RS;sptinc992j;p66p67;2015;0.0104;992;j
RS;sptinc992j;p66p67;2016;0.0104;992;j
RS;sptinc992j;p66p67;2017;0.0104;992;j
RS;sptinc992j;p78p100;1990;0.48719999;992;j
RS;sptinc992j;p78p100;1991;0.48879999;992;j
RS;sptinc992j;p78p100;1992;0.49039999;992;j
RS;sptinc992j;p78p100;1993;0.4921;992;j
RS;sptinc992j;p78p100;1994;0.4937;992;j
RS;sptinc992j;p78p100;1995;0.49540001;992;j
RS;sptinc992j;p78p100;1996;0.49649999;992;j
RS;sptinc992j;p78p100;1997;0.4975;992;j
RS;sptinc992j;p78p100;1998;0.49790001;992;j
RS;sptinc992j;p78p100;1999;0.50059998;992;j
RS;sptinc992j;p78p100;2000;0.50749999;992;j
RS;sptinc992j;p78p100;2001;0.51029998;992;j
RS;sptinc992j;p78p100;2002;0.51779997;992;j
RS;sptinc992j;p78p100;2003;0.52170002;992;j
RS;sptinc992j;p78p100;2004;0.53189999;992;j
RS;sptinc992j;p78p100;2005;0.5406;992;j
RS;sptinc992j;p78p100;2006;0.546;992;j
RS;sptinc992j;p78p100;2007;0.54430002;992;j
RS;sptinc992j;p78p100;2008;0.5499;992;j
RS;sptinc992j;p78p100;2009;0.55479997;992;j
RS;sptinc992j;p78p100;2010;0.56559998;992;j
RS;sptinc992j;p78p100;2011;0.57639998;992;j
RS;sptinc992j;p78p100;2012;0.5758;992;j
RS;sptinc992j;p78p100;2013;0.57260001;992;j
RS;sptinc992j;p78p100;2014;0.58520001;992;j
RS;sptinc992j;p78p100;2015;0.57779998;992;j
RS;sptinc992j;p78p100;2016;0.57789999;992;j
RS;sptinc992j;p78p100;2017;0.57819998;992;j
RS;sptinc992j;p94p95;1990;0.0219;992;j
RS;sptinc992j;p94p95;1991;0.0219;992;j
RS;sptinc992j;p94p95;1992;0.022;992;j
RS;sptinc992j;p94p95;1993;0.022;992;j
RS;sptinc992j;p94p95;1994;0.0221;992;j
RS;sptinc992j;p94p95;1995;0.0221;992;j
RS;sptinc992j;p94p95;1996;0.0221;992;j
RS;sptinc992j;p94p95;1997;0.0221;992;j
RS;sptinc992j;p94p95;1998;0.022299999;992;j
RS;sptinc992j;p94p95;1999;0.0222;992;j
RS;sptinc992j;p94p95;2000;0.022399999;992;j
RS;sptinc992j;p94p95;2001;0.022299999;992;j
RS;sptinc992j;p94p95;2002;0.0228;992;j
RS;sptinc992j;p94p95;2003;0.0232;992;j
RS;sptinc992j;p94p95;2004;0.023700001;992;j
RS;sptinc992j;p94p95;2005;0.0243;992;j
RS;sptinc992j;p94p95;2006;0.024499999;992;j
RS;sptinc992j;p94p95;2007;0.024700001;992;j
RS;sptinc992j;p94p95;2008;0.024800001;992;j
RS;sptinc992j;p94p95;2009;0.0252;992;j
RS;sptinc992j;p94p95;2010;0.025900001;992;j
RS;sptinc992j;p94p95;2011;0.0263;992;j
RS;sptinc992j;p94p95;2012;0.026699999;992;j
RS;sptinc992j;p94p95;2013;0.0263;992;j
RS;sptinc992j;p94p95;2014;0.025699999;992;j
RS;sptinc992j;p94p95;2015;0.0255;992;j
RS;sptinc992j;p94p95;2016;0.0255;992;j
RS;sptinc992j;p94p95;2017;0.025599999;992;j
RS;tcainc992j;p3p4;1990;56761.602;992;j
RS;tcainc992j;p3p4;1991;49938.801;992;j
RS;tcainc992j;p3p4;1992;33709.398;992;j
RS;tcainc992j;p3p4;1993;21644.801;992;j
RS;tcainc992j;p3p4;1994;21903.801;992;j
RS;tcainc992j;p3p4;1995;22368.1;992;j
RS;tcainc992j;p3p4;1996;21812.4;992;j
RS;tcainc992j;p3p4;1997;21465.199;992;j
RS;tcainc992j;p3p4;1998;25347.5;992;j
RS;tcainc992j;p3p4;1999;30433.9;992;j
RS;tcainc992j;p3p4;2000;30911.5;992;j
RS;tcainc992j;p3p4;2001;29239.1;992;j
RS;tcainc992j;p3p4;2002;17502.801;992;j
RS;tcainc992j;p3p4;2003;18879.801;992;j
RS;tcainc992j;p3p4;2004;21770.6;992;j
RS;tcainc992j;p3p4;2005;22941.801;992;j
RS;tcainc992j;p3p4;2006;20091.199;992;j
RS;tcainc992j;p3p4;2007;17421.801;992;j
RS;tcainc992j;p3p4;2008;22028.9;992;j
RS;tcainc992j;p3p4;2009;25283.801;992;j
RS;tcainc992j;p3p4;2010;22549.199;992;j
RS;tcainc992j;p3p4;2011;19745.5;992;j
RS;tcainc992j;p3p4;2012;16407.4;992;j
RS;tcainc992j;p3p4;2013;37044.602;992;j
RS;tcainc992j;p3p4;2014;74723.398;992;j
RS;tcainc992j;p3p4;2015;50485.602;992;j
RS;tcainc992j;p3p4;2016;52428.602;992;j
RS;tcainc992j;p3p4;2017;52366.699;992;j
RS;tcainc992j;p61p100;1990;520894.91;992;j
RS;tcainc992j;p61p100;1991;452198.81;992;j
RS;tcainc992j;p61p100;1992;309260.59;992;j
RS;tcainc992j;p61p100;1993;200205.8;992;j
RS;tcainc992j;p61p100;1994;205762.8;992;j
RS;tcainc992j;p61p100;1995;216693.09;992;j
RS;tcainc992j;p61p100;1996;218426.09;992;j
RS;tcainc992j;p61p100;1997;230561.8;992;j
RS;tcainc992j;p61p100;1998;252009.09;992;j
RS;tcainc992j;p61p100;1999;284890.91;992;j
RS;tcainc992j;p61p100;2000;304915.81;992;j
RS;tcainc992j;p61p100;2001;294434.31;992;j
RS;tcainc992j;p61p100;2002;308128.19;992;j
RS;tcainc992j;p61p100;2003;324504.69;992;j
RS;tcainc992j;p61p100;2004;386344.31;992;j
RS;tcainc992j;p61p100;2005;436350.41;992;j
RS;tcainc992j;p61p100;2006;459349.5;992;j
RS;tcainc992j;p61p100;2007;462876.31;992;j
RS;tcainc992j;p61p100;2008;495240.81;992;j
RS;tcainc992j;p61p100;2009;485277.69;992;j
RS;tcainc992j;p61p100;2010;481282.09;992;j
RS;tcainc992j;p61p100;2011;483079.91;992;j
RS;tcainc992j;p61p100;2012;479580.09;992;j
RS;tcainc992j;p61p100;2013;496104.0;992;j
RS;tcainc992j;p61p100;2014;478303.09;992;j
RS;tcainc992j;p61p100;2015;464343.91;992;j
RS;tcainc992j;p61p100;2016;481616.81;992;j
RS;tcainc992j;p61p100;2017;481829.41;992;j
RS;tdiinc992j;p0p50;1990;101963.0;992;j
RS;tdiinc992j;p0p50;1991;81602.5;992;j
RS;tdiinc992j;p0p50;1992;51248.398;992;j
RS;tdiinc992j;p0p50;1993;30259.301;992;j
RS;tdiinc992j;p0p50;1994;28125.6;992;j
RS;tdiinc992j;p0p50;1995;26834.199;992;j
RS;tdiinc992j;p0p50;1996;23933.6;992;j
RS;tdiinc992j;p0p50;1997;22526.9;992;j
RS;tdiinc992j;p0p50;1998;20437.5;992;j
RS;tdiinc992j;p0p50;1999;19383.4;992;j
RS;tdiinc992j;p0p50;2000;19660.199;992;j
RS;tdiinc992j;p0p50;2001;20134.801;992;j
RS;tdiinc992j;p0p50;2002;22968.801;992;j
RS;tdiinc992j;p0p50;2003;33898.301;992;j
RS;tdiinc992j;p0p50;2004;38763.898;992;j
RS;tdiinc992j;p0p50;2005;42251.0;992;j
RS;tdiinc992j;p0p50;2006;47391.301;992;j
RS;tdiinc992j;p0p50;2007;-16191392.0;992;j
RS;tdiinc992j;p0p50;2008;-25787228.0;992;j
RS;tdiinc992j;p0p50;2009;61857.199;992;j
RS;tdiinc992j;p0p50;2010;63306.301;992;j
RS;tdiinc992j;p0p50;2011;59805.898;992;j
RS;tdiinc992j;p0p50;2012;59081.301;992;j
RS;tdiinc992j;p0p50;2013;35009.602;992;j
RS;tdiinc992j;p0p50;2014;77358.602;992;j
RS;tdiinc992j;p0p50;2015;68211.5;992;j
RS;tdiinc992j;p0p50;2016;60703.898;992;j
RS;tdiinc992j;p0p50;2017;58708.301;992;j
RS;tdiinc992j;p15p100;1990;242422.5;992;j
RS;tdiinc992j;p15p100;1991;213325.0;992;j
RS;tdiinc992j;p15p100;1992;148735.2;992;j
RS;tdiinc992j;p15p100;1993;98079.0;992;j
RS;tdiinc992j;p15p100;1994;102665.5;992;j
RS;tdiinc992j;p15p100;1995;110096.6;992;j
RS;tdiinc992j;p15p100;1996;112565.6;992;j
RS;tdiinc992j;p15p100;1997;121775.5;992;j
RS;tdiinc992j;p15p100;1998;133904.09;992;j
RS;tdiinc992j;p15p100;1999;144727.7;992;j
RS;tdiinc992j;p15p100;2000;157693.91;992;j
RS;tdiinc992j;p15p100;2001;154657.59;992;j
RS;tdiinc992j;p15p100;2002;153071.59;992;j
RS;tdiinc992j;p15p100;2003;158155.2;992;j
RS;tdiinc992j;p15p100;2004;158531.41;992;j
RS;tdiinc992j;p15p100;2005;171118.5;992;j
RS;tdiinc992j;p15p100;2006;165600.5;992;j
RS;tdiinc992j;p15p100;2007;166272.3;992;j
RS;tdiinc992j;p15p100;2008;169215.5;992;j
RS;tdiinc992j;p15p100;2009;159515.91;992;j
RS;tdiinc992j;p15p100;2010;147268.0;992;j
RS;tdiinc992j;p15p100;2011;130814.9;992;j
RS;tdiinc992j;p15p100;2012;128174.6;992;j
RS;tdiinc992j;p15p100;2013;127035.1;992;j
RS;tdiinc992j;p15p100;2014;169503.0;992;j
RS;tdiinc992j;p15p100;2015;141241.59;992;j
RS;tdiinc992j;p15p100;2016;138656.8;992;j
RS;tdiinc992j;p15p100;2017;138587.7;992;j
RS;tptinc992j;p43p44;1990;524897.19;992;j
RS;tptinc992j;p43p44;1991;451764.69;992;j
RS;tptinc992j;p43p44;1992;307199.31;992;j
RS;tptinc992j;p43p44;1993;197410.59;992;j
RS;tptinc992j;p43p44;1994;201882.41;992;j
RS;tptinc992j;p43p44;1995;211406.3;992;j
RS;tptinc992j;p43p44;1996;211812.2;992;j
RS;tptinc992j;p43p44;1997;223035.8;992;j
RS;tptinc992j;p43p44;1998;230612.8;992;j
RS;tptinc992j;p43p44;1999;252777.3;992;j
RS;tptinc992j;p43p44;2000;274933.31;992;j
RS;tptinc992j;p43p44;2001;273652.69;992;j
RS;tptinc992j;p43p44;2002;291049.69;992;j
RS;tptinc992j;p43p44;2003;304195.19;992;j
RS;tptinc992j;p43p44;2004;338628.19;992;j
RS;tptinc992j;p43p44;2005;368966.81;992;j
RS;tptinc992j;p43p44;2006;386765.59;992;j
RS;tptinc992j;p43p44;2007;399960.09;992;j
RS;tptinc992j;p43p44;2008;422802.19;992;j
RS;tptinc992j;p43p44;2009;414363.31;992;j
RS;tptinc992j;p43p44;2010;406710.41;992;j
RS;tptinc992j;p43p44;2011;399164.81;992;j
RS;tptinc992j;p43p44;2012;393977.5;992;j
RS;tptinc992j;p43p44;2013;412935.0;992;j
RS;tptinc992j;p43p44;2014;390899.59;992;j
RS;tptinc992j;p43p44;2015;404216.69;992;j
RS;tptinc992j;p43p44;2016;416529.09;992;j
RS;tptinc992j;p43p44;2017;418666.59;992;j
RS;tptinc992j;p99.97p99.98;1990;17746544.0;992;j
RS;tptinc992j;p99.97p99.98;1991;15796115.0;992;j
RS;tptinc992j;p99.97p99.98;1992;11025319.0;992;j
RS;tptinc992j;p99.97p99.98;1993;7324336.0;992;j
RS;tptinc992j;p99.97p99.98;1994;7681355.5;992;j
RS;tptinc992j;p99.97p99.98;1995;8304355.5;992;j
RS;tptinc992j;p99.97p99.98;1996;8506735.0;992;j
RS;tptinc992j;p99.97p99.98;1997;9167967.0;992;j
RS;tptinc992j;p99.97p99.98;1998;9651948.0;992;j
RS;tptinc992j;p99.97p99.98;1999;11198312.0;992;j
RS;tptinc992j;p99.97p99.98;2000;13164033.0;992;j
RS;tptinc992j;p99.97p99.98;2001;13883558.0;992;j
RS;tptinc992j;p99.97p99.98;2002;14865488.0;992;j
RS;tptinc992j;p99.97p99.98;2003;15399483.0;992;j
RS;tptinc992j;p99.97p99.98;2004;17890064.0;992;j
RS;tptinc992j;p99.97p99.98;2005;19723854.0;992;j
RS;tptinc992j;p99.97p99.98;2006;21067798.0;992;j
RS;tptinc992j;p99.97p99.98;2007;20276188.0;992;j
RS;tptinc992j;p99.97p99.98;2008;22002658.0;992;j
RS;tptinc992j;p99.97p99.98;2009;21543784.0;992;j
RS;tptinc992j;p99.97p99.98;2010;21775636.0;992;j
RS;tptinc992j;p99.97p99.98;2011;22879542.0;992;j
RS;tptinc992j;p99.97p99.98;2012;19876554.0;992;j
RS;tptinc992j;p99.97p99.98;2013;21183220.0;992;j
RS;tptinc992j;p99.97p99.98;2014;27640782.0;992;j
RS;tptinc992j;p99.97p99.98;2015;26862234.0;992;j
RS;tptinc992j;p99.97p99.98;2016;27722880.0;992;j
RS;tptinc992j;p99.97p99.98;2017;27926900.0;992;j
RS;acainc992j;p44p45;1990;389065.09;992;j
RS;acainc992j;p44p45;1991;340080.19;992;j
RS;acainc992j;p44p45;1992;233986.2;992;j
RS;acainc992j;p44p45;1993;152154.8;992;j
RS;acainc992j;p44p45;1994;157180.7;992;j
RS;acainc992j;p44p45;1995;166380.5;992;j
RS;acainc992j;p44p45;1996;168451.59;992;j
RS;acainc992j;p44p45;1997;178439.3;992;j
RS;acainc992j;p44p45;1998;189142.8;992;j
RS;acainc992j;p44p45;1999;214905.59;992;j
RS;acainc992j;p44p45;2000;231470.3;992;j
RS;acainc992j;p44p45;2001;224830.5;992;j
RS;acainc992j;p44p45;2002;233194.41;992;j
RS;acainc992j;p44p45;2003;244514.91;992;j
RS;acainc992j;p44p45;2004;288741.0;992;j
RS;acainc992j;p44p45;2005;322545.5;992;j
RS;acainc992j;p44p45;2006;336961.81;992;j
RS;acainc992j;p44p45;2007;335205.0;992;j
RS;acainc992j;p44p45;2008;354406.19;992;j
RS;acainc992j;p44p45;2009;348440.31;992;j
RS;acainc992j;p44p45;2010;340056.41;992;j
RS;acainc992j;p44p45;2011;336474.5;992;j
RS;acainc992j;p44p45;2012;331064.91;992;j
RS;acainc992j;p44p45;2013;338869.81;992;j
RS;acainc992j;p44p45;2014;328188.69;992;j
RS;acainc992j;p44p45;2015;324770.69;992;j
RS;acainc992j;p44p45;2016;336839.41;992;j
RS;acainc992j;p44p45;2017;337000.31;992;j
RS;acainc992j;p54p100;1990;831946.13;992;j
RS;acainc992j;p54p100;1991;720197.19;992;j
RS;acainc992j;p54p100;1992;491686.0;992;j
RS;acainc992j;p54p100;1993;317983.41;992;j
RS;acainc992j;p54p100;1994;326578.19;992;j
RS;acainc992j;p54p100;1995;343747.59;992;j
RS;acainc992j;p54p100;1996;345356.41;992;j
RS;acainc992j;p54p100;1997;363175.41;992;j
RS;acainc992j;p54p100;1998;398020.31;992;j
RS;acainc992j;p54p100;1999;454917.81;992;j
RS;acainc992j;p54p100;2000;495716.69;992;j
RS;acainc992j;p54p100;2001;484238.0;992;j
RS;acainc992j;p54p100;2002;513495.09;992;j
RS;acainc992j;p54p100;2003;543571.88;992;j
RS;acainc992j;p54p100;2004;658634.13;992;j
RS;acainc992j;p54p100;2005;755928.88;992;j
RS;acainc992j;p54p100;2006;806302.5;992;j
RS;acainc992j;p54p100;2007;808801.0;992;j
RS;acainc992j;p54p100;2008;871170.31;992;j
RS;acainc992j;p54p100;2009;867292.88;992;j
RS;acainc992j;p54p100;2010;883000.63;992;j
RS;acainc992j;p54p100;2011;902545.5;992;j
RS;acainc992j;p54p100;2012;905487.0;992;j
RS;acainc992j;p54p100;2013;930520.69;992;j
RS;acainc992j;p54p100;2014;892316.5;992;j
RS;acainc992j;p54p100;2015;919361.0;992;j
RS;acainc992j;p54p100;2016;953402.0;992;j
RS;acainc992j;p54p100;2017;954392.38;992;j
RS;acainc992j;p72p100;1990;1017719.9;992;j
RS;acainc992j;p72p100;1991;879747.81;992;j
RS;acainc992j;p72p100;1992;600201.19;992;j
RS;acainc992j;p72p100;1993;388050.69;992;j
RS;acainc992j;p72p100;1994;398386.59;992;j
RS;acainc992j;p72p100;1995;419174.59;992;j
RS;acainc992j;p72p100;1996;420646.59;992;j
RS;acainc992j;p72p100;1997;441824.19;992;j
RS;acainc992j;p72p100;1998;485127.69;992;j
RS;acainc992j;p72p100;1999;556822.63;992;j
RS;acainc992j;p72p100;2000;610311.0;992;j
RS;acainc992j;p72p100;2001;598077.5;992;j
RS;acainc992j;p72p100;2002;636336.38;992;j
RS;acainc992j;p72p100;2003;674529.69;992;j
RS;acainc992j;p72p100;2004;820978.13;992;j
RS;acainc992j;p72p100;2005;947456.81;992;j
RS;acainc992j;p72p100;2006;1014331.8;992;j
RS;acainc992j;p72p100;2007;1016507.4;992;j
RS;acainc992j;p72p100;2008;1096351.8;992;j
RS;acainc992j;p72p100;2009;1096429.6;992;j
RS;acainc992j;p72p100;2010;1123387.9;992;j
RS;acainc992j;p72p100;2011;1154089.3;992;j
RS;acainc992j;p72p100;2012;1161331.3;992;j
RS;acainc992j;p72p100;2013;1190115.5;992;j
RS;acainc992j;p72p100;2014;1143604.9;992;j
RS;acainc992j;p72p100;2015;1195435.6;992;j
RS;acainc992j;p72p100;2016;1239714.9;992;j
RS;acainc992j;p72p100;2017;1241115.3;992;j
RS;acainc992j;p99.998p100;1990;106722112.0;992;j
RS;acainc992j;p99.998p100;1991;84936152.0;992;j
RS;acainc992j;p99.998p100;1992;51753316.0;992;j
RS;acainc992j;p99.998p100;1993;31044432.0;992;j
RS;acainc992j;p99.998p100;1994;30315866.0;992;j
RS;acainc992j;p99.998p100;1995;30565390.0;992;j
RS;acainc992j;p99.998p100;1996;29042712.0;992;j
RS;acainc992j;p99.998p100;1997;28749868.0;992;j
RS;acainc992j;p99.998p100;1998;34142316.0;992;j
RS;acainc992j;p99.998p100;1999;50459228.0;992;j
RS;acainc992j;p99.998p100;2000;58084736.0;992;j
RS;acainc992j;p99.998p100;2001;68668120.0;992;j
RS;acainc992j;p99.998p100;2002;65073344.0;992;j
RS;acainc992j;p99.998p100;2003;68473304.0;992;j
RS;acainc992j;p99.998p100;2004;83503320.0;992;j
RS;acainc992j;p99.998p100;2005;105120472.0;992;j
RS;acainc992j;p99.998p100;2006;97374392.0;992;j
RS;acainc992j;p99.998p100;2007;80268952.0;992;j
RS;acainc992j;p99.998p100;2008;71760248.0;992;j
RS;acainc992j;p99.998p100;2009;93727856.0;992;j
RS;acainc992j;p99.998p100;2010;86813128.0;992;j
RS;acainc992j;p99.998p100;2011;84088792.0;992;j
RS;acainc992j;p99.998p100;2012;152066912.0;992;j
RS;acainc992j;p99.998p100;2013;106206752.0;992;j
RS;acainc992j;p99.998p100;2014;257136176.0;992;j
RS;acainc992j;p99.998p100;2015;494345696.0;992;j
RS;acainc992j;p99.998p100;2016;513243872.0;992;j
RS;acainc992j;p99.998p100;2017;515073920.0;992;j
RS;acomrx992i;p0p100;2002;-132.10001;992;i
RS;acomrx992i;p0p100;2003;-149.39999;992;i
RS;acomrx992i;p0p100;2004;-179.5;992;i
RS;acomrx992i;p0p100;2005;1342.0;992;i
RS;acomrx992i;p0p100;2006;2038.2;992;i
RS;acomrx992i;p0p100;2007;2500.3;992;i
RS;acomrx992i;p0p100;2008;3836.8999;992;i
RS;acomrx992i;p0p100;2009;4616.2002;992;i
RS;acomrx992i;p0p100;2010;4309.8999;992;i
RS;acomrx992i;p0p100;2011;2897.7;992;i
RS;acomrx992i;p0p100;2012;4315.2998;992;i
RS;acomrx992i;p0p100;2013;4404.7998;992;i
RS;acomrx992i;p0p100;2014;4541.7002;992;i
RS;acomrx992i;p0p100;2015;4742.5;992;i
RS;acomrx992i;p0p100;2016;5014.2002;992;i
RS;acomrx992i;p0p100;2017;4976.1001;992;i
RS;acomrx992i;p0p100;2018;5329.5;992;i
RS;adiinc992j;p28p100;1990;926764.19;992;j
RS;adiinc992j;p28p100;1991;803701.0;992;j
RS;adiinc992j;p28p100;1992;549631.38;992;j
RS;adiinc992j;p28p100;1993;355936.09;992;j
RS;adiinc992j;p28p100;1994;366052.91;992;j
RS;adiinc992j;p28p100;1995;385789.19;992;j
RS;adiinc992j;p28p100;1996;388295.31;992;j
RS;adiinc992j;p28p100;1997;410858.59;992;j
RS;adiinc992j;p28p100;1998;430937.41;992;j
RS;adiinc992j;p28p100;1999;472806.5;992;j
RS;adiinc992j;p28p100;2000;519958.91;992;j
RS;adiinc992j;p28p100;2001;519289.81;992;j
RS;adiinc992j;p28p100;2002;562870.31;992;j
RS;adiinc992j;p28p100;2003;592355.63;992;j
RS;adiinc992j;p28p100;2004;672208.31;992;j
RS;adiinc992j;p28p100;2005;751775.88;992;j
RS;adiinc992j;p28p100;2006;798253.63;992;j
RS;adiinc992j;p28p100;2007;824958.88;992;j
RS;adiinc992j;p28p100;2008;880194.63;992;j
RS;adiinc992j;p28p100;2009;867053.0;992;j
RS;adiinc992j;p28p100;2010;874199.38;992;j
RS;adiinc992j;p28p100;2011;882764.5;992;j
RS;adiinc992j;p28p100;2012;881773.88;992;j
RS;adiinc992j;p28p100;2013;903419.69;992;j
RS;adiinc992j;p28p100;2014;869695.0;992;j
RS;adiinc992j;p28p100;2015;886486.88;992;j
RS;adiinc992j;p28p100;2016;916579.19;992;j
RS;adiinc992j;p28p100;2017;922335.88;992;j
RS;adiinc992j;p49p50;1990;618813.19;992;j
RS;adiinc992j;p49p50;1991;539246.0;992;j
RS;adiinc992j;p49p50;1992;370152.19;992;j
RS;adiinc992j;p49p50;1993;240321.59;992;j
RS;adiinc992j;p49p50;1994;247747.59;992;j
RS;adiinc992j;p49p50;1995;261627.09;992;j
RS;adiinc992j;p49p50;1996;264370.09;992;j
RS;adiinc992j;p49p50;1997;281045.31;992;j
RS;adiinc992j;p49p50;1998;287616.0;992;j
RS;adiinc992j;p49p50;1999;313445.59;992;j
RS;adiinc992j;p49p50;2000;343114.19;992;j
RS;adiinc992j;p49p50;2001;340301.09;992;j
RS;adiinc992j;p49p50;2002;365199.41;992;j
RS;adiinc992j;p49p50;2003;380222.69;992;j
RS;adiinc992j;p49p50;2004;426369.81;992;j
RS;adiinc992j;p49p50;2005;465568.41;992;j
RS;adiinc992j;p49p50;2006;487639.0;992;j
RS;adiinc992j;p49p50;2007;504668.69;992;j
RS;adiinc992j;p49p50;2008;535514.81;992;j
RS;adiinc992j;p49p50;2009;521997.0;992;j
RS;adiinc992j;p49p50;2010;513730.19;992;j
RS;adiinc992j;p49p50;2011;510044.69;992;j
RS;adiinc992j;p49p50;2012;501210.09;992;j
RS;adiinc992j;p49p50;2013;516458.41;992;j
RS;adiinc992j;p49p50;2014;494850.31;992;j
RS;adiinc992j;p49p50;2015;496292.59;992;j
RS;adiinc992j;p49p50;2016;509111.09;992;j
RS;adiinc992j;p49p50;2017;511724.81;992;j
RS;adiinc992j;p78p100;1990;1517387.3;992;j
RS;adiinc992j;p78p100;1991;1311659.9;992;j
RS;adiinc992j;p78p100;1992;894912.5;992;j
RS;adiinc992j;p78p100;1993;578723.19;992;j
RS;adiinc992j;p78p100;1994;594202.0;992;j
RS;adiinc992j;p78p100;1995;625304.5;992;j
RS;adiinc992j;p78p100;1996;627297.13;992;j
RS;adiinc992j;p78p100;1997;661180.38;992;j
RS;adiinc992j;p78p100;1998;701936.31;992;j
RS;adiinc992j;p78p100;1999;779185.88;992;j
RS;adiinc992j;p78p100;2000;864050.31;992;j
RS;adiinc992j;p78p100;2001;867953.0;992;j
RS;adiinc992j;p78p100;2002;946593.88;992;j
RS;adiinc992j;p78p100;2003;1000386.8;992;j
RS;adiinc992j;p78p100;2004;1148026.8;992;j
RS;adiinc992j;p78p100;2005;1301157.6;992;j
RS;adiinc992j;p78p100;2006;1395910.3;992;j
RS;adiinc992j;p78p100;2007;1437672.3;992;j
RS;adiinc992j;p78p100;2008;1540569.9;992;j
RS;adiinc992j;p78p100;2009;1534218.8;992;j
RS;adiinc992j;p78p100;2010;1571176.4;992;j
RS;adiinc992j;p78p100;2011;1609870.6;992;j
RS;adiinc992j;p78p100;2012;1618613.9;992;j
RS;adiinc992j;p78p100;2013;1653284.3;992;j
RS;adiinc992j;p78p100;2014;1594342.3;992;j
RS;adiinc992j;p78p100;2015;1673402.1;992;j
RS;adiinc992j;p78p100;2016;1738241.1;992;j
RS;adiinc992j;p78p100;2017;1750327.6;992;j
RS;adiinc992j;p91p100;1990;2089396.5;992;j
RS;adiinc992j;p91p100;1991;1804737.1;992;j
RS;adiinc992j;p91p100;1992;1231031.6;992;j
RS;adiinc992j;p91p100;1993;797224.5;992;j
RS;adiinc992j;p91p100;1994;819476.81;992;j
RS;adiinc992j;p91p100;1995;863506.38;992;j
RS;adiinc992j;p91p100;1996;865422.38;992;j
RS;adiinc992j;p91p100;1997;911053.5;992;j
RS;adiinc992j;p91p100;1998;977428.0;992;j
RS;adiinc992j;p91p100;1999;1101022.8;992;j
RS;adiinc992j;p91p100;2000;1239388.8;992;j
RS;adiinc992j;p91p100;2001;1258260.3;992;j
RS;adiinc992j;p91p100;2002;1374373.8;992;j
RS;adiinc992j;p91p100;2003;1446365.1;992;j
RS;adiinc992j;p91p100;2004;1659815.5;992;j
RS;adiinc992j;p91p100;2005;1893374.4;992;j
RS;adiinc992j;p91p100;2006;2040851.4;992;j
RS;adiinc992j;p91p100;2007;2082886.5;992;j
RS;adiinc992j;p91p100;2008;2229540.3;992;j
RS;adiinc992j;p91p100;2009;2237257.0;992;j
RS;adiinc992j;p91p100;2010;2305237.0;992;j
RS;adiinc992j;p91p100;2011;2374458.3;992;j
RS;adiinc992j;p91p100;2012;2413975.0;992;j
RS;adiinc992j;p91p100;2013;2429336.3;992;j
RS;adiinc992j;p91p100;2014;2412891.0;992;j
RS;adiinc992j;p91p100;2015;2625475.5;992;j
RS;adiinc992j;p91p100;2016;2732502.0;992;j
RS;adiinc992j;p91p100;2017;2752492.8;992;j
RS;adiinc992j;p99.91p100;1990;18430292.0;992;j
RS;adiinc992j;p99.91p100;1991;15327004.0;992;j
RS;adiinc992j;p99.91p100;1992;9948777.0;992;j
RS;adiinc992j;p99.91p100;1993;6248995.0;992;j
RS;adiinc992j;p99.91p100;1994;6291284.0;992;j
RS;adiinc992j;p99.91p100;1995;6515379.0;992;j
RS;adiinc992j;p99.91p100;1996;6368285.5;992;j
RS;adiinc992j;p99.91p100;1997;6522362.0;992;j
RS;adiinc992j;p99.91p100;1998;7282148.5;992;j
RS;adiinc992j;p99.91p100;1999;9278570.0;992;j
RS;adiinc992j;p99.91p100;2000;10798036.0;992;j
RS;adiinc992j;p99.91p100;2001;11961594.0;992;j
RS;adiinc992j;p99.91p100;2002;12436244.0;992;j
RS;adiinc992j;p99.91p100;2003;12946845.0;992;j
RS;adiinc992j;p99.91p100;2004;14801275.0;992;j
RS;adiinc992j;p99.91p100;2005;17556372.0;992;j
RS;adiinc992j;p99.91p100;2006;17822478.0;992;j
RS;adiinc992j;p99.91p100;2007;16590565.0;992;j
RS;adiinc992j;p99.91p100;2008;16385968.0;992;j
RS;adiinc992j;p99.91p100;2009;18566376.0;992;j
RS;adiinc992j;p99.91p100;2010;18279606.0;992;j
RS;adiinc992j;p99.91p100;2011;18366638.0;992;j
RS;adiinc992j;p99.91p100;2012;24571302.0;992;j
RS;adiinc992j;p99.91p100;2013;20738704.0;992;j
RS;adiinc992j;p99.91p100;2014;31516352.0;992;j
RS;adiinc992j;p99.91p100;2015;46297704.0;992;j
RS;adiinc992j;p99.91p100;2016;48360216.0;992;j
RS;adiinc992j;p99.91p100;2017;48782048.0;992;j
RS;adiinc992j;p99.995p100;1990;85890648.0;992;j
RS;adiinc992j;p99.995p100;1991;69114568.0;992;j
RS;adiinc992j;p99.995p100;1992;42784112.0;992;j
RS;adiinc992j;p99.995p100;1993;25965904.0;992;j
RS;adiinc992j;p99.995p100;1994;25555282.0;992;j
RS;adiinc992j;p99.995p100;1995;25944578.0;992;j
RS;adiinc992j;p99.995p100;1996;24827360.0;992;j
RS;adiinc992j;p99.995p100;1997;24842020.0;992;j
RS;adiinc992j;p99.995p100;1998;28429528.0;992;j
RS;adiinc992j;p99.995p100;1999;39604064.0;992;j
RS;adiinc992j;p99.995p100;2000;45897632.0;992;j
RS;adiinc992j;p99.995p100;2001;54294420.0;992;j
RS;adiinc992j;p99.995p100;2002;53414796.0;992;j
RS;adiinc992j;p99.995p100;2003;55891724.0;992;j
RS;adiinc992j;p99.995p100;2004;64149940.0;992;j
RS;adiinc992j;p99.995p100;2005;78409408.0;992;j
RS;adiinc992j;p99.995p100;2006;74310264.0;992;j
RS;adiinc992j;p99.995p100;2007;64333796.0;992;j
RS;adiinc992j;p99.995p100;2008;58632048.0;992;j
RS;adiinc992j;p99.995p100;2009;73664280.0;992;j
RS;adiinc992j;p99.995p100;2010;69095304.0;992;j
RS;adiinc992j;p99.995p100;2011;67397424.0;992;j
RS;adiinc992j;p99.995p100;2012;112919952.0;992;j
RS;adiinc992j;p99.995p100;2013;82635256.0;992;j
RS;adiinc992j;p99.995p100;2014;178363232.0;992;j
RS;adiinc992j;p99.995p100;2015;320468928.0;992;j
RS;adiinc992j;p99.995p100;2016;334945088.0;992;j
RS;adiinc992j;p99.995p100;2017;338157728.0;992;j
RS;ansrco992i;p0p100;1997;-43964.301;992;i
RS;ansrco992i;p0p100;1998;3134.7;992;i
RS;ansrco992i;p0p100;1999;7740.1001;992;i
RS;ansrco992i;p0p100;2000;27950.9;992;i
RS;ansrco992i;p0p100;2001;-11258.3;992;i
RS;ansrco992i;p0p100;2002;-19701.699;992;i
RS;ansrco992i;p0p100;2003;-29402.0;992;i
RS;ansrco992i;p0p100;2004;15210.1;992;i
RS;ansrco992i;p0p100;2005;40079.699;992;i
RS;ansrco992i;p0p100;2006;38839.398;992;i
RS;ansrco992i;p0p100;2007;34368.0;992;i
RS;ansrco992i;p0p100;2008;42947.801;992;i
RS;ansrco992i;p0p100;2009;34313.898;992;i
RS;ansrco992i;p0p100;2010;46036.0;992;i
RS;ansrco992i;p0p100;2011;71919.0;992;i
RS;aprghn992i;p0p100;1997;360868.5;992;i
RS;aprghn992i;p0p100;1998;330054.81;992;i
RS;aprghn992i;p0p100;1999;362373.59;992;i
RS;aprghn992i;p0p100;2000;381443.69;992;i
RS;aprghn992i;p0p100;2001;397577.5;992;i
RS;aprghn992i;p0p100;2002;412228.0;992;i
RS;aprghn992i;p0p100;2003;434126.09;992;i
RS;aprghn992i;p0p100;2004;449116.69;992;i
RS;aprghn992i;p0p100;2005;488258.5;992;i
RS;aprghn992i;p0p100;2006;516963.19;992;i
RS;aprghn992i;p0p100;2007;544099.38;992;i
RS;aprghn992i;p0p100;2008;578323.63;992;i
RS;aprghn992i;p0p100;2009;550128.0;992;i
RS;aprghn992i;p0p100;2010;547650.31;992;i
RS;aprghn992i;p0p100;2011;561027.13;992;i
RS;aprihn999i;p0p100;1997;236208.5;999;i
RS;aprihn999i;p0p100;1998;214105.7;999;i
RS;aprihn999i;p0p100;1999;234090.41;999;i
RS;aprihn999i;p0p100;2000;247617.8;999;i
RS;aprihn999i;p0p100;2001;260407.3;999;i
RS;aprihn999i;p0p100;2002;271863.09;999;i
RS;aprihn999i;p0p100;2003;290121.19;999;i
RS;aprihn999i;p0p100;2004;300709.69;999;i
RS;aprihn999i;p0p100;2005;329673.09;999;i
RS;aprihn999i;p0p100;2006;352083.41;999;i
RS;aprihn999i;p0p100;2007;375206.0;999;i
RS;aprihn999i;p0p100;2008;401479.81;999;i
RS;aprihn999i;p0p100;2009;380178.0;999;i
RS;aprihn999i;p0p100;2010;379351.41;999;i
RS;aprihn999i;p0p100;2011;391975.41;999;i
RS;aptfpx999i;p0p100;2007;12654.4;999;i
RS;aptfpx999i;p0p100;2008;14521.1;999;i
RS;aptfpx999i;p0p100;2009;13278.5;999;i
RS;aptfpx999i;p0p100;2010;13975.9;999;i
RS;aptfpx999i;p0p100;2011;14105.4;999;i
RS;aptfpx999i;p0p100;2012;15564.6;999;i
RS;aptfpx999i;p0p100;2013;15912.5;999;i
RS;aptfpx999i;p0p100;2014;16544.1;999;i
RS;aptfpx999i;p0p100;2015;18634.0;999;i
RS;aptfpx999i;p0p100;2016;17807.699;999;i
RS;aptfpx999i;p0p100;2017;15067.7;999;i
RS;aptfpx999i;p0p100;2018;11627.3;999;i
RS;aptinc992j;p0p50;1990;317514.69;992;j
RS;aptinc992j;p0p50;1991;274762.41;992;j
RS;aptinc992j;p0p50;1992;187558.91;992;j
RS;aptinc992j;p0p50;1993;121222.1;992;j
RS;aptinc992j;p0p50;1994;124423.1;992;j
RS;aptinc992j;p0p50;1995;130855.8;992;j
RS;aptinc992j;p0p50;1996;131631.09;992;j
RS;aptinc992j;p0p50;1997;139188.09;992;j
RS;aptinc992j;p0p50;1998;147573.0;992;j
RS;aptinc992j;p0p50;1999;161402.8;992;j
RS;aptinc992j;p0p50;2000;174872.3;992;j
RS;aptinc992j;p0p50;2001;174209.59;992;j
RS;aptinc992j;p0p50;2002;179735.5;992;j
RS;aptinc992j;p0p50;2003;185206.8;992;j
RS;aptinc992j;p0p50;2004;200891.41;992;j
RS;aptinc992j;p0p50;2005;215787.3;992;j
RS;aptinc992j;p0p50;2006;219301.41;992;j
RS;aptinc992j;p0p50;2007;223384.3;992;j
RS;aptinc992j;p0p50;2008;228663.59;992;j
RS;aptinc992j;p0p50;2009;218351.5;992;j
RS;aptinc992j;p0p50;2010;209843.91;992;j
RS;aptinc992j;p0p50;2011;198502.2;992;j
RS;aptinc992j;p0p50;2012;194213.0;992;j
RS;aptinc992j;p0p50;2013;198627.5;992;j
RS;aptinc992j;p0p50;2014;187640.91;992;j
RS;aptinc992j;p0p50;2015;196868.0;992;j
RS;aptinc992j;p0p50;2016;202990.2;992;j
RS;aptinc992j;p0p50;2017;203876.59;992;j
RS;aptinc992j;p12p100;1990;821087.13;992;j
RS;aptinc992j;p12p100;1991;712649.13;992;j
RS;aptinc992j;p12p100;1992;487829.59;992;j
RS;aptinc992j;p12p100;1993;316213.5;992;j
RS;aptinc992j;p12p100;1994;325524.41;992;j
RS;aptinc992j;p12p100;1995;343411.91;992;j
RS;aptinc992j;p12p100;1996;346027.59;992;j
RS;aptinc992j;p12p100;1997;366676.5;992;j
RS;aptinc992j;p12p100;1998;384926.91;992;j
RS;aptinc992j;p12p100;1999;421319.09;992;j
RS;aptinc992j;p12p100;2000;463455.5;992;j
RS;aptinc992j;p12p100;2001;462572.81;992;j
RS;aptinc992j;p12p100;2002;499312.91;992;j
RS;aptinc992j;p12p100;2003;525070.88;992;j
RS;aptinc992j;p12p100;2004;591848.19;992;j
RS;aptinc992j;p12p100;2005;660945.19;992;j
RS;aptinc992j;p12p100;2006;698916.88;992;j
RS;aptinc992j;p12p100;2007;722119.63;992;j
RS;aptinc992j;p12p100;2008;770149.5;992;j
RS;aptinc992j;p12p100;2009;757370.13;992;j
RS;aptinc992j;p12p100;2010;759863.13;992;j
RS;aptinc992j;p12p100;2011;763232.63;992;j
RS;aptinc992j;p12p100;2012;762450.19;992;j
RS;aptinc992j;p12p100;2013;781522.19;992;j
RS;aptinc992j;p12p100;2014;766152.69;992;j
RS;aptinc992j;p12p100;2015;771471.63;992;j
RS;aptinc992j;p12p100;2016;795347.5;992;j
RS;aptinc992j;p12p100;2017;800082.5;992;j
RS;aptinc992j;p1p100;1990;742021.19;992;j
RS;aptinc992j;p1p100;1991;644160.63;992;j
RS;aptinc992j;p1p100;1992;441025.91;992;j
RS;aptinc992j;p1p100;1993;285926.19;992;j
RS;aptinc992j;p1p100;1994;294397.69;992;j
RS;aptinc992j;p1p100;1995;310629.91;992;j
RS;aptinc992j;p1p100;1996;313055.69;992;j
RS;aptinc992j;p1p100;1997;331785.41;992;j
RS;aptinc992j;p1p100;1998;348943.69;992;j
RS;aptinc992j;p1p100;1999;382069.09;992;j
RS;aptinc992j;p1p100;2000;420109.5;992;j
RS;aptinc992j;p1p100;2001;419411.59;992;j
RS;aptinc992j;p1p100;2002;451218.41;992;j
RS;aptinc992j;p1p100;2003;473970.69;992;j
RS;aptinc992j;p1p100;2004;533527.19;992;j
RS;aptinc992j;p1p100;2005;595021.81;992;j
RS;aptinc992j;p1p100;2006;628128.0;992;j
RS;aptinc992j;p1p100;2007;648145.19;992;j
RS;aptinc992j;p1p100;2008;690133.19;992;j
RS;aptinc992j;p1p100;2009;677983.69;992;j
RS;aptinc992j;p1p100;2010;679849.88;992;j
RS;aptinc992j;p1p100;2011;682173.63;992;j
RS;aptinc992j;p1p100;2012;681259.5;992;j
RS;aptinc992j;p1p100;2013;697681.81;992;j
RS;aptinc992j;p1p100;2014;683995.69;992;j
RS;aptinc992j;p1p100;2015;688810.31;992;j
RS;aptinc992j;p1p100;2016;710137.81;992;j
RS;aptinc992j;p1p100;2017;714337.63;992;j
RS;aptinc992j;p38p100;1990;1033026.8;992;j
RS;aptinc992j;p38p100;1991;896916.69;992;j
RS;aptinc992j;p38p100;1992;614150.69;992;j
RS;aptinc992j;p38p100;1993;398220.0;992;j
RS;aptinc992j;p38p100;1994;410073.81;992;j
RS;aptinc992j;p38p100;1995;432760.69;992;j
RS;aptinc992j;p38p100;1996;436122.91;992;j
RS;aptinc992j;p38p100;1997;462240.31;992;j
RS;aptinc992j;p38p100;1998;484176.09;992;j
RS;aptinc992j;p38p100;1999;530205.0;992;j
RS;aptinc992j;p38p100;2000;584448.63;992;j
RS;aptinc992j;p38p100;2001;583578.5;992;j
RS;aptinc992j;p38p100;2002;633582.69;992;j
RS;aptinc992j;p38p100;2003;668091.69;992;j
RS;aptinc992j;p38p100;2004;757150.13;992;j
RS;aptinc992j;p38p100;2005;849567.13;992;j
RS;aptinc992j;p38p100;2006;903172.69;992;j
RS;aptinc992j;p38p100;2007;934971.38;992;j
RS;aptinc992j;p38p100;2008;1002149.0;992;j
RS;aptinc992j;p38p100;2009;989073.38;992;j
RS;aptinc992j;p38p100;2010;997193.0;992;j
RS;aptinc992j;p38p100;2011;1008512.6;992;j
RS;aptinc992j;p38p100;2012;1009731.7;992;j
RS;aptinc992j;p38p100;2013;1035683.3;992;j
RS;aptinc992j;p38p100;2014;1018456.0;992;j
RS;aptinc992j;p38p100;2015;1021399.9;992;j
RS;aptinc992j;p38p100;2016;1052980.8;992;j
RS;aptinc992j;p38p100;2017;1059408.9;992;j
RS;aptinc992j;p6p100;1990;777339.63;992;j
RS;aptinc992j;p6p100;1991;674775.69;992;j
RS;aptinc992j;p6p100;1992;461963.41;992;j
RS;aptinc992j;p6p100;1993;299488.19;992;j
RS;aptinc992j;p6p100;1994;308351.69;992;j
RS;aptinc992j;p6p100;1995;325345.0;992;j
RS;aptinc992j;p6p100;1996;327877.69;992;j
RS;aptinc992j;p6p100;1997;347494.31;992;j
RS;aptinc992j;p6p100;1998;365271.31;992;j
RS;aptinc992j;p6p100;1999;399879.31;992;j
RS;aptinc992j;p6p100;2000;439755.69;992;j
RS;aptinc992j;p6p100;2001;438984.09;992;j
RS;aptinc992j;p6p100;2002;472879.69;992;j
RS;aptinc992j;p6p100;2003;496820.31;992;j
RS;aptinc992j;p6p100;2004;559485.63;992;j
RS;aptinc992j;p6p100;2005;624182.38;992;j
RS;aptinc992j;p6p100;2006;659223.31;992;j
RS;aptinc992j;p6p100;2007;680430.19;992;j
RS;aptinc992j;p6p100;2008;724885.19;992;j
RS;aptinc992j;p6p100;2009;712372.19;992;j
RS;aptinc992j;p6p100;2010;714380.31;992;j
RS;aptinc992j;p6p100;2011;717056.88;992;j
RS;aptinc992j;p6p100;2012;716152.81;992;j
RS;aptinc992j;p6p100;2013;733703.81;992;j
RS;aptinc992j;p6p100;2014;719281.0;992;j
RS;aptinc992j;p6p100;2015;724337.88;992;j
RS;aptinc992j;p6p100;2016;746762.31;992;j
RS;aptinc992j;p6p100;2017;751189.88;992;j
RS;aptinc992j;p99.999p100;1990;218414768.0;992;j
RS;aptinc992j;p99.999p100;1991;200034544.0;992;j
RS;aptinc992j;p99.999p100;1992;140869520.0;992;j
RS;aptinc992j;p99.999p100;1993;96126944.0;992;j
RS;aptinc992j;p99.999p100;1994;100993728.0;992;j
RS;aptinc992j;p99.999p100;1995;111769800.0;992;j
RS;aptinc992j;p99.999p100;1996;117084608.0;992;j
RS;aptinc992j;p99.999p100;1997;129447112.0;992;j
RS;aptinc992j;p99.999p100;1998;130709048.0;992;j
RS;aptinc992j;p99.999p100;1999;162122864.0;992;j
RS;aptinc992j;p99.999p100;2000;193452944.0;992;j
RS;aptinc992j;p99.999p100;2001;218681568.0;992;j
RS;aptinc992j;p99.999p100;2002;219276144.0;992;j
RS;aptinc992j;p99.999p100;2003;219272176.0;992;j
RS;aptinc992j;p99.999p100;2004;253680784.0;992;j
RS;aptinc992j;p99.999p100;2005;259625760.0;992;j
RS;aptinc992j;p99.999p100;2006;277791808.0;992;j
RS;aptinc992j;p99.999p100;2007;254269504.0;992;j
RS;aptinc992j;p99.999p100;2008;281476192.0;992;j
RS;aptinc992j;p99.999p100;2009;266927680.0;992;j
RS;aptinc992j;p99.999p100;2010;243880448.0;992;j
RS;aptinc992j;p99.999p100;2011;265358192.0;992;j
RS;aptinc992j;p99.999p100;2012;168196608.0;992;j
RS;aptinc992j;p99.999p100;2013;206493744.0;992;j
RS;aptinc992j;p99.999p100;2014;442911552.0;992;j
RS;aptinc992j;p99.999p100;2015;435348992.0;992;j
RS;aptinc992j;p99.999p100;2016;449219040.0;992;j
RS;aptinc992j;p99.999p100;2017;451921376.0;992;j
RS;assbho999i;p0p100;1997;36227.398;999;i
RS;assbho999i;p0p100;1998;48095.102;999;i
RS;assbho999i;p0p100;1999;46371.602;999;i
RS;assbho999i;p0p100;2000;50071.5;999;i
RS;assbho999i;p0p100;2001;56614.199;999;i
RS;assbho999i;p0p100;2002;74083.797;999;i
RS;assbho999i;p0p100;2003;71979.602;999;i
RS;assbho999i;p0p100;2004;70816.5;999;i
RS;assbho999i;p0p100;2005;83381.203;999;i
RS;assbho999i;p0p100;2006;95520.297;999;i
RS;assbho999i;p0p100;2007;98524.102;999;i
RS;assbho999i;p0p100;2008;110851.2;999;i
RS;assbho999i;p0p100;2009;119535.7;999;i
RS;assbho999i;p0p100;2010;119357.8;999;i
RS;assbho999i;p0p100;2011;110236.7;999;i
RS;bcainc992j;p1p100;1990;11.057137;992;j
RS;bcainc992j;p1p100;1991;11.704083;992;j
RS;bcainc992j;p1p100;1992;12.822192;992;j
RS;bcainc992j;p1p100;1993;14.237761;992;j
RS;bcainc992j;p1p100;1994;16.449024;992;j
RS;bcainc992j;p1p100;1995;19.708038;992;j
RS;bcainc992j;p1p100;1996;24.591728;992;j
RS;bcainc992j;p1p100;1997;32.804447;992;j
RS;bcainc992j;p1p100;1998;28.744305;992;j
RS;bcainc992j;p1p100;1999;24.138834;992;j
RS;bcainc992j;p1p100;2000;33.758144;992;j
RS;bcainc992j;p1p100;2001;36.566612;992;j
RS;bcainc992j;p1p100;2002;96.596024;992;j
RS;bcainc992j;p1p100;2003;38.987831;992;j
RS;bcainc992j;p1p100;2004;39.118191;992;j
RS;bcainc992j;p1p100;2005;37.191803;992;j
RS;bcainc992j;p1p100;2006;37.355862;992;j
RS;bcainc992j;p1p100;2007;42.999241;992;j
RS;bcainc992j;p1p100;2008;35.316338;992;j
RS;bcainc992j;p1p100;2009;29.446648;992;j
RS;bcainc992j;p1p100;2010;30.312147;992;j
RS;bcainc992j;p1p100;2011;35.631512;992;j
RS;bcainc992j;p1p100;2012;45.997021;992;j
RS;bcainc992j;p1p100;2013;16.725664;992;j
RS;bcainc992j;p1p100;2014;7.4597135;992;j
RS;bcainc992j;p1p100;2015;11.31513;992;j
RS;bcainc992j;p1p100;2016;11.306647;992;j
RS;bcainc992j;p1p100;2017;11.324975;992;j
RS;bcainc992j;p43p100;1990;1.9918456;992;j
RS;bcainc992j;p43p100;1991;1.9809976;992;j
RS;bcainc992j;p43p100;1992;1.9715706;992;j
RS;bcainc992j;p43p100;1993;1.9655914;992;j
RS;bcainc992j;p43p100;1994;1.9548109;992;j
RS;bcainc992j;p43p100;1995;1.9460725;992;j
RS;bcainc992j;p43p100;1996;1.9342915;992;j
RS;bcainc992j;p43p100;1997;1.9216603;992;j
RS;bcainc992j;p43p100;1998;1.9649377;992;j
RS;bcainc992j;p43p100;1999;1.9702903;992;j
RS;bcainc992j;p43p100;2000;1.9917744;992;j
RS;bcainc992j;p43p100;2001;2.0066626;992;j
RS;bcainc992j;p43p100;2002;2.0489326;992;j
RS;bcainc992j;p43p100;2003;2.0638151;992;j
RS;bcainc992j;p43p100;2004;2.1092641;992;j
RS;bcainc992j;p43p100;2005;2.1752341;992;j
RS;bcainc992j;p43p100;2006;2.2234383;992;j
RS;bcainc992j;p43p100;2007;2.2448559;992;j
RS;bcainc992j;p43p100;2008;2.2784357;992;j
RS;bcainc992j;p43p100;2009;2.3119988;992;j
RS;bcainc992j;p43p100;2010;2.4019768;992;j
RS;bcainc992j;p43p100;2011;2.4777651;992;j
RS;bcainc992j;p43p100;2012;2.5251846;992;j
RS;bcainc992j;p43p100;2013;2.5446434;992;j
RS;bcainc992j;p43p100;2014;2.5036886;992;j
RS;bcainc992j;p43p100;2015;2.6140356;992;j
RS;bcainc992j;p43p100;2016;2.6131997;992;j
RS;bcainc992j;p43p100;2017;2.6154675;992;j
RS;bcainc992j;p99.7p100;1990;2.0457289;992;j
RS;bcainc992j;p99.7p100;1991;2.0030837;992;j
RS;bcainc992j;p99.7p100;1992;1.9468273;992;j
RS;bcainc992j;p99.7p100;1993;1.9101313;992;j
RS;bcainc992j;p99.7p100;1994;1.8865056;992;j
RS;bcainc992j;p99.7p100;1995;1.8666244;992;j
RS;bcainc992j;p99.7p100;1996;1.8437568;992;j
RS;bcainc992j;p99.7p100;1997;1.8195604;992;j
RS;bcainc992j;p99.7p100;1998;1.847182;992;j
RS;bcainc992j;p99.7p100;1999;1.9528098;992;j
RS;bcainc992j;p99.7p100;2000;1.9628218;992;j
RS;bcainc992j;p99.7p100;2001;2.0502369;992;j
RS;bcainc992j;p99.7p100;2002;1.9866241;992;j
RS;bcainc992j;p99.7p100;2003;1.9868804;992;j
RS;bcainc992j;p99.7p100;2004;1.988028;992;j
RS;bcainc992j;p99.7p100;2005;2.0271006;992;j
RS;bcainc992j;p99.7p100;2006;1.9492497;992;j
RS;bcainc992j;p99.7p100;2007;1.8656938;992;j
RS;bcainc992j;p99.7p100;2008;1.7870166;992;j
RS;bcainc992j;p99.7p100;2009;1.8951914;992;j
RS;bcainc992j;p99.7p100;2010;1.8461508;992;j
RS;bcainc992j;p99.7p100;2011;1.8178637;992;j
RS;bcainc992j;p99.7p100;2012;2.0883222;992;j
RS;bcainc992j;p99.7p100;2013;1.907375;992;j
RS;bcainc992j;p99.7p100;2014;2.4263868;992;j
RS;bcainc992j;p99.7p100;2015;2.9247818;992;j
RS;bcainc992j;p99.7p100;2016;2.9256327;992;j
RS;bcainc992j;p99.7p100;2017;2.9283571;992;j
RS;bdiinc992j;p99.1p100;1990;1.9350269;992;j
RS;bdiinc992j;p99.1p100;1991;1.901947;992;j
RS;bdiinc992j;p99.1p100;1992;1.8597342;992;j
RS;bdiinc992j;p99.1p100;1993;1.833876;992;j
RS;bdiinc992j;p99.1p100;1994;1.8168395;992;j
RS;bdiinc992j;p99.1p100;1995;1.8027343;992;j
RS;bdiinc992j;p99.1p100;1996;1.7839642;992;j
RS;bdiinc992j;p99.1p100;1997;1.7638423;992;j
RS;bdiinc992j;p99.1p100;1998;1.791721;992;j
RS;bdiinc992j;p99.1p100;1999;1.8863088;992;j
RS;bdiinc992j;p99.1p100;2000;1.9076831;992;j
RS;bdiinc992j;p99.1p100;2001;1.9833102;992;j
RS;bdiinc992j;p99.1p100;2002;1.9355499;992;j
RS;bdiinc992j;p99.1p100;2003;1.9293815;992;j
RS;bdiinc992j;p99.1p100;2004;1.9276885;992;j
RS;bdiinc992j;p99.1p100;2005;1.9616791;992;j
RS;bdiinc992j;p99.1p100;2006;1.9049708;992;j
RS;bdiinc992j;p99.1p100;2007;1.8312443;992;j
RS;bdiinc992j;p99.1p100;2008;1.7684458;992;j
RS;bdiinc992j;p99.1p100;2009;1.8613443;992;j
RS;bdiinc992j;p99.1p100;2010;1.8233376;992;j
RS;bdiinc992j;p99.1p100;2011;1.8026404;992;j
RS;bdiinc992j;p99.1p100;2012;2.0361967;992;j
RS;bdiinc992j;p99.1p100;2013;1.8800378;992;j
RS;bdiinc992j;p99.1p100;2014;2.3143966;992;j
RS;bdiinc992j;p99.1p100;2015;2.7477908;992;j
RS;bdiinc992j;p99.1p100;2016;2.752795;992;j
RS;bdiinc992j;p99.1p100;2017;2.7551539;992;j
RS;bptinc992j;p50p100;1990;1.9246204;992;j
RS;bptinc992j;p50p100;1991;1.9349337;992;j
RS;bptinc992j;p50p100;1992;1.9443564;992;j
RS;bptinc992j;p50p100;1993;1.9545219;992;j
RS;bptinc992j;p50p100;1994;1.9635807;992;j
RS;bptinc992j;p50p100;1995;1.9743649;992;j
RS;bptinc992j;p50p100;1996;1.9800144;992;j
RS;bptinc992j;p50p100;1997;1.9872204;992;j
RS;bptinc992j;p50p100;1998;2.0211637;992;j
RS;bptinc992j;p50p100;1999;2.0291245;992;j
RS;bptinc992j;p50p100;2000;2.0675046;992;j
RS;bptinc992j;p50p100;2001;2.0811367;992;j
RS;bptinc992j;p50p100;2002;2.1014621;992;j
RS;bptinc992j;p50p100;2003;2.1328726;992;j
RS;bptinc992j;p50p100;2004;2.1818023;992;j
RS;bptinc992j;p50p100;2005;2.2396142;992;j
RS;bptinc992j;p50p100;2006;2.2640684;992;j
RS;bptinc992j;p50p100;2007;2.250128;992;j
RS;bptinc992j;p50p100;2008;2.2740123;992;j
RS;bptinc992j;p50p100;2009;2.2929943;992;j
RS;bptinc992j;p50p100;2010;2.3792086;992;j
RS;bptinc992j;p50p100;2011;2.4374011;992;j
RS;bptinc992j;p50p100;2012;2.4259019;992;j
RS;bptinc992j;p50p100;2013;2.3945293;992;j
RS;bptinc992j;p50p100;2014;2.5111609;992;j
RS;bptinc992j;p50p100;2015;2.4160635;992;j
RS;bptinc992j;p50p100;2016;2.416461;992;j
RS;bptinc992j;p50p100;2017;2.4188871;992;j
RS;mcomnx999i;p0p100;1997;1770239232.0;999;i
RS;mcomnx999i;p0p100;1998;1312913920.0;999;i
RS;mcomnx999i;p0p100;1999;299630272.0;999;i
RS;mcomnx999i;p0p100;2000;258808976.0;999;i
RS;mcomnx999i;p0p100;2001;407693280.0;999;i
RS;mcomnx999i;p0p100;2002;-635770432.0;999;i
RS;mcomnx999i;p0p100;2003;-734430848.0;999;i
RS;mcomnx999i;p0p100;2004;-904825856.0;999;i
RS;mcomnx999i;p0p100;2005;6595578880.0;999;i
RS;mcomnx999i;p0p100;2006;10029918208.0;999;i
RS;mcomnx999i;p0p100;2007;11809240064.0;999;i
RS;mcomnx999i;p0p100;2008;19283568640.0;999;i
RS;mcomnx999i;p0p100;2009;24109338624.0;999;i
RS;mcomnx999i;p0p100;2010;22286477312.0;999;i
RS;mcomnx999i;p0p100;2011;12465342464.0;999;i
RS;mcomnx999i;p0p100;2012;19086401536.0;999;i
RS;mcomnx999i;p0p100;2013;18969466880.0;999;i
RS;mcomnx999i;p0p100;2014;19168684032.0;999;i
RS;mcomnx999i;p0p100;2015;20677074944.0;999;i
RS;mcomnx999i;p0p100;2016;22210379776.0;999;i
RS;mcomnx999i;p0p100;2017;21674731520.0;999;i
RS;mcomnx999i;p0p100;2018;23363936256.0;999;i
RS;npopul051f;p0p100;1950;262249.0;051;f
RS;npopul051f;p0p100;1951;267475.0;051;f
RS;npopul051f;p0p100;1952;283404.0;051;f
RS;npopul051f;p0p100;1953;308837.0;051;f
RS;npopul051f;p0p100;1954;338496.0;051;f
RS;npopul051f;p0p100;1955;363726.0;051;f
RS;npopul051f;p0p100;1956;383647.0;051;f
RS;npopul051f;p0p100;1957;398144.0;051;f
RS;npopul051f;p0p100;1958;406051.0;051;f
RS;npopul051f;p0p100;1959;408188.0;051;f
RS;npopul051f;p0p100;1960;407014.0;051;f
RS;npopul051f;p0p100;1961;404870.0;051;f
RS;npopul051f;p0p100;1962;395374.0;051;f
RS;npopul051f;p0p100;1963;379596.0;051;f
RS;npopul051f;p0p100;1964;361152.0;051;f
RS;npopul051f;p0p100;1965;345143.0;051;f
RS;npopul051f;p0p100;1966;334112.0;051;f
RS;npopul051f;p0p100;1967;328322.0;051;f
RS;npopul051f;p0p100;1968;327810.0;051;f
RS;npopul051f;p0p100;1969;330219.0;051;f
RS;npopul051f;p0p100;1970;331650.0;051;f
RS;npopul051f;p0p100;1971;332987.0;051;f
RS;npopul051f;p0p100;1972;334409.0;051;f
RS;npopul051f;p0p100;1973;335676.0;051;f
RS;npopul051f;p0p100;1974;337049.0;051;f
RS;npopul051f;p0p100;1975;339081.0;051;f
RS;npopul051f;p0p100;1976;343100.0;051;f
RS;npopul051f;p0p100;1977;347917.0;051;f
RS;npopul051f;p0p100;1978;353398.0;051;f
RS;npopul051f;p0p100;1979;359117.0;051;f
RS;npopul051f;p0p100;1980;364407.0;051;f
RS;npopul051f;p0p100;1981;370298.0;051;f
RS;npopul051f;p0p100;1982;375762.0;051;f
RS;npopul051f;p0p100;1983;380445.0;051;f
RS;npopul051f;p0p100;1984;383972.0;051;f
RS;npopul051f;p0p100;1985;386023.0;051;f
RS;npopul051f;p0p100;1986;387752.0;051;f
RS;npopul051f;p0p100;1987;387185.0;051;f
RS;npopul051f;p0p100;1988;384679.0;051;f
RS;npopul051f;p0p100;1989;381293.0;051;f
RS;npopul051f;p0p100;1990;378207.0;051;f
RS;npopul051f;p0p100;1991;377466.0;051;f
RS;npopul051f;p0p100;1992;377390.0;051;f
RS;npopul051f;p0p100;1993;377133.0;051;f
RS;npopul051f;p0p100;1994;375214.0;051;f
RS;npopul051f;p0p100;1995;370291.0;051;f
RS;npopul051f;p0p100;1996;363335.0;051;f
RS;npopul051f;p0p100;1997;354776.0;051;f
RS;npopul051f;p0p100;1998;344835.0;051;f
RS;npopul051f;p0p100;1999;263366.0;051;f
RS;npopul051f;p0p100;2000;257942.0;051;f
RS;npopul051f;p0p100;2001;251883.0;051;f
RS;npopul051f;p0p100;2002;245864.0;051;f
RS;npopul051f;p0p100;2003;239409.0;051;f
RS;npopul051f;p0p100;2004;233324.0;051;f
RS;npopul051f;p0p100;2005;227360.0;051;f
RS;npopul051f;p0p100;2006;223108.0;051;f
RS;npopul051f;p0p100;2007;219843.0;051;f
RS;npopul051f;p0p100;2008;217432.0;051;f
RS;npopul051f;p0p100;2009;215569.0;051;f
RS;npopul051f;p0p100;2010;213549.0;051;f
RS;npopul051f;p0p100;2011;210745.0;051;f
RS;npopul051f;p0p100;2012;208270.0;051;f
RS;npopul051f;p0p100;2013;205392.0;051;f
RS;npopul051f;p0p100;2014;202144.0;051;f
RS;npopul051f;p0p100;2015;198653.0;051;f
RS;npopul051f;p0p100;2016;196425.0;051;f
RS;npopul051f;p0p100;2017;193611.0;051;f
RS;npopul051f;p0p100;2018;189638.0;051;f
RS;npopul051f;p0p100;2019;185033.0;051;f
RS;scainc992j;p15p16;1990;0.0027999999;992;j
RS;scainc992j;p15p16;1991;0.0029;992;j
RS;scainc992j;p15p16;1992;0.003;992;j
RS;scainc992j;p15p16;1993;0.003;992;j
RS;scainc992j;p15p16;1994;0.0031000001;992;j
RS;scainc992j;p15p16;1995;0.0031999999;992;j
RS;scainc992j;p15p16;1996;0.0031999999;992;j
RS;scainc992j;p15p16;1997;0.0033;992;j
RS;scainc992j;p15p16;1998;0.0035000001;992;j
RS;scainc992j;p15p16;1999;0.0035999999;992;j
RS;scainc992j;p15p16;2000;0.0035000001;992;j
RS;scainc992j;p15p16;2001;0.0034;992;j
RS;scainc992j;p15p16;2002;0.003;992;j
RS;scainc992j;p15p16;2003;0.003;992;j
RS;scainc992j;p15p16;2004;0.0026;992;j
RS;scainc992j;p15p16;2005;0.0024999999;992;j
RS;scainc992j;p15p16;2006;0.0022;992;j
RS;scainc992j;p15p16;2007;0.0020999999;992;j
RS;scainc992j;p15p16;2008;0.0019;992;j
RS;scainc992j;p15p16;2009;0.0018;992;j
RS;scainc992j;p15p16;2010;0.0016;992;j
RS;scainc992j;p15p16;2011;0.0014;992;j
RS;scainc992j;p15p16;2012;0.0013;992;j
RS;scainc992j;p15p16;2013;0.0012000001;992;j
RS;scainc992j;p15p16;2014;0.0019;992;j
RS;scainc992j;p15p16;2015;0.0014;992;j
RS;scainc992j;p15p16;2016;0.0014;992;j
RS;scainc992j;p15p16;2017;0.0014;992;j
RS;scainc992j;p16p100;1990;0.97039998;992;j
RS;scainc992j;p16p100;1991;0.97009999;992;j
RS;scainc992j;p16p100;1992;0.96990001;992;j
RS;scainc992j;p16p100;1993;0.96950001;992;j
RS;scainc992j;p16p100;1994;0.96920002;992;j
RS;scainc992j;p16p100;1995;0.96890002;992;j
RS;scainc992j;p16p100;1996;0.96850002;992;j
RS;scainc992j;p16p100;1997;0.96820003;992;j
RS;scainc992j;p16p100;1998;0.96530002;992;j
RS;scainc992j;p16p100;1999;0.9648;992;j
RS;scainc992j;p16p100;2000;0.96630001;992;j
RS;scainc992j;p16p100;2001;0.96689999;992;j
RS;scainc992j;p16p100;2002;0.97299999;992;j
RS;scainc992j;p16p100;2003;0.97369999;992;j
RS;scainc992j;p16p100;2004;0.97780001;992;j
RS;scainc992j;p16p100;2005;0.9795;992;j
RS;scainc992j;p16p100;2006;0.98220003;992;j
RS;scainc992j;p16p100;2007;0.98460001;992;j
RS;scainc992j;p16p100;2008;0.98519999;992;j
RS;scainc992j;p16p100;2009;0.9849;992;j
RS;scainc992j;p16p100;2010;0.98689997;992;j
RS;scainc992j;p16p100;2011;0.98900002;992;j
RS;scainc992j;p16p100;2012;0.99070001;992;j
RS;scainc992j;p16p100;2013;0.986;992;j
RS;scainc992j;p16p100;2014;0.97430003;992;j
RS;scainc992j;p16p100;2015;0.98189998;992;j
RS;scainc992j;p16p100;2016;0.98189998;992;j
RS;scainc992j;p16p100;2017;0.98189998;992;j
RS;scainc992j;p21p22;1990;0.0040000002;992;j
RS;scainc992j;p21p22;1991;0.0041;992;j
RS;scainc992j;p21p22;1992;0.0041;992;j
RS;scainc992j;p21p22;1993;0.0041999999;992;j
RS;scainc992j;p21p22;1994;0.0043000001;992;j
RS;scainc992j;p21p22;1995;0.0044;992;j
RS;scainc992j;p21p22;1996;0.0044999998;992;j
RS;scainc992j;p21p22;1997;0.0044999998;992;j
RS;scainc992j;p21p22;1998;0.0046999999;992;j
RS;scainc992j;p21p22;1999;0.0046999999;992;j
RS;scainc992j;p21p22;2000;0.0046999999;992;j
RS;scainc992j;p21p22;2001;0.0046999999;992;j
RS;scainc992j;p21p22;2002;0.0044;992;j
RS;scainc992j;p21p22;2003;0.0043000001;992;j
RS;scainc992j;p21p22;2004;0.0040000002;992;j
RS;scainc992j;p21p22;2005;0.0038999999;992;j
RS;scainc992j;p21p22;2006;0.0035999999;992;j
RS;scainc992j;p21p22;2007;0.0035999999;992;j
RS;scainc992j;p21p22;2008;0.0034;992;j
RS;scainc992j;p21p22;2009;0.0031000001;992;j
RS;scainc992j;p21p22;2010;0.0027999999;992;j
RS;scainc992j;p21p22;2011;0.0024999999;992;j
RS;scainc992j;p21p22;2012;0.0026;992;j
RS;scainc992j;p21p22;2013;0.0020000001;992;j
RS;scainc992j;p21p22;2014;0.0026;992;j
RS;scainc992j;p21p22;2015;0.0020999999;992;j
RS;scainc992j;p21p22;2016;0.0020999999;992;j
RS;scainc992j;p21p22;2017;0.0020999999;992;j
RS;scainc992j;p3p100;1990;0.9971;992;j
RS;scainc992j;p3p100;1991;0.99730003;992;j
RS;scainc992j;p3p100;1992;0.9975;992;j
RS;scainc992j;p3p100;1993;0.99769998;992;j
RS;scainc992j;p3p100;1994;0.99790001;992;j
RS;scainc992j;p3p100;1995;0.99809998;992;j
RS;scainc992j;p3p100;1996;0.99839997;992;j
RS;scainc992j;p3p100;1997;0.99860001;992;j
RS;scainc992j;p3p100;1998;0.99849999;992;j
RS;scainc992j;p3p100;1999;0.99830002;992;j
RS;scainc992j;p3p100;2000;0.99860001;992;j
RS;scainc992j;p3p100;2001;0.99870002;992;j
RS;scainc992j;p3p100;2002;0.99940002;992;j
RS;scainc992j;p3p100;2003;0.99900001;992;j
RS;scainc992j;p3p100;2004;0.99900001;992;j
RS;scainc992j;p3p100;2005;0.99900001;992;j
RS;scainc992j;p3p100;2006;0.99910003;992;j
RS;scainc992j;p3p100;2007;0.9993;992;j
RS;scainc992j;p3p100;2008;0.9993;992;j
RS;scainc992j;p3p100;2009;0.9989;992;j
RS;scainc992j;p3p100;2010;0.9989;992;j
RS;scainc992j;p3p100;2011;0.99910003;992;j
RS;scainc992j;p3p100;2012;0.9993;992;j
RS;scainc992j;p3p100;2013;0.99809998;992;j
RS;scainc992j;p3p100;2014;0.99589998;992;j
RS;scainc992j;p3p100;2015;0.99730003;992;j
RS;scainc992j;p3p100;2016;0.99730003;992;j
RS;scainc992j;p3p100;2017;0.99730003;992;j
RS;scainc992j;p8p100;1990;0.98989999;992;j
RS;scainc992j;p8p100;1991;0.99010003;992;j
RS;scainc992j;p8p100;1992;0.99019998;992;j
RS;scainc992j;p8p100;1993;0.99040002;992;j
RS;scainc992j;p8p100;1994;0.99049997;992;j
RS;scainc992j;p8p100;1995;0.99059999;992;j
RS;scainc992j;p8p100;1996;0.99070001;992;j
RS;scainc992j;p8p100;1997;0.99089998;992;j
RS;scainc992j;p8p100;1998;0.99019998;992;j
RS;scainc992j;p8p100;1999;0.98970002;992;j
RS;scainc992j;p8p100;2000;0.99049997;992;j
RS;scainc992j;p8p100;2001;0.99080002;992;j
RS;scainc992j;p8p100;2002;0.99360001;992;j
RS;scainc992j;p8p100;2003;0.9932;992;j
RS;scainc992j;p8p100;2004;0.99419999;992;j
RS;scainc992j;p8p100;2005;0.99470001;992;j
RS;scainc992j;p8p100;2006;0.99550003;992;j
RS;scainc992j;p8p100;2007;0.99650002;992;j
RS;scainc992j;p8p100;2008;0.99629998;992;j
RS;scainc992j;p8p100;2009;0.9957;992;j
RS;scainc992j;p8p100;2010;0.99599999;992;j
RS;scainc992j;p8p100;2011;0.99659997;992;j
RS;scainc992j;p8p100;2012;0.99739999;992;j
RS;scainc992j;p8p100;2013;0.99419999;992;j
RS;scainc992j;p8p100;2014;0.98830003;992;j
RS;scainc992j;p8p100;2015;0.9921;992;j
RS;scainc992j;p8p100;2016;0.9921;992;j
RS;scainc992j;p8p100;2017;0.9921;992;j
RS;scainc992j;p97p98;1990;0.028200001;992;j
RS;scainc992j;p97p98;1991;0.028200001;992;j
RS;scainc992j;p97p98;1992;0.0283;992;j
RS;scainc992j;p97p98;1993;0.0284;992;j
RS;scainc992j;p97p98;1994;0.0285;992;j
RS;scainc992j;p97p98;1995;0.0285;992;j
RS;scainc992j;p97p98;1996;0.0285;992;j
RS;scainc992j;p97p98;1997;0.0284;992;j
RS;scainc992j;p97p98;1998;0.0286;992;j
RS;scainc992j;p97p98;1999;0.0288;992;j
RS;scainc992j;p97p98;2000;0.0296;992;j
RS;scainc992j;p97p98;2001;0.0298;992;j
RS;scainc992j;p97p98;2002;0.0308;992;j
RS;scainc992j;p97p98;2003;0.0308;992;j
RS;scainc992j;p97p98;2004;0.031399999;992;j
RS;scainc992j;p97p98;2005;0.0319;992;j
RS;scainc992j;p97p98;2006;0.033100002;992;j
RS;scainc992j;p97p98;2007;0.033300001;992;j
RS;scainc992j;p97p98;2008;0.034000002;992;j
RS;scainc992j;p97p98;2009;0.0341;992;j
RS;scainc992j;p97p98;2010;0.035399999;992;j
RS;scainc992j;p97p98;2011;0.036499999;992;j
RS;scainc992j;p97p98;2012;0.035599999;992;j
RS;scainc992j;p97p98;2013;0.035999998;992;j
RS;scainc992j;p97p98;2014;0.033500001;992;j
RS;scainc992j;p97p98;2015;0.0337;992;j
RS;scainc992j;p97p98;2016;0.0337;992;j
RS;scainc992j;p97p98;2017;0.0337;992;j
RS;sdiinc992j;p71p72;1990;0.0119;992;j
RS;sdiinc992j;p71p72;1991;0.012;992;j
RS;sdiinc992j;p71p72;1992;0.012;992;j
RS;sdiinc992j;p71p72;1993;0.0119;992;j
RS;sdiinc992j;p71p72;1994;0.0119;992;j
RS;sdiinc992j;p71p72;1995;0.0119;992;j
RS;sdiinc992j;p71p72;1996;0.0119;992;j
RS;sdiinc992j;p71p72;1997;0.0119;992;j
RS;sdiinc992j;p71p72;1998;0.0119;992;j
RS;sdiinc992j;p71p72;1999;0.0117;992;j
RS;sdiinc992j;p71p72;2000;0.0116;992;j
RS;sdiinc992j;p71p72;2001;0.0115;992;j
RS;sdiinc992j;p71p72;2002;0.0115;992;j
RS;sdiinc992j;p71p72;2003;0.0116;992;j
RS;sdiinc992j;p71p72;2004;0.0116;992;j
RS;sdiinc992j;p71p72;2005;0.0116;992;j
RS;sdiinc992j;p71p72;2006;0.0116;992;j
RS;sdiinc992j;p71p72;2007;0.0117;992;j
RS;sdiinc992j;p71p72;2008;0.0117;992;j
RS;sdiinc992j;p71p72;2009;0.0117;992;j
RS;sdiinc992j;p71p72;2010;0.0117;992;j
RS;sdiinc992j;p71p72;2011;0.0116;992;j
RS;sdiinc992j;p71p72;2012;0.0116;992;j
RS;sdiinc992j;p71p72;2013;0.0118;992;j
RS;sdiinc992j;p71p72;2014;0.0114;992;j
RS;sdiinc992j;p71p72;2015;0.011;992;j
RS;sdiinc992j;p71p72;2016;0.011;992;j
RS;sdiinc992j;p71p72;2017;0.011;992;j
RS;sdiinc992j;p7p100;1990;0.98729998;992;j
RS;sdiinc992j;p7p100;1991;0.98750001;992;j
RS;sdiinc992j;p7p100;1992;0.98769999;992;j
RS;sdiinc992j;p7p100;1993;0.98790002;992;j
RS;sdiinc992j;p7p100;1994;0.98799998;992;j
RS;sdiinc992j;p7p100;1995;0.98820001;992;j
RS;sdiinc992j;p7p100;1996;0.98830003;992;j
RS;sdiinc992j;p7p100;1997;0.98839998;992;j
RS;sdiinc992j;p7p100;1998;0.98869997;992;j
RS;sdiinc992j;p7p100;1999;0.98900002;992;j
RS;sdiinc992j;p7p100;2000;0.98909998;992;j
RS;sdiinc992j;p7p100;2001;0.9892;992;j
RS;sdiinc992j;p7p100;2002;0.99070001;992;j
RS;sdiinc992j;p7p100;2003;0.9903;992;j
RS;sdiinc992j;p7p100;2004;0.99110001;992;j
RS;sdiinc992j;p7p100;2005;0.99150002;992;j
RS;sdiinc992j;p7p100;2006;0.99199998;992;j
RS;sdiinc992j;p7p100;2007;0.99220002;992;j
RS;sdiinc992j;p7p100;2008;0.99199998;992;j
RS;sdiinc992j;p7p100;2009;0.99150002;992;j
RS;sdiinc992j;p7p100;2010;0.99169999;992;j
RS;sdiinc992j;p7p100;2011;0.99239999;992;j
RS;sdiinc992j;p7p100;2012;0.99269998;992;j
RS;sdiinc992j;p7p100;2013;0.99019998;992;j
RS;sdiinc992j;p7p100;2014;0.98540002;992;j
RS;sdiinc992j;p7p100;2015;0.98830003;992;j
RS;sdiinc992j;p7p100;2016;0.98900002;992;j
RS;sdiinc992j;p7p100;2017;0.98909998;992;j
RS;sdiinc992j;p89p90;1990;0.016899999;992;j
RS;sdiinc992j;p89p90;1991;0.016799999;992;j
RS;sdiinc992j;p89p90;1992;0.016799999;992;j
RS;sdiinc992j;p89p90;1993;0.0167;992;j
RS;sdiinc992j;p89p90;1994;0.0166;992;j
RS;sdiinc992j;p89p90;1995;0.0166;992;j
RS;sdiinc992j;p89p90;1996;0.0165;992;j
RS;sdiinc992j;p89p90;1997;0.0164;992;j
RS;sdiinc992j;p89p90;1998;0.0165;992;j
RS;sdiinc992j;p89p90;1999;0.0165;992;j
RS;sdiinc992j;p89p90;2000;0.0163;992;j
RS;sdiinc992j;p89p90;2001;0.0162;992;j
RS;sdiinc992j;p89p90;2002;0.0163;992;j
RS;sdiinc992j;p89p90;2003;0.0167;992;j
RS;sdiinc992j;p89p90;2004;0.017100001;992;j
RS;sdiinc992j;p89p90;2005;0.0174;992;j
RS;sdiinc992j;p89p90;2006;0.0175;992;j
RS;sdiinc992j;p89p90;2007;0.0177;992;j
RS;sdiinc992j;p89p90;2008;0.0178;992;j
RS;sdiinc992j;p89p90;2009;0.0178;992;j
RS;sdiinc992j;p89p90;2010;0.018200001;992;j
RS;sdiinc992j;p89p90;2011;0.0186;992;j
RS;sdiinc992j;p89p90;2012;0.018100001;992;j
RS;sdiinc992j;p89p90;2013;0.0184;992;j
RS;sdiinc992j;p89p90;2014;0.0175;992;j
RS;sdiinc992j;p89p90;2015;0.017100001;992;j
RS;sdiinc992j;p89p90;2016;0.017100001;992;j
RS;sdiinc992j;p89p90;2017;0.017200001;992;j
RS;sdiinc992j;p99.1p99.2;1990;0.0041;992;j
RS;sdiinc992j;p99.1p99.2;1991;0.0041;992;j
RS;sdiinc992j;p99.1p99.2;1992;0.0041;992;j
RS;sdiinc992j;p99.1p99.2;1993;0.0041999999;992;j
RS;sdiinc992j;p99.1p99.2;1994;0.0041999999;992;j
RS;sdiinc992j;p99.1p99.2;1995;0.0041999999;992;j
RS;sdiinc992j;p99.1p99.2;1996;0.0041;992;j
RS;sdiinc992j;p99.1p99.2;1997;0.0041;992;j
RS;sdiinc992j;p99.1p99.2;1998;0.0041999999;992;j
RS;sdiinc992j;p99.1p99.2;1999;0.0044;992;j
RS;sdiinc992j;p99.1p99.2;2000;0.0044999998;992;j
RS;sdiinc992j;p99.1p99.2;2001;0.0046000001;992;j
RS;sdiinc992j;p99.1p99.2;2002;0.0046999999;992;j
RS;sdiinc992j;p99.1p99.2;2003;0.0046999999;992;j
RS;sdiinc992j;p99.1p99.2;2004;0.0048000002;992;j
RS;sdiinc992j;p99.1p99.2;2005;0.0049000001;992;j
RS;sdiinc992j;p99.1p99.2;2006;0.0051000002;992;j
RS;sdiinc992j;p99.1p99.2;2007;0.0049999999;992;j
RS;sdiinc992j;p99.1p99.2;2008;0.0051000002;992;j
RS;sdiinc992j;p99.1p99.2;2009;0.0052;992;j
RS;sdiinc992j;p99.1p99.2;2010;0.0054000001;992;j
RS;sdiinc992j;p99.1p99.2;2011;0.0055;992;j
RS;sdiinc992j;p99.1p99.2;2012;0.0055999998;992;j
RS;sdiinc992j;p99.1p99.2;2013;0.0055;992;j
RS;sdiinc992j;p99.1p99.2;2014;0.0054000001;992;j
RS;sdiinc992j;p99.1p99.2;2015;0.0057000001;992;j
RS;sdiinc992j;p99.1p99.2;2016;0.0057000001;992;j
RS;sdiinc992j;p99.1p99.2;2017;0.0057000001;992;j
RS;sdiinc992j;p99.94p99.95;1990;0.0015;992;j
RS;sdiinc992j;p99.94p99.95;1991;0.0015;992;j
RS;sdiinc992j;p99.94p99.95;1992;0.0015;992;j
RS;sdiinc992j;p99.94p99.95;1993;0.0014;992;j
RS;sdiinc992j;p99.94p99.95;1994;0.0014;992;j
RS;sdiinc992j;p99.94p99.95;1995;0.0014;992;j
RS;sdiinc992j;p99.94p99.95;1996;0.0014;992;j
RS;sdiinc992j;p99.94p99.95;1997;0.0013;992;j
RS;sdiinc992j;p99.94p99.95;1998;0.0014;992;j
RS;sdiinc992j;p99.94p99.95;1999;0.0016;992;j
RS;sdiinc992j;p99.94p99.95;2000;0.0017;992;j
RS;sdiinc992j;p99.94p99.95;2001;0.0018;992;j
RS;sdiinc992j;p99.94p99.95;2002;0.0018;992;j
RS;sdiinc992j;p99.94p99.95;2003;0.0018;992;j
RS;sdiinc992j;p99.94p99.95;2004;0.0018;992;j
RS;sdiinc992j;p99.94p99.95;2005;0.0019;992;j
RS;sdiinc992j;p99.94p99.95;2006;0.0019;992;j
RS;sdiinc992j;p99.94p99.95;2007;0.0017;992;j
RS;sdiinc992j;p99.94p99.95;2008;0.0017;992;j
RS;sdiinc992j;p99.94p99.95;2009;0.0018;992;j
RS;sdiinc992j;p99.94p99.95;2010;0.0018;992;j
RS;sdiinc992j;p99.94p99.95;2011;0.0019;992;j
RS;sdiinc992j;p99.94p99.95;2012;0.0022;992;j
RS;sdiinc992j;p99.94p99.95;2013;0.0020000001;992;j
RS;sdiinc992j;p99.94p99.95;2014;0.0024999999;992;j
RS;sdiinc992j;p99.94p99.95;2015;0.0031000001;992;j
RS;sdiinc992j;p99.94p99.95;2016;0.0031999999;992;j
RS;sdiinc992j;p99.94p99.95;2017;0.0031999999;992;j
RS;sptinc992j;p6p7;1990;0.0014;992;j
RS;sptinc992j;p6p7;1991;0.0014;992;j
RS;sptinc992j;p6p7;1992;0.0014;992;j
RS;sptinc992j;p6p7;1993;0.0015;992;j
RS;sptinc992j;p6p7;1994;0.0015;992;j
RS;sptinc992j;p6p7;1995;0.0015;992;j
RS;sptinc992j;p6p7;1996;0.0016;992;j
RS;sptinc992j;p6p7;1997;0.0016;992;j
RS;sptinc992j;p6p7;1998;0.0018;992;j
RS;sptinc992j;p6p7;1999;0.0018;992;j
RS;sptinc992j;p6p7;2000;0.0018;992;j
RS;sptinc992j;p6p7;2001;0.0018;992;j
RS;sptinc992j;p6p7;2002;0.0015;992;j
RS;sptinc992j;p6p7;2003;0.0014;992;j
RS;sptinc992j;p6p7;2004;0.0013;992;j
RS;sptinc992j;p6p7;2005;0.0011;992;j
RS;sptinc992j;p6p7;2006;0.0009;992;j
RS;sptinc992j;p6p7;2007;0.0008;992;j
RS;sptinc992j;p6p7;2008;0.0007;992;j
RS;sptinc992j;p6p7;2009;0.0006;992;j
RS;sptinc992j;p6p7;2010;0.0006;992;j
RS;sptinc992j;p6p7;2011;0.0005;992;j
RS;sptinc992j;p6p7;2012;0.0005;992;j
RS;sptinc992j;p6p7;2013;0.0004;992;j
RS;sptinc992j;p6p7;2014;0.0004;992;j
RS;sptinc992j;p6p7;2015;0.0004;992;j
RS;sptinc992j;p6p7;2016;0.0004;992;j
RS;sptinc992j;p6p7;2017;0.0004;992;j
RS;sptinc992j;p70p71;1990;0.0118;992;j
RS;sptinc992j;p70p71;1991;0.0118;992;j
RS;sptinc992j;p70p71;1992;0.0117;992;j
RS;sptinc992j;p70p71;1993;0.0117;992;j
RS;sptinc992j;p70p71;1994;0.0117;992;j
RS;sptinc992j;p70p71;1995;0.0116;992;j
RS;sptinc992j;p70p71;1996;0.0116;992;j
RS;sptinc992j;p70p71;1997;0.0116;992;j
RS;sptinc992j;p70p71;1998;0.0115;992;j
RS;sptinc992j;p70p71;1999;0.0114;992;j
RS;sptinc992j;p70p71;2000;0.0112;992;j
RS;sptinc992j;p70p71;2001;0.0111;992;j
RS;sptinc992j;p70p71;2002;0.0112;992;j
RS;sptinc992j;p70p71;2003;0.0112;992;j
RS;sptinc992j;p70p71;2004;0.0111;992;j
RS;sptinc992j;p70p71;2005;0.0111;992;j
RS;sptinc992j;p70p71;2006;0.0111;992;j
RS;sptinc992j;p70p71;2007;0.0113;992;j
RS;sptinc992j;p70p71;2008;0.0114;992;j
RS;sptinc992j;p70p71;2009;0.0114;992;j
RS;sptinc992j;p70p71;2010;0.0113;992;j
RS;sptinc992j;p70p71;2011;0.0112;992;j
RS;sptinc992j;p70p71;2012;0.0115;992;j
RS;sptinc992j;p70p71;2013;0.0116;992;j
RS;sptinc992j;p70p71;2014;0.0113;992;j
RS;sptinc992j;p70p71;2015;0.0112;992;j
RS;sptinc992j;p70p71;2016;0.0112;992;j
RS;sptinc992j;p70p71;2017;0.0112;992;j
RS;tcainc992j;p48p100;1990;417531.91;992;j
RS;tcainc992j;p48p100;1991;363808.5;992;j
RS;tcainc992j;p48p100;1992;250210.41;992;j
RS;tcainc992j;p48p100;1993;162730.0;992;j
RS;tcainc992j;p48p100;1994;168077.3;992;j
RS;tcainc992j;p48p100;1995;177671.2;992;j
RS;tcainc992j;p48p100;1996;179709.41;992;j
RS;tcainc992j;p48p100;1997;190238.0;992;j
RS;tcainc992j;p48p100;1998;202686.3;992;j
RS;tcainc992j;p48p100;1999;230399.59;992;j
RS;tcainc992j;p48p100;2000;248125.91;992;j
RS;tcainc992j;p48p100;2001;240383.0;992;j
RS;tcainc992j;p48p100;2002;248998.5;992;j
RS;tcainc992j;p48p100;2003;259018.5;992;j
RS;tcainc992j;p48p100;2004;308060.91;992;j
RS;tcainc992j;p48p100;2005;343247.5;992;j
RS;tcainc992j;p48p100;2006;359085.41;992;j
RS;tcainc992j;p48p100;2007;359063.59;992;j
RS;tcainc992j;p48p100;2008;383773.59;992;j
RS;tcainc992j;p48p100;2009;375750.5;992;j
RS;tcainc992j;p48p100;2010;368512.41;992;j
RS;tcainc992j;p48p100;2011;368833.91;992;j
RS;tcainc992j;p48p100;2012;360370.59;992;j
RS;tcainc992j;p48p100;2013;371936.31;992;j
RS;tcainc992j;p48p100;2014;356188.91;992;j
RS;tcainc992j;p48p100;2015;356464.81;992;j
RS;tcainc992j;p48p100;2016;369732.19;992;j
RS;tcainc992j;p48p100;2017;369925.69;992;j
RS;tcainc992j;p49p100;1990;425122.0;992;j
RS;tcainc992j;p49p100;1991;370738.91;992;j
RS;tcainc992j;p49p100;1992;254676.2;992;j
RS;tcainc992j;p49p100;1993;165449.0;992;j
RS;tcainc992j;p49p100;1994;170581.91;992;j
RS;tcainc992j;p49p100;1995;180547.0;992;j
RS;tcainc992j;p49p100;1996;182403.3;992;j
RS;tcainc992j;p49p100;1997;192987.41;992;j
RS;tcainc992j;p49p100;1998;206002.8;992;j
RS;tcainc992j;p49p100;1999;234505.8;992;j
RS;tcainc992j;p49p100;2000;252726.09;992;j
RS;tcainc992j;p49p100;2001;244513.3;992;j
RS;tcainc992j;p49p100;2002;253090.5;992;j
RS;tcainc992j;p49p100;2003;264859.91;992;j
RS;tcainc992j;p49p100;2004;314083.31;992;j
RS;tcainc992j;p49p100;2005;350909.31;992;j
RS;tcainc992j;p49p100;2006;366417.0;992;j
RS;tcainc992j;p49p100;2007;366030.59;992;j
RS;tcainc992j;p49p100;2008;390879.31;992;j
RS;tcainc992j;p49p100;2009;382832.31;992;j
RS;tcainc992j;p49p100;2010;376690.31;992;j
RS;tcainc992j;p49p100;2011;377217.69;992;j
RS;tcainc992j;p49p100;2012;368380.81;992;j
RS;tcainc992j;p49p100;2013;379539.19;992;j
RS;tcainc992j;p49p100;2014;363530.59;992;j
RS;tcainc992j;p49p100;2015;363930.41;992;j
RS;tcainc992j;p49p100;2016;377400.09;992;j
RS;tcainc992j;p49p100;2017;377604.69;992;j
RS;tcainc992j;p58p59;1990;498871.31;992;j
RS;tcainc992j;p58p59;1991;433427.41;992;j
RS;tcainc992j;p58p59;1992;296186.5;992;j
RS;tcainc992j;p58p59;1993;191618.3;992;j
RS;tcainc992j;p58p59;1994;197068.59;992;j
RS;tcainc992j;p58p59;1995;207594.0;992;j
RS;tcainc992j;p58p59;1996;209222.8;992;j
RS;tcainc992j;p58p59;1997;220980.91;992;j
RS;tcainc992j;p58p59;1998;240146.91;992;j
RS;tcainc992j;p58p59;1999;271670.0;992;j
RS;tcainc992j;p58p59;2000;291778.41;992;j
RS;tcainc992j;p58p59;2001;280595.59;992;j
RS;tcainc992j;p58p59;2002;294863.59;992;j
RS;tcainc992j;p58p59;2003;310756.31;992;j
RS;tcainc992j;p58p59;2004;370223.0;992;j
RS;tcainc992j;p58p59;2005;416004.69;992;j
RS;tcainc992j;p58p59;2006;437790.31;992;j
RS;tcainc992j;p58p59;2007;441699.69;992;j
RS;tcainc992j;p58p59;2008;473645.81;992;j
RS;tcainc992j;p58p59;2009;462570.0;992;j
RS;tcainc992j;p58p59;2010;458434.31;992;j
RS;tcainc992j;p58p59;2011;460180.81;992;j
RS;tcainc992j;p58p59;2012;453988.19;992;j
RS;tcainc992j;p58p59;2013;466228.19;992;j
RS;tcainc992j;p58p59;2014;446377.81;992;j
RS;tcainc992j;p58p59;2015;438293.19;992;j
RS;tcainc992j;p58p59;2016;454641.31;992;j
RS;tcainc992j;p58p59;2017;454813.69;992;j
RS;tcainc992j;p70p100;1990;606857.31;992;j
RS;tcainc992j;p70p100;1991;528262.13;992;j
RS;tcainc992j;p70p100;1992;361077.19;992;j
RS;tcainc992j;p70p100;1993;233876.5;992;j
RS;tcainc992j;p70p100;1994;240492.09;992;j
RS;tcainc992j;p70p100;1995;253520.8;992;j
RS;tcainc992j;p70p100;1996;255728.5;992;j
RS;tcainc992j;p70p100;1997;269950.81;992;j
RS;tcainc992j;p70p100;1998;293798.41;992;j
RS;tcainc992j;p70p100;1999;329875.09;992;j
RS;tcainc992j;p70p100;2000;354048.19;992;j
RS;tcainc992j;p70p100;2001;341539.0;992;j
RS;tcainc992j;p70p100;2002;359407.59;992;j
RS;tcainc992j;p70p100;2003;380320.41;992;j
RS;tcainc992j;p70p100;2004;456562.69;992;j
RS;tcainc992j;p70p100;2005;517173.59;992;j
RS;tcainc992j;p70p100;2006;545353.81;992;j
RS;tcainc992j;p70p100;2007;549500.0;992;j
RS;tcainc992j;p70p100;2008;593200.0;992;j
RS;tcainc992j;p70p100;2009;580036.81;992;j
RS;tcainc992j;p70p100;2010;583884.88;992;j
RS;tcainc992j;p70p100;2011;587873.38;992;j
RS;tcainc992j;p70p100;2012;583942.81;992;j
RS;tcainc992j;p70p100;2013;613878.38;992;j
RS;tcainc992j;p70p100;2014;575535.19;992;j
RS;tcainc992j;p70p100;2015;558723.31;992;j
RS;tcainc992j;p70p100;2016;579297.88;992;j
RS;tcainc992j;p70p100;2017;579742.63;992;j
RS;tcainc992j;p73p100;1990;644354.13;992;j
RS;tcainc992j;p73p100;1991;559332.88;992;j
RS;tcainc992j;p73p100;1992;382585.41;992;j
RS;tcainc992j;p73p100;1993;247788.8;992;j
RS;tcainc992j;p73p100;1994;254837.0;992;j
RS;tcainc992j;p73p100;1995;268457.31;992;j
RS;tcainc992j;p73p100;1996;270848.09;992;j
RS;tcainc992j;p73p100;1997;285922.41;992;j
RS;tcainc992j;p73p100;1998;310814.41;992;j
RS;tcainc992j;p73p100;1999;349221.91;992;j
RS;tcainc992j;p73p100;2000;374854.91;992;j
RS;tcainc992j;p73p100;2001;362321.81;992;j
RS;tcainc992j;p73p100;2002;381289.19;992;j
RS;tcainc992j;p73p100;2003;403032.09;992;j
RS;tcainc992j;p73p100;2004;486920.31;992;j
RS;tcainc992j;p73p100;2005;549900.63;992;j
RS;tcainc992j;p73p100;2006;580444.0;992;j
RS;tcainc992j;p73p100;2007;587554.69;992;j
RS;tcainc992j;p73p100;2008;630738.38;992;j
RS;tcainc992j;p73p100;2009;620738.81;992;j
RS;tcainc992j;p73p100;2010;622642.81;992;j
RS;tcainc992j;p73p100;2011;625878.13;992;j
RS;tcainc992j;p73p100;2012;623460.31;992;j
RS;tcainc992j;p73p100;2013;658087.69;992;j
RS;tcainc992j;p73p100;2014;613369.63;992;j
RS;tcainc992j;p73p100;2015;596953.13;992;j
RS;tcainc992j;p73p100;2016;618916.31;992;j
RS;tcainc992j;p73p100;2017;619276.63;992;j
RS;tcainc992j;p99.1p100;1990;2206131.3;992;j
RS;tcainc992j;p99.1p100;1991;1910824.4;992;j
RS;tcainc992j;p99.1p100;1992;1310587.5;992;j
RS;tcainc992j;p99.1p100;1993;853612.13;992;j
RS;tcainc992j;p99.1p100;1994;880307.88;992;j
RS;tcainc992j;p99.1p100;1995;930476.5;992;j
RS;tcainc992j;p99.1p100;1996;932910.63;992;j
RS;tcainc992j;p99.1p100;1997;979098.69;992;j
RS;tcainc992j;p99.1p100;1998;1089665.9;992;j
RS;tcainc992j;p99.1p100;1999;1273873.3;992;j
RS;tcainc992j;p99.1p100;2000;1448745.0;992;j
RS;tcainc992j;p99.1p100;2001;1436845.4;992;j
RS;tcainc992j;p99.1p100;2002;1554309.8;992;j
RS;tcainc992j;p99.1p100;2003;1628939.6;992;j
RS;tcainc992j;p99.1p100;2004;1976717.0;992;j
RS;tcainc992j;p99.1p100;2005;2299289.0;992;j
RS;tcainc992j;p99.1p100;2006;2514483.0;992;j
RS;tcainc992j;p99.1p100;2007;2499584.8;992;j
RS;tcainc992j;p99.1p100;2008;2718323.5;992;j
RS;tcainc992j;p99.1p100;2009;2734444.8;992;j
RS;tcainc992j;p99.1p100;2010;2848066.0;992;j
RS;tcainc992j;p99.1p100;2011;2961578.0;992;j
RS;tcainc992j;p99.1p100;2012;2987294.3;992;j
RS;tcainc992j;p99.1p100;2013;3029233.5;992;j
RS;tcainc992j;p99.1p100;2014;2894486.3;992;j
RS;tcainc992j;p99.1p100;2015;3057442.0;992;j
RS;tcainc992j;p99.1p100;2016;3170803.5;992;j
RS;tcainc992j;p99.1p100;2017;3173897.8;992;j
RS;tcainc992j;p99.92p100;1990;7020331.0;992;j
RS;tcainc992j;p99.92p100;1991;5964896.0;992;j
RS;tcainc992j;p99.92p100;1992;3989093.0;992;j
RS;tcainc992j;p99.92p100;1993;2557668.8;992;j
RS;tcainc992j;p99.92p100;1994;2609266.0;992;j
RS;tcainc992j;p99.92p100;1995;2732961.3;992;j
RS;tcainc992j;p99.92p100;1996;2704400.8;992;j
RS;tcainc992j;p99.92p100;1997;2798425.8;992;j
RS;tcainc992j;p99.92p100;1998;3173122.5;992;j
RS;tcainc992j;p99.92p100;1999;3948485.5;992;j
RS;tcainc992j;p99.92p100;2000;4574072.0;992;j
RS;tcainc992j;p99.92p100;2001;4748958.5;992;j
RS;tcainc992j;p99.92p100;2002;5012325.0;992;j
RS;tcainc992j;p99.92p100;2003;5224514.0;992;j
RS;tcainc992j;p99.92p100;2004;6326005.0;992;j
RS;tcainc992j;p99.92p100;2005;7507234.5;992;j
RS;tcainc992j;p99.92p100;2006;7952396.5;992;j
RS;tcainc992j;p99.92p100;2007;7536953.0;992;j
RS;tcainc992j;p99.92p100;2008;7845547.5;992;j
RS;tcainc992j;p99.92p100;2009;8420597.0;992;j
RS;tcainc992j;p99.92p100;2010;8554738.0;992;j
RS;tcainc992j;p99.92p100;2011;8766542.0;992;j
RS;tcainc992j;p99.92p100;2012;10238711.0;992;j
RS;tcainc992j;p99.92p100;2013;9459020.0;992;j
RS;tcainc992j;p99.92p100;2014;11281153.0;992;j
RS;tcainc992j;p99.92p100;2015;13851585.0;992;j
RS;tcainc992j;p99.92p100;2016;14368590.0;992;j
RS;tcainc992j;p99.92p100;2017;14390144.0;992;j
RS;tcainc992j;p99.97p99.98;1990;11642457.0;992;j
RS;tcainc992j;p99.97p99.98;1991;9791394.0;992;j
RS;tcainc992j;p99.97p99.98;1992;6454698.0;992;j
RS;tcainc992j;p99.97p99.98;1993;4097293.5;992;j
RS;tcainc992j;p99.97p99.98;1994;4152199.0;992;j
RS;tcainc992j;p99.97p99.98;1995;4323987.5;992;j
RS;tcainc992j;p99.97p99.98;1996;4250563.0;992;j
RS;tcainc992j;p99.97p99.98;1997;4366693.0;992;j
RS;tcainc992j;p99.97p99.98;1998;4991492.0;992;j
RS;tcainc992j;p99.97p99.98;1999;6392935.0;992;j
RS;tcainc992j;p99.97p99.98;2000;7417562.5;992;j
RS;tcainc992j;p99.97p99.98;2001;7866926.0;992;j
RS;tcainc992j;p99.97p99.98;2002;8171265.5;992;j
RS;tcainc992j;p99.97p99.98;2003;8521186.0;992;j
RS;tcainc992j;p99.97p99.98;2004;10324018.0;992;j
RS;tcainc992j;p99.97p99.98;2005;12369919.0;992;j
RS;tcainc992j;p99.97p99.98;2006;12842185.0;992;j
RS;tcainc992j;p99.97p99.98;2007;11895067.0;992;j
RS;tcainc992j;p99.97p99.98;2008;12086384.0;992;j
RS;tcainc992j;p99.97p99.98;2009;13396843.0;992;j
RS;tcainc992j;p99.97p99.98;2010;13415473.0;992;j
RS;tcainc992j;p99.97p99.98;2011;13627888.0;992;j
RS;tcainc992j;p99.97p99.98;2012;17090556.0;992;j
RS;tcainc992j;p99.97p99.98;2013;15090913.0;992;j
RS;tcainc992j;p99.97p99.98;2014;20108822.0;992;j
RS;tcainc992j;p99.97p99.98;2015;26406546.0;992;j
RS;tcainc992j;p99.97p99.98;2016;27395832.0;992;j
RS;tcainc992j;p99.97p99.98;2017;27444350.0;992;j
RS;tdiinc992j;p49p50;1990;613002.81;992;j
RS;tdiinc992j;p49p50;1991;534344.69;992;j
RS;tdiinc992j;p49p50;1992;366941.19;992;j
RS;tdiinc992j;p49p50;1993;238327.7;992;j
RS;tdiinc992j;p49p50;1994;245680.8;992;j
RS;tdiinc992j;p49p50;1995;259952.0;992;j
RS;tdiinc992j;p49p50;1996;262563.09;992;j
RS;tdiinc992j;p49p50;1997;279131.31;992;j
RS;tdiinc992j;p49p50;1998;285475.91;992;j
RS;tdiinc992j;p49p50;1999;310903.41;992;j
RS;tdiinc992j;p49p50;2000;340460.81;992;j
RS;tdiinc992j;p49p50;2001;337834.19;992;j
RS;tdiinc992j;p49p50;2002;361393.5;992;j
RS;tdiinc992j;p49p50;2003;377239.41;992;j
RS;tdiinc992j;p49p50;2004;421529.0;992;j
RS;tdiinc992j;p49p50;2005;461856.5;992;j
RS;tdiinc992j;p49p50;2006;483250.91;992;j
RS;tdiinc992j;p49p50;2007;499908.19;992;j
RS;tdiinc992j;p49p50;2008;530935.63;992;j
RS;tdiinc992j;p49p50;2009;516539.5;992;j
RS;tdiinc992j;p49p50;2010;508820.59;992;j
RS;tdiinc992j;p49p50;2011;505859.69;992;j
RS;tdiinc992j;p49p50;2012;496017.41;992;j
RS;tdiinc992j;p49p50;2013;510707.19;992;j
RS;tdiinc992j;p49p50;2014;490398.81;992;j
RS;tdiinc992j;p49p50;2015;491605.59;992;j
RS;tdiinc992j;p49p50;2016;504204.69;992;j
RS;tdiinc992j;p49p50;2017;506845.19;992;j
RS;tdiinc992j;p88p89;1990;1195537.9;992;j
RS;tdiinc992j;p88p89;1991;1034127.6;992;j
RS;tdiinc992j;p88p89;1992;705519.38;992;j
RS;tdiinc992j;p88p89;1993;455831.81;992;j
RS;tdiinc992j;p88p89;1994;467327.5;992;j
RS;tdiinc992j;p88p89;1995;490393.81;992;j
RS;tdiinc992j;p88p89;1996;491632.91;992;j
RS;tdiinc992j;p88p89;1997;518272.41;992;j
RS;tdiinc992j;p88p89;1998;548596.38;992;j
RS;tdiinc992j;p88p89;1999;595985.38;992;j
RS;tdiinc992j;p88p89;2000;645412.81;992;j
RS;tdiinc992j;p88p89;2001;639027.13;992;j
RS;tdiinc992j;p88p89;2002;691734.0;992;j
RS;tdiinc992j;p88p89;2003;744694.13;992;j
RS;tdiinc992j;p88p89;2004;858106.81;992;j
RS;tdiinc992j;p88p89;2005;968988.38;992;j
RS;tdiinc992j;p88p89;2006;1035062.5;992;j
RS;tdiinc992j;p88p89;2007;1081803.3;992;j
RS;tdiinc992j;p88p89;2008;1154647.4;992;j
RS;tdiinc992j;p88p89;2009;1142823.1;992;j
RS;tdiinc992j;p88p89;2010;1163055.1;992;j
RS;tdiinc992j;p88p89;2011;1185952.0;992;j
RS;tdiinc992j;p88p89;2012;1167886.8;992;j
RS;tdiinc992j;p88p89;2013;1210769.5;992;j
RS;tdiinc992j;p88p89;2014;1123496.1;992;j
RS;tdiinc992j;p88p89;2015;1109319.1;992;j
RS;tdiinc992j;p88p89;2016;1148730.4;992;j
RS;tdiinc992j;p88p89;2017;1156064.5;992;j
RS;tdiinc992j;p99.3p99.4;1990;3305809.3;992;j
RS;tdiinc992j;p99.3p99.4;1991;2860351.0;992;j
RS;tdiinc992j;p99.3p99.4;1992;1959196.1;992;j
RS;tdiinc992j;p99.3p99.4;1993;1275343.5;992;j
RS;tdiinc992j;p99.3p99.4;1994;1314759.1;992;j
RS;tdiinc992j;p99.3p99.4;1995;1389375.3;992;j
RS;tdiinc992j;p99.3p99.4;1996;1391905.4;992;j
RS;tdiinc992j;p99.3p99.4;1997;1464454.5;992;j
RS;tdiinc992j;p99.3p99.4;1998;1580676.0;992;j
RS;tdiinc992j;p99.3p99.4;1999;1797043.3;992;j
RS;tdiinc992j;p99.3p99.4;2000;2062639.3;992;j
RS;tdiinc992j;p99.3p99.4;2001;2099835.3;992;j
RS;tdiinc992j;p99.3p99.4;2002;2317082.3;992;j
RS;tdiinc992j;p99.3p99.4;2003;2417056.5;992;j
RS;tdiinc992j;p99.3p99.4;2004;2761496.5;992;j
RS;tdiinc992j;p99.3p99.4;2005;3152700.8;992;j
RS;tdiinc992j;p99.3p99.4;2006;3441926.3;992;j
RS;tdiinc992j;p99.3p99.4;2007;3501031.0;992;j
RS;tdiinc992j;p99.3p99.4;2008;3768119.0;992;j
RS;tdiinc992j;p99.3p99.4;2009;3789185.8;992;j
RS;tdiinc992j;p99.3p99.4;2010;3926408.0;992;j
RS;tdiinc992j;p99.3p99.4;2011;4063454.5;992;j
RS;tdiinc992j;p99.3p99.4;2012;4138405.0;992;j
RS;tdiinc992j;p99.3p99.4;2013;4165743.3;992;j
RS;tdiinc992j;p99.3p99.4;2014;4048673.3;992;j
RS;tdiinc992j;p99.3p99.4;2015;4324311.0;992;j
RS;tdiinc992j;p99.3p99.4;2016;4505805.5;992;j
RS;tdiinc992j;p99.3p99.4;2017;4538306.5;992;j
RS;tdiinc992j;p99.5p99.6;1990;3842844.5;992;j
RS;tdiinc992j;p99.5p99.6;1991;3318162.3;992;j
RS;tdiinc992j;p99.5p99.6;1992;2267043.0;992;j
RS;tdiinc992j;p99.5p99.6;1993;1473768.6;992;j
RS;tdiinc992j;p99.5p99.6;1994;1517839.8;992;j
RS;tdiinc992j;p99.5p99.6;1995;1602728.6;992;j
RS;tdiinc992j;p99.5p99.6;1996;1603221.9;992;j
RS;tdiinc992j;p99.5p99.6;1997;1683975.9;992;j
RS;tdiinc992j;p99.5p99.6;1998;1822796.6;992;j
RS;tdiinc992j;p99.5p99.6;1999;2089208.3;992;j
RS;tdiinc992j;p99.5p99.6;2000;2406661.5;992;j
RS;tdiinc992j;p99.5p99.6;2001;2463836.0;992;j
RS;tdiinc992j;p99.5p99.6;2002;2712608.3;992;j
RS;tdiinc992j;p99.5p99.6;2003;2825814.5;992;j
RS;tdiinc992j;p99.5p99.6;2004;3226611.3;992;j
RS;tdiinc992j;p99.5p99.6;2005;3692833.3;992;j
RS;tdiinc992j;p99.5p99.6;2006;4020681.8;992;j
RS;tdiinc992j;p99.5p99.6;2007;4065519.5;992;j
RS;tdiinc992j;p99.5p99.6;2008;4355582.0;992;j
RS;tdiinc992j;p99.5p99.6;2009;4413692.5;992;j
RS;tdiinc992j;p99.5p99.6;2010;4562350.0;992;j
RS;tdiinc992j;p99.5p99.6;2011;4715706.0;992;j
RS;tdiinc992j;p99.5p99.6;2012;4887135.5;992;j
RS;tdiinc992j;p99.5p99.6;2013;4865063.5;992;j
RS;tdiinc992j;p99.5p99.6;2014;4850274.5;992;j
RS;tdiinc992j;p99.5p99.6;2015;5280022.5;992;j
RS;tdiinc992j;p99.5p99.6;2016;5503755.0;992;j
RS;tdiinc992j;p99.5p99.6;2017;5543965.0;992;j
RS;tptinc992j;p63p100;1990;750424.0;992;j
RS;tptinc992j;p63p100;1991;648875.5;992;j
RS;tptinc992j;p63p100;1992;442732.69;992;j
RS;tptinc992j;p63p100;1993;285939.09;992;j
RS;tptinc992j;p63p100;1994;293738.91;992;j
RS;tptinc992j;p63p100;1995;308840.81;992;j
RS;tptinc992j;p63p100;1996;310454.81;992;j
RS;tptinc992j;p63p100;1997;328164.0;992;j
RS;tptinc992j;p63p100;1998;344596.5;992;j
RS;tptinc992j;p63p100;1999;374865.91;992;j
RS;tptinc992j;p63p100;2000;405444.81;992;j
RS;tptinc992j;p63p100;2001;399919.5;992;j
RS;tptinc992j;p63p100;2002;431698.91;992;j
RS;tptinc992j;p63p100;2003;453826.91;992;j
RS;tptinc992j;p63p100;2004;502861.5;992;j
RS;tptinc992j;p63p100;2005;556545.81;992;j
RS;tptinc992j;p63p100;2006;591049.38;992;j
RS;tptinc992j;p63p100;2007;618540.63;992;j
RS;tptinc992j;p63p100;2008;661583.88;992;j
RS;tptinc992j;p63p100;2009;649206.31;992;j
RS;tptinc992j;p63p100;2010;642473.63;992;j
RS;tptinc992j;p63p100;2011;637376.63;992;j
RS;tptinc992j;p63p100;2012;643425.69;992;j
RS;tptinc992j;p63p100;2013;670341.88;992;j
RS;tptinc992j;p63p100;2014;641374.31;992;j
RS;tptinc992j;p63p100;2015;653709.63;992;j
RS;tptinc992j;p63p100;2016;673710.88;992;j
RS;tptinc992j;p63p100;2017;677680.19;992;j
RS;tptinc992j;p65p100;1990;783784.88;992;j
RS;tptinc992j;p65p100;1991;677571.88;992;j
RS;tptinc992j;p65p100;1992;462719.0;992;j
RS;tptinc992j;p65p100;1993;298647.19;992;j
RS;tptinc992j;p65p100;1994;306454.59;992;j
RS;tptinc992j;p65p100;1995;322386.0;992;j
RS;tptinc992j;p65p100;1996;323977.19;992;j
RS;tptinc992j;p65p100;1997;342492.0;992;j
RS;tptinc992j;p65p100;1998;359062.81;992;j
RS;tptinc992j;p65p100;1999;389210.41;992;j
RS;tptinc992j;p65p100;2000;421301.31;992;j
RS;tptinc992j;p65p100;2001;416669.5;992;j
RS;tptinc992j;p65p100;2002;451053.91;992;j
RS;tptinc992j;p65p100;2003;473504.31;992;j
RS;tptinc992j;p65p100;2004;524721.63;992;j
RS;tptinc992j;p65p100;2005;581538.0;992;j
RS;tptinc992j;p65p100;2006;618762.0;992;j
RS;tptinc992j;p65p100;2007;646344.88;992;j
RS;tptinc992j;p65p100;2008;692584.88;992;j
RS;tptinc992j;p65p100;2009;679812.81;992;j
RS;tptinc992j;p65p100;2010;673365.31;992;j
RS;tptinc992j;p65p100;2011;671585.38;992;j
RS;tptinc992j;p65p100;2012;676330.5;992;j
RS;tptinc992j;p65p100;2013;702526.31;992;j
RS;tptinc992j;p65p100;2014;672994.63;992;j
RS;tptinc992j;p65p100;2015;685073.31;992;j
RS;tptinc992j;p65p100;2016;705812.31;992;j
RS;tptinc992j;p65p100;2017;709880.63;992;j
RS;tptinc992j;p86p87;1990;1186665.5;992;j
RS;tptinc992j;p86p87;1991;1026608.3;992;j
RS;tptinc992j;p86p87;1992;700368.38;992;j
RS;tptinc992j;p86p87;1993;452641.0;992;j
RS;tptinc992j;p86p87;1994;464653.91;992;j
RS;tptinc992j;p86p87;1995;489329.5;992;j
RS;tptinc992j;p86p87;1996;491970.5;992;j
RS;tptinc992j;p86p87;1997;519931.31;992;j
RS;tptinc992j;p86p87;1998;539425.38;992;j
RS;tptinc992j;p86p87;1999;586500.13;992;j
RS;tptinc992j;p86p87;2000;637309.5;992;j
RS;tptinc992j;p86p87;2001;630743.63;992;j
RS;tptinc992j;p86p87;2002;690094.5;992;j
RS;tptinc992j;p86p87;2003;726544.38;992;j
RS;tptinc992j;p86p87;2004;826903.19;992;j
RS;tptinc992j;p86p87;2005;937279.5;992;j
RS;tptinc992j;p86p87;2006;1002306.5;992;j
RS;tptinc992j;p86p87;2007;1056690.8;992;j
RS;tptinc992j;p86p87;2008;1142304.5;992;j
RS;tptinc992j;p86p87;2009;1130592.4;992;j
RS;tptinc992j;p86p87;2010;1137526.9;992;j
RS;tptinc992j;p86p87;2011;1155902.9;992;j
RS;tptinc992j;p86p87;2012;1169102.6;992;j
RS;tptinc992j;p86p87;2013;1207131.3;992;j
RS;tptinc992j;p86p87;2014;1149589.4;992;j
RS;tptinc992j;p86p87;2015;1155232.1;992;j
RS;tptinc992j;p86p87;2016;1190588.8;992;j
RS;tptinc992j;p86p87;2017;1197190.0;992;j
RS;tptinc992j;p99.5p100;1990;4422032.5;992;j
RS;tptinc992j;p99.5p100;1991;3880984.3;992;j
RS;tptinc992j;p99.5p100;1992;2689654.8;992;j
RS;tptinc992j;p99.5p100;1993;1762775.4;992;j
RS;tptinc992j;p99.5p100;1994;1839618.6;992;j
RS;tptinc992j;p99.5p100;1995;1964004.1;992;j
RS;tptinc992j;p99.5p100;1996;1991239.8;992;j
RS;tptinc992j;p99.5p100;1997;2121970.5;992;j
RS;tptinc992j;p99.5p100;1998;2263155.3;992;j
RS;tptinc992j;p99.5p100;1999;2536378.3;992;j
RS;tptinc992j;p99.5p100;2000;2925888.8;992;j
RS;tptinc992j;p99.5p100;2001;2982824.8;992;j
RS;tptinc992j;p99.5p100;2002;3273086.8;992;j
RS;tptinc992j;p99.5p100;2003;3451966.5;992;j
RS;tptinc992j;p99.5p100;2004;4005357.0;992;j
RS;tptinc992j;p99.5p100;2005;4553332.5;992;j
RS;tptinc992j;p99.5p100;2006;4859741.0;992;j
RS;tptinc992j;p99.5p100;2007;4833430.5;992;j
RS;tptinc992j;p99.5p100;2008;5199069.5;992;j
RS;tptinc992j;p99.5p100;2009;5160839.5;992;j
RS;tptinc992j;p99.5p100;2010;5396732.5;992;j
RS;tptinc992j;p99.5p100;2011;5573955.5;992;j
RS;tptinc992j;p99.5p100;2012;5518324.0;992;j
RS;tptinc992j;p99.5p100;2013;5563006.5;992;j
RS;tptinc992j;p99.5p100;2014;5823688.5;992;j
RS;tptinc992j;p99.5p100;2015;5682788.0;992;j
RS;tptinc992j;p99.5p100;2016;5863671.0;992;j
RS;tptinc992j;p99.5p100;2017;5907533.0;992;j
RS;acainc992j;p0p100;1990;518276.09;992;j
RS;acainc992j;p0p100;1991;449858.31;992;j
RS;acainc992j;p0p100;1992;307943.81;992;j
RS;acainc992j;p0p100;1993;199622.59;992;j
RS;acainc992j;p0p100;1994;205518.91;992;j
RS;acainc992j;p0p100;1995;216833.2;992;j
RS;acainc992j;p0p100;1996;218507.09;992;j
RS;acainc992j;p0p100;1997;230464.8;992;j
RS;acainc992j;p0p100;1998;252867.91;992;j
RS;acainc992j;p0p100;1999;288785.59;992;j
RS;acainc992j;p0p100;2000;313273.0;992;j
RS;acainc992j;p0p100;2001;305353.41;992;j
RS;acainc992j;p0p100;2002;318849.91;992;j
RS;acainc992j;p0p100;2003;336032.09;992;j
RS;acainc992j;p0p100;2004;401534.19;992;j
RS;acainc992j;p0p100;2005;457269.31;992;j
RS;acainc992j;p0p100;2006;482197.31;992;j
RS;acainc992j;p0p100;2007;481432.59;992;j
RS;acainc992j;p0p100;2008;515667.0;992;j
RS;acainc992j;p0p100;2009;510238.91;992;j
RS;acainc992j;p0p100;2010;512384.81;992;j
RS;acainc992j;p0p100;2011;517609.81;992;j
RS;acainc992j;p0p100;2012;516875.81;992;j
RS;acainc992j;p0p100;2013;529066.13;992;j
RS;acainc992j;p0p100;2014;519442.81;992;j
RS;acainc992j;p0p100;2015;524301.31;992;j
RS;acainc992j;p0p100;2016;543763.81;992;j
RS;acainc992j;p0p100;2017;544232.88;992;j
RS;acainc992j;p1p100;1990;523062.09;992;j
RS;acainc992j;p1p100;1991;454053.19;992;j
RS;acainc992j;p1p100;1992;310846.09;992;j
RS;acainc992j;p1p100;1993;201524.3;992;j
RS;acainc992j;p1p100;1994;207498.09;992;j
RS;acainc992j;p1p100;1995;218943.5;992;j
RS;acainc992j;p1p100;1996;220656.2;992;j
RS;acainc992j;p1p100;1997;232755.91;992;j
RS;acainc992j;p1p100;1998;255372.41;992;j
RS;acainc992j;p1p100;1999;291632.31;992;j
RS;acainc992j;p1p100;2000;316400.41;992;j
RS;acainc992j;p1p100;2001;308407.81;992;j
RS;acainc992j;p1p100;2002;322079.91;992;j
RS;acainc992j;p1p100;2003;339365.59;992;j
RS;acainc992j;p1p100;2004;405519.81;992;j
RS;acainc992j;p1p100;2005;461797.5;992;j
RS;acainc992j;p1p100;2006;486970.59;992;j
RS;acainc992j;p1p100;2007;486258.81;992;j
RS;acainc992j;p1p100;2008;520878.09;992;j
RS;acainc992j;p1p100;2009;515245.69;992;j
RS;acainc992j;p1p100;2010;517417.19;992;j
RS;acainc992j;p1p100;2011;522710.81;992;j
RS;acainc992j;p1p100;2012;522006.31;992;j
RS;acainc992j;p1p100;2013;534121.0;992;j
RS;acainc992j;p1p100;2014;524003.81;992;j
RS;acainc992j;p1p100;2015;529148.63;992;j
RS;acainc992j;p1p100;2016;548790.69;992;j
RS;acainc992j;p1p100;2017;549264.88;992;j
RS;acainc992j;p26p100;1990;652567.38;992;j
RS;acainc992j;p26p100;1991;565874.31;992;j
RS;acainc992j;p26p100;1992;386956.5;992;j
RS;acainc992j;p26p100;1993;250578.5;992;j
RS;acainc992j;p26p100;1994;257697.0;992;j
RS;acainc992j;p26p100;1995;271587.91;992;j
RS;acainc992j;p26p100;1996;273357.91;992;j
RS;acainc992j;p26p100;1997;287986.81;992;j
RS;acainc992j;p26p100;1998;314278.41;992;j
RS;acainc992j;p26p100;1999;358783.59;992;j
RS;acainc992j;p26p100;2000;390000.0;992;j
RS;acainc992j;p26p100;2001;380469.91;992;j
RS;acainc992j;p26p100;2002;401176.69;992;j
RS;acainc992j;p26p100;2003;423521.91;992;j
RS;acainc992j;p26p100;2004;510101.59;992;j
RS;acainc992j;p26p100;2005;582334.88;992;j
RS;acainc992j;p26p100;2006;617688.69;992;j
RS;acainc992j;p26p100;2007;618713.13;992;j
RS;acainc992j;p26p100;2008;664185.63;992;j
RS;acainc992j;p26p100;2009;658510.31;992;j
RS;acainc992j;p26p100;2010;664967.19;992;j
RS;acainc992j;p26p100;2011;675206.63;992;j
RS;acainc992j;p26p100;2012;675100.31;992;j
RS;acainc992j;p26p100;2013;690674.38;992;j
RS;acainc992j;p26p100;2014;665762.38;992;j
RS;acainc992j;p26p100;2015;680492.69;992;j
RS;acainc992j;p26p100;2016;705703.88;992;j
RS;acainc992j;p26p100;2017;706369.13;992;j
RS;acainc992j;p50p100;1990;801285.0;992;j
RS;acainc992j;p50p100;1991;693825.13;992;j
RS;acainc992j;p50p100;1992;473781.59;992;j
RS;acainc992j;p50p100;1993;306446.31;992;j
RS;acainc992j;p50p100;1994;314772.31;992;j
RS;acainc992j;p50p100;1995;331360.19;992;j
RS;acainc992j;p50p100;1996;332989.19;992;j
RS;acainc992j;p50p100;1997;350253.19;992;j
RS;acainc992j;p50p100;1998;383569.41;992;j
RS;acainc992j;p50p100;1999;438242.19;992;j
RS;acainc992j;p50p100;2000;477302.81;992;j
RS;acainc992j;p50p100;2001;466081.31;992;j
RS;acainc992j;p50p100;2002;493842.19;992;j
RS;acainc992j;p50p100;2003;522501.31;992;j
RS;acainc992j;p50p100;2004;632625.88;992;j
RS;acainc992j;p50p100;2005;725311.69;992;j
RS;acainc992j;p50p100;2006;773032.0;992;j
RS;acainc992j;p50p100;2007;775368.81;992;j
RS;acainc992j;p50p100;2008;834824.38;992;j
RS;acainc992j;p50p100;2009;830571.5;992;j
RS;acainc992j;p50p100;2010;844602.38;992;j
RS;acainc992j;p50p100;2011;862507.38;992;j
RS;acainc992j;p50p100;2012;864797.31;992;j
RS;acainc992j;p50p100;2013;888551.88;992;j
RS;acainc992j;p50p100;2014;852292.81;992;j
RS;acainc992j;p50p100;2015;876925.13;992;j
RS;acainc992j;p50p100;2016;909393.5;992;j
RS;acainc992j;p50p100;2017;910322.81;992;j
RS;acainc992j;p59p100;1990;874364.81;992;j
RS;acainc992j;p59p100;1991;756707.13;992;j
RS;acainc992j;p59p100;1992;516496.5;992;j
RS;acainc992j;p59p100;1993;333984.5;992;j
RS;acainc992j;p59p100;1994;342954.31;992;j
RS;acainc992j;p59p100;1995;360929.0;992;j
RS;acainc992j;p59p100;1996;362510.91;992;j
RS;acainc992j;p59p100;1997;381102.69;992;j
RS;acainc992j;p59p100;1998;417882.19;992;j
RS;acainc992j;p59p100;1999;478014.09;992;j
RS;acainc992j;p59p100;2000;521360.09;992;j
RS;acainc992j;p59p100;2001;509651.81;992;j
RS;acainc992j;p59p100;2002;540962.69;992;j
RS;acainc992j;p59p100;2003;572899.88;992;j
RS;acainc992j;p59p100;2004;695027.63;992;j
RS;acainc992j;p59p100;2005;798626.63;992;j
RS;acainc992j;p59p100;2006;852673.0;992;j
RS;acainc992j;p59p100;2007;855194.0;992;j
RS;acainc992j;p59p100;2008;921659.19;992;j
RS;acainc992j;p59p100;2009;918376.5;992;j
RS;acainc992j;p59p100;2010;936580.81;992;j
RS;acainc992j;p59p100;2011;958389.69;992;j
RS;acainc992j;p59p100;2012;962230.69;992;j
RS;acainc992j;p59p100;2013;989149.19;992;j
RS;acainc992j;p59p100;2014;948458.5;992;j
RS;acainc992j;p59p100;2015;979454.31;992;j
RS;acainc992j;p59p100;2016;1015717.9;992;j
RS;acainc992j;p59p100;2017;1016795.7;992;j
RS;acainc992j;p77p100;1990;1094099.8;992;j
RS;acainc992j;p77p100;1991;945409.69;992;j
RS;acainc992j;p77p100;1992;644810.0;992;j
RS;acainc992j;p77p100;1993;416853.31;992;j
RS;acainc992j;p77p100;1994;427886.81;992;j
RS;acainc992j;p77p100;1995;450157.91;992;j
RS;acainc992j;p77p100;1996;451503.5;992;j
RS;acainc992j;p77p100;1997;473978.19;992;j
RS;acainc992j;p77p100;1998;521255.0;992;j
RS;acainc992j;p77p100;1999;599805.69;992;j
RS;acainc992j;p77p100;2000;659114.88;992;j
RS;acainc992j;p77p100;2001;647039.19;992;j
RS;acainc992j;p77p100;2002;689070.19;992;j
RS;acainc992j;p77p100;2003;730804.88;992;j
RS;acainc992j;p77p100;2004;890337.13;992;j
RS;acainc992j;p77p100;2005;1029887.4;992;j
RS;acainc992j;p77p100;2006;1104426.1;992;j
RS;acainc992j;p77p100;2007;1105499.1;992;j
RS;acainc992j;p77p100;2008;1192947.1;992;j
RS;acainc992j;p77p100;2009;1195193.8;992;j
RS;acainc992j;p77p100;2010;1227424.3;992;j
RS;acainc992j;p77p100;2011;1263616.9;992;j
RS;acainc992j;p77p100;2012;1272926.5;992;j
RS;acainc992j;p77p100;2013;1300362.4;992;j
RS;acainc992j;p77p100;2014;1254017.8;992;j
RS;acainc992j;p77p100;2015;1320497.1;992;j
RS;acainc992j;p77p100;2016;1369424.3;992;j
RS;acainc992j;p77p100;2017;1371025.3;992;j
RS;acainc992j;p99.94p99.95;1990;8523734.0;992;j
RS;acainc992j;p99.94p99.95;1991;7213633.5;992;j
RS;acainc992j;p99.94p99.95;1992;4797713.5;992;j
RS;acainc992j;p99.94p99.95;1993;3064501.5;992;j
RS;acainc992j;p99.94p99.95;1994;3118447.0;992;j
RS;acainc992j;p99.94p99.95;1995;3259172.0;992;j
RS;acainc992j;p99.94p99.95;1996;3216909.5;992;j
RS;acainc992j;p99.94p99.95;1997;3319579.3;992;j
RS;acainc992j;p99.94p99.95;1998;3775530.5;992;j
RS;acainc992j;p99.94p99.95;1999;4750326.0;992;j
RS;acainc992j;p99.94p99.95;2000;5508238.0;992;j
RS;acainc992j;p99.94p99.95;2001;5767118.5;992;j
RS;acainc992j;p99.94p99.95;2002;6050975.5;992;j
RS;acainc992j;p99.94p99.95;2003;6307480.5;992;j
RS;acainc992j;p99.94p99.95;2004;7636953.0;992;j
RS;acainc992j;p99.94p99.95;2005;9096174.0;992;j
RS;acainc992j;p99.94p99.95;2006;9562717.0;992;j
RS;acainc992j;p99.94p99.95;2007;8984204.0;992;j
RS;acainc992j;p99.94p99.95;2008;9266545.0;992;j
RS;acainc992j;p99.94p99.95;2009;10069235.0;992;j
RS;acainc992j;p99.94p99.95;2010;10174096.0;992;j
RS;acainc992j;p99.94p99.95;2011;10391622.0;992;j
RS;acainc992j;p99.94p99.95;2012;12475682.0;992;j
RS;acainc992j;p99.94p99.95;2013;11325004.0;992;j
RS;acainc992j;p99.94p99.95;2014;14105266.0;992;j
RS;acainc992j;p99.94p99.95;2015;17811602.0;992;j
RS;acainc992j;p99.94p99.95;2016;18475236.0;992;j
RS;acainc992j;p99.94p99.95;2017;18506950.0;992;j
RS;accsho992i;p0p100;1997;18179.0;992;i
RS;accsho992i;p0p100;1998;20169.9;992;i
RS;accsho992i;p0p100;1999;24092.9;992;i
RS;accsho992i;p0p100;2000;24834.5;992;i
RS;accsho992i;p0p100;2001;25181.301;992;i
RS;accsho992i;p0p100;2002;26190.301;992;i
RS;accsho992i;p0p100;2003;27101.1;992;i
RS;accsho992i;p0p100;2004;28316.1;992;i
RS;accsho992i;p0p100;2005;29852.0;992;i
RS;accsho992i;p0p100;2006;28111.1;992;i
RS;accsho992i;p0p100;2007;26434.9;992;i
RS;accsho992i;p0p100;2008;27365.0;992;i
RS;accsho992i;p0p100;2009;30970.1;992;i
RS;accsho992i;p0p100;2010;31862.5;992;i
RS;accsho992i;p0p100;2011;28841.0;992;i
RS;adiinc992j;p7p8;1990;171442.0;992;j
RS;adiinc992j;p7p8;1991;149564.7;992;j
RS;adiinc992j;p7p8;1992;103341.6;992;j
RS;adiinc992j;p7p8;1993;67843.602;992;j
RS;adiinc992j;p7p8;1994;70869.703;992;j
RS;adiinc992j;p7p8;1995;75464.0;992;j
RS;adiinc992j;p7p8;1996;77081.703;992;j
RS;adiinc992j;p7p8;1997;83335.398;992;j
RS;adiinc992j;p7p8;1998;90974.0;992;j
RS;adiinc992j;p7p8;1999;97976.703;992;j
RS;adiinc992j;p7p8;2000;105638.8;992;j
RS;adiinc992j;p7p8;2001;105497.1;992;j
RS;adiinc992j;p7p8;2002;95700.203;992;j
RS;adiinc992j;p7p8;2003;101258.6;992;j
RS;adiinc992j;p7p8;2004;99820.602;992;j
RS;adiinc992j;p7p8;2005;106644.2;992;j
RS;adiinc992j;p7p8;2006;100527.7;992;j
RS;adiinc992j;p7p8;2007;93333.297;992;j
RS;adiinc992j;p7p8;2008;100214.2;992;j
RS;adiinc992j;p7p8;2009;97926.0;992;j
RS;adiinc992j;p7p8;2010;94700.203;992;j
RS;adiinc992j;p7p8;2011;84913.5;992;j
RS;adiinc992j;p7p8;2012;78542.898;992;j
RS;adiinc992j;p7p8;2013;106092.5;992;j
RS;adiinc992j;p7p8;2014;149827.7;992;j
RS;adiinc992j;p7p8;2015;121335.1;992;j
RS;adiinc992j;p7p8;2016;117782.5;992;j
RS;adiinc992j;p7p8;2017;117614.6;992;j
RS;aflcir992i;p0p100;2002;3350.0;992;i
RS;aflcir992i;p0p100;2003;2786.7;992;i
RS;aflcir992i;p0p100;2004;2878.7;992;i
RS;aflcir992i;p0p100;2005;5324.2998;992;i
RS;aflcir992i;p0p100;2006;8181.2002;992;i
RS;aflcir992i;p0p100;2007;15116.5;992;i
RS;aflcir992i;p0p100;2008;15750.4;992;i
RS;aflcir992i;p0p100;2009;14443.3;992;i
RS;aflcir992i;p0p100;2010;13573.5;992;i
RS;aflcir992i;p0p100;2011;13579.4;992;i
RS;aflcir992i;p0p100;2012;18582.1;992;i
RS;aflcir992i;p0p100;2013;16557.801;992;i
RS;aflcir992i;p0p100;2014;17671.301;992;i
RS;aflcir992i;p0p100;2015;19158.801;992;i
RS;aflcir992i;p0p100;2016;16630.4;992;i
RS;aflcir992i;p0p100;2017;14523.8;992;i
RS;aflcir992i;p0p100;2018;13561.0;992;i
RS;aprifc999i;p0p100;1997;13336.8;999;i
RS;aprifc999i;p0p100;1998;13778.2;999;i
RS;aprifc999i;p0p100;1999;5457.5;999;i
RS;aprifc999i;p0p100;2000;3561.3999;999;i
RS;aprifc999i;p0p100;2001;3759.3999;999;i
RS;aprifc999i;p0p100;2002;7490.0;999;i
RS;aprifc999i;p0p100;2003;4914.0;999;i
RS;aprifc999i;p0p100;2004;3128.8;999;i
RS;aprifc999i;p0p100;2005;3449.5;999;i
RS;aprifc999i;p0p100;2006;3175.8999;999;i
RS;aprifc999i;p0p100;2007;-740.20001;999;i
RS;aprifc999i;p0p100;2008;6343.2002;999;i
RS;aprifc999i;p0p100;2009;8738.7998;999;i
RS;aprifc999i;p0p100;2010;10032.0;999;i
RS;aprifc999i;p0p100;2011;11021.8;999;i
RS;aptinc992j;p50p51;1990;604524.88;992;j
RS;aptinc992j;p50p51;1991;522198.41;992;j
RS;aptinc992j;p50p51;1992;355861.19;992;j
RS;aptinc992j;p50p51;1993;229763.59;992;j
RS;aptinc992j;p50p51;1994;235577.09;992;j
RS;aptinc992j;p50p51;1995;247423.3;992;j
RS;aptinc992j;p50p51;1996;248669.8;992;j
RS;aptinc992j;p50p51;1997;262743.5;992;j
RS;aptinc992j;p50p51;1998;271618.0;992;j
RS;aptinc992j;p50p51;1999;296544.31;992;j
RS;aptinc992j;p50p51;2000;321487.41;992;j
RS;aptinc992j;p50p51;2001;318848.59;992;j
RS;aptinc992j;p50p51;2002;343232.09;992;j
RS;aptinc992j;p50p51;2003;356961.19;992;j
RS;aptinc992j;p50p51;2004;396094.81;992;j
RS;aptinc992j;p50p51;2005;434719.31;992;j
RS;aptinc992j;p50p51;2006;458526.41;992;j
RS;aptinc992j;p50p51;2007;476894.0;992;j
RS;aptinc992j;p50p51;2008;506281.59;992;j
RS;aptinc992j;p50p51;2009;495476.59;992;j
RS;aptinc992j;p50p51;2010;483974.59;992;j
RS;aptinc992j;p50p51;2011;479524.31;992;j
RS;aptinc992j;p50p51;2012;482576.59;992;j
RS;aptinc992j;p50p51;2013;501387.59;992;j
RS;aptinc992j;p50p51;2014;471831.59;992;j
RS;aptinc992j;p50p51;2015;489580.59;992;j
RS;aptinc992j;p50p51;2016;504567.81;992;j
RS;aptinc992j;p50p51;2017;507403.41;992;j
RS;aptinc992j;p75p100;1990;1550188.6;992;j
RS;aptinc992j;p75p100;1991;1349750.6;992;j
RS;aptinc992j;p75p100;1992;926695.69;992;j
RS;aptinc992j;p75p100;1993;602513.5;992;j
RS;aptinc992j;p75p100;1994;622145.38;992;j
RS;aptinc992j;p75p100;1995;658421.38;992;j
RS;aptinc992j;p75p100;1996;664730.63;992;j
RS;aptinc992j;p75p100;1997;705808.31;992;j
RS;aptinc992j;p75p100;1998;742402.63;992;j
RS;aptinc992j;p75p100;1999;816154.5;992;j
RS;aptinc992j;p75p100;2000;908336.38;992;j
RS;aptinc992j;p75p100;2001;910997.69;992;j
RS;aptinc992j;p75p100;2002;994068.38;992;j
RS;aptinc992j;p75p100;2003;1051617.3;992;j
RS;aptinc992j;p75p100;2004;1205253.4;992;j
RS;aptinc992j;p75p100;2005;1364656.0;992;j
RS;aptinc992j;p75p100;2006;1454762.4;992;j
RS;aptinc992j;p75p100;2007;1498810.0;992;j
RS;aptinc992j;p75p100;2008;1611635.8;992;j
RS;aptinc992j;p75p100;2009;1596408.4;992;j
RS;aptinc992j;p75p100;2010;1628702.6;992;j
RS;aptinc992j;p75p100;2011;1663656.5;992;j
RS;aptinc992j;p75p100;2012;1661994.5;992;j
RS;aptinc992j;p75p100;2013;1693858.1;992;j
RS;aptinc992j;p75p100;2014;1691766.4;992;j
RS;aptinc992j;p75p100;2015;1682230.1;992;j
RS;aptinc992j;p75p100;2016;1734515.9;992;j
RS;aptinc992j;p75p100;2017;1745624.8;992;j
RS;aptinc992j;p78p100;1990;1627766.9;992;j
RS;aptinc992j;p78p100;1991;1417957.4;992;j
RS;aptinc992j;p78p100;1992;973956.5;992;j
RS;aptinc992j;p78p100;1993;633524.69;992;j
RS;aptinc992j;p78p100;1994;654450.38;992;j
RS;aptinc992j;p78p100;1995;692904.0;992;j
RS;aptinc992j;p78p100;1996;699721.88;992;j
RS;aptinc992j;p78p100;1997;743152.5;992;j
RS;aptinc992j;p78p100;1998;782220.31;992;j
RS;aptinc992j;p78p100;1999;861028.63;992;j
RS;aptinc992j;p78p100;2000;959900.88;992;j
RS;aptinc992j;p78p100;2001;963563.38;992;j
RS;aptinc992j;p78p100;2002;1051732.6;992;j
RS;aptinc992j;p78p100;2003;1113328.3;992;j
RS;aptinc992j;p78p100;2004;1277547.3;992;j
RS;aptinc992j;p78p100;2005;1448288.1;992;j
RS;aptinc992j;p78p100;2006;1544099.9;992;j
RS;aptinc992j;p78p100;2007;1588132.8;992;j
RS;aptinc992j;p78p100;2008;1708339.8;992;j
RS;aptinc992j;p78p100;2009;1693040.8;992;j
RS;aptinc992j;p78p100;2010;1730721.8;992;j
RS;aptinc992j;p78p100;2011;1769957.6;992;j
RS;aptinc992j;p78p100;2012;1765766.4;992;j
RS;aptinc992j;p78p100;2013;1798136.8;992;j
RS;aptinc992j;p78p100;2014;1801511.9;992;j
RS;aptinc992j;p78p100;2015;1791247.6;992;j
RS;aptinc992j;p78p100;2016;1846983.5;992;j
RS;aptinc992j;p78p100;2017;1858903.0;992;j
RS;aptinc992j;p84p85;1990;1147366.3;992;j
RS;aptinc992j;p84p85;1991;992401.69;992;j
RS;aptinc992j;p84p85;1992;677014.38;992;j
RS;aptinc992j;p84p85;1993;437481.09;992;j
RS;aptinc992j;p84p85;1994;448876.31;992;j
RS;aptinc992j;p84p85;1995;471735.59;992;j
RS;aptinc992j;p84p85;1996;474127.5;992;j
RS;aptinc992j;p84p85;1997;501325.81;992;j
RS;aptinc992j;p84p85;1998;519081.41;992;j
RS;aptinc992j;p84p85;1999;566682.31;992;j
RS;aptinc992j;p84p85;2000;615353.5;992;j
RS;aptinc992j;p84p85;2001;609441.69;992;j
RS;aptinc992j;p84p85;2002;666115.13;992;j
RS;aptinc992j;p84p85;2003;699444.5;992;j
RS;aptinc992j;p84p85;2004;794115.63;992;j
RS;aptinc992j;p84p85;2005;895642.13;992;j
RS;aptinc992j;p84p85;2006;952964.19;992;j
RS;aptinc992j;p84p85;2007;1006835.0;992;j
RS;aptinc992j;p84p85;2008;1087188.1;992;j
RS;aptinc992j;p84p85;2009;1072193.3;992;j
RS;aptinc992j;p84p85;2010;1081941.4;992;j
RS;aptinc992j;p84p85;2011;1095027.4;992;j
RS;aptinc992j;p84p85;2012;1111683.8;992;j
RS;aptinc992j;p84p85;2013;1147148.0;992;j
RS;aptinc992j;p84p85;2014;1097099.8;992;j
RS;aptinc992j;p84p85;2015;1093678.8;992;j
RS;aptinc992j;p84p85;2016;1127196.9;992;j
RS;aptinc992j;p84p85;2017;1133835.8;992;j
RS;aptinc992j;p99.9p100;1990;19817474.0;992;j
RS;aptinc992j;p99.9p100;1991;17721004.0;992;j
RS;aptinc992j;p99.9p100;1992;12386413.0;992;j
RS;aptinc992j;p99.9p100;1993;8265285.5;992;j
RS;aptinc992j;p99.9p100;1994;8670253.0;992;j
RS;aptinc992j;p99.9p100;1995;9410603.0;992;j
RS;aptinc992j;p99.9p100;1996;9677332.0;992;j
RS;aptinc992j;p99.9p100;1997;10476564.0;992;j
RS;aptinc992j;p99.9p100;1998;10948372.0;992;j
RS;aptinc992j;p99.9p100;1999;12852486.0;992;j
RS;aptinc992j;p99.9p100;2000;15147364.0;992;j
RS;aptinc992j;p99.9p100;2001;16183963.0;992;j
RS;aptinc992j;p99.9p100;2002;17115216.0;992;j
RS;aptinc992j;p99.9p100;2003;17617236.0;992;j
RS;aptinc992j;p99.9p100;2004;20450452.0;992;j
RS;aptinc992j;p99.9p100;2005;22255354.0;992;j
RS;aptinc992j;p99.9p100;2006;23778702.0;992;j
RS;aptinc992j;p99.9p100;2007;22698068.0;992;j
RS;aptinc992j;p99.9p100;2008;24711916.0;992;j
RS;aptinc992j;p99.9p100;2009;24069528.0;992;j
RS;aptinc992j;p99.9p100;2010;23942478.0;992;j
RS;aptinc992j;p99.9p100;2011;25290272.0;992;j
RS;aptinc992j;p99.9p100;2012;21034660.0;992;j
RS;aptinc992j;p99.9p100;2013;22831252.0;992;j
RS;aptinc992j;p99.9p100;2014;32323358.0;992;j
RS;aptinc992j;p99.9p100;2015;31485812.0;992;j
RS;aptinc992j;p99.9p100;2016;32493380.0;992;j
RS;aptinc992j;p99.9p100;2017;32723786.0;992;j
RS;asagho999i;p0p100;1997;36673.898;999;i
RS;asagho999i;p0p100;1998;2271.6001;999;i
RS;asagho999i;p0p100;1999;-4536.7002;999;i
RS;asagho999i;p0p100;2000;-6679.7998;999;i
RS;asagho999i;p0p100;2001;-35170.199;999;i
RS;asagho999i;p0p100;2002;-48386.398;999;i
RS;asagho999i;p0p100;2003;-29570.4;999;i
RS;asagho999i;p0p100;2004;-46263.602;999;i
RS;asagho999i;p0p100;2005;-45283.199;999;i
RS;asagho999i;p0p100;2006;-44579.398;999;i
RS;asagho999i;p0p100;2007;-45194.602;999;i
RS;asagho999i;p0p100;2008;-45227.898;999;i
RS;asagho999i;p0p100;2009;-54381.0;999;i
RS;asagho999i;p0p100;2010;-63894.602;999;i
RS;asagho999i;p0p100;2011;-54355.199;999;i
RS;asecnp992i;p0p100;1997;-0.30000001;992;i
RS;asecnp992i;p0p100;1998;49.700001;992;i
RS;asecnp992i;p0p100;1999;-4.0;992;i
RS;asecnp992i;p0p100;2000;-3.4000001;992;i
RS;asecnp992i;p0p100;2001;17.299999;992;i
RS;asecnp992i;p0p100;2002;-2.5999999;992;i
RS;asecnp992i;p0p100;2003;-0.30000001;992;i
RS;asecnp992i;p0p100;2004;0.0;992;i
RS;asecnp992i;p0p100;2005;51.099998;992;i
RS;asecnp992i;p0p100;2006;108.1;992;i
RS;asecnp992i;p0p100;2007;129.3;992;i
RS;asecnp992i;p0p100;2008;154.2;992;i
RS;asecnp992i;p0p100;2009;150.2;992;i
RS;asecnp992i;p0p100;2010;129.60001;992;i
RS;asecnp992i;p0p100;2011;128.5;992;i
RS;assbgo992i;p0p100;1997;51488.898;992;i
RS;assbgo992i;p0p100;1998;67906.602;992;i
RS;assbgo992i;p0p100;1999;65052.898;992;i
RS;assbgo992i;p0p100;2000;69798.703;992;i
RS;assbgo992i;p0p100;2001;78581.703;992;i
RS;assbgo992i;p0p100;2002;102371.8;992;i
RS;assbgo992i;p0p100;2003;99000.297;992;i
RS;assbgo992i;p0p100;2004;96922.398;992;i
RS;assbgo992i;p0p100;2005;113521.4;992;i
RS;assbgo992i;p0p100;2006;129503.5;992;i
RS;assbgo992i;p0p100;2007;132942.91;992;i
RS;assbgo992i;p0p100;2008;148825.41;992;i
RS;assbgo992i;p0p100;2009;159691.5;992;i
RS;assbgo992i;p0p100;2010;158701.41;992;i
RS;assbgo992i;p0p100;2011;146013.41;992;i
RS;bcainc992j;p85p100;1990;1.57787;992;j
RS;bcainc992j;p85p100;1991;1.575913;992;j
RS;bcainc992j;p85p100;1992;1.5747641;992;j
RS;bcainc992j;p85p100;1993;1.5791138;992;j
RS;bcainc992j;p85p100;1994;1.5817027;992;j
RS;bcainc992j;p85p100;1995;1.5857973;992;j
RS;bcainc992j;p85p100;1996;1.5834339;992;j
RS;bcainc992j;p85p100;1997;1.5808724;992;j
RS;bcainc992j;p85p100;1998;1.6163899;992;j
RS;bcainc992j;p85p100;1999;1.6526345;992;j
RS;bcainc992j;p85p100;2000;1.7067647;992;j
RS;bcainc992j;p85p100;2001;1.743023;992;j
RS;bcainc992j;p85p100;2002;1.7546263;992;j
RS;bcainc992j;p85p100;2003;1.7419473;992;j
RS;bcainc992j;p85p100;2004;1.7518133;992;j
RS;bcainc992j;p85p100;2005;1.7744179;992;j
RS;bcainc992j;p85p100;2006;1.7834952;992;j
RS;bcainc992j;p85p100;2007;1.7552323;992;j
RS;bcainc992j;p85p100;2008;1.7490635;992;j
RS;bcainc992j;p85p100;2009;1.7602503;992;j
RS;bcainc992j;p85p100;2010;1.7962054;992;j
RS;bcainc992j;p85p100;2011;1.8109878;992;j
RS;bcainc992j;p85p100;2012;1.8359984;992;j
RS;bcainc992j;p85p100;2013;1.7792798;992;j
RS;bcainc992j;p85p100;2014;1.896791;992;j
RS;bcainc992j;p85p100;2015;2.0624216;992;j
RS;bcainc992j;p85p100;2016;2.0627234;992;j
RS;bcainc992j;p85p100;2017;2.0639343;992;j
RS;bdiinc992j;p99.8p100;1990;2.0585182;992;j
RS;bdiinc992j;p99.8p100;1991;2.0141776;992;j
RS;bdiinc992j;p99.8p100;1992;1.9552394;992;j
RS;bdiinc992j;p99.8p100;1993;1.9163368;992;j
RS;bdiinc992j;p99.8p100;1994;1.8913937;992;j
RS;bdiinc992j;p99.8p100;1995;1.8703449;992;j
RS;bdiinc992j;p99.8p100;1996;1.846746;992;j
RS;bdiinc992j;p99.8p100;1997;1.8215189;992;j
RS;bdiinc992j;p99.8p100;1998;1.8510966;992;j
RS;bdiinc992j;p99.8p100;1999;1.9605151;992;j
RS;bdiinc992j;p99.8p100;2000;1.9659183;992;j
RS;bdiinc992j;p99.8p100;2001;2.0545273;992;j
RS;bdiinc992j;p99.8p100;2002;1.986026;992;j
RS;bdiinc992j;p99.8p100;2003;1.9879118;992;j
RS;bdiinc992j;p99.8p100;2004;1.9906164;992;j
RS;bdiinc992j;p99.8p100;2005;2.0309389;992;j
RS;bdiinc992j;p99.8p100;2006;1.948853;992;j
RS;bdiinc992j;p99.8p100;2007;1.8626466;992;j
RS;bdiinc992j;p99.8p100;2008;1.7809414;992;j
RS;bdiinc992j;p99.8p100;2009;1.8920003;992;j
RS;bdiinc992j;p99.8p100;2010;1.8408409;992;j
RS;bdiinc992j;p99.8p100;2011;1.8116983;992;j
RS;bdiinc992j;p99.8p100;2012;2.0871525;992;j
RS;bdiinc992j;p99.8p100;2013;1.9026986;992;j
RS;bdiinc992j;p99.8p100;2014;2.4332342;992;j
RS;bdiinc992j;p99.8p100;2015;2.9332876;992;j
RS;bdiinc992j;p99.8p100;2016;2.9363346;992;j
RS;bdiinc992j;p99.8p100;2017;2.9389737;992;j
RS;bdiinc992j;p99.92p100;1990;2.1038296;992;j
RS;bdiinc992j;p99.92p100;1991;2.0556021;992;j
RS;bdiinc992j;p99.92p100;1992;1.9906954;992;j
RS;bdiinc992j;p99.92p100;1993;1.9469869;992;j
RS;bdiinc992j;p99.92p100;1994;1.9191389;992;j
RS;bdiinc992j;p99.92p100;1995;1.8955213;992;j
RS;bdiinc992j;p99.92p100;1996;1.8702289;992;j
RS;bdiinc992j;p99.92p100;1997;1.8431976;992;j
RS;bdiinc992j;p99.92p100;1998;1.8731626;992;j
RS;bdiinc992j;p99.92p100;1999;1.9873081;992;j
RS;bdiinc992j;p99.92p100;2000;1.9865118;992;j
RS;bdiinc992j;p99.92p100;2001;2.0792334;992;j
RS;bdiinc992j;p99.92p100;2002;2.0035832;992;j
RS;bdiinc992j;p99.92p100;2003;2.0084412;992;j
RS;bdiinc992j;p99.92p100;2004;2.0127754;992;j
RS;bdiinc992j;p99.92p100;2005;2.0551257;992;j
RS;bdiinc992j;p99.92p100;2006;1.9642175;992;j
RS;bdiinc992j;p99.92p100;2007;1.8738525;992;j
RS;bdiinc992j;p99.92p100;2008;1.7854422;992;j
RS;bdiinc992j;p99.92p100;2009;1.9028031;992;j
RS;bdiinc992j;p99.92p100;2010;1.8470336;992;j
RS;bdiinc992j;p99.92p100;2011;1.8149056;992;j
RS;bdiinc992j;p99.92p100;2012;2.1042616;992;j
RS;bdiinc992j;p99.92p100;2013;1.9105757;992;j
RS;bdiinc992j;p99.92p100;2014;2.4714177;992;j
RS;bdiinc992j;p99.92p100;2015;2.9887445;992;j
RS;bdiinc992j;p99.92p100;2016;2.9911036;992;j
RS;bdiinc992j;p99.92p100;2017;2.9938066;992;j
RS;bptinc992j;p26p100;1990;2.785923;992;j
RS;bptinc992j;p26p100;1991;2.8027263;992;j
RS;bptinc992j;p26p100;1992;2.8183081;992;j
RS;bptinc992j;p26p100;1993;2.8317671;992;j
RS;bptinc992j;p26p100;1994;2.8425426;992;j
RS;bptinc992j;p26p100;1995;2.8556888;992;j
RS;bptinc992j;p26p100;1996;2.8598664;992;j
RS;bptinc992j;p26p100;1997;2.8674803;992;j
RS;bptinc992j;p26p100;1998;2.8063066;992;j
RS;bptinc992j;p26p100;1999;2.8120811;992;j
RS;bptinc992j;p26p100;2000;2.8580346;992;j
RS;bptinc992j;p26p100;2001;2.8765469;992;j
RS;bptinc992j;p26p100;2002;3.0178149;992;j
RS;bptinc992j;p26p100;2003;3.1365526;992;j
RS;bptinc992j;p26p100;2004;3.3088877;992;j
RS;bptinc992j;p26p100;2005;3.4759142;992;j
RS;bptinc992j;p26p100;2006;3.6442025;992;j
RS;bptinc992j;p26p100;2007;3.7122836;992;j
RS;bptinc992j;p26p100;2008;3.8962739;992;j
RS;bptinc992j;p26p100;2009;4.0119529;992;j
RS;bptinc992j;p26p100;2010;4.2933149;992;j
RS;bptinc992j;p26p100;2011;4.7534614;992;j
RS;bptinc992j;p26p100;2012;4.9804516;992;j
RS;bptinc992j;p26p100;2013;5.0832734;992;j
RS;bptinc992j;p26p100;2014;5.2284212;992;j
RS;bptinc992j;p26p100;2015;4.8622704;992;j
RS;bptinc992j;p26p100;2016;4.8590198;992;j
RS;bptinc992j;p26p100;2017;4.863337;992;j
RS;bptinc992j;p5p100;1990;8.678813;992;j
RS;bptinc992j;p5p100;1991;8.456481;992;j
RS;bptinc992j;p5p100;1992;8.3006935;992;j
RS;bptinc992j;p5p100;1993;8.1001263;992;j
RS;bptinc992j;p5p100;1994;7.9259171;992;j
RS;bptinc992j;p5p100;1995;7.7907023;992;j
RS;bptinc992j;p5p100;1996;7.7221045;992;j
RS;bptinc992j;p5p100;1997;7.6053848;992;j
RS;bptinc992j;p5p100;1998;6.9388189;992;j
RS;bptinc992j;p5p100;1999;6.6075611;992;j
RS;bptinc992j;p5p100;2000;6.7851777;992;j
RS;bptinc992j;p5p100;2001;6.7565379;992;j
RS;bptinc992j;p5p100;2002;8.3456383;992;j
RS;bptinc992j;p5p100;2003;9.1829767;992;j
RS;bptinc992j;p5p100;2004;10.03752;992;j
RS;bptinc992j;p5p100;2005;11.200283;992;j
RS;bptinc992j;p5p100;2006;13.115278;992;j
RS;bptinc992j;p5p100;2007;14.518102;992;j
RS;bptinc992j;p5p100;2008;17.034061;992;j
RS;bptinc992j;p5p100;2009;20.087978;992;j
RS;bptinc992j;p5p100;2010;20.427437;992;j
RS;bptinc992j;p5p100;2011;23.476173;992;j
RS;bptinc992j;p5p100;2012;25.147882;992;j
RS;bptinc992j;p5p100;2013;30.730955;992;j
RS;bptinc992j;p5p100;2014;31.518454;992;j
RS;bptinc992j;p5p100;2015;29.891827;992;j
RS;bptinc992j;p5p100;2016;29.766138;992;j
RS;bptinc992j;p5p100;2017;29.982407;992;j
RS;mnmxho999i;p0p100;1997;379724791808.0;999;i
RS;mnmxho999i;p0p100;1998;364704530432.0;999;i
RS;mnmxho999i;p0p100;1999;375777263616.0;999;i
RS;mnmxho999i;p0p100;2000;437865611264.0;999;i
RS;mnmxho999i;p0p100;2001;436787412992.0;999;i
RS;mnmxho999i;p0p100;2002;363139858432.0;999;i
RS;mnmxho999i;p0p100;2003;303496232960.0;999;i
RS;mnmxho999i;p0p100;2004;334965178368.0;999;i
RS;mnmxho999i;p0p100;2005;358477987840.0;999;i
RS;mnmxho999i;p0p100;2006;475614117888.0;999;i
RS;mnmxho999i;p0p100;2007;497529716736.0;999;i
RS;mnmxho999i;p0p100;2008;548494376960.0;999;i
RS;mnmxho999i;p0p100;2009;503051681792.0;999;i
RS;mnmxho999i;p0p100;2010;514338652160.0;999;i
RS;mnmxho999i;p0p100;2011;581035687936.0;999;i
RS;npopul402f;p0p100;1950;427377.0;402;f
RS;npopul402f;p0p100;1951;429514.0;402;f
RS;npopul402f;p0p100;1952;431772.0;402;f
RS;npopul402f;p0p100;1953;432046.0;402;f
RS;npopul402f;p0p100;1954;428591.0;402;f
RS;npopul402f;p0p100;1955;420907.0;402;f
RS;npopul402f;p0p100;1956;408589.0;402;f
RS;npopul402f;p0p100;1957;392398.0;402;f
RS;npopul402f;p0p100;1958;375818.0;402;f
RS;npopul402f;p0p100;1959;364079.0;402;f
RS;npopul402f;p0p100;1960;360493.0;402;f
RS;npopul402f;p0p100;1961;364636.0;402;f
RS;npopul402f;p0p100;1962;375506.0;402;f
RS;npopul402f;p0p100;1963;392843.0;402;f
RS;npopul402f;p0p100;1964;415757.0;402;f
RS;npopul402f;p0p100;1965;443214.0;402;f
RS;npopul402f;p0p100;1966;473120.0;402;f
RS;npopul402f;p0p100;1967;507996.0;402;f
RS;npopul402f;p0p100;1968;544381.0;402;f
RS;npopul402f;p0p100;1969;577143.0;402;f
RS;npopul402f;p0p100;1970;603062.0;402;f
RS;npopul402f;p0p100;1971;622140.0;402;f
RS;npopul402f;p0p100;1972;634206.0;402;f
RS;npopul402f;p0p100;1973;640404.0;402;f
RS;npopul402f;p0p100;1974;643109.0;402;f
RS;npopul402f;p0p100;1975;643749.0;402;f
RS;npopul402f;p0p100;1976;641437.0;402;f
RS;npopul402f;p0p100;1977;637281.0;402;f
RS;npopul402f;p0p100;1978;630776.0;402;f
RS;npopul402f;p0p100;1979;620955.0;402;f
RS;npopul402f;p0p100;1980;607605.0;402;f
RS;npopul402f;p0p100;1981;590893.0;402;f
RS;npopul402f;p0p100;1982;571513.0;402;f
RS;npopul402f;p0p100;1983;552214.0;402;f
RS;npopul402f;p0p100;1984;537083.0;402;f
RS;npopul402f;p0p100;1985;528782.0;402;f
RS;npopul402f;p0p100;1986;526586.0;402;f
RS;npopul402f;p0p100;1987;530371.0;402;f
RS;npopul402f;p0p100;1988;540487.0;402;f
RS;npopul402f;p0p100;1989;557110.0;402;f
RS;npopul402f;p0p100;1990;579901.0;402;f
RS;npopul402f;p0p100;1991;608035.0;402;f
RS;npopul402f;p0p100;1992;643099.0;402;f
RS;npopul402f;p0p100;1993;679871.0;402;f
RS;npopul402f;p0p100;1994;710295.0;402;f
RS;npopul402f;p0p100;1995;729030.0;402;f
RS;npopul402f;p0p100;1996;740878.0;402;f
RS;npopul402f;p0p100;1997;740461.0;402;f
RS;npopul402f;p0p100;1998;730632.0;402;f
RS;npopul402f;p0p100;1999;563793.0;402;f
RS;npopul402f;p0p100;2000;555358.0;402;f
RS;npopul402f;p0p100;2001;543115.0;402;f
RS;npopul402f;p0p100;2002;529504.0;402;f
RS;npopul402f;p0p100;2003;514203.0;402;f
RS;npopul402f;p0p100;2004;500434.0;402;f
RS;npopul402f;p0p100;2005;489011.0;402;f
RS;npopul402f;p0p100;2006;481632.0;402;f
RS;npopul402f;p0p100;2007;477466.0;402;f
RS;npopul402f;p0p100;2008;475694.0;402;f
RS;npopul402f;p0p100;2009;475288.0;402;f
RS;npopul402f;p0p100;2010;475351.0;402;f
RS;npopul402f;p0p100;2011;474716.0;402;f
RS;npopul402f;p0p100;2012;476171.0;402;f
RS;npopul402f;p0p100;2013;478180.0;402;f
RS;npopul402f;p0p100;2014;480498.0;402;f
RS;npopul402f;p0p100;2015;482722.0;402;f
RS;npopul402f;p0p100;2016;484436.0;402;f
RS;npopul402f;p0p100;2017;487585.0;402;f
RS;npopul402f;p0p100;2018;490277.0;402;f
RS;npopul402f;p0p100;2019;492035.0;402;f
RS;scainc992j;p66p67;1990;0.0111;992;j
RS;scainc992j;p66p67;1991;0.0111;992;j
RS;scainc992j;p66p67;1992;0.0111;992;j
RS;scainc992j;p66p67;1993;0.0111;992;j
RS;scainc992j;p66p67;1994;0.0111;992;j
RS;scainc992j;p66p67;1995;0.011;992;j
RS;scainc992j;p66p67;1996;0.011;992;j
RS;scainc992j;p66p67;1997;0.011;992;j
RS;scainc992j;p66p67;1998;0.011;992;j
RS;scainc992j;p66p67;1999;0.0109;992;j
RS;scainc992j;p66p67;2000;0.0107;992;j
RS;scainc992j;p66p67;2001;0.0106;992;j
RS;scainc992j;p66p67;2002;0.0107;992;j
RS;scainc992j;p66p67;2003;0.0107;992;j
RS;scainc992j;p66p67;2004;0.0108;992;j
RS;scainc992j;p66p67;2005;0.0107;992;j
RS;scainc992j;p66p67;2006;0.0107;992;j
RS;scainc992j;p66p67;2007;0.0108;992;j
RS;scainc992j;p66p67;2008;0.0108;992;j
RS;scainc992j;p66p67;2009;0.0107;992;j
RS;scainc992j;p66p67;2010;0.0107;992;j
RS;scainc992j;p66p67;2011;0.0106;992;j
RS;scainc992j;p66p67;2012;0.0106;992;j
RS;scainc992j;p66p67;2013;0.0108;992;j
RS;scainc992j;p66p67;2014;0.0104;992;j
RS;scainc992j;p66p67;2015;0.0099999998;992;j
RS;scainc992j;p66p67;2016;0.0099999998;992;j
RS;scainc992j;p66p67;2017;0.0099999998;992;j
RS;scainc992j;p99.2p99.3;1990;0.0046000001;992;j
RS;scainc992j;p99.2p99.3;1991;0.0046000001;992;j
RS;scainc992j;p99.2p99.3;1992;0.0046000001;992;j
RS;scainc992j;p99.2p99.3;1993;0.0046000001;992;j
RS;scainc992j;p99.2p99.3;1994;0.0046000001;992;j
RS;scainc992j;p99.2p99.3;1995;0.0046000001;992;j
RS;scainc992j;p99.2p99.3;1996;0.0046000001;992;j
RS;scainc992j;p99.2p99.3;1997;0.0046000001;992;j
RS;scainc992j;p99.2p99.3;1998;0.0046999999;992;j
RS;scainc992j;p99.2p99.3;1999;0.0048000002;992;j
RS;scainc992j;p99.2p99.3;2000;0.0049999999;992;j
RS;scainc992j;p99.2p99.3;2001;0.0051000002;992;j
RS;scainc992j;p99.2p99.3;2002;0.0052999998;992;j
RS;scainc992j;p99.2p99.3;2003;0.0052999998;992;j
RS;scainc992j;p99.2p99.3;2004;0.0054000001;992;j
RS;scainc992j;p99.2p99.3;2005;0.0055;992;j
RS;scainc992j;p99.2p99.3;2006;0.0057000001;992;j
RS;scainc992j;p99.2p99.3;2007;0.0055999998;992;j
RS;scainc992j;p99.2p99.3;2008;0.0057000001;992;j
RS;scainc992j;p99.2p99.3;2009;0.0057999999;992;j
RS;scainc992j;p99.2p99.3;2010;0.0060000001;992;j
RS;scainc992j;p99.2p99.3;2011;0.0062000002;992;j
RS;scainc992j;p99.2p99.3;2012;0.0063;992;j
RS;scainc992j;p99.2p99.3;2013;0.0062000002;992;j
RS;scainc992j;p99.2p99.3;2014;0.0062000002;992;j
RS;scainc992j;p99.2p99.3;2015;0.0065000001;992;j
RS;scainc992j;p99.2p99.3;2016;0.0065000001;992;j
RS;scainc992j;p99.2p99.3;2017;0.0065000001;992;j
RS;scainc992j;p99.93p99.94;1990;0.0015;992;j
RS;scainc992j;p99.93p99.94;1991;0.0015;992;j
RS;scainc992j;p99.93p99.94;1992;0.0014;992;j
RS;scainc992j;p99.93p99.94;1993;0.0014;992;j
RS;scainc992j;p99.93p99.94;1994;0.0014;992;j
RS;scainc992j;p99.93p99.94;1995;0.0014;992;j
RS;scainc992j;p99.93p99.94;1996;0.0014;992;j
RS;scainc992j;p99.93p99.94;1997;0.0013;992;j
RS;scainc992j;p99.93p99.94;1998;0.0014;992;j
RS;scainc992j;p99.93p99.94;1999;0.0015;992;j
RS;scainc992j;p99.93p99.94;2000;0.0016;992;j
RS;scainc992j;p99.93p99.94;2001;0.0017;992;j
RS;scainc992j;p99.93p99.94;2002;0.0017;992;j
RS;scainc992j;p99.93p99.94;2003;0.0017;992;j
RS;scainc992j;p99.93p99.94;2004;0.0017;992;j
RS;scainc992j;p99.93p99.94;2005;0.0018;992;j
RS;scainc992j;p99.93p99.94;2006;0.0018;992;j
RS;scainc992j;p99.93p99.94;2007;0.0017;992;j
RS;scainc992j;p99.93p99.94;2008;0.0017;992;j
RS;scainc992j;p99.93p99.94;2009;0.0018;992;j
RS;scainc992j;p99.93p99.94;2010;0.0018;992;j
RS;scainc992j;p99.93p99.94;2011;0.0019;992;j
RS;scainc992j;p99.93p99.94;2012;0.0022;992;j
RS;scainc992j;p99.93p99.94;2013;0.0020000001;992;j
RS;scainc992j;p99.93p99.94;2014;0.0024999999;992;j
RS;scainc992j;p99.93p99.94;2015;0.003;992;j
RS;scainc992j;p99.93p99.94;2016;0.003;992;j
RS;scainc992j;p99.93p99.94;2017;0.003;992;j
RS;sdiinc992j;p13p14;1990;0.0031999999;992;j
RS;sdiinc992j;p13p14;1991;0.0031999999;992;j
RS;sdiinc992j;p13p14;1992;0.0033;992;j
RS;sdiinc992j;p13p14;1993;0.0033;992;j
RS;sdiinc992j;p13p14;1994;0.0034;992;j
RS;sdiinc992j;p13p14;1995;0.0034;992;j
RS;sdiinc992j;p13p14;1996;0.0035000001;992;j
RS;sdiinc992j;p13p14;1997;0.0035999999;992;j
RS;sdiinc992j;p13p14;1998;0.0037;992;j
RS;sdiinc992j;p13p14;1999;0.0037;992;j
RS;sdiinc992j;p13p14;2000;0.0035999999;992;j
RS;sdiinc992j;p13p14;2001;0.0035999999;992;j
RS;sdiinc992j;p13p14;2002;0.0033;992;j
RS;sdiinc992j;p13p14;2003;0.0031999999;992;j
RS;sdiinc992j;p13p14;2004;0.0027999999;992;j
RS;sdiinc992j;p13p14;2005;0.0026;992;j
RS;sdiinc992j;p13p14;2006;0.0024000001;992;j
RS;sdiinc992j;p13p14;2007;0.0023000001;992;j
RS;sdiinc992j;p13p14;2008;0.0022;992;j
RS;sdiinc992j;p13p14;2009;0.0022;992;j
RS;sdiinc992j;p13p14;2010;0.0020000001;992;j
RS;sdiinc992j;p13p14;2011;0.0018;992;j
RS;sdiinc992j;p13p14;2012;0.0017;992;j
RS;sdiinc992j;p13p14;2013;0.0018;992;j
RS;sdiinc992j;p13p14;2014;0.0024000001;992;j
RS;sdiinc992j;p13p14;2015;0.0020000001;992;j
RS;sdiinc992j;p13p14;2016;0.0019;992;j
RS;sdiinc992j;p13p14;2017;0.0019;992;j
RS;sdiinc992j;p47p100;1990;0.77850002;992;j
RS;sdiinc992j;p47p100;1991;0.77700001;992;j
RS;sdiinc992j;p47p100;1992;0.77539998;992;j
RS;sdiinc992j;p47p100;1993;0.77389997;992;j
RS;sdiinc992j;p47p100;1994;0.77240002;992;j
RS;sdiinc992j;p47p100;1995;0.77100003;992;j
RS;sdiinc992j;p47p100;1996;0.76910001;992;j
RS;sdiinc992j;p47p100;1997;0.7669;992;j
RS;sdiinc992j;p47p100;1998;0.76800001;992;j
RS;sdiinc992j;p47p100;1999;0.77090001;992;j
RS;sdiinc992j;p47p100;2000;0.77149999;992;j
RS;sdiinc992j;p47p100;2001;0.77200001;992;j
RS;sdiinc992j;p47p100;2002;0.7798;992;j
RS;sdiinc992j;p47p100;2003;0.7823;992;j
RS;sdiinc992j;p47p100;2004;0.79189998;992;j
RS;sdiinc992j;p47p100;2005;0.7967;992;j
RS;sdiinc992j;p47p100;2006;0.80419999;992;j
RS;sdiinc992j;p47p100;2007;0.80559999;992;j
RS;sdiinc992j;p47p100;2008;0.80900002;992;j
RS;sdiinc992j;p47p100;2009;0.8136;992;j
RS;sdiinc992j;p47p100;2010;0.82200003;992;j
RS;sdiinc992j;p47p100;2011;0.83130002;992;j
RS;sdiinc992j;p47p100;2012;0.833;992;j
RS;sdiinc992j;p47p100;2013;0.83609998;992;j
RS;sdiinc992j;p47p100;2014;0.81770003;992;j
RS;sdiinc992j;p47p100;2015;0.83160001;992;j
RS;sdiinc992j;p47p100;2016;0.83539999;992;j
RS;sdiinc992j;p47p100;2017;0.83590001;992;j
RS;sdiinc992j;p63p100;1990;0.63160002;992;j
RS;sdiinc992j;p63p100;1991;0.62980002;992;j
RS;sdiinc992j;p63p100;1992;0.62800002;992;j
RS;sdiinc992j;p63p100;1993;0.62650001;992;j
RS;sdiinc992j;p63p100;1994;0.625;992;j
RS;sdiinc992j;p63p100;1995;0.62349999;992;j
RS;sdiinc992j;p63p100;1996;0.62150002;992;j
RS;sdiinc992j;p63p100;1997;0.61900002;992;j
RS;sdiinc992j;p63p100;1998;0.62199998;992;j
RS;sdiinc992j;p63p100;1999;0.62629998;992;j
RS;sdiinc992j;p63p100;2000;0.62800002;992;j
RS;sdiinc992j;p63p100;2001;0.62959999;992;j
RS;sdiinc992j;p63p100;2002;0.63730001;992;j
RS;sdiinc992j;p63p100;2003;0.64029998;992;j
RS;sdiinc992j;p63p100;2004;0.65060002;992;j
RS;sdiinc992j;p63p100;2005;0.65710002;992;j
RS;sdiinc992j;p63p100;2006;0.66530001;992;j
RS;sdiinc992j;p63p100;2007;0.66579998;992;j
RS;sdiinc992j;p63p100;2008;0.66960001;992;j
RS;sdiinc992j;p63p100;2009;0.67540002;992;j
RS;sdiinc992j;p63p100;2010;0.68580002;992;j
RS;sdiinc992j;p63p100;2011;0.69620001;992;j
RS;sdiinc992j;p63p100;2012;0.69910002;992;j
RS;sdiinc992j;p63p100;2013;0.70179999;992;j
RS;sdiinc992j;p63p100;2014;0.68580002;992;j
RS;sdiinc992j;p63p100;2015;0.70240003;992;j
RS;sdiinc992j;p63p100;2016;0.70660001;992;j
RS;sdiinc992j;p63p100;2017;0.70709997;992;j
RS;sdiinc992j;p75p76;1990;0.0129;992;j
RS;sdiinc992j;p75p76;1991;0.0129;992;j
RS;sdiinc992j;p75p76;1992;0.0129;992;j
RS;sdiinc992j;p75p76;1993;0.0128;992;j
RS;sdiinc992j;p75p76;1994;0.0128;992;j
RS;sdiinc992j;p75p76;1995;0.0128;992;j
RS;sdiinc992j;p75p76;1996;0.0128;992;j
RS;sdiinc992j;p75p76;1997;0.0128;992;j
RS;sdiinc992j;p75p76;1998;0.0127;992;j
RS;sdiinc992j;p75p76;1999;0.0125;992;j
RS;sdiinc992j;p75p76;2000;0.0124;992;j
RS;sdiinc992j;p75p76;2001;0.0123;992;j
RS;sdiinc992j;p75p76;2002;0.0124;992;j
RS;sdiinc992j;p75p76;2003;0.0124;992;j
RS;sdiinc992j;p75p76;2004;0.0125;992;j
RS;sdiinc992j;p75p76;2005;0.0125;992;j
RS;sdiinc992j;p75p76;2006;0.0125;992;j
RS;sdiinc992j;p75p76;2007;0.0127;992;j
RS;sdiinc992j;p75p76;2008;0.0127;992;j
RS;sdiinc992j;p75p76;2009;0.0126;992;j
RS;sdiinc992j;p75p76;2010;0.0126;992;j
RS;sdiinc992j;p75p76;2011;0.0126;992;j
RS;sdiinc992j;p75p76;2012;0.0126;992;j
RS;sdiinc992j;p75p76;2013;0.013;992;j
RS;sdiinc992j;p75p76;2014;0.0123;992;j
RS;sdiinc992j;p75p76;2015;0.0119;992;j
RS;sdiinc992j;p75p76;2016;0.012;992;j
RS;sdiinc992j;p75p76;2017;0.012;992;j
RS;sdiinc992j;p99.98p99.99;1990;0.0031000001;992;j
RS;sdiinc992j;p99.98p99.99;1991;0.0029;992;j
RS;sdiinc992j;p99.98p99.99;1992;0.0027999999;992;j
RS;sdiinc992j;p99.98p99.99;1993;0.0027000001;992;j
RS;sdiinc992j;p99.98p99.99;1994;0.0027000001;992;j
RS;sdiinc992j;p99.98p99.99;1995;0.0026;992;j
RS;sdiinc992j;p99.98p99.99;1996;0.0024999999;992;j
RS;sdiinc992j;p99.98p99.99;1997;0.0024999999;992;j
RS;sdiinc992j;p99.98p99.99;1998;0.0026;992;j
RS;sdiinc992j;p99.98p99.99;1999;0.003;992;j
RS;sdiinc992j;p99.98p99.99;2000;0.0031999999;992;j
RS;sdiinc992j;p99.98p99.99;2001;0.0035000001;992;j
RS;sdiinc992j;p99.98p99.99;2002;0.0034;992;j
RS;sdiinc992j;p99.98p99.99;2003;0.0034;992;j
RS;sdiinc992j;p99.98p99.99;2004;0.0035000001;992;j
RS;sdiinc992j;p99.98p99.99;2005;0.0037;992;j
RS;sdiinc992j;p99.98p99.99;2006;0.0035999999;992;j
RS;sdiinc992j;p99.98p99.99;2007;0.0031999999;992;j
RS;sdiinc992j;p99.98p99.99;2008;0.003;992;j
RS;sdiinc992j;p99.98p99.99;2009;0.0034;992;j
RS;sdiinc992j;p99.98p99.99;2010;0.0034;992;j
RS;sdiinc992j;p99.98p99.99;2011;0.0034;992;j
RS;sdiinc992j;p99.98p99.99;2012;0.0044999998;992;j
RS;sdiinc992j;p99.98p99.99;2013;0.0037;992;j
RS;sdiinc992j;p99.98p99.99;2014;0.0055;992;j
RS;sdiinc992j;p99.98p99.99;2015;0.0076000001;992;j
RS;sdiinc992j;p99.98p99.99;2016;0.0077;992;j
RS;sdiinc992j;p99.98p99.99;2017;0.0077;992;j
RS;sdiinc992j;p99.99p100;1990;0.0081000002;992;j
RS;sdiinc992j;p99.99p100;1991;0.0074999998;992;j
RS;sdiinc992j;p99.99p100;1992;0.0068999999;992;j
RS;sdiinc992j;p99.99p100;1993;0.0065000001;992;j
RS;sdiinc992j;p99.99p100;1994;0.0062000002;992;j
RS;sdiinc992j;p99.99p100;1995;0.0060000001;992;j
RS;sdiinc992j;p99.99p100;1996;0.0057999999;992;j
RS;sdiinc992j;p99.99p100;1997;0.0055;992;j
RS;sdiinc992j;p99.99p100;1998;0.0059000002;992;j
RS;sdiinc992j;p99.99p100;1999;0.0074;992;j
RS;sdiinc992j;p99.99p100;2000;0.0077999998;992;j
RS;sdiinc992j;p99.99p100;2001;0.0091000004;992;j
RS;sdiinc992j;p99.99p100;2002;0.0083999997;992;j
RS;sdiinc992j;p99.99p100;2003;0.0083999997;992;j
RS;sdiinc992j;p99.99p100;2004;0.0085000005;992;j
RS;sdiinc992j;p99.99p100;2005;0.0093;992;j
RS;sdiinc992j;p99.99p100;2006;0.0085000005;992;j
RS;sdiinc992j;p99.99p100;2007;0.0071999999;992;j
RS;sdiinc992j;p99.99p100;2008;0.0063;992;j
RS;sdiinc992j;p99.99p100;2009;0.0078999996;992;j
RS;sdiinc992j;p99.99p100;2010;0.0074999998;992;j
RS;sdiinc992j;p99.99p100;2011;0.0073000002;992;j
RS;sdiinc992j;p99.99p100;2012;0.0116;992;j
RS;sdiinc992j;p99.99p100;2013;0.0086000003;992;j
RS;sdiinc992j;p99.99p100;2014;0.0173;992;j
RS;sdiinc992j;p99.99p100;2015;0.0295;992;j
RS;sdiinc992j;p99.99p100;2016;0.029899999;992;j
RS;sdiinc992j;p99.99p100;2017;0.029999999;992;j
RS;sptinc992j;p17p18;1990;0.0029;992;j
RS;sptinc992j;p17p18;1991;0.0029;992;j
RS;sptinc992j;p17p18;1992;0.0029;992;j
RS;sptinc992j;p17p18;1993;0.0029;992;j
RS;sptinc992j;p17p18;1994;0.0029;992;j
RS;sptinc992j;p17p18;1995;0.0029;992;j
RS;sptinc992j;p17p18;1996;0.0029;992;j
RS;sptinc992j;p17p18;1997;0.0029;992;j
RS;sptinc992j;p17p18;1998;0.003;992;j
RS;sptinc992j;p17p18;1999;0.003;992;j
RS;sptinc992j;p17p18;2000;0.003;992;j
RS;sptinc992j;p17p18;2001;0.003;992;j
RS;sptinc992j;p17p18;2002;0.0027000001;992;j
RS;sptinc992j;p17p18;2003;0.0026;992;j
RS;sptinc992j;p17p18;2004;0.0024000001;992;j
RS;sptinc992j;p17p18;2005;0.0023000001;992;j
RS;sptinc992j;p17p18;2006;0.0020000001;992;j
RS;sptinc992j;p17p18;2007;0.0018;992;j
RS;sptinc992j;p17p18;2008;0.0016;992;j
RS;sptinc992j;p17p18;2009;0.0015;992;j
RS;sptinc992j;p17p18;2010;0.0014;992;j
RS;sptinc992j;p17p18;2011;0.0012000001;992;j
RS;sptinc992j;p17p18;2012;0.001;992;j
RS;sptinc992j;p17p18;2013;0.001;992;j
RS;sptinc992j;p17p18;2014;0.0009;992;j
RS;sptinc992j;p17p18;2015;0.0009;992;j
RS;sptinc992j;p17p18;2016;0.001;992;j
RS;sptinc992j;p17p18;2017;0.0009;992;j
RS;sptinc992j;p50p60;1990;0.088600002;992;j
RS;sptinc992j;p50p60;1991;0.088299997;992;j
RS;sptinc992j;p50p60;1992;0.088;992;j
RS;sptinc992j;p50p60;1993;0.087700002;992;j
RS;sptinc992j;p50p60;1994;0.087399997;992;j
RS;sptinc992j;p50p60;1995;0.087099999;992;j
RS;sptinc992j;p50p60;1996;0.086900003;992;j
RS;sptinc992j;p50p60;1997;0.0867;992;j
RS;sptinc992j;p50p60;1998;0.0858;992;j
RS;sptinc992j;p50p60;1999;0.0854;992;j
RS;sptinc992j;p50p60;2000;0.084399998;992;j
RS;sptinc992j;p50p60;2001;0.083700001;992;j
RS;sptinc992j;p50p60;2002;0.083400004;992;j
RS;sptinc992j;p50p60;2003;0.083300002;992;j
RS;sptinc992j;p50p60;2004;0.082000002;992;j
RS;sptinc992j;p50p60;2005;0.081100002;992;j
RS;sptinc992j;p50p60;2006;0.081200004;992;j
RS;sptinc992j;p50p60;2007;0.081799999;992;j
RS;sptinc992j;p50p60;2008;0.081699997;992;j
RS;sptinc992j;p50p60;2009;0.081600003;992;j
RS;sptinc992j;p50p60;2010;0.079999998;992;j
RS;sptinc992j;p50p60;2011;0.078900002;992;j
RS;sptinc992j;p50p60;2012;0.079499997;992;j
RS;sptinc992j;p50p60;2013;0.080700003;992;j
RS;sptinc992j;p50p60;2014;0.078199998;992;j
RS;sptinc992j;p50p60;2015;0.079899997;992;j
RS;sptinc992j;p50p60;2016;0.079899997;992;j
RS;sptinc992j;p50p60;2017;0.079899997;992;j
RS;sptinc992j;p80p100;1990;0.45910001;992;j
RS;sptinc992j;p80p100;1991;0.46079999;992;j
RS;sptinc992j;p80p100;1992;0.46250001;992;j
RS;sptinc992j;p80p100;1993;0.46419999;992;j
RS;sptinc992j;p80p100;1994;0.4659;992;j
RS;sptinc992j;p80p100;1995;0.4677;992;j
RS;sptinc992j;p80p100;1996;0.46880001;992;j
RS;sptinc992j;p80p100;1997;0.46990001;992;j
RS;sptinc992j;p80p100;1998;0.47060001;992;j
RS;sptinc992j;p80p100;1999;0.47350001;992;j
RS;sptinc992j;p80p100;2000;0.4808;992;j
RS;sptinc992j;p80p100;2001;0.48379999;992;j
RS;sptinc992j;p80p100;2002;0.49090001;992;j
RS;sptinc992j;p80p100;2003;0.4948;992;j
RS;sptinc992j;p80p100;2004;0.505;992;j
RS;sptinc992j;p80p100;2005;0.51370001;992;j
RS;sptinc992j;p80p100;2006;0.51889998;992;j
RS;sptinc992j;p80p100;2007;0.5165;992;j
RS;sptinc992j;p80p100;2008;0.5219;992;j
RS;sptinc992j;p80p100;2009;0.52679998;992;j
RS;sptinc992j;p80p100;2010;0.53780001;992;j
RS;sptinc992j;p80p100;2011;0.54860002;992;j
RS;sptinc992j;p80p100;2012;0.54729998;992;j
RS;sptinc992j;p80p100;2013;0.54400003;992;j
RS;sptinc992j;p80p100;2014;0.55739999;992;j
RS;sptinc992j;p80p100;2015;0.55019999;992;j
RS;sptinc992j;p80p100;2016;0.5503;992;j
RS;sptinc992j;p80p100;2017;0.55059999;992;j
RS;sptinc992j;p81p100;1990;0.44459999;992;j
RS;sptinc992j;p81p100;1991;0.44639999;992;j
RS;sptinc992j;p81p100;1992;0.44819999;992;j
RS;sptinc992j;p81p100;1993;0.4499;992;j
RS;sptinc992j;p81p100;1994;0.4517;992;j
RS;sptinc992j;p81p100;1995;0.4535;992;j
RS;sptinc992j;p81p100;1996;0.45460001;992;j
RS;sptinc992j;p81p100;1997;0.45570001;992;j
RS;sptinc992j;p81p100;1998;0.45660001;992;j
RS;sptinc992j;p81p100;1999;0.4596;992;j
RS;sptinc992j;p81p100;2000;0.46700001;992;j
RS;sptinc992j;p81p100;2001;0.4702;992;j
RS;sptinc992j;p81p100;2002;0.47710001;992;j
RS;sptinc992j;p81p100;2003;0.48100001;992;j
RS;sptinc992j;p81p100;2004;0.49110001;992;j
RS;sptinc992j;p81p100;2005;0.49970001;992;j
RS;sptinc992j;p81p100;2006;0.50489998;992;j
RS;sptinc992j;p81p100;2007;0.50220001;992;j
RS;sptinc992j;p81p100;2008;0.50739998;992;j
RS;sptinc992j;p81p100;2009;0.51230001;992;j
RS;sptinc992j;p81p100;2010;0.52329999;992;j
RS;sptinc992j;p81p100;2011;0.5341;992;j
RS;sptinc992j;p81p100;2012;0.53250003;992;j
RS;sptinc992j;p81p100;2013;0.5291;992;j
RS;sptinc992j;p81p100;2014;0.54290003;992;j
RS;sptinc992j;p81p100;2015;0.5359;992;j
RS;sptinc992j;p81p100;2016;0.53600001;992;j
RS;sptinc992j;p81p100;2017;0.5363;992;j
RS;sptinc992j;p99.996p100;1990;0.0057000001;992;j
RS;sptinc992j;p99.996p100;1991;0.0060000001;992;j
RS;sptinc992j;p99.996p100;1992;0.0062000002;992;j
RS;sptinc992j;p99.996p100;1993;0.0065000001;992;j
RS;sptinc992j;p99.996p100;1994;0.0066;992;j
RS;sptinc992j;p99.996p100;1995;0.0068999999;992;j
RS;sptinc992j;p99.996p100;1996;0.0071;992;j
RS;sptinc992j;p99.996p100;1997;0.0074;992;j
RS;sptinc992j;p99.996p100;1998;0.0071;992;j
RS;sptinc992j;p99.996p100;1999;0.0080000004;992;j
RS;sptinc992j;p99.996p100;2000;0.0086000003;992;j
RS;sptinc992j;p99.996p100;2001;0.0096000005;992;j
RS;sptinc992j;p99.996p100;2002;0.0091000004;992;j
RS;sptinc992j;p99.996p100;2003;0.0087000001;992;j
RS;sptinc992j;p99.996p100;2004;0.0089999996;992;j
RS;sptinc992j;p99.996p100;2005;0.0083999997;992;j
RS;sptinc992j;p99.996p100;2006;0.0085000005;992;j
RS;sptinc992j;p99.996p100;2007;0.0076000001;992;j
RS;sptinc992j;p99.996p100;2008;0.0078999996;992;j
RS;sptinc992j;p99.996p100;2009;0.0077;992;j
RS;sptinc992j;p99.996p100;2010;0.0071999999;992;j
RS;sptinc992j;p99.996p100;2011;0.0077;992;j
RS;sptinc992j;p99.996p100;2012;0.0052999998;992;j
RS;sptinc992j;p99.996p100;2013;0.0062000002;992;j
RS;sptinc992j;p99.996p100;2014;0.0119;992;j
RS;sptinc992j;p99.996p100;2015;0.0116;992;j
RS;sptinc992j;p99.996p100;2016;0.0116;992;j
RS;sptinc992j;p99.996p100;2017;0.0116;992;j
RS;tcainc992j;p14p15;1990;139489.91;992;j
RS;tcainc992j;p14p15;1991;124022.7;992;j
RS;tcainc992j;p14p15;1992;86830.898;992;j
RS;tcainc992j;p14p15;1993;57527.602;992;j
RS;tcainc992j;p14p15;1994;60549.699;992;j
RS;tcainc992j;p14p15;1995;65196.199;992;j
RS;tcainc992j;p14p15;1996;66999.297;992;j
RS;tcainc992j;p14p15;1997;71823.203;992;j
RS;tcainc992j;p14p15;1998;85985.102;992;j
RS;tcainc992j;p14p15;1999;98213.0;992;j
RS;tcainc992j;p14p15;2000;103494.8;992;j
RS;tcainc992j;p14p15;2001;98466.203;992;j
RS;tcainc992j;p14p15;2002;90655.0;992;j
RS;tcainc992j;p14p15;2003;92088.398;992;j
RS;tcainc992j;p14p15;2004;93186.297;992;j
RS;tcainc992j;p14p15;2005;99695.703;992;j
RS;tcainc992j;p14p15;2006;94631.898;992;j
RS;tcainc992j;p14p15;2007;87755.898;992;j
RS;tcainc992j;p14p15;2008;87135.398;992;j
RS;tcainc992j;p14p15;2009;81968.297;992;j
RS;tcainc992j;p14p15;2010;71798.102;992;j
RS;tcainc992j;p14p15;2011;60034.602;992;j
RS;tcainc992j;p14p15;2012;58038.301;992;j
RS;tcainc992j;p14p15;2013;59605.301;992;j
RS;tcainc992j;p14p15;2014;95919.602;992;j
RS;tcainc992j;p14p15;2015;71161.102;992;j
RS;tcainc992j;p14p15;2016;73934.102;992;j
RS;tcainc992j;p14p15;2017;73850.602;992;j
RS;tcainc992j;p99.992p99.993;1990;23377198.0;992;j
RS;tcainc992j;p99.992p99.993;1991;19375074.0;992;j
RS;tcainc992j;p99.992p99.993;1992;12508454.0;992;j
RS;tcainc992j;p99.992p99.993;1993;7822235.0;992;j
RS;tcainc992j;p99.992p99.993;1994;7848995.0;992;j
RS;tcainc992j;p99.992p99.993;1995;8103361.0;992;j
RS;tcainc992j;p99.992p99.993;1996;7891105.5;992;j
RS;tcainc992j;p99.992p99.993;1997;8023516.0;992;j
RS;tcainc992j;p99.992p99.993;1998;9272819.0;992;j
RS;tcainc992j;p99.992p99.993;1999;12360856.0;992;j
RS;tcainc992j;p99.992p99.993;2000;14334962.0;992;j
RS;tcainc992j;p99.992p99.993;2001;15659720.0;992;j
RS;tcainc992j;p99.992p99.993;2002;15880671.0;992;j
RS;tcainc992j;p99.992p99.993;2003;16590081.0;992;j
RS;tcainc992j;p99.992p99.993;2004;20129456.0;992;j
RS;tcainc992j;p99.992p99.993;2005;24444532.0;992;j
RS;tcainc992j;p99.992p99.993;2006;24628050.0;992;j
RS;tcainc992j;p99.992p99.993;2007;22086162.0;992;j
RS;tcainc992j;p99.992p99.993;2008;21662420.0;992;j
RS;tcainc992j;p99.992p99.993;2009;25138420.0;992;j
RS;tcainc992j;p99.992p99.993;2010;24644396.0;992;j
RS;tcainc992j;p99.992p99.993;2011;24711162.0;992;j
RS;tcainc992j;p99.992p99.993;2012;34266308.0;992;j
RS;tcainc992j;p99.992p99.993;2013;28388486.0;992;j
RS;tcainc992j;p99.992p99.993;2014;44243884.0;992;j
RS;tcainc992j;p99.992p99.993;2015;63666672.0;992;j
RS;tcainc992j;p99.992p99.993;2016;66064448.0;992;j
RS;tcainc992j;p99.992p99.993;2017;66206528.0;992;j
RS;tdiinc992j;p60p100;1990;730224.38;992;j
RS;tdiinc992j;p60p100;1991;632887.31;992;j
RS;tdiinc992j;p60p100;1992;432860.81;992;j
RS;tdiinc992j;p60p100;1993;280191.91;992;j
RS;tdiinc992j;p60p100;1994;288208.19;992;j
RS;tdiinc992j;p60p100;1995;303490.69;992;j
RS;tdiinc992j;p60p100;1996;305796.31;992;j
RS;tdiinc992j;p60p100;1997;324212.81;992;j
RS;tdiinc992j;p60p100;1998;339567.59;992;j
RS;tdiinc992j;p60p100;1999;368600.81;992;j
RS;tdiinc992j;p60p100;2000;399374.09;992;j
RS;tdiinc992j;p60p100;2001;395856.5;992;j
RS;tdiinc992j;p60p100;2002;427031.59;992;j
RS;tdiinc992j;p60p100;2003;448905.81;992;j
RS;tdiinc992j;p60p100;2004;502434.59;992;j
RS;tdiinc992j;p60p100;2005;555725.81;992;j
RS;tdiinc992j;p60p100;2006;585852.13;992;j
RS;tdiinc992j;p60p100;2007;610287.38;992;j
RS;tdiinc992j;p60p100;2008;649312.81;992;j
RS;tdiinc992j;p60p100;2009;631044.69;992;j
RS;tdiinc992j;p60p100;2010;626203.31;992;j
RS;tdiinc992j;p60p100;2011;623842.81;992;j
RS;tdiinc992j;p60p100;2012;617594.63;992;j
RS;tdiinc992j;p60p100;2013;639907.81;992;j
RS;tdiinc992j;p60p100;2014;615672.38;992;j
RS;tdiinc992j;p60p100;2015;600527.81;992;j
RS;tdiinc992j;p60p100;2016;618040.31;992;j
RS;tdiinc992j;p60p100;2017;621430.63;992;j
RS;tdiinc992j;p70p100;1990;852890.13;992;j
RS;tdiinc992j;p70p100;1991;742340.31;992;j
RS;tdiinc992j;p70p100;1992;507472.81;992;j
RS;tdiinc992j;p70p100;1993;328730.0;992;j
RS;tdiinc992j;p70p100;1994;338067.19;992;j
RS;tdiinc992j;p70p100;1995;356414.69;992;j
RS;tdiinc992j;p70p100;1996;359507.09;992;j
RS;tdiinc992j;p70p100;1997;381202.41;992;j
RS;tdiinc992j;p70p100;1998;398553.69;992;j
RS;tdiinc992j;p70p100;1999;430033.0;992;j
RS;tdiinc992j;p70p100;2000;467604.31;992;j
RS;tdiinc992j;p70p100;2001;462285.59;992;j
RS;tdiinc992j;p70p100;2002;500406.91;992;j
RS;tdiinc992j;p70p100;2003;527667.81;992;j
RS;tdiinc992j;p70p100;2004;596457.81;992;j
RS;tdiinc992j;p70p100;2005;661972.38;992;j
RS;tdiinc992j;p70p100;2006;698619.31;992;j
RS;tdiinc992j;p70p100;2007;726437.31;992;j
RS;tdiinc992j;p70p100;2008;778861.0;992;j
RS;tdiinc992j;p70p100;2009;757024.88;992;j
RS;tdiinc992j;p70p100;2010;760591.13;992;j
RS;tdiinc992j;p70p100;2011;761076.31;992;j
RS;tdiinc992j;p70p100;2012;756462.69;992;j
RS;tdiinc992j;p70p100;2013;793865.13;992;j
RS;tdiinc992j;p70p100;2014;746491.38;992;j
RS;tdiinc992j;p70p100;2015;726459.63;992;j
RS;tdiinc992j;p70p100;2016;749260.69;992;j
RS;tdiinc992j;p70p100;2017;753760.31;992;j
RS;tdiinc992j;p99.998p99.999;1990;64806848.0;992;j
RS;tdiinc992j;p99.998p99.999;1991;52891772.0;992;j
RS;tdiinc992j;p99.998p99.999;1992;33388912.0;992;j
RS;tdiinc992j;p99.998p99.999;1993;20543082.0;992;j
RS;tdiinc992j;p99.998p99.999;1994;20394940.0;992;j
RS;tdiinc992j;p99.998p99.999;1995;20860758.0;992;j
RS;tdiinc992j;p99.998p99.999;1996;20113078.0;992;j
RS;tdiinc992j;p99.998p99.999;1997;20287734.0;992;j
RS;tdiinc992j;p99.998p99.999;1998;23029054.0;992;j
RS;tdiinc992j;p99.998p99.999;1999;31057124.0;992;j
RS;tdiinc992j;p99.998p99.999;2000;36099644.0;992;j
RS;tdiinc992j;p99.998p99.999;2001;41596200.0;992;j
RS;tdiinc992j;p99.998p99.999;2002;41877216.0;992;j
RS;tdiinc992j;p99.998p99.999;2003;43706260.0;992;j
RS;tdiinc992j;p99.998p99.999;2004;50070908.0;992;j
RS;tdiinc992j;p99.998p99.999;2005;60466988.0;992;j
RS;tdiinc992j;p99.998p99.999;2006;58930900.0;992;j
RS;tdiinc992j;p99.998p99.999;2007;52370172.0;992;j
RS;tdiinc992j;p99.998p99.999;2008;49037324.0;992;j
RS;tdiinc992j;p99.998p99.999;2009;59510592.0;992;j
RS;tdiinc992j;p99.998p99.999;2010;56786220.0;992;j
RS;tdiinc992j;p99.998p99.999;2011;55953124.0;992;j
RS;tdiinc992j;p99.998p99.999;2012;86211256.0;992;j
RS;tdiinc992j;p99.998p99.999;2013;66705324.0;992;j
RS;tdiinc992j;p99.998p99.999;2014;122962360.0;992;j
RS;tdiinc992j;p99.998p99.999;2015;194382288.0;992;j
RS;tdiinc992j;p99.998p99.999;2016;203093392.0;992;j
RS;tdiinc992j;p99.998p99.999;2017;204912608.0;992;j
RS;tptinc992j;p1p100;1990;58355.898;992;j
RS;tptinc992j;p1p100;1991;48787.398;992;j
RS;tptinc992j;p1p100;1992;31982.199;992;j
RS;tptinc992j;p1p100;1993;19837.699;992;j
RS;tptinc992j;p1p100;1994;19548.301;992;j
RS;tptinc992j;p1p100;1995;19672.0;992;j
RS;tptinc992j;p1p100;1996;18959.1;992;j
RS;tptinc992j;p1p100;1997;19046.9;992;j
RS;tptinc992j;p1p100;1998;20859.801;992;j
RS;tptinc992j;p1p100;1999;23704.199;992;j
RS;tptinc992j;p1p100;2000;25198.5;992;j
RS;tptinc992j;p1p100;2001;25766.199;992;j
RS;tptinc992j;p1p100;2002;23450.699;992;j
RS;tptinc992j;p1p100;2003;28601.0;992;j
RS;tptinc992j;p1p100;2004;28544.199;992;j
RS;tptinc992j;p1p100;2005;31792.301;992;j
RS;tptinc992j;p1p100;2006;31973.0;992;j
RS;tptinc992j;p1p100;2007;32400.1;992;j
RS;tptinc992j;p1p100;2008;27101.199;992;j
RS;tptinc992j;p1p100;2009;22782.6;992;j
RS;tptinc992j;p1p100;2010;22831.0;992;j
RS;tptinc992j;p1p100;2011;20075.5;992;j
RS;tptinc992j;p1p100;2012;19337.4;992;j
RS;tptinc992j;p1p100;2013;15202.9;992;j
RS;tptinc992j;p1p100;2014;15439.2;992;j
RS;tptinc992j;p1p100;2015;15489.4;992;j
RS;tptinc992j;p1p100;2016;16008.0;992;j
RS;tptinc992j;p1p100;2017;15938.2;992;j
RS;tptinc992j;p24p25;1990;299101.41;992;j
RS;tptinc992j;p24p25;1991;258348.3;992;j
RS;tptinc992j;p24p25;1992;176443.2;992;j
RS;tptinc992j;p24p25;1993;113976.1;992;j
RS;tptinc992j;p24p25;1994;117827.3;992;j
RS;tptinc992j;p24p25;1995;124246.5;992;j
RS;tptinc992j;p24p25;1996;125033.5;992;j
RS;tptinc992j;p24p25;1997;132225.8;992;j
RS;tptinc992j;p24p25;1998;142906.5;992;j
RS;tptinc992j;p24p25;1999;155167.09;992;j
RS;tptinc992j;p24p25;2000;166929.7;992;j
RS;tptinc992j;p24p25;2001;165629.7;992;j
RS;tptinc992j;p24p25;2002;169605.7;992;j
RS;tptinc992j;p24p25;2003;171733.7;992;j
RS;tptinc992j;p24p25;2004;183196.59;992;j
RS;tptinc992j;p24p25;2005;195027.09;992;j
RS;tptinc992j;p24p25;2006;196231.2;992;j
RS;tptinc992j;p24p25;2007;198849.8;992;j
RS;tptinc992j;p24p25;2008;201121.3;992;j
RS;tptinc992j;p24p25;2009;189117.3;992;j
RS;tptinc992j;p24p25;2010;178602.2;992;j
RS;tptinc992j;p24p25;2011;158124.5;992;j
RS;tptinc992j;p24p25;2012;146514.3;992;j
RS;tptinc992j;p24p25;2013;148503.7;992;j
RS;tptinc992j;p24p25;2014;137581.7;992;j
RS;tptinc992j;p24p25;2015;150409.3;992;j
RS;tptinc992j;p24p25;2016;155003.0;992;j
RS;tptinc992j;p24p25;2017;155627.5;992;j
RS;tptinc992j;p32p100;1990;406454.31;992;j
RS;tptinc992j;p32p100;1991;353058.41;992;j
RS;tptinc992j;p32p100;1992;241044.0;992;j
RS;tptinc992j;p32p100;1993;156034.8;992;j
RS;tptinc992j;p32p100;1994;160337.2;992;j
RS;tptinc992j;p32p100;1995;168845.8;992;j
RS;tptinc992j;p32p100;1996;170214.09;992;j
RS;tptinc992j;p32p100;1997;180536.09;992;j
RS;tptinc992j;p32p100;1998;187248.59;992;j
RS;tptinc992j;p32p100;1999;204554.7;992;j
RS;tptinc992j;p32p100;2000;222294.7;992;j
RS;tptinc992j;p32p100;2001;220768.09;992;j
RS;tptinc992j;p32p100;2002;234354.5;992;j
RS;tptinc992j;p32p100;2003;239480.2;992;j
RS;tptinc992j;p32p100;2004;262484.31;992;j
RS;tptinc992j;p32p100;2005;283410.81;992;j
RS;tptinc992j;p32p100;2006;290331.31;992;j
RS;tptinc992j;p32p100;2007;305770.0;992;j
RS;tptinc992j;p32p100;2008;315351.69;992;j
RS;tptinc992j;p32p100;2009;300447.09;992;j
RS;tptinc992j;p32p100;2010;288963.91;992;j
RS;tptinc992j;p32p100;2011;272198.5;992;j
RS;tptinc992j;p32p100;2012;272322.41;992;j
RS;tptinc992j;p32p100;2013;280870.09;992;j
RS;tptinc992j;p32p100;2014;260694.59;992;j
RS;tptinc992j;p32p100;2015;277387.31;992;j
RS;tptinc992j;p32p100;2016;285913.19;992;j
RS;tptinc992j;p32p100;2017;287304.81;992;j
RS;tptinc992j;p5p100;1990;88735.898;992;j
RS;tptinc992j;p5p100;1991;79055.703;992;j
RS;tptinc992j;p5p100;1992;55140.398;992;j
RS;tptinc992j;p5p100;1993;36633.398;992;j
RS;tptinc992j;p5p100;1994;38547.801;992;j
RS;tptinc992j;p5p100;1995;41379.301;992;j
RS;tptinc992j;p5p100;1996;42073.301;992;j
RS;tptinc992j;p5p100;1997;45276.301;992;j
RS;tptinc992j;p5p100;1998;52174.699;992;j
RS;tptinc992j;p5p100;1999;59982.801;992;j
RS;tptinc992j;p5p100;2000;64235.5;992;j
RS;tptinc992j;p5p100;2001;64395.602;992;j
RS;tptinc992j;p5p100;2002;56141.5;992;j
RS;tptinc992j;p5p100;2003;53597.898;992;j
RS;tptinc992j;p5p100;2004;55213.801;992;j
RS;tptinc992j;p5p100;2005;55198.0;992;j
RS;tptinc992j;p5p100;2006;49776.898;992;j
RS;tptinc992j;p5p100;2007;46409.398;992;j
RS;tptinc992j;p5p100;2008;42134.102;992;j
RS;tptinc992j;p5p100;2009;35108.699;992;j
RS;tptinc992j;p5p100;2010;34621.801;992;j
RS;tptinc992j;p5p100;2011;30236.5;992;j
RS;tptinc992j;p5p100;2012;28190.301;992;j
RS;tptinc992j;p5p100;2013;23632.1;992;j
RS;tptinc992j;p5p100;2014;22588.801;992;j
RS;tptinc992j;p5p100;2015;23985.6;992;j
RS;tptinc992j;p5p100;2016;24832.6;992;j
RS;tptinc992j;p5p100;2017;24799.5;992;j
RS;tptinc992j;p99.92p100;1990;10792482.0;992;j
RS;tptinc992j;p99.92p100;1991;9557844.0;992;j
RS;tptinc992j;p99.92p100;1992;6657259.5;992;j
RS;tptinc992j;p99.92p100;1993;4401373.5;992;j
RS;tptinc992j;p99.92p100;1994;4611001.0;992;j
RS;tptinc992j;p99.92p100;1995;4963519.0;992;j
RS;tptinc992j;p99.92p100;1996;5065168.0;992;j
RS;tptinc992j;p99.92p100;1997;5435761.0;992;j
RS;tptinc992j;p99.92p100;1998;5756844.0;992;j
RS;tptinc992j;p99.92p100;1999;6599312.0;992;j
RS;tptinc992j;p99.92p100;2000;7721546.5;992;j
RS;tptinc992j;p99.92p100;2001;8046257.0;992;j
RS;tptinc992j;p99.92p100;2002;8702148.0;992;j
RS;tptinc992j;p99.92p100;2003;9071263.0;992;j
RS;tptinc992j;p99.92p100;2004;10539876.0;992;j
RS;tptinc992j;p99.92p100;2005;11759889.0;992;j
RS;tptinc992j;p99.92p100;2006;12557530.0;992;j
RS;tptinc992j;p99.92p100;2007;12210670.0;992;j
RS;tptinc992j;p99.92p100;2008;13206424.0;992;j
RS;tptinc992j;p99.92p100;2009;12999178.0;992;j
RS;tptinc992j;p99.92p100;2010;13337161.0;992;j
RS;tptinc992j;p99.92p100;2011;13927188.0;992;j
RS;tptinc992j;p99.92p100;2012;12738858.0;992;j
RS;tptinc992j;p99.92p100;2013;13272448.0;992;j
RS;tptinc992j;p99.92p100;2014;15940807.0;992;j
RS;tptinc992j;p99.92p100;2015;15487572.0;992;j
RS;tptinc992j;p99.92p100;2016;15983455.0;992;j
RS;tptinc992j;p99.92p100;2017;16103283.0;992;j
RS;acainc992j;p28p100;1990;663657.0;992;j
RS;acainc992j;p28p100;1991;575390.5;992;j
RS;acainc992j;p28p100;1992;393392.41;992;j
RS;acainc992j;p28p100;1993;254704.5;992;j
RS;acainc992j;p28p100;1994;261897.3;992;j
RS;acainc992j;p28p100;1995;275970.91;992;j
RS;acainc992j;p28p100;1996;277718.69;992;j
RS;acainc992j;p28p100;1997;292527.5;992;j
RS;acainc992j;p28p100;1998;319162.0;992;j
RS;acainc992j;p28p100;1999;364399.0;992;j
RS;acainc992j;p28p100;2000;396113.0;992;j
RS;acainc992j;p28p100;2001;386434.09;992;j
RS;acainc992j;p28p100;2002;407655.81;992;j
RS;acainc992j;p28p100;2003;430468.5;992;j
RS;acainc992j;p28p100;2004;518748.91;992;j
RS;acainc992j;p28p100;2005;592352.69;992;j
RS;acainc992j;p28p100;2006;628655.38;992;j
RS;acainc992j;p28p100;2007;629780.81;992;j
RS;acainc992j;p28p100;2008;676310.69;992;j
RS;acainc992j;p28p100;2009;670806.69;992;j
RS;acainc992j;p28p100;2010;677876.81;992;j
RS;acainc992j;p28p100;2011;688782.38;992;j
RS;acainc992j;p28p100;2012;688555.63;992;j
RS;acainc992j;p28p100;2013;705150.38;992;j
RS;acainc992j;p28p100;2014;679092.31;992;j
RS;acainc992j;p28p100;2015;694642.31;992;j
RS;acainc992j;p28p100;2016;720375.0;992;j
RS;acainc992j;p28p100;2017;721058.19;992;j
RS;acainc992j;p3p100;1990;532748.63;992;j
RS;acainc992j;p3p100;1991;462496.31;992;j
RS;acainc992j;p3p100;1992;316658.69;992;j
RS;acainc992j;p3p100;1993;205316.09;992;j
RS;acainc992j;p3p100;1994;211428.5;992;j
RS;acainc992j;p3p100;1995;223119.91;992;j
RS;acainc992j;p3p100;1996;224895.59;992;j
RS;acainc992j;p3p100;1997;237262.59;992;j
RS;acainc992j;p3p100;1998;260293.09;992;j
RS;acainc992j;p3p100;1999;297215.59;992;j
RS;acainc992j;p3p100;2000;322505.5;992;j
RS;acainc992j;p3p100;2001;314378.91;992;j
RS;acainc992j;p3p100;2002;328529.31;992;j
RS;acainc992j;p3p100;2003;346072.0;992;j
RS;acainc992j;p3p100;2004;413558.59;992;j
RS;acainc992j;p3p100;2005;470953.31;992;j
RS;acainc992j;p3p100;2006;496662.31;992;j
RS;acainc992j;p3p100;2007;495982.19;992;j
RS;acainc992j;p3p100;2008;531247.81;992;j
RS;acainc992j;p3p100;2009;525435.81;992;j
RS;acainc992j;p3p100;2010;527673.0;992;j
RS;acainc992j;p3p100;2011;533126.88;992;j
RS;acainc992j;p3p100;2012;532485.31;992;j
RS;acainc992j;p3p100;2013;544412.31;992;j
RS;acainc992j;p3p100;2014;533308.0;992;j
RS;acainc992j;p3p100;2015;539048.69;992;j
RS;acainc992j;p3p100;2016;559057.31;992;j
RS;acainc992j;p3p100;2017;559542.0;992;j
RS;acainc992j;p60p61;1990;517883.31;992;j
RS;acainc992j;p60p61;1991;449402.09;992;j
RS;acainc992j;p60p61;1992;307519.5;992;j
RS;acainc992j;p60p61;1993;198993.0;992;j
RS;acainc992j;p60p61;1994;204429.7;992;j
RS;acainc992j;p60p61;1995;215257.5;992;j
RS;acainc992j;p60p61;1996;216915.41;992;j
RS;acainc992j;p60p61;1997;228854.59;992;j
RS;acainc992j;p60p61;1998;250356.59;992;j
RS;acainc992j;p60p61;1999;282962.19;992;j
RS;acainc992j;p60p61;2000;302397.91;992;j
RS;acainc992j;p60p61;2001;292259.69;992;j
RS;acainc992j;p60p61;2002;305949.09;992;j
RS;acainc992j;p60p61;2003;322267.81;992;j
RS;acainc992j;p60p61;2004;383579.09;992;j
RS;acainc992j;p60p61;2005;433123.31;992;j
RS;acainc992j;p60p61;2006;455913.0;992;j
RS;acainc992j;p60p61;2007;459115.59;992;j
RS;acainc992j;p60p61;2008;491197.41;992;j
RS;acainc992j;p60p61;2009;481525.91;992;j
RS;acainc992j;p60p61;2010;477351.31;992;j
RS;acainc992j;p60p61;2011;479093.81;992;j
RS;acainc992j;p60p61;2012;475151.69;992;j
RS;acainc992j;p60p61;2013;491864.0;992;j
RS;acainc992j;p60p61;2014;474523.81;992;j
RS;acainc992j;p60p61;2015;461636.69;992;j
RS;acainc992j;p60p61;2016;478698.5;992;j
RS;acainc992j;p60p61;2017;479033.69;992;j
RS;acainc992j;p61p62;1990;525142.81;992;j
RS;acainc992j;p61p62;1991;455923.19;992;j
RS;acainc992j;p61p62;1992;312102.69;992;j
RS;acainc992j;p61p62;1993;202206.8;992;j
RS;acainc992j;p61p62;1994;207930.7;992;j
RS;acainc992j;p61p62;1995;219070.09;992;j
RS;acainc992j;p61p62;1996;220885.09;992;j
RS;acainc992j;p61p62;1997;233069.09;992;j
RS;acainc992j;p61p62;1998;254561.7;992;j
RS;acainc992j;p61p62;1999;288219.0;992;j
RS;acainc992j;p61p62;2000;308044.41;992;j
RS;acainc992j;p61p62;2001;297754.41;992;j
RS;acainc992j;p61p62;2002;311424.41;992;j
RS;acainc992j;p61p62;2003;328603.0;992;j
RS;acainc992j;p61p62;2004;390589.09;992;j
RS;acainc992j;p61p62;2005;441635.19;992;j
RS;acainc992j;p61p62;2006;465501.09;992;j
RS;acainc992j;p61p62;2007;467245.0;992;j
RS;acainc992j;p61p62;2008;499908.09;992;j
RS;acainc992j;p61p62;2009;491446.5;992;j
RS;acainc992j;p61p62;2010;487460.19;992;j
RS;acainc992j;p61p62;2011;489336.59;992;j
RS;acainc992j;p61p62;2012;486744.81;992;j
RS;acainc992j;p61p62;2013;503856.69;992;j
RS;acainc992j;p61p62;2014;485437.59;992;j
RS;acainc992j;p61p62;2015;472008.81;992;j
RS;acainc992j;p61p62;2016;489478.31;992;j
RS;acainc992j;p61p62;2017;489803.31;992;j
RS;acainc992j;p98p100;1990;2948532.3;992;j
RS;acainc992j;p98p100;1991;2526025.8;992;j
RS;acainc992j;p98p100;1992;1707915.6;992;j
RS;acainc992j;p98p100;1993;1102308.5;992;j
RS;acainc992j;p98p100;1994;1129995.3;992;j
RS;acainc992j;p98p100;1995;1188408.5;992;j
RS;acainc992j;p98p100;1996;1184063.0;992;j
RS;acainc992j;p98p100;1997;1234456.8;992;j
RS;acainc992j;p98p100;1998;1384911.9;992;j
RS;acainc992j;p98p100;1999;1667748.0;992;j
RS;acainc992j;p98p100;2000;1907358.0;992;j
RS;acainc992j;p98p100;2001;1938171.5;992;j
RS;acainc992j;p98p100;2002;2064089.9;992;j
RS;acainc992j;p98p100;2003;2160664.5;992;j
RS;acainc992j;p98p100;2004;2620781.5;992;j
RS;acainc992j;p98p100;2005;3081176.8;992;j
RS;acainc992j;p98p100;2006;3304427.3;992;j
RS;acainc992j;p98p100;2007;3208628.3;992;j
RS;acainc992j;p98p100;2008;3415053.0;992;j
RS;acainc992j;p98p100;2009;3542261.8;992;j
RS;acainc992j;p98p100;2010;3641416.0;992;j
RS;acainc992j;p98p100;2011;3757988.3;992;j
RS;acainc992j;p98p100;2012;4088943.8;992;j
RS;acainc992j;p98p100;2013;3943469.0;992;j
RS;acainc992j;p98p100;2014;4319482.5;992;j
RS;acainc992j;p98p100;2015;5153269.5;992;j
RS;acainc992j;p98p100;2016;5345077.0;992;j
RS;acainc992j;p98p100;2017;5353697.0;992;j
RS;acainc992j;p99.995p100;1990;65125860.0;992;j
RS;acainc992j;p99.995p100;1991;52380312.0;992;j
RS;acainc992j;p99.995p100;1992;32409682.0;992;j
RS;acainc992j;p99.995p100;1993;19661618.0;992;j
RS;acainc992j;p99.995p100;1994;19343748.0;992;j
RS;acainc992j;p99.995p100;1995;19631394.0;992;j
RS;acainc992j;p99.995p100;1996;18781092.0;992;j
RS;acainc992j;p99.995p100;1997;18731892.0;992;j
RS;acainc992j;p99.995p100;1998;22076740.0;992;j
RS;acainc992j;p99.995p100;1999;31719392.0;992;j
RS;acainc992j;p99.995p100;2000;36594768.0;992;j
RS;acainc992j;p99.995p100;2001;42366404.0;992;j
RS;acainc992j;p99.995p100;2002;40882924.0;992;j
RS;acainc992j;p99.995p100;2003;42931724.0;992;j
RS;acainc992j;p99.995p100;2004;52278856.0;992;j
RS;acainc992j;p99.995p100;2005;65185736.0;992;j
RS;acainc992j;p99.995p100;2006;61766004.0;992;j
RS;acainc992j;p99.995p100;2007;52116092.0;992;j
RS;acainc992j;p99.995p100;2008;47843256.0;992;j
RS;acainc992j;p99.995p100;2009;60425468.0;992;j
RS;acainc992j;p99.995p100;2010;56871704.0;992;j
RS;acainc992j;p99.995p100;2011;55636300.0;992;j
RS;acainc992j;p99.995p100;2012;93553784.0;992;j
RS;acainc992j;p99.995p100;2013;68414328.0;992;j
RS;acainc992j;p99.995p100;2014;147973664.0;992;j
RS;acainc992j;p99.995p100;2015;267014208.0;992;j
RS;acainc992j;p99.995p100;2016;277183968.0;992;j
RS;acainc992j;p99.995p100;2017;278097728.0;992;j
RS;adiinc992j;p20p21;1990;311122.0;992;j
RS;adiinc992j;p20p21;1991;274607.59;992;j
RS;adiinc992j;p20p21;1992;191246.41;992;j
RS;adiinc992j;p20p21;1993;125954.7;992;j
RS;adiinc992j;p20p21;1994;131719.0;992;j
RS;adiinc992j;p20p21;1995;141061.5;992;j
RS;adiinc992j;p20p21;1996;144532.7;992;j
RS;adiinc992j;p20p21;1997;156007.91;992;j
RS;adiinc992j;p20p21;1998;169439.59;992;j
RS;adiinc992j;p20p21;1999;181188.2;992;j
RS;adiinc992j;p20p21;2000;201377.0;992;j
RS;adiinc992j;p20p21;2001;202018.59;992;j
RS;adiinc992j;p20p21;2002;206383.59;992;j
RS;adiinc992j;p20p21;2003;211337.09;992;j
RS;adiinc992j;p20p21;2004;221890.7;992;j
RS;adiinc992j;p20p21;2005;243740.5;992;j
RS;adiinc992j;p20p21;2006;240306.0;992;j
RS;adiinc992j;p20p21;2007;248016.41;992;j
RS;adiinc992j;p20p21;2008;255008.59;992;j
RS;adiinc992j;p20p21;2009;228587.3;992;j
RS;adiinc992j;p20p21;2010;210155.09;992;j
RS;adiinc992j;p20p21;2011;190140.41;992;j
RS;adiinc992j;p20p21;2012;195281.59;992;j
RS;adiinc992j;p20p21;2013;166915.09;992;j
RS;adiinc992j;p20p21;2014;204964.41;992;j
RS;adiinc992j;p20p21;2015;179474.0;992;j
RS;adiinc992j;p20p21;2016;178685.59;992;j
RS;adiinc992j;p20p21;2017;178696.41;992;j
RS;adiinc992j;p48p49;1990;607890.0;992;j
RS;adiinc992j;p48p49;1991;529737.13;992;j
RS;adiinc992j;p48p49;1992;363970.19;992;j
RS;adiinc992j;p48p49;1993;236445.5;992;j
RS;adiinc992j;p48p49;1994;243960.2;992;j
RS;adiinc992j;p48p49;1995;257913.41;992;j
RS;adiinc992j;p48p49;1996;260721.8;992;j
RS;adiinc992j;p48p49;1997;277270.91;992;j
RS;adiinc992j;p48p49;1998;283267.31;992;j
RS;adiinc992j;p48p49;1999;308253.19;992;j
RS;adiinc992j;p48p49;2000;337516.5;992;j
RS;adiinc992j;p48p49;2001;335220.19;992;j
RS;adiinc992j;p48p49;2002;358590.81;992;j
RS;adiinc992j;p48p49;2003;373383.91;992;j
RS;adiinc992j;p48p49;2004;417393.09;992;j
RS;adiinc992j;p48p49;2005;457239.69;992;j
RS;adiinc992j;p48p49;2006;479021.31;992;j
RS;adiinc992j;p48p49;2007;495390.0;992;j
RS;adiinc992j;p48p49;2008;525937.38;992;j
RS;adiinc992j;p48p49;2009;512148.41;992;j
RS;adiinc992j;p48p49;2010;503866.5;992;j
RS;adiinc992j;p48p49;2011;500808.09;992;j
RS;adiinc992j;p48p49;2012;490799.59;992;j
RS;adiinc992j;p48p49;2013;505908.91;992;j
RS;adiinc992j;p48p49;2014;485779.19;992;j
RS;adiinc992j;p48p49;2015;487438.19;992;j
RS;adiinc992j;p48p49;2016;499953.31;992;j
RS;adiinc992j;p48p49;2017;502495.91;992;j
RS;adiinc992j;p74p75;1990;930861.88;992;j
RS;adiinc992j;p74p75;1991;807267.69;992;j
RS;adiinc992j;p74p75;1992;552192.0;992;j
RS;adiinc992j;p74p75;1993;357311.09;992;j
RS;adiinc992j;p74p75;1994;367256.09;992;j
RS;adiinc992j;p74p75;1995;386784.81;992;j
RS;adiinc992j;p74p75;1996;389636.41;992;j
RS;adiinc992j;p74p75;1997;412614.81;992;j
RS;adiinc992j;p74p75;1998;431082.0;992;j
RS;adiinc992j;p74p75;1999;466237.91;992;j
RS;adiinc992j;p74p75;2000;507156.41;992;j
RS;adiinc992j;p74p75;2001;501847.31;992;j
RS;adiinc992j;p74p75;2002;545212.63;992;j
RS;adiinc992j;p74p75;2003;573581.31;992;j
RS;adiinc992j;p74p75;2004;652437.0;992;j
RS;adiinc992j;p74p75;2005;723268.69;992;j
RS;adiinc992j;p74p75;2006;764740.88;992;j
RS;adiinc992j;p74p75;2007;797356.31;992;j
RS;adiinc992j;p74p75;2008;850220.13;992;j
RS;adiinc992j;p74p75;2009;831978.63;992;j
RS;adiinc992j;p74p75;2010;834560.81;992;j
RS;adiinc992j;p74p75;2011;836794.0;992;j
RS;adiinc992j;p74p75;2012;834204.13;992;j
RS;adiinc992j;p74p75;2013;878231.31;992;j
RS;adiinc992j;p74p75;2014;818182.31;992;j
RS;adiinc992j;p74p75;2015;797183.0;992;j
RS;adiinc992j;p74p75;2016;823232.69;992;j
RS;adiinc992j;p74p75;2017;828142.0;992;j
RS;adiinc992j;p83p100;1990;1658703.6;992;j
RS;adiinc992j;p83p100;1991;1433537.5;992;j
RS;adiinc992j;p83p100;1992;977924.38;992;j
RS;adiinc992j;p83p100;1993;632564.69;992;j
RS;adiinc992j;p83p100;1994;649626.13;992;j
RS;adiinc992j;p83p100;1995;683802.88;992;j
RS;adiinc992j;p83p100;1996;685756.13;992;j
RS;adiinc992j;p83p100;1997;722499.5;992;j
RS;adiinc992j;p83p100;1998;770061.69;992;j
RS;adiinc992j;p83p100;1999;857926.81;992;j
RS;adiinc992j;p83p100;2000;954480.63;992;j
RS;adiinc992j;p83p100;2001;961406.81;992;j
RS;adiinc992j;p83p100;2002;1048294.7;992;j
RS;adiinc992j;p83p100;2003;1108522.3;992;j
RS;adiinc992j;p83p100;2004;1273291.0;992;j
RS;adiinc992j;p83p100;2005;1446444.4;992;j
RS;adiinc992j;p83p100;2006;1554924.8;992;j
RS;adiinc992j;p83p100;2007;1598538.1;992;j
RS;adiinc992j;p83p100;2008;1711353.0;992;j
RS;adiinc992j;p83p100;2009;1709004.0;992;j
RS;adiinc992j;p83p100;2010;1753673.0;992;j
RS;adiinc992j;p83p100;2011;1800858.8;992;j
RS;adiinc992j;p83p100;2012;1813616.3;992;j
RS;adiinc992j;p83p100;2013;1844408.1;992;j
RS;adiinc992j;p83p100;2014;1793097.8;992;j
RS;adiinc992j;p83p100;2015;1899065.5;992;j
RS;adiinc992j;p83p100;2016;1973900.9;992;j
RS;adiinc992j;p83p100;2017;1987849.3;992;j
RS;adiinc992j;p99.4p100;1990;6992006.5;992;j
RS;adiinc992j;p99.4p100;1991;5931803.5;992;j
RS;adiinc992j;p99.4p100;1992;3958774.0;992;j
RS;adiinc992j;p99.4p100;1993;2534586.5;992;j
RS;adiinc992j;p99.4p100;1994;2584339.0;992;j
RS;adiinc992j;p99.4p100;1995;2705868.5;992;j
RS;adiinc992j;p99.4p100;1996;2678739.8;992;j
RS;adiinc992j;p99.4p100;1997;2782237.0;992;j
RS;adiinc992j;p99.4p100;1998;3055040.0;992;j
RS;adiinc992j;p99.4p100;1999;3677798.0;992;j
RS;adiinc992j;p99.4p100;2000;4264767.0;992;j
RS;adiinc992j;p99.4p100;2001;4533521.0;992;j
RS;adiinc992j;p99.4p100;2002;4861665.5;992;j
RS;adiinc992j;p99.4p100;2003;5058875.5;992;j
RS;adiinc992j;p99.4p100;2004;5777321.0;992;j
RS;adiinc992j;p99.4p100;2005;6725602.0;992;j
RS;adiinc992j;p99.4p100;2006;7093519.0;992;j
RS;adiinc992j;p99.4p100;2007;6903854.5;992;j
RS;adiinc992j;p99.4p100;2008;7137333.5;992;j
RS;adiinc992j;p99.4p100;2009;7604152.0;992;j
RS;adiinc992j;p99.4p100;2010;7692836.5;992;j
RS;adiinc992j;p99.4p100;2011;7854798.5;992;j
RS;adiinc992j;p99.4p100;2012;9169002.0;992;j
RS;adiinc992j;p99.4p100;2013;8442063.0;992;j
RS;adiinc992j;p99.4p100;2014;10353334.0;992;j
RS;adiinc992j;p99.4p100;2015;13320945.0;992;j
RS;adiinc992j;p99.4p100;2016;13904176.0;992;j
RS;adiinc992j;p99.4p100;2017;14017307.0;992;j
RS;adiinc992j;p99.6p100;1990;8557449.0;992;j
RS;adiinc992j;p99.6p100;1991;7230906.5;992;j
RS;adiinc992j;p99.6p100;1992;4799522.0;992;j
RS;adiinc992j;p99.6p100;1993;3061731.0;992;j
RS;adiinc992j;p99.6p100;1994;3114270.8;992;j
RS;adiinc992j;p99.6p100;1995;3253974.0;992;j
RS;adiinc992j;p99.6p100;1996;3213089.5;992;j
RS;adiinc992j;p99.6p100;1997;3327851.0;992;j
RS;adiinc992j;p99.6p100;1998;3667255.3;992;j
RS;adiinc992j;p99.6p100;1999;4467255.5;992;j
RS;adiinc992j;p99.6p100;2000;5188138.5;992;j
RS;adiinc992j;p99.6p100;2001;5562236.5;992;j
RS;adiinc992j;p99.6p100;2002;5929647.0;992;j
RS;adiinc992j;p99.6p100;2003;6168626.0;992;j
RS;adiinc992j;p99.6p100;2004;7044950.0;992;j
RS;adiinc992j;p99.6p100;2005;8232936.0;992;j
RS;adiinc992j;p99.6p100;2006;8620443.0;992;j
RS;adiinc992j;p99.6p100;2007;8313960.5;992;j
RS;adiinc992j;p99.6p100;2008;8519016.0;992;j
RS;adiinc992j;p99.6p100;2009;9189291.0;992;j
RS;adiinc992j;p99.6p100;2010;9247961.0;992;j
RS;adiinc992j;p99.6p100;2011;9414066.0;992;j
RS;adiinc992j;p99.6p100;2012;11297306.0;992;j
RS;adiinc992j;p99.6p100;2013;10219258.0;992;j
RS;adiinc992j;p99.6p100;2014;13090514.0;992;j
RS;adiinc992j;p99.6p100;2015;17323350.0;992;j
RS;adiinc992j;p99.6p100;2016;18085528.0;992;j
RS;adiinc992j;p99.6p100;2017;18234970.0;992;j
RS;adiinc992j;p99.993p100;1990;71679856.0;992;j
RS;adiinc992j;p99.993p100;1991;57903188.0;992;j
RS;adiinc992j;p99.993p100;1992;36046056.0;992;j
RS;adiinc992j;p99.993p100;1993;21966908.0;992;j
RS;adiinc992j;p99.993p100;1994;21678452.0;992;j
RS;adiinc992j;p99.993p100;1995;22061470.0;992;j
RS;adiinc992j;p99.993p100;1996;21164374.0;992;j
RS;adiinc992j;p99.993p100;1997;21235368.0;992;j
RS;adiinc992j;p99.993p100;1998;24233166.0;992;j
RS;adiinc992j;p99.993p100;1999;33408814.0;992;j
RS;adiinc992j;p99.993p100;2000;38747396.0;992;j
RS;adiinc992j;p99.993p100;2001;45484976.0;992;j
RS;adiinc992j;p99.993p100;2002;45045752.0;992;j
RS;adiinc992j;p99.993p100;2003;47100916.0;992;j
RS;adiinc992j;p99.993p100;2004;54031972.0;992;j
RS;adiinc992j;p99.993p100;2005;65810348.0;992;j
RS;adiinc992j;p99.993p100;2006;62887636.0;992;j
RS;adiinc992j;p99.993p100;2007;54912488.0;992;j
RS;adiinc992j;p99.993p100;2008;50531976.0;992;j
RS;adiinc992j;p99.993p100;2009;62712004.0;992;j
RS;adiinc992j;p99.993p100;2010;59166924.0;992;j
RS;adiinc992j;p99.993p100;2011;57921168.0;992;j
RS;adiinc992j;p99.993p100;2012;94492016.0;992;j
RS;adiinc992j;p99.993p100;2013;70324776.0;992;j
RS;adiinc992j;p99.993p100;2014;145642432.0;992;j
RS;adiinc992j;p99.993p100;2015;255645328.0;992;j
RS;adiinc992j;p99.993p100;2016;267177776.0;992;j
RS;adiinc992j;p99.993p100;2017;269713664.0;992;j
RS;ansmhn992i;p0p100;1997;76247.398;992;i
RS;ansmhn992i;p0p100;1998;72366.297;992;i
RS;ansmhn992i;p0p100;1999;98884.102;992;i
RS;ansmhn992i;p0p100;2000;111293.9;992;i
RS;ansmhn992i;p0p100;2001;110935.0;992;i
RS;ansmhn992i;p0p100;2002;96116.398;992;i
RS;ansmhn992i;p0p100;2003;90981.297;992;i
RS;ansmhn992i;p0p100;2004;98046.797;992;i
RS;ansmhn992i;p0p100;2005;105107.0;992;i
RS;ansmhn992i;p0p100;2006;130198.5;992;i
RS;ansmhn992i;p0p100;2007;135911.59;992;i
RS;ansmhn992i;p0p100;2008;144575.59;992;i
RS;ansmhn992i;p0p100;2009;141622.0;992;i
RS;ansmhn992i;p0p100;2010;144831.0;992;i
RS;ansmhn992i;p0p100;2011;158473.5;992;i
RS;ansmho999i;p0p100;1997;53647.398;999;i
RS;ansmho999i;p0p100;1998;51253.699;999;i
RS;ansmho999i;p0p100;1999;70487.297;999;i
RS;ansmho999i;p0p100;2000;79838.898;999;i
RS;ansmho999i;p0p100;2001;79923.102;999;i
RS;ansmho999i;p0p100;2002;69557.703;999;i
RS;ansmho999i;p0p100;2003;66149.297;999;i
RS;ansmho999i;p0p100;2004;71638.102;999;i
RS;ansmho999i;p0p100;2005;77202.297;999;i
RS;ansmho999i;p0p100;2006;96037.0;999;i
RS;ansmho999i;p0p100;2007;100728.9;999;i
RS;ansmho999i;p0p100;2008;107690.6;999;i
RS;ansmho999i;p0p100;2009;106016.4;999;i
RS;ansmho999i;p0p100;2010;108932.6;999;i
RS;ansmho999i;p0p100;2011;119647.5;999;i
RS;aprgnp992i;p0p100;1997;55.799999;992;i
RS;aprgnp992i;p0p100;1998;108.4;992;i
RS;aprgnp992i;p0p100;1999;67.400002;992;i
RS;aprgnp992i;p0p100;2000;76.099998;992;i
RS;aprgnp992i;p0p100;2001;109.5;992;i
RS;aprgnp992i;p0p100;2002;111.6;992;i
RS;aprgnp992i;p0p100;2003;120.5;992;i
RS;aprgnp992i;p0p100;2004;162.39999;992;i
RS;aprgnp992i;p0p100;2005;214.0;992;i
RS;aprgnp992i;p0p100;2006;250.8;992;i
RS;aprgnp992i;p0p100;2007;266.29999;992;i
RS;aprgnp992i;p0p100;2008;290.0;992;i
RS;aprgnp992i;p0p100;2009;279.10001;992;i
RS;aprgnp992i;p0p100;2010;258.0;992;i
RS;aprgnp992i;p0p100;2011;263.60001;992;i
RS;aprpfc992i;p0p100;1997;12535.2;992;i
RS;aprpfc992i;p0p100;1998;12792.0;992;i
RS;aprpfc992i;p0p100;1999;7104.5;992;i
RS;aprpfc992i;p0p100;2000;6520.6001;992;i
RS;aprpfc992i;p0p100;2001;4009.3999;992;i
RS;aprpfc992i;p0p100;2002;5111.5;992;i
RS;aprpfc992i;p0p100;2003;5389.2998;992;i
RS;aprpfc992i;p0p100;2004;3760.2;992;i
RS;aprpfc992i;p0p100;2005;5785.7998;992;i
RS;aprpfc992i;p0p100;2006;6340.8999;992;i
RS;aprpfc992i;p0p100;2007;-677.29999;992;i
RS;aprpfc992i;p0p100;2008;8259.9004;992;i
RS;aprpfc992i;p0p100;2009;11112.3;992;i
RS;aprpfc992i;p0p100;2010;12409.9;992;i
RS;aprpfc992i;p0p100;2011;12202.0;992;i
RS;aptfor999i;p0p100;2007;7172.0;999;i
RS;aptfor999i;p0p100;2008;6930.1001;999;i
RS;aptfor999i;p0p100;2009;4550.1001;999;i
RS;aptfor999i;p0p100;2010;4124.6001;999;i
RS;aptfor999i;p0p100;2011;3870.8;999;i
RS;aptfor999i;p0p100;2012;4914.8999;999;i
RS;aptfor999i;p0p100;2013;3142.3999;999;i
RS;aptfor999i;p0p100;2014;2734.7;999;i
RS;aptfor999i;p0p100;2015;2999.1001;999;i
RS;aptfor999i;p0p100;2016;3262.5;999;i
RS;aptfor999i;p0p100;2017;3690.1001;999;i
RS;aptfor999i;p0p100;2018;3129.3999;999;i
RS;aptinc992j;p99p99.1;1990;3297913.0;992;j
RS;aptinc992j;p99p99.1;1991;2886210.0;992;j
RS;aptinc992j;p99p99.1;1992;1995744.8;992;j
RS;aptinc992j;p99p99.1;1993;1304290.5;992;j
RS;aptinc992j;p99p99.1;1994;1358110.3;992;j
RS;aptinc992j;p99p99.1;1995;1445768.8;992;j
RS;aptinc992j;p99p99.1;1996;1463046.1;992;j
RS;aptinc992j;p99p99.1;1997;1556112.3;992;j
RS;aptinc992j;p99p99.1;1998;1660169.3;992;j
RS;aptinc992j;p99p99.1;1999;1846268.6;992;j
RS;aptinc992j;p99p99.1;2000;2113545.5;992;j
RS;aptinc992j;p99p99.1;2001;2139259.0;992;j
RS;aptinc992j;p99p99.1;2002;2353769.0;992;j
RS;aptinc992j;p99p99.1;2003;2492324.8;992;j
RS;aptinc992j;p99p99.1;2004;2888023.0;992;j
RS;aptinc992j;p99p99.1;2005;3297937.5;992;j
RS;aptinc992j;p99p99.1;2006;3519345.0;992;j
RS;aptinc992j;p99p99.1;2007;3533751.0;992;j
RS;aptinc992j;p99p99.1;2008;3795411.0;992;j
RS;aptinc992j;p99p99.1;2009;3775692.5;992;j
RS;aptinc992j;p99p99.1;2010;3955816.8;992;j
RS;aptinc992j;p99p99.1;2011;4071375.8;992;j
RS;aptinc992j;p99p99.1;2012;4106558.3;992;j
RS;aptinc992j;p99p99.1;2013;4112295.5;992;j
RS;aptinc992j;p99p99.1;2014;4143765.5;992;j
RS;aptinc992j;p99p99.1;2015;4060189.5;992;j
RS;aptinc992j;p99p99.1;2016;4188834.8;992;j
RS;aptinc992j;p99p99.1;2017;4219529.0;992;j
RS;asprgo992i;p0p100;1997;5008.7998;992;i
RS;asprgo992i;p0p100;1998;5125.8999;992;i
RS;asprgo992i;p0p100;1999;4839.5;992;i
RS;asprgo992i;p0p100;2000;5041.6001;992;i
RS;asprgo992i;p0p100;2001;16320.8;992;i
RS;asprgo992i;p0p100;2002;20930.801;992;i
RS;asprgo992i;p0p100;2003;16991.6;992;i
RS;asprgo992i;p0p100;2004;17207.6;992;i
RS;asprgo992i;p0p100;2005;17270.801;992;i
RS;asprgo992i;p0p100;2006;14195.3;992;i
RS;asprgo992i;p0p100;2007;14941.9;992;i
RS;asprgo992i;p0p100;2008;16482.9;992;i
RS;asprgo992i;p0p100;2009;10321.7;992;i
RS;asprgo992i;p0p100;2010;13480.9;992;i
RS;asprgo992i;p0p100;2011;14793.7;992;i
RS;bptinc992j;p3p100;1990;10.101235;992;j
RS;bptinc992j;p3p100;1991;10.058077;992;j
RS;bptinc992j;p3p100;1992;9.9318914;992;j
RS;bptinc992j;p3p100;1993;9.8639526;992;j
RS;bptinc992j;p3p100;1994;9.8446398;992;j
RS;bptinc992j;p3p100;1995;9.8028479;992;j
RS;bptinc992j;p3p100;1996;9.7902708;992;j
RS;bptinc992j;p3p100;1997;9.7907114;992;j
RS;bptinc992j;p3p100;1998;9.0209856;992;j
RS;bptinc992j;p3p100;1999;8.7916985;992;j
RS;bptinc992j;p3p100;2000;8.9731436;992;j
RS;bptinc992j;p3p100;2001;8.8019161;992;j
RS;bptinc992j;p3p100;2002;11.538659;992;j
RS;bptinc992j;p3p100;2003;11.95217;992;j
RS;bptinc992j;p3p100;2004;13.029882;992;j
RS;bptinc992j;p3p100;2005;13.934608;992;j
RS;bptinc992j;p3p100;2006;15.353176;992;j
RS;bptinc992j;p3p100;2007;16.705463;992;j
RS;bptinc992j;p3p100;2008;20.260267;992;j
RS;bptinc992j;p3p100;2009;22.350668;992;j
RS;bptinc992j;p3p100;2010;23.154446;992;j
RS;bptinc992j;p3p100;2011;27.473257;992;j
RS;bptinc992j;p3p100;2012;28.589417;992;j
RS;bptinc992j;p3p100;2013;35.110355;992;j
RS;bptinc992j;p3p100;2014;33.895416;992;j
RS;bptinc992j;p3p100;2015;34.022106;992;j
RS;bptinc992j;p3p100;2016;33.939262;992;j
RS;bptinc992j;p3p100;2017;34.289639;992;j
RS;bptinc992j;p55p100;1990;1.8653814;992;j
RS;bptinc992j;p55p100;1991;1.8713256;992;j
RS;bptinc992j;p55p100;1992;1.8788594;992;j
RS;bptinc992j;p55p100;1993;1.8850626;992;j
RS;bptinc992j;p55p100;1994;1.8938688;992;j
RS;bptinc992j;p55p100;1995;1.901305;992;j
RS;bptinc992j;p55p100;1996;1.9062494;992;j
RS;bptinc992j;p55p100;1997;1.9118406;992;j
RS;bptinc992j;p55p100;1998;1.9257413;992;j
RS;bptinc992j;p55p100;1999;1.9355998;992;j
RS;bptinc992j;p55p100;2000;1.9699397;992;j
RS;bptinc992j;p55p100;2001;1.9827288;992;j
RS;bptinc992j;p55p100;2002;2.0210161;992;j
RS;bptinc992j;p55p100;2003;2.030344;992;j
RS;bptinc992j;p55p100;2004;2.0861487;992;j
RS;bptinc992j;p55p100;2005;2.124722;992;j
RS;bptinc992j;p55p100;2006;2.1464477;992;j
RS;bptinc992j;p55p100;2007;2.1429529;992;j
RS;bptinc992j;p55p100;2008;2.1696453;992;j
RS;bptinc992j;p55p100;2009;2.1782668;992;j
RS;bptinc992j;p55p100;2010;2.2360692;992;j
RS;bptinc992j;p55p100;2011;2.2968285;992;j
RS;bptinc992j;p55p100;2012;2.2787824;992;j
RS;bptinc992j;p55p100;2013;2.2502215;992;j
RS;bptinc992j;p55p100;2014;2.343184;992;j
RS;bptinc992j;p55p100;2015;2.2733564;992;j
RS;bptinc992j;p55p100;2016;2.2742229;992;j
RS;bptinc992j;p55p100;2017;2.2764158;992;j
RS;bptinc992j;p60p100;1990;1.7994717;992;j
RS;bptinc992j;p60p100;1991;1.8083051;992;j
RS;bptinc992j;p60p100;1992;1.8193445;992;j
RS;bptinc992j;p60p100;1993;1.8299024;992;j
RS;bptinc992j;p60p100;1994;1.8388543;992;j
RS;bptinc992j;p60p100;1995;1.8503641;992;j
RS;bptinc992j;p60p100;1996;1.8578563;992;j
RS;bptinc992j;p60p100;1997;1.8635503;992;j
RS;bptinc992j;p60p100;1998;1.8722687;992;j
RS;bptinc992j;p60p100;1999;1.8817816;992;j
RS;bptinc992j;p60p100;2000;1.9227948;992;j
RS;bptinc992j;p60p100;2001;1.9485664;992;j
RS;bptinc992j;p60p100;2002;1.9682316;992;j
RS;bptinc992j;p60p100;2003;1.9825183;992;j
RS;bptinc992j;p60p100;2004;2.0384345;992;j
RS;bptinc992j;p60p100;2005;2.0764604;992;j
RS;bptinc992j;p60p100;2006;2.0857623;992;j
RS;bptinc992j;p60p100;2007;2.0626326;992;j
RS;bptinc992j;p60p100;2008;2.0739844;992;j
RS;bptinc992j;p60p100;2009;2.0983934;992;j
RS;bptinc992j;p60p100;2010;2.1563942;992;j
RS;bptinc992j;p60p100;2011;2.2069707;992;j
RS;bptinc992j;p60p100;2012;2.2061017;992;j
RS;bptinc992j;p60p100;2013;2.1624956;992;j
RS;bptinc992j;p60p100;2014;2.2317989;992;j
RS;bptinc992j;p60p100;2015;2.1768315;992;j
RS;bptinc992j;p60p100;2016;2.1777422;992;j
RS;bptinc992j;p60p100;2017;2.1788039;992;j
RS;bptinc992j;p99.95p100;1990;2.070019;992;j
RS;bptinc992j;p99.95p100;1991;2.0926766;992;j
RS;bptinc992j;p99.95p100;1992;2.1005499;992;j
RS;bptinc992j;p99.95p100;1993;2.1224496;992;j
RS;bptinc992j;p99.95p100;1994;2.1249797;992;j
RS;bptinc992j;p99.95p100;1995;2.1446183;992;j
RS;bptinc992j;p99.95p100;1996;2.1632321;992;j
RS;bptinc992j;p99.95p100;1997;2.1846673;992;j
RS;bptinc992j;p99.95p100;1998;2.1512182;992;j
RS;bptinc992j;p99.95p100;1999;2.2088566;992;j
RS;bptinc992j;p99.95p100;2000;2.2250314;992;j
RS;bptinc992j;p99.95p100;2001;2.2877586;992;j
RS;bptinc992j;p99.95p100;2002;2.2303205;992;j
RS;bptinc992j;p99.95p100;2003;2.1992245;992;j
RS;bptinc992j;p99.95p100;2004;2.1964753;992;j
RS;bptinc992j;p99.95p100;2005;2.1352067;992;j
RS;bptinc992j;p99.95p100;2006;2.1366057;992;j
RS;bptinc992j;p99.95p100;2007;2.0938432;992;j
RS;bptinc992j;p99.95p100;2008;2.1095951;992;j
RS;bptinc992j;p99.95p100;2009;2.0845196;992;j
RS;bptinc992j;p99.95p100;2010;2.0109253;992;j
RS;bptinc992j;p99.95p100;2011;2.0371714;992;j
RS;bptinc992j;p99.95p100;2012;1.8253779;992;j
RS;bptinc992j;p99.95p100;2013;1.9145814;992;j
RS;bptinc992j;p99.95p100;2014;2.3066711;992;j
RS;bptinc992j;p99.95p100;2015;2.3147938;992;j
RS;bptinc992j;p99.95p100;2016;2.3147061;992;j
RS;bptinc992j;p99.95p100;2017;2.3135893;992;j
RS;mgsrnf999i;p0p100;1997;-17226448896.0;999;i
RS;mgsrnf999i;p0p100;1998;249027936256.0;999;i
RS;mgsrnf999i;p0p100;1999;311107452928.0;999;i
RS;mgsrnf999i;p0p100;2000;406836772864.0;999;i
RS;mgsrnf999i;p0p100;2001;300644728832.0;999;i
RS;mgsrnf999i;p0p100;2002;234138697728.0;999;i
RS;mgsrnf999i;p0p100;2003;208022110208.0;999;i
RS;mgsrnf999i;p0p100;2004;397497237504.0;999;i
RS;mgsrnf999i;p0p100;2005;535655022592.0;999;i
RS;mgsrnf999i;p0p100;2006;542036426752.0;999;i
RS;mgsrnf999i;p0p100;2007;587513987072.0;999;i
RS;mgsrnf999i;p0p100;2008;644762304512.0;999;i
RS;mgsrnf999i;p0p100;2009;578108063744.0;999;i
RS;mgsrnf999i;p0p100;2010;627269894144.0;999;i
RS;mgsrnf999i;p0p100;2011;768499777536.0;999;i
RS;mospgo999i;p0p100;1997;0.0;999;i
RS;mospgo999i;p0p100;1998;0.0;999;i
RS;mospgo999i;p0p100;1999;0.0;999;i
RS;mospgo999i;p0p100;2000;0.0;999;i
RS;mospgo999i;p0p100;2001;0.0;999;i
RS;mospgo999i;p0p100;2002;0.0;999;i
RS;mospgo999i;p0p100;2003;0.0;999;i
RS;mospgo999i;p0p100;2004;0.0;999;i
RS;mospgo999i;p0p100;2005;13341588480.0;999;i
RS;mospgo999i;p0p100;2006;18296186880.0;999;i
RS;mospgo999i;p0p100;2007;18454980608.0;999;i
RS;mospgo999i;p0p100;2008;21184598016.0;999;i
RS;mospgo999i;p0p100;2009;29504899072.0;999;i
RS;mospgo999i;p0p100;2010;27144744960.0;999;i
RS;mospgo999i;p0p100;2011;28063545344.0;999;i
RS;mprico999i;p0p100;1997;-338417418240.0;999;i
RS;mprico999i;p0p100;1998;-27441582080.0;999;i
RS;mprico999i;p0p100;1999;18338082816.0;999;i
RS;mprico999i;p0p100;2000;110671470592.0;999;i
RS;mprico999i;p0p100;2001;-96143253504.0;999;i
RS;mprico999i;p0p100;2002;-142467710976.0;999;i
RS;mprico999i;p0p100;2003;-208926375936.0;999;i
RS;mprico999i;p0p100;2004;42878062592.0;999;i
RS;mprico999i;p0p100;2005;102359556096.0;999;i
RS;mprico999i;p0p100;2006;130872836096.0;999;i
RS;mprico999i;p0p100;2007;15940260864.0;999;i
RS;mprico999i;p0p100;2008;-1773237888.0;999;i
RS;mprico999i;p0p100;2009;91056226304.0;999;i
RS;mprico999i;p0p100;2010;111084617728.0;999;i
RS;mprico999i;p0p100;2011;165978324992.0;999;i
RS;npopul001f;p0p100;1950;369646.0;001;f
RS;npopul001f;p0p100;1951;402260.0;001;f
RS;npopul001f;p0p100;1952;418548.0;001;f
RS;npopul001f;p0p100;1953;425186.0;001;f
RS;npopul001f;p0p100;1954;423332.0;001;f
RS;npopul001f;p0p100;1955;415608.0;001;f
RS;npopul001f;p0p100;1956;404689.0;001;f
RS;npopul001f;p0p100;1957;391156.0;001;f
RS;npopul001f;p0p100;1958;377119.0;001;f
RS;npopul001f;p0p100;1959;364465.0;001;f
RS;npopul001f;p0p100;1960;353541.0;001;f
RS;npopul001f;p0p100;1961;336064.0;001;f
RS;npopul001f;p0p100;1962;330615.0;001;f
RS;npopul001f;p0p100;1963;332903.0;001;f
RS;npopul001f;p0p100;1964;336859.0;001;f
RS;npopul001f;p0p100;1965;338218.0;001;f
RS;npopul001f;p0p100;1966;346855.0;001;f
RS;npopul001f;p0p100;1967;348113.0;001;f
RS;npopul001f;p0p100;1968;344469.0;001;f
RS;npopul001f;p0p100;1969;340943.0;001;f
RS;npopul001f;p0p100;1970;341221.0;001;f
RS;npopul001f;p0p100;1971;343191.0;001;f
RS;npopul001f;p0p100;1972;347447.0;001;f
RS;npopul001f;p0p100;1973;353684.0;001;f
RS;npopul001f;p0p100;1974;360109.0;001;f
RS;npopul001f;p0p100;1975;365627.0;001;f
RS;npopul001f;p0p100;1976;372440.0;001;f
RS;npopul001f;p0p100;1977;377878.0;001;f
RS;npopul001f;p0p100;1978;381912.0;001;f
RS;npopul001f;p0p100;1979;384719.0;001;f
RS;npopul001f;p0p100;1980;386299.0;001;f
RS;npopul001f;p0p100;1981;388186.0;001;f
RS;npopul001f;p0p100;1982;387805.0;001;f
RS;npopul001f;p0p100;1983;385674.0;001;f
RS;npopul001f;p0p100;1984;382634.0;001;f
RS;npopul001f;p0p100;1985;379240.0;001;f
RS;npopul001f;p0p100;1986;374651.0;001;f
RS;npopul001f;p0p100;1987;371444.0;001;f
RS;npopul001f;p0p100;1988;368993.0;001;f
RS;npopul001f;p0p100;1989;366284.0;001;f
RS;npopul001f;p0p100;1990;362714.0;001;f
RS;npopul001f;p0p100;1991;360982.0;001;f
RS;npopul001f;p0p100;1992;356806.0;001;f
RS;npopul001f;p0p100;1993;350433.0;001;f
RS;npopul001f;p0p100;1994;342536.0;001;f
RS;npopul001f;p0p100;1995;333462.0;001;f
RS;npopul001f;p0p100;1996;325210.0;001;f
RS;npopul001f;p0p100;1997;318331.0;001;f
RS;npopul001f;p0p100;1998;312287.0;001;f
RS;npopul001f;p0p100;1999;240901.0;001;f
RS;npopul001f;p0p100;2000;236801.0;001;f
RS;npopul001f;p0p100;2001;232051.0;001;f
RS;npopul001f;p0p100;2002;227948.0;001;f
RS;npopul001f;p0p100;2003;223390.0;001;f
RS;npopul001f;p0p100;2004;219011.0;001;f
RS;npopul001f;p0p100;2005;214913.0;001;f
RS;npopul001f;p0p100;2006;213225.0;001;f
RS;npopul001f;p0p100;2007;210332.0;001;f
RS;npopul001f;p0p100;2008;206719.0;001;f
RS;npopul001f;p0p100;2009;202922.0;001;f
RS;npopul001f;p0p100;2010;199087.0;001;f
RS;npopul001f;p0p100;2011;194283.0;001;f
RS;npopul001f;p0p100;2012;189860.0;001;f
RS;npopul001f;p0p100;2013;185474.0;001;f
RS;npopul001f;p0p100;2014;181484.0;001;f
RS;npopul001f;p0p100;2015;178047.0;001;f
RS;npopul001f;p0p100;2016;174771.0;001;f
RS;npopul001f;p0p100;2017;174115.0;001;f
RS;npopul001f;p0p100;2018;174529.0;001;f
RS;npopul001f;p0p100;2019;174564.0;001;f
RS;npopul402m;p0p100;1950;437665.0;402;m
RS;npopul402m;p0p100;1951;438107.0;402;m
RS;npopul402m;p0p100;1952;436692.0;402;m
RS;npopul402m;p0p100;1953;431741.0;402;m
RS;npopul402m;p0p100;1954;422623.0;402;m
RS;npopul402m;p0p100;1955;409619.0;402;m
RS;npopul402m;p0p100;1956;392430.0;402;m
RS;npopul402m;p0p100;1957;371716.0;402;m
RS;npopul402m;p0p100;1958;350971.0;402;m
RS;npopul402m;p0p100;1959;335235.0;402;m
RS;npopul402m;p0p100;1960;327697.0;402;m
RS;npopul402m;p0p100;1961;328008.0;402;m
RS;npopul402m;p0p100;1962;335308.0;402;m
RS;npopul402m;p0p100;1963;349535.0;402;m
RS;npopul402m;p0p100;1964;370098.0;402;m
RS;npopul402m;p0p100;1965;396180.0;402;m
RS;npopul402m;p0p100;1966;425626.0;402;m
RS;npopul402m;p0p100;1967;460822.0;402;m
RS;npopul402m;p0p100;1968;498510.0;402;m
RS;npopul402m;p0p100;1969;533892.0;402;m
RS;npopul402m;p0p100;1970;563884.0;402;m
RS;npopul402m;p0p100;1971;588071.0;402;m
RS;npopul402m;p0p100;1972;606837.0;402;m
RS;npopul402m;p0p100;1973;620392.0;402;m
RS;npopul402m;p0p100;1974;629657.0;402;m
RS;npopul402m;p0p100;1975;635142.0;402;m
RS;npopul402m;p0p100;1976;635649.0;402;m
RS;npopul402m;p0p100;1977;632732.0;402;m
RS;npopul402m;p0p100;1978;626376.0;402;m
RS;npopul402m;p0p100;1979;616435.0;402;m
RS;npopul402m;p0p100;1980;603207.0;402;m
RS;npopul402m;p0p100;1981;586171.0;402;m
RS;npopul402m;p0p100;1982;566540.0;402;m
RS;npopul402m;p0p100;1983;547221.0;402;m
RS;npopul402m;p0p100;1984;532524.0;402;m
RS;npopul402m;p0p100;1985;525219.0;402;m
RS;npopul402m;p0p100;1986;524113.0;402;m
RS;npopul402m;p0p100;1987;529561.0;402;m
RS;npopul402m;p0p100;1988;541626.0;402;m
RS;npopul402m;p0p100;1989;560109.0;402;m
RS;npopul402m;p0p100;1990;584450.0;402;m
RS;npopul402m;p0p100;1991;613115.0;402;m
RS;npopul402m;p0p100;1992;648491.0;402;m
RS;npopul402m;p0p100;1993;685225.0;402;m
RS;npopul402m;p0p100;1994;715103.0;402;m
RS;npopul402m;p0p100;1995;732758.0;402;m
RS;npopul402m;p0p100;1996;743045.0;402;m
RS;npopul402m;p0p100;1997;740715.0;402;m
RS;npopul402m;p0p100;1998;729011.0;402;m
RS;npopul402m;p0p100;1999;561399.0;402;m
RS;npopul402m;p0p100;2000;552321.0;402;m
RS;npopul402m;p0p100;2001;538325.0;402;m
RS;npopul402m;p0p100;2002;523536.0;402;m
RS;npopul402m;p0p100;2003;507552.0;402;m
RS;npopul402m;p0p100;2004;493422.0;402;m
RS;npopul402m;p0p100;2005;481865.0;402;m
RS;npopul402m;p0p100;2006;474244.0;402;m
RS;npopul402m;p0p100;2007;470063.0;402;m
RS;npopul402m;p0p100;2008;468403.0;402;m
RS;npopul402m;p0p100;2009;468173.0;402;m
RS;npopul402m;p0p100;2010;468459.0;402;m
RS;npopul402m;p0p100;2011;467621.0;402;m
RS;npopul402m;p0p100;2012;468804.0;402;m
RS;npopul402m;p0p100;2013;470491.0;402;m
RS;npopul402m;p0p100;2014;472452.0;402;m
RS;npopul402m;p0p100;2015;474345.0;402;m
RS;npopul402m;p0p100;2016;476558.0;402;m
RS;npopul402m;p0p100;2017;480324.0;402;m
RS;npopul402m;p0p100;2018;483790.0;402;m
RS;npopul402m;p0p100;2019;486520.0;402;m
RS;npopul999i;p0p100;1950;6732256.0;999;i
RS;npopul999i;p0p100;1951;6853293.0;999;i
RS;npopul999i;p0p100;1952;6963402.0;999;i
RS;npopul999i;p0p100;1953;7063163.0;999;i
RS;npopul999i;p0p100;1954;7153365.0;999;i
RS;npopul999i;p0p100;1955;7234922.0;999;i
RS;npopul999i;p0p100;1956;7308932.0;999;i
RS;npopul999i;p0p100;1957;7376687.0;999;i
RS;npopul999i;p0p100;1958;7439606.0;999;i
RS;npopul999i;p0p100;1959;7499167.0;999;i
RS;npopul999i;p0p100;1960;7556727.0;999;i
RS;npopul999i;p0p100;1961;7613352.0;999;i
RS;npopul999i;p0p100;1962;7669610.0;999;i
RS;npopul999i;p0p100;1963;7725503.0;999;i
RS;npopul999i;p0p100;1964;7780687.0;999;i
RS;npopul999i;p0p100;1965;7835083.0;999;i
RS;npopul999i;p0p100;1966;7888805.0;999;i
RS;npopul999i;p0p100;1967;7942640.0;999;i
RS;npopul999i;p0p100;1968;7998003.0;999;i
RS;npopul999i;p0p100;1969;8056665.0;999;i
RS;npopul999i;p0p100;1970;8119860.0;999;i
RS;npopul999i;p0p100;1971;8187991.0;999;i
RS;npopul999i;p0p100;1972;8260625.0;999;i
RS;npopul999i;p0p100;1973;8337076.0;999;i
RS;npopul999i;p0p100;1974;8416248.0;999;i
RS;npopul999i;p0p100;1975;8497170.0;999;i
RS;npopul999i;p0p100;1976;8579630.0;999;i
RS;npopul999i;p0p100;1977;8663326.0;999;i
RS;npopul999i;p0p100;1978;8746980.0;999;i
RS;npopul999i;p0p100;1979;8829036.0;999;i
RS;npopul999i;p0p100;1980;8908294.0;999;i
RS;npopul999i;p0p100;1981;8984596.0;999;i
RS;npopul999i;p0p100;1982;9057979.0;999;i
RS;npopul999i;p0p100;1983;9127680.0;999;i
RS;npopul999i;p0p100;1984;9192920.0;999;i
RS;npopul999i;p0p100;1985;9253405.0;999;i
RS;npopul999i;p0p100;1986;9306347.0;999;i
RS;npopul999i;p0p100;1987;9352150.0;999;i
RS;npopul999i;p0p100;1988;9397313.0;999;i
RS;npopul999i;p0p100;1989;9450771.0;999;i
RS;npopul999i;p0p100;1990;9517675.0;999;i
RS;npopul999i;p0p100;1991;9602887.0;999;i
RS;npopul999i;p0p100;1992;9701151.0;999;i
RS;npopul999i;p0p100;1993;9795256.0;999;i
RS;npopul999i;p0p100;1994;9861627.0;999;i
RS;npopul999i;p0p100;1995;9884147.0;999;i
RS;npopul999i;p0p100;1996;9856065.0;999;i
RS;npopul999i;p0p100;1997;9784696.0;999;i
RS;npopul999i;p0p100;1998;9685414.0;999;i
RS;npopul999i;p0p100;1999;7540401.0;999;i
RS;npopul999i;p0p100;2000;7516346.0;999;i
RS;npopul999i;p0p100;2001;7503433.0;999;i
RS;npopul999i;p0p100;2002;7500031.0;999;i
RS;npopul999i;p0p100;2003;7480592.0;999;i
RS;npopul999i;p0p100;2004;7463157.0;999;i
RS;npopul999i;p0p100;2005;7440769.0;999;i
RS;npopul999i;p0p100;2006;7411569.0;999;i
RS;npopul999i;p0p100;2007;7381579.0;999;i
RS;npopul999i;p0p100;2008;7350222.0;999;i
RS;npopul999i;p0p100;2009;7320807.0;999;i
RS;npopul999i;p0p100;2010;7291436.0;999;i
RS;npopul999i;p0p100;2011;7236519.0;999;i
RS;npopul999i;p0p100;2012;7201497.0;999;i
RS;npopul999i;p0p100;2013;7166552.0;999;i
RS;npopul999i;p0p100;2014;7131787.0;999;i
RS;npopul999i;p0p100;2015;7095383.0;999;i
RS;npopul999i;p0p100;2016;7058322.0;999;i
RS;npopul999i;p0p100;2017;7040272.0;999;i
RS;npopul999i;p0p100;2018;7018844.0;999;i
RS;npopul999i;p0p100;2019;6994510.0;999;i
RS;scainc992j;p0p90;1990;0.7137;992;j
RS;scainc992j;p0p90;1991;0.71520001;992;j
RS;scainc992j;p0p90;1992;0.71630001;992;j
RS;scainc992j;p0p90;1993;0.71670002;992;j
RS;scainc992j;p0p90;1994;0.71719998;992;j
RS;scainc992j;p0p90;1995;0.7177;992;j
RS;scainc992j;p0p90;1996;0.71929997;992;j
RS;scainc992j;p0p90;1997;0.72079998;992;j
RS;scainc992j;p0p90;1998;0.7177;992;j
RS;scainc992j;p0p90;1999;0.71210003;992;j
RS;scainc992j;p0p90;2000;0.704;992;j
RS;scainc992j;p0p90;2001;0.69880003;992;j
RS;scainc992j;p0p90;2002;0.69199997;992;j
RS;scainc992j;p0p90;2003;0.6911;992;j
RS;scainc992j;p0p90;2004;0.68489999;992;j
RS;scainc992j;p0p90;2005;0.67790002;992;j
RS;scainc992j;p0p90;2006;0.671;992;j
RS;scainc992j;p0p90;2007;0.67259997;992;j
RS;scainc992j;p0p90;2008;0.67049998;992;j
RS;scainc992j;p0p90;2009;0.66409999;992;j
RS;scainc992j;p0p90;2010;0.65420002;992;j
RS;scainc992j;p0p90;2011;0.64590001;992;j
RS;scainc992j;p0p90;2012;0.63950002;992;j
RS;scainc992j;p0p90;2013;0.64520001;992;j
RS;scainc992j;p0p90;2014;0.64170003;992;j
RS;scainc992j;p0p90;2015;0.61360002;992;j
RS;scainc992j;p0p90;2016;0.61360002;992;j
RS;scainc992j;p0p90;2017;0.61339998;992;j
RS;scainc992j;p32p33;1990;0.0057999999;992;j
RS;scainc992j;p32p33;1991;0.0059000002;992;j
RS;scainc992j;p32p33;1992;0.0059000002;992;j
RS;scainc992j;p32p33;1993;0.0059000002;992;j
RS;scainc992j;p32p33;1994;0.0060000001;992;j
RS;scainc992j;p32p33;1995;0.0060000001;992;j
RS;scainc992j;p32p33;1996;0.0060999999;992;j
RS;scainc992j;p32p33;1997;0.0060999999;992;j
RS;scainc992j;p32p33;1998;0.0060000001;992;j
RS;scainc992j;p32p33;1999;0.0060000001;992;j
RS;scainc992j;p32p33;2000;0.0060000001;992;j
RS;scainc992j;p32p33;2001;0.0059000002;992;j
RS;scainc992j;p32p33;2002;0.0059000002;992;j
RS;scainc992j;p32p33;2003;0.0057999999;992;j
RS;scainc992j;p32p33;2004;0.0057000001;992;j
RS;scainc992j;p32p33;2005;0.0055999998;992;j
RS;scainc992j;p32p33;2006;0.0054000001;992;j
RS;scainc992j;p32p33;2007;0.0054000001;992;j
RS;scainc992j;p32p33;2008;0.0052999998;992;j
RS;scainc992j;p32p33;2009;0.0051000002;992;j
RS;scainc992j;p32p33;2010;0.0049000001;992;j
RS;scainc992j;p32p33;2011;0.0046999999;992;j
RS;scainc992j;p32p33;2012;0.0046000001;992;j
RS;scainc992j;p32p33;2013;0.0044;992;j
RS;scainc992j;p32p33;2014;0.0044999998;992;j
RS;scainc992j;p32p33;2015;0.0043000001;992;j
RS;scainc992j;p32p33;2016;0.0043000001;992;j
RS;scainc992j;p32p33;2017;0.0043000001;992;j
RS;scainc992j;p33p100;1990;0.8944;992;j
RS;scainc992j;p33p100;1991;0.89310002;992;j
RS;scainc992j;p33p100;1992;0.89170003;992;j
RS;scainc992j;p33p100;1993;0.89029998;992;j
RS;scainc992j;p33p100;1994;0.88889998;992;j
RS;scainc992j;p33p100;1995;0.8876;992;j
RS;scainc992j;p33p100;1996;0.88599998;992;j
RS;scainc992j;p33p100;1997;0.88450003;992;j
RS;scainc992j;p33p100;1998;0.87949997;992;j
RS;scainc992j;p33p100;1999;0.87940001;992;j
RS;scainc992j;p33p100;2000;0.88150001;992;j
RS;scainc992j;p33p100;2001;0.88239998;992;j
RS;scainc992j;p33p100;2002;0.89219999;992;j
RS;scainc992j;p33p100;2003;0.89450002;992;j
RS;scainc992j;p33p100;2004;0.90310001;992;j
RS;scainc992j;p33p100;2005;0.90609998;992;j
RS;scainc992j;p33p100;2006;0.91299999;992;j
RS;scainc992j;p33p100;2007;0.9163;992;j
RS;scainc992j;p33p100;2008;0.91939998;992;j
RS;scainc992j;p33p100;2009;0.9224;992;j
RS;scainc992j;p33p100;2010;0.92970002;992;j
RS;scainc992j;p33p100;2011;0.93660003;992;j
RS;scainc992j;p33p100;2012;0.93769997;992;j
RS;scainc992j;p33p100;2013;0.93980002;992;j
RS;scainc992j;p33p100;2014;0.92030001;992;j
RS;scainc992j;p33p100;2015;0.93419999;992;j
RS;scainc992j;p33p100;2016;0.93419999;992;j
RS;scainc992j;p33p100;2017;0.93430001;992;j
RS;scainc992j;p52p53;1990;0.0087000001;992;j
RS;scainc992j;p52p53;1991;0.0087000001;992;j
RS;scainc992j;p52p53;1992;0.0088;992;j
RS;scainc992j;p52p53;1993;0.0088;992;j
RS;scainc992j;p52p53;1994;0.0088;992;j
RS;scainc992j;p52p53;1995;0.0088;992;j
RS;scainc992j;p52p53;1996;0.0088;992;j
RS;scainc992j;p52p53;1997;0.0088;992;j
RS;scainc992j;p52p53;1998;0.0087000001;992;j
RS;scainc992j;p52p53;1999;0.0086000003;992;j
RS;scainc992j;p52p53;2000;0.0085000005;992;j
RS;scainc992j;p52p53;2001;0.0085000005;992;j
RS;scainc992j;p52p53;2002;0.0085000005;992;j
RS;scainc992j;p52p53;2003;0.0083999997;992;j
RS;scainc992j;p52p53;2004;0.0083999997;992;j
RS;scainc992j;p52p53;2005;0.0082;992;j
RS;scainc992j;p52p53;2006;0.0082;992;j
RS;scainc992j;p52p53;2007;0.0082;992;j
RS;scainc992j;p52p53;2008;0.0082;992;j
RS;scainc992j;p52p53;2009;0.0081000002;992;j
RS;scainc992j;p52p53;2010;0.0078999996;992;j
RS;scainc992j;p52p53;2011;0.0077999998;992;j
RS;scainc992j;p52p53;2012;0.0077999998;992;j
RS;scainc992j;p52p53;2013;0.0077;992;j
RS;scainc992j;p52p53;2014;0.0076000001;992;j
RS;scainc992j;p52p53;2015;0.0074999998;992;j
RS;scainc992j;p52p53;2016;0.0074999998;992;j
RS;scainc992j;p52p53;2017;0.0074999998;992;j
RS;scainc992j;p61p62;1990;0.0101;992;j
RS;scainc992j;p61p62;1991;0.0101;992;j
RS;scainc992j;p61p62;1992;0.0101;992;j
RS;scainc992j;p61p62;1993;0.0101;992;j
RS;scainc992j;p61p62;1994;0.0101;992;j
RS;scainc992j;p61p62;1995;0.0101;992;j
RS;scainc992j;p61p62;1996;0.0101;992;j
RS;scainc992j;p61p62;1997;0.0101;992;j
RS;scainc992j;p61p62;1998;0.0101;992;j
RS;scainc992j;p61p62;1999;0.0099999998;992;j
RS;scainc992j;p61p62;2000;0.0098000001;992;j
RS;scainc992j;p61p62;2001;0.0098000001;992;j
RS;scainc992j;p61p62;2002;0.0098000001;992;j
RS;scainc992j;p61p62;2003;0.0098000001;992;j
RS;scainc992j;p61p62;2004;0.0097000003;992;j
RS;scainc992j;p61p62;2005;0.0097000003;992;j
RS;scainc992j;p61p62;2006;0.0097000003;992;j
RS;scainc992j;p61p62;2007;0.0097000003;992;j
RS;scainc992j;p61p62;2008;0.0097000003;992;j
RS;scainc992j;p61p62;2009;0.0096000005;992;j
RS;scainc992j;p61p62;2010;0.0094999997;992;j
RS;scainc992j;p61p62;2011;0.0094999997;992;j
RS;scainc992j;p61p62;2012;0.0093999999;992;j
RS;scainc992j;p61p62;2013;0.0094999997;992;j
RS;scainc992j;p61p62;2014;0.0093;992;j
RS;scainc992j;p61p62;2015;0.0089999996;992;j
RS;scainc992j;p61p62;2016;0.0089999996;992;j
RS;scainc992j;p61p62;2017;0.0089999996;992;j
RS;scainc992j;p64p65;1990;0.0107;992;j
RS;scainc992j;p64p65;1991;0.0107;992;j
RS;scainc992j;p64p65;1992;0.0107;992;j
RS;scainc992j;p64p65;1993;0.0107;992;j
RS;scainc992j;p64p65;1994;0.0107;992;j
RS;scainc992j;p64p65;1995;0.0107;992;j
RS;scainc992j;p64p65;1996;0.0106;992;j
RS;scainc992j;p64p65;1997;0.0106;992;j
RS;scainc992j;p64p65;1998;0.0106;992;j
RS;scainc992j;p64p65;1999;0.0105;992;j
RS;scainc992j;p64p65;2000;0.0103;992;j
RS;scainc992j;p64p65;2001;0.0103;992;j
RS;scainc992j;p64p65;2002;0.0104;992;j
RS;scainc992j;p64p65;2003;0.0104;992;j
RS;scainc992j;p64p65;2004;0.0104;992;j
RS;scainc992j;p64p65;2005;0.0102;992;j
RS;scainc992j;p64p65;2006;0.0103;992;j
RS;scainc992j;p64p65;2007;0.0104;992;j
RS;scainc992j;p64p65;2008;0.0104;992;j
RS;scainc992j;p64p65;2009;0.0103;992;j
RS;scainc992j;p64p65;2010;0.0102;992;j
RS;scainc992j;p64p65;2011;0.0101;992;j
RS;scainc992j;p64p65;2012;0.0101;992;j
RS;scainc992j;p64p65;2013;0.0102;992;j
RS;scainc992j;p64p65;2014;0.0098999999;992;j
RS;scainc992j;p64p65;2015;0.0096000005;992;j
RS;scainc992j;p64p65;2016;0.0096000005;992;j
RS;scainc992j;p64p65;2017;0.0096000005;992;j
RS;scainc992j;p73p74;1990;0.0126;992;j
RS;scainc992j;p73p74;1991;0.0126;992;j
RS;scainc992j;p73p74;1992;0.0126;992;j
RS;scainc992j;p73p74;1993;0.0125;992;j
RS;scainc992j;p73p74;1994;0.0125;992;j
RS;scainc992j;p73p74;1995;0.0125;992;j
RS;scainc992j;p73p74;1996;0.0125;992;j
RS;scainc992j;p73p74;1997;0.0125;992;j
RS;scainc992j;p73p74;1998;0.0124;992;j
RS;scainc992j;p73p74;1999;0.0122;992;j
RS;scainc992j;p73p74;2000;0.0121;992;j
RS;scainc992j;p73p74;2001;0.012;992;j
RS;scainc992j;p73p74;2002;0.0121;992;j
RS;scainc992j;p73p74;2003;0.0121;992;j
RS;scainc992j;p73p74;2004;0.0123;992;j
RS;scainc992j;p73p74;2005;0.0122;992;j
RS;scainc992j;p73p74;2006;0.0122;992;j
RS;scainc992j;p73p74;2007;0.0123;992;j
RS;scainc992j;p73p74;2008;0.0124;992;j
RS;scainc992j;p73p74;2009;0.0123;992;j
RS;scainc992j;p73p74;2010;0.0123;992;j
RS;scainc992j;p73p74;2011;0.0123;992;j
RS;scainc992j;p73p74;2012;0.0122;992;j
RS;scainc992j;p73p74;2013;0.0126;992;j
RS;scainc992j;p73p74;2014;0.012;992;j
RS;scainc992j;p73p74;2015;0.0116;992;j
RS;scainc992j;p73p74;2016;0.0116;992;j
RS;scainc992j;p73p74;2017;0.0116;992;j
RS;scainc992j;p99.995p100;1990;0.0063;992;j
RS;scainc992j;p99.995p100;1991;0.0057999999;992;j
RS;scainc992j;p99.995p100;1992;0.0052999998;992;j
RS;scainc992j;p99.995p100;1993;0.0049000001;992;j
RS;scainc992j;p99.995p100;1994;0.0046999999;992;j
RS;scainc992j;p99.995p100;1995;0.0044999998;992;j
RS;scainc992j;p99.995p100;1996;0.0043000001;992;j
RS;scainc992j;p99.995p100;1997;0.0041;992;j
RS;scainc992j;p99.995p100;1998;0.0044;992;j
RS;scainc992j;p99.995p100;1999;0.0055;992;j
RS;scainc992j;p99.995p100;2000;0.0057999999;992;j
RS;scainc992j;p99.995p100;2001;0.0068999999;992;j
RS;scainc992j;p99.995p100;2002;0.0063999998;992;j
RS;scainc992j;p99.995p100;2003;0.0063999998;992;j
RS;scainc992j;p99.995p100;2004;0.0065000001;992;j
RS;scainc992j;p99.995p100;2005;0.0071;992;j
RS;scainc992j;p99.995p100;2006;0.0063999998;992;j
RS;scainc992j;p99.995p100;2007;0.0054000001;992;j
RS;scainc992j;p99.995p100;2008;0.0046000001;992;j
RS;scainc992j;p99.995p100;2009;0.0059000002;992;j
RS;scainc992j;p99.995p100;2010;0.0055;992;j
RS;scainc992j;p99.995p100;2011;0.0054000001;992;j
RS;scainc992j;p99.995p100;2012;0.0089999996;992;j
RS;scainc992j;p99.995p100;2013;0.0065000001;992;j
RS;scainc992j;p99.995p100;2014;0.0142;992;j
RS;scainc992j;p99.995p100;2015;0.0255;992;j
RS;scainc992j;p99.995p100;2016;0.0255;992;j
RS;scainc992j;p99.995p100;2017;0.0255;992;j
RS;sdiinc992j;p0p100;1990;1.0;992;j
RS;sdiinc992j;p0p100;1991;1.0;992;j
RS;sdiinc992j;p0p100;1992;1.0;992;j
RS;sdiinc992j;p0p100;1993;1.0;992;j
RS;sdiinc992j;p0p100;1994;1.0;992;j
RS;sdiinc992j;p0p100;1995;1.0;992;j
RS;sdiinc992j;p0p100;1996;1.0;992;j
RS;sdiinc992j;p0p100;1997;1.0;992;j
RS;sdiinc992j;p0p100;1998;1.0;992;j
RS;sdiinc992j;p0p100;1999;1.0;992;j
RS;sdiinc992j;p0p100;2000;1.0;992;j
RS;sdiinc992j;p0p100;2001;1.0;992;j
RS;sdiinc992j;p0p100;2002;1.0;992;j
RS;sdiinc992j;p0p100;2003;1.0;992;j
RS;sdiinc992j;p0p100;2004;1.0;992;j
RS;sdiinc992j;p0p100;2005;1.0;992;j
RS;sdiinc992j;p0p100;2006;1.0;992;j
RS;sdiinc992j;p0p100;2007;1.0;992;j
RS;sdiinc992j;p0p100;2008;1.0;992;j
RS;sdiinc992j;p0p100;2009;1.0;992;j
RS;sdiinc992j;p0p100;2010;1.0;992;j
RS;sdiinc992j;p0p100;2011;1.0;992;j
RS;sdiinc992j;p0p100;2012;1.0;992;j
RS;sdiinc992j;p0p100;2013;1.0;992;j
RS;sdiinc992j;p0p100;2014;1.0;992;j
RS;sdiinc992j;p0p100;2015;1.0;992;j
RS;sdiinc992j;p0p100;2016;1.0;992;j
RS;sdiinc992j;p0p100;2017;1.0;992;j
RS;sdiinc992j;p21p100;1990;0.94190001;992;j
RS;sdiinc992j;p21p100;1991;0.94139999;992;j
RS;sdiinc992j;p21p100;1992;0.94090003;992;j
RS;sdiinc992j;p21p100;1993;0.9404;992;j
RS;sdiinc992j;p21p100;1994;0.93980002;992;j
RS;sdiinc992j;p21p100;1995;0.9393;992;j
RS;sdiinc992j;p21p100;1996;0.93870002;992;j
RS;sdiinc992j;p21p100;1997;0.93779999;992;j
RS;sdiinc992j;p21p100;1998;0.9357;992;j
RS;sdiinc992j;p21p100;1999;0.93699998;992;j
RS;sdiinc992j;p21p100;2000;0.9375;992;j
RS;sdiinc992j;p21p100;2001;0.93790001;992;j
RS;sdiinc992j;p21p100;2002;0.94370002;992;j
RS;sdiinc992j;p21p100;2003;0.94450003;992;j
RS;sdiinc992j;p21p100;2004;0.95020002;992;j
RS;sdiinc992j;p21p100;2005;0.95209998;992;j
RS;sdiinc992j;p21p100;2006;0.95590001;992;j
RS;sdiinc992j;p21p100;2007;0.95719999;992;j
RS;sdiinc992j;p21p100;2008;0.95829999;992;j
RS;sdiinc992j;p21p100;2009;0.95910001;992;j
RS;sdiinc992j;p21p100;2010;0.96219999;992;j
RS;sdiinc992j;p21p100;2011;0.96600002;992;j
RS;sdiinc992j;p21p100;2012;0.96700001;992;j
RS;sdiinc992j;p21p100;2013;0.96399999;992;j
RS;sdiinc992j;p21p100;2014;0.9501;992;j
RS;sdiinc992j;p21p100;2015;0.95889997;992;j
RS;sdiinc992j;p21p100;2016;0.96100003;992;j
RS;sdiinc992j;p21p100;2017;0.96130002;992;j
RS;sdiinc992j;p3p4;1990;0.0018;992;j
RS;sdiinc992j;p3p4;1991;0.0018;992;j
RS;sdiinc992j;p3p4;1992;0.0018;992;j
RS;sdiinc992j;p3p4;1993;0.0018;992;j
RS;sdiinc992j;p3p4;1994;0.0018;992;j
RS;sdiinc992j;p3p4;1995;0.0017;992;j
RS;sdiinc992j;p3p4;1996;0.0017;992;j
RS;sdiinc992j;p3p4;1997;0.0017;992;j
RS;sdiinc992j;p3p4;1998;0.0016;992;j
RS;sdiinc992j;p3p4;1999;0.0016;992;j
RS;sdiinc992j;p3p4;2000;0.0016;992;j
RS;sdiinc992j;p3p4;2001;0.0016;992;j
RS;sdiinc992j;p3p4;2002;0.0013;992;j
RS;sdiinc992j;p3p4;2003;0.0013;992;j
RS;sdiinc992j;p3p4;2004;0.0012000001;992;j
RS;sdiinc992j;p3p4;2005;0.0012000001;992;j
RS;sdiinc992j;p3p4;2006;0.0011;992;j
RS;sdiinc992j;p3p4;2007;0.0011;992;j
RS;sdiinc992j;p3p4;2008;0.0012000001;992;j
RS;sdiinc992j;p3p4;2009;0.0012000001;992;j
RS;sdiinc992j;p3p4;2010;0.0012000001;992;j
RS;sdiinc992j;p3p4;2011;0.0011;992;j
RS;sdiinc992j;p3p4;2012;0.001;992;j
RS;sdiinc992j;p3p4;2013;0.0014;992;j
RS;sdiinc992j;p3p4;2014;0.0020999999;992;j
RS;sdiinc992j;p3p4;2015;0.0017;992;j
RS;sdiinc992j;p3p4;2016;0.0016;992;j
RS;sdiinc992j;p3p4;2017;0.0016;992;j
RS;sdiinc992j;p54p55;1990;0.0091000004;992;j
RS;sdiinc992j;p54p55;1991;0.0091000004;992;j
RS;sdiinc992j;p54p55;1992;0.0091000004;992;j
RS;sdiinc992j;p54p55;1993;0.0091000004;992;j
RS;sdiinc992j;p54p55;1994;0.0091000004;992;j
RS;sdiinc992j;p54p55;1995;0.0091000004;992;j
RS;sdiinc992j;p54p55;1996;0.0091000004;992;j
RS;sdiinc992j;p54p55;1997;0.0091000004;992;j
RS;sdiinc992j;p54p55;1998;0.0089999996;992;j
RS;sdiinc992j;p54p55;1999;0.0088999998;992;j
RS;sdiinc992j;p54p55;2000;0.0088999998;992;j
RS;sdiinc992j;p54p55;2001;0.0088999998;992;j
RS;sdiinc992j;p54p55;2002;0.0088;992;j
RS;sdiinc992j;p54p55;2003;0.0088;992;j
RS;sdiinc992j;p54p55;2004;0.0087000001;992;j
RS;sdiinc992j;p54p55;2005;0.0086000003;992;j
RS;sdiinc992j;p54p55;2006;0.0086000003;992;j
RS;sdiinc992j;p54p55;2007;0.0086000003;992;j
RS;sdiinc992j;p54p55;2008;0.0086000003;992;j
RS;sdiinc992j;p54p55;2009;0.0085000005;992;j
RS;sdiinc992j;p54p55;2010;0.0083999997;992;j
RS;sdiinc992j;p54p55;2011;0.0082999999;992;j
RS;sdiinc992j;p54p55;2012;0.0082999999;992;j
RS;sdiinc992j;p54p55;2013;0.0082;992;j
RS;sdiinc992j;p54p55;2014;0.0081000002;992;j
RS;sdiinc992j;p54p55;2015;0.0080000004;992;j
RS;sdiinc992j;p54p55;2016;0.0078999996;992;j
RS;sdiinc992j;p54p55;2017;0.0078999996;992;j
RS;sdiinc992j;p99.98p100;1990;0.0111;992;j
RS;sdiinc992j;p99.98p100;1991;0.0105;992;j
RS;sdiinc992j;p99.98p100;1992;0.0097000003;992;j
RS;sdiinc992j;p99.98p100;1993;0.0092000002;992;j
RS;sdiinc992j;p99.98p100;1994;0.0088999998;992;j
RS;sdiinc992j;p99.98p100;1995;0.0087000001;992;j
RS;sdiinc992j;p99.98p100;1996;0.0082999999;992;j
RS;sdiinc992j;p99.98p100;1997;0.0078999996;992;j
RS;sdiinc992j;p99.98p100;1998;0.0085000005;992;j
RS;sdiinc992j;p99.98p100;1999;0.0104;992;j
RS;sdiinc992j;p99.98p100;2000;0.011;992;j
RS;sdiinc992j;p99.98p100;2001;0.0126;992;j
RS;sdiinc992j;p99.98p100;2002;0.0119;992;j
RS;sdiinc992j;p99.98p100;2003;0.0118;992;j
RS;sdiinc992j;p99.98p100;2004;0.012;992;j
RS;sdiinc992j;p99.98p100;2005;0.0129;992;j
RS;sdiinc992j;p99.98p100;2006;0.012;992;j
RS;sdiinc992j;p99.98p100;2007;0.0104;992;j
RS;sdiinc992j;p99.98p100;2008;0.0093;992;j
RS;sdiinc992j;p99.98p100;2009;0.0113;992;j
RS;sdiinc992j;p99.98p100;2010;0.0108;992;j
RS;sdiinc992j;p99.98p100;2011;0.0107;992;j
RS;sdiinc992j;p99.98p100;2012;0.016100001;992;j
RS;sdiinc992j;p99.98p100;2013;0.0123;992;j
RS;sdiinc992j;p99.98p100;2014;0.0229;992;j
RS;sdiinc992j;p99.98p100;2015;0.037099998;992;j
RS;sdiinc992j;p99.98p100;2016;0.037599999;992;j
RS;sdiinc992j;p99.98p100;2017;0.037700001;992;j
RS;sptinc992j;p26p100;1990;0.93730003;992;j
RS;sptinc992j;p26p100;1991;0.93730003;992;j
RS;sptinc992j;p26p100;1992;0.93720001;992;j
RS;sptinc992j;p26p100;1993;0.93720001;992;j
RS;sptinc992j;p26p100;1994;0.93720001;992;j
RS;sptinc992j;p26p100;1995;0.93720001;992;j
RS;sptinc992j;p26p100;1996;0.93720001;992;j
RS;sptinc992j;p26p100;1997;0.93720001;992;j
RS;sptinc992j;p26p100;1998;0.93309999;992;j
RS;sptinc992j;p26p100;1999;0.93290001;992;j
RS;sptinc992j;p26p100;2000;0.93430001;992;j
RS;sptinc992j;p26p100;2001;0.93409997;992;j
RS;sptinc992j;p26p100;2002;0.94090003;992;j
RS;sptinc992j;p26p100;2003;0.94309998;992;j
RS;sptinc992j;p26p100;2004;0.94730002;992;j
RS;sptinc992j;p26p100;2005;0.95090002;992;j
RS;sptinc992j;p26p100;2006;0.95560002;992;j
RS;sptinc992j;p26p100;2007;0.95889997;992;j
RS;sptinc992j;p26p100;2008;0.96329999;992;j
RS;sptinc992j;p26p100;2009;0.96640003;992;j
RS;sptinc992j;p26p100;2010;0.9691;992;j
RS;sptinc992j;p26p100;2011;0.97350001;992;j
RS;sptinc992j;p26p100;2012;0.97539997;992;j
RS;sptinc992j;p26p100;2013;0.97710001;992;j
RS;sptinc992j;p26p100;2014;0.97780001;992;j
RS;sptinc992j;p26p100;2015;0.97680002;992;j
RS;sptinc992j;p26p100;2016;0.97670001;992;j
RS;sptinc992j;p26p100;2017;0.97680002;992;j
RS;sptinc992j;p32p100;1990;0.90710002;992;j
RS;sptinc992j;p32p100;1991;0.90710002;992;j
RS;sptinc992j;p32p100;1992;0.90710002;992;j
RS;sptinc992j;p32p100;1993;0.90710002;992;j
RS;sptinc992j;p32p100;1994;0.90719998;992;j
RS;sptinc992j;p32p100;1995;0.90719998;992;j
RS;sptinc992j;p32p100;1996;0.90710002;992;j
RS;sptinc992j;p32p100;1997;0.90719998;992;j
RS;sptinc992j;p32p100;1998;0.90289998;992;j
RS;sptinc992j;p32p100;1999;0.903;992;j
RS;sptinc992j;p32p100;2000;0.9048;992;j
RS;sptinc992j;p32p100;2001;0.90469998;992;j
RS;sptinc992j;p32p100;2002;0.91229999;992;j
RS;sptinc992j;p32p100;2003;0.91530001;992;j
RS;sptinc992j;p32p100;2004;0.92049998;992;j
RS;sptinc992j;p32p100;2005;0.92510003;992;j
RS;sptinc992j;p32p100;2006;0.93080002;992;j
RS;sptinc992j;p32p100;2007;0.93419999;992;j
RS;sptinc992j;p32p100;2008;0.93940002;992;j
RS;sptinc992j;p32p100;2009;0.94300002;992;j
RS;sptinc992j;p32p100;2010;0.94700003;992;j
RS;sptinc992j;p32p100;2011;0.95289999;992;j
RS;sptinc992j;p32p100;2012;0.9551;992;j
RS;sptinc992j;p32p100;2013;0.95679998;992;j
RS;sptinc992j;p32p100;2014;0.95840001;992;j
RS;sptinc992j;p32p100;2015;0.95590001;992;j
RS;sptinc992j;p32p100;2016;0.95590001;992;j
RS;sptinc992j;p32p100;2017;0.95599997;992;j
RS;sptinc992j;p77p100;1990;0.50080001;992;j
RS;sptinc992j;p77p100;1991;0.50239998;992;j
RS;sptinc992j;p77p100;1992;0.50400001;992;j
RS;sptinc992j;p77p100;1993;0.50559998;992;j
RS;sptinc992j;p77p100;1994;0.5072;992;j
RS;sptinc992j;p77p100;1995;0.50889999;992;j
RS;sptinc992j;p77p100;1996;0.50989997;992;j
RS;sptinc992j;p77p100;1997;0.51099998;992;j
RS;sptinc992j;p77p100;1998;0.51120001;992;j
RS;sptinc992j;p77p100;1999;0.51370001;992;j
RS;sptinc992j;p77p100;2000;0.5205;992;j
RS;sptinc992j;p77p100;2001;0.52319998;992;j
RS;sptinc992j;p77p100;2002;0.53079998;992;j
RS;sptinc992j;p77p100;2003;0.53479999;992;j
RS;sptinc992j;p77p100;2004;0.5449;992;j
RS;sptinc992j;p77p100;2005;0.55369997;992;j
RS;sptinc992j;p77p100;2006;0.55919999;992;j
RS;sptinc992j;p77p100;2007;0.55769998;992;j
RS;sptinc992j;p77p100;2008;0.56339997;992;j
RS;sptinc992j;p77p100;2009;0.56830001;992;j
RS;sptinc992j;p77p100;2010;0.57889998;992;j
RS;sptinc992j;p77p100;2011;0.58990002;992;j
RS;sptinc992j;p77p100;2012;0.58950001;992;j
RS;sptinc992j;p77p100;2013;0.58639997;992;j
RS;sptinc992j;p77p100;2014;0.59859997;992;j
RS;sptinc992j;p77p100;2015;0.59100002;992;j
RS;sptinc992j;p77p100;2016;0.59109998;992;j
RS;sptinc992j;p77p100;2017;0.59140003;992;j
RS;sptinc992j;p80p90;1990;0.1586;992;j
RS;sptinc992j;p80p90;1991;0.15809999;992;j
RS;sptinc992j;p80p90;1992;0.1577;992;j
RS;sptinc992j;p80p90;1993;0.15719999;992;j
RS;sptinc992j;p80p90;1994;0.1568;992;j
RS;sptinc992j;p80p90;1995;0.15629999;992;j
RS;sptinc992j;p80p90;1996;0.156;992;j
RS;sptinc992j;p80p90;1997;0.1557;992;j
RS;sptinc992j;p80p90;1998;0.1542;992;j
RS;sptinc992j;p80p90;1999;0.1531;992;j
RS;sptinc992j;p80p90;2000;0.1514;992;j
RS;sptinc992j;p80p90;2001;0.15009999;992;j
RS;sptinc992j;p80p90;2002;0.1523;992;j
RS;sptinc992j;p80p90;2003;0.1531;992;j
RS;sptinc992j;p80p90;2004;0.15449999;992;j
RS;sptinc992j;p80p90;2005;0.1568;992;j
RS;sptinc992j;p80p90;2006;0.15809999;992;j
RS;sptinc992j;p80p90;2007;0.1617;992;j
RS;sptinc992j;p80p90;2008;0.1637;992;j
RS;sptinc992j;p80p90;2009;0.1647;992;j
RS;sptinc992j;p80p90;2010;0.1654;992;j
RS;sptinc992j;p80p90;2011;0.16689999;992;j
RS;sptinc992j;p80p90;2012;0.1698;992;j
RS;sptinc992j;p80p90;2013;0.1699;992;j
RS;sptinc992j;p80p90;2014;0.16590001;992;j
RS;sptinc992j;p80p90;2015;0.1652;992;j
RS;sptinc992j;p80p90;2016;0.16509999;992;j
RS;sptinc992j;p80p90;2017;0.16509999;992;j
RS;sptinc992j;p99.4p99.5;1990;0.0057999999;992;j
RS;sptinc992j;p99.4p99.5;1991;0.0057999999;992;j
RS;sptinc992j;p99.4p99.5;1992;0.0059000002;992;j
RS;sptinc992j;p99.4p99.5;1993;0.0060000001;992;j
RS;sptinc992j;p99.4p99.5;1994;0.0060000001;992;j
RS;sptinc992j;p99.4p99.5;1995;0.0060999999;992;j
RS;sptinc992j;p99.4p99.5;1996;0.0060999999;992;j
RS;sptinc992j;p99.4p99.5;1997;0.0062000002;992;j
RS;sptinc992j;p99.4p99.5;1998;0.0063;992;j
RS;sptinc992j;p99.4p99.5;1999;0.0063999998;992;j
RS;sptinc992j;p99.4p99.5;2000;0.0066999998;992;j
RS;sptinc992j;p99.4p99.5;2001;0.0068000001;992;j
RS;sptinc992j;p99.4p99.5;2002;0.0070000002;992;j
RS;sptinc992j;p99.4p99.5;2003;0.0070000002;992;j
RS;sptinc992j;p99.4p99.5;2004;0.0071999999;992;j
RS;sptinc992j;p99.4p99.5;2005;0.0074;992;j
RS;sptinc992j;p99.4p99.5;2006;0.0074999998;992;j
RS;sptinc992j;p99.4p99.5;2007;0.0071999999;992;j
RS;sptinc992j;p99.4p99.5;2008;0.0073000002;992;j
RS;sptinc992j;p99.4p99.5;2009;0.0073000002;992;j
RS;sptinc992j;p99.4p99.5;2010;0.0077;992;j
RS;sptinc992j;p99.4p99.5;2011;0.0078999996;992;j
RS;sptinc992j;p99.4p99.5;2012;0.0077999998;992;j
RS;sptinc992j;p99.4p99.5;2013;0.0077;992;j
RS;sptinc992j;p99.4p99.5;2014;0.0082;992;j
RS;sptinc992j;p99.4p99.5;2015;0.0078999996;992;j
RS;sptinc992j;p99.4p99.5;2016;0.0078999996;992;j
RS;sptinc992j;p99.4p99.5;2017;0.0078999996;992;j
RS;tcainc992j;p13p14;1990;135564.8;992;j
RS;tcainc992j;p13p14;1991;120253.2;992;j
RS;tcainc992j;p13p14;1992;84139.5;992;j
RS;tcainc992j;p13p14;1993;55635.5;992;j
RS;tcainc992j;p13p14;1994;58570.898;992;j
RS;tcainc992j;p13p14;1995;63019.102;992;j
RS;tcainc992j;p13p14;1996;64785.5;992;j
RS;tcainc992j;p13p14;1997;69599.5;992;j
RS;tcainc992j;p13p14;1998;83866.703;992;j
RS;tcainc992j;p13p14;1999;94829.297;992;j
RS;tcainc992j;p13p14;2000;99306.297;992;j
RS;tcainc992j;p13p14;2001;96051.602;992;j
RS;tcainc992j;p13p14;2002;87768.703;992;j
RS;tcainc992j;p13p14;2003;87678.0;992;j
RS;tcainc992j;p13p14;2004;88313.297;992;j
RS;tcainc992j;p13p14;2005;92383.398;992;j
RS;tcainc992j;p13p14;2006;87353.797;992;j
RS;tcainc992j;p13p14;2007;77814.797;992;j
RS;tcainc992j;p13p14;2008;79319.0;992;j
RS;tcainc992j;p13p14;2009;76486.5;992;j
RS;tcainc992j;p13p14;2010;65481.602;992;j
RS;tcainc992j;p13p14;2011;53357.0;992;j
RS;tcainc992j;p13p14;2012;45394.801;992;j
RS;tcainc992j;p13p14;2013;57283.398;992;j
RS;tcainc992j;p13p14;2014;93300.398;992;j
RS;tcainc992j;p13p14;2015;68818.797;992;j
RS;tcainc992j;p13p14;2016;71544.102;992;j
RS;tcainc992j;p13p14;2017;71407.797;992;j
RS;tcainc992j;p40p41;1990;359841.0;992;j
RS;tcainc992j;p40p41;1991;313343.0;992;j
RS;tcainc992j;p40p41;1992;215169.91;992;j
RS;tcainc992j;p40p41;1993;139791.59;992;j
RS;tcainc992j;p40p41;1994;144227.59;992;j
RS;tcainc992j;p40p41;1995;152392.41;992;j
RS;tcainc992j;p40p41;1996;154237.0;992;j
RS;tcainc992j;p40p41;1997;163334.7;992;j
RS;tcainc992j;p40p41;1998;174833.41;992;j
RS;tcainc992j;p40p41;1999;199305.59;992;j
RS;tcainc992j;p40p41;2000;213901.2;992;j
RS;tcainc992j;p40p41;2001;207393.41;992;j
RS;tcainc992j;p40p41;2002;214849.09;992;j
RS;tcainc992j;p40p41;2003;224018.91;992;j
RS;tcainc992j;p40p41;2004;262555.5;992;j
RS;tcainc992j;p40p41;2005;293895.19;992;j
RS;tcainc992j;p40p41;2006;303718.59;992;j
RS;tcainc992j;p40p41;2007;301423.31;992;j
RS;tcainc992j;p40p41;2008;320403.31;992;j
RS;tcainc992j;p40p41;2009;312846.91;992;j
RS;tcainc992j;p40p41;2010;305560.0;992;j
RS;tcainc992j;p40p41;2011;303106.09;992;j
RS;tcainc992j;p40p41;2012;294005.5;992;j
RS;tcainc992j;p40p41;2013;296271.69;992;j
RS;tcainc992j;p40p41;2014;293059.81;992;j
RS;tcainc992j;p40p41;2015;289150.09;992;j
RS;tcainc992j;p40p41;2016;299816.09;992;j
RS;tcainc992j;p40p41;2017;300015.19;992;j
RS;tcainc992j;p46p47;1990;399959.69;992;j
RS;tcainc992j;p46p47;1991;349522.09;992;j
RS;tcainc992j;p46p47;1992;240790.59;992;j
RS;tcainc992j;p46p47;1993;156783.91;992;j
RS;tcainc992j;p46p47;1994;161960.09;992;j
RS;tcainc992j;p46p47;1995;171348.2;992;j
RS;tcainc992j;p46p47;1996;173620.8;992;j
RS;tcainc992j;p46p47;1997;184041.8;992;j
RS;tcainc992j;p46p47;1998;195023.3;992;j
RS;tcainc992j;p46p47;1999;221107.3;992;j
RS;tcainc992j;p46p47;2000;238117.5;992;j
RS;tcainc992j;p46p47;2001;231488.59;992;j
RS;tcainc992j;p46p47;2002;239593.2;992;j
RS;tcainc992j;p46p47;2003;250638.41;992;j
RS;tcainc992j;p46p47;2004;295117.69;992;j
RS;tcainc992j;p46p47;2005;332187.0;992;j
RS;tcainc992j;p46p47;2006;347301.81;992;j
RS;tcainc992j;p46p47;2007;347944.09;992;j
RS;tcainc992j;p46p47;2008;369103.91;992;j
RS;tcainc992j;p46p47;2009;360242.81;992;j
RS;tcainc992j;p46p47;2010;353174.5;992;j
RS;tcainc992j;p46p47;2011;351408.5;992;j
RS;tcainc992j;p46p47;2012;343507.91;992;j
RS;tcainc992j;p46p47;2013;353498.5;992;j
RS;tcainc992j;p46p47;2014;339094.19;992;j
RS;tcainc992j;p46p47;2015;337167.69;992;j
RS;tcainc992j;p46p47;2016;349842.09;992;j
RS;tcainc992j;p46p47;2017;350102.19;992;j
RS;tcainc992j;p63p64;1990;536824.38;992;j
RS;tcainc992j;p63p64;1991;466244.69;992;j
RS;tcainc992j;p63p64;1992;319358.31;992;j
RS;tcainc992j;p63p64;1993;206755.7;992;j
RS;tcainc992j;p63p64;1994;212951.0;992;j
RS;tcainc992j;p63p64;1995;224447.2;992;j
RS;tcainc992j;p63p64;1996;226442.3;992;j
RS;tcainc992j;p63p64;1997;239069.91;992;j
RS;tcainc992j;p63p64;1998;261119.0;992;j
RS;tcainc992j;p63p64;1999;295699.41;992;j
RS;tcainc992j;p63p64;2000;315579.19;992;j
RS;tcainc992j;p63p64;2001;305636.91;992;j
RS;tcainc992j;p63p64;2002;320343.31;992;j
RS;tcainc992j;p63p64;2003;337748.91;992;j
RS;tcainc992j;p63p64;2004;402829.31;992;j
RS;tcainc992j;p63p64;2005;454265.69;992;j
RS;tcainc992j;p63p64;2006;478978.41;992;j
RS;tcainc992j;p63p64;2007;481702.41;992;j
RS;tcainc992j;p63p64;2008;516322.69;992;j
RS;tcainc992j;p63p64;2009;505949.81;992;j
RS;tcainc992j;p63p64;2010;503641.09;992;j
RS;tcainc992j;p63p64;2011;505366.0;992;j
RS;tcainc992j;p63p64;2012;502298.69;992;j
RS;tcainc992j;p63p64;2013;521443.5;992;j
RS;tcainc992j;p63p64;2014;499846.31;992;j
RS;tcainc992j;p63p64;2015;486980.19;992;j
RS;tcainc992j;p63p64;2016;504944.09;992;j
RS;tcainc992j;p63p64;2017;505378.69;992;j
RS;tcainc992j;p82p83;1990;765653.88;992;j
RS;tcainc992j;p82p83;1991;662518.13;992;j
RS;tcainc992j;p82p83;1992;451986.91;992;j
RS;tcainc992j;p82p83;1993;291402.5;992;j
RS;tcainc992j;p82p83;1994;298512.59;992;j
RS;tcainc992j;p82p83;1995;313512.41;992;j
RS;tcainc992j;p82p83;1996;314979.81;992;j
RS;tcainc992j;p82p83;1997;331057.0;992;j
RS;tcainc992j;p82p83;1998;357062.59;992;j
RS;tcainc992j;p82p83;1999;403973.31;992;j
RS;tcainc992j;p82p83;2000;433984.5;992;j
RS;tcainc992j;p82p83;2001;419343.5;992;j
RS;tcainc992j;p82p83;2002;445892.19;992;j
RS;tcainc992j;p82p83;2003;472393.19;992;j
RS;tcainc992j;p82p83;2004;572311.63;992;j
RS;tcainc992j;p82p83;2005;654418.0;992;j
RS;tcainc992j;p82p83;2006;694510.5;992;j
RS;tcainc992j;p82p83;2007;701726.31;992;j
RS;tcainc992j;p82p83;2008;762035.69;992;j
RS;tcainc992j;p82p83;2009;754019.81;992;j
RS;tcainc992j;p82p83;2010;767158.31;992;j
RS;tcainc992j;p82p83;2011;781900.88;992;j
RS;tcainc992j;p82p83;2012;775491.81;992;j
RS;tcainc992j;p82p83;2013;818036.31;992;j
RS;tcainc992j;p82p83;2014;743904.38;992;j
RS;tcainc992j;p82p83;2015;731106.31;992;j
RS;tcainc992j;p82p83;2016;758106.81;992;j
RS;tcainc992j;p82p83;2017;758749.19;992;j
RS;tptinc992j;p80p90;1990;1051639.1;992;j
RS;tptinc992j;p80p90;1991;911273.69;992;j
RS;tptinc992j;p80p90;1992;622192.38;992;j
RS;tptinc992j;p80p90;1993;402116.0;992;j
RS;tptinc992j;p80p90;1994;412762.31;992;j
RS;tptinc992j;p80p90;1995;434226.81;992;j
RS;tptinc992j;p80p90;1996;436726.31;992;j
RS;tptinc992j;p80p90;1997;462320.0;992;j
RS;tptinc992j;p80p90;1998;479414.81;992;j
RS;tptinc992j;p80p90;1999;521007.91;992;j
RS;tptinc992j;p80p90;2000;566244.13;992;j
RS;tptinc992j;p80p90;2001;560004.38;992;j
RS;tptinc992j;p80p90;2002;612107.81;992;j
RS;tptinc992j;p80p90;2003;643134.81;992;j
RS;tptinc992j;p80p90;2004;724135.88;992;j
RS;tptinc992j;p80p90;2005;812120.38;992;j
RS;tptinc992j;p80p90;2006;860479.88;992;j
RS;tptinc992j;p80p90;2007;908602.63;992;j
RS;tptinc992j;p80p90;2008;978953.81;992;j
RS;tptinc992j;p80p90;2009;959808.88;992;j
RS;tptinc992j;p80p90;2010;958891.63;992;j
RS;tptinc992j;p80p90;2011;963496.19;992;j
RS;tptinc992j;p80p90;2012;986651.5;992;j
RS;tptinc992j;p80p90;2013;1013680.8;992;j
RS;tptinc992j;p80p90;2014;964502.13;992;j
RS;tptinc992j;p80p90;2015;962529.88;992;j
RS;tptinc992j;p80p90;2016;991800.81;992;j
RS;tptinc992j;p80p90;2017;997560.81;992;j
RS;tptinc992j;p97p100;1990;2025484.1;992;j
RS;tptinc992j;p97p100;1991;1765086.4;992;j
RS;tptinc992j;p97p100;1992;1214653.1;992;j
RS;tptinc992j;p97p100;1993;790296.38;992;j
RS;tptinc992j;p97p100;1994;818338.69;992;j
RS;tptinc992j;p97p100;1995;866849.38;992;j
RS;tptinc992j;p97p100;1996;875013.81;992;j
RS;tptinc992j;p97p100;1997;928599.13;992;j
RS;tptinc992j;p97p100;1998;987014.19;992;j
RS;tptinc992j;p97p100;1999;1083486.6;992;j
RS;tptinc992j;p97p100;2000;1217191.9;992;j
RS;tptinc992j;p97p100;2001;1218005.1;992;j
RS;tptinc992j;p97p100;2002;1339595.4;992;j
RS;tptinc992j;p97p100;2003;1428062.3;992;j
RS;tptinc992j;p97p100;2004;1647909.5;992;j
RS;tptinc992j;p97p100;2005;1888317.9;992;j
RS;tptinc992j;p97p100;2006;2014675.1;992;j
RS;tptinc992j;p97p100;2007;2064095.6;992;j
RS;tptinc992j;p97p100;2008;2213117.5;992;j
RS;tptinc992j;p97p100;2009;2206384.0;992;j
RS;tptinc992j;p97p100;2010;2295867.8;992;j
RS;tptinc992j;p97p100;2011;2349933.8;992;j
RS;tptinc992j;p97p100;2012;2401348.5;992;j
RS;tptinc992j;p97p100;2013;2402264.8;992;j
RS;tptinc992j;p97p100;2014;2312927.5;992;j
RS;tptinc992j;p97p100;2015;2295477.8;992;j
RS;tptinc992j;p97p100;2016;2367254.0;992;j
RS;tptinc992j;p97p100;2017;2383223.5;992;j
RS;tptinc992j;p99.6p100;1990;4911105.0;992;j
RS;tptinc992j;p99.6p100;1991;4314705.0;992;j
RS;tptinc992j;p99.6p100;1992;2992377.5;992;j
RS;tptinc992j;p99.6p100;1993;1963188.9;992;j
RS;tptinc992j;p99.6p100;1994;2050102.9;992;j
RS;tptinc992j;p99.6p100;1995;2190930.3;992;j
RS;tptinc992j;p99.6p100;1996;2222911.8;992;j
RS;tptinc992j;p99.6p100;1997;2370635.0;992;j
RS;tptinc992j;p99.6p100;1998;2527275.8;992;j
RS;tptinc992j;p99.6p100;1999;2840134.0;992;j
RS;tptinc992j;p99.6p100;2000;3283741.8;992;j
RS;tptinc992j;p99.6p100;2001;3356307.8;992;j
RS;tptinc992j;p99.6p100;2002;3678107.0;992;j
RS;tptinc992j;p99.6p100;2003;3873663.8;992;j
RS;tptinc992j;p99.6p100;2004;4496163.5;992;j
RS;tptinc992j;p99.6p100;2005;5101669.0;992;j
RS;tptinc992j;p99.6p100;2006;5445282.0;992;j
RS;tptinc992j;p99.6p100;2007;5399161.5;992;j
RS;tptinc992j;p99.6p100;2008;5810996.0;992;j
RS;tptinc992j;p99.6p100;2009;5763210.0;992;j
RS;tptinc992j;p99.6p100;2010;6018283.5;992;j
RS;tptinc992j;p99.6p100;2011;6223853.0;992;j
RS;tptinc992j;p99.6p100;2012;6113416.0;992;j
RS;tptinc992j;p99.6p100;2013;6181824.5;992;j
RS;tptinc992j;p99.6p100;2014;6568206.5;992;j
RS;tptinc992j;p99.6p100;2015;6402634.5;992;j
RS;tptinc992j;p99.6p100;2016;6606675.5;992;j
RS;tptinc992j;p99.6p100;2017;6656300.0;992;j
RS;acainc992j;p12p13;1990;132658.09;992;j
RS;acainc992j;p12p13;1991;117497.4;992;j
RS;acainc992j;p12p13;1992;82136.297;992;j
RS;acainc992j;p12p13;1993;54392.5;992;j
RS;acainc992j;p12p13;1994;57195.898;992;j
RS;acainc992j;p12p13;1995;61498.801;992;j
RS;acainc992j;p12p13;1996;63236.898;992;j
RS;acainc992j;p12p13;1997;67931.102;992;j
RS;acainc992j;p12p13;1998;81957.602;992;j
RS;acainc992j;p12p13;1999;93091.102;992;j
RS;acainc992j;p12p13;2000;97690.898;992;j
RS;acainc992j;p12p13;2001;94919.203;992;j
RS;acainc992j;p12p13;2002;86729.0;992;j
RS;acainc992j;p12p13;2003;85676.398;992;j
RS;acainc992j;p12p13;2004;85961.203;992;j
RS;acainc992j;p12p13;2005;89108.703;992;j
RS;acainc992j;p12p13;2006;83473.102;992;j
RS;acainc992j;p12p13;2007;73719.0;992;j
RS;acainc992j;p12p13;2008;74252.398;992;j
RS;acainc992j;p12p13;2009;72269.5;992;j
RS;acainc992j;p12p13;2010;60729.801;992;j
RS;acainc992j;p12p13;2011;49261.301;992;j
RS;acainc992j;p12p13;2012;40928.699;992;j
RS;acainc992j;p12p13;2013;55769.301;992;j
RS;acainc992j;p12p13;2014;92335.602;992;j
RS;acainc992j;p12p13;2015;67911.102;992;j
RS;acainc992j;p12p13;2016;70610.297;992;j
RS;acainc992j;p12p13;2017;70486.297;992;j
RS;acainc992j;p47p100;1990;779766.5;992;j
RS;acainc992j;p47p100;1991;675347.88;992;j
RS;acainc992j;p47p100;1992;461259.41;992;j
RS;acainc992j;p47p100;1993;298391.19;992;j
RS;acainc992j;p47p100;1994;306545.0;992;j
RS;acainc992j;p47p100;1995;322743.5;992;j
RS;acainc992j;p47p100;1996;324395.41;992;j
RS;acainc992j;p47p100;1997;341282.5;992;j
RS;acainc992j;p47p100;1998;373430.81;992;j
RS;acainc992j;p47p100;1999;426601.69;992;j
RS;acainc992j;p47p100;2000;464468.41;992;j
RS;acainc992j;p47p100;2001;453435.31;992;j
RS;acainc992j;p47p100;2002;480112.19;992;j
RS;acainc992j;p47p100;2003;507774.5;992;j
RS;acainc992j;p47p100;2004;614441.38;992;j
RS;acainc992j;p47p100;2005;703927.0;992;j
RS;acainc992j;p47p100;2006;749838.81;992;j
RS;acainc992j;p47p100;2007;752040.31;992;j
RS;acainc992j;p47p100;2008;809504.38;992;j
RS;acainc992j;p47p100;2009;805049.88;992;j
RS;acainc992j;p47p100;2010;817908.69;992;j
RS;acainc992j;p47p100;2011;834809.19;992;j
RS;acainc992j;p47p100;2012;836494.0;992;j
RS;acainc992j;p47p100;2013;859536.88;992;j
RS;acainc992j;p47p100;2014;824454.19;992;j
RS;acainc992j;p47p100;2015;847752.13;992;j
RS;acainc992j;p47p100;2016;879141.13;992;j
RS;acainc992j;p47p100;2017;880028.19;992;j
RS;acainc992j;p65p100;1990;933174.88;992;j
RS;acainc992j;p65p100;1991;807366.19;992;j
RS;acainc992j;p65p100;1992;550946.31;992;j
RS;acainc992j;p65p100;1993;356232.31;992;j
RS;acainc992j;p65p100;1994;365761.0;992;j
RS;acainc992j;p65p100;1995;384896.41;992;j
RS;acainc992j;p65p100;1996;386446.69;992;j
RS;acainc992j;p65p100;1997;406119.09;992;j
RS;acainc992j;p65p100;1998;445503.5;992;j
RS;acainc992j;p65p100;1999;510152.0;992;j
RS;acainc992j;p65p100;2000;557513.63;992;j
RS;acainc992j;p65p100;2001;545485.81;992;j
RS;acainc992j;p65p100;2002;579675.69;992;j
RS;acainc992j;p65p100;2003;614139.38;992;j
RS;acainc992j;p65p100;2004;746271.81;992;j
RS;acainc992j;p65p100;2005;858978.88;992;j
RS;acainc992j;p65p100;2006;918160.13;992;j
RS;acainc992j;p65p100;2007;920590.31;992;j
RS;acainc992j;p65p100;2008;992729.38;992;j
RS;acainc992j;p65p100;2009;990581.38;992;j
RS;acainc992j;p65p100;2010;1012409.5;992;j
RS;acainc992j;p65p100;2011;1037628.3;992;j
RS;acainc992j;p65p100;2012;1042735.9;992;j
RS;acainc992j;p65p100;2013;1071180.9;992;j
RS;acainc992j;p65p100;2014;1027009.5;992;j
RS;acainc992j;p65p100;2015;1065442.6;992;j
RS;acainc992j;p65p100;2016;1104895.0;992;j
RS;acainc992j;p65p100;2017;1106100.3;992;j
RS;acainc992j;p74p100;1990;1046308.2;992;j
RS;acainc992j;p74p100;1991;904293.5;992;j
RS;acainc992j;p74p100;1992;616874.81;992;j
RS;acainc992j;p74p100;1993;398808.09;992;j
RS;acainc992j;p74p100;1994;409397.5;992;j
RS;acainc992j;p74p100;1995;430736.0;992;j
RS;acainc992j;p74p100;1996;432157.31;992;j
RS;acainc992j;p74p100;1997;453813.09;992;j
RS;acainc992j;p74p100;1998;498536.91;992;j
RS;acainc992j;p74p100;1999;572765.81;992;j
RS;acainc992j;p74p100;2000;628384.63;992;j
RS;acainc992j;p74p100;2001;616160.63;992;j
RS;acainc992j;p74p100;2002;655867.31;992;j
RS;acainc992j;p74p100;2003;695361.13;992;j
RS;acainc992j;p74p100;2004;846620.5;992;j
RS;acainc992j;p74p100;2005;977965.19;992;j
RS;acainc992j;p74p100;2006;1047621.6;992;j
RS;acainc992j;p74p100;2007;1049472.8;992;j
RS;acainc992j;p74p100;2008;1132095.8;992;j
RS;acainc992j;p74p100;2009;1132965.1;992;j
RS;acainc992j;p74p100;2010;1161830.9;992;j
RS;acainc992j;p74p100;2011;1194643.5;992;j
RS;acainc992j;p74p100;2012;1202564.0;992;j
RS;acainc992j;p74p100;2013;1230976.0;992;j
RS;acainc992j;p74p100;2014;1184287.9;992;j
RS;acainc992j;p74p100;2015;1241284.4;992;j
RS;acainc992j;p74p100;2016;1287266.9;992;j
RS;acainc992j;p74p100;2017;1288740.9;992;j
RS;acainc992j;p99.93p99.94;1990;7820968.0;992;j
RS;acainc992j;p99.93p99.94;1991;6630327.5;992;j
RS;acainc992j;p99.93p99.94;1992;4420423.5;992;j
RS;acainc992j;p99.93p99.94;1993;2828239.5;992;j
RS;acainc992j;p99.93p99.94;1994;2881237.5;992;j
RS;acainc992j;p99.93p99.94;1995;3014164.5;992;j
RS;acainc992j;p99.93p99.94;1996;2978406.8;992;j
RS;acainc992j;p99.93p99.94;1997;3077215.5;992;j
RS;acainc992j;p99.93p99.94;1998;3495069.3;992;j
RS;acainc992j;p99.93p99.94;1999;4375944.0;992;j
RS;acainc992j;p99.93p99.94;2000;5072392.0;992;j
RS;acainc992j;p99.93p99.94;2001;5291602.0;992;j
RS;acainc992j;p99.93p99.94;2002;5566931.5;992;j
RS;acainc992j;p99.93p99.94;2003;5802629.0;992;j
RS;acainc992j;p99.93p99.94;2004;7025083.0;992;j
RS;acainc992j;p99.93p99.94;2005;8353772.0;992;j
RS;acainc992j;p99.93p99.94;2006;8811872.0;992;j
RS;acainc992j;p99.93p99.94;2007;8311049.5;992;j
RS;acainc992j;p99.93p99.94;2008;8607120.0;992;j
RS;acainc992j;p99.93p99.94;2009;9301925.0;992;j
RS;acainc992j;p99.93p99.94;2010;9421549.0;992;j
RS;acainc992j;p99.93p99.94;2011;9637089.0;992;j
RS;acainc992j;p99.93p99.94;2012;11431217.0;992;j
RS;acainc992j;p99.93p99.94;2013;10456673.0;992;j
RS;acainc992j;p99.93p99.94;2014;12781481.0;992;j
RS;acainc992j;p99.93p99.94;2015;15955911.0;992;j
RS;acainc992j;p99.93p99.94;2016;16550051.0;992;j
RS;acainc992j;p99.93p99.94;2017;16577692.0;992;j
RS;acainc992j;p99.996p100;1990;73440816.0;992;j
RS;acainc992j;p99.996p100;1991;58916640.0;992;j
RS;acainc992j;p99.996p100;1992;36318236.0;992;j
RS;acainc992j;p99.996p100;1993;21972512.0;992;j
RS;acainc992j;p99.996p100;1994;21578218.0;992;j
RS;acainc992j;p99.996p100;1995;21864242.0;992;j
RS;acainc992j;p99.996p100;1996;20882554.0;992;j
RS;acainc992j;p99.996p100;1997;20789846.0;992;j
RS;acainc992j;p99.996p100;1998;24547656.0;992;j
RS;acainc992j;p99.996p100;1999;35512828.0;992;j
RS;acainc992j;p99.996p100;2000;40949892.0;992;j
RS;acainc992j;p99.996p100;2001;47650632.0;992;j
RS;acainc992j;p99.996p100;2002;45780296.0;992;j
RS;acainc992j;p99.996p100;2003;48097828.0;992;j
RS;acainc992j;p99.996p100;2004;58590268.0;992;j
RS;acainc992j;p99.996p100;2005;73225736.0;992;j
RS;acainc992j;p99.996p100;2006;69003784.0;992;j
RS;acainc992j;p99.996p100;2007;57894160.0;992;j
RS;acainc992j;p99.996p100;2008;52807016.0;992;j
RS;acainc992j;p99.996p100;2009;67240824.0;992;j
RS;acainc992j;p99.996p100;2010;63040784.0;992;j
RS;acainc992j;p99.996p100;2011;61523296.0;992;j
RS;acainc992j;p99.996p100;2012;105298344.0;992;j
RS;acainc992j;p99.996p100;2013;76146904.0;992;j
RS;acainc992j;p99.996p100;2014;169278576.0;992;j
RS;acainc992j;p99.996p100;2015;310212032.0;992;j
RS;acainc992j;p99.996p100;2016;322037760.0;992;j
RS;acainc992j;p99.996p100;2017;323120512.0;992;j
RS;acomnx992i;p0p100;1997;257.10001;992;i
RS;acomnx992i;p0p100;1998;191.39999;992;i
RS;acomnx992i;p0p100;1999;55.700001;992;i
RS;acomnx992i;p0p100;2000;48.0;992;i
RS;acomnx992i;p0p100;2001;75.400002;992;i
RS;acomnx992i;p0p100;2002;-117.1;992;i
RS;acomnx992i;p0p100;2003;-135.0;992;i
RS;acomnx992i;p0p100;2004;-165.89999;992;i
RS;acomnx992i;p0p100;2005;1206.8;992;i
RS;acomnx992i;p0p100;2006;1834.7;992;i
RS;acomnx992i;p0p100;2007;2158.7;992;i
RS;acomnx992i;p0p100;2008;3522.3;992;i
RS;acomnx992i;p0p100;2009;4399.6001;992;i
RS;acomnx992i;p0p100;2010;4064.0;992;i
RS;acomnx992i;p0p100;2011;2281.6001;992;i
RS;acomnx992i;p0p100;2012;3497.2;992;i
RS;acomnx992i;p0p100;2013;3479.5;992;i
RS;acomnx992i;p0p100;2014;3520.1001;992;i
RS;acomnx992i;p0p100;2015;3802.8999;992;i
RS;acomnx992i;p0p100;2016;4102.7002;992;i
RS;acomnx992i;p0p100;2017;4011.3;992;i
RS;acomnx992i;p0p100;2018;4332.7998;992;i
RS;adiinc992j;p99.95p100;1990;25109558.0;992;j
RS;adiinc992j;p99.95p100;1991;20744534.0;992;j
RS;adiinc992j;p99.95p100;1992;13339458.0;992;j
RS;adiinc992j;p99.95p100;1993;8322801.5;992;j
RS;adiinc992j;p99.95p100;1994;8342122.0;992;j
RS;adiinc992j;p99.95p100;1995;8605989.0;992;j
RS;adiinc992j;p99.95p100;1996;8376303.5;992;j
RS;adiinc992j;p99.95p100;1997;8539287.0;992;j
RS;adiinc992j;p99.95p100;1998;9582678.0;992;j
RS;adiinc992j;p99.95p100;1999;12432249.0;992;j
RS;adiinc992j;p99.95p100;2000;14464513.0;992;j
RS;adiinc992j;p99.95p100;2001;16236557.0;992;j
RS;adiinc992j;p99.95p100;2002;16699814.0;992;j
RS;adiinc992j;p99.95p100;2003;17398854.0;992;j
RS;adiinc992j;p99.95p100;2004;19904140.0;992;j
RS;adiinc992j;p99.95p100;2005;23752028.0;992;j
RS;adiinc992j;p99.95p100;2006;23791598.0;992;j
RS;adiinc992j;p99.95p100;2007;21828420.0;992;j
RS;adiinc992j;p99.95p100;2008;21223780.0;992;j
RS;adiinc992j;p99.95p100;2009;24544412.0;992;j
RS;adiinc992j;p99.95p100;2010;23938636.0;992;j
RS;adiinc992j;p99.95p100;2011;23915794.0;992;j
RS;adiinc992j;p99.95p100;2012;33459974.0;992;j
RS;adiinc992j;p99.95p100;2013;27448738.0;992;j
RS;adiinc992j;p99.95p100;2014;44743736.0;992;j
RS;adiinc992j;p99.95p100;2015;68489464.0;992;j
RS;adiinc992j;p99.95p100;2016;71551208.0;992;j
RS;adiinc992j;p99.95p100;2017;72188104.0;992;j
RS;agmxhn999i;p0p100;1997;43674.801;999;i
RS;agmxhn999i;p0p100;1998;42984.898;999;i
RS;agmxhn999i;p0p100;1999;56829.801;999;i
RS;agmxhn999i;p0p100;2000;66401.0;999;i
RS;agmxhn999i;p0p100;2001;66030.703;999;i
RS;agmxhn999i;p0p100;2002;55837.801;999;i
RS;agmxhn999i;p0p100;2003;46295.5;999;i
RS;agmxhn999i;p0p100;2004;51512.801;999;i
RS;agmxhn999i;p0p100;2005;55083.398;999;i
RS;agmxhn999i;p0p100;2006;72555.102;999;i
RS;agmxhn999i;p0p100;2007;75735.602;999;i
RS;agmxhn999i;p0p100;2008;83418.297;999;i
RS;agmxhn999i;p0p100;2009;77052.102;999;i
RS;agmxhn999i;p0p100;2010;79011.297;999;i
RS;agmxhn999i;p0p100;2011;90002.797;999;i
RS;ansrgo992i;p0p100;1997;0.0;992;i
RS;ansrgo992i;p0p100;1998;0.0;992;i
RS;ansrgo992i;p0p100;1999;0.0;992;i
RS;ansrgo992i;p0p100;2000;0.0;992;i
RS;ansrgo992i;p0p100;2001;0.0;992;i
RS;ansrgo992i;p0p100;2002;0.0;992;i
RS;ansrgo992i;p0p100;2003;0.0;992;i
RS;ansrgo992i;p0p100;2004;0.0;992;i
RS;ansrgo992i;p0p100;2005;0.0;992;i
RS;ansrgo992i;p0p100;2006;0.0;992;i
RS;ansrgo992i;p0p100;2007;0.0;992;i
RS;ansrgo992i;p0p100;2008;0.0;992;i
RS;ansrgo992i;p0p100;2009;0.0;992;i
RS;ansrgo992i;p0p100;2010;0.0;992;i
RS;ansrgo992i;p0p100;2011;0.0;992;i
RS;apinpx999i;p0p100;2002;5881.5;999;i
RS;apinpx999i;p0p100;2003;6801.0;999;i
RS;apinpx999i;p0p100;2004;8380.0996;999;i
RS;apinpx999i;p0p100;2005;11623.0;999;i
RS;apinpx999i;p0p100;2006;14324.8;999;i
RS;apinpx999i;p0p100;2007;29457.0;999;i
RS;apinpx999i;p0p100;2008;28837.301;999;i
RS;apinpx999i;p0p100;2009;19746.0;999;i
RS;apinpx999i;p0p100;2010;22966.5;999;i
RS;apinpx999i;p0p100;2011;35698.898;999;i
RS;apinpx999i;p0p100;2012;34957.5;999;i
RS;apinpx999i;p0p100;2013;38555.0;999;i
RS;apinpx999i;p0p100;2014;38235.199;999;i
RS;apinpx999i;p0p100;2015;45825.301;999;i
RS;apinpx999i;p0p100;2016;49020.699;999;i
RS;apinpx999i;p0p100;2017;55283.102;999;i
RS;apinpx999i;p0p100;2018;46926.5;999;i
RS;aptinc992j;p26p100;1990;931082.81;992;j
RS;aptinc992j;p26p100;1991;808240.31;992;j
RS;aptinc992j;p26p100;1992;553325.81;992;j
RS;aptinc992j;p26p100;1993;358717.09;992;j
RS;aptinc992j;p26p100;1994;369332.09;992;j
RS;aptinc992j;p26p100;1995;389683.59;992;j
RS;aptinc992j;p26p100;1996;392683.81;992;j
RS;aptinc992j;p26p100;1997;416163.91;992;j
RS;aptinc992j;p26p100;1998;435779.59;992;j
RS;aptinc992j;p26p100;1999;477066.19;992;j
RS;aptinc992j;p26p100;2000;525338.88;992;j
RS;aptinc992j;p26p100;2001;524358.63;992;j
RS;aptinc992j;p26p100;2002;568206.13;992;j
RS;aptinc992j;p26p100;2003;598294.81;992;j
RS;aptinc992j;p26p100;2004;676479.19;992;j
RS;aptinc992j;p26p100;2005;757321.5;992;j
RS;aptinc992j;p26p100;2006;803357.38;992;j
RS;aptinc992j;p26p100;2007;831834.13;992;j
RS;aptinc992j;p26p100;2008;889735.63;992;j
RS;aptinc992j;p26p100;2009;876790.88;992;j
RS;aptinc992j;p26p100;2010;881703.0;992;j
RS;aptinc992j;p26p100;2011;888698.69;992;j
RS;aptinc992j;p26p100;2012;889227.13;992;j
RS;aptinc992j;p26p100;2013;912151.81;992;j
RS;aptinc992j;p26p100;2014;894919.63;992;j
RS;aptinc992j;p26p100;2015;900272.0;992;j
RS;aptinc992j;p26p100;2016;928101.69;992;j
RS;aptinc992j;p26p100;2017;933713.19;992;j
RS;aptinc992j;p63p100;1990;1322503.3;992;j
RS;aptinc992j;p63p100;1991;1149965.3;992;j
RS;aptinc992j;p63p100;1992;788530.5;992;j
RS;aptinc992j;p63p100;1993;512023.81;992;j
RS;aptinc992j;p63p100;1994;528028.38;992;j
RS;aptinc992j;p63p100;1995;558056.5;992;j
RS;aptinc992j;p63p100;1996;562936.88;992;j
RS;aptinc992j;p63p100;1997;597237.88;992;j
RS;aptinc992j;p63p100;1998;627473.69;992;j
RS;aptinc992j;p63p100;1999;687801.88;992;j
RS;aptinc992j;p63p100;2000;761505.69;992;j
RS;aptinc992j;p63p100;2001;761903.0;992;j
RS;aptinc992j;p63p100;2002;830284.69;992;j
RS;aptinc992j;p63p100;2003;877180.63;992;j
RS;aptinc992j;p63p100;2004;1000120.9;992;j
RS;aptinc992j;p63p100;2005;1128234.0;992;j
RS;aptinc992j;p63p100;2006;1202210.1;992;j
RS;aptinc992j;p63p100;2007;1242767.3;992;j
RS;aptinc992j;p63p100;2008;1335501.3;992;j
RS;aptinc992j;p63p100;2009;1320710.9;992;j
RS;aptinc992j;p63p100;2010;1340271.3;992;j
RS;aptinc992j;p63p100;2011;1363560.8;992;j
RS;aptinc992j;p63p100;2012;1365827.3;992;j
RS;aptinc992j;p63p100;2013;1395752.5;992;j
RS;aptinc992j;p63p100;2014;1383735.3;992;j
RS;aptinc992j;p63p100;2015;1378888.8;992;j
RS;aptinc992j;p63p100;2016;1421625.0;992;j
RS;aptinc992j;p63p100;2017;1430547.3;992;j
RS;aptinc992j;p7p8;1990;111020.2;992;j
RS;aptinc992j;p7p8;1991;98280.898;992;j
RS;aptinc992j;p7p8;1992;68825.0;992;j
RS;aptinc992j;p7p8;1993;45763.602;992;j
RS;aptinc992j;p7p8;1994;48289.398;992;j
RS;aptinc992j;p7p8;1995;52140.199;992;j
RS;aptinc992j;p7p8;1996;53789.199;992;j
RS;aptinc992j;p7p8;1997;58205.699;992;j
RS;aptinc992j;p7p8;1998;67941.102;992;j
RS;aptinc992j;p7p8;1999;75943.898;992;j
RS;aptinc992j;p7p8;2000;81574.102;992;j
RS;aptinc992j;p7p8;2001;81667.602;992;j
RS;aptinc992j;p7p8;2002;73538.5;992;j
RS;aptinc992j;p7p8;2003;69882.297;992;j
RS;aptinc992j;p7p8;2004;73999.297;992;j
RS;aptinc992j;p7p8;2005;73708.398;992;j
RS;aptinc992j;p7p8;2006;64833.102;992;j
RS;aptinc992j;p7p8;2007;57887.102;992;j
RS;aptinc992j;p7p8;2008;51915.898;992;j
RS;aptinc992j;p7p8;2009;45193.199;992;j
RS;aptinc992j;p7p8;2010;41071.898;992;j
RS;aptinc992j;p7p8;2011;34510.602;992;j
RS;aptinc992j;p7p8;2012;33563.602;992;j
RS;aptinc992j;p7p8;2013;29915.1;992;j
RS;aptinc992j;p7p8;2014;30035.0;992;j
RS;aptinc992j;p7p8;2015;30490.301;992;j
RS;aptinc992j;p7p8;2016;31518.199;992;j
RS;aptinc992j;p7p8;2017;31392.6;992;j
RS;atiwho999i;p0p100;1997;11157.7;999;i
RS;atiwho999i;p0p100;1998;9354.0996;999;i
RS;atiwho999i;p0p100;1999;6942.0;999;i
RS;atiwho999i;p0p100;2000;7294.0;999;i
RS;atiwho999i;p0p100;2001;18336.699;999;i
RS;atiwho999i;p0p100;2002;24601.1;999;i
RS;atiwho999i;p0p100;2003;21414.199;999;i
RS;atiwho999i;p0p100;2004;25113.9;999;i
RS;atiwho999i;p0p100;2005;26041.1;999;i
RS;atiwho999i;p0p100;2006;29615.6;999;i
RS;atiwho999i;p0p100;2007;27029.6;999;i
RS;atiwho999i;p0p100;2008;29534.0;999;i
RS;atiwho999i;p0p100;2009;23178.0;999;i
RS;atiwho999i;p0p100;2010;21720.199;999;i
RS;atiwho999i;p0p100;2011;29267.0;999;i
RS;atprgo992i;p0p100;1997;37215.6;992;i
RS;atprgo992i;p0p100;1998;42499.9;992;i
RS;atprgo992i;p0p100;1999;42395.4;992;i
RS;atprgo992i;p0p100;2000;46200.8;992;i
RS;atprgo992i;p0p100;2001;75438.2;992;i
RS;atprgo992i;p0p100;2002;101876.3;992;i
RS;atprgo992i;p0p100;2003;110391.6;992;i
RS;atprgo992i;p0p100;2004;115558.8;992;i
RS;atprgo992i;p0p100;2005;133337.3;992;i
RS;atprgo992i;p0p100;2006;129220.1;992;i
RS;atprgo992i;p0p100;2007;139771.1;992;i
RS;atprgo992i;p0p100;2008;150798.1;992;i
RS;atprgo992i;p0p100;2009;146008.6;992;i
RS;atprgo992i;p0p100;2010;149336.9;992;i
RS;atprgo992i;p0p100;2011;131811.0;992;i
RS;bcainc992j;p99.99p100;1990;2.1609178;992;j
RS;bcainc992j;p99.99p100;1991;2.1084814;992;j
RS;bcainc992j;p99.99p100;1992;2.0368936;992;j
RS;bcainc992j;p99.99p100;1993;1.9876055;992;j
RS;bcainc992j;p99.99p100;1994;1.9563534;992;j
RS;bcainc992j;p99.99p100;1995;1.9296861;992;j
RS;bcainc992j;p99.99p100;1996;1.902455;992;j
RS;bcainc992j;p99.99p100;1997;1.8734158;992;j
RS;bcainc992j;p99.99p100;1998;1.9030117;992;j
RS;bcainc992j;p99.99p100;1999;2.0215201;992;j
RS;bcainc992j;p99.99p100;2000;2.0135953;992;j
RS;bcainc992j;p99.99p100;2001;2.111074;992;j
RS;bcainc992j;p99.99p100;2002;2.0277972;992;j
RS;bcainc992j;p99.99p100;2003;2.0361402;992;j
RS;bcainc992j;p99.99p100;2004;2.0418992;992;j
RS;bcainc992j;p99.99p100;2005;2.0862546;992;j
RS;bcainc992j;p99.99p100;2006;1.9852713;992;j
RS;bcainc992j;p99.99p100;2007;1.890473;992;j
RS;bcainc992j;p99.99p100;2008;1.7938474;992;j
RS;bcainc992j;p99.99p100;2009;1.9187943;992;j
RS;bcainc992j;p99.99p100;2010;1.8574892;992;j
RS;bcainc992j;p99.99p100;2011;1.8215619;992;j
RS;bcainc992j;p99.99p100;2012;2.1275547;992;j
RS;bcainc992j;p99.99p100;2013;1.9230459;992;j
RS;bcainc992j;p99.99p100;2014;2.517925;992;j
RS;bcainc992j;p99.99p100;2015;3.0562716;992;j
RS;bcainc992j;p99.99p100;2016;3.0573094;992;j
RS;bcainc992j;p99.99p100;2017;3.0603826;992;j
RS;bdiinc992j;p17p100;1990;3.2632709;992;j
RS;bdiinc992j;p17p100;1991;3.2258928;992;j
RS;bdiinc992j;p17p100;1992;3.1771061;992;j
RS;bdiinc992j;p17p100;1993;3.1341219;992;j
RS;bdiinc992j;p17p100;1994;3.0947399;992;j
RS;bdiinc992j;p17p100;1995;3.0529554;992;j
RS;bdiinc992j;p17p100;1996;3.001595;992;j
RS;bdiinc992j;p17p100;1997;2.9481473;992;j
RS;bdiinc992j;p17p100;1998;2.8219571;992;j
RS;bdiinc992j;p17p100;1999;2.8199465;992;j
RS;bdiinc992j;p17p100;2000;2.860379;992;j
RS;bdiinc992j;p17p100;2001;2.9192209;992;j
RS;bdiinc992j;p17p100;2002;3.1225972;992;j
RS;bdiinc992j;p17p100;2003;3.1255882;992;j
RS;bdiinc992j;p17p100;2004;3.4772944;992;j
RS;bdiinc992j;p17p100;2005;3.6257901;992;j
RS;bdiinc992j;p17p100;2006;4.0024834;992;j
RS;bdiinc992j;p17p100;2007;4.0613413;992;j
RS;bdiinc992j;p17p100;2008;4.2362099;992;j
RS;bdiinc992j;p17p100;2009;4.3057275;992;j
RS;bdiinc992j;p17p100;2010;4.8143892;992;j
RS;bdiinc992j;p17p100;2011;5.3968601;992;j
RS;bdiinc992j;p17p100;2012;5.5190005;992;j
RS;bdiinc992j;p17p100;2013;5.7924123;992;j
RS;bdiinc992j;p17p100;2014;4.3887687;992;j
RS;bdiinc992j;p17p100;2015;5.2935252;992;j
RS;bdiinc992j;p17p100;2016;5.5507545;992;j
RS;bdiinc992j;p17p100;2017;5.5854511;992;j
RS;bptinc992j;p13p100;1990;4.3600278;992;j
RS;bptinc992j;p13p100;1991;4.3564382;992;j
RS;bptinc992j;p13p100;1992;4.3591208;992;j
RS;bptinc992j;p13p100;1993;4.3706875;992;j
RS;bptinc992j;p13p100;1994;4.3792787;992;j
RS;bptinc992j;p13p100;1995;4.3918948;992;j
RS;bptinc992j;p13p100;1996;4.3917542;992;j
RS;bptinc992j;p13p100;1997;4.3958926;992;j
RS;bptinc992j;p13p100;1998;4.1348572;992;j
RS;bptinc992j;p13p100;1999;4.1426516;992;j
RS;bptinc992j;p13p100;2000;4.2043018;992;j
RS;bptinc992j;p13p100;2001;4.1611781;992;j
RS;bptinc992j;p13p100;2002;4.652864;992;j
RS;bptinc992j;p13p100;2003;4.9077759;992;j
RS;bptinc992j;p13p100;2004;5.4149609;992;j
RS;bptinc992j;p13p100;2005;6.0002241;992;j
RS;bptinc992j;p13p100;2006;6.8764067;992;j
RS;bptinc992j;p13p100;2007;7.9236479;992;j
RS;bptinc992j;p13p100;2008;9.2394371;992;j
RS;bptinc992j;p13p100;2009;10.878447;992;j
RS;bptinc992j;p13p100;2010;12.34044;992;j
RS;bptinc992j;p13p100;2011;14.658854;992;j
RS;bptinc992j;p13p100;2012;15.498077;992;j
RS;bptinc992j;p13p100;2013;17.971115;992;j
RS;bptinc992j;p13p100;2014;17.348797;992;j
RS;bptinc992j;p13p100;2015;17.411524;992;j
RS;bptinc992j;p13p100;2016;17.368885;992;j
RS;bptinc992j;p13p100;2017;17.548906;992;j
RS;bptinc992j;p47p100;1990;1.9890743;992;j
RS;bptinc992j;p47p100;1991;1.9977901;992;j
RS;bptinc992j;p47p100;1992;2.0058067;992;j
RS;bptinc992j;p47p100;1993;2.018765;992;j
RS;bptinc992j;p47p100;1994;2.0279093;992;j
RS;bptinc992j;p47p100;1995;2.041261;992;j
RS;bptinc992j;p47p100;1996;2.0495026;992;j
RS;bptinc992j;p47p100;1997;2.056289;992;j
RS;bptinc992j;p47p100;1998;2.0945964;992;j
RS;bptinc992j;p47p100;1999;2.1041892;992;j
RS;bptinc992j;p47p100;2000;2.135659;992;j
RS;bptinc992j;p47p100;2001;2.1437752;992;j
RS;bptinc992j;p47p100;2002;2.1802347;992;j
RS;bptinc992j;p47p100;2003;2.201879;992;j
RS;bptinc992j;p47p100;2004;2.2567344;992;j
RS;bptinc992j;p47p100;2005;2.3148508;992;j
RS;bptinc992j;p47p100;2006;2.334461;992;j
RS;bptinc992j;p47p100;2007;2.3228362;992;j
RS;bptinc992j;p47p100;2008;2.3594871;992;j
RS;bptinc992j;p47p100;2009;2.3774612;992;j
RS;bptinc992j;p47p100;2010;2.4532123;992;j
RS;bptinc992j;p47p100;2011;2.5200272;992;j
RS;bptinc992j;p47p100;2012;2.5618842;992;j
RS;bptinc992j;p47p100;2013;2.5088081;992;j
RS;bptinc992j;p47p100;2014;2.6010039;992;j
RS;bptinc992j;p47p100;2015;2.5246322;992;j
RS;bptinc992j;p47p100;2016;2.5258992;992;j
RS;bptinc992j;p47p100;2017;2.5284624;992;j
RS;mptfrr999i;p0p100;1980;0.0;999;i
RS;mptfrr999i;p0p100;1981;0.0;999;i
RS;mptfrr999i;p0p100;1982;0.0;999;i
RS;mptfrr999i;p0p100;1983;0.0;999;i
RS;mptfrr999i;p0p100;1984;0.0;999;i
RS;mptfrr999i;p0p100;1985;0.0;999;i
RS;mptfrr999i;p0p100;1986;0.0;999;i
RS;mptfrr999i;p0p100;1987;0.0;999;i
RS;mptfrr999i;p0p100;1988;0.0;999;i
RS;mptfrr999i;p0p100;1989;0.0;999;i
RS;mptfrr999i;p0p100;1990;0.0;999;i
RS;mptfrr999i;p0p100;1991;0.0;999;i
RS;mptfrr999i;p0p100;1992;0.0;999;i
RS;mptfrr999i;p0p100;1993;0.0;999;i
RS;mptfrr999i;p0p100;1994;0.0;999;i
RS;mptfrr999i;p0p100;1995;0.0;999;i
RS;mptfrr999i;p0p100;1996;0.0;999;i
RS;mptfrr999i;p0p100;1997;0.0;999;i
RS;mptfrr999i;p0p100;1998;0.0;999;i
RS;mptfrr999i;p0p100;1999;0.0;999;i
RS;mptfrr999i;p0p100;2000;0.0;999;i
RS;mptfrr999i;p0p100;2001;0.0;999;i
RS;mptfrr999i;p0p100;2002;0.0;999;i
RS;mptfrr999i;p0p100;2003;0.0;999;i
RS;mptfrr999i;p0p100;2004;0.0;999;i
RS;mptfrr999i;p0p100;2005;0.0;999;i
RS;mptfrr999i;p0p100;2006;0.0;999;i
RS;mptfrr999i;p0p100;2007;0.0;999;i
RS;mptfrr999i;p0p100;2008;0.0;999;i
RS;mptfrr999i;p0p100;2009;0.0;999;i
RS;mptfrr999i;p0p100;2010;0.0;999;i
RS;mptfrr999i;p0p100;2011;0.0;999;i
RS;mptfrr999i;p0p100;2012;0.0;999;i
RS;mptfrr999i;p0p100;2013;0.0;999;i
RS;mptfrr999i;p0p100;2014;0.0;999;i
RS;mptfrr999i;p0p100;2015;0.0;999;i
RS;mptfrr999i;p0p100;2016;0.0;999;i
RS;mptfrr999i;p0p100;2017;0.0;999;i
RS;mptfrr999i;p0p100;2018;0.0;999;i
RS;mptfrr999i;p0p100;2019;0.0;999;i
RS;mseghn999i;p0p100;1997;2327177068544.0;999;i
RS;mseghn999i;p0p100;1998;2216010448896.0;999;i
RS;mseghn999i;p0p100;1999;1901471858688.0;999;i
RS;mseghn999i;p0p100;2000;2024914419712.0;999;i
RS;mseghn999i;p0p100;2001;2085795528704.0;999;i
RS;mseghn999i;p0p100;2002;2199879417856.0;999;i
RS;mseghn999i;p0p100;2003;2326718054400.0;999;i
RS;mseghn999i;p0p100;2004;2324397817856.0;999;i
RS;mseghn999i;p0p100;2005;2597926993920.0;999;i
RS;mseghn999i;p0p100;2006;2755067904000.0;999;i
RS;mseghn999i;p0p100;2007;2900024098816.0;999;i
RS;mseghn999i;p0p100;2008;3136841580544.0;999;i
RS;mseghn999i;p0p100;2009;3107989225472.0;999;i
RS;mseghn999i;p0p100;2010;3085630439424.0;999;i
RS;mseghn999i;p0p100;2011;3040385433600.0;999;i
RS;mssbco999i;p0p100;1997;0.0;999;i
RS;mssbco999i;p0p100;1998;0.0;999;i
RS;mssbco999i;p0p100;1999;0.0;999;i
RS;mssbco999i;p0p100;2000;0.0;999;i
RS;mssbco999i;p0p100;2001;0.0;999;i
RS;mssbco999i;p0p100;2002;0.0;999;i
RS;mssbco999i;p0p100;2003;0.0;999;i
RS;mssbco999i;p0p100;2004;0.0;999;i
RS;mssbco999i;p0p100;2005;0.0;999;i
RS;mssbco999i;p0p100;2006;0.0;999;i
RS;mssbco999i;p0p100;2007;0.0;999;i
RS;mssbco999i;p0p100;2008;0.0;999;i
RS;mssbco999i;p0p100;2009;0.0;999;i
RS;mssbco999i;p0p100;2010;0.0;999;i
RS;mssbco999i;p0p100;2011;0.0;999;i
RS;npopul151i;p0p100;1950;699369.0;151;i
RS;npopul151i;p0p100;1951;689865.0;151;i
RS;npopul151i;p0p100;1952;679592.0;151;i
RS;npopul151i;p0p100;1953;666012.0;151;i
RS;npopul151i;p0p100;1954;647742.0;151;i
RS;npopul151i;p0p100;1955;624962.0;151;i
RS;npopul151i;p0p100;1956;599208.0;151;i
RS;npopul151i;p0p100;1957;568346.0;151;i
RS;npopul151i;p0p100;1958;539378.0;151;i
RS;npopul151i;p0p100;1959;522981.0;151;i
RS;npopul151i;p0p100;1960;525426.0;151;i
RS;npopul151i;p0p100;1961;547587.0;151;i
RS;npopul151i;p0p100;1962;587255.0;151;i
RS;npopul151i;p0p100;1963;637407.0;151;i
RS;npopul151i;p0p100;1964;686584.0;151;i
RS;npopul151i;p0p100;1965;727065.0;151;i
RS;npopul151i;p0p100;1966;758984.0;151;i
RS;npopul151i;p0p100;1967;784404.0;151;i
RS;npopul151i;p0p100;1968;801541.0;151;i
RS;npopul151i;p0p100;1969;808660.0;151;i
RS;npopul151i;p0p100;1970;805216.0;151;i
RS;npopul151i;p0p100;1971;793228.0;151;i
RS;npopul151i;p0p100;1972;769507.0;151;i
RS;npopul151i;p0p100;1973;739168.0;151;i
RS;npopul151i;p0p100;1974;710544.0;151;i
RS;npopul151i;p0p100;1975;688996.0;151;i
RS;npopul151i;p0p100;1976;675689.0;151;i
RS;npopul151i;p0p100;1977;669966.0;151;i
RS;npopul151i;p0p100;1978;669911.0;151;i
RS;npopul151i;p0p100;1979;671663.0;151;i
RS;npopul151i;p0p100;1980;672736.0;151;i
RS;npopul151i;p0p100;1981;675584.0;151;i
RS;npopul151i;p0p100;1982;678899.0;151;i
RS;npopul151i;p0p100;1983;682754.0;151;i
RS;npopul151i;p0p100;1984;687602.0;151;i
RS;npopul151i;p0p100;1985;693658.0;151;i
RS;npopul151i;p0p100;1986;702807.0;151;i
RS;npopul151i;p0p100;1987;712244.0;151;i
RS;npopul151i;p0p100;1988;722202.0;151;i
RS;npopul151i;p0p100;1989;733051.0;151;i
RS;npopul151i;p0p100;1990;744743.0;151;i
RS;npopul151i;p0p100;1991;759822.0;151;i
RS;npopul151i;p0p100;1992;775944.0;151;i
RS;npopul151i;p0p100;1993;790467.0;151;i
RS;npopul151i;p0p100;1994;799836.0;151;i
RS;npopul151i;p0p100;1995;801874.0;151;i
RS;npopul151i;p0p100;1996;788858.0;151;i
RS;npopul151i;p0p100;1997;767370.0;151;i
RS;npopul151i;p0p100;1998;740365.0;151;i
RS;npopul151i;p0p100;1999;561155.0;151;i
RS;npopul151i;p0p100;2000;546395.0;151;i
RS;npopul151i;p0p100;2001;545958.0;151;i
RS;npopul151i;p0p100;2002;549015.0;151;i
RS;npopul151i;p0p100;2003;552346.0;151;i
RS;npopul151i;p0p100;2004;554418.0;151;i
RS;npopul151i;p0p100;2005;552459.0;151;i
RS;npopul151i;p0p100;2006;546021.0;151;i
RS;npopul151i;p0p100;2007;536048.0;151;i
RS;npopul151i;p0p100;2008;523383.0;151;i
RS;npopul151i;p0p100;2009;510121.0;151;i
RS;npopul151i;p0p100;2010;497407.0;151;i
RS;npopul151i;p0p100;2011;485352.0;151;i
RS;npopul151i;p0p100;2012;474704.0;151;i
RS;npopul151i;p0p100;2013;464309.0;151;i
RS;npopul151i;p0p100;2014;454515.0;151;i
RS;npopul151i;p0p100;2015;445480.0;151;i
RS;npopul151i;p0p100;2016;443958.0;151;i
RS;npopul151i;p0p100;2017;444076.0;151;i
RS;npopul151i;p0p100;2018;443763.0;151;i
RS;npopul151i;p0p100;2019;442247.0;151;i
RS;npopul751m;p0p100;1950;42070.0;751;m
RS;npopul751m;p0p100;1951;41729.0;751;m
RS;npopul751m;p0p100;1952;40877.0;751;m
RS;npopul751m;p0p100;1953;39838.0;751;m
RS;npopul751m;p0p100;1954;39013.0;751;m
RS;npopul751m;p0p100;1955;38563.0;751;m
RS;npopul751m;p0p100;1956;38717.0;751;m
RS;npopul751m;p0p100;1957;38808.0;751;m
RS;npopul751m;p0p100;1958;38919.0;751;m
RS;npopul751m;p0p100;1959;39113.0;751;m
RS;npopul751m;p0p100;1960;39409.0;751;m
RS;npopul751m;p0p100;1961;40217.0;751;m
RS;npopul751m;p0p100;1962;41093.0;751;m
RS;npopul751m;p0p100;1963;41827.0;751;m
RS;npopul751m;p0p100;1964;42048.0;751;m
RS;npopul751m;p0p100;1965;41659.0;751;m
RS;npopul751m;p0p100;1966;40728.0;751;m
RS;npopul751m;p0p100;1967;39198.0;751;m
RS;npopul751m;p0p100;1968;38043.0;751;m
RS;npopul751m;p0p100;1969;38397.0;751;m
RS;npopul751m;p0p100;1970;40676.0;751;m
RS;npopul751m;p0p100;1971;44401.0;751;m
RS;npopul751m;p0p100;1972;49083.0;751;m
RS;npopul751m;p0p100;1973;53999.0;751;m
RS;npopul751m;p0p100;1974;58389.0;751;m
RS;npopul751m;p0p100;1975;62030.0;751;m
RS;npopul751m;p0p100;1976;64987.0;751;m
RS;npopul751m;p0p100;1977;67200.0;751;m
RS;npopul751m;p0p100;1978;69135.0;751;m
RS;npopul751m;p0p100;1979;71281.0;751;m
RS;npopul751m;p0p100;1980;73824.0;751;m
RS;npopul751m;p0p100;1981;76556.0;751;m
RS;npopul751m;p0p100;1982;79368.0;751;m
RS;npopul751m;p0p100;1983;81645.0;751;m
RS;npopul751m;p0p100;1984;82484.0;751;m
RS;npopul751m;p0p100;1985;81584.0;751;m
RS;npopul751m;p0p100;1986;79323.0;751;m
RS;npopul751m;p0p100;1987;76188.0;751;m
RS;npopul751m;p0p100;1988;72662.0;751;m
RS;npopul751m;p0p100;1989;68876.0;751;m
RS;npopul751m;p0p100;1990;64897.0;751;m
RS;npopul751m;p0p100;1991;60738.0;751;m
RS;npopul751m;p0p100;1992;55960.0;751;m
RS;npopul751m;p0p100;1993;52271.0;751;m
RS;npopul751m;p0p100;1994;51765.0;751;m
RS;npopul751m;p0p100;1995;55162.0;751;m
RS;npopul751m;p0p100;1996;61345.0;751;m
RS;npopul751m;p0p100;1997;69255.0;751;m
RS;npopul751m;p0p100;1998;77713.0;751;m
RS;npopul751m;p0p100;1999;67447.0;751;m
RS;npopul751m;p0p100;2000;73699.0;751;m
RS;npopul751m;p0p100;2001;79473.0;751;m
RS;npopul751m;p0p100;2002;84798.0;751;m
RS;npopul751m;p0p100;2003;89227.0;751;m
RS;npopul751m;p0p100;2004;92737.0;751;m
RS;npopul751m;p0p100;2005;95265.0;751;m
RS;npopul751m;p0p100;2006;98073.0;751;m
RS;npopul751m;p0p100;2007;100342.0;751;m
RS;npopul751m;p0p100;2008;102190.0;751;m
RS;npopul751m;p0p100;2009;103660.0;751;m
RS;npopul751m;p0p100;2010;104740.0;751;m
RS;npopul751m;p0p100;2011;104889.0;751;m
RS;npopul751m;p0p100;2012;105327.0;751;m
RS;npopul751m;p0p100;2013;105471.0;751;m
RS;npopul751m;p0p100;2014;104755.0;751;m
RS;npopul751m;p0p100;2015;103009.0;751;m
RS;npopul751m;p0p100;2016;98056.0;751;m
RS;npopul751m;p0p100;2017;92216.0;751;m
RS;npopul751m;p0p100;2018;87201.0;751;m
RS;npopul751m;p0p100;2019;85471.0;751;m
RS;scainc992j;p11p12;1990;0.0024000001;992;j
RS;scainc992j;p11p12;1991;0.0024999999;992;j
RS;scainc992j;p11p12;1992;0.0024999999;992;j
RS;scainc992j;p11p12;1993;0.0026;992;j
RS;scainc992j;p11p12;1994;0.0026;992;j
RS;scainc992j;p11p12;1995;0.0027000001;992;j
RS;scainc992j;p11p12;1996;0.0027000001;992;j
RS;scainc992j;p11p12;1997;0.0027999999;992;j
RS;scainc992j;p11p12;1998;0.0031000001;992;j
RS;scainc992j;p11p12;1999;0.0031000001;992;j
RS;scainc992j;p11p12;2000;0.003;992;j
RS;scainc992j;p11p12;2001;0.003;992;j
RS;scainc992j;p11p12;2002;0.0026;992;j
RS;scainc992j;p11p12;2003;0.0024000001;992;j
RS;scainc992j;p11p12;2004;0.0020000001;992;j
RS;scainc992j;p11p12;2005;0.0018;992;j
RS;scainc992j;p11p12;2006;0.0016;992;j
RS;scainc992j;p11p12;2007;0.0014;992;j
RS;scainc992j;p11p12;2008;0.0013;992;j
RS;scainc992j;p11p12;2009;0.0013;992;j
RS;scainc992j;p11p12;2010;0.001;992;j
RS;scainc992j;p11p12;2011;0.0008;992;j
RS;scainc992j;p11p12;2012;0.0007;992;j
RS;scainc992j;p11p12;2013;0.001;992;j
RS;scainc992j;p11p12;2014;0.0017;992;j
RS;scainc992j;p11p12;2015;0.0012000001;992;j
RS;scainc992j;p11p12;2016;0.0012000001;992;j
RS;scainc992j;p11p12;2017;0.0012000001;992;j
RS;scainc992j;p20p21;1990;0.0038000001;992;j
RS;scainc992j;p20p21;1991;0.0038999999;992;j
RS;scainc992j;p20p21;1992;0.0040000002;992;j
RS;scainc992j;p20p21;1993;0.0040000002;992;j
RS;scainc992j;p20p21;1994;0.0041;992;j
RS;scainc992j;p20p21;1995;0.0041999999;992;j
RS;scainc992j;p20p21;1996;0.0043000001;992;j
RS;scainc992j;p20p21;1997;0.0043000001;992;j
RS;scainc992j;p20p21;1998;0.0046000001;992;j
RS;scainc992j;p20p21;1999;0.0044999998;992;j
RS;scainc992j;p20p21;2000;0.0044999998;992;j
RS;scainc992j;p20p21;2001;0.0044999998;992;j
RS;scainc992j;p20p21;2002;0.0041999999;992;j
RS;scainc992j;p20p21;2003;0.0041;992;j
RS;scainc992j;p20p21;2004;0.0038000001;992;j
RS;scainc992j;p20p21;2005;0.0037;992;j
RS;scainc992j;p20p21;2006;0.0034;992;j
RS;scainc992j;p20p21;2007;0.0034;992;j
RS;scainc992j;p20p21;2008;0.0031999999;992;j
RS;scainc992j;p20p21;2009;0.0029;992;j
RS;scainc992j;p20p21;2010;0.0026;992;j
RS;scainc992j;p20p21;2011;0.0023000001;992;j
RS;scainc992j;p20p21;2012;0.0023000001;992;j
RS;scainc992j;p20p21;2013;0.0018;992;j
RS;scainc992j;p20p21;2014;0.0024999999;992;j
RS;scainc992j;p20p21;2015;0.0020000001;992;j
RS;scainc992j;p20p21;2016;0.0020000001;992;j
RS;scainc992j;p20p21;2017;0.0020000001;992;j
RS;scainc992j;p36p100;1990;0.87589997;992;j
RS;scainc992j;p36p100;1991;0.87449998;992;j
RS;scainc992j;p36p100;1992;0.87309998;992;j
RS;scainc992j;p36p100;1993;0.87159997;992;j
RS;scainc992j;p36p100;1994;0.87010002;992;j
RS;scainc992j;p36p100;1995;0.86870003;992;j
RS;scainc992j;p36p100;1996;0.86699998;992;j
RS;scainc992j;p36p100;1997;0.8653;992;j
RS;scainc992j;p36p100;1998;0.86080003;992;j
RS;scainc992j;p36p100;1999;0.86080003;992;j
RS;scainc992j;p36p100;2000;0.86299998;992;j
RS;scainc992j;p36p100;2001;0.86400002;992;j
RS;scainc992j;p36p100;2002;0.87410003;992;j
RS;scainc992j;p36p100;2003;0.87650001;992;j
RS;scainc992j;p36p100;2004;0.88550001;992;j
RS;scainc992j;p36p100;2005;0.88889998;992;j
RS;scainc992j;p36p100;2006;0.89609998;992;j
RS;scainc992j;p36p100;2007;0.89960003;992;j
RS;scainc992j;p36p100;2008;0.903;992;j
RS;scainc992j;p36p100;2009;0.90630001;992;j
RS;scainc992j;p36p100;2010;0.91420001;992;j
RS;scainc992j;p36p100;2011;0.92159998;992;j
RS;scainc992j;p36p100;2012;0.92309999;992;j
RS;scainc992j;p36p100;2013;0.92570001;992;j
RS;scainc992j;p36p100;2014;0.9059;992;j
RS;scainc992j;p36p100;2015;0.92030001;992;j
RS;scainc992j;p36p100;2016;0.92019999;992;j
RS;scainc992j;p36p100;2017;0.92030001;992;j
RS;scainc992j;p39p100;1990;0.85600001;992;j
RS;scainc992j;p39p100;1991;0.85460001;992;j
RS;scainc992j;p39p100;1992;0.85299999;992;j
RS;scainc992j;p39p100;1993;0.85149997;992;j
RS;scainc992j;p39p100;1994;0.85000002;992;j
RS;scainc992j;p39p100;1995;0.84850001;992;j
RS;scainc992j;p39p100;1996;0.84670001;992;j
RS;scainc992j;p39p100;1997;0.84490001;992;j
RS;scainc992j;p39p100;1998;0.84109998;992;j
RS;scainc992j;p39p100;1999;0.84100002;992;j
RS;scainc992j;p39p100;2000;0.84350002;992;j
RS;scainc992j;p39p100;2001;0.84450001;992;j
RS;scainc992j;p39p100;2002;0.85500002;992;j
RS;scainc992j;p39p100;2003;0.85750002;992;j
RS;scainc992j;p39p100;2004;0.86680001;992;j
RS;scainc992j;p39p100;2005;0.87059999;992;j
RS;scainc992j;p39p100;2006;0.87819999;992;j
RS;scainc992j;p39p100;2007;0.8818;992;j
RS;scainc992j;p39p100;2008;0.8854;992;j
RS;scainc992j;p39p100;2009;0.88889998;992;j
RS;scainc992j;p39p100;2010;0.8973;992;j
RS;scainc992j;p39p100;2011;0.9052;992;j
RS;scainc992j;p39p100;2012;0.90700001;992;j
RS;scainc992j;p39p100;2013;0.91009998;992;j
RS;scainc992j;p39p100;2014;0.8901;992;j
RS;scainc992j;p39p100;2015;0.9048;992;j
RS;scainc992j;p39p100;2016;0.9048;992;j
RS;scainc992j;p39p100;2017;0.90490001;992;j
RS;scainc992j;p98p100;1990;0.1138;992;j
RS;scainc992j;p98p100;1991;0.1123;992;j
RS;scainc992j;p98p100;1992;0.1109;992;j
RS;scainc992j;p98p100;1993;0.1104;992;j
RS;scainc992j;p98p100;1994;0.11;992;j
RS;scainc992j;p98p100;1995;0.1096;992;j
RS;scainc992j;p98p100;1996;0.1084;992;j
RS;scainc992j;p98p100;1997;0.1071;992;j
RS;scainc992j;p98p100;1998;0.1095;992;j
RS;scainc992j;p98p100;1999;0.1155;992;j
RS;scainc992j;p98p100;2000;0.1218;992;j
RS;scainc992j;p98p100;2001;0.1269;992;j
RS;scainc992j;p98p100;2002;0.1295;992;j
RS;scainc992j;p98p100;2003;0.1286;992;j
RS;scainc992j;p98p100;2004;0.1305;992;j
RS;scainc992j;p98p100;2005;0.1348;992;j
RS;scainc992j;p98p100;2006;0.1371;992;j
RS;scainc992j;p98p100;2007;0.13330001;992;j
RS;scainc992j;p98p100;2008;0.13249999;992;j
RS;scainc992j;p98p100;2009;0.1388;992;j
RS;scainc992j;p98p100;2010;0.14210001;992;j
RS;scainc992j;p98p100;2011;0.1452;992;j
RS;scainc992j;p98p100;2012;0.1582;992;j
RS;scainc992j;p98p100;2013;0.14910001;992;j
RS;scainc992j;p98p100;2014;0.1663;992;j
RS;scainc992j;p98p100;2015;0.19660001;992;j
RS;scainc992j;p98p100;2016;0.19660001;992;j
RS;scainc992j;p98p100;2017;0.19670001;992;j
RS;sdiinc992j;p26p100;1990;0.91820002;992;j
RS;sdiinc992j;p26p100;1991;0.9174;992;j
RS;sdiinc992j;p26p100;1992;0.91659999;992;j
RS;sdiinc992j;p26p100;1993;0.91570002;992;j
RS;sdiinc992j;p26p100;1994;0.91479999;992;j
RS;sdiinc992j;p26p100;1995;0.91390002;992;j
RS;sdiinc992j;p26p100;1996;0.91289997;992;j
RS;sdiinc992j;p26p100;1997;0.91170001;992;j
RS;sdiinc992j;p26p100;1998;0.90920001;992;j
RS;sdiinc992j;p26p100;1999;0.91079998;992;j
RS;sdiinc992j;p26p100;2000;0.91109997;992;j
RS;sdiinc992j;p26p100;2001;0.91140002;992;j
RS;sdiinc992j;p26p100;2002;0.91799998;992;j
RS;sdiinc992j;p26p100;2003;0.91949999;992;j
RS;sdiinc992j;p26p100;2004;0.92650002;992;j
RS;sdiinc992j;p26p100;2005;0.92879999;992;j
RS;sdiinc992j;p26p100;2006;0.93379998;992;j
RS;sdiinc992j;p26p100;2007;0.93519998;992;j
RS;sdiinc992j;p26p100;2008;0.93690002;992;j
RS;sdiinc992j;p26p100;2009;0.93910003;992;j
RS;sdiinc992j;p26p100;2010;0.9436;992;j
RS;sdiinc992j;p26p100;2011;0.949;992;j
RS;sdiinc992j;p26p100;2012;0.94940001;992;j
RS;sdiinc992j;p26p100;2013;0.949;992;j
RS;sdiinc992j;p26p100;2014;0.93269998;992;j
RS;sdiinc992j;p26p100;2015;0.94340003;992;j
RS;sdiinc992j;p26p100;2016;0.94590002;992;j
RS;sdiinc992j;p26p100;2017;0.94620001;992;j
RS;sdiinc992j;p62p100;1990;0.64179999;992;j
RS;sdiinc992j;p62p100;1991;0.63999999;992;j
RS;sdiinc992j;p62p100;1992;0.6383;992;j
RS;sdiinc992j;p62p100;1993;0.63679999;992;j
RS;sdiinc992j;p62p100;1994;0.63529998;992;j
RS;sdiinc992j;p62p100;1995;0.63380003;992;j
RS;sdiinc992j;p62p100;1996;0.63169998;992;j
RS;sdiinc992j;p62p100;1997;0.62919998;992;j
RS;sdiinc992j;p62p100;1998;0.6322;992;j
RS;sdiinc992j;p62p100;1999;0.6365;992;j
RS;sdiinc992j;p62p100;2000;0.63800001;992;j
RS;sdiinc992j;p62p100;2001;0.63950002;992;j
RS;sdiinc992j;p62p100;2002;0.64719999;992;j
RS;sdiinc992j;p62p100;2003;0.65030003;992;j
RS;sdiinc992j;p62p100;2004;0.66049999;992;j
RS;sdiinc992j;p62p100;2005;0.667;992;j
RS;sdiinc992j;p62p100;2006;0.67510003;992;j
RS;sdiinc992j;p62p100;2007;0.67580003;992;j
RS;sdiinc992j;p62p100;2008;0.67949998;992;j
RS;sdiinc992j;p62p100;2009;0.68519998;992;j
RS;sdiinc992j;p62p100;2010;0.69550002;992;j
RS;sdiinc992j;p62p100;2011;0.70590001;992;j
RS;sdiinc992j;p62p100;2012;0.70880002;992;j
RS;sdiinc992j;p62p100;2013;0.71160001;992;j
RS;sdiinc992j;p62p100;2014;0.6954;992;j
RS;sdiinc992j;p62p100;2015;0.71160001;992;j
RS;sdiinc992j;p62p100;2016;0.71579999;992;j
RS;sdiinc992j;p62p100;2017;0.71640003;992;j
RS;sdiinc992j;p84p85;1990;0.0151;992;j
RS;sdiinc992j;p84p85;1991;0.015;992;j
RS;sdiinc992j;p84p85;1992;0.015;992;j
RS;sdiinc992j;p84p85;1993;0.0149;992;j
RS;sdiinc992j;p84p85;1994;0.0148;992;j
RS;sdiinc992j;p84p85;1995;0.0148;992;j
RS;sdiinc992j;p84p85;1996;0.0147;992;j
RS;sdiinc992j;p84p85;1997;0.0146;992;j
RS;sdiinc992j;p84p85;1998;0.0145;992;j
RS;sdiinc992j;p84p85;1999;0.0144;992;j
RS;sdiinc992j;p84p85;2000;0.0142;992;j
RS;sdiinc992j;p84p85;2001;0.0141;992;j
RS;sdiinc992j;p84p85;2002;0.0142;992;j
RS;sdiinc992j;p84p85;2003;0.0144;992;j
RS;sdiinc992j;p84p85;2004;0.0146;992;j
RS;sdiinc992j;p84p85;2005;0.0147;992;j
RS;sdiinc992j;p84p85;2006;0.0149;992;j
RS;sdiinc992j;p84p85;2007;0.0151;992;j
RS;sdiinc992j;p84p85;2008;0.0152;992;j
RS;sdiinc992j;p84p85;2009;0.0153;992;j
RS;sdiinc992j;p84p85;2010;0.0154;992;j
RS;sdiinc992j;p84p85;2011;0.0156;992;j
RS;sdiinc992j;p84p85;2012;0.0156;992;j
RS;sdiinc992j;p84p85;2013;0.016000001;992;j
RS;sdiinc992j;p84p85;2014;0.015;992;j
RS;sdiinc992j;p84p85;2015;0.0146;992;j
RS;sdiinc992j;p84p85;2016;0.0147;992;j
RS;sdiinc992j;p84p85;2017;0.0147;992;j
RS;sdiinc992j;p99.93p100;1990;0.02;992;j
RS;sdiinc992j;p99.93p100;1991;0.019099999;992;j
RS;sdiinc992j;p99.93p100;1992;0.018100001;992;j
RS;sdiinc992j;p99.93p100;1993;0.0175;992;j
RS;sdiinc992j;p99.93p100;1994;0.017000001;992;j
RS;sdiinc992j;p99.93p100;1995;0.0167;992;j
RS;sdiinc992j;p99.93p100;1996;0.0162;992;j
RS;sdiinc992j;p99.93p100;1997;0.0156;992;j
RS;sdiinc992j;p99.93p100;1998;0.0166;992;j
RS;sdiinc992j;p99.93p100;1999;0.019400001;992;j
RS;sdiinc992j;p99.93p100;2000;0.0206;992;j
RS;sdiinc992j;p99.93p100;2001;0.023;992;j
RS;sdiinc992j;p99.93p100;2002;0.0221;992;j
RS;sdiinc992j;p99.93p100;2003;0.0219;992;j
RS;sdiinc992j;p99.93p100;2004;0.0222;992;j
RS;sdiinc992j;p99.93p100;2005;0.023700001;992;j
RS;sdiinc992j;p99.93p100;2006;0.022700001;992;j
RS;sdiinc992j;p99.93p100;2007;0.020300001;992;j
RS;sdiinc992j;p99.93p100;2008;0.0187;992;j
RS;sdiinc992j;p99.93p100;2009;0.0218;992;j
RS;sdiinc992j;p99.93p100;2010;0.021299999;992;j
RS;sdiinc992j;p99.93p100;2011;0.021299999;992;j
RS;sdiinc992j;p99.93p100;2012;0.029100001;992;j
RS;sdiinc992j;p99.93p100;2013;0.023700001;992;j
RS;sdiinc992j;p99.93p100;2014;0.037799999;992;j
RS;sdiinc992j;p99.93p100;2015;0.056200001;992;j
RS;sdiinc992j;p99.93p100;2016;0.056899998;992;j
RS;sdiinc992j;p99.93p100;2017;0.057100002;992;j
RS;sptinc992j;p21p22;1990;0.0035000001;992;j
RS;sptinc992j;p21p22;1991;0.0035000001;992;j
RS;sptinc992j;p21p22;1992;0.0035000001;992;j
RS;sptinc992j;p21p22;1993;0.0035000001;992;j
RS;sptinc992j;p21p22;1994;0.0035000001;992;j
RS;sptinc992j;p21p22;1995;0.0035000001;992;j
RS;sptinc992j;p21p22;1996;0.0034;992;j
RS;sptinc992j;p21p22;1997;0.0034;992;j
RS;sptinc992j;p21p22;1998;0.0035999999;992;j
RS;sptinc992j;p21p22;1999;0.0035999999;992;j
RS;sptinc992j;p21p22;2000;0.0035000001;992;j
RS;sptinc992j;p21p22;2001;0.0035000001;992;j
RS;sptinc992j;p21p22;2002;0.0031999999;992;j
RS;sptinc992j;p21p22;2003;0.0031999999;992;j
RS;sptinc992j;p21p22;2004;0.003;992;j
RS;sptinc992j;p21p22;2005;0.0029;992;j
RS;sptinc992j;p21p22;2006;0.0027000001;992;j
RS;sptinc992j;p21p22;2007;0.0026;992;j
RS;sptinc992j;p21p22;2008;0.0024000001;992;j
RS;sptinc992j;p21p22;2009;0.0022;992;j
RS;sptinc992j;p21p22;2010;0.0020000001;992;j
RS;sptinc992j;p21p22;2011;0.0017;992;j
RS;sptinc992j;p21p22;2012;0.0015;992;j
RS;sptinc992j;p21p22;2013;0.0015;992;j
RS;sptinc992j;p21p22;2014;0.0015;992;j
RS;sptinc992j;p21p22;2015;0.0015;992;j
RS;sptinc992j;p21p22;2016;0.0015;992;j
RS;sptinc992j;p21p22;2017;0.0015;992;j
RS;sptinc992j;p61p100;1990;0.6857;992;j
RS;sptinc992j;p61p100;1991;0.68669999;992;j
RS;sptinc992j;p61p100;1992;0.68769997;992;j
RS;sptinc992j;p61p100;1993;0.68870002;992;j
RS;sptinc992j;p61p100;1994;0.68970001;992;j
RS;sptinc992j;p61p100;1995;0.69069999;992;j
RS;sptinc992j;p61p100;1996;0.69129997;992;j
RS;sptinc992j;p61p100;1997;0.69199997;992;j
RS;sptinc992j;p61p100;1998;0.69129997;992;j
RS;sptinc992j;p61p100;1999;0.69190001;992;j
RS;sptinc992j;p61p100;2000;0.69620001;992;j
RS;sptinc992j;p61p100;2001;0.69749999;992;j
RS;sptinc992j;p61p100;2002;0.70630002;992;j
RS;sptinc992j;p61p100;2003;0.71030003;992;j
RS;sptinc992j;p61p100;2004;0.71890002;992;j
RS;sptinc992j;p61p100;2005;0.72680002;992;j
RS;sptinc992j;p61p100;2006;0.73360002;992;j
RS;sptinc992j;p61p100;2007;0.73509997;992;j
RS;sptinc992j;p61p100;2008;0.74190003;992;j
RS;sptinc992j;p61p100;2009;0.74669999;992;j
RS;sptinc992j;p61p100;2010;0.75520003;992;j
RS;sptinc992j;p61p100;2011;0.76529998;992;j
RS;sptinc992j;p61p100;2012;0.7676;992;j
RS;sptinc992j;p61p100;2013;0.76639998;992;j
RS;sptinc992j;p61p100;2014;0.7744;992;j
RS;sptinc992j;p61p100;2015;0.76670003;992;j
RS;sptinc992j;p61p100;2016;0.76670003;992;j
RS;sptinc992j;p61p100;2017;0.76700002;992;j
RS;sptinc992j;p99.995p99.996;1990;0.0006;992;j
RS;sptinc992j;p99.995p99.996;1991;0.0007;992;j
RS;sptinc992j;p99.995p99.996;1992;0.0007;992;j
RS;sptinc992j;p99.995p99.996;1993;0.0007;992;j
RS;sptinc992j;p99.995p99.996;1994;0.0007;992;j
RS;sptinc992j;p99.995p99.996;1995;0.0007;992;j
RS;sptinc992j;p99.995p99.996;1996;0.0008;992;j
RS;sptinc992j;p99.995p99.996;1997;0.0008;992;j
RS;sptinc992j;p99.995p99.996;1998;0.0008;992;j
RS;sptinc992j;p99.995p99.996;1999;0.0008;992;j
RS;sptinc992j;p99.995p99.996;2000;0.0009;992;j
RS;sptinc992j;p99.995p99.996;2001;0.001;992;j
RS;sptinc992j;p99.995p99.996;2002;0.0009;992;j
RS;sptinc992j;p99.995p99.996;2003;0.0009;992;j
RS;sptinc992j;p99.995p99.996;2004;0.001;992;j
RS;sptinc992j;p99.995p99.996;2005;0.0009;992;j
RS;sptinc992j;p99.995p99.996;2006;0.0009;992;j
RS;sptinc992j;p99.995p99.996;2007;0.0009;992;j
RS;sptinc992j;p99.995p99.996;2008;0.0009;992;j
RS;sptinc992j;p99.995p99.996;2009;0.0009;992;j
RS;sptinc992j;p99.995p99.996;2010;0.0008;992;j
RS;sptinc992j;p99.995p99.996;2011;0.0009;992;j
RS;sptinc992j;p99.995p99.996;2012;0.0007;992;j
RS;sptinc992j;p99.995p99.996;2013;0.0008;992;j
RS;sptinc992j;p99.995p99.996;2014;0.0012000001;992;j
RS;sptinc992j;p99.995p99.996;2015;0.0012000001;992;j
RS;sptinc992j;p99.995p99.996;2016;0.0012000001;992;j
RS;sptinc992j;p99.995p99.996;2017;0.0012000001;992;j
RS;tcainc992j;p8p9;1990;95128.102;992;j
RS;tcainc992j;p8p9;1991;83864.898;992;j
RS;tcainc992j;p8p9;1992;58782.0;992;j
RS;tcainc992j;p8p9;1993;38822.898;992;j
RS;tcainc992j;p8p9;1994;40832.301;992;j
RS;tcainc992j;p8p9;1995;43524.102;992;j
RS;tcainc992j;p8p9;1996;44899.301;992;j
RS;tcainc992j;p8p9;1997;48278.0;992;j
RS;tcainc992j;p8p9;1998;58437.801;992;j
RS;tcainc992j;p8p9;1999;68126.703;992;j
RS;tcainc992j;p8p9;2000;69906.5;992;j
RS;tcainc992j;p8p9;2001;67632.398;992;j
RS;tcainc992j;p8p9;2002;54264.102;992;j
RS;tcainc992j;p8p9;2003;56234.699;992;j
RS;tcainc992j;p8p9;2004;54340.102;992;j
RS;tcainc992j;p8p9;2005;58640.301;992;j
RS;tcainc992j;p8p9;2006;51985.0;992;j
RS;tcainc992j;p8p9;2007;39507.102;992;j
RS;tcainc992j;p8p9;2008;42941.301;992;j
RS;tcainc992j;p8p9;2009;40937.199;992;j
RS;tcainc992j;p8p9;2010;37858.898;992;j
RS;tcainc992j;p8p9;2011;32720.801;992;j
RS;tcainc992j;p8p9;2012;23998.5;992;j
RS;tcainc992j;p8p9;2013;45480.602;992;j
RS;tcainc992j;p8p9;2014;82673.797;992;j
RS;tcainc992j;p8p9;2015;57620.0;992;j
RS;tcainc992j;p8p9;2016;59866.5;992;j
RS;tcainc992j;p8p9;2017;59790.699;992;j
RS;tcainc992j;p91p100;1990;940635.0;992;j
RS;tcainc992j;p91p100;1991;815618.38;992;j
RS;tcainc992j;p91p100;1992;557472.88;992;j
RS;tcainc992j;p91p100;1993;360062.31;992;j
RS;tcainc992j;p91p100;1994;369634.69;992;j
RS;tcainc992j;p91p100;1995;388779.19;992;j
RS;tcainc992j;p91p100;1996;390978.41;992;j
RS;tcainc992j;p91p100;1997;411505.0;992;j
RS;tcainc992j;p91p100;1998;452254.09;992;j
RS;tcainc992j;p91p100;1999;513231.59;992;j
RS;tcainc992j;p91p100;2000;553509.69;992;j
RS;tcainc992j;p91p100;2001;538302.88;992;j
RS;tcainc992j;p91p100;2002;570132.38;992;j
RS;tcainc992j;p91p100;2003;611565.69;992;j
RS;tcainc992j;p91p100;2004;751113.31;992;j
RS;tcainc992j;p91p100;2005;867817.88;992;j
RS;tcainc992j;p91p100;2006;927514.0;992;j
RS;tcainc992j;p91p100;2007;937034.88;992;j
RS;tcainc992j;p91p100;2008;1011667.4;992;j
RS;tcainc992j;p91p100;2009;1002303.6;992;j
RS;tcainc992j;p91p100;2010;1033924.4;992;j
RS;tcainc992j;p91p100;2011;1066467.4;992;j
RS;tcainc992j;p91p100;2012;1031748.1;992;j
RS;tcainc992j;p91p100;2013;1073227.8;992;j
RS;tcainc992j;p91p100;2014;994666.13;992;j
RS;tcainc992j;p91p100;2015;982874.38;992;j
RS;tcainc992j;p91p100;2016;1019424.0;992;j
RS;tcainc992j;p91p100;2017;1020476.1;992;j
RS;tcainc992j;p98p100;1990;1582584.5;992;j
RS;tcainc992j;p98p100;1991;1374570.6;992;j
RS;tcainc992j;p98p100;1992;945246.63;992;j
RS;tcainc992j;p98p100;1993;615848.88;992;j
RS;tcainc992j;p98p100;1994;635432.69;992;j
RS;tcainc992j;p98p100;1995;671792.13;992;j
RS;tcainc992j;p98p100;1996;675210.19;992;j
RS;tcainc992j;p98p100;1997;710463.31;992;j
RS;tcainc992j;p98p100;1998;786567.81;992;j
RS;tcainc992j;p98p100;1999;905864.69;992;j
RS;tcainc992j;p98p100;2000;1016348.8;992;j
RS;tcainc992j;p98p100;2001;997313.88;992;j
RS;tcainc992j;p98p100;2002;1078235.8;992;j
RS;tcainc992j;p98p100;2003;1136134.0;992;j
RS;tcainc992j;p98p100;2004;1382476.9;992;j
RS;tcainc992j;p98p100;2005;1601191.6;992;j
RS;tcainc992j;p98p100;2006;1751339.9;992;j
RS;tcainc992j;p98p100;2007;1759025.8;992;j
RS;tcainc992j;p98p100;2008;1923187.8;992;j
RS;tcainc992j;p98p100;2009;1909938.4;992;j
RS;tcainc992j;p98p100;2010;1993337.9;992;j
RS;tcainc992j;p98p100;2011;2074445.4;992;j
RS;tcainc992j;p98p100;2012;2029398.8;992;j
RS;tcainc992j;p98p100;2013;2097863.8;992;j
RS;tcainc992j;p98p100;2014;1926565.3;992;j
RS;tcainc992j;p98p100;2015;1962491.3;992;j
RS;tcainc992j;p98p100;2016;2035226.8;992;j
RS;tcainc992j;p98p100;2017;2037076.5;992;j
RS;tdiinc992j;p33p34;1990;456302.5;992;j
RS;tdiinc992j;p33p34;1991;398104.41;992;j
RS;tdiinc992j;p33p34;1992;273982.91;992;j
RS;tdiinc992j;p33p34;1993;178457.5;992;j
RS;tdiinc992j;p33p34;1994;184523.2;992;j
RS;tdiinc992j;p33p34;1995;195769.59;992;j
RS;tdiinc992j;p33p34;1996;198539.2;992;j
RS;tdiinc992j;p33p34;1997;211955.59;992;j
RS;tdiinc992j;p33p34;1998;217563.2;992;j
RS;tdiinc992j;p33p34;1999;236949.09;992;j
RS;tdiinc992j;p33p34;2000;259621.0;992;j
RS;tdiinc992j;p33p34;2001;258425.41;992;j
RS;tdiinc992j;p33p34;2002;276185.5;992;j
RS;tdiinc992j;p33p34;2003;288228.41;992;j
RS;tdiinc992j;p33p34;2004;318644.5;992;j
RS;tdiinc992j;p33p34;2005;348217.81;992;j
RS;tdiinc992j;p33p34;2006;359356.81;992;j
RS;tdiinc992j;p33p34;2007;370186.31;992;j
RS;tdiinc992j;p33p34;2008;389173.91;992;j
RS;tdiinc992j;p33p34;2009;372646.41;992;j
RS;tdiinc992j;p33p34;2010;362567.31;992;j
RS;tdiinc992j;p33p34;2011;348638.69;992;j
RS;tdiinc992j;p33p34;2012;342492.31;992;j
RS;tdiinc992j;p33p34;2013;335679.69;992;j
RS;tdiinc992j;p33p34;2014;335562.41;992;j
RS;tdiinc992j;p33p34;2015;327287.09;992;j
RS;tdiinc992j;p33p34;2016;332732.41;992;j
RS;tdiinc992j;p33p34;2017;334221.09;992;j
RS;tptinc992j;p30p40;1990;379099.41;992;j
RS;tptinc992j;p30p40;1991;329844.41;992;j
RS;tptinc992j;p30p40;1992;225777.09;992;j
RS;tptinc992j;p30p40;1993;146772.8;992;j
RS;tptinc992j;p30p40;1994;151205.8;992;j
RS;tptinc992j;p30p40;1995;159442.59;992;j
RS;tptinc992j;p30p40;1996;160955.09;992;j
RS;tptinc992j;p30p40;1997;170634.5;992;j
RS;tptinc992j;p30p40;1998;178784.7;992;j
RS;tptinc992j;p30p40;1999;194361.8;992;j
RS;tptinc992j;p30p40;2000;211198.91;992;j
RS;tptinc992j;p30p40;2001;210244.0;992;j
RS;tptinc992j;p30p40;2002;221361.5;992;j
RS;tptinc992j;p30p40;2003;225139.0;992;j
RS;tptinc992j;p30p40;2004;244497.5;992;j
RS;tptinc992j;p30p40;2005;263638.31;992;j
RS;tptinc992j;p30p40;2006;267126.91;992;j
RS;tptinc992j;p30p40;2007;276108.91;992;j
RS;tptinc992j;p30p40;2008;284858.31;992;j
RS;tptinc992j;p30p40;2009;271995.19;992;j
RS;tptinc992j;p30p40;2010;260772.09;992;j
RS;tptinc992j;p30p40;2011;245259.59;992;j
RS;tptinc992j;p30p40;2012;241610.8;992;j
RS;tptinc992j;p30p40;2013;248883.41;992;j
RS;tptinc992j;p30p40;2014;232349.3;992;j
RS;tptinc992j;p30p40;2015;253589.59;992;j
RS;tptinc992j;p30p40;2016;261439.41;992;j
RS;tptinc992j;p30p40;2017;262776.91;992;j
RS;tptinc992j;p39p40;1990;482844.41;992;j
RS;tptinc992j;p39p40;1991;416268.69;992;j
RS;tptinc992j;p39p40;1992;283452.81;992;j
RS;tptinc992j;p39p40;1993;182719.5;992;j
RS;tptinc992j;p39p40;1994;186760.5;992;j
RS;tptinc992j;p39p40;1995;195827.0;992;j
RS;tptinc992j;p39p40;1996;196415.0;992;j
RS;tptinc992j;p39p40;1997;207117.8;992;j
RS;tptinc992j;p39p40;1998;211990.2;992;j
RS;tptinc992j;p39p40;1999;231700.09;992;j
RS;tptinc992j;p39p40;2000;251962.3;992;j
RS;tptinc992j;p39p40;2001;250628.3;992;j
RS;tptinc992j;p39p40;2002;267758.0;992;j
RS;tptinc992j;p39p40;2003;278627.59;992;j
RS;tptinc992j;p39p40;2004;308063.0;992;j
RS;tptinc992j;p39p40;2005;335204.69;992;j
RS;tptinc992j;p39p40;2006;350571.59;992;j
RS;tptinc992j;p39p40;2007;365502.91;992;j
RS;tptinc992j;p39p40;2008;384221.69;992;j
RS;tptinc992j;p39p40;2009;372778.0;992;j
RS;tptinc992j;p39p40;2010;365453.41;992;j
RS;tptinc992j;p39p40;2011;353724.09;992;j
RS;tptinc992j;p39p40;2012;350760.0;992;j
RS;tptinc992j;p39p40;2013;363664.69;992;j
RS;tptinc992j;p39p40;2014;344080.5;992;j
RS;tptinc992j;p39p40;2015;358027.41;992;j
RS;tptinc992j;p39p40;2016;369037.5;992;j
RS;tptinc992j;p39p40;2017;370939.5;992;j
RS;tptinc992j;p67p100;1990;821111.81;992;j
RS;tptinc992j;p67p100;1991;708431.63;992;j
RS;tptinc992j;p67p100;1992;482687.5;992;j
RS;tptinc992j;p67p100;1993;311613.41;992;j
RS;tptinc992j;p67p100;1994;319197.09;992;j
RS;tptinc992j;p67p100;1995;335269.0;992;j
RS;tptinc992j;p67p100;1996;336871.81;992;j
RS;tptinc992j;p67p100;1997;356199.0;992;j
RS;tptinc992j;p67p100;1998;372224.5;992;j
RS;tptinc992j;p67p100;1999;403386.81;992;j
RS;tptinc992j;p67p100;2000;436884.81;992;j
RS;tptinc992j;p67p100;2001;432753.31;992;j
RS;tptinc992j;p67p100;2002;469810.19;992;j
RS;tptinc992j;p67p100;2003;491696.69;992;j
RS;tptinc992j;p67p100;2004;546597.31;992;j
RS;tptinc992j;p67p100;2005;606017.31;992;j
RS;tptinc992j;p67p100;2006;645274.88;992;j
RS;tptinc992j;p67p100;2007;676820.63;992;j
RS;tptinc992j;p67p100;2008;725613.38;992;j
RS;tptinc992j;p67p100;2009;710344.81;992;j
RS;tptinc992j;p67p100;2010;704549.19;992;j
RS;tptinc992j;p67p100;2011;703577.81;992;j
RS;tptinc992j;p67p100;2012;708791.38;992;j
RS;tptinc992j;p67p100;2013;734694.69;992;j
RS;tptinc992j;p67p100;2014;706111.88;992;j
RS;tptinc992j;p67p100;2015;714822.63;992;j
RS;tptinc992j;p67p100;2016;736618.19;992;j
RS;tptinc992j;p67p100;2017;740724.31;992;j
RS;acainc992j;p41p42;1990;369955.5;992;j
RS;acainc992j;p41p42;1991;322160.59;992;j
RS;acainc992j;p41p42;1992;221141.41;992;j
RS;acainc992j;p41p42;1993;143576.0;992;j
RS;acainc992j;p41p42;1994;148128.0;992;j
RS;acainc992j;p41p42;1995;156524.5;992;j
RS;acainc992j;p41p42;1996;158369.7;992;j
RS;acainc992j;p41p42;1997;167654.59;992;j
RS;acainc992j;p41p42;1998;179620.2;992;j
RS;acainc992j;p41p42;1999;204331.59;992;j
RS;acainc992j;p41p42;2000;220037.09;992;j
RS;acainc992j;p41p42;2001;213402.5;992;j
RS;acainc992j;p41p42;2002;221073.0;992;j
RS;acainc992j;p41p42;2003;231696.3;992;j
RS;acainc992j;p41p42;2004;273004.81;992;j
RS;acainc992j;p41p42;2005;303646.69;992;j
RS;acainc992j;p41p42;2006;314675.91;992;j
RS;acainc992j;p41p42;2007;312564.19;992;j
RS;acainc992j;p41p42;2008;331990.31;992;j
RS;acainc992j;p41p42;2009;324383.91;992;j
RS;acainc992j;p41p42;2010;316723.5;992;j
RS;acainc992j;p41p42;2011;314356.69;992;j
RS;acainc992j;p41p42;2012;306319.69;992;j
RS;acainc992j;p41p42;2013;309974.5;992;j
RS;acainc992j;p41p42;2014;306506.59;992;j
RS;acainc992j;p41p42;2015;302757.69;992;j
RS;acainc992j;p41p42;2016;313986.5;992;j
RS;acainc992j;p41p42;2017;314150.41;992;j
RS;acainc992j;p55p56;1990;472917.41;992;j
RS;acainc992j;p55p56;1991;411589.5;992;j
RS;acainc992j;p55p56;1992;282243.0;992;j
RS;acainc992j;p55p56;1993;183153.8;992;j
RS;acainc992j;p55p56;1994;188896.91;992;j
RS;acainc992j;p55p56;1995;199518.3;992;j
RS;acainc992j;p55p56;1996;201484.5;992;j
RS;acainc992j;p55p56;1997;212929.59;992;j
RS;acainc992j;p55p56;1998;231703.41;992;j
RS;acainc992j;p55p56;1999;261409.8;992;j
RS;acainc992j;p55p56;2000;281456.59;992;j
RS;acainc992j;p55p56;2001;272210.0;992;j
RS;acainc992j;p55p56;2002;283584.0;992;j
RS;acainc992j;p55p56;2003;297117.31;992;j
RS;acainc992j;p55p56;2004;352769.69;992;j
RS;acainc992j;p55p56;2005;398135.59;992;j
RS;acainc992j;p55p56;2006;417738.91;992;j
RS;acainc992j;p55p56;2007;418835.5;992;j
RS;acainc992j;p55p56;2008;445096.31;992;j
RS;acainc992j;p55p56;2009;438066.31;992;j
RS;acainc992j;p55p56;2010;432566.69;992;j
RS;acainc992j;p55p56;2011;433917.31;992;j
RS;acainc992j;p55p56;2012;430763.31;992;j
RS;acainc992j;p55p56;2013;439159.91;992;j
RS;acainc992j;p55p56;2014;421338.59;992;j
RS;acainc992j;p55p56;2015;417266.81;992;j
RS;acainc992j;p55p56;2016;432714.0;992;j
RS;acainc992j;p55p56;2017;432967.31;992;j
RS;acainc992j;p99.4p100;1990;5264623.0;992;j
RS;acainc992j;p99.4p100;1991;4463754.0;992;j
RS;acainc992j;p99.4p100;1992;2977301.0;992;j
RS;acainc992j;p99.4p100;1993;1905385.4;992;j
RS;acainc992j;p99.4p100;1994;1942060.0;992;j
RS;acainc992j;p99.4p100;1995;2032654.3;992;j
RS;acainc992j;p99.4p100;1996;2011576.1;992;j
RS;acainc992j;p99.4p100;1997;2082007.9;992;j
RS;acainc992j;p99.4p100;1998;2358060.0;992;j
RS;acainc992j;p99.4p100;1999;2932225.3;992;j
RS;acainc992j;p99.4p100;2000;3383087.0;992;j
RS;acainc992j;p99.4p100;2001;3519829.0;992;j
RS;acainc992j;p99.4p100;2002;3699353.0;992;j
RS;acainc992j;p99.4p100;2003;3862836.0;992;j
RS;acainc992j;p99.4p100;2004;4680949.5;992;j
RS;acainc992j;p99.4p100;2005;5560603.0;992;j
RS;acainc992j;p99.4p100;2006;5863568.5;992;j
RS;acainc992j;p99.4p100;2007;5557209.5;992;j
RS;acainc992j;p99.4p100;2008;5785874.5;992;j
RS;acainc992j;p99.4p100;2009;6200132.0;992;j
RS;acainc992j;p99.4p100;2010;6293648.5;992;j
RS;acainc992j;p99.4p100;2011;6447640.0;992;j
RS;acainc992j;p99.4p100;2012;7556826.0;992;j
RS;acainc992j;p99.4p100;2013;6949673.0;992;j
RS;acainc992j;p99.4p100;2014;8548433.0;992;j
RS;acainc992j;p99.4p100;2015;11055900.0;992;j
RS;acainc992j;p99.4p100;2016;11469035.0;992;j
RS;acainc992j;p99.4p100;2017;11490993.0;992;j
RS;acainc992j;p99.5p99.6;1990;3023672.3;992;j
RS;acainc992j;p99.5p99.6;1991;2607685.8;992;j
RS;acainc992j;p99.5p99.6;1992;1779244.3;992;j
RS;acainc992j;p99.5p99.6;1993;1155714.4;992;j
RS;acainc992j;p99.5p99.6;1994;1189491.3;992;j
RS;acainc992j;p99.5p99.6;1995;1255282.8;992;j
RS;acainc992j;p99.5p99.6;1996;1254632.8;992;j
RS;acainc992j;p99.5p99.6;1997;1312379.6;992;j
RS;acainc992j;p99.5p99.6;1998;1467924.6;992;j
RS;acainc992j;p99.5p99.6;1999;1743825.9;992;j
RS;acainc992j;p99.5p99.6;2000;1999835.9;992;j
RS;acainc992j;p99.5p99.6;2001;2007179.8;992;j
RS;acainc992j;p99.5p99.6;2002;2162905.5;992;j
RS;acainc992j;p99.5p99.6;2003;2260064.5;992;j
RS;acainc992j;p99.5p99.6;2004;2738142.0;992;j
RS;acainc992j;p99.5p99.6;2005;3200787.5;992;j
RS;acainc992j;p99.5p99.6;2006;3481313.5;992;j
RS;acainc992j;p99.5p99.6;2007;3419981.5;992;j
RS;acainc992j;p99.5p99.6;2008;3684482.0;992;j
RS;acainc992j;p99.5p99.6;2009;3765085.0;992;j
RS;acainc992j;p99.5p99.6;2010;3902072.0;992;j
RS;acainc992j;p99.5p99.6;2011;4046283.5;992;j
RS;acainc992j;p99.5p99.6;2012;4232946.0;992;j
RS;acainc992j;p99.5p99.6;2013;4194100.5;992;j
RS;acainc992j;p99.5p99.6;2014;4227334.0;992;j
RS;acainc992j;p99.5p99.6;2015;4654086.5;992;j
RS;acainc992j;p99.5p99.6;2016;4826323.5;992;j
RS;acainc992j;p99.5p99.6;2017;4832134.0;992;j
RS;acainc992j;p99.8p99.9;1990;5201082.0;992;j
RS;acainc992j;p99.8p99.9;1991;4443773.5;992;j
RS;acainc992j;p99.8p99.9;1992;2994676.5;992;j
RS;acainc992j;p99.8p99.9;1993;1930043.0;992;j
RS;acainc992j;p99.8p99.9;1994;1975837.6;992;j
RS;acainc992j;p99.8p99.9;1995;2075704.9;992;j
RS;acainc992j;p99.8p99.9;1996;2061569.3;992;j
RS;acainc992j;p99.8p99.9;1997;2141806.0;992;j
RS;acainc992j;p99.8p99.9;1998;2416886.0;992;j
RS;acainc992j;p99.8p99.9;1999;2957903.5;992;j
RS;acainc992j;p99.8p99.9;2000;3419141.0;992;j
RS;acainc992j;p99.8p99.9;2001;3507609.8;992;j
RS;acainc992j;p99.8p99.9;2002;3733270.8;992;j
RS;acainc992j;p99.8p99.9;2003;3892400.8;992;j
RS;acainc992j;p99.8p99.9;2004;4711818.5;992;j
RS;acainc992j;p99.8p99.9;2005;5561155.0;992;j
RS;acainc992j;p99.8p99.9;2006;5952999.0;992;j
RS;acainc992j;p99.8p99.9;2007;5715998.5;992;j
RS;acainc992j;p99.8p99.9;2008;6028162.5;992;j
RS;acainc992j;p99.8p99.9;2009;6354787.0;992;j
RS;acainc992j;p99.8p99.9;2010;6505879.0;992;j
RS;acainc992j;p99.8p99.9;2011;6697798.5;992;j
RS;acainc992j;p99.8p99.9;2012;7517330.5;992;j
RS;acainc992j;p99.8p99.9;2013;7122439.5;992;j
RS;acainc992j;p99.8p99.9;2014;7991672.5;992;j
RS;acainc992j;p99.8p99.9;2015;9457098.0;992;j
RS;acainc992j;p99.8p99.9;2016;9808251.0;992;j
RS;acainc992j;p99.8p99.9;2017;9822594.0;992;j
RS;adiinc992j;p96p97;1990;1746408.8;992;j
RS;adiinc992j;p96p97;1991;1517780.8;992;j
RS;adiinc992j;p96p97;1992;1043204.6;992;j
RS;adiinc992j;p96p97;1993;678517.63;992;j
RS;adiinc992j;p96p97;1994;699540.13;992;j
RS;adiinc992j;p96p97;1995;738921.69;992;j
RS;adiinc992j;p96p97;1996;743446.13;992;j
RS;adiinc992j;p96p97;1997;785941.19;992;j
RS;adiinc992j;p96p97;1998;837675.31;992;j
RS;adiinc992j;p96p97;1999;924107.63;992;j
RS;adiinc992j;p96p97;2000;1032064.4;992;j
RS;adiinc992j;p96p97;2001;1030753.0;992;j
RS;adiinc992j;p96p97;2002;1134992.4;992;j
RS;adiinc992j;p96p97;2003;1198014.4;992;j
RS;adiinc992j;p96p97;2004;1376450.3;992;j
RS;adiinc992j;p96p97;2005;1558760.8;992;j
RS;adiinc992j;p96p97;2006;1696331.4;992;j
RS;adiinc992j;p96p97;2007;1759963.9;992;j
RS;adiinc992j;p96p97;2008;1908407.3;992;j
RS;adiinc992j;p96p97;2009;1875779.5;992;j
RS;adiinc992j;p96p97;2010;1947158.6;992;j
RS;adiinc992j;p96p97;2011;2013429.3;992;j
RS;adiinc992j;p96p97;2012;1944102.5;992;j
RS;adiinc992j;p96p97;2013;2024194.4;992;j
RS;adiinc992j;p96p97;2014;1842004.3;992;j
RS;adiinc992j;p96p97;2015;1841638.3;992;j
RS;adiinc992j;p96p97;2016;1913739.4;992;j
RS;adiinc992j;p96p97;2017;1926855.1;992;j
RS;adiinc992j;p99.96p99.97;1990;14271890.0;992;j
RS;adiinc992j;p99.96p99.97;1991;12026748.0;992;j
RS;adiinc992j;p99.96p99.97;1992;7949129.5;992;j
RS;adiinc992j;p99.96p99.97;1993;5055578.0;992;j
RS;adiinc992j;p99.96p99.97;1994;5130308.0;992;j
RS;adiinc992j;p99.96p99.97;1995;5349129.5;992;j
RS;adiinc992j;p99.96p99.97;1996;5265020.0;992;j
RS;adiinc992j;p99.96p99.97;1997;5432853.5;992;j
RS;adiinc992j;p99.96p99.97;1998;6018221.0;992;j
RS;adiinc992j;p99.96p99.97;1999;7435987.5;992;j
RS;adiinc992j;p99.96p99.97;2000;8668546.0;992;j
RS;adiinc992j;p99.96p99.97;2001;9366098.0;992;j
RS;adiinc992j;p99.96p99.97;2002;9946773.0;992;j
RS;adiinc992j;p99.96p99.97;2003;10334828.0;992;j
RS;adiinc992j;p99.96p99.97;2004;11797288.0;992;j
RS;adiinc992j;p99.96p99.97;2005;13834264.0;992;j
RS;adiinc992j;p99.96p99.97;2006;14409004.0;992;j
RS;adiinc992j;p99.96p99.97;2007;13746956.0;992;j
RS;adiinc992j;p99.96p99.97;2008;13918641.0;992;j
RS;adiinc992j;p99.96p99.97;2009;15269818.0;992;j
RS;adiinc992j;p99.96p99.97;2010;15272489.0;992;j
RS;adiinc992j;p99.96p99.97;2011;15486628.0;992;j
RS;adiinc992j;p99.96p99.97;2012;19148776.0;992;j
RS;adiinc992j;p99.96p99.97;2013;17034146.0;992;j
RS;adiinc992j;p99.96p99.97;2014;22292510.0;992;j
RS;adiinc992j;p99.96p99.97;2015;28911738.0;992;j
RS;adiinc992j;p99.96p99.97;2016;30186902.0;992;j
RS;adiinc992j;p99.96p99.97;2017;30431432.0;992;j
RS;aftaxx992i;p0p100;1997;-593.59998;992;i
RS;aftaxx992i;p0p100;1998;-544.29999;992;i
RS;aftaxx992i;p0p100;1999;-445.5;992;i
RS;aftaxx992i;p0p100;2000;-469.89999;992;i
RS;aftaxx992i;p0p100;2001;-515.0;992;i
RS;aftaxx992i;p0p100;2002;-369.70001;992;i
RS;aftaxx992i;p0p100;2003;-376.60001;992;i
RS;aftaxx992i;p0p100;2004;-382.10001;992;i
RS;aftaxx992i;p0p100;2005;-451.89999;992;i
RS;aftaxx992i;p0p100;2006;-445.20001;992;i
RS;aftaxx992i;p0p100;2007;0.0;992;i
RS;aftaxx992i;p0p100;2008;0.0;992;i
RS;aftaxx992i;p0p100;2009;0.0;992;i
RS;aftaxx992i;p0p100;2010;0.0;992;i
RS;aftaxx992i;p0p100;2011;0.0;992;i
RS;aftaxx992i;p0p100;2012;0.0;992;i
RS;aftaxx992i;p0p100;2013;0.0;992;i
RS;aftaxx992i;p0p100;2014;0.0;992;i
RS;aftaxx992i;p0p100;2015;0.0;992;i
RS;aftaxx992i;p0p100;2016;0.0;992;i
RS;aftaxx992i;p0p100;2017;0.0;992;i
RS;aftaxx992i;p0p100;2018;0.0;992;i
RS;aptinc992j;p1p2;1990;63418.801;992;j
RS;aptinc992j;p1p2;1991;54041.398;992;j
RS;aptinc992j;p1p2;1992;36204.102;992;j
RS;aptinc992j;p1p2;1993;22915.6;992;j
RS;aptinc992j;p1p2;1994;23025.301;992;j
RS;aptinc992j;p1p2;1995;23659.4;992;j
RS;aptinc992j;p1p2;1996;23194.6;992;j
RS;aptinc992j;p1p2;1997;23768.4;992;j
RS;aptinc992j;p1p2;1998;26079.699;992;j
RS;aptinc992j;p1p2;1999;29494.301;992;j
RS;aptinc992j;p1p2;2000;31745.699;992;j
RS;aptinc992j;p1p2;2001;32270.4;992;j
RS;aptinc992j;p1p2;2002;28075.0;992;j
RS;aptinc992j;p1p2;2003;32422.801;992;j
RS;aptinc992j;p1p2;2004;33909.801;992;j
RS;aptinc992j;p1p2;2005;35914.602;992;j
RS;aptinc992j;p1p2;2006;34719.301;992;j
RS;aptinc992j;p1p2;2007;33602.0;992;j
RS;aptinc992j;p1p2;2008;30194.6;992;j
RS;aptinc992j;p1p2;2009;25267.9;992;j
RS;aptinc992j;p1p2;2010;24707.4;992;j
RS;aptinc992j;p1p2;2011;21626.0;992;j
RS;aptinc992j;p1p2;2012;20933.5;992;j
RS;aptinc992j;p1p2;2013;15758.4;992;j
RS;aptinc992j;p1p2;2014;16103.4;992;j
RS;aptinc992j;p1p2;2015;16196.4;992;j
RS;aptinc992j;p1p2;2016;16744.0;992;j
RS;aptinc992j;p1p2;2017;16674.4;992;j
RS;aptinc992j;p5p100;1990;770122.13;992;j
RS;aptinc992j;p5p100;1991;668533.13;992;j
RS;aptinc992j;p5p100;1992;457703.41;992;j
RS;aptinc992j;p5p100;1993;296735.31;992;j
RS;aptinc992j;p5p100;1994;305526.5;992;j
RS;aptinc992j;p5p100;1995;322373.59;992;j
RS;aptinc992j;p5p100;1996;324894.41;992;j
RS;aptinc992j;p5p100;1997;344343.81;992;j
RS;aptinc992j;p5p100;1998;362031.09;992;j
RS;aptinc992j;p5p100;1999;396340.19;992;j
RS;aptinc992j;p5p100;2000;435849.19;992;j
RS;aptinc992j;p5p100;2001;435091.41;992;j
RS;aptinc992j;p5p100;2002;468536.69;992;j
RS;aptinc992j;p5p100;2003;492188.31;992;j
RS;aptinc992j;p5p100;2004;554210.13;992;j
RS;aptinc992j;p5p100;2005;618233.69;992;j
RS;aptinc992j;p5p100;2006;652838.5;992;j
RS;aptinc992j;p5p100;2007;673776.31;992;j
RS;aptinc992j;p5p100;2008;717715.19;992;j
RS;aptinc992j;p5p100;2009;705262.88;992;j
RS;aptinc992j;p5p100;2010;707234.88;992;j
RS;aptinc992j;p5p100;2011;709837.13;992;j
RS;aptinc992j;p5p100;2012;708927.31;992;j
RS;aptinc992j;p5p100;2013;726235.69;992;j
RS;aptinc992j;p5p100;2014;711964.13;992;j
RS;aptinc992j;p5p100;2015;716973.0;992;j
RS;aptinc992j;p5p100;2016;739170.13;992;j
RS;aptinc992j;p5p100;2017;743550.13;992;j
RS;asegco992i;p0p100;1997;-2355.7;992;i
RS;asegco992i;p0p100;1998;35273.602;992;i
RS;asegco992i;p0p100;1999;53082.0;992;i
RS;asegco992i;p0p100;2000;65429.5;992;i
RS;asegco992i;p0p100;2001;49492.199;992;i
RS;asegco992i;p0p100;2002;40263.199;992;i
RS;asegco992i;p0p100;2003;29532.1;992;i
RS;asegco992i;p0p100;2004;63746.602;992;i
RS;asegco992i;p0p100;2005;72599.5;992;i
RS;asegco992i;p0p100;2006;78283.297;992;i
RS;asegco992i;p0p100;2007;70863.602;992;i
RS;asegco992i;p0p100;2008;70763.398;992;i
RS;asegco992i;p0p100;2009;84498.398;992;i
RS;asegco992i;p0p100;2010;85005.5;992;i
RS;asegco992i;p0p100;2011;94756.898;992;i
RS;assbhn992i;p0p100;1997;51488.9;992;i
RS;assbhn992i;p0p100;1998;67906.6;992;i
RS;assbhn992i;p0p100;1999;65052.9;992;i
RS;assbhn992i;p0p100;2000;69798.7;992;i
RS;assbhn992i;p0p100;2001;78581.7;992;i
RS;assbhn992i;p0p100;2002;102371.8;992;i
RS;assbhn992i;p0p100;2003;99000.3;992;i
RS;assbhn992i;p0p100;2004;96922.4;992;i
RS;assbhn992i;p0p100;2005;113521.4;992;i
RS;assbhn992i;p0p100;2006;129503.5;992;i
RS;assbhn992i;p0p100;2007;132942.9;992;i
RS;assbhn992i;p0p100;2008;148825.4;992;i
RS;assbhn992i;p0p100;2009;159691.5;992;i
RS;assbhn992i;p0p100;2010;158701.4;992;i
RS;assbhn992i;p0p100;2011;146013.4;992;i
RS;bcainc992j;p71p100;1990;1.6270747;992;j
RS;bcainc992j;p71p100;1991;1.6144094;992;j
RS;bcainc992j;p71p100;1992;1.6114712;992;j
RS;bcainc992j;p71p100;1993;1.607257;992;j
RS;bcainc992j;p71p100;1994;1.6042167;992;j
RS;bcainc992j;p71p100;1995;1.6011063;992;j
RS;bcainc992j;p71p100;1996;1.5935066;992;j
RS;bcainc992j;p71p100;1997;1.5865972;992;j
RS;bcainc992j;p71p100;1998;1.599077;992;j
RS;bcainc992j;p71p100;1999;1.6277301;992;j
RS;bcainc992j;p71p100;2000;1.6641744;992;j
RS;bcainc992j;p71p100;2001;1.6926875;992;j
RS;bcainc992j;p71p100;2002;1.7133338;992;j
RS;bcainc992j;p71p100;2003;1.7164679;992;j
RS;bcainc992j;p71p100;2004;1.7341813;992;j
RS;bcainc992j;p71p100;2005;1.7670598;992;j
RS;bcainc992j;p71p100;2006;1.7927543;992;j
RS;bcainc992j;p71p100;2007;1.7823366;992;j
RS;bcainc992j;p71p100;2008;1.7848669;992;j
RS;bcainc992j;p71p100;2009;1.8164265;992;j
RS;bcainc992j;p71p100;2010;1.8524919;992;j
RS;bcainc992j;p71p100;2011;1.8961687;992;j
RS;bcainc992j;p71p100;2012;1.9149642;992;j
RS;bcainc992j;p71p100;2013;1.8684704;992;j
RS;bcainc992j;p71p100;2014;1.9114428;992;j
RS;bcainc992j;p71p100;2015;2.0568337;992;j
RS;bcainc992j;p71p100;2016;2.0566981;992;j
RS;bcainc992j;p71p100;2017;2.0574245;992;j
RS;bdiinc992j;p2p100;1990;6.0705972;992;j
RS;bdiinc992j;p2p100;1991;6.2388444;992;j
RS;bdiinc992j;p2p100;1992;6.4793067;992;j
RS;bdiinc992j;p2p100;1993;6.7501593;992;j
RS;bdiinc992j;p2p100;1994;7.0492835;992;j
RS;bdiinc992j;p2p100;1995;7.3294544;992;j
RS;bdiinc992j;p2p100;1996;7.7507644;992;j
RS;bdiinc992j;p2p100;1997;8.0721846;992;j
RS;bdiinc992j;p2p100;1998;8.6071835;992;j
RS;bdiinc992j;p2p100;1999;8.9010887;992;j
RS;bdiinc992j;p2p100;2000;8.7013988;992;j
RS;bdiinc992j;p2p100;2001;8.7397861;992;j
RS;bdiinc992j;p2p100;2002;10.93578;992;j
RS;bdiinc992j;p2p100;2003;9.4630852;992;j
RS;bdiinc992j;p2p100;2004;9.9124489;992;j
RS;bdiinc992j;p2p100;2005;9.9690819;992;j
RS;bdiinc992j;p2p100;2006;10.061674;992;j
RS;bdiinc992j;p2p100;2007;9.8757896;992;j
RS;bdiinc992j;p2p100;2008;9.4793339;992;j
RS;bdiinc992j;p2p100;2009;9.1048117;992;j
RS;bdiinc992j;p2p100;2010;9.1162148;992;j
RS;bdiinc992j;p2p100;2011;9.801281;992;j
RS;bdiinc992j;p2p100;2012;9.9983654;992;j
RS;bdiinc992j;p2p100;2013;7.43957;992;j
RS;bdiinc992j;p2p100;2014;4.9561048;992;j
RS;bdiinc992j;p2p100;2015;6.2098737;992;j
RS;bdiinc992j;p2p100;2016;6.6442318;992;j
RS;bdiinc992j;p2p100;2017;6.6944103;992;j
RS;bdiinc992j;p82p100;1990;1.5304358;992;j
RS;bdiinc992j;p82p100;1991;1.5282171;992;j
RS;bdiinc992j;p82p100;1992;1.5277098;992;j
RS;bdiinc992j;p82p100;1993;1.5320876;992;j
RS;bdiinc992j;p82p100;1994;1.5353076;992;j
RS;bdiinc992j;p82p100;1995;1.538168;992;j
RS;bdiinc992j;p82p100;1996;1.5351446;992;j
RS;bdiinc992j;p82p100;1997;1.5321277;992;j
RS;bdiinc992j;p82p100;1998;1.5710632;992;j
RS;bdiinc992j;p82p100;1999;1.6064396;992;j
RS;bdiinc992j;p82p100;2000;1.6432614;992;j
RS;bdiinc992j;p82p100;2001;1.671353;992;j
RS;bdiinc992j;p82p100;2002;1.6698123;992;j
RS;bdiinc992j;p82p100;2003;1.672567;992;j
RS;bdiinc992j;p82p100;2004;1.6842982;992;j
RS;bdiinc992j;p82p100;2005;1.7075733;992;j
RS;bdiinc992j;p82p100;2006;1.7283701;992;j
RS;bdiinc992j;p82p100;2007;1.7072234;992;j
RS;bdiinc992j;p82p100;2008;1.6957507;992;j
RS;bdiinc992j;p82p100;2009;1.7216145;992;j
RS;bdiinc992j;p82p100;2010;1.7405331;992;j
RS;bdiinc992j;p82p100;2011;1.7636278;992;j
RS;bdiinc992j;p82p100;2012;1.7900835;992;j
RS;bdiinc992j;p82p100;2013;1.7302246;992;j
RS;bdiinc992j;p82p100;2014;1.8390709;992;j
RS;bdiinc992j;p82p100;2015;1.9758855;992;j
RS;bdiinc992j;p82p100;2016;1.9854747;992;j
RS;bdiinc992j;p82p100;2017;1.9868582;992;j
RS;bptinc992j;p40p100;1990;2.1337831;992;j
RS;bptinc992j;p40p100;1991;2.1493416;992;j
RS;bptinc992j;p40p100;1992;2.1641688;992;j
RS;bptinc992j;p40p100;1993;2.1796744;992;j
RS;bptinc992j;p40p100;1994;2.1957245;992;j
RS;bptinc992j;p40p100;1995;2.2114635;992;j
RS;bptinc992j;p40p100;1996;2.2214739;992;j
RS;bptinc992j;p40p100;1997;2.2356327;992;j
RS;bptinc992j;p40p100;1998;2.2851503;992;j
RS;bptinc992j;p40p100;1999;2.2894948;992;j
RS;bptinc992j;p40p100;2000;2.3197422;992;j
RS;bptinc992j;p40p100;2001;2.3268363;992;j
RS;bptinc992j;p40p100;2002;2.3682311;992;j
RS;bptinc992j;p40p100;2003;2.3984253;992;j
RS;bptinc992j;p40p100;2004;2.4564049;992;j
RS;bptinc992j;p40p100;2005;2.5294869;992;j
RS;bptinc992j;p40p100;2006;2.5769157;992;j
RS;bptinc992j;p40p100;2007;2.5612447;992;j
RS;bptinc992j;p40p100;2008;2.6077626;992;j
RS;bptinc992j;p40p100;2009;2.6445222;992;j
RS;bptinc992j;p40p100;2010;2.723973;992;j
RS;bptinc992j;p40p100;2011;2.8227172;992;j
RS;bptinc992j;p40p100;2012;2.865638;992;j
RS;bptinc992j;p40p100;2013;2.8315659;992;j
RS;bptinc992j;p40p100;2014;2.9289906;992;j
RS;bptinc992j;p40p100;2015;2.8334177;992;j
RS;bptinc992j;p40p100;2016;2.8340826;992;j
RS;bptinc992j;p40p100;2017;2.836786;992;j
RS;mcfcnp999i;p0p100;1997;386004576.0;999;i
RS;mcfcnp999i;p0p100;1998;402495264.0;999;i
RS;mcfcnp999i;p0p100;1999;384085760.0;999;i
RS;mcfcnp999i;p0p100;2000;428452160.0;999;i
RS;mcfcnp999i;p0p100;2001;498447104.0;999;i
RS;mcfcnp999i;p0p100;2002;619969664.0;999;i
RS;mcfcnp999i;p0p100;2003;656798656.0;999;i
RS;mcfcnp999i;p0p100;2004;885580736.0;999;i
RS;mcfcnp999i;p0p100;2005;890662080.0;999;i
RS;mcfcnp999i;p0p100;2006;780222912.0;999;i
RS;mcfcnp999i;p0p100;2007;749102080.0;999;i
RS;mcfcnp999i;p0p100;2008;743277440.0;999;i
RS;mcfcnp999i;p0p100;2009;706265024.0;999;i
RS;mcfcnp999i;p0p100;2010;703994432.0;999;i
RS;mcfcnp999i;p0p100;2011;738118080.0;999;i
RS;mgsrfc999i;p0p100;1997;47058907136.0;999;i
RS;mgsrfc999i;p0p100;1998;51083546624.0;999;i
RS;mgsrfc999i;p0p100;1999;7435465728.0;999;i
RS;mgsrfc999i;p0p100;2000;-3578160896.0;999;i
RS;mgsrfc999i;p0p100;2001;12833020928.0;999;i
RS;mgsrfc999i;p0p100;2002;35320135680.0;999;i
RS;mgsrfc999i;p0p100;2003;14786854912.0;999;i
RS;mgsrfc999i;p0p100;2004;11320401920.0;999;i
RS;mgsrfc999i;p0p100;2005;5006893568.0;999;i
RS;mgsrfc999i;p0p100;2006;2781365760.0;999;i
RS;mgsrfc999i;p0p100;2007;13638429696.0;999;i
RS;mgsrfc999i;p0p100;2008;17125817344.0;999;i
RS;mgsrfc999i;p0p100;2009;18831769600.0;999;i
RS;mgsrfc999i;p0p100;2010;21195347968.0;999;i
RS;mgsrfc999i;p0p100;2011;28714024960.0;999;i
RS;mnsrho999i;p0p100;1997;145198268416.0;999;i
RS;mnsrho999i;p0p100;1998;131709083648.0;999;i
RS;mnsrho999i;p0p100;1999;155725430784.0;999;i
RS;mnsrho999i;p0p100;2000;162231091200.0;999;i
RS;mnsrho999i;p0p100;2001;162910388224.0;999;i
RS;mnsrho999i;p0p100;2002;158545313792.0;999;i
RS;mnsrho999i;p0p100;2003;191339823104.0;999;i
RS;mnsrho999i;p0p100;2004;199681392640.0;999;i
RS;mnsrho999i;p0p100;2005;215966531584.0;999;i
RS;mnsrho999i;p0p100;2006;236171034624.0;999;i
RS;mnsrho999i;p0p100;2007;246008479744.0;999;i
RS;mnsrho999i;p0p100;2008;243055525888.0;999;i
RS;mnsrho999i;p0p100;2009;273073684480.0;999;i
RS;mnsrho999i;p0p100;2010;279936368640.0;999;i
RS;mnsrho999i;p0p100;2011;284795666432.0;999;i
RS;mptfnx999i;p0p100;2007;-32907823104.0;999;i
RS;mptfnx999i;p0p100;2008;-48732254208.0;999;i
RS;mptfnx999i;p0p100;2009;-57292959744.0;999;i
RS;mptfnx999i;p0p100;2010;-64629821440.0;999;i
RS;mptfnx999i;p0p100;2011;-68067987456.0;999;i
RS;mptfnx999i;p0p100;2012;-70573334528.0;999;i
RS;mptfnx999i;p0p100;2013;-84200398848.0;999;i
RS;mptfnx999i;p0p100;2014;-91029536768.0;999;i
RS;mptfnx999i;p0p100;2015;-102200311808.0;999;i
RS;mptfnx999i;p0p100;2016;-95887900672.0;999;i
RS;mptfnx999i;p0p100;2017;-73876144128.0;999;i
RS;mptfnx999i;p0p100;2018;-54327771136.0;999;i
RS;msavho999i;p0p100;1997;186069925888.0;999;i
RS;msavho999i;p0p100;1998;-167980302336.0;999;i
RS;msavho999i;p0p100;1999;-216450351104.0;999;i
RS;msavho999i;p0p100;2000;-245342175232.0;999;i
RS;msavho999i;p0p100;2001;-458693738496.0;999;i
RS;msavho999i;p0p100;2002;-560694099968.0;999;i
RS;msavho999i;p0p100;2003;-411424980992.0;999;i
RS;msavho999i;p0p100;2004;-549162844160.0;999;i
RS;msavho999i;p0p100;2005;-551473971200.0;999;i
RS;msavho999i;p0p100;2006;-546211266560.0;999;i
RS;msavho999i;p0p100;2007;-539738013696.0;999;i
RS;msavho999i;p0p100;2008;-546900344832.0;999;i
RS;msavho999i;p0p100;2009;-628858486784.0;999;i
RS;msavho999i;p0p100;2010;-702378672128.0;999;i
RS;msavho999i;p0p100;2011;-621183696896.0;999;i
RS;mtaxho999i;p0p100;1997;511684247552.0;999;i
RS;mtaxho999i;p0p100;1998;513897070592.0;999;i
RS;mtaxho999i;p0p100;1999;395949080576.0;999;i
RS;mtaxho999i;p0p100;2000;408184553472.0;999;i
RS;mtaxho999i;p0p100;2001;488248836096.0;999;i
RS;mtaxho999i;p0p100;2002;593147723776.0;999;i
RS;mtaxho999i;p0p100;2003;572888252416.0;999;i
RS;mtaxho999i;p0p100;2004;653136166912.0;999;i
RS;mtaxho999i;p0p100;2005;690937856000.0;999;i
RS;mtaxho999i;p0p100;2006;778966335488.0;999;i
RS;mtaxho999i;p0p100;2007;803731472384.0;999;i
RS;mtaxho999i;p0p100;2008;844114231296.0;999;i
RS;mtaxho999i;p0p100;2009;781769900032.0;999;i
RS;mtaxho999i;p0p100;2010;787875692544.0;999;i
RS;mtaxho999i;p0p100;2011;822461202432.0;999;i
RS;npopul902f;p0p100;1950;3118.0;902;f
RS;npopul902f;p0p100;1951;3694.0;902;f
RS;npopul902f;p0p100;1952;4146.0;902;f
RS;npopul902f;p0p100;1953;4345.0;902;f
RS;npopul902f;p0p100;1954;4068.0;902;f
RS;npopul902f;p0p100;1955;3142.0;902;f
RS;npopul902f;p0p100;1956;3667.0;902;f
RS;npopul902f;p0p100;1957;4049.0;902;f
RS;npopul902f;p0p100;1958;4257.0;902;f
RS;npopul902f;p0p100;1959;4086.0;902;f
RS;npopul902f;p0p100;1960;3390.0;902;f
RS;npopul902f;p0p100;1961;4198.0;902;f
RS;npopul902f;p0p100;1962;4854.0;902;f
RS;npopul902f;p0p100;1963;5236.0;902;f
RS;npopul902f;p0p100;1964;5130.0;902;f
RS;npopul902f;p0p100;1965;4409.0;902;f
RS;npopul902f;p0p100;1966;5142.0;902;f
RS;npopul902f;p0p100;1967;5721.0;902;f
RS;npopul902f;p0p100;1968;5984.0;902;f
RS;npopul902f;p0p100;1969;5728.0;902;f
RS;npopul902f;p0p100;1970;4818.0;902;f
RS;npopul902f;p0p100;1971;5284.0;902;f
RS;npopul902f;p0p100;1972;5554.0;902;f
RS;npopul902f;p0p100;1973;5651.0;902;f
RS;npopul902f;p0p100;1974;5436.0;902;f
RS;npopul902f;p0p100;1975;4837.0;902;f
RS;npopul902f;p0p100;1976;5730.0;902;f
RS;npopul902f;p0p100;1977;6540.0;902;f
RS;npopul902f;p0p100;1978;7001.0;902;f
RS;npopul902f;p0p100;1979;6827.0;902;f
RS;npopul902f;p0p100;1980;5818.0;902;f
RS;npopul902f;p0p100;1981;6304.0;902;f
RS;npopul902f;p0p100;1982;6590.0;902;f
RS;npopul902f;p0p100;1983;6738.0;902;f
RS;npopul902f;p0p100;1984;6563.0;902;f
RS;npopul902f;p0p100;1985;5975.0;902;f
RS;npopul902f;p0p100;1986;7255.0;902;f
RS;npopul902f;p0p100;1987;8392.0;902;f
RS;npopul902f;p0p100;1988;9209.0;902;f
RS;npopul902f;p0p100;1989;9338.0;902;f
RS;npopul902f;p0p100;1990;8578.0;902;f
RS;npopul902f;p0p100;1991;9979.0;902;f
RS;npopul902f;p0p100;1992;11035.0;902;f
RS;npopul902f;p0p100;1993;11637.0;902;f
RS;npopul902f;p0p100;1994;11418.0;902;f
RS;npopul902f;p0p100;1995;10282.0;902;f
RS;npopul902f;p0p100;1996;12094.0;902;f
RS;npopul902f;p0p100;1997;13412.0;902;f
RS;npopul902f;p0p100;1998;14022.0;902;f
RS;npopul902f;p0p100;1999;10664.0;902;f
RS;npopul902f;p0p100;2000;9412.0;902;f
RS;npopul902f;p0p100;2001;10656.0;902;f
RS;npopul902f;p0p100;2002;11631.0;902;f
RS;npopul902f;p0p100;2003;11805.0;902;f
RS;npopul902f;p0p100;2004;10812.0;902;f
RS;npopul902f;p0p100;2005;8572.0;902;f
RS;npopul902f;p0p100;2006;8617.0;902;f
RS;npopul902f;p0p100;2007;8394.0;902;f
RS;npopul902f;p0p100;2008;8135.0;902;f
RS;npopul902f;p0p100;2009;7651.0;902;f
RS;npopul902f;p0p100;2010;6810.0;902;f
RS;npopul902f;p0p100;2011;8558.0;902;f
RS;npopul902f;p0p100;2012;10204.0;902;f
RS;npopul902f;p0p100;2013;11531.0;902;f
RS;npopul902f;p0p100;2014;11961.0;902;f
RS;npopul902f;p0p100;2015;11328.0;902;f
RS;npopul902f;p0p100;2016;14014.0;902;f
RS;npopul902f;p0p100;2017;16242.0;902;f
RS;npopul902f;p0p100;2018;17719.0;902;f
RS;npopul902f;p0p100;2019;17837.0;902;f
RS;scainc992j;p23p24;1990;0.0043000001;992;j
RS;scainc992j;p23p24;1991;0.0044;992;j
RS;scainc992j;p23p24;1992;0.0044999998;992;j
RS;scainc992j;p23p24;1993;0.0046000001;992;j
RS;scainc992j;p23p24;1994;0.0046000001;992;j
RS;scainc992j;p23p24;1995;0.0046999999;992;j
RS;scainc992j;p23p24;1996;0.0048000002;992;j
RS;scainc992j;p23p24;1997;0.0049000001;992;j
RS;scainc992j;p23p24;1998;0.0049999999;992;j
RS;scainc992j;p23p24;1999;0.0049999999;992;j
RS;scainc992j;p23p24;2000;0.0049999999;992;j
RS;scainc992j;p23p24;2001;0.0049999999;992;j
RS;scainc992j;p23p24;2002;0.0048000002;992;j
RS;scainc992j;p23p24;2003;0.0046000001;992;j
RS;scainc992j;p23p24;2004;0.0044;992;j
RS;scainc992j;p23p24;2005;0.0043000001;992;j
RS;scainc992j;p23p24;2006;0.0040000002;992;j
RS;scainc992j;p23p24;2007;0.0038999999;992;j
RS;scainc992j;p23p24;2008;0.0038000001;992;j
RS;scainc992j;p23p24;2009;0.0035000001;992;j
RS;scainc992j;p23p24;2010;0.0031999999;992;j
RS;scainc992j;p23p24;2011;0.0029;992;j
RS;scainc992j;p23p24;2012;0.003;992;j
RS;scainc992j;p23p24;2013;0.0024999999;992;j
RS;scainc992j;p23p24;2014;0.003;992;j
RS;scainc992j;p23p24;2015;0.0024999999;992;j
RS;scainc992j;p23p24;2016;0.0024999999;992;j
RS;scainc992j;p23p24;2017;0.0024999999;992;j
RS;scainc992j;p47p100;1990;0.7974;992;j
RS;scainc992j;p47p100;1991;0.79570001;992;j
RS;scainc992j;p47p100;1992;0.79390001;992;j
RS;scainc992j;p47p100;1993;0.79220003;992;j
RS;scainc992j;p47p100;1994;0.79049999;992;j
RS;scainc992j;p47p100;1995;0.78890002;992;j
RS;scainc992j;p47p100;1996;0.78680003;992;j
RS;scainc992j;p47p100;1997;0.78479999;992;j
RS;scainc992j;p47p100;1998;0.7827;992;j
RS;scainc992j;p47p100;1999;0.78289998;992;j
RS;scainc992j;p47p100;2000;0.78579998;992;j
RS;scainc992j;p47p100;2001;0.787;992;j
RS;scainc992j;p47p100;2002;0.79809999;992;j
RS;scainc992j;p47p100;2003;0.80089998;992;j
RS;scainc992j;p47p100;2004;0.81099999;992;j
RS;scainc992j;p47p100;2005;0.81590003;992;j
RS;scainc992j;p47p100;2006;0.82419997;992;j
RS;scainc992j;p47p100;2007;0.82789999;992;j
RS;scainc992j;p47p100;2008;0.83200002;992;j
RS;scainc992j;p47p100;2009;0.8362;992;j
RS;scainc992j;p47p100;2010;0.84600002;992;j
RS;scainc992j;p47p100;2011;0.85479999;992;j
RS;scainc992j;p47p100;2012;0.85769999;992;j
RS;scainc992j;p47p100;2013;0.86110002;992;j
RS;scainc992j;p47p100;2014;0.84119999;992;j
RS;scainc992j;p47p100;2015;0.85699999;992;j
RS;scainc992j;p47p100;2016;0.85689998;992;j
RS;scainc992j;p47p100;2017;0.85699999;992;j
RS;scainc992j;p99.996p99.997;1990;0.0007;992;j
RS;scainc992j;p99.996p99.997;1991;0.0007;992;j
RS;scainc992j;p99.996p99.997;1992;0.0006;992;j
RS;scainc992j;p99.996p99.997;1993;0.0006;992;j
RS;scainc992j;p99.996p99.997;1994;0.0006;992;j
RS;scainc992j;p99.996p99.997;1995;0.0006;992;j
RS;scainc992j;p99.996p99.997;1996;0.0005;992;j
RS;scainc992j;p99.996p99.997;1997;0.0005;992;j
RS;scainc992j;p99.996p99.997;1998;0.0005;992;j
RS;scainc992j;p99.996p99.997;1999;0.0007;992;j
RS;scainc992j;p99.996p99.997;2000;0.0007;992;j
RS;scainc992j;p99.996p99.997;2001;0.0008;992;j
RS;scainc992j;p99.996p99.997;2002;0.0008;992;j
RS;scainc992j;p99.996p99.997;2003;0.0008;992;j
RS;scainc992j;p99.996p99.997;2004;0.0008;992;j
RS;scainc992j;p99.996p99.997;2005;0.0008;992;j
RS;scainc992j;p99.996p99.997;2006;0.0008;992;j
RS;scainc992j;p99.996p99.997;2007;0.0007;992;j
RS;scainc992j;p99.996p99.997;2008;0.0006;992;j
RS;scainc992j;p99.996p99.997;2009;0.0007;992;j
RS;scainc992j;p99.996p99.997;2010;0.0007;992;j
RS;scainc992j;p99.996p99.997;2011;0.0007;992;j
RS;scainc992j;p99.996p99.997;2012;0.001;992;j
RS;scainc992j;p99.996p99.997;2013;0.0008;992;j
RS;scainc992j;p99.996p99.997;2014;0.0014;992;j
RS;scainc992j;p99.996p99.997;2015;0.0020999999;992;j
RS;scainc992j;p99.996p99.997;2016;0.0020999999;992;j
RS;scainc992j;p99.996p99.997;2017;0.0020999999;992;j
RS;sdiinc992j;p49p50;1990;0.0083999997;992;j
RS;sdiinc992j;p49p50;1991;0.0085000005;992;j
RS;sdiinc992j;p49p50;1992;0.0085000005;992;j
RS;sdiinc992j;p49p50;1993;0.0085000005;992;j
RS;sdiinc992j;p49p50;1994;0.0085000005;992;j
RS;sdiinc992j;p49p50;1995;0.0085000005;992;j
RS;sdiinc992j;p49p50;1996;0.0085000005;992;j
RS;sdiinc992j;p49p50;1997;0.0086000003;992;j
RS;sdiinc992j;p49p50;1998;0.0082999999;992;j
RS;sdiinc992j;p49p50;1999;0.0082999999;992;j
RS;sdiinc992j;p49p50;2000;0.0082;992;j
RS;sdiinc992j;p49p50;2001;0.0082;992;j
RS;sdiinc992j;p49p50;2002;0.0082;992;j
RS;sdiinc992j;p49p50;2003;0.0081000002;992;j
RS;sdiinc992j;p49p50;2004;0.0081000002;992;j
RS;sdiinc992j;p49p50;2005;0.0078999996;992;j
RS;sdiinc992j;p49p50;2006;0.0077999998;992;j
RS;sdiinc992j;p49p50;2007;0.0078999996;992;j
RS;sdiinc992j;p49p50;2008;0.0077999998;992;j
RS;sdiinc992j;p49p50;2009;0.0077999998;992;j
RS;sdiinc992j;p49p50;2010;0.0076000001;992;j
RS;sdiinc992j;p49p50;2011;0.0076000001;992;j
RS;sdiinc992j;p49p50;2012;0.0074;992;j
RS;sdiinc992j;p49p50;2013;0.0074999998;992;j
RS;sdiinc992j;p49p50;2014;0.0073000002;992;j
RS;sdiinc992j;p49p50;2015;0.0073000002;992;j
RS;sdiinc992j;p49p50;2016;0.0071999999;992;j
RS;sdiinc992j;p49p50;2017;0.0071999999;992;j
RS;tcainc992j;p18p19;1990;171412.59;992;j
RS;tcainc992j;p18p19;1991;150156.0;992;j
RS;tcainc992j;p18p19;1992;103914.7;992;j
RS;tcainc992j;p18p19;1993;68281.398;992;j
RS;tcainc992j;p18p19;1994;71588.703;992;j
RS;tcainc992j;p18p19;1995;77076.297;992;j
RS;tcainc992j;p18p19;1996;78860.297;992;j
RS;tcainc992j;p18p19;1997;84353.102;992;j
RS;tcainc992j;p18p19;1998;99661.398;992;j
RS;tcainc992j;p18p19;1999;113221.1;992;j
RS;tcainc992j;p18p19;2000;119524.0;992;j
RS;tcainc992j;p18p19;2001;114804.0;992;j
RS;tcainc992j;p18p19;2002;108409.7;992;j
RS;tcainc992j;p18p19;2003;114594.6;992;j
RS;tcainc992j;p18p19;2004;120186.4;992;j
RS;tcainc992j;p18p19;2005;134531.91;992;j
RS;tcainc992j;p18p19;2006;126099.6;992;j
RS;tcainc992j;p18p19;2007;121221.6;992;j
RS;tcainc992j;p18p19;2008;121255.9;992;j
RS;tcainc992j;p18p19;2009;120874.3;992;j
RS;tcainc992j;p18p19;2010;102583.8;992;j
RS;tcainc992j;p18p19;2011;91046.797;992;j
RS;tcainc992j;p18p19;2012;89887.203;992;j
RS;tcainc992j;p18p19;2013;78978.398;992;j
RS;tcainc992j;p18p19;2014;112652.1;992;j
RS;tcainc992j;p18p19;2015;89664.297;992;j
RS;tcainc992j;p18p19;2016;93172.898;992;j
RS;tcainc992j;p18p19;2017;93049.898;992;j
RS;tcainc992j;p90p91;1990;912344.38;992;j
RS;tcainc992j;p90p91;1991;790729.0;992;j
RS;tcainc992j;p90p91;1992;539942.88;992;j
RS;tcainc992j;p90p91;1993;348368.91;992;j
RS;tcainc992j;p90p91;1994;357393.69;992;j
RS;tcainc992j;p90p91;1995;375660.19;992;j
RS;tcainc992j;p90p91;1996;377714.69;992;j
RS;tcainc992j;p90p91;1997;397451.09;992;j
RS;tcainc992j;p90p91;1998;436652.91;992;j
RS;tcainc992j;p90p91;1999;495405.31;992;j
RS;tcainc992j;p90p91;2000;532438.88;992;j
RS;tcainc992j;p90p91;2001;517831.19;992;j
RS;tcainc992j;p90p91;2002;547056.88;992;j
RS;tcainc992j;p90p91;2003;587794.88;992;j
RS;tcainc992j;p90p91;2004;722547.31;992;j
RS;tcainc992j;p90p91;2005;834947.31;992;j
RS;tcainc992j;p90p91;2006;889744.88;992;j
RS;tcainc992j;p90p91;2007;898476.63;992;j
RS;tcainc992j;p90p91;2008;967767.63;992;j
RS;tcainc992j;p90p91;2009;960015.88;992;j
RS;tcainc992j;p90p91;2010;988504.5;992;j
RS;tcainc992j;p90p91;2011;1018272.1;992;j
RS;tcainc992j;p90p91;2012;987353.38;992;j
RS;tcainc992j;p90p91;2013;1025513.3;992;j
RS;tcainc992j;p90p91;2014;955864.69;992;j
RS;tcainc992j;p90p91;2015;944595.13;992;j
RS;tcainc992j;p90p91;2016;979736.19;992;j
RS;tcainc992j;p90p91;2017;980767.81;992;j
RS;tdiinc992j;p10p20;1990;204251.2;992;j
RS;tdiinc992j;p10p20;1991;179620.5;992;j
RS;tdiinc992j;p10p20;1992;124776.1;992;j
RS;tdiinc992j;p10p20;1993;82031.297;992;j
RS;tdiinc992j;p10p20;1994;85926.797;992;j
RS;tdiinc992j;p10p20;1995;92096.297;992;j
RS;tdiinc992j;p10p20;1996;94589.703;992;j
RS;tdiinc992j;p10p20;1997;102419.3;992;j
RS;tdiinc992j;p10p20;1998;113139.7;992;j
RS;tdiinc992j;p10p20;1999;121904.9;992;j
RS;tdiinc992j;p10p20;2000;133249.09;992;j
RS;tdiinc992j;p10p20;2001;131593.09;992;j
RS;tdiinc992j;p10p20;2002;127330.5;992;j
RS;tdiinc992j;p10p20;2003;124317.6;992;j
RS;tdiinc992j;p10p20;2004;121844.1;992;j
RS;tdiinc992j;p10p20;2005;126961.5;992;j
RS;tdiinc992j;p10p20;2006;122617.8;992;j
RS;tdiinc992j;p10p20;2007;118919.1;992;j
RS;tdiinc992j;p10p20;2008;121044.3;992;j
RS;tdiinc992j;p10p20;2009;114785.3;992;j
RS;tdiinc992j;p10p20;2010;105150.4;992;j
RS;tdiinc992j;p10p20;2011;93928.898;992;j
RS;tdiinc992j;p10p20;2012;90581.602;992;j
RS;tdiinc992j;p10p20;2013;111618.9;992;j
RS;tdiinc992j;p10p20;2014;154847.0;992;j
RS;tdiinc992j;p10p20;2015;126603.5;992;j
RS;tdiinc992j;p10p20;2016;123293.5;992;j
RS;tdiinc992j;p10p20;2017;123153.0;992;j
RS;tdiinc992j;p11p100;1990;213366.5;992;j
RS;tdiinc992j;p11p100;1991;187817.3;992;j
RS;tdiinc992j;p11p100;1992;130179.6;992;j
RS;tdiinc992j;p11p100;1993;85751.898;992;j
RS;tdiinc992j;p11p100;1994;89530.703;992;j
RS;tdiinc992j;p11p100;1995;95887.203;992;j
RS;tdiinc992j;p11p100;1996;98729.0;992;j
RS;tdiinc992j;p11p100;1997;106910.6;992;j
RS;tdiinc992j;p11p100;1998;118962.2;992;j
RS;tdiinc992j;p11p100;1999;127427.1;992;j
RS;tdiinc992j;p11p100;2000;139696.0;992;j
RS;tdiinc992j;p11p100;2001;138265.0;992;j
RS;tdiinc992j;p11p100;2002;137969.59;992;j
RS;tdiinc992j;p11p100;2003;133786.3;992;j
RS;tdiinc992j;p11p100;2004;133099.5;992;j
RS;tdiinc992j;p11p100;2005;133993.5;992;j
RS;tdiinc992j;p11p100;2006;129131.2;992;j
RS;tdiinc992j;p11p100;2007;126064.9;992;j
RS;tdiinc992j;p11p100;2008;129292.8;992;j
RS;tdiinc992j;p11p100;2009;123118.6;992;j
RS;tdiinc992j;p11p100;2010;112400.6;992;j
RS;tdiinc992j;p11p100;2011;98521.0;992;j
RS;tdiinc992j;p11p100;2012;94427.203;992;j
RS;tdiinc992j;p11p100;2013;113684.5;992;j
RS;tdiinc992j;p11p100;2014;157020.91;992;j
RS;tdiinc992j;p11p100;2015;128968.3;992;j
RS;tdiinc992j;p11p100;2016;125756.3;992;j
RS;tdiinc992j;p11p100;2017;125615.1;992;j
RS;tdiinc992j;p58p100;1990;710350.63;992;j
RS;tdiinc992j;p58p100;1991;617119.38;992;j
RS;tdiinc992j;p58p100;1992;421766.91;992;j
RS;tdiinc992j;p58p100;1993;272901.0;992;j
RS;tdiinc992j;p58p100;1994;280682.91;992;j
RS;tdiinc992j;p58p100;1995;295704.91;992;j
RS;tdiinc992j;p58p100;1996;298021.41;992;j
RS;tdiinc992j;p58p100;1997;316257.0;992;j
RS;tdiinc992j;p58p100;1998;329452.31;992;j
RS;tdiinc992j;p58p100;1999;357326.69;992;j
RS;tdiinc992j;p58p100;2000;389465.31;992;j
RS;tdiinc992j;p58p100;2001;384115.59;992;j
RS;tdiinc992j;p58p100;2002;416013.41;992;j
RS;tdiinc992j;p58p100;2003;437035.69;992;j
RS;tdiinc992j;p58p100;2004;490454.41;992;j
RS;tdiinc992j;p58p100;2005;540205.38;992;j
RS;tdiinc992j;p58p100;2006;569155.88;992;j
RS;tdiinc992j;p58p100;2007;593336.63;992;j
RS;tdiinc992j;p58p100;2008;632358.31;992;j
RS;tdiinc992j;p58p100;2009;613777.38;992;j
RS;tdiinc992j;p58p100;2010;608150.88;992;j
RS;tdiinc992j;p58p100;2011;606372.31;992;j
RS;tdiinc992j;p58p100;2012;599449.63;992;j
RS;tdiinc992j;p58p100;2013;615455.69;992;j
RS;tdiinc992j;p58p100;2014;590474.69;992;j
RS;tdiinc992j;p58p100;2015;581261.81;992;j
RS;tdiinc992j;p58p100;2016;597957.13;992;j
RS;tdiinc992j;p58p100;2017;601157.38;992;j
RS;tdiinc992j;p61p100;1990;739421.31;992;j
RS;tdiinc992j;p61p100;1991;641905.38;992;j
RS;tdiinc992j;p61p100;1992;439034.81;992;j
RS;tdiinc992j;p61p100;1993;284246.19;992;j
RS;tdiinc992j;p61p100;1994;292172.41;992;j
RS;tdiinc992j;p61p100;1995;307732.91;992;j
RS;tdiinc992j;p61p100;1996;310189.19;992;j
RS;tdiinc992j;p61p100;1997;328963.5;992;j
RS;tdiinc992j;p61p100;1998;344730.5;992;j
RS;tdiinc992j;p61p100;1999;373841.41;992;j
RS;tdiinc992j;p61p100;2000;405950.69;992;j
RS;tdiinc992j;p61p100;2001;401866.0;992;j
RS;tdiinc992j;p61p100;2002;433357.31;992;j
RS;tdiinc992j;p61p100;2003;454947.91;992;j
RS;tdiinc992j;p61p100;2004;510247.41;992;j
RS;tdiinc992j;p61p100;2005;564693.5;992;j
RS;tdiinc992j;p61p100;2006;595104.5;992;j
RS;tdiinc992j;p61p100;2007;619483.19;992;j
RS;tdiinc992j;p61p100;2008;658821.13;992;j
RS;tdiinc992j;p61p100;2009;641468.88;992;j
RS;tdiinc992j;p61p100;2010;635914.31;992;j
RS;tdiinc992j;p61p100;2011;634115.38;992;j
RS;tdiinc992j;p61p100;2012;630370.13;992;j
RS;tdiinc992j;p61p100;2013;651555.38;992;j
RS;tdiinc992j;p61p100;2014;629039.13;992;j
RS;tdiinc992j;p61p100;2015;612670.19;992;j
RS;tdiinc992j;p61p100;2016;630699.13;992;j
RS;tdiinc992j;p61p100;2017;634157.63;992;j
RS;tdiinc992j;p84p100;1990;1101481.9;992;j
RS;tdiinc992j;p84p100;1991;952180.5;992;j
RS;tdiinc992j;p84p100;1992;649249.88;992;j
RS;tdiinc992j;p84p100;1993;418355.91;992;j
RS;tdiinc992j;p84p100;1994;428517.91;992;j
RS;tdiinc992j;p84p100;1995;449701.5;992;j
RS;tdiinc992j;p84p100;1996;451629.59;992;j
RS;tdiinc992j;p84p100;1997;476437.59;992;j
RS;tdiinc992j;p84p100;1998;495271.5;992;j
RS;tdiinc992j;p84p100;1999;539731.31;992;j
RS;tdiinc992j;p84p100;2000;585754.81;992;j
RS;tdiinc992j;p84p100;2001;578583.13;992;j
RS;tdiinc992j;p84p100;2002;630405.63;992;j
RS;tdiinc992j;p84p100;2003;666871.13;992;j
RS;tdiinc992j;p84p100;2004;764906.31;992;j
RS;tdiinc992j;p84p100;2005;853958.38;992;j
RS;tdiinc992j;p84p100;2006;911901.0;992;j
RS;tdiinc992j;p84p100;2007;955560.81;992;j
RS;tdiinc992j;p84p100;2008;1024982.3;992;j
RS;tdiinc992j;p84p100;2009;1011601.3;992;j
RS;tdiinc992j;p84p100;2010;1025061.4;992;j
RS;tdiinc992j;p84p100;2011;1041869.7;992;j
RS;tdiinc992j;p84p100;2012;1040836.4;992;j
RS;tdiinc992j;p84p100;2013;1089854.6;992;j
RS;tdiinc992j;p84p100;2014;1000221.1;992;j
RS;tdiinc992j;p84p100;2015;985477.13;992;j
RS;tdiinc992j;p84p100;2016;1020244.0;992;j
RS;tdiinc992j;p84p100;2017;1026346.4;992;j
RS;tdiinc992j;p99.8p100;1990;5914564.5;992;j
RS;tdiinc992j;p99.8p100;1991;5070982.5;992;j
RS;tdiinc992j;p99.8p100;1992;3432764.8;992;j
RS;tdiinc992j;p99.8p100;1993;2219028.3;992;j
RS;tdiinc992j;p99.8p100;1994;2276479.3;992;j
RS;tdiinc992j;p99.8p100;1995;2395951.0;992;j
RS;tdiinc992j;p99.8p100;1996;2385039.3;992;j
RS;tdiinc992j;p99.8p100;1997;2491779.5;992;j
RS;tdiinc992j;p99.8p100;1998;2718568.5;992;j
RS;tdiinc992j;p99.8p100;1999;3192087.0;992;j
RS;tdiinc992j;p99.8p100;2000;3702720.8;992;j
RS;tdiinc992j;p99.8p100;2001;3855876.0;992;j
RS;tdiinc992j;p99.8p100;2002;4205342.0;992;j
RS;tdiinc992j;p99.8p100;2003;4370969.0;992;j
RS;tdiinc992j;p99.8p100;2004;4986791.0;992;j
RS;tdiinc992j;p99.8p100;2005;5751000.5;992;j
RS;tdiinc992j;p99.8p100;2006;6189899.0;992;j
RS;tdiinc992j;p99.8p100;2007;6146041.0;992;j
RS;tdiinc992j;p99.8p100;2008;6479249.0;992;j
RS;tdiinc992j;p99.8p100;2009;6726914.5;992;j
RS;tdiinc992j;p99.8p100;2010;6890477.0;992;j
RS;tdiinc992j;p99.8p100;2011;7086177.0;992;j
RS;tdiinc992j;p99.8p100;2012;7755203.0;992;j
RS;tdiinc992j;p99.8p100;2013;7456379.0;992;j
RS;tdiinc992j;p99.8p100;2014;8072713.0;992;j
RS;tdiinc992j;p99.8p100;2015;9301800.0;992;j
RS;tdiinc992j;p99.8p100;2016;9703700.0;992;j
RS;tdiinc992j;p99.8p100;2017;9777180.0;992;j
RS;tptinc992j;p17p100;1990;211416.5;992;j
RS;tptinc992j;p17p100;1991;182842.7;992;j
RS;tptinc992j;p17p100;1992;124838.1;992;j
RS;tptinc992j;p17p100;1993;80596.297;992;j
RS;tptinc992j;p17p100;1994;82542.797;992;j
RS;tptinc992j;p17p100;1995;86716.602;992;j
RS;tptinc992j;p17p100;1996;87416.703;992;j
RS;tptinc992j;p17p100;1997;92401.398;992;j
RS;tptinc992j;p17p100;1998;103255.6;992;j
RS;tptinc992j;p17p100;1999;112883.9;992;j
RS;tptinc992j;p17p100;2000;121899.7;992;j
RS;tptinc992j;p17p100;2001;121986.2;992;j
RS;tptinc992j;p17p100;2002;118452.5;992;j
RS;tptinc992j;p17p100;2003;121889.8;992;j
RS;tptinc992j;p17p100;2004;125210.8;992;j
RS;tptinc992j;p17p100;2005;130920.7;992;j
RS;tptinc992j;p17p100;2006;122596.6;992;j
RS;tptinc992j;p17p100;2007;112806.1;992;j
RS;tptinc992j;p17p100;2008;106635.1;992;j
RS;tptinc992j;p17p100;2009;97511.703;992;j
RS;tptinc992j;p17p100;2010;88495.5;992;j
RS;tptinc992j;p17p100;2011;75233.102;992;j
RS;tptinc992j;p17p100;2012;65721.297;992;j
RS;tptinc992j;p17p100;2013;61645.0;992;j
RS;tptinc992j;p17p100;2014;57290.602;992;j
RS;tptinc992j;p17p100;2015;61957.699;992;j
RS;tptinc992j;p17p100;2016;64031.898;992;j
RS;tptinc992j;p17p100;2017;63752.699;992;j
RS;tptinc992j;p99.96p100;1990;15323539.0;992;j
RS;tptinc992j;p99.96p100;1991;13619095.0;992;j
RS;tptinc992j;p99.96p100;1992;9500295.0;992;j
RS;tptinc992j;p99.96p100;1993;6302345.5;992;j
RS;tptinc992j;p99.96p100;1994;6607806.0;992;j
RS;tptinc992j;p99.96p100;1995;7134762.5;992;j
RS;tptinc992j;p99.96p100;1996;7300397.5;992;j
RS;tptinc992j;p99.96p100;1997;7857921.5;992;j
RS;tptinc992j;p99.96p100;1998;8287992.5;992;j
RS;tptinc992j;p99.96p100;1999;9582097.0;992;j
RS;tptinc992j;p99.96p100;2000;11250225.0;992;j
RS;tptinc992j;p99.96p100;2001;11823309.0;992;j
RS;tptinc992j;p99.96p100;2002;12698029.0;992;j
RS;tptinc992j;p99.96p100;2003;13178258.0;992;j
RS;tptinc992j;p99.96p100;2004;15310846.0;992;j
RS;tptinc992j;p99.96p100;2005;16940904.0;992;j
RS;tptinc992j;p99.96p100;2006;18093662.0;992;j
RS;tptinc992j;p99.96p100;2007;17464894.0;992;j
RS;tptinc992j;p99.96p100;2008;18933212.0;992;j
RS;tptinc992j;p99.96p100;2009;18567558.0;992;j
RS;tptinc992j;p99.96p100;2010;18854018.0;992;j
RS;tptinc992j;p99.96p100;2011;19773812.0;992;j
RS;tptinc992j;p99.96p100;2012;17447402.0;992;j
RS;tptinc992j;p99.96p100;2013;18466980.0;992;j
RS;tptinc992j;p99.96p100;2014;23508280.0;992;j
RS;tptinc992j;p99.96p100;2015;22841644.0;992;j
RS;tptinc992j;p99.96p100;2016;23573412.0;992;j
RS;tptinc992j;p99.96p100;2017;23748002.0;992;j
RS;tptinc992j;p99p99.1;1990;3222297.0;992;j
RS;tptinc992j;p99p99.1;1991;2819413.0;992;j
RS;tptinc992j;p99p99.1;1992;1949176.1;992;j
RS;tptinc992j;p99p99.1;1993;1273573.6;992;j
RS;tptinc992j;p99p99.1;1994;1325851.4;992;j
RS;tptinc992j;p99p99.1;1995;1411098.1;992;j
RS;tptinc992j;p99p99.1;1996;1427759.6;992;j
RS;tptinc992j;p99p99.1;1997;1518370.9;992;j
RS;tptinc992j;p99p99.1;1998;1619839.9;992;j
RS;tptinc992j;p99p99.1;1999;1800302.3;992;j
RS;tptinc992j;p99p99.1;2000;2059479.1;992;j
RS;tptinc992j;p99p99.1;2001;2083354.6;992;j
RS;tptinc992j;p99p99.1;2002;2292588.0;992;j
RS;tptinc992j;p99p99.1;2003;2428320.3;992;j
RS;tptinc992j;p99p99.1;2004;2813475.8;992;j
RS;tptinc992j;p99p99.1;2005;3213774.3;992;j
RS;tptinc992j;p99p99.1;2006;3429490.0;992;j
RS;tptinc992j;p99p99.1;2007;3446366.5;992;j
RS;tptinc992j;p99p99.1;2008;3701151.0;992;j
RS;tptinc992j;p99p99.1;2009;3682487.3;992;j
RS;tptinc992j;p99p99.1;2010;3858182.5;992;j
RS;tptinc992j;p99p99.1;2011;3969798.8;992;j
RS;tptinc992j;p99p99.1;2012;4009015.3;992;j
RS;tptinc992j;p99p99.1;2013;4013060.3;992;j
RS;tptinc992j;p99p99.1;2014;4032541.3;992;j
RS;tptinc992j;p99p99.1;2015;3952844.3;992;j
RS;tptinc992j;p99p99.1;2016;4078038.3;992;j
RS;tptinc992j;p99p99.1;2017;4107850.5;992;j
RS;acainc992j;p95p100;1990;1963452.1;992;j
RS;acainc992j;p95p100;1991;1691541.6;992;j
RS;acainc992j;p95p100;1992;1151204.8;992;j
RS;acainc992j;p95p100;1993;745316.5;992;j
RS;acainc992j;p95p100;1994;765772.63;992;j
RS;acainc992j;p95p100;1995;806753.13;992;j
RS;acainc992j;p95p100;1996;806933.13;992;j
RS;acainc992j;p95p100;1997;844731.31;992;j
RS;acainc992j;p95p100;1998;941396.69;992;j
RS;acainc992j;p95p100;1999;1110302.8;992;j
RS;acainc992j;p95p100;2000;1254648.8;992;j
RS;acainc992j;p95p100;2001;1255721.3;992;j
RS;acainc992j;p95p100;2002;1342936.1;992;j
RS;acainc992j;p95p100;2003;1411996.0;992;j
RS;acainc992j;p95p100;2004;1716345.8;992;j
RS;acainc992j;p95p100;2005;2004960.8;992;j
RS;acainc992j;p95p100;2006;2162882.3;992;j
RS;acainc992j;p95p100;2007;2131512.0;992;j
RS;acainc992j;p95p100;2008;2292292.8;992;j
RS;acainc992j;p95p100;2009;2333301.0;992;j
RS;acainc992j;p95p100;2010;2411382.8;992;j
RS;acainc992j;p95p100;2011;2495427.5;992;j
RS;acainc992j;p95p100;2012;2596687.3;992;j
RS;acainc992j;p95p100;2013;2576912.5;992;j
RS;acainc992j;p95p100;2014;2638871.3;992;j
RS;acainc992j;p95p100;2015;2977322.0;992;j
RS;acainc992j;p95p100;2016;3087907.3;992;j
RS;acainc992j;p95p100;2017;3092333.8;992;j
RS;acainc992j;p99.994p99.995;1990;28611112.0;992;j
RS;acainc992j;p99.994p99.995;1991;23609332.0;992;j
RS;acainc992j;p99.994p99.995;1992;15146592.0;992;j
RS;acainc992j;p99.994p99.995;1993;9429138.0;992;j
RS;acainc992j;p99.994p99.995;1994;9433090.0;992;j
RS;acainc992j;p99.994p99.995;1995;9713280.0;992;j
RS;acainc992j;p99.994p99.995;1996;9432407.0;992;j
RS;acainc992j;p99.994p99.995;1997;9561395.0;992;j
RS;acainc992j;p99.994p99.995;1998;11084411.0;992;j
RS;acainc992j;p99.994p99.995;1999;14948436.0;992;j
RS;acainc992j;p99.994p99.995;2000;17328748.0;992;j
RS;acainc992j;p99.994p99.995;2001;19098448.0;992;j
RS;acainc992j;p99.994p99.995;2002;19230040.0;992;j
RS;acainc992j;p99.994p99.995;2003;20102038.0;992;j
RS;acainc992j;p99.994p99.995;2004;24397666.0;992;j
RS;acainc992j;p99.994p99.995;2005;29743724.0;992;j
RS;acainc992j;p99.994p99.995;2006;29696820.0;992;j
RS;acainc992j;p99.994p99.995;2007;26380958.0;992;j
RS;acainc992j;p99.994p99.995;2008;25601506.0;992;j
RS;acainc992j;p99.994p99.995;2009;30117228.0;992;j
RS;acainc992j;p99.994p99.995;2010;29337412.0;992;j
RS;acainc992j;p99.994p99.995;2011;29301328.0;992;j
RS;acainc992j;p99.994p99.995;2012;41865352.0;992;j
RS;acainc992j;p99.994p99.995;2013;34031172.0;992;j
RS;acainc992j;p99.994p99.995;2014;55593596.0;992;j
RS;acainc992j;p99.994p99.995;2015;82310384.0;992;j
RS;acainc992j;p99.994p99.995;2016;85405312.0;992;j
RS;acainc992j;p99.994p99.995;2017;85608152.0;992;j
RS;acfchn992i;p0p100;1997;25152.1;992;i
RS;acfchn992i;p0p100;1998;27753.9;992;i
RS;acfchn992i;p0p100;1999;33976.801;992;i
RS;acfchn992i;p0p100;2000;36269.102;992;i
RS;acfchn992i;p0p100;2001;36126.602;992;i
RS;acfchn992i;p0p100;2002;36556.898;992;i
RS;acfchn992i;p0p100;2003;35095.102;992;i
RS;acfchn992i;p0p100;2004;37553.0;992;i
RS;acfchn992i;p0p100;2005;39417.0;992;i
RS;acfchn992i;p0p100;2006;39619.602;992;i
RS;acfchn992i;p0p100;2007;37817.398;992;i
RS;acfchn992i;p0p100;2008;39309.301;992;i
RS;acfchn992i;p0p100;2009;42236.301;992;i
RS;acfchn992i;p0p100;2010;43254.398;992;i
RS;acfchn992i;p0p100;2011;41838.199;992;i
RS;adiinc992j;p0p99;1990;687464.69;992;j
RS;adiinc992j;p0p99;1991;597645.19;992;j
RS;adiinc992j;p0p99;1992;409776.81;992;j
RS;adiinc992j;p0p99;1993;265829.0;992;j
RS;adiinc992j;p0p99;1994;273840.59;992;j
RS;adiinc992j;p0p99;1995;289045.5;992;j
RS;adiinc992j;p0p99;1996;291613.19;992;j
RS;adiinc992j;p0p99;1997;309429.09;992;j
RS;adiinc992j;p0p99;1998;324507.59;992;j
RS;adiinc992j;p0p99;1999;353066.31;992;j
RS;adiinc992j;p0p99;2000;386551.69;992;j
RS;adiinc992j;p0p99;2001;384102.41;992;j
RS;adiinc992j;p0p99;2002;413073.0;992;j
RS;adiinc992j;p0p99;2003;434289.59;992;j
RS;adiinc992j;p0p99;2004;488182.5;992;j
RS;adiinc992j;p0p99;2005;542473.31;992;j
RS;adiinc992j;p0p99;2006;572237.81;992;j
RS;adiinc992j;p0p99;2007;593149.19;992;j
RS;adiinc992j;p0p99;2008;632637.19;992;j
RS;adiinc992j;p0p99;2009;617581.13;992;j
RS;adiinc992j;p0p99;2010;618374.38;992;j
RS;adiinc992j;p0p99;2011;619158.31;992;j
RS;adiinc992j;p0p99;2012;610074.63;992;j
RS;adiinc992j;p0p99;2013;630703.88;992;j
RS;adiinc992j;p0p99;2014;606000.38;992;j
RS;adiinc992j;p0p99;2015;591878.69;992;j
RS;adiinc992j;p0p99;2016;608992.88;992;j
RS;adiinc992j;p0p99;2017;612384.31;992;j
RS;adiinc992j;p15p16;1990;245416.0;992;j
RS;adiinc992j;p15p16;1991;217013.7;992;j
RS;adiinc992j;p15p16;1992;151172.7;992;j
RS;adiinc992j;p15p16;1993;99634.0;992;j
RS;adiinc992j;p15p16;1994;104197.1;992;j
RS;adiinc992j;p15p16;1995;111539.0;992;j
RS;adiinc992j;p15p16;1996;114272.5;992;j
RS;adiinc992j;p15p16;1997;123403.9;992;j
RS;adiinc992j;p15p16;1998;135138.5;992;j
RS;adiinc992j;p15p16;1999;147063.2;992;j
RS;adiinc992j;p15p16;2000;160315.91;992;j
RS;adiinc992j;p15p16;2001;156436.91;992;j
RS;adiinc992j;p15p16;2002;155291.8;992;j
RS;adiinc992j;p15p16;2003;161680.2;992;j
RS;adiinc992j;p15p16;2004;162767.5;992;j
RS;adiinc992j;p15p16;2005;175993.3;992;j
RS;adiinc992j;p15p16;2006;169866.2;992;j
RS;adiinc992j;p15p16;2007;170141.09;992;j
RS;adiinc992j;p15p16;2008;174543.91;992;j
RS;adiinc992j;p15p16;2009;164189.09;992;j
RS;adiinc992j;p15p16;2010;149720.91;992;j
RS;adiinc992j;p15p16;2011;134676.2;992;j
RS;adiinc992j;p15p16;2012;131182.3;992;j
RS;adiinc992j;p15p16;2013;128875.8;992;j
RS;adiinc992j;p15p16;2014;170912.7;992;j
RS;adiinc992j;p15p16;2015;142918.2;992;j
RS;adiinc992j;p15p16;2016;140419.41;992;j
RS;adiinc992j;p15p16;2017;140326.3;992;j
RS;adiinc992j;p35p100;1990;979210.69;992;j
RS;adiinc992j;p35p100;1991;848871.19;992;j
RS;adiinc992j;p35p100;1992;580295.31;992;j
RS;adiinc992j;p35p100;1993;375656.09;992;j
RS;adiinc992j;p35p100;1994;386188.69;992;j
RS;adiinc992j;p35p100;1995;406862.59;992;j
RS;adiinc992j;p35p100;1996;409313.91;992;j
RS;adiinc992j;p35p100;1997;432863.09;992;j
RS;adiinc992j;p35p100;1998;454364.69;992;j
RS;adiinc992j;p35p100;1999;498825.31;992;j
RS;adiinc992j;p35p100;2000;548594.88;992;j
RS;adiinc992j;p35p100;2001;547950.38;992;j
RS;adiinc992j;p35p100;2002;594393.88;992;j
RS;adiinc992j;p35p100;2003;625955.88;992;j
RS;adiinc992j;p35p100;2004;711381.81;992;j
RS;adiinc992j;p35p100;2005;796352.88;992;j
RS;adiinc992j;p35p100;2006;846820.88;992;j
RS;adiinc992j;p35p100;2007;875208.19;992;j
RS;adiinc992j;p35p100;2008;934677.38;992;j
RS;adiinc992j;p35p100;2009;921805.88;992;j
RS;adiinc992j;p35p100;2010;931190.19;992;j
RS;adiinc992j;p35p100;2011;942314.63;992;j
RS;adiinc992j;p35p100;2012;941459.81;992;j
RS;adiinc992j;p35p100;2013;966532.13;992;j
RS;adiinc992j;p35p100;2014;928541.0;992;j
RS;adiinc992j;p35p100;2015;948370.81;992;j
RS;adiinc992j;p35p100;2016;981186.13;992;j
RS;adiinc992j;p35p100;2017;987431.13;992;j
RS;adiinc992j;p47p48;1990;594377.19;992;j
RS;adiinc992j;p47p48;1991;519144.09;992;j
RS;adiinc992j;p47p48;1992;357290.91;992;j
RS;adiinc992j;p47p48;1993;232424.2;992;j
RS;adiinc992j;p47p48;1994;240151.91;992;j
RS;adiinc992j;p47p48;1995;254113.5;992;j
RS;adiinc992j;p47p48;1996;257128.91;992;j
RS;adiinc992j;p47p48;1997;273672.81;992;j
RS;adiinc992j;p47p48;1998;279017.5;992;j
RS;adiinc992j;p47p48;1999;303178.0;992;j
RS;adiinc992j;p47p48;2000;331784.91;992;j
RS;adiinc992j;p47p48;2001;329785.31;992;j
RS;adiinc992j;p47p48;2002;352134.09;992;j
RS;adiinc992j;p47p48;2003;367026.31;992;j
RS;adiinc992j;p47p48;2004;409742.5;992;j
RS;adiinc992j;p47p48;2005;449307.81;992;j
RS;adiinc992j;p47p48;2006;470700.19;992;j
RS;adiinc992j;p47p48;2007;488257.91;992;j
RS;adiinc992j;p47p48;2008;518071.0;992;j
RS;adiinc992j;p47p48;2009;502852.09;992;j
RS;adiinc992j;p47p48;2010;494464.31;992;j
RS;adiinc992j;p47p48;2011;491104.41;992;j
RS;adiinc992j;p47p48;2012;481241.59;992;j
RS;adiinc992j;p47p48;2013;495581.69;992;j
RS;adiinc992j;p47p48;2014;476494.19;992;j
RS;adiinc992j;p47p48;2015;476421.0;992;j
RS;adiinc992j;p47p48;2016;488456.69;992;j
RS;adiinc992j;p47p48;2017;490885.0;992;j
RS;asaggo992i;p0p100;1997;-22088.5;992;i
RS;asaggo992i;p0p100;1998;-26372.301;992;i
RS;asaggo992i;p0p100;1999;-22069.5;992;i
RS;asaggo992i;p0p100;2000;-31593.699;992;i
RS;asaggo992i;p0p100;2001;-14601.9;992;i
RS;asaggo992i;p0p100;2002;-9319.4004;992;i
RS;asaggo992i;p0p100;2003;-4467.0;992;i
RS;asaggo992i;p0p100;2004;20615.801;992;i
RS;asaggo992i;p0p100;2005;19307.301;992;i
RS;asaggo992i;p0p100;2006;12804.6;992;i
RS;asaggo992i;p0p100;2007;9413.9004;992;i
RS;asaggo992i;p0p100;2008;983.20001;992;i
RS;asaggo992i;p0p100;2009;-12637.3;992;i
RS;asaggo992i;p0p100;2010;-8288.9004;992;i
RS;asaggo992i;p0p100;2011;-2770.6001;992;i
RS;asavig999i;p0p100;1997;18228.6;999;i
RS;asavig999i;p0p100;1998;7245.3999;999;i
RS;asavig999i;p0p100;1999;15359.4;999;i
RS;asavig999i;p0p100;2000;14602.2;999;i
RS;asavig999i;p0p100;2001;-12456.3;999;i
RS;asavig999i;p0p100;2002;-28163.0;999;i
RS;asavig999i;p0p100;2003;-13277.5;999;i
RS;asavig999i;p0p100;2004;13154.2;999;i
RS;asavig999i;p0p100;2005;19743.4;999;i
RS;asavig999i;p0p100;2006;20331.1;999;i
RS;asavig999i;p0p100;2007;11414.4;999;i
RS;asavig999i;p0p100;2008;5413.8999;999;i
RS;asavig999i;p0p100;2009;-2730.0;999;i
RS;asavig999i;p0p100;2010;-8323.4004;999;i
RS;asavig999i;p0p100;2011;13156.8;999;i
RS;bcainc992j;p27p100;1990;2.5983677;992;j
RS;bcainc992j;p27p100;1991;2.5582232;992;j
RS;bcainc992j;p27p100;1992;2.5208879;992;j
RS;bcainc992j;p27p100;1993;2.4848607;992;j
RS;bcainc992j;p27p100;1994;2.4456604;992;j
RS;bcainc992j;p27p100;1995;2.4110074;992;j
RS;bcainc992j;p27p100;1996;2.3703449;992;j
RS;bcainc992j;p27p100;1997;2.332072;992;j
RS;bcainc992j;p27p100;1998;2.2882926;992;j
RS;bcainc992j;p27p100;1999;2.3074772;992;j
RS;bcainc992j;p27p100;2000;2.311384;992;j
RS;bcainc992j;p27p100;2001;2.3127122;992;j
RS;bcainc992j;p27p100;2002;2.4083257;992;j
RS;bcainc992j;p27p100;2003;2.4553378;992;j
RS;bcainc992j;p27p100;2004;2.5883026;992;j
RS;bcainc992j;p27p100;2005;2.6480715;992;j
RS;bcainc992j;p27p100;2006;2.7947438;992;j
RS;bcainc992j;p27p100;2007;2.8440259;992;j
RS;bcainc992j;p27p100;2008;2.9484961;992;j
RS;bcainc992j;p27p100;2009;3.0861568;992;j
RS;bcainc992j;p27p100;2010;3.359561;992;j
RS;bcainc992j;p27p100;2011;3.6742344;992;j
RS;bcainc992j;p27p100;2012;3.5832925;992;j
RS;bcainc992j;p27p100;2013;4.128706;992;j
RS;bcainc992j;p27p100;2014;3.6378272;992;j
RS;bcainc992j;p27p100;2015;4.0510578;992;j
RS;bcainc992j;p27p100;2016;4.0483809;992;j
RS;bcainc992j;p27p100;2017;4.0527759;992;j
RS;bcainc992j;p80p100;1990;1.5596176;992;j
RS;bcainc992j;p80p100;1991;1.5560248;992;j
RS;bcainc992j;p80p100;1992;1.5543785;992;j
RS;bcainc992j;p80p100;1993;1.5555419;992;j
RS;bcainc992j;p80p100;1994;1.5567076;992;j
RS;bcainc992j;p80p100;1995;1.5582548;992;j
RS;bcainc992j;p80p100;1996;1.5534718;992;j
RS;bcainc992j;p80p100;1997;1.5497043;992;j
RS;bcainc992j;p80p100;1998;1.581656;992;j
RS;bcainc992j;p80p100;1999;1.6137029;992;j
RS;bcainc992j;p80p100;2000;1.649838;992;j
RS;bcainc992j;p80p100;2001;1.6834035;992;j
RS;bcainc992j;p80p100;2002;1.6859421;992;j
RS;bcainc992j;p80p100;2003;1.6948287;992;j
RS;bcainc992j;p80p100;2004;1.7037122;992;j
RS;bcainc992j;p80p100;2005;1.7293094;992;j
RS;bcainc992j;p80p100;2006;1.7561505;992;j
RS;bcainc992j;p80p100;2007;1.7383889;992;j
RS;bcainc992j;p80p100;2008;1.7248603;992;j
RS;bcainc992j;p80p100;2009;1.7617959;992;j
RS;bcainc992j;p80p100;2010;1.7854873;992;j
RS;bcainc992j;p80p100;2011;1.817763;992;j
RS;bcainc992j;p80p100;2012;1.8340052;992;j
RS;bcainc992j;p80p100;2013;1.781437;992;j
RS;bcainc992j;p80p100;2014;1.8918909;992;j
RS;bcainc992j;p80p100;2015;2.0229256;992;j
RS;bcainc992j;p80p100;2016;2.0231631;992;j
RS;bcainc992j;p80p100;2017;2.0244427;992;j
RS;bdiinc992j;p78p100;1990;1.5249881;992;j
RS;bdiinc992j;p78p100;1991;1.5213962;992;j
RS;bdiinc992j;p78p100;1992;1.5185764;992;j
RS;bdiinc992j;p78p100;1993;1.5186734;992;j
RS;bdiinc992j;p78p100;1994;1.5195516;992;j
RS;bdiinc992j;p78p100;1995;1.5208457;992;j
RS;bdiinc992j;p78p100;1996;1.516421;992;j
RS;bdiinc992j;p78p100;1997;1.510522;992;j
RS;bdiinc992j;p78p100;1998;1.5431664;992;j
RS;bdiinc992j;p78p100;1999;1.5769603;992;j
RS;bdiinc992j;p78p100;2000;1.6048049;992;j
RS;bdiinc992j;p78p100;2001;1.6330483;992;j
RS;bdiinc992j;p78p100;2002;1.6332231;992;j
RS;bdiinc992j;p78p100;2003;1.6395365;992;j
RS;bdiinc992j;p78p100;2004;1.6528351;992;j
RS;bdiinc992j;p78p100;2005;1.6813132;992;j
RS;bdiinc992j;p78p100;2006;1.7054223;992;j
RS;bdiinc992j;p78p100;2007;1.6876417;992;j
RS;bdiinc992j;p78p100;2008;1.6837202;992;j
RS;bdiinc992j;p78p100;2009;1.714793;992;j
RS;bdiinc992j;p78p100;2010;1.7490778;992;j
RS;bdiinc992j;p78p100;2011;1.7745447;992;j
RS;bdiinc992j;p78p100;2012;1.7970984;992;j
RS;bdiinc992j;p78p100;2013;1.7521784;992;j
RS;bdiinc992j;p78p100;2014;1.8315643;992;j
RS;bdiinc992j;p78p100;2015;1.9457903;992;j
RS;bdiinc992j;p78p100;2016;1.9557117;992;j
RS;bdiinc992j;p78p100;2017;1.9574403;992;j
RS;bdiinc992j;p98p100;1990;1.8398581;992;j
RS;bdiinc992j;p98p100;1991;1.8153832;992;j
RS;bdiinc992j;p98p100;1992;1.7857244;992;j
RS;bdiinc992j;p98p100;1993;1.7695103;992;j
RS;bdiinc992j;p98p100;1994;1.7584039;992;j
RS;bdiinc992j;p98p100;1995;1.7495172;992;j
RS;bdiinc992j;p98p100;1996;1.7345846;992;j
RS;bdiinc992j;p98p100;1997;1.7185159;992;j
RS;bdiinc992j;p98p100;1998;1.7446251;992;j
RS;bdiinc992j;p98p100;1999;1.8264647;992;j
RS;bdiinc992j;p98p100;2000;1.8592856;992;j
RS;bdiinc992j;p98p100;2001;1.9235849;992;j
RS;bdiinc992j;p98p100;2002;1.8927321;992;j
RS;bdiinc992j;p98p100;2003;1.8803818;992;j
RS;bdiinc992j;p98p100;2004;1.8753537;992;j
RS;bdiinc992j;p98p100;2005;1.9038781;992;j
RS;bdiinc992j;p98p100;2006;1.8677946;992;j
RS;bdiinc992j;p98p100;2007;1.8048494;992;j
RS;bdiinc992j;p98p100;2008;1.7578683;992;j
RS;bdiinc992j;p98p100;2009;1.835268;992;j
RS;bdiinc992j;p98p100;2010;1.8083471;992;j
RS;bdiinc992j;p98p100;2011;1.7948347;992;j
RS;bdiinc992j;p98p100;2012;1.9915743;992;j
RS;bdiinc992j;p98p100;2013;1.8604052;992;j
RS;bdiinc992j;p98p100;2014;2.2101774;992;j
RS;bdiinc992j;p98p100;2015;2.5785067;992;j
RS;bdiinc992j;p98p100;2016;2.5848603;992;j
RS;bdiinc992j;p98p100;2017;2.586921;992;j
RS;bdiinc992j;p99.4p100;1990;1.9752926;992;j
RS;bdiinc992j;p99.4p100;1991;1.9385086;992;j
RS;bdiinc992j;p99.4p100;1992;1.8908489;992;j
RS;bdiinc992j;p99.4p100;1993;1.8607814;992;j
RS;bdiinc992j;p99.4p100;1994;1.8411834;992;j
RS;bdiinc992j;p99.4p100;1995;1.8248307;992;j
RS;bdiinc992j;p99.4p100;1996;1.804462;992;j
RS;bdiinc992j;p99.4p100;1997;1.7826527;992;j
RS;bdiinc992j;p99.4p100;1998;1.8111682;992;j
RS;bdiinc992j;p99.4p100;1999;1.9108374;992;j
RS;bdiinc992j;p99.4p100;2000;1.9271402;992;j
RS;bdiinc992j;p99.4p100;2001;2.0072381;992;j
RS;bdiinc992j;p99.4p100;2002;1.9525446;992;j
RS;bdiinc992j;p99.4p100;2003;1.948999;992;j
RS;bdiinc992j;p99.4p100;2004;1.9487333;992;j
RS;bdiinc992j;p99.4p100;2005;1.9848951;992;j
RS;bdiinc992j;p99.4p100;2006;1.9197232;992;j
RS;bdiinc992j;p99.4p100;2007;1.8417459;992;j
RS;bdiinc992j;p99.4p100;2008;1.7726243;992;j
RS;bdiinc992j;p99.4p100;2009;1.8716476;992;j
RS;bdiinc992j;p99.4p100;2010;1.8292249;992;j
RS;bdiinc992j;p99.4p100;2011;1.8056908;992;j
RS;bdiinc992j;p99.4p100;2012;2.053587;992;j
RS;bdiinc992j;p99.4p100;2013;1.8877044;992;j
RS;bdiinc992j;p99.4p100;2014;2.3552976;992;j
RS;bdiinc992j;p99.4p100;2015;2.81305;992;j
RS;bdiinc992j;p99.4p100;2016;2.8174238;992;j
RS;bdiinc992j;p99.4p100;2017;2.8198893;992;j
RS;bptinc992j;p19p100;1990;3.8078163;992;j
RS;bptinc992j;p19p100;1991;3.8348417;992;j
RS;bptinc992j;p19p100;1992;3.8532317;992;j
RS;bptinc992j;p19p100;1993;3.866035;992;j
RS;bptinc992j;p19p100;1994;3.8938975;992;j
RS;bptinc992j;p19p100;1995;3.9219487;992;j
RS;bptinc992j;p19p100;1996;3.9274516;992;j
RS;bptinc992j;p19p100;1997;3.9500813;992;j
RS;bptinc992j;p19p100;1998;3.6891289;992;j
RS;bptinc992j;p19p100;1999;3.6814194;992;j
RS;bptinc992j;p19p100;2000;3.7979729;992;j
RS;bptinc992j;p19p100;2001;3.7928796;992;j
RS;bptinc992j;p19p100;2002;4.1569605;992;j
RS;bptinc992j;p19p100;2003;4.2573714;992;j
RS;bptinc992j;p19p100;2004;4.6023922;992;j
RS;bptinc992j;p19p100;2005;4.9231281;992;j
RS;bptinc992j;p19p100;2006;5.4402843;992;j
RS;bptinc992j;p19p100;2007;5.8163147;992;j
RS;bptinc992j;p19p100;2008;6.4849811;992;j
RS;bptinc992j;p19p100;2009;7.2726192;992;j
RS;bptinc992j;p19p100;2010;7.9871502;992;j
RS;bptinc992j;p19p100;2011;9.332325;992;j
RS;bptinc992j;p19p100;2012;9.9451704;992;j
RS;bptinc992j;p19p100;2013;10.80179;992;j
RS;bptinc992j;p19p100;2014;10.448544;992;j
RS;bptinc992j;p19p100;2015;10.483978;992;j
RS;bptinc992j;p19p100;2016;10.458145;992;j
RS;bptinc992j;p19p100;2017;10.566915;992;j
RS;bptinc992j;p22p100;1990;3.3803434;992;j
RS;bptinc992j;p22p100;1991;3.3914111;992;j
RS;bptinc992j;p22p100;1992;3.3901017;992;j
RS;bptinc992j;p22p100;1993;3.4015253;992;j
RS;bptinc992j;p22p100;1994;3.4103808;992;j
RS;bptinc992j;p22p100;1995;3.4203401;992;j
RS;bptinc992j;p22p100;1996;3.4200952;992;j
RS;bptinc992j;p22p100;1997;3.4225321;992;j
RS;bptinc992j;p22p100;1998;3.2693727;992;j
RS;bptinc992j;p22p100;1999;3.313215;992;j
RS;bptinc992j;p22p100;2000;3.3896322;992;j
RS;bptinc992j;p22p100;2001;3.4035585;992;j
RS;bptinc992j;p22p100;2002;3.6920598;992;j
RS;bptinc992j;p22p100;2003;3.7322545;992;j
RS;bptinc992j;p22p100;2004;3.9852195;992;j
RS;bptinc992j;p22p100;2005;4.1766677;992;j
RS;bptinc992j;p22p100;2006;4.4859385;992;j
RS;bptinc992j;p22p100;2007;4.661016;992;j
RS;bptinc992j;p22p100;2008;5.065763;992;j
RS;bptinc992j;p22p100;2009;5.3219485;992;j
RS;bptinc992j;p22p100;2010;5.7685475;992;j
RS;bptinc992j;p22p100;2011;6.7828135;992;j
RS;bptinc992j;p22p100;2012;7.7628565;992;j
RS;bptinc992j;p22p100;2013;7.4863639;992;j
RS;bptinc992j;p22p100;2014;8.3682117;992;j
RS;bptinc992j;p22p100;2015;7.6815896;992;j
RS;bptinc992j;p22p100;2016;7.6757288;992;j
RS;bptinc992j;p22p100;2017;7.7058859;992;j
RS;bptinc992j;p36p100;1990;2.263088;992;j
RS;bptinc992j;p36p100;1991;2.2746303;992;j
RS;bptinc992j;p36p100;1992;2.282624;992;j
RS;bptinc992j;p36p100;1993;2.2926252;992;j
RS;bptinc992j;p36p100;1994;2.3010964;992;j
RS;bptinc992j;p36p100;1995;2.31072;992;j
RS;bptinc992j;p36p100;1996;2.3177307;992;j
RS;bptinc992j;p36p100;1997;2.3241756;992;j
RS;bptinc992j;p36p100;1998;2.3620636;992;j
RS;bptinc992j;p36p100;1999;2.365525;992;j
RS;bptinc992j;p36p100;2000;2.3978865;992;j
RS;bptinc992j;p36p100;2001;2.4142358;992;j
RS;bptinc992j;p36p100;2002;2.4580209;992;j
RS;bptinc992j;p36p100;2003;2.4900577;992;j
RS;bptinc992j;p36p100;2004;2.5622084;992;j
RS;bptinc992j;p36p100;2005;2.6418858;992;j
RS;bptinc992j;p36p100;2006;2.7052593;992;j
RS;bptinc992j;p36p100;2007;2.6887586;992;j
RS;bptinc992j;p36p100;2008;2.780086;992;j
RS;bptinc992j;p36p100;2009;2.8405414;992;j
RS;bptinc992j;p36p100;2010;2.9543617;992;j
RS;bptinc992j;p36p100;2011;3.1102393;992;j
RS;bptinc992j;p36p100;2012;3.1400328;992;j
RS;bptinc992j;p36p100;2013;3.1186509;992;j
RS;bptinc992j;p36p100;2014;3.2818201;992;j
RS;bptinc992j;p36p100;2015;3.1031067;992;j
RS;bptinc992j;p36p100;2016;3.1036577;992;j
RS;bptinc992j;p36p100;2017;3.1083391;992;j
RS;bptinc992j;p99.993p100;1990;2.0956216;992;j
RS;bptinc992j;p99.993p100;1991;2.1186266;992;j
RS;bptinc992j;p99.993p100;1992;2.1256654;992;j
RS;bptinc992j;p99.993p100;1993;2.1477668;992;j
RS;bptinc992j;p99.993p100;1994;2.1489086;992;j
RS;bptinc992j;p99.993p100;1995;2.168437;992;j
RS;bptinc992j;p99.993p100;1996;2.1875293;992;j
RS;bptinc992j;p99.993p100;1997;2.2096722;992;j
RS;bptinc992j;p99.993p100;1998;2.1731534;992;j
RS;bptinc992j;p99.993p100;1999;2.2307799;992;j
RS;bptinc992j;p99.993p100;2000;2.2430162;992;j
RS;bptinc992j;p99.993p100;2001;2.3062291;992;j
RS;bptinc992j;p99.993p100;2002;2.2456808;992;j
RS;bptinc992j;p99.993p100;2003;2.2145424;992;j
RS;bptinc992j;p99.993p100;2004;2.2106392;992;j
RS;bptinc992j;p99.993p100;2005;2.1467919;992;j
RS;bptinc992j;p99.993p100;2006;2.148222;992;j
RS;bptinc992j;p99.993p100;2007;2.1077566;992;j
RS;bptinc992j;p99.993p100;2008;2.1240387;992;j
RS;bptinc992j;p99.993p100;2009;2.0979724;992;j
RS;bptinc992j;p99.993p100;2010;2.0182407;992;j
RS;bptinc992j;p99.993p100;2011;2.0448573;992;j
RS;bptinc992j;p99.993p100;2012;1.8220246;992;j
RS;bptinc992j;p99.993p100;2013;1.9171178;992;j
RS;bptinc992j;p99.993p100;2014;2.3212764;992;j
RS;bptinc992j;p99.993p100;2015;2.3328936;992;j
RS;bptinc992j;p99.993p100;2016;2.3327014;992;j
RS;bptinc992j;p99.993p100;2017;2.3313866;992;j
RS;mfdipx999i;p0p100;2007;124030074880.0;999;i
RS;mfdipx999i;p0p100;2008;105227575296.0;999;i
RS;mfdipx999i;p0p100;2009;47347589120.0;999;i
RS;mfdipx999i;p0p100;2010;65554898944.0;999;i
RS;mfdipx999i;p0p100;2011;156261515264.0;999;i
RS;mfdipx999i;p0p100;2012;139658199040.0;999;i
RS;mfdipx999i;p0p100;2013;162268577792.0;999;i
RS;mfdipx999i;p0p100;2014;154696171520.0;999;i
RS;mfdipx999i;p0p100;2015;192932216832.0;999;i
RS;mfdipx999i;p0p100;2016;220311502848.0;999;i
RS;mfdipx999i;p0p100;2017;283127742464.0;999;i
RS;mfdipx999i;p0p100;2018;247759765504.0;999;i
RS;npopul451f;p0p100;1950;202323.0;451;f
RS;npopul451f;p0p100;1951;205830.0;451;f
RS;npopul451f;p0p100;1952;210667.0;451;f
RS;npopul451f;p0p100;1953;215403.0;451;f
RS;npopul451f;p0p100;1954;218531.0;451;f
RS;npopul451f;p0p100;1955;219281.0;451;f
RS;npopul451f;p0p100;1956;217635.0;451;f
RS;npopul451f;p0p100;1957;214627.0;451;f
RS;npopul451f;p0p100;1958;210025.0;451;f
RS;npopul451f;p0p100;1959;203440.0;451;f
RS;npopul451f;p0p100;1960;194971.0;451;f
RS;npopul451f;p0p100;1961;184755.0;451;f
RS;npopul451f;p0p100;1962;171703.0;451;f
RS;npopul451f;p0p100;1963;159779.0;451;f
RS;npopul451f;p0p100;1964;154749.0;451;f
RS;npopul451f;p0p100;1965;159814.0;451;f
RS;npopul451f;p0p100;1966;173450.0;451;f
RS;npopul451f;p0p100;1967;196999.0;451;f
RS;npopul451f;p0p100;1968;226140.0;451;f
RS;npopul451f;p0p100;1969;253938.0;451;f
RS;npopul451f;p0p100;1970;275994.0;451;f
RS;npopul451f;p0p100;1971;292813.0;451;f
RS;npopul451f;p0p100;1972;304378.0;451;f
RS;npopul451f;p0p100;1973;311688.0;451;f
RS;npopul451f;p0p100;1974;316871.0;451;f
RS;npopul451f;p0p100;1975;321191.0;451;f
RS;npopul451f;p0p100;1976;323641.0;451;f
RS;npopul451f;p0p100;1977;324476.0;451;f
RS;npopul451f;p0p100;1978;323784.0;451;f
RS;npopul451f;p0p100;1979;321650.0;451;f
RS;npopul451f;p0p100;1980;318192.0;451;f
RS;npopul451f;p0p100;1981;313463.0;451;f
RS;npopul451f;p0p100;1982;308470.0;451;f
RS;npopul451f;p0p100;1983;302627.0;451;f
RS;npopul451f;p0p100;1984;294904.0;451;f
RS;npopul451f;p0p100;1985;284985.0;451;f
RS;npopul451f;p0p100;1986;272907.0;451;f
RS;npopul451f;p0p100;1987;258268.0;451;f
RS;npopul451f;p0p100;1988;244676.0;451;f
RS;npopul451f;p0p100;1989;237500.0;451;f
RS;npopul451f;p0p100;1990;239810.0;451;f
RS;npopul451f;p0p100;1991;250600.0;451;f
RS;npopul451f;p0p100;1992;270560.0;451;f
RS;npopul451f;p0p100;1993;295897.0;451;f
RS;npopul451f;p0p100;1994;320357.0;451;f
RS;npopul451f;p0p100;1995;339658.0;451;f
RS;npopul451f;p0p100;1996;356783.0;451;f
RS;npopul451f;p0p100;1997;369336.0;451;f
RS;npopul451f;p0p100;1998;376877.0;451;f
RS;npopul451f;p0p100;1999;298620.0;451;f
RS;npopul451f;p0p100;2000;298901.0;451;f
RS;npopul451f;p0p100;2001;293936.0;451;f
RS;npopul451f;p0p100;2002;284510.0;451;f
RS;npopul451f;p0p100;2003;271665.0;451;f
RS;npopul451f;p0p100;2004;259343.0;451;f
RS;npopul451f;p0p100;2005;249478.0;451;f
RS;npopul451f;p0p100;2006;242877.0;451;f
RS;npopul451f;p0p100;2007;239306.0;451;f
RS;npopul451f;p0p100;2008;237906.0;451;f
RS;npopul451f;p0p100;2009;237297.0;451;f
RS;npopul451f;p0p100;2010;236515.0;451;f
RS;npopul451f;p0p100;2011;235017.0;451;f
RS;npopul451f;p0p100;2012;234419.0;451;f
RS;npopul451f;p0p100;2013;234177.0;451;f
RS;npopul451f;p0p100;2014;234524.0;451;f
RS;npopul451f;p0p100;2015;235472.0;451;f
RS;npopul451f;p0p100;2016;236422.0;451;f
RS;npopul451f;p0p100;2017;238550.0;451;f
RS;npopul451f;p0p100;2018;240871.0;451;f
RS;npopul451f;p0p100;2019;243046.0;451;f
RS;scainc992j;p19p20;1990;0.0035999999;992;j
RS;scainc992j;p19p20;1991;0.0037;992;j
RS;scainc992j;p19p20;1992;0.0038000001;992;j
RS;scainc992j;p19p20;1993;0.0038000001;992;j
RS;scainc992j;p19p20;1994;0.0038999999;992;j
RS;scainc992j;p19p20;1995;0.0040000002;992;j
RS;scainc992j;p19p20;1996;0.0040000002;992;j
RS;scainc992j;p19p20;1997;0.0041;992;j
RS;scainc992j;p19p20;1998;0.0044;992;j
RS;scainc992j;p19p20;1999;0.0043000001;992;j
RS;scainc992j;p19p20;2000;0.0043000001;992;j
RS;scainc992j;p19p20;2001;0.0041999999;992;j
RS;scainc992j;p19p20;2002;0.0038999999;992;j
RS;scainc992j;p19p20;2003;0.0038000001;992;j
RS;scainc992j;p19p20;2004;0.0034;992;j
RS;scainc992j;p19p20;2005;0.0035000001;992;j
RS;scainc992j;p19p20;2006;0.0031999999;992;j
RS;scainc992j;p19p20;2007;0.0031000001;992;j
RS;scainc992j;p19p20;2008;0.003;992;j
RS;scainc992j;p19p20;2009;0.0027000001;992;j
RS;scainc992j;p19p20;2010;0.0023000001;992;j
RS;scainc992j;p19p20;2011;0.0020999999;992;j
RS;scainc992j;p19p20;2012;0.0020999999;992;j
RS;scainc992j;p19p20;2013;0.0017;992;j
RS;scainc992j;p19p20;2014;0.0024000001;992;j
RS;scainc992j;p19p20;2015;0.0019;992;j
RS;scainc992j;p19p20;2016;0.0019;992;j
RS;scainc992j;p19p20;2017;0.0019;992;j
RS;scainc992j;p38p39;1990;0.0068000001;992;j
RS;scainc992j;p38p39;1991;0.0068000001;992;j
RS;scainc992j;p38p39;1992;0.0068000001;992;j
RS;scainc992j;p38p39;1993;0.0068000001;992;j
RS;scainc992j;p38p39;1994;0.0068000001;992;j
RS;scainc992j;p38p39;1995;0.0068999999;992;j
RS;scainc992j;p38p39;1996;0.0068999999;992;j
RS;scainc992j;p38p39;1997;0.0068999999;992;j
RS;scainc992j;p38p39;1998;0.0066999998;992;j
RS;scainc992j;p38p39;1999;0.0066999998;992;j
RS;scainc992j;p38p39;2000;0.0066;992;j
RS;scainc992j;p38p39;2001;0.0066;992;j
RS;scainc992j;p38p39;2002;0.0065000001;992;j
RS;scainc992j;p38p39;2003;0.0065000001;992;j
RS;scainc992j;p38p39;2004;0.0063;992;j
RS;scainc992j;p38p39;2005;0.0062000002;992;j
RS;scainc992j;p38p39;2006;0.0060999999;992;j
RS;scainc992j;p38p39;2007;0.0060999999;992;j
RS;scainc992j;p38p39;2008;0.0060000001;992;j
RS;scainc992j;p38p39;2009;0.0059000002;992;j
RS;scainc992j;p38p39;2010;0.0057999999;992;j
RS;scainc992j;p38p39;2011;0.0055999998;992;j
RS;scainc992j;p38p39;2012;0.0055;992;j
RS;scainc992j;p38p39;2013;0.0052999998;992;j
RS;scainc992j;p38p39;2014;0.0054000001;992;j
RS;scainc992j;p38p39;2015;0.0052999998;992;j
RS;scainc992j;p38p39;2016;0.0052999998;992;j
RS;scainc992j;p38p39;2017;0.0052999998;992;j
RS;scainc992j;p43p44;1990;0.0074;992;j
RS;scainc992j;p43p44;1991;0.0074;992;j
RS;scainc992j;p43p44;1992;0.0074;992;j
RS;scainc992j;p43p44;1993;0.0074;992;j
RS;scainc992j;p43p44;1994;0.0074999998;992;j
RS;scainc992j;p43p44;1995;0.0074999998;992;j
RS;scainc992j;p43p44;1996;0.0074999998;992;j
RS;scainc992j;p43p44;1997;0.0074999998;992;j
RS;scainc992j;p43p44;1998;0.0073000002;992;j
RS;scainc992j;p43p44;1999;0.0073000002;992;j
RS;scainc992j;p43p44;2000;0.0071999999;992;j
RS;scainc992j;p43p44;2001;0.0071999999;992;j
RS;scainc992j;p43p44;2002;0.0071999999;992;j
RS;scainc992j;p43p44;2003;0.0071;992;j
RS;scainc992j;p43p44;2004;0.0071;992;j
RS;scainc992j;p43p44;2005;0.0068999999;992;j
RS;scainc992j;p43p44;2006;0.0068000001;992;j
RS;scainc992j;p43p44;2007;0.0068000001;992;j
RS;scainc992j;p43p44;2008;0.0066999998;992;j
RS;scainc992j;p43p44;2009;0.0066;992;j
RS;scainc992j;p43p44;2010;0.0065000001;992;j
RS;scainc992j;p43p44;2011;0.0063;992;j
RS;scainc992j;p43p44;2012;0.0062000002;992;j
RS;scainc992j;p43p44;2013;0.0062000002;992;j
RS;scainc992j;p43p44;2014;0.0062000002;992;j
RS;scainc992j;p43p44;2015;0.0060000001;992;j
RS;scainc992j;p43p44;2016;0.0060000001;992;j
RS;scainc992j;p43p44;2017;0.0060000001;992;j
RS;scainc992j;p5p100;1990;0.99470001;992;j
RS;scainc992j;p5p100;1991;0.99479997;992;j
RS;scainc992j;p5p100;1992;0.995;992;j
RS;scainc992j;p5p100;1993;0.99519998;992;j
RS;scainc992j;p5p100;1994;0.99540001;992;j
RS;scainc992j;p5p100;1995;0.9957;992;j
RS;scainc992j;p5p100;1996;0.99589998;992;j
RS;scainc992j;p5p100;1997;0.99620003;992;j
RS;scainc992j;p5p100;1998;0.99589998;992;j
RS;scainc992j;p5p100;1999;0.9957;992;j
RS;scainc992j;p5p100;2000;0.99610001;992;j
RS;scainc992j;p5p100;2001;0.99629998;992;j
RS;scainc992j;p5p100;2002;0.99779999;992;j
RS;scainc992j;p5p100;2003;0.99730003;992;j
RS;scainc992j;p5p100;2004;0.99769998;992;j
RS;scainc992j;p5p100;2005;0.99779999;992;j
RS;scainc992j;p5p100;2006;0.99800003;992;j
RS;scainc992j;p5p100;2007;0.99849999;992;j
RS;scainc992j;p5p100;2008;0.99839997;992;j
RS;scainc992j;p5p100;2009;0.99779999;992;j
RS;scainc992j;p5p100;2010;0.99790001;992;j
RS;scainc992j;p5p100;2011;0.9982;992;j
RS;scainc992j;p5p100;2012;0.99860001;992;j
RS;scainc992j;p5p100;2013;0.99669999;992;j
RS;scainc992j;p5p100;2014;0.99299997;992;j
RS;scainc992j;p5p100;2015;0.99529999;992;j
RS;scainc992j;p5p100;2016;0.99529999;992;j
RS;scainc992j;p5p100;2017;0.99529999;992;j
RS;scainc992j;p83p84;1990;0.0152;992;j
RS;scainc992j;p83p84;1991;0.0151;992;j
RS;scainc992j;p83p84;1992;0.0151;992;j
RS;scainc992j;p83p84;1993;0.015;992;j
RS;scainc992j;p83p84;1994;0.0149;992;j
RS;scainc992j;p83p84;1995;0.0148;992;j
RS;scainc992j;p83p84;1996;0.0148;992;j
RS;scainc992j;p83p84;1997;0.0147;992;j
RS;scainc992j;p83p84;1998;0.0145;992;j
RS;scainc992j;p83p84;1999;0.0143;992;j
RS;scainc992j;p83p84;2000;0.0142;992;j
RS;scainc992j;p83p84;2001;0.014;992;j
RS;scainc992j;p83p84;2002;0.0143;992;j
RS;scainc992j;p83p84;2003;0.0144;992;j
RS;scainc992j;p83p84;2004;0.0147;992;j
RS;scainc992j;p83p84;2005;0.0147;992;j
RS;scainc992j;p83p84;2006;0.0148;992;j
RS;scainc992j;p83p84;2007;0.0151;992;j
RS;scainc992j;p83p84;2008;0.0152;992;j
RS;scainc992j;p83p84;2009;0.0153;992;j
RS;scainc992j;p83p84;2010;0.0155;992;j
RS;scainc992j;p83p84;2011;0.015699999;992;j
RS;scainc992j;p83p84;2012;0.0156;992;j
RS;scainc992j;p83p84;2013;0.016100001;992;j
RS;scainc992j;p83p84;2014;0.0149;992;j
RS;scainc992j;p83p84;2015;0.0146;992;j
RS;scainc992j;p83p84;2016;0.0146;992;j
RS;scainc992j;p83p84;2017;0.0146;992;j
RS;scainc992j;p86p100;1990;0.35330001;992;j
RS;scainc992j;p86p100;1991;0.35159999;992;j
RS;scainc992j;p86p100;1992;0.35030001;992;j
RS;scainc992j;p86p100;1993;0.3495;992;j
RS;scainc992j;p86p100;1994;0.34869999;992;j
RS;scainc992j;p86p100;1995;0.3479;992;j
RS;scainc992j;p86p100;1996;0.34599999;992;j
RS;scainc992j;p86p100;1997;0.34419999;992;j
RS;scainc992j;p86p100;1998;0.34729999;992;j
RS;scainc992j;p86p100;1999;0.3522;992;j
RS;scainc992j;p86p100;2000;0.35960001;992;j
RS;scainc992j;p86p100;2001;0.3642;992;j
RS;scainc992j;p86p100;2002;0.37180001;992;j
RS;scainc992j;p86p100;2003;0.37419999;992;j
RS;scainc992j;p86p100;2004;0.38209999;992;j
RS;scainc992j;p86p100;2005;0.38980001;992;j
RS;scainc992j;p86p100;2006;0.3976;992;j
RS;scainc992j;p86p100;2007;0.39719999;992;j
RS;scainc992j;p86p100;2008;0.39969999;992;j
RS;scainc992j;p86p100;2009;0.4064;992;j
RS;scainc992j;p86p100;2010;0.4174;992;j
RS;scainc992j;p86p100;2011;0.4269;992;j
RS;scainc992j;p86p100;2012;0.4321;992;j
RS;scainc992j;p86p100;2013;0.4276;992;j
RS;scainc992j;p86p100;2014;0.4269;992;j
RS;scainc992j;p86p100;2015;0.45370001;992;j
RS;scainc992j;p86p100;2016;0.45370001;992;j
RS;scainc992j;p86p100;2017;0.45390001;992;j
RS;scainc992j;p95p96;1990;0.022700001;992;j
RS;scainc992j;p95p96;1991;0.022700001;992;j
RS;scainc992j;p95p96;1992;0.0228;992;j
RS;scainc992j;p95p96;1993;0.0228;992;j
RS;scainc992j;p95p96;1994;0.0228;992;j
RS;scainc992j;p95p96;1995;0.0228;992;j
RS;scainc992j;p95p96;1996;0.0228;992;j
RS;scainc992j;p95p96;1997;0.0228;992;j
RS;scainc992j;p95p96;1998;0.0229;992;j
RS;scainc992j;p95p96;1999;0.0228;992;j
RS;scainc992j;p95p96;2000;0.0232;992;j
RS;scainc992j;p95p96;2001;0.0232;992;j
RS;scainc992j;p95p96;2002;0.023800001;992;j
RS;scainc992j;p95p96;2003;0.024;992;j
RS;scainc992j;p95p96;2004;0.024499999;992;j
RS;scainc992j;p95p96;2005;0.024900001;992;j
RS;scainc992j;p95p96;2006;0.025599999;992;j
RS;scainc992j;p95p96;2007;0.025900001;992;j
RS;scainc992j;p95p96;2008;0.0264;992;j
RS;scainc992j;p95p96;2009;0.0263;992;j
RS;scainc992j;p95p96;2010;0.0273;992;j
RS;scainc992j;p95p96;2011;0.028000001;992;j
RS;scainc992j;p95p96;2012;0.027100001;992;j
RS;scainc992j;p95p96;2013;0.0276;992;j
RS;scainc992j;p95p96;2014;0.0255;992;j
RS;scainc992j;p95p96;2015;0.0252;992;j
RS;scainc992j;p95p96;2016;0.0252;992;j
RS;scainc992j;p95p96;2017;0.0252;992;j
RS;scainc992j;p99.997p99.998;1990;0.0008;992;j
RS;scainc992j;p99.997p99.998;1991;0.0008;992;j
RS;scainc992j;p99.997p99.998;1992;0.0007;992;j
RS;scainc992j;p99.997p99.998;1993;0.0007;992;j
RS;scainc992j;p99.997p99.998;1994;0.0007;992;j
RS;scainc992j;p99.997p99.998;1995;0.0007;992;j
RS;scainc992j;p99.997p99.998;1996;0.0006;992;j
RS;scainc992j;p99.997p99.998;1997;0.0006;992;j
RS;scainc992j;p99.997p99.998;1998;0.0006;992;j
RS;scainc992j;p99.997p99.998;1999;0.0008;992;j
RS;scainc992j;p99.997p99.998;2000;0.0008;992;j
RS;scainc992j;p99.997p99.998;2001;0.001;992;j
RS;scainc992j;p99.997p99.998;2002;0.0009;992;j
RS;scainc992j;p99.997p99.998;2003;0.0009;992;j
RS;scainc992j;p99.997p99.998;2004;0.0009;992;j
RS;scainc992j;p99.997p99.998;2005;0.001;992;j
RS;scainc992j;p99.997p99.998;2006;0.0009;992;j
RS;scainc992j;p99.997p99.998;2007;0.0008;992;j
RS;scainc992j;p99.997p99.998;2008;0.0007;992;j
RS;scainc992j;p99.997p99.998;2009;0.0009;992;j
RS;scainc992j;p99.997p99.998;2010;0.0008;992;j
RS;scainc992j;p99.997p99.998;2011;0.0008;992;j
RS;scainc992j;p99.997p99.998;2012;0.0012000001;992;j
RS;scainc992j;p99.997p99.998;2013;0.0009;992;j
RS;scainc992j;p99.997p99.998;2014;0.0017;992;j
RS;scainc992j;p99.997p99.998;2015;0.0027000001;992;j
RS;scainc992j;p99.997p99.998;2016;0.0027000001;992;j
RS;scainc992j;p99.997p99.998;2017;0.0027000001;992;j
RS;sdiinc992j;p13p100;1990;0.97100002;992;j
RS;sdiinc992j;p13p100;1991;0.9709;992;j
RS;sdiinc992j;p13p100;1992;0.9709;992;j
RS;sdiinc992j;p13p100;1993;0.97079998;992;j
RS;sdiinc992j;p13p100;1994;0.97070003;992;j
RS;sdiinc992j;p13p100;1995;0.97060001;992;j
RS;sdiinc992j;p13p100;1996;0.97039998;992;j
RS;sdiinc992j;p13p100;1997;0.9702;992;j
RS;sdiinc992j;p13p100;1998;0.96939999;992;j
RS;sdiinc992j;p13p100;1999;0.9702;992;j
RS;sdiinc992j;p13p100;2000;0.97049999;992;j
RS;sdiinc992j;p13p100;2001;0.97060001;992;j
RS;sdiinc992j;p13p100;2002;0.97409999;992;j
RS;sdiinc992j;p13p100;2003;0.9745;992;j
RS;sdiinc992j;p13p100;2004;0.97729999;992;j
RS;sdiinc992j;p13p100;2005;0.97860003;992;j
RS;sdiinc992j;p13p100;2006;0.98030001;992;j
RS;sdiinc992j;p13p100;2007;0.9813;992;j
RS;sdiinc992j;p13p100;2008;0.9813;992;j
RS;sdiinc992j;p13p100;2009;0.98110002;992;j
RS;sdiinc992j;p13p100;2010;0.98210001;992;j
RS;sdiinc992j;p13p100;2011;0.98390001;992;j
RS;sdiinc992j;p13p100;2012;0.98479998;992;j
RS;sdiinc992j;p13p100;2013;0.98049998;992;j
RS;sdiinc992j;p13p100;2014;0.9716;992;j
RS;sdiinc992j;p13p100;2015;0.97710001;992;j
RS;sdiinc992j;p13p100;2016;0.97850001;992;j
RS;sdiinc992j;p13p100;2017;0.97860003;992;j
RS;sdiinc992j;p26p27;1990;0.0052;992;j
RS;sdiinc992j;p26p27;1991;0.0052;992;j
RS;sdiinc992j;p26p27;1992;0.0052999998;992;j
RS;sdiinc992j;p26p27;1993;0.0054000001;992;j
RS;sdiinc992j;p26p27;1994;0.0054000001;992;j
RS;sdiinc992j;p26p27;1995;0.0055;992;j
RS;sdiinc992j;p26p27;1996;0.0055999998;992;j
RS;sdiinc992j;p26p27;1997;0.0057000001;992;j
RS;sdiinc992j;p26p27;1998;0.0057000001;992;j
RS;sdiinc992j;p26p27;1999;0.0055999998;992;j
RS;sdiinc992j;p26p27;2000;0.0055999998;992;j
RS;sdiinc992j;p26p27;2001;0.0057000001;992;j
RS;sdiinc992j;p26p27;2002;0.0055;992;j
RS;sdiinc992j;p26p27;2003;0.0054000001;992;j
RS;sdiinc992j;p26p27;2004;0.0052;992;j
RS;sdiinc992j;p26p27;2005;0.0051000002;992;j
RS;sdiinc992j;p26p27;2006;0.0049000001;992;j
RS;sdiinc992j;p26p27;2007;0.0049000001;992;j
RS;sdiinc992j;p26p27;2008;0.0048000002;992;j
RS;sdiinc992j;p26p27;2009;0.0046000001;992;j
RS;sdiinc992j;p26p27;2010;0.0043000001;992;j
RS;sdiinc992j;p26p27;2011;0.0040000002;992;j
RS;sdiinc992j;p26p27;2012;0.0041;992;j
RS;sdiinc992j;p26p27;2013;0.0035999999;992;j
RS;sdiinc992j;p26p27;2014;0.0040000002;992;j
RS;sdiinc992j;p26p27;2015;0.0037;992;j
RS;sdiinc992j;p26p27;2016;0.0035999999;992;j
RS;sdiinc992j;p26p27;2017;0.0035999999;992;j
RS;sdiinc992j;p83p100;1990;0.3836;992;j
RS;sdiinc992j;p83p100;1991;0.38190001;992;j
RS;sdiinc992j;p83p100;1992;0.38049999;992;j
RS;sdiinc992j;p83p100;1993;0.37970001;992;j
RS;sdiinc992j;p83p100;1994;0.37869999;992;j
RS;sdiinc992j;p83p100;1995;0.37779999;992;j
RS;sdiinc992j;p83p100;1996;0.37599999;992;j
RS;sdiinc992j;p83p100;1997;0.37380001;992;j
RS;sdiinc992j;p83p100;1998;0.3788;992;j
RS;sdiinc992j;p83p100;1999;0.3854;992;j
RS;sdiinc992j;p83p100;2000;0.38999999;992;j
RS;sdiinc992j;p83p100;2001;0.39340001;992;j
RS;sdiinc992j;p83p100;2002;0.39879999;992;j
RS;sdiinc992j;p83p100;2003;0.4014;992;j
RS;sdiinc992j;p83p100;2004;0.40959999;992;j
RS;sdiinc992j;p83p100;2005;0.4172;992;j
RS;sdiinc992j;p83p100;2006;0.4249;992;j
RS;sdiinc992j;p83p100;2007;0.4233;992;j
RS;sdiinc992j;p83p100;2008;0.42570001;992;j
RS;sdiinc992j;p83p100;2009;0.43270001;992;j
RS;sdiinc992j;p83p100;2010;0.44279999;992;j
RS;sdiinc992j;p83p100;2011;0.45320001;992;j
RS;sdiinc992j;p83p100;2012;0.45699999;992;j
RS;sdiinc992j;p83p100;2013;0.45390001;992;j
RS;sdiinc992j;p83p100;2014;0.4501;992;j
RS;sdiinc992j;p83p100;2015;0.47330001;992;j
RS;sdiinc992j;p83p100;2016;0.4772;992;j
RS;sdiinc992j;p83p100;2017;0.47780001;992;j
RS;sdiinc992j;p99.994p99.995;1990;0.0005;992;j
RS;sdiinc992j;p99.994p99.995;1991;0.0005;992;j
RS;sdiinc992j;p99.994p99.995;1992;0.0005;992;j
RS;sdiinc992j;p99.994p99.995;1993;0.0004;992;j
RS;sdiinc992j;p99.994p99.995;1994;0.0004;992;j
RS;sdiinc992j;p99.994p99.995;1995;0.0004;992;j
RS;sdiinc992j;p99.994p99.995;1996;0.0004;992;j
RS;sdiinc992j;p99.994p99.995;1997;0.0004;992;j
RS;sdiinc992j;p99.994p99.995;1998;0.0004;992;j
RS;sdiinc992j;p99.994p99.995;1999;0.0005;992;j
RS;sdiinc992j;p99.994p99.995;2000;0.0005;992;j
RS;sdiinc992j;p99.994p99.995;2001;0.0006;992;j
RS;sdiinc992j;p99.994p99.995;2002;0.0006;992;j
RS;sdiinc992j;p99.994p99.995;2003;0.0006;992;j
RS;sdiinc992j;p99.994p99.995;2004;0.0006;992;j
RS;sdiinc992j;p99.994p99.995;2005;0.0006;992;j
RS;sdiinc992j;p99.994p99.995;2006;0.0006;992;j
RS;sdiinc992j;p99.994p99.995;2007;0.0005;992;j
RS;sdiinc992j;p99.994p99.995;2008;0.0005;992;j
RS;sdiinc992j;p99.994p99.995;2009;0.0005;992;j
RS;sdiinc992j;p99.994p99.995;2010;0.0005;992;j
RS;sdiinc992j;p99.994p99.995;2011;0.0005;992;j
RS;sdiinc992j;p99.994p99.995;2012;0.0007;992;j
RS;sdiinc992j;p99.994p99.995;2013;0.0006;992;j
RS;sdiinc992j;p99.994p99.995;2014;0.001;992;j
RS;sdiinc992j;p99.994p99.995;2015;0.0014;992;j
RS;sdiinc992j;p99.994p99.995;2016;0.0015;992;j
RS;sdiinc992j;p99.994p99.995;2017;0.0015;992;j
RS;sptinc992j;p14p100;1990;0.97780001;992;j
RS;sptinc992j;p14p100;1991;0.97759998;992;j
RS;sptinc992j;p14p100;1992;0.97750002;992;j
RS;sptinc992j;p14p100;1993;0.97729999;992;j
RS;sptinc992j;p14p100;1994;0.97719997;992;j
RS;sptinc992j;p14p100;1995;0.97710001;992;j
RS;sptinc992j;p14p100;1996;0.97689998;992;j
RS;sptinc992j;p14p100;1997;0.97680002;992;j
RS;sptinc992j;p14p100;1998;0.97469997;992;j
RS;sptinc992j;p14p100;1999;0.97430003;992;j
RS;sptinc992j;p14p100;2000;0.97479999;992;j
RS;sptinc992j;p14p100;2001;0.9745;992;j
RS;sptinc992j;p14p100;2002;0.97839999;992;j
RS;sptinc992j;p14p100;2003;0.97960001;992;j
RS;sptinc992j;p14p100;2004;0.98140001;992;j
RS;sptinc992j;p14p100;2005;0.9831;992;j
RS;sptinc992j;p14p100;2006;0.9853;992;j
RS;sptinc992j;p14p100;2007;0.98699999;992;j
RS;sptinc992j;p14p100;2008;0.9892;992;j
RS;sptinc992j;p14p100;2009;0.99049997;992;j
RS;sptinc992j;p14p100;2010;0.99129999;992;j
RS;sptinc992j;p14p100;2011;0.99269998;992;j
RS;sptinc992j;p14p100;2012;0.99309999;992;j
RS;sptinc992j;p14p100;2013;0.99419999;992;j
RS;sptinc992j;p14p100;2014;0.99409997;992;j
RS;sptinc992j;p14p100;2015;0.99400002;992;j
RS;sptinc992j;p14p100;2016;0.99400002;992;j
RS;sptinc992j;p14p100;2017;0.99409997;992;j
RS;sptinc992j;p19p20;1990;0.0031999999;992;j
RS;sptinc992j;p19p20;1991;0.0031999999;992;j
RS;sptinc992j;p19p20;1992;0.0031999999;992;j
RS;sptinc992j;p19p20;1993;0.0031000001;992;j
RS;sptinc992j;p19p20;1994;0.0031000001;992;j
RS;sptinc992j;p19p20;1995;0.0031000001;992;j
RS;sptinc992j;p19p20;1996;0.0031000001;992;j
RS;sptinc992j;p19p20;1997;0.0031000001;992;j
RS;sptinc992j;p19p20;1998;0.0033;992;j
RS;sptinc992j;p19p20;1999;0.0033;992;j
RS;sptinc992j;p19p20;2000;0.0031999999;992;j
RS;sptinc992j;p19p20;2001;0.0031999999;992;j
RS;sptinc992j;p19p20;2002;0.0029;992;j
RS;sptinc992j;p19p20;2003;0.0029;992;j
RS;sptinc992j;p19p20;2004;0.0027000001;992;j
RS;sptinc992j;p19p20;2005;0.0024999999;992;j
RS;sptinc992j;p19p20;2006;0.0023000001;992;j
RS;sptinc992j;p19p20;2007;0.0022;992;j
RS;sptinc992j;p19p20;2008;0.0020000001;992;j
RS;sptinc992j;p19p20;2009;0.0017;992;j
RS;sptinc992j;p19p20;2010;0.0016;992;j
RS;sptinc992j;p19p20;2011;0.0014;992;j
RS;sptinc992j;p19p20;2012;0.0013;992;j
RS;sptinc992j;p19p20;2013;0.0012000001;992;j
RS;sptinc992j;p19p20;2014;0.0012000001;992;j
RS;sptinc992j;p19p20;2015;0.0012000001;992;j
RS;sptinc992j;p19p20;2016;0.0012000001;992;j
RS;sptinc992j;p19p20;2017;0.0012000001;992;j
RS;sptinc992j;p51p52;1990;0.0083999997;992;j
RS;sptinc992j;p51p52;1991;0.0082999999;992;j
RS;sptinc992j;p51p52;1992;0.0082999999;992;j
RS;sptinc992j;p51p52;1993;0.0082999999;992;j
RS;sptinc992j;p51p52;1994;0.0082;992;j
RS;sptinc992j;p51p52;1995;0.0082;992;j
RS;sptinc992j;p51p52;1996;0.0082;992;j
RS;sptinc992j;p51p52;1997;0.0081000002;992;j
RS;sptinc992j;p51p52;1998;0.0080000004;992;j
RS;sptinc992j;p51p52;1999;0.0080000004;992;j
RS;sptinc992j;p51p52;2000;0.0078999996;992;j
RS;sptinc992j;p51p52;2001;0.0077999998;992;j
RS;sptinc992j;p51p52;2002;0.0077999998;992;j
RS;sptinc992j;p51p52;2003;0.0077999998;992;j
RS;sptinc992j;p51p52;2004;0.0077;992;j
RS;sptinc992j;p51p52;2005;0.0076000001;992;j
RS;sptinc992j;p51p52;2006;0.0076000001;992;j
RS;sptinc992j;p51p52;2007;0.0076000001;992;j
RS;sptinc992j;p51p52;2008;0.0076000001;992;j
RS;sptinc992j;p51p52;2009;0.0076000001;992;j
RS;sptinc992j;p51p52;2010;0.0074;992;j
RS;sptinc992j;p51p52;2011;0.0073000002;992;j
RS;sptinc992j;p51p52;2012;0.0074;992;j
RS;sptinc992j;p51p52;2013;0.0074999998;992;j
RS;sptinc992j;p51p52;2014;0.0071999999;992;j
RS;sptinc992j;p51p52;2015;0.0074;992;j
RS;sptinc992j;p51p52;2016;0.0074;992;j
RS;sptinc992j;p51p52;2017;0.0074;992;j
RS;sptinc992j;p99.998p100;1990;0.0041;992;j
RS;sptinc992j;p99.998p100;1991;0.0043000001;992;j
RS;sptinc992j;p99.998p100;1992;0.0044999998;992;j
RS;sptinc992j;p99.998p100;1993;0.0046999999;992;j
RS;sptinc992j;p99.998p100;1994;0.0048000002;992;j
RS;sptinc992j;p99.998p100;1995;0.0049999999;992;j
RS;sptinc992j;p99.998p100;1996;0.0052;992;j
RS;sptinc992j;p99.998p100;1997;0.0054000001;992;j
RS;sptinc992j;p99.998p100;1998;0.0052;992;j
RS;sptinc992j;p99.998p100;1999;0.0057999999;992;j
RS;sptinc992j;p99.998p100;2000;0.0063;992;j
RS;sptinc992j;p99.998p100;2001;0.0071;992;j
RS;sptinc992j;p99.998p100;2002;0.0066999998;992;j
RS;sptinc992j;p99.998p100;2003;0.0063999998;992;j
RS;sptinc992j;p99.998p100;2004;0.0066;992;j
RS;sptinc992j;p99.998p100;2005;0.0060999999;992;j
RS;sptinc992j;p99.998p100;2006;0.0062000002;992;j
RS;sptinc992j;p99.998p100;2007;0.0055;992;j
RS;sptinc992j;p99.998p100;2008;0.0057000001;992;j
RS;sptinc992j;p99.998p100;2009;0.0055;992;j
RS;sptinc992j;p99.998p100;2010;0.0051000002;992;j
RS;sptinc992j;p99.998p100;2011;0.0055;992;j
RS;sptinc992j;p99.998p100;2012;0.0035999999;992;j
RS;sptinc992j;p99.998p100;2013;0.0043000001;992;j
RS;sptinc992j;p99.998p100;2014;0.0088;992;j
RS;sptinc992j;p99.998p100;2015;0.0086000003;992;j
RS;sptinc992j;p99.998p100;2016;0.0086000003;992;j
RS;sptinc992j;p99.998p100;2017;0.0086000003;992;j
RS;tcainc992j;p36p100;1990;329856.41;992;j
RS;tcainc992j;p36p100;1991;287630.31;992;j
RS;tcainc992j;p36p100;1992;197712.09;992;j
RS;tcainc992j;p36p100;1993;128784.9;992;j
RS;tcainc992j;p36p100;1994;133097.59;992;j
RS;tcainc992j;p36p100;1995;141059.7;992;j
RS;tcainc992j;p36p100;1996;143204.8;992;j
RS;tcainc992j;p36p100;1997;152052.2;992;j
RS;tcainc992j;p36p100;1998;162182.09;992;j
RS;tcainc992j;p36p100;1999;184597.5;992;j
RS;tcainc992j;p36p100;2000;198687.8;992;j
RS;tcainc992j;p36p100;2001;191976.09;992;j
RS;tcainc992j;p36p100;2002;197183.41;992;j
RS;tcainc992j;p36p100;2003;207230.41;992;j
RS;tcainc992j;p36p100;2004;242275.3;992;j
RS;tcainc992j;p36p100;2005;270398.31;992;j
RS;tcainc992j;p36p100;2006;280441.41;992;j
RS;tcainc992j;p36p100;2007;275057.41;992;j
RS;tcainc992j;p36p100;2008;290220.41;992;j
RS;tcainc992j;p36p100;2009;283460.31;992;j
RS;tcainc992j;p36p100;2010;275592.91;992;j
RS;tcainc992j;p36p100;2011;270425.81;992;j
RS;tcainc992j;p36p100;2012;263515.31;992;j
RS;tcainc992j;p36p100;2013;261615.91;992;j
RS;tcainc992j;p36p100;2014;262548.41;992;j
RS;tcainc992j;p36p100;2015;256561.3;992;j
RS;tcainc992j;p36p100;2016;266128.5;992;j
RS;tcainc992j;p36p100;2017;266150.69;992;j
RS;tcainc992j;p51p100;1990;441615.09;992;j
RS;tcainc992j;p51p100;1991;384737.41;992;j
RS;tcainc992j;p51p100;1992;264222.81;992;j
RS;tcainc992j;p51p100;1993;171264.2;992;j
RS;tcainc992j;p51p100;1994;176412.91;992;j
RS;tcainc992j;p51p100;1995;186084.0;992;j
RS;tcainc992j;p51p100;1996;187835.41;992;j
RS;tcainc992j;p51p100;1997;198650.3;992;j
RS;tcainc992j;p51p100;1998;213216.09;992;j
RS;tcainc992j;p51p100;1999;242214.5;992;j
RS;tcainc992j;p51p100;2000;260951.5;992;j
RS;tcainc992j;p51p100;2001;252308.5;992;j
RS;tcainc992j;p51p100;2002;263637.0;992;j
RS;tcainc992j;p51p100;2003;275083.81;992;j
RS;tcainc992j;p51p100;2004;328559.59;992;j
RS;tcainc992j;p51p100;2005;365327.81;992;j
RS;tcainc992j;p51p100;2006;383055.69;992;j
RS;tcainc992j;p51p100;2007;383640.31;992;j
RS;tcainc992j;p51p100;2008;408693.69;992;j
RS;tcainc992j;p51p100;2009;400470.41;992;j
RS;tcainc992j;p51p100;2010;394209.5;992;j
RS;tcainc992j;p51p100;2011;392542.59;992;j
RS;tcainc992j;p51p100;2012;385602.59;992;j
RS;tcainc992j;p51p100;2013;396776.91;992;j
RS;tcainc992j;p51p100;2014;382180.31;992;j
RS;tcainc992j;p51p100;2015;379790.59;992;j
RS;tcainc992j;p51p100;2016;393792.41;992;j
RS;tcainc992j;p51p100;2017;394027.59;992;j
RS;tdiinc992j;p16p17;1990;249013.09;992;j
RS;tdiinc992j;p16p17;1991;219951.59;992;j
RS;tdiinc992j;p16p17;1992;153207.7;992;j
RS;tdiinc992j;p16p17;1993;100866.7;992;j
RS;tdiinc992j;p16p17;1994;105564.1;992;j
RS;tdiinc992j;p16p17;1995;112978.0;992;j
RS;tdiinc992j;p16p17;1996;115314.6;992;j
RS;tdiinc992j;p16p17;1997;124550.5;992;j
RS;tdiinc992j;p16p17;1998;136550.59;992;j
RS;tdiinc992j;p16p17;1999;149369.91;992;j
RS;tdiinc992j;p16p17;2000;162413.7;992;j
RS;tdiinc992j;p16p17;2001;159329.2;992;j
RS;tdiinc992j;p16p17;2002;157619.41;992;j
RS;tdiinc992j;p16p17;2003;164720.5;992;j
RS;tdiinc992j;p16p17;2004;167610.59;992;j
RS;tdiinc992j;p16p17;2005;180485.8;992;j
RS;tdiinc992j;p16p17;2006;173981.3;992;j
RS;tdiinc992j;p16p17;2007;174603.8;992;j
RS;tdiinc992j;p16p17;2008;179916.0;992;j
RS;tdiinc992j;p16p17;2009;168696.3;992;j
RS;tdiinc992j;p16p17;2010;152445.91;992;j
RS;tdiinc992j;p16p17;2011;137633.91;992;j
RS;tdiinc992j;p16p17;2012;136390.41;992;j
RS;tdiinc992j;p16p17;2013;131318.5;992;j
RS;tdiinc992j;p16p17;2014;172482.59;992;j
RS;tdiinc992j;p16p17;2015;144603.7;992;j
RS;tdiinc992j;p16p17;2016;142157.09;992;j
RS;tdiinc992j;p16p17;2017;142041.41;992;j
RS;tdiinc992j;p34p100;1990;466246.81;992;j
RS;tdiinc992j;p34p100;1991;406497.41;992;j
RS;tdiinc992j;p34p100;1992;279493.41;992;j
RS;tdiinc992j;p34p100;1993;181887.59;992;j
RS;tdiinc992j;p34p100;1994;188286.0;992;j
RS;tdiinc992j;p34p100;1995;199462.41;992;j
RS;tdiinc992j;p34p100;1996;202234.91;992;j
RS;tdiinc992j;p34p100;1997;215799.7;992;j
RS;tdiinc992j;p34p100;1998;221104.09;992;j
RS;tdiinc992j;p34p100;1999;240115.09;992;j
RS;tdiinc992j;p34p100;2000;263515.69;992;j
RS;tdiinc992j;p34p100;2001;261697.8;992;j
RS;tdiinc992j;p34p100;2002;279783.19;992;j
RS;tdiinc992j;p34p100;2003;292271.81;992;j
RS;tdiinc992j;p34p100;2004;322573.59;992;j
RS;tdiinc992j;p34p100;2005;353055.41;992;j
RS;tdiinc992j;p34p100;2006;365196.41;992;j
RS;tdiinc992j;p34p100;2007;374440.19;992;j
RS;tdiinc992j;p34p100;2008;394284.09;992;j
RS;tdiinc992j;p34p100;2009;378797.81;992;j
RS;tdiinc992j;p34p100;2010;368608.69;992;j
RS;tdiinc992j;p34p100;2011;358067.09;992;j
RS;tdiinc992j;p34p100;2012;350179.81;992;j
RS;tdiinc992j;p34p100;2013;349222.0;992;j
RS;tdiinc992j;p34p100;2014;346283.91;992;j
RS;tdiinc992j;p34p100;2015;340913.0;992;j
RS;tdiinc992j;p34p100;2016;347129.69;992;j
RS;tdiinc992j;p34p100;2017;348550.0;992;j
RS;tdiinc992j;p45p46;1990;570131.31;992;j
RS;tdiinc992j;p45p46;1991;498773.5;992;j
RS;tdiinc992j;p45p46;1992;343377.41;992;j
RS;tdiinc992j;p45p46;1993;223339.7;992;j
RS;tdiinc992j;p45p46;1994;230491.0;992;j
RS;tdiinc992j;p45p46;1995;243713.5;992;j
RS;tdiinc992j;p45p46;1996;246829.09;992;j
RS;tdiinc992j;p45p46;1997;262810.91;992;j
RS;tdiinc992j;p45p46;1998;266603.0;992;j
RS;tdiinc992j;p45p46;1999;288603.41;992;j
RS;tdiinc992j;p45p46;2000;315943.09;992;j
RS;tdiinc992j;p45p46;2001;315337.31;992;j
RS;tdiinc992j;p45p46;2002;338569.09;992;j
RS;tdiinc992j;p45p46;2003;353364.59;992;j
RS;tdiinc992j;p45p46;2004;393026.5;992;j
RS;tdiinc992j;p45p46;2005;431933.0;992;j
RS;tdiinc992j;p45p46;2006;452291.91;992;j
RS;tdiinc992j;p45p46;2007;468195.09;992;j
RS;tdiinc992j;p45p46;2008;493040.41;992;j
RS;tdiinc992j;p45p46;2009;480004.0;992;j
RS;tdiinc992j;p45p46;2010;470144.91;992;j
RS;tdiinc992j;p45p46;2011;462739.0;992;j
RS;tdiinc992j;p45p46;2012;455681.31;992;j
RS;tdiinc992j;p45p46;2013;467665.0;992;j
RS;tdiinc992j;p45p46;2014;451600.09;992;j
RS;tdiinc992j;p45p46;2015;447706.19;992;j
RS;tdiinc992j;p45p46;2016;458489.81;992;j
RS;tdiinc992j;p45p46;2017;460724.41;992;j
RS;tdiinc992j;p51p100;1990;634773.38;992;j
RS;tdiinc992j;p51p100;1991;552828.5;992;j
RS;tdiinc992j;p51p100;1992;379550.09;992;j
RS;tdiinc992j;p51p100;1993;246010.41;992;j
RS;tdiinc992j;p51p100;1994;253386.41;992;j
RS;tdiinc992j;p51p100;1995;267271.19;992;j
RS;tdiinc992j;p51p100;1996;269744.91;992;j
RS;tdiinc992j;p51p100;1997;286641.59;992;j
RS;tdiinc992j;p51p100;1998;294766.41;992;j
RS;tdiinc992j;p51p100;1999;320532.59;992;j
RS;tdiinc992j;p51p100;2000;350782.31;992;j
RS;tdiinc992j;p51p100;2001;347832.81;992;j
RS;tdiinc992j;p51p100;2002;375183.5;992;j
RS;tdiinc992j;p51p100;2003;390559.59;992;j
RS;tdiinc992j;p51p100;2004;439302.31;992;j
RS;tdiinc992j;p51p100;2005;479210.59;992;j
RS;tdiinc992j;p51p100;2006;503277.19;992;j
RS;tdiinc992j;p51p100;2007;521650.81;992;j
RS;tdiinc992j;p51p100;2008;552765.63;992;j
RS;tdiinc992j;p51p100;2009;538048.81;992;j
RS;tdiinc992j;p51p100;2010;530108.88;992;j
RS;tdiinc992j;p51p100;2011;524426.31;992;j
RS;tdiinc992j;p51p100;2012;516825.0;992;j
RS;tdiinc992j;p51p100;2013;531535.88;992;j
RS;tdiinc992j;p51p100;2014;512926.81;992;j
RS;tdiinc992j;p51p100;2015;510727.69;992;j
RS;tdiinc992j;p51p100;2016;524101.09;992;j
RS;tdiinc992j;p51p100;2017;526906.13;992;j
RS;tdiinc992j;p7p8;1990;165918.5;992;j
RS;tdiinc992j;p7p8;1991;144385.59;992;j
RS;tdiinc992j;p7p8;1992;98697.203;992;j
RS;tdiinc992j;p7p8;1993;64432.602;992;j
RS;tdiinc992j;p7p8;1994;67665.703;992;j
RS;tdiinc992j;p7p8;1995;71937.797;992;j
RS;tdiinc992j;p7p8;1996;74139.797;992;j
RS;tdiinc992j;p7p8;1997;80068.102;992;j
RS;tdiinc992j;p7p8;1998;86857.5;992;j
RS;tdiinc992j;p7p8;1999;93752.797;992;j
RS;tdiinc992j;p7p8;2000;100823.6;992;j
RS;tdiinc992j;p7p8;2001;100173.7;992;j
RS;tdiinc992j;p7p8;2002;90268.797;992;j
RS;tdiinc992j;p7p8;2003;96553.297;992;j
RS;tdiinc992j;p7p8;2004;96634.398;992;j
RS;tdiinc992j;p7p8;2005;102161.1;992;j
RS;tdiinc992j;p7p8;2006;95095.398;992;j
RS;tdiinc992j;p7p8;2007;89778.297;992;j
RS;tdiinc992j;p7p8;2008;95991.797;992;j
RS;tdiinc992j;p7p8;2009;96240.703;992;j
RS;tdiinc992j;p7p8;2010;92246.797;992;j
RS;tdiinc992j;p7p8;2011;82783.898;992;j
RS;tdiinc992j;p7p8;2012;78357.398;992;j
RS;tdiinc992j;p7p8;2013;105028.0;992;j
RS;tdiinc992j;p7p8;2014;148468.0;992;j
RS;tdiinc992j;p7p8;2015;120423.3;992;j
RS;tdiinc992j;p7p8;2016;116815.9;992;j
RS;tdiinc992j;p7p8;2017;116650.5;992;j
RS;tdiinc992j;p96p97;1990;1664825.3;992;j
RS;tdiinc992j;p96p97;1991;1446766.9;992;j
RS;tdiinc992j;p96p97;1992;993972.5;992;j
RS;tdiinc992j;p96p97;1993;646058.31;992;j
RS;tdiinc992j;p96p97;1994;665818.13;992;j
RS;tdiinc992j;p96p97;1995;703022.0;992;j
RS;tdiinc992j;p96p97;1996;707402.63;992;j
RS;tdiinc992j;p96p97;1997;747933.0;992;j
RS;tdiinc992j;p96p97;1998;796376.31;992;j
RS;tdiinc992j;p96p97;1999;876976.38;992;j
RS;tdiinc992j;p96p97;2000;976262.13;992;j
RS;tdiinc992j;p96p97;2001;974109.81;992;j
RS;tdiinc992j;p96p97;2002;1071150.0;992;j
RS;tdiinc992j;p96p97;2003;1132329.0;992;j
RS;tdiinc992j;p96p97;2004;1301942.6;992;j
RS;tdiinc992j;p96p97;2005;1473865.5;992;j
RS;tdiinc992j;p96p97;2006;1601108.3;992;j
RS;tdiinc992j;p96p97;2007;1662657.6;992;j
RS;tdiinc992j;p96p97;2008;1801533.0;992;j
RS;tdiinc992j;p96p97;2009;1769606.6;992;j
RS;tdiinc992j;p96p97;2010;1835461.1;992;j
RS;tdiinc992j;p96p97;2011;1896516.0;992;j
RS;tdiinc992j;p96p97;2012;1828119.1;992;j
RS;tdiinc992j;p96p97;2013;1905426.8;992;j
RS;tdiinc992j;p96p97;2014;1733297.6;992;j
RS;tdiinc992j;p96p97;2015;1727292.4;992;j
RS;tdiinc992j;p96p97;2016;1794373.8;992;j
RS;tdiinc992j;p96p97;2017;1806631.3;992;j
RS;tdiinc992j;p99.93p99.94;1990;9970824.0;992;j
RS;tdiinc992j;p99.93p99.94;1991;8463971.0;992;j
RS;tdiinc992j;p99.93p99.94;1992;5651975.5;992;j
RS;tdiinc992j;p99.93p99.94;1993;3620359.8;992;j
RS;tdiinc992j;p99.93p99.94;1994;3691360.0;992;j
RS;tdiinc992j;p99.93p99.94;1995;3864677.8;992;j
RS;tdiinc992j;p99.93p99.94;1996;3821956.3;992;j
RS;tdiinc992j;p99.93p99.94;1997;3964360.0;992;j
RS;tdiinc992j;p99.93p99.94;1998;4364890.5;992;j
RS;tdiinc992j;p99.93p99.94;1999;5281736.0;992;j
RS;tdiinc992j;p99.93p99.94;2000;6151036.5;992;j
RS;tdiinc992j;p99.93p99.94;2001;6545795.0;992;j
RS;tdiinc992j;p99.93p99.94;2002;7032752.5;992;j
RS;tdiinc992j;p99.93p99.94;2003;7304798.0;992;j
RS;tdiinc992j;p99.93p99.94;2004;8334613.5;992;j
RS;tdiinc992j;p99.93p99.94;2005;9706463.0;992;j
RS;tdiinc992j;p99.93p99.94;2006;10255917.0;992;j
RS;tdiinc992j;p99.93p99.94;2007;9947844.0;992;j
RS;tdiinc992j;p99.93p99.94;2008;10247433.0;992;j
RS;tdiinc992j;p99.93p99.94;2009;10985987.0;992;j
RS;tdiinc992j;p99.93p99.94;2010;11101440.0;992;j
RS;tdiinc992j;p99.93p99.94;2011;11326477.0;992;j
RS;tdiinc992j;p99.93p99.94;2012;13311123.0;992;j
RS;tdiinc992j;p99.93p99.94;2013;12230202.0;992;j
RS;tdiinc992j;p99.93p99.94;2014;14786038.0;992;j
RS;tdiinc992j;p99.93p99.94;2015;18275232.0;992;j
RS;tdiinc992j;p99.93p99.94;2016;19076080.0;992;j
RS;tdiinc992j;p99.93p99.94;2017;19226560.0;992;j
RS;tdiinc992j;p99.996p100;1990;44710204.0;992;j
RS;tdiinc992j;p99.996p100;1991;36780200.0;992;j
RS;tdiinc992j;p99.996p100;1992;23486076.0;992;j
RS;tdiinc992j;p99.996p100;1993;14571734.0;992;j
RS;tdiinc992j;p99.996p100;1994;14546912.0;992;j
RS;tdiinc992j;p99.996p100;1995;14951700.0;992;j
RS;tdiinc992j;p99.996p100;1996;14489788.0;992;j
RS;tdiinc992j;p99.996p100;1997;14698278.0;992;j
RS;tdiinc992j;p99.996p100;1998;16586783.0;992;j
RS;tdiinc992j;p99.996p100;1999;21895780.0;992;j
RS;tdiinc992j;p99.996p100;2000;25485296.0;992;j
RS;tdiinc992j;p99.996p100;2001;28905908.0;992;j
RS;tdiinc992j;p99.996p100;2002;29496214.0;992;j
RS;tdiinc992j;p99.996p100;2003;30742180.0;992;j
RS;tdiinc992j;p99.996p100;2004;35182820.0;992;j
RS;tdiinc992j;p99.996p100;2005;42182104.0;992;j
RS;tdiinc992j;p99.996p100;2006;41807084.0;992;j
RS;tdiinc992j;p99.996p100;2007;37809568.0;992;j
RS;tdiinc992j;p99.996p100;2008;36107168.0;992;j
RS;tdiinc992j;p99.996p100;2009;42732088.0;992;j
RS;tdiinc992j;p99.996p100;2010;41263132.0;992;j
RS;tdiinc992j;p99.996p100;2011;40955920.0;992;j
RS;tdiinc992j;p99.996p100;2012;59756112.0;992;j
RS;tdiinc992j;p99.996p100;2013;47858804.0;992;j
RS;tdiinc992j;p99.996p100;2014;81058744.0;992;j
RS;tdiinc992j;p99.996p100;2015;122128048.0;992;j
RS;tdiinc992j;p99.996p100;2016;127584424.0;992;j
RS;tdiinc992j;p99.996p100;2017;128700872.0;992;j
RS;acainc992j;p32p33;1990;302889.69;992;j
RS;acainc992j;p32p33;1991;264441.5;992;j
RS;acainc992j;p32p33;1992;182166.7;992;j
RS;acainc992j;p32p33;1993;118773.8;992;j
RS;acainc992j;p32p33;1994;123074.6;992;j
RS;acainc992j;p32p33;1995;130630.7;992;j
RS;acainc992j;p32p33;1996;132718.91;992;j
RS;acainc992j;p32p33;1997;141171.41;992;j
RS;acainc992j;p32p33;1998;152546.2;992;j
RS;acainc992j;p32p33;1999;173916.3;992;j
RS;acainc992j;p32p33;2000;187240.59;992;j
RS;acainc992j;p32p33;2001;181535.2;992;j
RS;acainc992j;p32p33;2002;186997.2;992;j
RS;acainc992j;p32p33;2003;195137.3;992;j
RS;acainc992j;p32p33;2004;228177.7;992;j
RS;acainc992j;p32p33;2005;254878.59;992;j
RS;acainc992j;p32p33;2006;260757.41;992;j
RS;acainc992j;p32p33;2007;258785.7;992;j
RS;acainc992j;p32p33;2008;271679.91;992;j
RS;acainc992j;p32p33;2009;262415.19;992;j
RS;acainc992j;p32p33;2010;252441.8;992;j
RS;acainc992j;p32p33;2011;242737.0;992;j
RS;acainc992j;p32p33;2012;238104.2;992;j
RS;acainc992j;p32p33;2013;230390.09;992;j
RS;acainc992j;p32p33;2014;231933.5;992;j
RS;acainc992j;p32p33;2015;223855.7;992;j
RS;acainc992j;p32p33;2016;232201.0;992;j
RS;acainc992j;p32p33;2017;232248.91;992;j
RS;acainc992j;p40p50;1990;394335.5;992;j
RS;acainc992j;p40p50;1991;344075.09;992;j
RS;acainc992j;p40p50;1992;236536.41;992;j
RS;acainc992j;p40p50;1993;153724.8;992;j
RS;acainc992j;p40p50;1994;158690.91;992;j
RS;acainc992j;p40p50;1995;167809.5;992;j
RS;acainc992j;p40p50;1996;169803.41;992;j
RS;acainc992j;p40p50;1997;179823.2;992;j
RS;acainc992j;p40p50;1998;191613.09;992;j
RS;acainc992j;p40p50;1999;217876.0;992;j
RS;acainc992j;p40p50;2000;234658.59;992;j
RS;acainc992j;p40p50;2001;227646.5;992;j
RS;acainc992j;p40p50;2002;235766.09;992;j
RS;acainc992j;p40p50;2003;246696.7;992;j
RS;acainc992j;p40p50;2004;291602.41;992;j
RS;acainc992j;p40p50;2005;325668.69;992;j
RS;acainc992j;p40p50;2006;339410.59;992;j
RS;acainc992j;p40p50;2007;338455.59;992;j
RS;acainc992j;p40p50;2008;359585.91;992;j
RS;acainc992j;p40p50;2009;351939.31;992;j
RS;acainc992j;p40p50;2010;344579.5;992;j
RS;acainc992j;p40p50;2011;342842.31;992;j
RS;acainc992j;p40p50;2012;335318.19;992;j
RS;acainc992j;p40p50;2013;343325.0;992;j
RS;acainc992j;p40p50;2014;332811.31;992;j
RS;acainc992j;p40p50;2015;330852.41;992;j
RS;acainc992j;p40p50;2016;343126.81;992;j
RS;acainc992j;p40p50;2017;343305.5;992;j
RS;acomhn999i;p0p100;1997;181090.8;999;i
RS;acomhn999i;p0p100;1998;159727.5;999;i
RS;acomhn999i;p0p100;1999;160938.41;999;i
RS;acomhn999i;p0p100;2000;162980.41;999;i
RS;acomhn999i;p0p100;2001;176515.3;999;i
RS;acomhn999i;p0p100;2002;201252.5;999;i
RS;acomhn999i;p0p100;2003;221421.09;999;i
RS;acomhn999i;p0p100;2004;228373.0;999;i
RS;acomhn999i;p0p100;2005;244294.3;999;i
RS;acomhn999i;p0p100;2006;252997.7;999;i
RS;acomhn999i;p0p100;2007;270930.81;999;i
RS;acomhn999i;p0p100;2008;281904.19;999;i
RS;acomhn999i;p0p100;2009;273304.19;999;i
RS;acomhn999i;p0p100;2010;266858.19;999;i
RS;acomhn999i;p0p100;2011;267077.91;999;i
RS;adiinc992j;p52p53;1990;647481.81;992;j
RS;adiinc992j;p52p53;1991;563315.13;992;j
RS;adiinc992j;p52p53;1992;386383.31;992;j
RS;adiinc992j;p52p53;1993;250611.2;992;j
RS;adiinc992j;p52p53;1994;258171.3;992;j
RS;adiinc992j;p52p53;1995;272476.5;992;j
RS;adiinc992j;p52p53;1996;275132.0;992;j
RS;adiinc992j;p52p53;1997;292197.91;992;j
RS;adiinc992j;p52p53;1998;302328.59;992;j
RS;adiinc992j;p52p53;1999;328127.31;992;j
RS;adiinc992j;p52p53;2000;359041.59;992;j
RS;adiinc992j;p52p53;2001;356841.09;992;j
RS;adiinc992j;p52p53;2002;382462.59;992;j
RS;adiinc992j;p52p53;2003;399625.41;992;j
RS;adiinc992j;p52p53;2004;448386.19;992;j
RS;adiinc992j;p52p53;2005;492606.19;992;j
RS;adiinc992j;p52p53;2006;516210.19;992;j
RS;adiinc992j;p52p53;2007;534628.13;992;j
RS;adiinc992j;p52p53;2008;568060.0;992;j
RS;adiinc992j;p52p53;2009;551827.0;992;j
RS;adiinc992j;p52p53;2010;545672.81;992;j
RS;adiinc992j;p52p53;2011;540492.63;992;j
RS;adiinc992j;p52p53;2012;535075.19;992;j
RS;adiinc992j;p52p53;2013;546781.19;992;j
RS;adiinc992j;p52p53;2014;529749.81;992;j
RS;adiinc992j;p52p53;2015;523953.41;992;j
RS;adiinc992j;p52p53;2016;538022.38;992;j
RS;adiinc992j;p52p53;2017;540861.81;992;j
RS;adiinc992j;p99.8p100;1990;12175238.0;992;j
RS;adiinc992j;p99.8p100;1991;10213860.0;992;j
RS;adiinc992j;p99.8p100;1992;6711877.0;992;j
RS;adiinc992j;p99.8p100;1993;4252405.5;992;j
RS;adiinc992j;p99.8p100;1994;4305718.5;992;j
RS;adiinc992j;p99.8p100;1995;4481254.5;992;j
RS;adiinc992j;p99.8p100;1996;4404561.5;992;j
RS;adiinc992j;p99.8p100;1997;4538823.5;992;j
RS;adiinc992j;p99.8p100;1998;5032333.0;992;j
RS;adiinc992j;p99.8p100;1999;6258135.0;992;j
RS;adiinc992j;p99.8p100;2000;7279246.5;992;j
RS;adiinc992j;p99.8p100;2001;7922003.0;992;j
RS;adiinc992j;p99.8p100;2002;8351919.0;992;j
RS;adiinc992j;p99.8p100;2003;8689101.0;992;j
RS;adiinc992j;p99.8p100;2004;9926788.0;992;j
RS;adiinc992j;p99.8p100;2005;11679930.0;992;j
RS;adiinc992j;p99.8p100;2006;12063203.0;992;j
RS;adiinc992j;p99.8p100;2007;11447903.0;992;j
RS;adiinc992j;p99.8p100;2008;11539162.0;992;j
RS;adiinc992j;p99.8p100;2009;12727324.0;992;j
RS;adiinc992j;p99.8p100;2010;12684272.0;992;j
RS;adiinc992j;p99.8p100;2011;12838015.0;992;j
RS;adiinc992j;p99.8p100;2012;16186290.0;992;j
RS;adiinc992j;p99.8p100;2013;14187242.0;992;j
RS;adiinc992j;p99.8p100;2014;19642800.0;992;j
RS;adiinc992j;p99.8p100;2015;27284854.0;992;j
RS;adiinc992j;p99.8p100;2016;28493310.0;992;j
RS;adiinc992j;p99.8p100;2017;28734874.0;992;j
RS;adiinc992j;p99.993p99.994;1990;34540072.0;992;j
RS;adiinc992j;p99.993p99.994;1991;28570352.0;992;j
RS;adiinc992j;p99.993p99.994;1992;18388864.0;992;j
RS;adiinc992j;p99.993p99.994;1993;11475098.0;992;j
RS;adiinc992j;p99.993p99.994;1994;11499213.0;992;j
RS;adiinc992j;p99.993p99.994;1995;11858715.0;992;j
RS;adiinc992j;p99.993p99.994;1996;11533177.0;992;j
RS;adiinc992j;p99.993p99.994;1997;11744888.0;992;j
RS;adiinc992j;p99.993p99.994;1998;13199522.0;992;j
RS;adiinc992j;p99.993p99.994;1999;17166700.0;992;j
RS;adiinc992j;p99.993p99.994;2000;19996236.0;992;j
RS;adiinc992j;p99.993p99.994;2001;22432600.0;992;j
RS;adiinc992j;p99.993p99.994;2002;23103918.0;992;j
RS;adiinc992j;p99.993p99.994;2003;24058690.0;992;j
RS;adiinc992j;p99.993p99.994;2004;27515338.0;992;j
RS;adiinc992j;p99.993p99.994;2005;32824170.0;992;j
RS;adiinc992j;p99.993p99.994;2006;32910062.0;992;j
RS;adiinc992j;p99.993p99.994;2007;30127100.0;992;j
RS;adiinc992j;p99.993p99.994;2008;29162702.0;992;j
RS;adiinc992j;p99.993p99.994;2009;33919736.0;992;j
RS;adiinc992j;p99.993p99.994;2010;33022074.0;992;j
RS;adiinc992j;p99.993p99.994;2011;32940584.0;992;j
RS;adiinc992j;p99.993p99.994;2012;46281620.0;992;j
RS;adiinc992j;p99.993p99.994;2013;37963716.0;992;j
RS;adiinc992j;p99.993p99.994;2014;60634224.0;992;j
RS;adiinc992j;p99.993p99.994;2015;88342200.0;992;j
RS;adiinc992j;p99.993p99.994;2016;92279928.0;992;j
RS;adiinc992j;p99.993p99.994;2017;93074120.0;992;j
RS;adiinc992j;p99.998p100;1990;140711616.0;992;j
RS;adiinc992j;p99.998p100;1991;112039504.0;992;j
RS;adiinc992j;p99.998p100;1992;68299064.0;992;j
RS;adiinc992j;p99.998p100;1993;40985620.0;992;j
RS;adiinc992j;p99.998p100;1994;40037792.0;992;j
RS;adiinc992j;p99.998p100;1995;40381512.0;992;j
RS;adiinc992j;p99.998p100;1996;38379472.0;992;j
RS;adiinc992j;p99.998p100;1997;38113920.0;992;j
RS;adiinc992j;p99.998p100;1998;43954780.0;992;j
RS;adiinc992j;p99.998p100;1999;62990192.0;992;j
RS;adiinc992j;p99.998p100;2000;72835208.0;992;j
RS;adiinc992j;p99.998p100;2001;87984160.0;992;j
RS;adiinc992j;p99.998p100;2002;84999992.0;992;j
RS;adiinc992j;p99.998p100;2003;89122048.0;992;j
RS;adiinc992j;p99.998p100;2004;102440368.0;992;j
RS;adiinc992j;p99.998p100;2005;126417920.0;992;j
RS;adiinc992j;p99.998p100;2006;117123112.0;992;j
RS;adiinc992j;p99.998p100;2007;99057672.0;992;j
RS;adiinc992j;p99.998p100;2008;87913656.0;992;j
RS;adiinc992j;p99.998p100;2009;114232392.0;992;j
RS;adiinc992j;p99.998p100;2010;105442224.0;992;j
RS;adiinc992j;p99.998p100;2011;101836880.0;992;j
RS;adiinc992j;p99.998p100;2012;183509440.0;992;j
RS;adiinc992j;p99.998p100;2013;128251448.0;992;j
RS;adiinc992j;p99.998p100;2014;309900832.0;992;j
RS;adiinc992j;p99.998p100;2015;593256448.0;992;j
RS;adiinc992j;p99.998p100;2016;620148800.0;992;j
RS;adiinc992j;p99.998p100;2017;626265856.0;992;j
RS;agsmho992i;p0p100;1997;101343.5;992;i
RS;agsmho992i;p0p100;1998;100061.6;992;i
RS;agsmho992i;p0p100;1999;132789.41;992;i
RS;agsmho992i;p0p100;2000;147483.5;992;i
RS;agsmho992i;p0p100;2001;146969.41;992;i
RS;agsmho992i;p0p100;2002;132560.2;992;i
RS;agsmho992i;p0p100;2003;125955.7;992;i
RS;agsmho992i;p0p100;2004;135437.5;992;i
RS;agsmho992i;p0p100;2005;144363.0;992;i
RS;agsmho992i;p0p100;2006;169680.91;992;i
RS;agsmho992i;p0p100;2007;173598.41;992;i
RS;agsmho992i;p0p100;2008;183755.59;992;i
RS;agsmho992i;p0p100;2009;183738.0;992;i
RS;agsmho992i;p0p100;2010;187965.8;992;i
RS;agsmho992i;p0p100;2011;200181.59;992;i
RS;aindgo999i;p0p100;1997;31180.6;999;i
RS;aindgo999i;p0p100;1998;27479.199;999;i
RS;aindgo999i;p0p100;1999;25819.699;999;i
RS;aindgo999i;p0p100;2000;32228.6;999;i
RS;aindgo999i;p0p100;2001;35291.5;999;i
RS;aindgo999i;p0p100;2002;44559.801;999;i
RS;aindgo999i;p0p100;2003;47359.699;999;i
RS;aindgo999i;p0p100;2004;52165.898;999;i
RS;aindgo999i;p0p100;2005;59413.398;999;i
RS;aindgo999i;p0p100;2006;64026.5;999;i
RS;aindgo999i;p0p100;2007;72361.797;999;i
RS;aindgo999i;p0p100;2008;81655.797;999;i
RS;aindgo999i;p0p100;2009;81387.203;999;i
RS;aindgo999i;p0p100;2010;80983.203;999;i
RS;aindgo999i;p0p100;2011;77860.898;999;i
RS;apinnx999i;p0p100;1997;-1531.6;999;i
RS;apinnx999i;p0p100;1998;-1554.8;999;i
RS;apinnx999i;p0p100;1999;-914.5;999;i
RS;apinnx999i;p0p100;2000;-1053.8;999;i
RS;apinnx999i;p0p100;2001;-1126.5;999;i
RS;apinnx999i;p0p100;2002;-3361.6001;999;i
RS;apinnx999i;p0p100;2003;-4666.2002;999;i
RS;apinnx999i;p0p100;2004;-6145.5;999;i
RS;apinnx999i;p0p100;2005;-8698.0;999;i
RS;apinnx999i;p0p100;2006;-9793.7998;999;i
RS;apinnx999i;p0p100;2007;-20107.1;999;i
RS;apinnx999i;p0p100;2008;-19963.699;999;i
RS;apinnx999i;p0p100;2009;-12390.0;999;i
RS;apinnx999i;p0p100;2010;-15999.5;999;i
RS;apinnx999i;p0p100;2011;-27634.5;999;i
RS;apinnx999i;p0p100;2012;-24145.5;999;i
RS;apinnx999i;p0p100;2013;-29310.0;999;i
RS;apinnx999i;p0p100;2014;-28210.0;999;i
RS;apinnx999i;p0p100;2015;-34778.0;999;i
RS;apinnx999i;p0p100;2016;-40111.301;999;i
RS;apinnx999i;p0p100;2017;-47955.199;999;i
RS;apinnx999i;p0p100;2018;-40602.602;999;i
RS;aprpnp999i;p0p100;1997;-0.2;999;i
RS;aprpnp999i;p0p100;1998;35.099998;999;i
RS;aprpnp999i;p0p100;1999;-3.0;999;i
RS;aprpnp999i;p0p100;2000;-2.4000001;999;i
RS;aprpnp999i;p0p100;2001;12.5;999;i
RS;aprpnp999i;p0p100;2002;-1.1;999;i
RS;aprpnp999i;p0p100;2003;-0.2;999;i
RS;aprpnp999i;p0p100;2004;0.0;999;i
RS;aprpnp999i;p0p100;2005;39.0;999;i
RS;aprpnp999i;p0p100;2006;83.699997;999;i
RS;aprpnp999i;p0p100;2007;100.6;999;i
RS;aprpnp999i;p0p100;2008;119.7;999;i
RS;aprpnp999i;p0p100;2009;118.9;999;i
RS;aprpnp999i;p0p100;2010;104.0;999;i
RS;aprpnp999i;p0p100;2011;100.8;999;i
RS;aptinc992j;p0p10;1990;92383.602;992;j
RS;aptinc992j;p0p10;1991;81095.203;992;j
RS;aptinc992j;p0p10;1992;56043.0;992;j
RS;aptinc992j;p0p10;1993;36665.102;992;j
RS;aptinc992j;p0p10;1994;38088.0;992;j
RS;aptinc992j;p0p10;1995;40531.801;992;j
RS;aptinc992j;p0p10;1996;41222.0;992;j
RS;aptinc992j;p0p10;1997;43939.602;992;j
RS;aptinc992j;p0p10;1998;51138.801;992;j
RS;aptinc992j;p0p10;1999;57233.301;992;j
RS;aptinc992j;p0p10;2000;61538.301;992;j
RS;aptinc992j;p0p10;2001;62239.301;992;j
RS;aptinc992j;p0p10;2002;54941.301;992;j
RS;aptinc992j;p0p10;2003;54057.699;992;j
RS;aptinc992j;p0p10;2004;55980.699;992;j
RS;aptinc992j;p0p10;2005;57130.301;992;j
RS;aptinc992j;p0p10;2006;52476.102;992;j
RS;aptinc992j;p0p10;2007;48057.5;992;j
RS;aptinc992j;p0p10;2008;42760.898;992;j
RS;aptinc992j;p0p10;2009;36884.5;992;j
RS;aptinc992j;p0p10;2010;34615.602;992;j
RS;aptinc992j;p0p10;2011;29316.5;992;j
RS;aptinc992j;p0p10;2012;28066.801;992;j
RS;aptinc992j;p0p10;2013;23654.1;992;j
RS;aptinc992j;p0p10;2014;23710.301;992;j
RS;aptinc992j;p0p10;2015;24139.0;992;j
RS;aptinc992j;p0p10;2016;24955.5;992;j
RS;aptinc992j;p0p10;2017;24864.5;992;j
RS;aptinc992j;p22p100;1990;898667.81;992;j
RS;aptinc992j;p22p100;1991;780050.69;992;j
RS;aptinc992j;p22p100;1992;534004.5;992;j
RS;aptinc992j;p22p100;1993;346178.0;992;j
RS;aptinc992j;p22p100;1994;356407.31;992;j
RS;aptinc992j;p22p100;1995;376032.0;992;j
RS;aptinc992j;p22p100;1996;378919.59;992;j
RS;aptinc992j;p22p100;1997;401566.09;992;j
RS;aptinc992j;p22p100;1998;420733.0;992;j
RS;aptinc992j;p22p100;1999;460534.41;992;j
RS;aptinc992j;p22p100;2000;506941.59;992;j
RS;aptinc992j;p22p100;2001;505936.81;992;j
RS;aptinc992j;p22p100;2002;547738.13;992;j
RS;aptinc992j;p22p100;2003;576430.5;992;j
RS;aptinc992j;p22p100;2004;651188.5;992;j
RS;aptinc992j;p22p100;2005;728532.5;992;j
RS;aptinc992j;p22p100;2006;772233.19;992;j
RS;aptinc992j;p22p100;2007;799350.69;992;j
RS;aptinc992j;p22p100;2008;854332.81;992;j
RS;aptinc992j;p22p100;2009;841472.63;992;j
RS;aptinc992j;p22p100;2010;845627.5;992;j
RS;aptinc992j;p22p100;2011;851237.81;992;j
RS;aptinc992j;p22p100;2012;851092.69;992;j
RS;aptinc992j;p22p100;2013;872991.5;992;j
RS;aptinc992j;p22p100;2014;856122.69;992;j
RS;aptinc992j;p22p100;2015;861747.63;992;j
RS;aptinc992j;p22p100;2016;888393.81;992;j
RS;aptinc992j;p22p100;2017;893744.0;992;j
RS;aptinc992j;p43p44;1990;530546.5;992;j
RS;aptinc992j;p43p44;1991;457096.19;992;j
RS;aptinc992j;p43p44;1992;310761.69;992;j
RS;aptinc992j;p43p44;1993;199994.0;992;j
RS;aptinc992j;p43p44;1994;204335.5;992;j
RS;aptinc992j;p43p44;1995;214130.41;992;j
RS;aptinc992j;p43p44;1996;214463.8;992;j
RS;aptinc992j;p43p44;1997;225814.8;992;j
RS;aptinc992j;p43p44;1998;233345.09;992;j
RS;aptinc992j;p43p44;1999;255185.59;992;j
RS;aptinc992j;p43p44;2000;277675.81;992;j
RS;aptinc992j;p43p44;2001;276416.5;992;j
RS;aptinc992j;p43p44;2002;294705.41;992;j
RS;aptinc992j;p43p44;2003;307816.41;992;j
RS;aptinc992j;p43p44;2004;342893.0;992;j
RS;aptinc992j;p43p44;2005;373530.41;992;j
RS;aptinc992j;p43p44;2006;390867.59;992;j
RS;aptinc992j;p43p44;2007;406173.81;992;j
RS;aptinc992j;p43p44;2008;429124.69;992;j
RS;aptinc992j;p43p44;2009;419921.09;992;j
RS;aptinc992j;p43p44;2010;411140.69;992;j
RS;aptinc992j;p43p44;2011;403674.31;992;j
RS;aptinc992j;p43p44;2012;398850.59;992;j
RS;aptinc992j;p43p44;2013;418210.09;992;j
RS;aptinc992j;p43p44;2014;396037.69;992;j
RS;aptinc992j;p43p44;2015;408362.59;992;j
RS;aptinc992j;p43p44;2016;420856.0;992;j
RS;aptinc992j;p43p44;2017;423057.5;992;j
RS;aptinc992j;p46p47;1990;558141.69;992;j
RS;aptinc992j;p46p47;1991;482089.5;992;j
RS;aptinc992j;p46p47;1992;328490.09;992;j
RS;aptinc992j;p46p47;1993;211877.2;992;j
RS;aptinc992j;p46p47;1994;217069.2;992;j
RS;aptinc992j;p46p47;1995;227921.41;992;j
RS;aptinc992j;p46p47;1996;228813.09;992;j
RS;aptinc992j;p46p47;1997;241562.41;992;j
RS;aptinc992j;p46p47;1998;248403.8;992;j
RS;aptinc992j;p46p47;1999;271180.0;992;j
RS;aptinc992j;p46p47;2000;294855.69;992;j
RS;aptinc992j;p46p47;2001;293587.91;992;j
RS;aptinc992j;p46p47;2002;313561.5;992;j
RS;aptinc992j;p46p47;2003;328411.09;992;j
RS;aptinc992j;p46p47;2004;363734.69;992;j
RS;aptinc992j;p46p47;2005;398994.41;992;j
RS;aptinc992j;p46p47;2006;419498.19;992;j
RS;aptinc992j;p46p47;2007;437296.31;992;j
RS;aptinc992j;p46p47;2008;461796.19;992;j
RS;aptinc992j;p46p47;2009;451828.09;992;j
RS;aptinc992j;p46p47;2010;442910.69;992;j
RS;aptinc992j;p46p47;2011;435873.69;992;j
RS;aptinc992j;p46p47;2012;430254.91;992;j
RS;aptinc992j;p46p47;2013;449924.59;992;j
RS;aptinc992j;p46p47;2014;428034.59;992;j
RS;aptinc992j;p46p47;2015;441393.81;992;j
RS;aptinc992j;p46p47;2016;454926.69;992;j
RS;aptinc992j;p46p47;2017;457279.0;992;j
RS;aptinc992j;p49p50;1990;593089.0;992;j
RS;aptinc992j;p49p50;1991;512803.5;992;j
RS;aptinc992j;p49p50;1992;349762.59;992;j
RS;aptinc992j;p49p50;1993;225978.7;992;j
RS;aptinc992j;p49p50;1994;231695.8;992;j
RS;aptinc992j;p49p50;1995;243421.7;992;j
RS;aptinc992j;p49p50;1996;244603.8;992;j
RS;aptinc992j;p49p50;1997;258508.8;992;j
RS;aptinc992j;p49p50;1998;266523.59;992;j
RS;aptinc992j;p49p50;1999;290880.5;992;j
RS;aptinc992j;p49p50;2000;315733.5;992;j
RS;aptinc992j;p49p50;2001;313037.31;992;j
RS;aptinc992j;p49p50;2002;336144.09;992;j
RS;aptinc992j;p49p50;2003;349711.09;992;j
RS;aptinc992j;p49p50;2004;388343.31;992;j
RS;aptinc992j;p49p50;2005;425104.81;992;j
RS;aptinc992j;p49p50;2006;448495.81;992;j
RS;aptinc992j;p49p50;2007;466341.31;992;j
RS;aptinc992j;p49p50;2008;494353.59;992;j
RS;aptinc992j;p49p50;2009;485451.91;992;j
RS;aptinc992j;p49p50;2010;473151.91;992;j
RS;aptinc992j;p49p50;2011;468918.69;992;j
RS;aptinc992j;p49p50;2012;470384.81;992;j
RS;aptinc992j;p49p50;2013;487593.31;992;j
RS;aptinc992j;p49p50;2014;460205.09;992;j
RS;aptinc992j;p49p50;2015;477738.19;992;j
RS;aptinc992j;p49p50;2016;492450.91;992;j
RS;aptinc992j;p49p50;2017;495151.59;992;j
RS;aptinc992j;p53p54;1990;635042.63;992;j
RS;aptinc992j;p53p54;1991;549698.31;992;j
RS;aptinc992j;p53p54;1992;375211.91;992;j
RS;aptinc992j;p53p54;1993;242494.3;992;j
RS;aptinc992j;p53p54;1994;248846.2;992;j
RS;aptinc992j;p53p54;1995;261605.0;992;j
RS;aptinc992j;p53p54;1996;263117.0;992;j
RS;aptinc992j;p53p54;1997;278412.81;992;j
RS;aptinc992j;p53p54;1998;289568.91;992;j
RS;aptinc992j;p53p54;1999;315685.41;992;j
RS;aptinc992j;p53p54;2000;342871.09;992;j
RS;aptinc992j;p53p54;2001;340858.19;992;j
RS;aptinc992j;p53p54;2002;363452.0;992;j
RS;aptinc992j;p53p54;2003;381425.91;992;j
RS;aptinc992j;p53p54;2004;422187.0;992;j
RS;aptinc992j;p53p54;2005;465708.91;992;j
RS;aptinc992j;p53p54;2006;490850.19;992;j
RS;aptinc992j;p53p54;2007;509443.81;992;j
RS;aptinc992j;p53p54;2008;540317.69;992;j
RS;aptinc992j;p53p54;2009;530060.81;992;j
RS;aptinc992j;p53p54;2010;521555.31;992;j
RS;aptinc992j;p53p54;2011;515891.09;992;j
RS;aptinc992j;p53p54;2012;520756.31;992;j
RS;aptinc992j;p53p54;2013;541695.81;992;j
RS;aptinc992j;p53p54;2014;511765.09;992;j
RS;aptinc992j;p53p54;2015;526270.63;992;j
RS;aptinc992j;p53p54;2016;542398.0;992;j
RS;aptinc992j;p53p54;2017;545339.19;992;j
RS;aptinc992j;p63p64;1990;757327.69;992;j
RS;aptinc992j;p63p64;1991;655921.13;992;j
RS;aptinc992j;p63p64;1992;447844.0;992;j
RS;aptinc992j;p63p64;1993;289348.5;992;j
RS;aptinc992j;p63p64;1994;296935.59;992;j
RS;aptinc992j;p63p64;1995;312287.31;992;j
RS;aptinc992j;p63p64;1996;314047.09;992;j
RS;aptinc992j;p63p64;1997;332197.81;992;j
RS;aptinc992j;p63p64;1998;348503.59;992;j
RS;aptinc992j;p63p64;1999;378470.09;992;j
RS;aptinc992j;p63p64;2000;409331.31;992;j
RS;aptinc992j;p63p64;2001;404106.5;992;j
RS;aptinc992j;p63p64;2002;436950.59;992;j
RS;aptinc992j;p63p64;2003;459199.19;992;j
RS;aptinc992j;p63p64;2004;508778.81;992;j
RS;aptinc992j;p63p64;2005;563163.69;992;j
RS;aptinc992j;p63p64;2006;598000.63;992;j
RS;aptinc992j;p63p64;2007;625990.81;992;j
RS;aptinc992j;p63p64;2008;669060.5;992;j
RS;aptinc992j;p63p64;2009;657572.69;992;j
RS;aptinc992j;p63p64;2010;650393.19;992;j
RS;aptinc992j;p63p64;2011;645856.38;992;j
RS;aptinc992j;p63p64;2012;651464.13;992;j
RS;aptinc992j;p63p64;2013;678279.88;992;j
RS;aptinc992j;p63p64;2014;649582.81;992;j
RS;aptinc992j;p63p64;2015;661314.19;992;j
RS;aptinc992j;p63p64;2016;681572.69;992;j
RS;aptinc992j;p63p64;2017;685319.81;992;j
RS;asechn999i;p0p100;1997;220141.59;999;i
RS;asechn999i;p0p100;1998;209141.91;999;i
RS;asechn999i;p0p100;1999;227951.59;999;i
RS;asechn999i;p0p100;2000;243383.0;999;i
RS;asechn999i;p0p100;2001;251951.5;999;i
RS;asechn999i;p0p100;2002;266860.81;999;i
RS;asechn999i;p0p100;2003;285517.59;999;i
RS;asechn999i;p0p100;2004;284011.5;999;i
RS;asechn999i;p0p100;2005;320195.91;999;i
RS;asechn999i;p0p100;2006;342502.31;999;i
RS;asechn999i;p0p100;2007;364846.69;999;i
RS;asechn999i;p0p100;2008;397489.09;999;i
RS;asechn999i;p0p100;2009;392926.31;999;i
RS;asechn999i;p0p100;2010;390654.31;999;i
RS;asechn999i;p0p100;2011;388557.91;999;i
RS;bcainc992j;p13p100;1990;4.3003774;992;j
RS;bcainc992j;p13p100;1991;4.2076907;992;j
RS;bcainc992j;p13p100;1992;4.1162119;992;j
RS;bcainc992j;p13p100;1993;4.0348778;992;j
RS;bcainc992j;p13p100;1994;3.9452615;992;j
RS;bcainc992j;p13p100;1995;3.8680713;992;j
RS;bcainc992j;p13p100;1996;3.7910323;992;j
RS;bcainc992j;p13p100;1997;3.7214618;992;j
RS;bcainc992j;p13p100;1998;3.3811059;992;j
RS;bcainc992j;p13p100;1999;3.4133749;992;j
RS;bcainc992j;p13p100;2000;3.54054;992;j
RS;bcainc992j;p13p100;2001;3.5693128;992;j
RS;bcainc992j;p13p100;2002;4.0993319;992;j
RS;bcainc992j;p13p100;2003;4.3268213;992;j
RS;bcainc992j;p13p100;2004;5.1481905;992;j
RS;bcainc992j;p13p100;2005;5.6117249;992;j
RS;bcainc992j;p13p100;2006;6.270761;992;j
RS;bcainc992j;p13p100;2007;7.0422254;992;j
RS;bcainc992j;p13p100;2008;7.401433;992;j
RS;bcainc992j;p13p100;2009;7.5913415;992;j
RS;bcainc992j;p13p100;2010;8.91607;992;j
RS;bcainc992j;p13p100;2011;11.069505;992;j
RS;bcainc992j;p13p100;2012;13.011104;992;j
RS;bcainc992j;p13p100;2013;10.504125;992;j
RS;bcainc992j;p13p100;2014;6.2708054;992;j
RS;bcainc992j;p13p100;2015;8.6351604;992;j
RS;bcainc992j;p13p100;2016;8.6143646;992;j
RS;bcainc992j;p13p100;2017;8.6384983;992;j
RS;bcainc992j;p42p100;1990;2.0051177;992;j
RS;bcainc992j;p42p100;1991;1.9950562;992;j
RS;bcainc992j;p42p100;1992;1.9849148;992;j
RS;bcainc992j;p42p100;1993;1.9776058;992;j
RS;bcainc992j;p42p100;1994;1.9681093;992;j
RS;bcainc992j;p42p100;1995;1.961828;992;j
RS;bcainc992j;p42p100;1996;1.9499654;992;j
RS;bcainc992j;p42p100;1997;1.9384357;992;j
RS;bcainc992j;p42p100;1998;1.9782232;992;j
RS;bcainc992j;p42p100;1999;1.9870232;992;j
RS;bcainc992j;p42p100;2000;2.0069108;992;j
RS;bcainc992j;p42p100;2001;2.0170681;992;j
RS;bcainc992j;p42p100;2002;2.0626507;992;j
RS;bcainc992j;p42p100;2003;2.0780022;992;j
RS;bcainc992j;p42p100;2004;2.131707;992;j
RS;bcainc992j;p42p100;2005;2.1945922;992;j
RS;bcainc992j;p42p100;2006;2.248466;992;j
RS;bcainc992j;p42p100;2007;2.2715333;992;j
RS;bcainc992j;p42p100;2008;2.3002121;992;j
RS;bcainc992j;p42p100;2009;2.3379383;992;j
RS;bcainc992j;p42p100;2010;2.4289145;992;j
RS;bcainc992j;p42p100;2011;2.4982898;992;j
RS;bcainc992j;p42p100;2012;2.5630772;992;j
RS;bcainc992j;p42p100;2013;2.5917695;992;j
RS;bcainc992j;p42p100;2014;2.5288572;992;j
RS;bcainc992j;p42p100;2015;2.6395195;992;j
RS;bcainc992j;p42p100;2016;2.6386616;992;j
RS;bcainc992j;p42p100;2017;2.6398029;992;j
RS;bdiinc992j;p1p100;1990;6.4870472;992;j
RS;bdiinc992j;p1p100;1991;6.7020335;992;j
RS;bdiinc992j;p1p100;1992;7.0412402;992;j
RS;bdiinc992j;p1p100;1993;7.4322896;992;j
RS;bdiinc992j;p1p100;1994;7.9678817;992;j
RS;bdiinc992j;p1p100;1995;8.6299715;992;j
RS;bdiinc992j;p1p100;1996;9.4055157;992;j
RS;bdiinc992j;p1p100;1997;10.17454;992;j
RS;bdiinc992j;p1p100;1998;11.041286;992;j
RS;bdiinc992j;p1p100;1999;11.552836;992;j
RS;bdiinc992j;p1p100;2000;11.969898;992;j
RS;bdiinc992j;p1p100;2001;11.972466;992;j
RS;bdiinc992j;p1p100;2002;12.952199;992;j
RS;bdiinc992j;p1p100;2003;10.890553;992;j
RS;bdiinc992j;p1p100;2004;10.964363;992;j
RS;bdiinc992j;p1p100;2005;10.924262;992;j
RS;bdiinc992j;p1p100;2006;10.839954;992;j
RS;bdiinc992j;p1p100;2007;10.460979;992;j
RS;bdiinc992j;p1p100;2008;9.851737;992;j
RS;bdiinc992j;p1p100;2009;9.5391188;992;j
RS;bdiinc992j;p1p100;2010;9.4577417;992;j
RS;bdiinc992j;p1p100;2011;10.232574;992;j
RS;bdiinc992j;p1p100;2012;10.531372;992;j
RS;bdiinc992j;p1p100;2013;7.6850395;992;j
RS;bdiinc992j;p1p100;2014;5.0160074;992;j
RS;bdiinc992j;p1p100;2015;6.2985377;992;j
RS;bdiinc992j;p1p100;2016;6.7519937;992;j
RS;bdiinc992j;p1p100;2017;6.8052573;992;j
RS;bdiinc992j;p30p100;1990;2.2235324;992;j
RS;bdiinc992j;p30p100;1991;2.2031188;992;j
RS;bdiinc992j;p30p100;1992;2.182297;992;j
RS;bdiinc992j;p30p100;1993;2.1619139;992;j
RS;bdiinc992j;p30p100;1994;2.1419058;992;j
RS;bdiinc992j;p30p100;1995;2.1210568;992;j
RS;bdiinc992j;p30p100;1996;2.0985003;992;j
RS;bdiinc992j;p30p100;1997;2.0735552;992;j
RS;bdiinc992j;p30p100;1998;2.0938551;992;j
RS;bdiinc992j;p30p100;1999;2.129385;992;j
RS;bdiinc992j;p30p100;2000;2.1287572;992;j
RS;bdiinc992j;p30p100;2001;2.1271071;992;j
RS;bdiinc992j;p30p100;2002;2.1597099;992;j
RS;bdiinc992j;p30p100;2003;2.2051492;992;j
RS;bdiinc992j;p30p100;2004;2.2804394;992;j
RS;bdiinc992j;p30p100;2005;2.3278592;992;j
RS;bdiinc992j;p30p100;2006;2.4118257;992;j
RS;bdiinc992j;p30p100;2007;2.4089968;992;j
RS;bdiinc992j;p30p100;2008;2.4694307;992;j
RS;bdiinc992j;p30p100;2009;2.5519035;992;j
RS;bdiinc992j;p30p100;2010;2.7003241;992;j
RS;bdiinc992j;p30p100;2011;2.8838723;992;j
RS;bdiinc992j;p30p100;2012;2.8695755;992;j
RS;bdiinc992j;p30p100;2013;3.073266;992;j
RS;bdiinc992j;p30p100;2014;2.838582;992;j
RS;bdiinc992j;p30p100;2015;3.0434234;992;j
RS;bdiinc992j;p30p100;2016;3.1035357;992;j
RS;bdiinc992j;p30p100;2017;3.1124527;992;j
RS;bptinc992j;p99.9p100;1990;2.0532165;992;j
RS;bptinc992j;p99.9p100;1991;2.0755394;992;j
RS;bptinc992j;p99.9p100;1992;2.0839112;992;j
RS;bptinc992j;p99.9p100;1993;2.1055768;992;j
RS;bptinc992j;p99.9p100;1994;2.1089976;992;j
RS;bptinc992j;p99.9p100;1995;2.1286218;992;j
RS;bptinc992j;p99.9p100;1996;2.1468401;992;j
RS;bptinc992j;p99.9p100;1997;2.1677141;992;j
RS;bptinc992j;p99.9p100;1998;2.1364307;992;j
RS;bptinc992j;p99.9p100;1999;2.1938522;992;j
RS;bptinc992j;p99.9p100;2000;2.2126234;992;j
RS;bptinc992j;p99.9p100;2001;2.2748272;992;j
RS;bptinc992j;p99.9p100;2002;2.2196805;992;j
RS;bptinc992j;p99.9p100;2003;2.1886964;992;j
RS;bptinc992j;p99.9p100;2004;2.1867349;992;j
RS;bptinc992j;p99.9p100;2005;2.1273444;992;j
RS;bptinc992j;p99.9p100;2006;2.1287198;992;j
RS;bptinc992j;p99.9p100;2007;2.0845308;992;j
RS;bptinc992j;p99.9p100;2008;2.0998909;992;j
RS;bptinc992j;p99.9p100;2009;2.0755343;992;j
RS;bptinc992j;p99.9p100;2010;2.0061092;992;j
RS;bptinc992j;p99.9p100;2011;2.032074;992;j
RS;bptinc992j;p99.9p100;2012;1.8274834;992;j
RS;bptinc992j;p99.9p100;2013;1.9129519;992;j
RS;bptinc992j;p99.9p100;2014;2.2963626;992;j
RS;bptinc992j;p99.9p100;2015;2.302038;992;j
RS;bptinc992j;p99.9p100;2016;2.3020227;992;j
RS;bptinc992j;p99.9p100;2017;2.3010466;992;j
RS;mccshn999i;p0p100;1997;125538770944.0;999;i
RS;mccshn999i;p0p100;1998;138762600448.0;999;i
RS;mccshn999i;p0p100;1999;129883439104.0;999;i
RS;mccshn999i;p0p100;2000;134336176128.0;999;i
RS;mccshn999i;p0p100;2001;136624947200.0;999;i
RS;mccshn999i;p0p100;2002;142769422336.0;999;i
RS;mccshn999i;p0p100;2003;148056145920.0;999;i
RS;mccshn999i;p0p100;2004;155292598272.0;999;i
RS;mccshn999i;p0p100;2005;164038524928.0;999;i
RS;mccshn999i;p0p100;2006;154455097344.0;999;i
RS;mccshn999i;p0p100;2007;145360961536.0;999;i
RS;mccshn999i;p0p100;2008;150559752192.0;999;i
RS;mccshn999i;p0p100;2009;170420092928.0;999;i
RS;mccshn999i;p0p100;2010;175432253440.0;999;i
RS;mccshn999i;p0p100;2011;158308089856.0;999;i
RS;mprihn999i;p0p100;1997;2311228751872.0;999;i
RS;mprihn999i;p0p100;1998;2073702432768.0;999;i
RS;mprihn999i;p0p100;1999;1765135220736.0;999;i
RS;mprihn999i;p0p100;2000;1861181374464.0;999;i
RS;mprihn999i;p0p100;2001;1953949024256.0;999;i
RS;mprihn999i;p0p100;2002;2038981853184.0;999;i
RS;mprihn999i;p0p100;2003;2170278510592.0;999;i
RS;mprihn999i;p0p100;2004;2244243881984.0;999;i
RS;mprihn999i;p0p100;2005;2453021392896.0;999;i
RS;mprihn999i;p0p100;2006;2609490427904.0;999;i
RS;mprihn999i;p0p100;2007;2769612963840.0;999;i
RS;mprihn999i;p0p100;2008;2950966018048.0;999;i
RS;mprihn999i;p0p100;2009;2783209586688.0;999;i
RS;mprihn999i;p0p100;2010;2766016348160.0;999;i
RS;mprihn999i;p0p100;2011;2836537278464.0;999;i
RS;mprinp999i;p0p100;1997;-2118591.0;999;i
RS;mprinp999i;p0p100;1998;341123328.0;999;i
RS;mprinp999i;p0p100;1999;-21751350.0;999;i
RS;mprinp999i;p0p100;2000;-18375030.0;999;i
RS;mprinp999i;p0p100;2001;93518248.0;999;i
RS;mprinp999i;p0p100;2002;-14292551.0;999;i
RS;mprinp999i;p0p100;2003;-1551577.0;999;i
RS;mprinp999i;p0p100;2004;0.0;999;i
RS;mprinp999i;p0p100;2005;279006656.0;999;i
RS;mprinp999i;p0p100;2006;590751040.0;999;i
RS;mprinp999i;p0p100;2007;707483840.0;999;i
RS;mprinp999i;p0p100;2008;844387392.0;999;i
RS;mprinp999i;p0p100;2009;823108352.0;999;i
RS;mprinp999i;p0p100;2010;710921344.0;999;i
RS;mprinp999i;p0p100;2011;702226176.0;999;i
RS;npopul051i;p0p100;1950;529896.0;051;i
RS;npopul051i;p0p100;1951;541814.0;051;i
RS;npopul051i;p0p100;1952;575623.0;051;i
RS;npopul051i;p0p100;1953;628657.0;051;i
RS;npopul051i;p0p100;1954;690000.0;051;i
RS;npopul051i;p0p100;1955;741842.0;051;i
RS;npopul051i;p0p100;1956;782760.0;051;i
RS;npopul051i;p0p100;1957;811774.0;051;i
RS;npopul051i;p0p100;1958;826594.0;051;i
RS;npopul051i;p0p100;1959;829315.0;051;i
RS;npopul051i;p0p100;1960;825562.0;051;i
RS;npopul051i;p0p100;1961;820613.0;051;i
RS;npopul051i;p0p100;1962;801177.0;051;i
RS;npopul051i;p0p100;1963;769415.0;051;i
RS;npopul051i;p0p100;1964;732439.0;051;i
RS;npopul051i;p0p100;1965;700221.0;051;i
RS;npopul051i;p0p100;1966;678267.0;051;i
RS;npopul051i;p0p100;1967;666941.0;051;i
RS;npopul051i;p0p100;1968;666306.0;051;i
RS;npopul051i;p0p100;1969;671608.0;051;i
RS;npopul051i;p0p100;1970;674973.0;051;i
RS;npopul051i;p0p100;1971;678310.0;051;i
RS;npopul051i;p0p100;1972;681918.0;051;i
RS;npopul051i;p0p100;1973;685262.0;051;i
RS;npopul051i;p0p100;1974;688769.0;051;i
RS;npopul051i;p0p100;1975;693423.0;051;i
RS;npopul051i;p0p100;1976;702011.0;051;i
RS;npopul051i;p0p100;1977;711931.0;051;i
RS;npopul051i;p0p100;1978;722934.0;051;i
RS;npopul051i;p0p100;1979;734283.0;051;i
RS;npopul051i;p0p100;1980;744791.0;051;i
RS;npopul051i;p0p100;1981;756599.0;051;i
RS;npopul051i;p0p100;1982;767579.0;051;i
RS;npopul051i;p0p100;1983;777002.0;051;i
RS;npopul051i;p0p100;1984;784056.0;051;i
RS;npopul051i;p0p100;1985;788048.0;051;i
RS;npopul051i;p0p100;1986;791590.0;051;i
RS;npopul051i;p0p100;1987;790433.0;051;i
RS;npopul051i;p0p100;1988;785371.0;051;i
RS;npopul051i;p0p100;1989;778656.0;051;i
RS;npopul051i;p0p100;1990;772769.0;051;i
RS;npopul051i;p0p100;1991;771531.0;051;i
RS;npopul051i;p0p100;1992;772089.0;051;i
RS;npopul051i;p0p100;1993;772604.0;051;i
RS;npopul051i;p0p100;1994;769701.0;051;i
RS;npopul051i;p0p100;1995;760192.0;051;i
RS;npopul051i;p0p100;1996;746829.0;051;i
RS;npopul051i;p0p100;1997;729318.0;051;i
RS;npopul051i;p0p100;1998;708186.0;051;i
RS;npopul051i;p0p100;1999;540049.0;051;i
RS;npopul051i;p0p100;2000;528276.0;051;i
RS;npopul051i;p0p100;2001;515613.0;051;i
RS;npopul051i;p0p100;2002;503469.0;051;i
RS;npopul051i;p0p100;2003;490837.0;051;i
RS;npopul051i;p0p100;2004;479198.0;051;i
RS;npopul051i;p0p100;2005;467784.0;051;i
RS;npopul051i;p0p100;2006;459259.0;051;i
RS;npopul051i;p0p100;2007;452798.0;051;i
RS;npopul051i;p0p100;2008;448083.0;051;i
RS;npopul051i;p0p100;2009;444446.0;051;i
RS;npopul051i;p0p100;2010;440419.0;051;i
RS;npopul051i;p0p100;2011;435046.0;051;i
RS;npopul051i;p0p100;2012;430323.0;051;i
RS;npopul051i;p0p100;2013;424732.0;051;i
RS;npopul051i;p0p100;2014;418314.0;051;i
RS;npopul051i;p0p100;2015;411304.0;051;i
RS;npopul051i;p0p100;2016;406746.0;051;i
RS;npopul051i;p0p100;2017;400925.0;051;i
RS;npopul051i;p0p100;2018;392657.0;051;i
RS;npopul051i;p0p100;2019;383071.0;051;i
RS;npopul201m;p0p100;1950;342195.0;201;m
RS;npopul201m;p0p100;1951;348942.0;201;m
RS;npopul201m;p0p100;1952;352893.0;201;m
RS;npopul201m;p0p100;1953;353473.0;201;m
RS;npopul201m;p0p100;1954;351451.0;201;m
RS;npopul201m;p0p100;1955;347648.0;201;m
RS;npopul201m;p0p100;1956;342299.0;201;m
RS;npopul201m;p0p100;1957;335870.0;201;m
RS;npopul201m;p0p100;1958;328130.0;201;m
RS;npopul201m;p0p100;1959;318429.0;201;m
RS;npopul201m;p0p100;1960;306739.0;201;m
RS;npopul201m;p0p100;1961;293909.0;201;m
RS;npopul201m;p0p100;1962;278272.0;201;m
RS;npopul201m;p0p100;1963;263775.0;201;m
RS;npopul201m;p0p100;1964;256070.0;201;m
RS;npopul201m;p0p100;1965;258298.0;201;m
RS;npopul201m;p0p100;1966;268914.0;201;m
RS;npopul201m;p0p100;1967;289326.0;201;m
RS;npopul201m;p0p100;1968;315558.0;201;m
RS;npopul201m;p0p100;1969;341148.0;201;m
RS;npopul201m;p0p100;1970;361863.0;201;m
RS;npopul201m;p0p100;1971;378711.0;201;m
RS;npopul201m;p0p100;1972;391469.0;201;m
RS;npopul201m;p0p100;1973;399563.0;201;m
RS;npopul201m;p0p100;1974;402827.0;201;m
RS;npopul201m;p0p100;1975;401324.0;201;m
RS;npopul201m;p0p100;1976;394908.0;201;m
RS;npopul201m;p0p100;1977;382915.0;201;m
RS;npopul201m;p0p100;1978;367946.0;201;m
RS;npopul201m;p0p100;1979;354032.0;201;m
RS;npopul201m;p0p100;1980;343793.0;201;m
RS;npopul201m;p0p100;1981;337085.0;201;m
RS;npopul201m;p0p100;1982;334297.0;201;m
RS;npopul201m;p0p100;1983;334392.0;201;m
RS;npopul201m;p0p100;1984;335358.0;201;m
RS;npopul201m;p0p100;1985;335957.0;201;m
RS;npopul201m;p0p100;1986;336926.0;201;m
RS;npopul201m;p0p100;1987;337847.0;201;m
RS;npopul201m;p0p100;1988;339189.0;201;m
RS;npopul201m;p0p100;1989;341734.0;201;m
RS;npopul201m;p0p100;1990;345887.0;201;m
RS;npopul201m;p0p100;1991;351478.0;201;m
RS;npopul201m;p0p100;1992;358502.0;201;m
RS;npopul201m;p0p100;1993;366021.0;201;m
RS;npopul201m;p0p100;1994;372679.0;201;m
RS;npopul201m;p0p100;1995;377507.0;201;m
RS;npopul201m;p0p100;1996;376474.0;201;m
RS;npopul201m;p0p100;1997;372703.0;201;m
RS;npopul201m;p0p100;1998;366534.0;201;m
RS;npopul201m;p0p100;1999;282226.0;201;m
RS;npopul201m;p0p100;2000;276885.0;201;m
RS;npopul201m;p0p100;2001;274819.0;201;m
RS;npopul201m;p0p100;2002;271916.0;201;m
RS;npopul201m;p0p100;2003;268049.0;201;m
RS;npopul201m;p0p100;2004;265167.0;201;m
RS;npopul201m;p0p100;2005;263842.0;201;m
RS;npopul201m;p0p100;2006;263131.0;201;m
RS;npopul201m;p0p100;2007;264245.0;201;m
RS;npopul201m;p0p100;2008;266025.0;201;m
RS;npopul201m;p0p100;2009;266790.0;201;m
RS;npopul201m;p0p100;2010;265400.0;201;m
RS;npopul201m;p0p100;2011;261323.0;201;m
RS;npopul201m;p0p100;2012;255971.0;201;m
RS;npopul201m;p0p100;2013;249238.0;201;m
RS;npopul201m;p0p100;2014;242195.0;201;m
RS;npopul201m;p0p100;2015;235500.0;201;m
RS;npopul201m;p0p100;2016;230976.0;201;m
RS;npopul201m;p0p100;2017;227174.0;201;m
RS;npopul201m;p0p100;2018;223563.0;201;m
RS;npopul201m;p0p100;2019;220391.0;201;m
RS;scainc992j;p37p38;1990;0.0066999998;992;j
RS;scainc992j;p37p38;1991;0.0066999998;992;j
RS;scainc992j;p37p38;1992;0.0066999998;992;j
RS;scainc992j;p37p38;1993;0.0066999998;992;j
RS;scainc992j;p37p38;1994;0.0066999998;992;j
RS;scainc992j;p37p38;1995;0.0066999998;992;j
RS;scainc992j;p37p38;1996;0.0068000001;992;j
RS;scainc992j;p37p38;1997;0.0068000001;992;j
RS;scainc992j;p37p38;1998;0.0066;992;j
RS;scainc992j;p37p38;1999;0.0066;992;j
RS;scainc992j;p37p38;2000;0.0065000001;992;j
RS;scainc992j;p37p38;2001;0.0065000001;992;j
RS;scainc992j;p37p38;2002;0.0063999998;992;j
RS;scainc992j;p37p38;2003;0.0063;992;j
RS;scainc992j;p37p38;2004;0.0062000002;992;j
RS;scainc992j;p37p38;2005;0.0060999999;992;j
RS;scainc992j;p37p38;2006;0.0060000001;992;j
RS;scainc992j;p37p38;2007;0.0060000001;992;j
RS;scainc992j;p37p38;2008;0.0059000002;992;j
RS;scainc992j;p37p38;2009;0.0057999999;992;j
RS;scainc992j;p37p38;2010;0.0055999998;992;j
RS;scainc992j;p37p38;2011;0.0055;992;j
RS;scainc992j;p37p38;2012;0.0054000001;992;j
RS;scainc992j;p37p38;2013;0.0052;992;j
RS;scainc992j;p37p38;2014;0.0052999998;992;j
RS;scainc992j;p37p38;2015;0.0051000002;992;j
RS;scainc992j;p37p38;2016;0.0051000002;992;j
RS;scainc992j;p37p38;2017;0.0051000002;992;j
RS;scainc992j;p50p90;1990;0.4867;992;j
RS;scainc992j;p50p90;1991;0.48629999;992;j
RS;scainc992j;p50p90;1992;0.48550001;992;j
RS;scainc992j;p50p90;1993;0.4842;992;j
RS;scainc992j;p50p90;1994;0.48300001;992;j
RS;scainc992j;p50p90;1995;0.48179999;992;j
RS;scainc992j;p50p90;1996;0.48120001;992;j
RS;scainc992j;p50p90;1997;0.48069999;992;j
RS;scainc992j;p50p90;1998;0.4761;992;j
RS;scainc992j;p50p90;1999;0.4709;992;j
RS;scainc992j;p50p90;2000;0.46579999;992;j
RS;scainc992j;p50p90;2001;0.46200001;992;j
RS;scainc992j;p50p90;2002;0.4664;992;j
RS;scainc992j;p50p90;2003;0.46849999;992;j
RS;scainc992j;p50p90;2004;0.4727;992;j
RS;scainc992j;p50p90;2005;0.47099999;992;j
RS;scainc992j;p50p90;2006;0.4725;992;j
RS;scainc992j;p50p90;2007;0.4779;992;j
RS;scainc992j;p50p90;2008;0.4799;992;j
RS;scainc992j;p50p90;2009;0.47799999;992;j
RS;scainc992j;p50p90;2010;0.47839999;992;j
RS;scainc992j;p50p90;2011;0.479;992;j
RS;scainc992j;p50p90;2012;0.47600001;992;j
RS;scainc992j;p50p90;2013;0.4849;992;j
RS;scainc992j;p50p90;2014;0.4621;992;j
RS;scainc992j;p50p90;2015;0.4499;992;j
RS;scainc992j;p50p90;2016;0.44980001;992;j
RS;scainc992j;p50p90;2017;0.4497;992;j
RS;scainc992j;p59p60;1990;0.0098999999;992;j
RS;scainc992j;p59p60;1991;0.0098999999;992;j
RS;scainc992j;p59p60;1992;0.0098000001;992;j
RS;scainc992j;p59p60;1993;0.0098000001;992;j
RS;scainc992j;p59p60;1994;0.0098000001;992;j
RS;scainc992j;p59p60;1995;0.0098000001;992;j
RS;scainc992j;p59p60;1996;0.0098000001;992;j
RS;scainc992j;p59p60;1997;0.0098000001;992;j
RS;scainc992j;p59p60;1998;0.0097000003;992;j
RS;scainc992j;p59p60;1999;0.0096000005;992;j
RS;scainc992j;p59p60;2000;0.0094999997;992;j
RS;scainc992j;p59p60;2001;0.0093999999;992;j
RS;scainc992j;p59p60;2002;0.0093999999;992;j
RS;scainc992j;p59p60;2003;0.0094999997;992;j
RS;scainc992j;p59p60;2004;0.0093999999;992;j
RS;scainc992j;p59p60;2005;0.0093;992;j
RS;scainc992j;p59p60;2006;0.0093;992;j
RS;scainc992j;p59p60;2007;0.0093999999;992;j
RS;scainc992j;p59p60;2008;0.0093999999;992;j
RS;scainc992j;p59p60;2009;0.0093;992;j
RS;scainc992j;p59p60;2010;0.0092000002;992;j
RS;scainc992j;p59p60;2011;0.0091000004;992;j
RS;scainc992j;p59p60;2012;0.0089999996;992;j
RS;scainc992j;p59p60;2013;0.0091000004;992;j
RS;scainc992j;p59p60;2014;0.0088999998;992;j
RS;scainc992j;p59p60;2015;0.0086000003;992;j
RS;scainc992j;p59p60;2016;0.0086000003;992;j
RS;scainc992j;p59p60;2017;0.0086000003;992;j
RS;scainc992j;p87p88;1990;0.0165;992;j
RS;scainc992j;p87p88;1991;0.0164;992;j
RS;scainc992j;p87p88;1992;0.0164;992;j
RS;scainc992j;p87p88;1993;0.0163;992;j
RS;scainc992j;p87p88;1994;0.0162;992;j
RS;scainc992j;p87p88;1995;0.0162;992;j
RS;scainc992j;p87p88;1996;0.016100001;992;j
RS;scainc992j;p87p88;1997;0.016000001;992;j
RS;scainc992j;p87p88;1998;0.016000001;992;j
RS;scainc992j;p87p88;1999;0.015799999;992;j
RS;scainc992j;p87p88;2000;0.0156;992;j
RS;scainc992j;p87p88;2001;0.0154;992;j
RS;scainc992j;p87p88;2002;0.0156;992;j
RS;scainc992j;p87p88;2003;0.016000001;992;j
RS;scainc992j;p87p88;2004;0.0164;992;j
RS;scainc992j;p87p88;2005;0.0166;992;j
RS;scainc992j;p87p88;2006;0.016799999;992;j
RS;scainc992j;p87p88;2007;0.017100001;992;j
RS;scainc992j;p87p88;2008;0.017200001;992;j
RS;scainc992j;p87p88;2009;0.0173;992;j
RS;scainc992j;p87p88;2010;0.0176;992;j
RS;scainc992j;p87p88;2011;0.0178;992;j
RS;scainc992j;p87p88;2012;0.0176;992;j
RS;scainc992j;p87p88;2013;0.017899999;992;j
RS;scainc992j;p87p88;2014;0.016799999;992;j
RS;scainc992j;p87p88;2015;0.0166;992;j
RS;scainc992j;p87p88;2016;0.0166;992;j
RS;scainc992j;p87p88;2017;0.0166;992;j
RS;scainc992j;p99.97p100;1990;0.0144;992;j
RS;scainc992j;p99.97p100;1991;0.0137;992;j
RS;scainc992j;p99.97p100;1992;0.0127;992;j
RS;scainc992j;p99.97p100;1993;0.0122;992;j
RS;scainc992j;p99.97p100;1994;0.0118;992;j
RS;scainc992j;p99.97p100;1995;0.0115;992;j
RS;scainc992j;p99.97p100;1996;0.011;992;j
RS;scainc992j;p99.97p100;1997;0.0106;992;j
RS;scainc992j;p99.97p100;1998;0.0112;992;j
RS;scainc992j;p99.97p100;1999;0.0133;992;j
RS;scainc992j;p99.97p100;2000;0.0142;992;j
RS;scainc992j;p99.97p100;2001;0.0162;992;j
RS;scainc992j;p99.97p100;2002;0.0155;992;j
RS;scainc992j;p99.97p100;2003;0.0154;992;j
RS;scainc992j;p99.97p100;2004;0.015699999;992;j
RS;scainc992j;p99.97p100;2005;0.016899999;992;j
RS;scainc992j;p99.97p100;2006;0.015799999;992;j
RS;scainc992j;p99.97p100;2007;0.014;992;j
RS;scainc992j;p99.97p100;2008;0.0126;992;j
RS;scainc992j;p99.97p100;2009;0.0151;992;j
RS;scainc992j;p99.97p100;2010;0.0146;992;j
RS;scainc992j;p99.97p100;2011;0.0144;992;j
RS;scainc992j;p99.97p100;2012;0.021;992;j
RS;scainc992j;p99.97p100;2013;0.0164;992;j
RS;scainc992j;p99.97p100;2014;0.029100001;992;j
RS;scainc992j;p99.97p100;2015;0.045899998;992;j
RS;scainc992j;p99.97p100;2016;0.045899998;992;j
RS;scainc992j;p99.97p100;2017;0.046;992;j
RS;sdiinc992j;p12p100;1990;0.97399998;992;j
RS;sdiinc992j;p12p100;1991;0.97409999;992;j
RS;sdiinc992j;p12p100;1992;0.97409999;992;j
RS;sdiinc992j;p12p100;1993;0.97399998;992;j
RS;sdiinc992j;p12p100;1994;0.97399998;992;j
RS;sdiinc992j;p12p100;1995;0.97390002;992;j
RS;sdiinc992j;p12p100;1996;0.9738;992;j
RS;sdiinc992j;p12p100;1997;0.97359997;992;j
RS;sdiinc992j;p12p100;1998;0.97310001;992;j
RS;sdiinc992j;p12p100;1999;0.97369999;992;j
RS;sdiinc992j;p12p100;2000;0.97399998;992;j
RS;sdiinc992j;p12p100;2001;0.97409999;992;j
RS;sdiinc992j;p12p100;2002;0.97729999;992;j
RS;sdiinc992j;p12p100;2003;0.97759998;992;j
RS;sdiinc992j;p12p100;2004;0.9799;992;j
RS;sdiinc992j;p12p100;2005;0.98110002;992;j
RS;sdiinc992j;p12p100;2006;0.98259997;992;j
RS;sdiinc992j;p12p100;2007;0.9835;992;j
RS;sdiinc992j;p12p100;2008;0.98339999;992;j
RS;sdiinc992j;p12p100;2009;0.98320001;992;j
RS;sdiinc992j;p12p100;2010;0.98400003;992;j
RS;sdiinc992j;p12p100;2011;0.98549998;992;j
RS;sdiinc992j;p12p100;2012;0.98629999;992;j
RS;sdiinc992j;p12p100;2013;0.98220003;992;j
RS;sdiinc992j;p12p100;2014;0.97399998;992;j
RS;sdiinc992j;p12p100;2015;0.97909999;992;j
RS;sdiinc992j;p12p100;2016;0.98030001;992;j
RS;sdiinc992j;p12p100;2017;0.98049998;992;j
RS;sdiinc992j;p16p17;1990;0.0035000001;992;j
RS;sdiinc992j;p16p17;1991;0.0035000001;992;j
RS;sdiinc992j;p16p17;1992;0.0035999999;992;j
RS;sdiinc992j;p16p17;1993;0.0035999999;992;j
RS;sdiinc992j;p16p17;1994;0.0037;992;j
RS;sdiinc992j;p16p17;1995;0.0037;992;j
RS;sdiinc992j;p16p17;1996;0.0038000001;992;j
RS;sdiinc992j;p16p17;1997;0.0038000001;992;j
RS;sdiinc992j;p16p17;1998;0.0040000002;992;j
RS;sdiinc992j;p16p17;1999;0.0040000002;992;j
RS;sdiinc992j;p16p17;2000;0.0040000002;992;j
RS;sdiinc992j;p16p17;2001;0.0038999999;992;j
RS;sdiinc992j;p16p17;2002;0.0035999999;992;j
RS;sdiinc992j;p16p17;2003;0.0035999999;992;j
RS;sdiinc992j;p16p17;2004;0.0033;992;j
RS;sdiinc992j;p16p17;2005;0.0031000001;992;j
RS;sdiinc992j;p16p17;2006;0.0029;992;j
RS;sdiinc992j;p16p17;2007;0.0027999999;992;j
RS;sdiinc992j;p16p17;2008;0.0027000001;992;j
RS;sdiinc992j;p16p17;2009;0.0026;992;j
RS;sdiinc992j;p16p17;2010;0.0024000001;992;j
RS;sdiinc992j;p16p17;2011;0.0020999999;992;j
RS;sdiinc992j;p16p17;2012;0.0020999999;992;j
RS;sdiinc992j;p16p17;2013;0.0020000001;992;j
RS;sdiinc992j;p16p17;2014;0.0026;992;j
RS;sdiinc992j;p16p17;2015;0.0022;992;j
RS;sdiinc992j;p16p17;2016;0.0020999999;992;j
RS;sdiinc992j;p16p17;2017;0.0020000001;992;j
RS;sdiinc992j;p23p100;1990;0.93290001;992;j
RS;sdiinc992j;p23p100;1991;0.93229997;992;j
RS;sdiinc992j;p23p100;1992;0.93159997;992;j
RS;sdiinc992j;p23p100;1993;0.93099999;992;j
RS;sdiinc992j;p23p100;1994;0.9303;992;j
RS;sdiinc992j;p23p100;1995;0.9296;992;j
RS;sdiinc992j;p23p100;1996;0.92879999;992;j
RS;sdiinc992j;p23p100;1997;0.9278;992;j
RS;sdiinc992j;p23p100;1998;0.92549998;992;j
RS;sdiinc992j;p23p100;1999;0.92690003;992;j
RS;sdiinc992j;p23p100;2000;0.92729998;992;j
RS;sdiinc992j;p23p100;2001;0.92769998;992;j
RS;sdiinc992j;p23p100;2002;0.9339;992;j
RS;sdiinc992j;p23p100;2003;0.93489999;992;j
RS;sdiinc992j;p23p100;2004;0.94120002;992;j
RS;sdiinc992j;p23p100;2005;0.94330001;992;j
RS;sdiinc992j;p23p100;2006;0.94760001;992;j
RS;sdiinc992j;p23p100;2007;0.94889998;992;j
RS;sdiinc992j;p23p100;2008;0.95020002;992;j
RS;sdiinc992j;p23p100;2009;0.95169997;992;j
RS;sdiinc992j;p23p100;2010;0.95529997;992;j
RS;sdiinc992j;p23p100;2011;0.9598;992;j
RS;sdiinc992j;p23p100;2012;0.9605;992;j
RS;sdiinc992j;p23p100;2013;0.95859998;992;j
RS;sdiinc992j;p23p100;2014;0.9436;992;j
RS;sdiinc992j;p23p100;2015;0.9533;992;j
RS;sdiinc992j;p23p100;2016;0.95560002;992;j
RS;sdiinc992j;p23p100;2017;0.95590001;992;j
RS;sdiinc992j;p60p61;1990;0.0099999998;992;j
RS;sdiinc992j;p60p61;1991;0.0099999998;992;j
RS;sdiinc992j;p60p61;1992;0.0099999998;992;j
RS;sdiinc992j;p60p61;1993;0.0099999998;992;j
RS;sdiinc992j;p60p61;1994;0.0099999998;992;j
RS;sdiinc992j;p60p61;1995;0.0098999999;992;j
RS;sdiinc992j;p60p61;1996;0.0098999999;992;j
RS;sdiinc992j;p60p61;1997;0.0098999999;992;j
RS;sdiinc992j;p60p61;1998;0.0098999999;992;j
RS;sdiinc992j;p60p61;1999;0.0098000001;992;j
RS;sdiinc992j;p60p61;2000;0.0097000003;992;j
RS;sdiinc992j;p60p61;2001;0.0096000005;992;j
RS;sdiinc992j;p60p61;2002;0.0096000005;992;j
RS;sdiinc992j;p60p61;2003;0.0096000005;992;j
RS;sdiinc992j;p60p61;2004;0.0096000005;992;j
RS;sdiinc992j;p60p61;2005;0.0094999997;992;j
RS;sdiinc992j;p60p61;2006;0.0094999997;992;j
RS;sdiinc992j;p60p61;2007;0.0096000005;992;j
RS;sdiinc992j;p60p61;2008;0.0096000005;992;j
RS;sdiinc992j;p60p61;2009;0.0094999997;992;j
RS;sdiinc992j;p60p61;2010;0.0093999999;992;j
RS;sdiinc992j;p60p61;2011;0.0093;992;j
RS;sdiinc992j;p60p61;2012;0.0093;992;j
RS;sdiinc992j;p60p61;2013;0.0093;992;j
RS;sdiinc992j;p60p61;2014;0.0092000002;992;j
RS;sdiinc992j;p60p61;2015;0.0088999998;992;j
RS;sdiinc992j;p60p61;2016;0.0088999998;992;j
RS;sdiinc992j;p60p61;2017;0.0088999998;992;j
RS;sptinc992j;p28p29;1990;0.0049999999;992;j
RS;sptinc992j;p28p29;1991;0.0049000001;992;j
RS;sptinc992j;p28p29;1992;0.0049000001;992;j
RS;sptinc992j;p28p29;1993;0.0049000001;992;j
RS;sptinc992j;p28p29;1994;0.0049000001;992;j
RS;sptinc992j;p28p29;1995;0.0049000001;992;j
RS;sptinc992j;p28p29;1996;0.0049000001;992;j
RS;sptinc992j;p28p29;1997;0.0049000001;992;j
RS;sptinc992j;p28p29;1998;0.0049999999;992;j
RS;sptinc992j;p28p29;1999;0.0049000001;992;j
RS;sptinc992j;p28p29;2000;0.0049000001;992;j
RS;sptinc992j;p28p29;2001;0.0048000002;992;j
RS;sptinc992j;p28p29;2002;0.0046999999;992;j
RS;sptinc992j;p28p29;2003;0.0046000001;992;j
RS;sptinc992j;p28p29;2004;0.0044;992;j
RS;sptinc992j;p28p29;2005;0.0041999999;992;j
RS;sptinc992j;p28p29;2006;0.0040000002;992;j
RS;sptinc992j;p28p29;2007;0.0040000002;992;j
RS;sptinc992j;p28p29;2008;0.0038999999;992;j
RS;sptinc992j;p28p29;2009;0.0038000001;992;j
RS;sptinc992j;p28p29;2010;0.0035999999;992;j
RS;sptinc992j;p28p29;2011;0.0034;992;j
RS;sptinc992j;p28p29;2012;0.0033;992;j
RS;sptinc992j;p28p29;2013;0.0033;992;j
RS;sptinc992j;p28p29;2014;0.0031000001;992;j
RS;sptinc992j;p28p29;2015;0.0034;992;j
RS;sptinc992j;p28p29;2016;0.0034;992;j
RS;sptinc992j;p28p29;2017;0.0034;992;j
RS;sptinc992j;p34p100;1990;0.89569998;992;j
RS;sptinc992j;p34p100;1991;0.89579999;992;j
RS;sptinc992j;p34p100;1992;0.89579999;992;j
RS;sptinc992j;p34p100;1993;0.89590001;992;j
RS;sptinc992j;p34p100;1994;0.89590001;992;j
RS;sptinc992j;p34p100;1995;0.89600003;992;j
RS;sptinc992j;p34p100;1996;0.89590001;992;j
RS;sptinc992j;p34p100;1997;0.89590001;992;j
RS;sptinc992j;p34p100;1998;0.8919;992;j
RS;sptinc992j;p34p100;1999;0.8919;992;j
RS;sptinc992j;p34p100;2000;0.89389998;992;j
RS;sptinc992j;p34p100;2001;0.89380002;992;j
RS;sptinc992j;p34p100;2002;0.90170002;992;j
RS;sptinc992j;p34p100;2003;0.9048;992;j
RS;sptinc992j;p34p100;2004;0.91030002;992;j
RS;sptinc992j;p34p100;2005;0.91509998;992;j
RS;sptinc992j;p34p100;2006;0.92110002;992;j
RS;sptinc992j;p34p100;2007;0.92430001;992;j
RS;sptinc992j;p34p100;2008;0.92989999;992;j
RS;sptinc992j;p34p100;2009;0.93379998;992;j
RS;sptinc992j;p34p100;2010;0.93800002;992;j
RS;sptinc992j;p34p100;2011;0.94450003;992;j
RS;sptinc992j;p34p100;2012;0.94669998;992;j
RS;sptinc992j;p34p100;2013;0.94840002;992;j
RS;sptinc992j;p34p100;2014;0.95029998;992;j
RS;sptinc992j;p34p100;2015;0.94739997;992;j
RS;sptinc992j;p34p100;2016;0.94739997;992;j
RS;sptinc992j;p34p100;2017;0.94760001;992;j
RS;sptinc992j;p85p100;1990;0.38420001;992;j
RS;sptinc992j;p85p100;1991;0.38620001;992;j
RS;sptinc992j;p85p100;1992;0.38800001;992;j
RS;sptinc992j;p85p100;1993;0.38999999;992;j
RS;sptinc992j;p85p100;1994;0.3919;992;j
RS;sptinc992j;p85p100;1995;0.39399999;992;j
RS;sptinc992j;p85p100;1996;0.39520001;992;j
RS;sptinc992j;p85p100;1997;0.3964;992;j
RS;sptinc992j;p85p100;1998;0.39820001;992;j
RS;sptinc992j;p85p100;1999;0.4014;992;j
RS;sptinc992j;p85p100;2000;0.40959999;992;j
RS;sptinc992j;p85p100;2001;0.41319999;992;j
RS;sptinc992j;p85p100;2002;0.41909999;992;j
RS;sptinc992j;p85p100;2003;0.42309999;992;j
RS;sptinc992j;p85p100;2004;0.43290001;992;j
RS;sptinc992j;p85p100;2005;0.44100001;992;j
RS;sptinc992j;p85p100;2006;0.44589999;992;j
RS;sptinc992j;p85p100;2007;0.4418;992;j
RS;sptinc992j;p85p100;2008;0.4461;992;j
RS;sptinc992j;p85p100;2009;0.45100001;992;j
RS;sptinc992j;p85p100;2010;0.46180001;992;j
RS;sptinc992j;p85p100;2011;0.47209999;992;j
RS;sptinc992j;p85p100;2012;0.4693;992;j
RS;sptinc992j;p85p100;2013;0.4657;992;j
RS;sptinc992j;p85p100;2014;0.48100001;992;j
RS;sptinc992j;p85p100;2015;0.4747;992;j
RS;sptinc992j;p85p100;2016;0.47479999;992;j
RS;sptinc992j;p85p100;2017;0.4752;992;j
RS;tcainc992j;p15p100;1990;144375.59;992;j
RS;tcainc992j;p15p100;1991;127618.3;992;j
RS;tcainc992j;p15p100;1992;89465.602;992;j
RS;tcainc992j;p15p100;1993;59291.699;992;j
RS;tcainc992j;p15p100;1994;62360.199;992;j
RS;tcainc992j;p15p100;1995;67181.797;992;j
RS;tcainc992j;p15p100;1996;68950.203;992;j
RS;tcainc992j;p15p100;1997;74338.398;992;j
RS;tcainc992j;p15p100;1998;88319.898;992;j
RS;tcainc992j;p15p100;1999;101474.0;992;j
RS;tcainc992j;p15p100;2000;107077.3;992;j
RS;tcainc992j;p15p100;2001;101703.7;992;j
RS;tcainc992j;p15p100;2002;93766.297;992;j
RS;tcainc992j;p15p100;2003;96703.203;992;j
RS;tcainc992j;p15p100;2004;99871.898;992;j
RS;tcainc992j;p15p100;2005;109352.3;992;j
RS;tcainc992j;p15p100;2006;102500.3;992;j
RS;tcainc992j;p15p100;2007;95813.797;992;j
RS;tcainc992j;p15p100;2008;95695.797;992;j
RS;tcainc992j;p15p100;2009;90063.5;992;j
RS;tcainc992j;p15p100;2010;79150.297;992;j
RS;tcainc992j;p15p100;2011;67655.898;992;j
RS;tcainc992j;p15p100;2012;63929.5;992;j
RS;tcainc992j;p15p100;2013;62015.102;992;j
RS;tcainc992j;p15p100;2014;97879.297;992;j
RS;tcainc992j;p15p100;2015;73331.0;992;j
RS;tcainc992j;p15p100;2016;76230.898;992;j
RS;tcainc992j;p15p100;2017;76129.5;992;j
RS;tcainc992j;p99.91p100;1990;6612914.5;992;j
RS;tcainc992j;p99.91p100;1991;5625316.5;992;j
RS;tcainc992j;p99.91p100;1992;3768108.0;992;j
RS;tcainc992j;p99.91p100;1993;2418661.8;992;j
RS;tcainc992j;p99.91p100;1994;2469284.5;992;j
RS;tcainc992j;p99.91p100;1995;2587998.0;992;j
RS;tcainc992j;p99.91p100;1996;2562906.8;992;j
RS;tcainc992j;p99.91p100;1997;2654214.0;992;j
RS;tcainc992j;p99.91p100;1998;3006715.3;992;j
RS;tcainc992j;p99.91p100;1999;3728778.3;992;j
RS;tcainc992j;p99.91p100;2000;4318044.5;992;j
RS;tcainc992j;p99.91p100;2001;4471968.0;992;j
RS;tcainc992j;p99.91p100;2002;4728346.5;992;j
RS;tcainc992j;p99.91p100;2003;4928581.0;992;j
RS;tcainc992j;p99.91p100;2004;5967478.5;992;j
RS;tcainc992j;p99.91p100;2005;7073846.5;992;j
RS;tcainc992j;p99.91p100;2006;7510089.0;992;j
RS;tcainc992j;p99.91p100;2007;7136764.5;992;j
RS;tcainc992j;p99.91p100;2008;7449319.0;992;j
RS;tcainc992j;p99.91p100;2009;7965681.5;992;j
RS;tcainc992j;p99.91p100;2010;8105692.5;992;j
RS;tcainc992j;p99.91p100;2011;8314496.5;992;j
RS;tcainc992j;p99.91p100;2012;9630913.0;992;j
RS;tcainc992j;p99.91p100;2013;8944339.0;992;j
RS;tcainc992j;p99.91p100;2014;10531343.0;992;j
RS;tcainc992j;p99.91p100;2015;12828269.0;992;j
RS;tcainc992j;p99.91p100;2016;13306875.0;992;j
RS;tcainc992j;p99.91p100;2017;13326419.0;992;j
RS;tdiinc992j;p87p100;1990;1165795.5;992;j
RS;tdiinc992j;p87p100;1991;1008109.3;992;j
RS;tdiinc992j;p87p100;1992;687858.5;992;j
RS;tdiinc992j;p87p100;1993;444321.81;992;j
RS;tdiinc992j;p87p100;1994;455625.31;992;j
RS;tdiinc992j;p87p100;1995;478447.0;992;j
RS;tdiinc992j;p87p100;1996;480048.41;992;j
RS;tdiinc992j;p87p100;1997;506315.5;992;j
RS;tdiinc992j;p87p100;1998;534611.19;992;j
RS;tdiinc992j;p87p100;1999;579480.31;992;j
RS;tdiinc992j;p87p100;2000;628145.38;992;j
RS;tdiinc992j;p87p100;2001;619914.81;992;j
RS;tdiinc992j;p87p100;2002;672446.38;992;j
RS;tdiinc992j;p87p100;2003;723391.13;992;j
RS;tdiinc992j;p87p100;2004;831436.63;992;j
RS;tdiinc992j;p87p100;2005;937025.81;992;j
RS;tdiinc992j;p87p100;2006;1001451.6;992;j
RS;tdiinc992j;p87p100;2007;1050581.5;992;j
RS;tdiinc992j;p87p100;2008;1122662.1;992;j
RS;tdiinc992j;p87p100;2009;1108630.5;992;j
RS;tdiinc992j;p87p100;2010;1124538.1;992;j
RS;tdiinc992j;p87p100;2011;1145069.4;992;j
RS;tdiinc992j;p87p100;2012;1129692.3;992;j
RS;tdiinc992j;p87p100;2013;1177268.4;992;j
RS;tdiinc992j;p87p100;2014;1083539.6;992;j
RS;tdiinc992j;p87p100;2015;1080729.0;992;j
RS;tdiinc992j;p87p100;2016;1119051.9;992;j
RS;tdiinc992j;p87p100;2017;1126454.4;992;j
RS;tdiinc992j;p87p88;1990;1165795.5;992;j
RS;tdiinc992j;p87p88;1991;1008109.3;992;j
RS;tdiinc992j;p87p88;1992;687858.5;992;j
RS;tdiinc992j;p87p88;1993;444321.81;992;j
RS;tdiinc992j;p87p88;1994;455625.31;992;j
RS;tdiinc992j;p87p88;1995;478447.0;992;j
RS;tdiinc992j;p87p88;1996;480048.41;992;j
RS;tdiinc992j;p87p88;1997;506315.5;992;j
RS;tdiinc992j;p87p88;1998;534611.19;992;j
RS;tdiinc992j;p87p88;1999;579480.31;992;j
RS;tdiinc992j;p87p88;2000;628145.38;992;j
RS;tdiinc992j;p87p88;2001;619914.81;992;j
RS;tdiinc992j;p87p88;2002;672446.38;992;j
RS;tdiinc992j;p87p88;2003;723391.13;992;j
RS;tdiinc992j;p87p88;2004;831436.63;992;j
RS;tdiinc992j;p87p88;2005;937025.81;992;j
RS;tdiinc992j;p87p88;2006;1001451.6;992;j
RS;tdiinc992j;p87p88;2007;1050581.5;992;j
RS;tdiinc992j;p87p88;2008;1122662.1;992;j
RS;tdiinc992j;p87p88;2009;1108630.5;992;j
RS;tdiinc992j;p87p88;2010;1124538.1;992;j
RS;tdiinc992j;p87p88;2011;1145069.4;992;j
RS;tdiinc992j;p87p88;2012;1129692.3;992;j
RS;tdiinc992j;p87p88;2013;1177268.4;992;j
RS;tdiinc992j;p87p88;2014;1083539.6;992;j
RS;tdiinc992j;p87p88;2015;1080729.0;992;j
RS;tdiinc992j;p87p88;2016;1119051.9;992;j
RS;tdiinc992j;p87p88;2017;1126454.4;992;j
RS;tdiinc992j;p95p96;1990;1545887.6;992;j
RS;tdiinc992j;p95p96;1991;1342994.4;992;j
RS;tdiinc992j;p95p96;1992;921781.81;992;j
RS;tdiinc992j;p95p96;1993;598339.88;992;j
RS;tdiinc992j;p95p96;1994;616160.0;992;j
RS;tdiinc992j;p95p96;1995;650077.88;992;j
RS;tdiinc992j;p95p96;1996;654165.5;992;j
RS;tdiinc992j;p95p96;1997;691698.5;992;j
RS;tdiinc992j;p95p96;1998;735375.88;992;j
RS;tdiinc992j;p95p96;1999;807798.38;992;j
RS;tdiinc992j;p95p96;2000;894306.0;992;j
RS;tdiinc992j;p95p96;2001;891307.81;992;j
RS;tdiinc992j;p95p96;2002;977437.38;992;j
RS;tdiinc992j;p95p96;2003;1035960.1;992;j
RS;tdiinc992j;p95p96;2004;1192668.4;992;j
RS;tdiinc992j;p95p96;2005;1349623.5;992;j
RS;tdiinc992j;p95p96;2006;1461030.3;992;j
RS;tdiinc992j;p95p96;2007;1518760.5;992;j
RS;tdiinc992j;p95p96;2008;1642522.9;992;j
RS;tdiinc992j;p95p96;2009;1612842.8;992;j
RS;tdiinc992j;p95p96;2010;1669932.4;992;j
RS;tdiinc992j;p95p96;2011;1722861.3;992;j
RS;tdiinc992j;p95p96;2012;1658659.4;992;j
RS;tdiinc992j;p95p96;2013;1730087.5;992;j
RS;tdiinc992j;p95p96;2014;1576834.0;992;j
RS;tdiinc992j;p95p96;2015;1565022.9;992;j
RS;tdiinc992j;p95p96;2016;1624984.9;992;j
RS;tdiinc992j;p95p96;2017;1636034.9;992;j
RS;tdiinc992j;p99.2p99.3;1990;3118382.5;992;j
RS;tdiinc992j;p99.2p99.3;1991;2700134.8;992;j
RS;tdiinc992j;p99.2p99.3;1992;1851028.9;992;j
RS;tdiinc992j;p99.2p99.3;1993;1205415.8;992;j
RS;tdiinc992j;p99.2p99.3;1994;1243050.0;992;j
RS;tdiinc992j;p99.2p99.3;1995;1313907.9;992;j
RS;tdiinc992j;p99.2p99.3;1996;1317025.0;992;j
RS;tdiinc992j;p99.2p99.3;1997;1386513.5;992;j
RS;tdiinc992j;p99.2p99.3;1998;1494879.8;992;j
RS;tdiinc992j;p99.2p99.3;1999;1694269.0;992;j
RS;tdiinc992j;p99.2p99.3;2000;1941535.9;992;j
RS;tdiinc992j;p99.2p99.3;2001;1972395.6;992;j
RS;tdiinc992j;p99.2p99.3;2002;2177938.3;992;j
RS;tdiinc992j;p99.2p99.3;2003;2273341.8;992;j
RS;tdiinc992j;p99.2p99.3;2004;2598034.5;992;j
RS;tdiinc992j;p99.2p99.3;2005;2963347.8;992;j
RS;tdiinc992j;p99.2p99.3;2006;3237810.5;992;j
RS;tdiinc992j;p99.2p99.3;2007;3300725.5;992;j
RS;tdiinc992j;p99.2p99.3;2008;3558182.8;992;j
RS;tdiinc992j;p99.2p99.3;2009;3567985.5;992;j
RS;tdiinc992j;p99.2p99.3;2010;3700192.5;992;j
RS;tdiinc992j;p99.2p99.3;2011;3830818.5;992;j
RS;tdiinc992j;p99.2p99.3;2012;3876425.0;992;j
RS;tdiinc992j;p99.2p99.3;2013;3918077.8;992;j
RS;tdiinc992j;p99.2p99.3;2014;3773060.0;992;j
RS;tdiinc992j;p99.2p99.3;2015;4001093.5;992;j
RS;tdiinc992j;p99.2p99.3;2016;4168316.0;992;j
RS;tdiinc992j;p99.2p99.3;2017;4198233.5;992;j
RS;tdiinc992j;p99.91p100;1990;8780480.0;992;j
RS;tdiinc992j;p99.91p100;1991;7472289.5;992;j
RS;tdiinc992j;p99.91p100;1992;5007200.5;992;j
RS;tdiinc992j;p99.91p100;1993;3215010.0;992;j
RS;tdiinc992j;p99.91p100;1994;3283288.8;992;j
RS;tdiinc992j;p99.91p100;1995;3442175.3;992;j
RS;tdiinc992j;p99.91p100;1996;3409706.0;992;j
RS;tdiinc992j;p99.91p100;1997;3543123.3;992;j
RS;tdiinc992j;p99.91p100;1998;3892565.8;992;j
RS;tdiinc992j;p99.91p100;1999;4675631.0;992;j
RS;tdiinc992j;p99.91p100;2000;5441661.5;992;j
RS;tdiinc992j;p99.91p100;2001;5760090.0;992;j
RS;tdiinc992j;p99.91p100;2002;6212753.5;992;j
RS;tdiinc992j;p99.91p100;2003;6453195.5;992;j
RS;tdiinc992j;p99.91p100;2004;7362247.5;992;j
RS;tdiinc992j;p99.91p100;2005;8553345.0;992;j
RS;tdiinc992j;p99.91p100;2006;9081105.0;992;j
RS;tdiinc992j;p99.91p100;2007;8859381.0;992;j
RS;tdiinc992j;p99.91p100;2008;9180029.0;992;j
RS;tdiinc992j;p99.91p100;2009;9763281.0;992;j
RS;tdiinc992j;p99.91p100;2010;9900282.0;992;j
RS;tdiinc992j;p99.91p100;2011;10121800.0;992;j
RS;tdiinc992j;p99.91p100;2012;11686846.0;992;j
RS;tdiinc992j;p99.91p100;2013;10859438.0;992;j
RS;tdiinc992j;p99.91p100;2014;12772490.0;992;j
RS;tdiinc992j;p99.91p100;2015;15519265.0;992;j
RS;tdiinc992j;p99.91p100;2016;16197437.0;992;j
RS;tdiinc992j;p99.91p100;2017;16323977.0;992;j
RS;tptinc992j;p13p14;1990;189999.5;992;j
RS;tptinc992j;p13p14;1991;165041.3;992;j
RS;tptinc992j;p13p14;1992;112906.0;992;j
RS;tptinc992j;p13p14;1993;72992.5;992;j
RS;tptinc992j;p13p14;1994;74994.297;992;j
RS;tptinc992j;p13p14;1995;78887.898;992;j
RS;tptinc992j;p13p14;1996;79490.898;992;j
RS;tptinc992j;p13p14;1997;84154.898;992;j
RS;tptinc992j;p13p14;1998;93904.703;992;j
RS;tptinc992j;p13p14;1999;102590.4;992;j
RS;tptinc992j;p13p14;2000;111200.3;992;j
RS;tptinc992j;p13p14;2001;112135.5;992;j
RS;tptinc992j;p13p14;2002;108282.4;992;j
RS;tptinc992j;p13p14;2003;107967.8;992;j
RS;tptinc992j;p13p14;2004;110324.1;992;j
RS;tptinc992j;p13p14;2005;111211.0;992;j
RS;tptinc992j;p13p14;2006;102640.8;992;j
RS;tptinc992j;p13p14;2007;92050.797;992;j
RS;tptinc992j;p13p14;2008;84210.898;992;j
RS;tptinc992j;p13p14;2009;70349.703;992;j
RS;tptinc992j;p13p14;2010;62226.0;992;j
RS;tptinc992j;p13p14;2011;52624.699;992;j
RS;tptinc992j;p13p14;2012;49725.898;992;j
RS;tptinc992j;p13p14;2013;43959.398;992;j
RS;tptinc992j;p13p14;2014;44640.102;992;j
RS;tptinc992j;p13p14;2015;44787.801;992;j
RS;tptinc992j;p13p14;2016;46287.199;992;j
RS;tptinc992j;p13p14;2017;46085.398;992;j
RS;tptinc992j;p30p100;1990;379099.41;992;j
RS;tptinc992j;p30p100;1991;329844.41;992;j
RS;tptinc992j;p30p100;1992;225777.09;992;j
RS;tptinc992j;p30p100;1993;146772.8;992;j
RS;tptinc992j;p30p100;1994;151205.8;992;j
RS;tptinc992j;p30p100;1995;159442.59;992;j
RS;tptinc992j;p30p100;1996;160955.09;992;j
RS;tptinc992j;p30p100;1997;170634.5;992;j
RS;tptinc992j;p30p100;1998;178784.7;992;j
RS;tptinc992j;p30p100;1999;194361.8;992;j
RS;tptinc992j;p30p100;2000;211198.91;992;j
RS;tptinc992j;p30p100;2001;210244.0;992;j
RS;tptinc992j;p30p100;2002;221361.5;992;j
RS;tptinc992j;p30p100;2003;225139.0;992;j
RS;tptinc992j;p30p100;2004;244497.5;992;j
RS;tptinc992j;p30p100;2005;263638.31;992;j
RS;tptinc992j;p30p100;2006;267126.91;992;j
RS;tptinc992j;p30p100;2007;276108.91;992;j
RS;tptinc992j;p30p100;2008;284858.31;992;j
RS;tptinc992j;p30p100;2009;271995.19;992;j
RS;tptinc992j;p30p100;2010;260772.09;992;j
RS;tptinc992j;p30p100;2011;245259.59;992;j
RS;tptinc992j;p30p100;2012;241610.8;992;j
RS;tptinc992j;p30p100;2013;248883.41;992;j
RS;tptinc992j;p30p100;2014;232349.3;992;j
RS;tptinc992j;p30p100;2015;253589.59;992;j
RS;tptinc992j;p30p100;2016;261439.41;992;j
RS;tptinc992j;p30p100;2017;262776.91;992;j
RS;tptinc992j;p70p100;1990;860530.81;992;j
RS;tptinc992j;p70p100;1991;744619.0;992;j
RS;tptinc992j;p70p100;1992;508329.0;992;j
RS;tptinc992j;p70p100;1993;328527.19;992;j
RS;tptinc992j;p70p100;1994;336944.41;992;j
RS;tptinc992j;p70p100;1995;353872.69;992;j
RS;tptinc992j;p70p100;1996;355797.69;992;j
RS;tptinc992j;p70p100;1997;376290.09;992;j
RS;tptinc992j;p70p100;1998;393298.5;992;j
RS;tptinc992j;p70p100;1999;426266.69;992;j
RS;tptinc992j;p70p100;2000;462584.59;992;j
RS;tptinc992j;p70p100;2001;457715.09;992;j
RS;tptinc992j;p70p100;2002;495843.09;992;j
RS;tptinc992j;p70p100;2003;521783.59;992;j
RS;tptinc992j;p70p100;2004;581378.88;992;j
RS;tptinc992j;p70p100;2005;645927.88;992;j
RS;tptinc992j;p70p100;2006;686560.38;992;j
RS;tptinc992j;p70p100;2007;720003.0;992;j
RS;tptinc992j;p70p100;2008;773280.31;992;j
RS;tptinc992j;p70p100;2009;758076.69;992;j
RS;tptinc992j;p70p100;2010;751940.81;992;j
RS;tptinc992j;p70p100;2011;752301.0;992;j
RS;tptinc992j;p70p100;2012;763857.31;992;j
RS;tptinc992j;p70p100;2013;790259.19;992;j
RS;tptinc992j;p70p100;2014;755813.63;992;j
RS;tptinc992j;p70p100;2015;759627.81;992;j
RS;tptinc992j;p70p100;2016;782860.19;992;j
RS;tptinc992j;p70p100;2017;787226.5;992;j
RS;tptinc992j;p74p75;1990;931775.0;992;j
RS;tptinc992j;p74p75;1991;807038.5;992;j
RS;tptinc992j;p74p75;1992;550892.13;992;j
RS;tptinc992j;p74p75;1993;355914.81;992;j
RS;tptinc992j;p74p75;1994;365350.0;992;j
RS;tptinc992j;p74p75;1995;384189.59;992;j
RS;tptinc992j;p74p75;1996;386561.81;992;j
RS;tptinc992j;p74p75;1997;409009.81;992;j
RS;tptinc992j;p74p75;1998;427813.69;992;j
RS;tptinc992j;p74p75;1999;463160.59;992;j
RS;tptinc992j;p74p75;2000;503032.5;992;j
RS;tptinc992j;p74p75;2001;497824.31;992;j
RS;tptinc992j;p74p75;2002;539808.63;992;j
RS;tptinc992j;p74p75;2003;567874.19;992;j
RS;tptinc992j;p74p75;2004;638246.19;992;j
RS;tptinc992j;p74p75;2005;708208.31;992;j
RS;tptinc992j;p74p75;2006;755400.13;992;j
RS;tptinc992j;p74p75;2007;793081.81;992;j
RS;tptinc992j;p74p75;2008;849672.88;992;j
RS;tptinc992j;p74p75;2009;836145.81;992;j
RS;tptinc992j;p74p75;2010;828101.88;992;j
RS;tptinc992j;p74p75;2011;828382.5;992;j
RS;tptinc992j;p74p75;2012;844809.19;992;j
RS;tptinc992j;p74p75;2013;870333.38;992;j
RS;tptinc992j;p74p75;2014;833852.81;992;j
RS;tptinc992j;p74p75;2015;830058.88;992;j
RS;tptinc992j;p74p75;2016;855476.38;992;j
RS;tptinc992j;p74p75;2017;860450.13;992;j
RS;tptinc992j;p76p77;1990;970494.63;992;j
RS;tptinc992j;p76p77;1991;840745.38;992;j
RS;tptinc992j;p76p77;1992;573407.19;992;j
RS;tptinc992j;p76p77;1993;370698.5;992;j
RS;tptinc992j;p76p77;1994;380728.91;992;j
RS;tptinc992j;p76p77;1995;400573.91;992;j
RS;tptinc992j;p76p77;1996;402978.81;992;j
RS;tptinc992j;p76p77;1997;426558.0;992;j
RS;tptinc992j;p76p77;1998;445830.09;992;j
RS;tptinc992j;p76p77;1999;482846.69;992;j
RS;tptinc992j;p76p77;2000;524397.81;992;j
RS;tptinc992j;p76p77;2001;519394.09;992;j
RS;tptinc992j;p76p77;2002;564174.81;992;j
RS;tptinc992j;p76p77;2003;591316.19;992;j
RS;tptinc992j;p76p77;2004;666440.38;992;j
RS;tptinc992j;p76p77;2005;742719.38;992;j
RS;tptinc992j;p76p77;2006;790988.19;992;j
RS;tptinc992j;p76p77;2007;831115.0;992;j
RS;tptinc992j;p76p77;2008;890888.63;992;j
RS;tptinc992j;p76p77;2009;875339.0;992;j
RS;tptinc992j;p76p77;2010;869036.0;992;j
RS;tptinc992j;p76p77;2011;872766.88;992;j
RS;tptinc992j;p76p77;2012;888095.81;992;j
RS;tptinc992j;p76p77;2013;916491.31;992;j
RS;tptinc992j;p76p77;2014;877887.88;992;j
RS;tptinc992j;p76p77;2015;872264.63;992;j
RS;tptinc992j;p76p77;2016;898699.38;992;j
RS;tptinc992j;p76p77;2017;903664.19;992;j
RS;tptinc992j;p99.1p99.2;1990;3377691.8;992;j
RS;tptinc992j;p99.1p99.2;1991;2956691.8;992;j
RS;tptinc992j;p99.1p99.2;1992;2044889.5;992;j
RS;tptinc992j;p99.1p99.2;1993;1336712.6;992;j
RS;tptinc992j;p99.1p99.2;1994;1392159.4;992;j
RS;tptinc992j;p99.1p99.2;1995;1482365.5;992;j
RS;tptinc992j;p99.1p99.2;1996;1500298.6;992;j
RS;tptinc992j;p99.1p99.2;1997;1595962.8;992;j
RS;tptinc992j;p99.1p99.2;1998;1702740.9;992;j
RS;tptinc992j;p99.1p99.2;1999;1894808.4;992;j
RS;tptinc992j;p99.1p99.2;2000;2170649.0;992;j
RS;tptinc992j;p99.1p99.2;2001;2198326.0;992;j
RS;tptinc992j;p99.1p99.2;2002;2418386.8;992;j
RS;tptinc992j;p99.1p99.2;2003;2559911.5;992;j
RS;tptinc992j;p99.1p99.2;2004;2966738.0;992;j
RS;tptinc992j;p99.1p99.2;2005;3386765.8;992;j
RS;tptinc992j;p99.1p99.2;2006;3614175.8;992;j
RS;tptinc992j;p99.1p99.2;2007;3625958.3;992;j
RS;tptinc992j;p99.1p99.2;2008;3894872.8;992;j
RS;tptinc992j;p99.1p99.2;2009;3874033.8;992;j
RS;tptinc992j;p99.1p99.2;2010;4058751.8;992;j
RS;tptinc992j;p99.1p99.2;2011;4178497.8;992;j
RS;tptinc992j;p99.1p99.2;2012;4209192.0;992;j
RS;tptinc992j;p99.1p99.2;2013;4216815.0;992;j
RS;tptinc992j;p99.1p99.2;2014;4261313.0;992;j
RS;tptinc992j;p99.1p99.2;2015;4173628.8;992;j
RS;tptinc992j;p99.1p99.2;2016;4305933.0;992;j
RS;tptinc992j;p99.1p99.2;2017;4337557.0;992;j
RS;tptinc992j;p99.94p100;1990;12475056.0;992;j
RS;tptinc992j;p99.94p100;1991;11064265.0;992;j
RS;tptinc992j;p99.94p100;1992;7711484.0;992;j
RS;tptinc992j;p99.94p100;1993;5105533.0;992;j
RS;tptinc992j;p99.94p100;1994;5350647.0;992;j
RS;tptinc992j;p99.94p100;1995;5767054.5;992;j
RS;tptinc992j;p99.94p100;1996;5891653.0;992;j
RS;tptinc992j;p99.94p100;1997;6330462.0;992;j
RS;tptinc992j;p99.94p100;1998;6693415.0;992;j
RS;tptinc992j;p99.94p100;1999;7700155.5;992;j
RS;tptinc992j;p99.94p100;2000;9023286.0;992;j
RS;tptinc992j;p99.94p100;2001;9435894.0;992;j
RS;tptinc992j;p99.94p100;2002;10176157.0;992;j
RS;tptinc992j;p99.94p100;2003;10588335.0;992;j
RS;tptinc992j;p99.94p100;2004;12302566.0;992;j
RS;tptinc992j;p99.94p100;2005;13679830.0;992;j
RS;tptinc992j;p99.94p100;2006;14608927.0;992;j
RS;tptinc992j;p99.94p100;2007;14161278.0;992;j
RS;tptinc992j;p99.94p100;2008;15330759.0;992;j
RS;tptinc992j;p99.94p100;2009;15067437.0;992;j
RS;tptinc992j;p99.94p100;2010;15395075.0;992;j
RS;tptinc992j;p99.94p100;2011;16105025.0;992;j
RS;tptinc992j;p99.94p100;2012;14516541.0;992;j
RS;tptinc992j;p99.94p100;2013;15221516.0;992;j
RS;tptinc992j;p99.94p100;2014;18723508.0;992;j
RS;tptinc992j;p99.94p100;2015;18190340.0;992;j
RS;tptinc992j;p99.94p100;2016;18772944.0;992;j
RS;tptinc992j;p99.94p100;2017;18913058.0;992;j
RS;tptinc992j;p99.992p99.993;1990;35075312.0;992;j
RS;tptinc992j;p99.992p99.993;1991;31435518.0;992;j
RS;tptinc992j;p99.992p99.993;1992;21994554.0;992;j
RS;tptinc992j;p99.992p99.993;1993;14706114.0;992;j
RS;tptinc992j;p99.992p99.993;1994;15436046.0;992;j
RS;tptinc992j;p99.992p99.993;1995;16783240.0;992;j
RS;tptinc992j;p99.992p99.993;1996;17282806.0;992;j
RS;tptinc992j;p99.992p99.993;1997;18736900.0;992;j
RS;tptinc992j;p99.992p99.993;1998;19546486.0;992;j
RS;tptinc992j;p99.992p99.993;1999;23043896.0;992;j
RS;tptinc992j;p99.992p99.993;2000;27215428.0;992;j
RS;tptinc992j;p99.992p99.993;2001;29172482.0;992;j
RS;tptinc992j;p99.992p99.993;2002;30782746.0;992;j
RS;tptinc992j;p99.992p99.993;2003;31622890.0;992;j
RS;tptinc992j;p99.992p99.993;2004;36713068.0;992;j
RS;tptinc992j;p99.992p99.993;2005;39792212.0;992;j
RS;tptinc992j;p99.992p99.993;2006;42520684.0;992;j
RS;tptinc992j;p99.992p99.993;2007;40402792.0;992;j
RS;tptinc992j;p99.992p99.993;2008;44048036.0;992;j
RS;tptinc992j;p99.992p99.993;2009;42809276.0;992;j
RS;tptinc992j;p99.992p99.993;2010;42297844.0;992;j
RS;tptinc992j;p99.992p99.993;2011;44818500.0;992;j
RS;tptinc992j;p99.992p99.993;2012;36140004.0;992;j
RS;tptinc992j;p99.992p99.993;2013;39822548.0;992;j
RS;tptinc992j;p99.992p99.993;2014;58373276.0;992;j
RS;tptinc992j;p99.992p99.993;2015;56826968.0;992;j
RS;tptinc992j;p99.992p99.993;2016;58646892.0;992;j
RS;tptinc992j;p99.992p99.993;2017;59063180.0;992;j
RS;acainc992j;p75p76;1990;679510.0;992;j
RS;acainc992j;p75p76;1991;588586.38;992;j
RS;acainc992j;p75p76;1992;402384.0;992;j
RS;acainc992j;p75p76;1993;260204.5;992;j
RS;acainc992j;p75p76;1994;267384.31;992;j
RS;acainc992j;p75p76;1995;281579.59;992;j
RS;acainc992j;p75p76;1996;283591.31;992;j
RS;acainc992j;p75p76;1997;298979.5;992;j
RS;acainc992j;p75p76;1998;324085.59;992;j
RS;acainc992j;p75p76;1999;365098.09;992;j
RS;acainc992j;p75p76;2000;392396.59;992;j
RS;acainc992j;p75p76;2001;378995.91;992;j
RS;acainc992j;p75p76;2002;401021.19;992;j
RS;acainc992j;p75p76;2003;423310.5;992;j
RS;acainc992j;p75p76;2004;511296.81;992;j
RS;acainc992j;p75p76;2005;579236.63;992;j
RS;acainc992j;p75p76;2006;611293.69;992;j
RS;acainc992j;p75p76;2007;619874.13;992;j
RS;acainc992j;p75p76;2008;665314.63;992;j
RS;acainc992j;p75p76;2009;655105.88;992;j
RS;acainc992j;p75p76;2010;658087.13;992;j
RS;acainc992j;p75p76;2011;665090.88;992;j
RS;acainc992j;p75p76;2012;662259.13;992;j
RS;acainc992j;p75p76;2013;698596.69;992;j
RS;acainc992j;p75p76;2014;649736.31;992;j
RS;acainc992j;p75p76;2015;633897.31;992;j
RS;acainc992j;p75p76;2016;657324.38;992;j
RS;acainc992j;p75p76;2017;657823.38;992;j
RS;acainc992j;p7p100;1990;552660.63;992;j
RS;acainc992j;p7p100;1991;479779.19;992;j
RS;acainc992j;p7p100;1992;328483.19;992;j
RS;acainc992j;p7p100;1993;212971.5;992;j
RS;acainc992j;p7p100;1994;219295.2;992;j
RS;acainc992j;p7p100;1995;231402.3;992;j
RS;acainc992j;p7p100;1996;233228.91;992;j
RS;acainc992j;p7p100;1997;246041.8;992;j
RS;acainc992j;p7p100;1998;269814.41;992;j
RS;acainc992j;p7p100;1999;308024.59;992;j
RS;acainc992j;p7p100;2000;334370.19;992;j
RS;acainc992j;p7p100;2001;325986.09;992;j
RS;acainc992j;p7p100;2002;341192.0;992;j
RS;acainc992j;p7p100;2003;359423.19;992;j
RS;acainc992j;p7p100;2004;429831.19;992;j
RS;acainc992j;p7p100;2005;489661.19;992;j
RS;acainc992j;p7p100;2006;516687.69;992;j
RS;acainc992j;p7p100;2007;516252.59;992;j
RS;acainc992j;p7p100;2008;552864.69;992;j
RS;acainc992j;p7p100;2009;546698.69;992;j
RS;acainc992j;p7p100;2010;549160.88;992;j
RS;acainc992j;p7p100;2011;555022.38;992;j
RS;acainc992j;p7p100;2012;554556.38;992;j
RS;acainc992j;p7p100;2013;566094.19;992;j
RS;acainc992j;p7p100;2014;552903.0;992;j
RS;acainc992j;p7p100;2015;559921.63;992;j
RS;acainc992j;p7p100;2016;580701.81;992;j
RS;acainc992j;p7p100;2017;581210.0;992;j
RS;acainc992j;p99.95p100;1990;19009684.0;992;j
RS;acainc992j;p99.95p100;1991;15696674.0;992;j
RS;acainc992j;p99.95p100;1992;10088041.0;992;j
RS;acainc992j;p99.95p100;1993;6291389.5;992;j
RS;acainc992j;p99.95p100;1994;6303582.0;992;j
RS;acainc992j;p99.95p100;1995;6500526.5;992;j
RS;acainc992j;p99.95p100;1996;6325106.5;992;j
RS;acainc992j;p99.95p100;1997;6426895.5;992;j
RS;acainc992j;p99.95p100;1998;7430441.0;992;j
RS;acainc992j;p99.95p100;1999;9946736.0;992;j
RS;acainc992j;p99.95p100;2000;11519327.0;992;j
RS;acainc992j;p99.95p100;2001;12655556.0;992;j
RS;acainc992j;p99.95p100;2002;12764907.0;992;j
RS;acainc992j;p99.95p100;2003;13346523.0;992;j
RS;acainc992j;p99.95p100;2004;16199550.0;992;j
RS;acainc992j;p99.95p100;2005;19722120.0;992;j
RS;acainc992j;p99.95p100;2006;19750228.0;992;j
RS;acainc992j;p99.95p100;2007;17655952.0;992;j
RS;acainc992j;p99.95p100;2008;17290026.0;992;j
RS;acainc992j;p99.95p100;2009;20104746.0;992;j
RS;acainc992j;p99.95p100;2010;19674794.0;992;j
RS;acainc992j;p99.95p100;2011;19715082.0;992;j
RS;acainc992j;p99.95p100;2012;27690150.0;992;j
RS;acainc992j;p99.95p100;2013;22694818.0;992;j
RS;acainc992j;p99.95p100;2014;37086636.0;992;j
RS;acainc992j;p99.95p100;2015;57028408.0;992;j
RS;acainc992j;p99.95p100;2016;59180232.0;992;j
RS;acainc992j;p99.95p100;2017;59335376.0;992;j
RS;acainc992j;p99.97p99.98;1990;12893046.0;992;j
RS;acainc992j;p99.97p99.98;1991;10818871.0;992;j
RS;acainc992j;p99.97p99.98;1992;7109559.5;992;j
RS;acainc992j;p99.97p99.98;1993;4502974.0;992;j
RS;acainc992j;p99.97p99.98;1994;4556621.5;992;j
RS;acainc992j;p99.97p99.98;1995;4739093.0;992;j
RS;acainc992j;p99.97p99.98;1996;4652018.5;992;j
RS;acainc992j;p99.97p99.98;1997;4771788.0;992;j
RS;acainc992j;p99.97p99.98;1998;5463139.5;992;j
RS;acainc992j;p99.97p99.98;1999;7038738.0;992;j
RS;acainc992j;p99.97p99.98;2000;8168218.5;992;j
RS;acainc992j;p99.97p99.98;2001;8703425.0;992;j
RS;acainc992j;p99.97p99.98;2002;9009177.0;992;j
RS;acainc992j;p99.97p99.98;2003;9396737.0;992;j
RS;acainc992j;p99.97p99.98;2004;11384422.0;992;j
RS;acainc992j;p99.97p99.98;2005;13667539.0;992;j
RS;acainc992j;p99.97p99.98;2006;14126766.0;992;j
RS;acainc992j;p99.97p99.98;2007;13022686.0;992;j
RS;acainc992j;p99.97p99.98;2008;13163197.0;992;j
RS;acainc992j;p99.97p99.98;2009;14690526.0;992;j
RS;acainc992j;p99.97p99.98;2010;14665160.0;992;j
RS;acainc992j;p99.97p99.98;2011;14868948.0;992;j
RS;acainc992j;p99.97p99.98;2012;18933678.0;992;j
RS;acainc992j;p99.97p99.98;2013;16556262.0;992;j
RS;acainc992j;p99.97p99.98;2014;22605268.0;992;j
RS;acainc992j;p99.97p99.98;2015;30161992.0;992;j
RS;acainc992j;p99.97p99.98;2016;31289308.0;992;j
RS;acainc992j;p99.97p99.98;2017;31350042.0;992;j
RS;accmhn992i;p0p100;1997;6917.0;992;i
RS;accmhn992i;p0p100;1998;7525.2998;992;i
RS;accmhn992i;p0p100;1999;9812.5;992;i
RS;accmhn992i;p0p100;2000;11355.2;992;i
RS;accmhn992i;p0p100;2001;10853.0;992;i
RS;accmhn992i;p0p100;2002;10252.4;992;i
RS;accmhn992i;p0p100;2003;7873.2002;992;i
RS;accmhn992i;p0p100;2004;9074.5;992;i
RS;accmhn992i;p0p100;2005;9402.0996;992;i
RS;accmhn992i;p0p100;2006;11365.8;992;i
RS;accmhn992i;p0p100;2007;11245.5;992;i
RS;accmhn992i;p0p100;2008;11808.5;992;i
RS;accmhn992i;p0p100;2009;11137.3;992;i
RS;accmhn992i;p0p100;2010;11263.6;992;i
RS;accmhn992i;p0p100;2011;12862.1;992;i
RS;adiinc992j;p12p100;1990;813659.5;992;j
RS;adiinc992j;p12p100;1991;706343.69;992;j
RS;adiinc992j;p12p100;1992;483581.69;992;j
RS;adiinc992j;p12p100;1993;313494.31;992;j
RS;adiinc992j;p12p100;1994;322751.31;992;j
RS;adiinc992j;p12p100;1995;340513.09;992;j
RS;adiinc992j;p12p100;1996;343131.09;992;j
RS;adiinc992j;p12p100;1997;363564.09;992;j
RS;adiinc992j;p12p100;1998;382169.09;992;j
RS;adiinc992j;p12p100;1999;418721.19;992;j
RS;adiinc992j;p12p100;2000;460530.19;992;j
RS;adiinc992j;p12p100;2001;459827.09;992;j
RS;adiinc992j;p12p100;2002;496308.59;992;j
RS;adiinc992j;p12p100;2003;521511.5;992;j
RS;adiinc992j;p12p100;2004;588450.69;992;j
RS;adiinc992j;p12p100;2005;657021.19;992;j
RS;adiinc992j;p12p100;2006;694640.88;992;j
RS;adiinc992j;p12p100;2007;717399.81;992;j
RS;adiinc992j;p12p100;2008;763773.81;992;j
RS;adiinc992j;p12p100;2009;750141.63;992;j
RS;adiinc992j;p12p100;2010;752796.13;992;j
RS;adiinc992j;p12p100;2011;756488.5;992;j
RS;adiinc992j;p12p100;2012;756083.13;992;j
RS;adiinc992j;p12p100;2013;771050.13;992;j
RS;adiinc992j;p12p100;2014;749632.13;992;j
RS;adiinc992j;p12p100;2015;758839.13;992;j
RS;adiinc992j;p12p100;2016;783338.38;992;j
RS;adiinc992j;p12p100;2017;788086.63;992;j
RS;adiinc992j;p45p46;1990;574888.0;992;j
RS;adiinc992j;p45p46;1991;502594.69;992;j
RS;adiinc992j;p45p46;1992;346051.81;992;j
RS;adiinc992j;p45p46;1993;225082.3;992;j
RS;adiinc992j;p45p46;1994;232450.2;992;j
RS;adiinc992j;p45p46;1995;245923.2;992;j
RS;adiinc992j;p45p46;1996;248980.3;992;j
RS;adiinc992j;p45p46;1997;265129.09;992;j
RS;adiinc992j;p45p46;1998;268717.5;992;j
RS;adiinc992j;p45p46;1999;291426.31;992;j
RS;adiinc992j;p45p46;2000;319081.69;992;j
RS;adiinc992j;p45p46;2001;318165.19;992;j
RS;adiinc992j;p45p46;2002;341143.81;992;j
RS;adiinc992j;p45p46;2003;355844.69;992;j
RS;adiinc992j;p45p46;2004;395817.59;992;j
RS;adiinc992j;p45p46;2005;435843.41;992;j
RS;adiinc992j;p45p46;2006;456186.5;992;j
RS;adiinc992j;p45p46;2007;473565.19;992;j
RS;adiinc992j;p45p46;2008;499160.59;992;j
RS;adiinc992j;p45p46;2009;483959.19;992;j
RS;adiinc992j;p45p46;2010;474757.0;992;j
RS;adiinc992j;p45p46;2011;468415.41;992;j
RS;adiinc992j;p45p46;2012;460690.09;992;j
RS;adiinc992j;p45p46;2013;473939.0;992;j
RS;adiinc992j;p45p46;2014;456551.69;992;j
RS;adiinc992j;p45p46;2015;453008.59;992;j
RS;adiinc992j;p45p46;2016;464038.41;992;j
RS;adiinc992j;p45p46;2017;466419.31;992;j
RS;adiinc992j;p86p87;1990;1153785.3;992;j
RS;adiinc992j;p86p87;1991;998409.38;992;j
RS;adiinc992j;p86p87;1992;681407.38;992;j
RS;adiinc992j;p86p87;1993;439837.0;992;j
RS;adiinc992j;p86p87;1994;450743.09;992;j
RS;adiinc992j;p86p87;1995;473266.91;992;j
RS;adiinc992j;p86p87;1996;475272.5;992;j
RS;adiinc992j;p86p87;1997;501634.31;992;j
RS;adiinc992j;p86p87;1998;527919.81;992;j
RS;adiinc992j;p86p87;1999;573331.81;992;j
RS;adiinc992j;p86p87;2000;621069.0;992;j
RS;adiinc992j;p86p87;2001;612083.63;992;j
RS;adiinc992j;p86p87;2002;664265.19;992;j
RS;adiinc992j;p86p87;2003;712519.13;992;j
RS;adiinc992j;p86p87;2004;817464.38;992;j
RS;adiinc992j;p86p87;2005;920565.19;992;j
RS;adiinc992j;p86p87;2006;986650.81;992;j
RS;adiinc992j;p86p87;2007;1033853.9;992;j
RS;adiinc992j;p86p87;2008;1107147.4;992;j
RS;adiinc992j;p86p87;2009;1094085.6;992;j
RS;adiinc992j;p86p87;2010;1106887.5;992;j
RS;adiinc992j;p86p87;2011;1127126.3;992;j
RS;adiinc992j;p86p87;2012;1115111.8;992;j
RS;adiinc992j;p86p87;2013;1160639.8;992;j
RS;adiinc992j;p86p87;2014;1066558.3;992;j
RS;adiinc992j;p86p87;2015;1061643.6;992;j
RS;adiinc992j;p86p87;2016;1099392.1;992;j
RS;adiinc992j;p86p87;2017;1106328.3;992;j
RS;adiinc992j;p93p94;1990;1423914.3;992;j
RS;adiinc992j;p93p94;1991;1236274.4;992;j
RS;adiinc992j;p93p94;1992;847235.81;992;j
RS;adiinc992j;p93p94;1993;548914.31;992;j
RS;adiinc992j;p93p94;1994;564621.63;992;j
RS;adiinc992j;p93p94;1995;595031.0;992;j
RS;adiinc992j;p93p94;1996;598712.88;992;j
RS;adiinc992j;p93p94;1997;633005.5;992;j
RS;adiinc992j;p93p94;1998;671837.0;992;j
RS;adiinc992j;p93p94;1999;736279.5;992;j
RS;adiinc992j;p93p94;2000;809513.88;992;j
RS;adiinc992j;p93p94;2001;806117.5;992;j
RS;adiinc992j;p93p94;2002;880546.31;992;j
RS;adiinc992j;p93p94;2003;936382.38;992;j
RS;adiinc992j;p93p94;2004;1079803.6;992;j
RS;adiinc992j;p93p94;2005;1221626.3;992;j
RS;adiinc992j;p93p94;2006;1315827.1;992;j
RS;adiinc992j;p93p94;2007;1368662.8;992;j
RS;adiinc992j;p93p94;2008;1475451.1;992;j
RS;adiinc992j;p93p94;2009;1449626.5;992;j
RS;adiinc992j;p93p94;2010;1496833.1;992;j
RS;adiinc992j;p93p94;2011;1540765.9;992;j
RS;adiinc992j;p93p94;2012;1484417.8;992;j
RS;adiinc992j;p93p94;2013;1547557.3;992;j
RS;adiinc992j;p93p94;2014;1418807.0;992;j
RS;adiinc992j;p93p94;2015;1403864.8;992;j
RS;adiinc992j;p93p94;2016;1456761.1;992;j
RS;adiinc992j;p93p94;2017;1466626.0;992;j
RS;adiinc992j;p99.92p99.93;1990;9633329.0;992;j
RS;adiinc992j;p99.92p99.93;1991;8183050.5;992;j
RS;adiinc992j;p99.92p99.93;1992;5469564.5;992;j
RS;adiinc992j;p99.92p99.93;1993;3505799.8;992;j
RS;adiinc992j;p99.92p99.93;1994;3576103.3;992;j
RS;adiinc992j;p99.92p99.93;1995;3745409.5;992;j
RS;adiinc992j;p99.92p99.93;1996;3705650.3;992;j
RS;adiinc992j;p99.92p99.93;1997;3845601.5;992;j
RS;adiinc992j;p99.92p99.93;1998;4231639.0;992;j
RS;adiinc992j;p99.92p99.93;1999;5110332.5;992;j
RS;adiinc992j;p99.92p99.93;2000;5950469.5;992;j
RS;adiinc992j;p99.92p99.93;2001;6323255.0;992;j
RS;adiinc992j;p99.92p99.93;2002;6800857.5;992;j
RS;adiinc992j;p99.92p99.93;2003;7063924.5;992;j
RS;adiinc992j;p99.92p99.93;2004;8059553.5;992;j
RS;adiinc992j;p99.92p99.93;2005;9379995.0;992;j
RS;adiinc992j;p99.92p99.93;2006;9923968.0;992;j
RS;adiinc992j;p99.92p99.93;2007;9640912.0;992;j
RS;adiinc992j;p99.92p99.93;2008;9947142.0;992;j
RS;adiinc992j;p99.92p99.93;2009;10640995.0;992;j
RS;adiinc992j;p99.92p99.93;2010;10762998.0;992;j
RS;adiinc992j;p99.92p99.93;2011;10987338.0;992;j
RS;adiinc992j;p99.92p99.93;2012;12850979.0;992;j
RS;adiinc992j;p99.92p99.93;2013;11843419.0;992;j
RS;adiinc992j;p99.92p99.93;2014;14212362.0;992;j
RS;adiinc992j;p99.92p99.93;2015;17485778.0;992;j
RS;adiinc992j;p99.92p99.93;2016;18251480.0;992;j
RS;adiinc992j;p99.92p99.93;2017;18395116.0;992;j
RS;adiinc992j;p99.98p100;1990;40853836.0;992;j
RS;adiinc992j;p99.98p100;1991;33401910.0;992;j
RS;adiinc992j;p99.98p100;1992;21159282.0;992;j
RS;adiinc992j;p99.98p100;1993;13059800.0;992;j
RS;adiinc992j;p99.98p100;1994;12996998.0;992;j
RS;adiinc992j;p99.98p100;1995;13324569.0;992;j
RS;adiinc992j;p99.98p100;1996;12882446.0;992;j
RS;adiinc992j;p99.98p100;1997;13036749.0;992;j
RS;adiinc992j;p99.98p100;1998;14745152.0;992;j
RS;adiinc992j;p99.98p100;1999;19678736.0;992;j
RS;adiinc992j;p99.98p100;2000;22869670.0;992;j
RS;adiinc992j;p99.98p100;2001;26210928.0;992;j
RS;adiinc992j;p99.98p100;2002;26494152.0;992;j
RS;adiinc992j;p99.98p100;2003;27645438.0;992;j
RS;adiinc992j;p99.98p100;2004;31664334.0;992;j
RS;adiinc992j;p99.98p100;2005;38146508.0;992;j
RS;adiinc992j;p99.98p100;2006;37392980.0;992;j
RS;adiinc992j;p99.98p100;2007;33529938.0;992;j
RS;adiinc992j;p99.98p100;2008;31787664.0;992;j
RS;adiinc992j;p99.98p100;2009;37978092.0;992;j
RS;adiinc992j;p99.98p100;2010;36481044.0;992;j
RS;adiinc992j;p99.98p100;2011;36109344.0;992;j
RS;adiinc992j;p99.98p100;2012;54239208.0;992;j
RS;adiinc992j;p99.98p100;2013;42534044.0;992;j
RS;adiinc992j;p99.98p100;2014;77467936.0;992;j
RS;adiinc992j;p99.98p100;2015;126410744.0;992;j
RS;adiinc992j;p99.98p100;2016;132087688.0;992;j
RS;adiinc992j;p99.98p100;2017;133299920.0;992;j
RS;afdirx992i;p0p100;2007;1556.6;992;i
RS;afdirx992i;p0p100;2008;1319.2;992;i
RS;afdirx992i;p0p100;2009;2543.0;992;i
RS;afdirx992i;p0p100;2010;2466.5;992;i
RS;afdirx992i;p0p100;2011;4457.2998;992;i
RS;afdirx992i;p0p100;2012;6660.0;992;i
RS;afdirx992i;p0p100;2013;6680.0;992;i
RS;afdirx992i;p0p100;2014;8178.8999;992;i
RS;afdirx992i;p0p100;2015;8896.0;992;i
RS;afdirx992i;p0p100;2016;6110.6001;992;i
RS;afdirx992i;p0p100;2017;3587.7;992;i
RS;afdirx992i;p0p100;2018;3172.0;992;i
RS;aptinc992j;p6p7;1990;100929.4;992;j
RS;aptinc992j;p6p7;1991;89194.102;992;j
RS;aptinc992j;p6p7;1992;62268.0;992;j
RS;aptinc992j;p6p7;1993;41207.199;992;j
RS;aptinc992j;p6p7;1994;43377.301;992;j
RS;aptinc992j;p6p7;1995;46880.5;992;j
RS;aptinc992j;p6p7;1996;48431.398;992;j
RS;aptinc992j;p6p7;1997;52406.102;992;j
RS;aptinc992j;p6p7;1998;62049.398;992;j
RS;aptinc992j;p6p7;1999;68780.102;992;j
RS;aptinc992j;p6p7;2000;74039.398;992;j
RS;aptinc992j;p6p7;2001;74650.5;992;j
RS;aptinc992j;p6p7;2002;66914.0;992;j
RS;aptinc992j;p6p7;2003;63382.102;992;j
RS;aptinc992j;p6p7;2004;67158.102;992;j
RS;aptinc992j;p6p7;2005;66359.703;992;j
RS;aptinc992j;p6p7;2006;58377.301;992;j
RS;aptinc992j;p6p7;2007;51902.898;992;j
RS;aptinc992j;p6p7;2008;47903.199;992;j
RS;aptinc992j;p6p7;2009;40575.0;992;j
RS;aptinc992j;p6p7;2010;38383.301;992;j
RS;aptinc992j;p6p7;2011;32646.301;992;j
RS;aptinc992j;p6p7;2012;31975.301;992;j
RS;aptinc992j;p6p7;2013;28733.301;992;j
RS;aptinc992j;p6p7;2014;27911.5;992;j
RS;aptinc992j;p6p7;2015;29311.301;992;j
RS;aptinc992j;p6p7;2016;30319.5;992;j
RS;aptinc992j;p6p7;2017;30237.4;992;j
RS;aptinc992j;p73p74;1990;920173.13;992;j
RS;aptinc992j;p73p74;1991;796779.38;992;j
RS;aptinc992j;p73p74;1992;544318.69;992;j
RS;aptinc992j;p73p74;1993;351975.59;992;j
RS;aptinc992j;p73p74;1994;361417.59;992;j
RS;aptinc992j;p73p74;1995;380263.31;992;j
RS;aptinc992j;p73p74;1996;382592.09;992;j
RS;aptinc992j;p73p74;1997;404835.0;992;j
RS;aptinc992j;p73p74;1998;423075.81;992;j
RS;aptinc992j;p73p74;1999;458264.41;992;j
RS;aptinc992j;p73p74;2000;497085.91;992;j
RS;aptinc992j;p73p74;2001;492419.81;992;j
RS;aptinc992j;p73p74;2002;533793.5;992;j
RS;aptinc992j;p73p74;2003;560944.63;992;j
RS;aptinc992j;p73p74;2004;629689.81;992;j
RS;aptinc992j;p73p74;2005;699747.19;992;j
RS;aptinc992j;p73p74;2006;745540.13;992;j
RS;aptinc992j;p73p74;2007;782281.0;992;j
RS;aptinc992j;p73p74;2008;837518.19;992;j
RS;aptinc992j;p73p74;2009;825459.5;992;j
RS;aptinc992j;p73p74;2010;817819.0;992;j
RS;aptinc992j;p73p74;2011;817426.81;992;j
RS;aptinc992j;p73p74;2012;834047.31;992;j
RS;aptinc992j;p73p74;2013;859174.63;992;j
RS;aptinc992j;p73p74;2014;822550.31;992;j
RS;aptinc992j;p73p74;2015;821160.63;992;j
RS;aptinc992j;p73p74;2016;846259.5;992;j
RS;aptinc992j;p73p74;2017;851022.38;992;j
RS;aptinc992j;p96p100;1990;3270286.0;992;j
RS;aptinc992j;p96p100;1991;2870511.3;992;j
RS;aptinc992j;p96p100;1992;1986511.8;992;j
RS;aptinc992j;p96p100;1993;1302015.8;992;j
RS;aptinc992j;p96p100;1994;1355784.1;992;j
RS;aptinc992j;p96p100;1995;1447028.8;992;j
RS;aptinc992j;p96p100;1996;1468123.9;992;j
RS;aptinc992j;p96p100;1997;1566251.0;992;j
RS;aptinc992j;p96p100;1998;1662457.8;992;j
RS;aptinc992j;p96p100;1999;1863548.4;992;j
RS;aptinc992j;p96p100;2000;2136899.0;992;j
RS;aptinc992j;p96p100;2001;2182874.3;992;j
RS;aptinc992j;p96p100;2002;2380629.8;992;j
RS;aptinc992j;p96p100;2003;2509394.5;992;j
RS;aptinc992j;p96p100;2004;2906034.3;992;j
RS;aptinc992j;p96p100;2005;3287608.5;992;j
RS;aptinc992j;p96p100;2006;3509045.8;992;j
RS;aptinc992j;p96p100;2007;3504451.5;992;j
RS;aptinc992j;p96p100;2008;3772622.0;992;j
RS;aptinc992j;p96p100;2009;3739142.5;992;j
RS;aptinc992j;p96p100;2010;3870998.0;992;j
RS;aptinc992j;p96p100;2011;3998832.0;992;j
RS;aptinc992j;p96p100;2012;3904122.5;992;j
RS;aptinc992j;p96p100;2013;3965614.5;992;j
RS;aptinc992j;p96p100;2014;4238514.5;992;j
RS;aptinc992j;p96p100;2015;4159436.0;992;j
RS;aptinc992j;p96p100;2016;4291136.0;992;j
RS;aptinc992j;p96p100;2017;4321784.0;992;j
RS;asavho992i;p0p100;1997;27027.5;992;i
RS;asavho992i;p0p100;1998;-24487.9;992;i
RS;asavho992i;p0p100;1999;-40269.8;992;i
RS;asavho992i;p0p100;2000;-45501.1;992;i
RS;asavho992i;p0p100;2001;-84851.4;992;i
RS;asavho992i;p0p100;2002;-103304.8;992;i
RS;asavho992i;p0p100;2003;-75645.3;992;i
RS;asavho992i;p0p100;2004;-100709.0;992;i
RS;asavho992i;p0p100;2005;-100905.9;992;i
RS;asavho992i;p0p100;2006;-99916.2;992;i
RS;asavho992i;p0p100;2007;-98663.5;992;i
RS;asavho992i;p0p100;2008;-99895.1;992;i
RS;asavho992i;p0p100;2009;-114756.7;992;i
RS;asavho992i;p0p100;2010;-128082.0;992;i
RS;asavho992i;p0p100;2011;-113699.1;992;i
RS;assbnp992i;p0p100;1997;0.0;992;i
RS;assbnp992i;p0p100;1998;0.0;992;i
RS;assbnp992i;p0p100;1999;0.0;992;i
RS;assbnp992i;p0p100;2000;0.0;992;i
RS;assbnp992i;p0p100;2001;0.0;992;i
RS;assbnp992i;p0p100;2002;0.0;992;i
RS;assbnp992i;p0p100;2003;0.0;992;i
RS;assbnp992i;p0p100;2004;0.0;992;i
RS;assbnp992i;p0p100;2005;0.0;992;i
RS;assbnp992i;p0p100;2006;0.0;992;i
RS;assbnp992i;p0p100;2007;0.0;992;i
RS;assbnp992i;p0p100;2008;0.0;992;i
RS;assbnp992i;p0p100;2009;0.0;992;i
RS;assbnp992i;p0p100;2010;0.0;992;i
RS;assbnp992i;p0p100;2011;0.0;992;i
RS;asscnf992i;p0p100;1997;0.0;992;i
RS;asscnf992i;p0p100;1998;0.0;992;i
RS;asscnf992i;p0p100;1999;0.0;992;i
RS;asscnf992i;p0p100;2000;0.0;992;i
RS;asscnf992i;p0p100;2001;0.0;992;i
RS;asscnf992i;p0p100;2002;0.0;992;i
RS;asscnf992i;p0p100;2003;0.0;992;i
RS;asscnf992i;p0p100;2004;0.0;992;i
RS;asscnf992i;p0p100;2005;0.0;992;i
RS;asscnf992i;p0p100;2006;0.0;992;i
RS;asscnf992i;p0p100;2007;0.0;992;i
RS;asscnf992i;p0p100;2008;0.0;992;i
RS;asscnf992i;p0p100;2009;0.0;992;i
RS;asscnf992i;p0p100;2010;0.0;992;i
RS;asscnf992i;p0p100;2011;0.0;992;i
RS;bdiinc992j;p99.98p100;1990;2.144062;992;j
RS;bdiinc992j;p99.98p100;1991;2.092736;992;j
RS;bdiinc992j;p99.98p100;1992;2.0228729;992;j
RS;bdiinc992j;p99.98p100;1993;1.9750102;992;j
RS;bdiinc992j;p99.98p100;1994;1.9446344;992;j
RS;bdiinc992j;p99.98p100;1995;1.9187531;992;j
RS;bdiinc992j;p99.98p100;1996;1.8920339;992;j
RS;bdiinc992j;p99.98p100;1997;1.8634651;992;j
RS;bdiinc992j;p99.98p100;1998;1.8935831;992;j
RS;bdiinc992j;p99.98p100;1999;2.0113442;992;j
RS;bdiinc992j;p99.98p100;2000;2.0048256;992;j
RS;bdiinc992j;p99.98p100;2001;2.1007309;992;j
RS;bdiinc992j;p99.98p100;2002;2.0190489;992;j
RS;bdiinc992j;p99.98p100;2003;2.0265744;992;j
RS;bdiinc992j;p99.98p100;2004;2.0323672;992;j
RS;bdiinc992j;p99.98p100;2005;2.0763032;992;j
RS;bdiinc992j;p99.98p100;2006;1.9778713;992;j
RS;bdiinc992j;p99.98p100;2007;1.8840401;992;j
RS;bdiinc992j;p99.98p100;2008;1.789614;992;j
RS;bdiinc992j;p99.98p100;2009;1.9125243;992;j
RS;bdiinc992j;p99.98p100;2010;1.8526686;992;j
RS;bdiinc992j;p99.98p100;2011;1.8178418;992;j
RS;bdiinc992j;p99.98p100;2012;2.1189001;992;j
RS;bdiinc992j;p99.98p100;2013;1.9176151;992;j
RS;bdiinc992j;p99.98p100;2014;2.5021136;992;j
RS;bdiinc992j;p99.98p100;2015;3.0301733;992;j
RS;bdiinc992j;p99.98p100;2016;3.0319841;992;j
RS;bdiinc992j;p99.98p100;2017;3.0347209;992;j
RS;bptinc992j;p27p100;1990;2.6890848;992;j
RS;bptinc992j;p27p100;1991;2.698118;992;j
RS;bptinc992j;p27p100;1992;2.7082539;992;j
RS;bptinc992j;p27p100;1993;2.713531;992;j
RS;bptinc992j;p27p100;1994;2.7228723;992;j
RS;bptinc992j;p27p100;1995;2.7354124;992;j
RS;bptinc992j;p27p100;1996;2.739867;992;j
RS;bptinc992j;p27p100;1997;2.747412;992;j
RS;bptinc992j;p27p100;1998;2.7132485;992;j
RS;bptinc992j;p27p100;1999;2.7158444;992;j
RS;bptinc992j;p27p100;2000;2.7580311;992;j
RS;bptinc992j;p27p100;2001;2.7690012;992;j
RS;bptinc992j;p27p100;2002;2.9047511;992;j
RS;bptinc992j;p27p100;2003;2.9966502;992;j
RS;bptinc992j;p27p100;2004;3.1516521;992;j
RS;bptinc992j;p27p100;2005;3.3033719;992;j
RS;bptinc992j;p27p100;2006;3.4658771;992;j
RS;bptinc992j;p27p100;2007;3.5129576;992;j
RS;bptinc992j;p27p100;2008;3.6694632;992;j
RS;bptinc992j;p27p100;2009;3.7804267;992;j
RS;bptinc992j;p27p100;2010;4.0541773;992;j
RS;bptinc992j;p27p100;2011;4.3940744;992;j
RS;bptinc992j;p27p100;2012;4.5662231;992;j
RS;bptinc992j;p27p100;2013;4.6575298;992;j
RS;bptinc992j;p27p100;2014;4.7560372;992;j
RS;bptinc992j;p27p100;2015;4.4468975;992;j
RS;bptinc992j;p27p100;2016;4.4469571;992;j
RS;bptinc992j;p27p100;2017;4.4529734;992;j
RS;bptinc992j;p99.997p100;1990;2.1008456;992;j
RS;bptinc992j;p99.997p100;1991;2.123879;992;j
RS;bptinc992j;p99.997p100;1992;2.1307321;992;j
RS;bptinc992j;p99.997p100;1993;2.1528351;992;j
RS;bptinc992j;p99.997p100;1994;2.1536911;992;j
RS;bptinc992j;p99.997p100;1995;2.1731648;992;j
RS;bptinc992j;p99.997p100;1996;2.1923227;992;j
RS;bptinc992j;p99.997p100;1997;2.2145717;992;j
RS;bptinc992j;p99.997p100;1998;2.1774933;992;j
RS;bptinc992j;p99.997p100;1999;2.2350349;992;j
RS;bptinc992j;p99.997p100;2000;2.2464819;992;j
RS;bptinc992j;p99.997p100;2001;2.3097208;992;j
RS;bptinc992j;p99.997p100;2002;2.248632;992;j
RS;bptinc992j;p99.997p100;2003;2.2175148;992;j
RS;bptinc992j;p99.997p100;2004;2.2133884;992;j
RS;bptinc992j;p99.997p100;2005;2.1490841;992;j
RS;bptinc992j;p99.997p100;2006;2.1505194;992;j
RS;bptinc992j;p99.997p100;2007;2.110553;992;j
RS;bptinc992j;p99.997p100;2008;2.1269264;992;j
RS;bptinc992j;p99.997p100;2009;2.1006846;992;j
RS;bptinc992j;p99.997p100;2010;2.0197515;992;j
RS;bptinc992j;p99.997p100;2011;2.0464289;992;j
RS;bptinc992j;p99.997p100;2012;1.8212816;992;j
RS;bptinc992j;p99.997p100;2013;1.9176607;992;j
RS;bptinc992j;p99.997p100;2014;2.3240166;992;j
RS;bptinc992j;p99.997p100;2015;2.336287;992;j
RS;bptinc992j;p99.997p100;2016;2.3360751;992;j
RS;bptinc992j;p99.997p100;2017;2.3347237;992;j
RS;mcomhn999i;p0p100;1997;1771918196736.0;999;i
RS;mcomhn999i;p0p100;1998;1547027087360.0;999;i
RS;mcomhn999i;p0p100;1999;1213540073472.0;999;i
RS;mcomhn999i;p0p100;2000;1225016999936.0;999;i
RS;mcomhn999i;p0p100;2001;1324470632448.0;999;i
RS;mcomhn999i;p0p100;2002;1509400379392.0;999;i
RS;mcomhn999i;p0p100;2003;1656360665088.0;999;i
RS;mcomhn999i;p0p100;2004;1704383217664.0;999;i
RS;mcomhn999i;p0p100;2005;1817737822208.0;999;i
RS;mcomhn999i;p0p100;2006;1875109871616.0;999;i
RS;mcomhn999i;p0p100;2007;1999896707072.0;999;i
RS;mcomhn999i;p0p100;2008;2072058396672.0;999;i
RS;mcomhn999i;p0p100;2009;2000807526400.0;999;i
RS;mcomhn999i;p0p100;2010;1945779175424.0;999;i
RS;mcomhn999i;p0p100;2011;1932714180608.0;999;i
RS;mcomho999i;p0p100;1997;1771918196736.0;999;i
RS;mcomho999i;p0p100;1998;1547025645568.0;999;i
RS;mcomho999i;p0p100;1999;1213539024896.0;999;i
RS;mcomho999i;p0p100;2000;1225016999936.0;999;i
RS;mcomho999i;p0p100;2001;1324470632448.0;999;i
RS;mcomho999i;p0p100;2002;1509400379392.0;999;i
RS;mcomho999i;p0p100;2003;1656360665088.0;999;i
RS;mcomho999i;p0p100;2004;1704383217664.0;999;i
RS;mcomho999i;p0p100;2005;1817737822208.0;999;i
RS;mcomho999i;p0p100;2006;1875109871616.0;999;i
RS;mcomho999i;p0p100;2007;1999896707072.0;999;i
RS;mcomho999i;p0p100;2008;2072058396672.0;999;i
RS;mcomho999i;p0p100;2009;2000807526400.0;999;i
RS;mcomho999i;p0p100;2010;1945779175424.0;999;i
RS;mcomho999i;p0p100;2011;1932714180608.0;999;i
RS;msegco999i;p0p100;1997;-16217867264.0;999;i
RS;msegco999i;p0p100;1998;241967104000.0;999;i
RS;msegco999i;p0p100;1999;285315923968.0;999;i
RS;msegco999i;p0p100;2000;352796049408.0;999;i
RS;msegco999i;p0p100;2001;267547459584.0;999;i
RS;msegco999i;p0p100;2002;218531332096.0;999;i
RS;msegco999i;p0p100;2003;160621412352.0;999;i
RS;msegco999i;p0p100;2004;347607957504.0;999;i
RS;msegco999i;p0p100;2005;396772638720.0;999;i
RS;msegco999i;p0p100;2006;427950768128.0;999;i
RS;msegco999i;p0p100;2007;387658809344.0;999;i
RS;msegco999i;p0p100;2008;387411902464.0;999;i
RS;msegco999i;p0p100;2009;463045197824.0;999;i
RS;msegco999i;p0p100;2010;466155044864.0;999;i
RS;msegco999i;p0p100;2011;517694980096.0;999;i
RS;msscnf999i;p0p100;1997;0.0;999;i
RS;msscnf999i;p0p100;1998;0.0;999;i
RS;msscnf999i;p0p100;1999;0.0;999;i
RS;msscnf999i;p0p100;2000;0.0;999;i
RS;msscnf999i;p0p100;2001;0.0;999;i
RS;msscnf999i;p0p100;2002;0.0;999;i
RS;msscnf999i;p0p100;2003;0.0;999;i
RS;msscnf999i;p0p100;2004;0.0;999;i
RS;msscnf999i;p0p100;2005;0.0;999;i
RS;msscnf999i;p0p100;2006;0.0;999;i
RS;msscnf999i;p0p100;2007;0.0;999;i
RS;msscnf999i;p0p100;2008;0.0;999;i
RS;msscnf999i;p0p100;2009;0.0;999;i
RS;msscnf999i;p0p100;2010;0.0;999;i
RS;msscnf999i;p0p100;2011;0.0;999;i
RS;npopul651m;p0p100;1950;77632.0;651;m
RS;npopul651m;p0p100;1951;78200.0;651;m
RS;npopul651m;p0p100;1952;79381.0;651;m
RS;npopul651m;p0p100;1953;80466.0;651;m
RS;npopul651m;p0p100;1954;80789.0;651;m
RS;npopul651m;p0p100;1955;80192.0;651;m
RS;npopul651m;p0p100;1956;78566.0;651;m
RS;npopul651m;p0p100;1957;75970.0;651;m
RS;npopul651m;p0p100;1958;73724.0;651;m
RS;npopul651m;p0p100;1959;73685.0;651;m
RS;npopul651m;p0p100;1960;76768.0;651;m
RS;npopul651m;p0p100;1961;82451.0;651;m
RS;npopul651m;p0p100;1962;90413.0;651;m
RS;npopul651m;p0p100;1963;99401.0;651;m
RS;npopul651m;p0p100;1964;107834.0;651;m
RS;npopul651m;p0p100;1965;114943.0;651;m
RS;npopul651m;p0p100;1966;119986.0;651;m
RS;npopul651m;p0p100;1967;123938.0;651;m
RS;npopul651m;p0p100;1968;127332.0;651;m
RS;npopul651m;p0p100;1969;130942.0;651;m
RS;npopul651m;p0p100;1970;135141.0;651;m
RS;npopul651m;p0p100;1971;139158.0;651;m
RS;npopul651m;p0p100;1972;143695.0;651;m
RS;npopul651m;p0p100;1973;147657.0;651;m
RS;npopul651m;p0p100;1974;149615.0;651;m
RS;npopul651m;p0p100;1975;148919.0;651;m
RS;npopul651m;p0p100;1976;145203.0;651;m
RS;npopul651m;p0p100;1977;139930.0;651;m
RS;npopul651m;p0p100;1978;133554.0;651;m
RS;npopul651m;p0p100;1979;126590.0;651;m
RS;npopul651m;p0p100;1980;119521.0;651;m
RS;npopul651m;p0p100;1981;111623.0;651;m
RS;npopul651m;p0p100;1982;103197.0;651;m
RS;npopul651m;p0p100;1983;96342.0;651;m
RS;npopul651m;p0p100;1984;94146.0;651;m
RS;npopul651m;p0p100;1985;98209.0;651;m
RS;npopul651m;p0p100;1986;106951.0;651;m
RS;npopul651m;p0p100;1987;120512.0;651;m
RS;npopul651m;p0p100;1988;136677.0;651;m
RS;npopul651m;p0p100;1989;152762.0;651;m
RS;npopul651m;p0p100;1990;167457.0;651;m
RS;npopul651m;p0p100;1991;180304.0;651;m
RS;npopul651m;p0p100;1992;192583.0;651;m
RS;npopul651m;p0p100;1993;203764.0;651;m
RS;npopul651m;p0p100;1994;212991.0;651;m
RS;npopul651m;p0p100;1995;219644.0;651;m
RS;npopul651m;p0p100;1996;223981.0;651;m
RS;npopul651m;p0p100;1997;225595.0;651;m
RS;npopul651m;p0p100;1998;225082.0;651;m
RS;npopul651m;p0p100;1999;175791.0;651;m
RS;npopul651m;p0p100;2000;175180.0;651;m
RS;npopul651m;p0p100;2001;172495.0;651;m
RS;npopul651m;p0p100;2002;170131.0;651;m
RS;npopul651m;p0p100;2003;167224.0;651;m
RS;npopul651m;p0p100;2004;163576.0;651;m
RS;npopul651m;p0p100;2005;158793.0;651;m
RS;npopul651m;p0p100;2006;152354.0;651;m
RS;npopul651m;p0p100;2007;144427.0;651;m
RS;npopul651m;p0p100;2008;137247.0;651;m
RS;npopul651m;p0p100;2009;134224.0;651;m
RS;npopul651m;p0p100;2010;137053.0;651;m
RS;npopul651m;p0p100;2011;144217.0;651;m
RS;npopul651m;p0p100;2012;156487.0;651;m
RS;npopul651m;p0p100;2013;171118.0;651;m
RS;npopul651m;p0p100;2014;185040.0;651;m
RS;npopul651m;p0p100;2015;196537.0;651;m
RS;npopul651m;p0p100;2016;204031.0;651;m
RS;npopul651m;p0p100;2017;210723.0;651;m
RS;npopul651m;p0p100;2018;215478.0;651;m
RS;npopul651m;p0p100;2019;217596.0;651;m
RS;npopul993f;p0p100;1950;1020127.0;993;f
RS;npopul993f;p0p100;1951;1045865.0;993;f
RS;npopul993f;p0p100;1952;1072691.0;993;f
RS;npopul993f;p0p100;1953;1098859.0;993;f
RS;npopul993f;p0p100;1954;1125669.0;993;f
RS;npopul993f;p0p100;1955;1154188.0;993;f
RS;npopul993f;p0p100;1956;1183083.0;993;f
RS;npopul993f;p0p100;1957;1214007.0;993;f
RS;npopul993f;p0p100;1958;1243050.0;993;f
RS;npopul993f;p0p100;1959;1264255.0;993;f
RS;npopul993f;p0p100;1960;1274316.0;993;f
RS;npopul993f;p0p100;1961;1276230.0;993;f
RS;npopul993f;p0p100;1962;1265105.0;993;f
RS;npopul993f;p0p100;1963;1246814.0;993;f
RS;npopul993f;p0p100;1964;1229778.0;993;f
RS;npopul993f;p0p100;1965;1218882.0;993;f
RS;npopul993f;p0p100;1966;1208831.0;993;f
RS;npopul993f;p0p100;1967;1205333.0;993;f
RS;npopul993f;p0p100;1968;1207140.0;993;f
RS;npopul993f;p0p100;1969;1211729.0;993;f
RS;npopul993f;p0p100;1970;1217734.0;993;f
RS;npopul993f;p0p100;1971;1227039.0;993;f
RS;npopul993f;p0p100;1972;1239096.0;993;f
RS;npopul993f;p0p100;1973;1252438.0;993;f
RS;npopul993f;p0p100;1974;1265259.0;993;f
RS;npopul993f;p0p100;1975;1276338.0;993;f
RS;npopul993f;p0p100;1976;1285634.0;993;f
RS;npopul993f;p0p100;1977;1292508.0;993;f
RS;npopul993f;p0p100;1978;1298488.0;993;f
RS;npopul993f;p0p100;1979;1306260.0;993;f
RS;npopul993f;p0p100;1980;1317369.0;993;f
RS;npopul993f;p0p100;1981;1331831.0;993;f
RS;npopul993f;p0p100;1982;1349780.0;993;f
RS;npopul993f;p0p100;1983;1368421.0;993;f
RS;npopul993f;p0p100;1984;1383377.0;993;f
RS;npopul993f;p0p100;1985;1392017.0;993;f
RS;npopul993f;p0p100;1986;1395589.0;993;f
RS;npopul993f;p0p100;1987;1392889.0;993;f
RS;npopul993f;p0p100;1988;1386297.0;993;f
RS;npopul993f;p0p100;1989;1379425.0;993;f
RS;npopul993f;p0p100;1990;1374463.0;993;f
RS;npopul993f;p0p100;1991;1372227.0;993;f
RS;npopul993f;p0p100;1992;1371731.0;993;f
RS;npopul993f;p0p100;1993;1371847.0;993;f
RS;npopul993f;p0p100;1994;1371303.0;993;f
RS;npopul993f;p0p100;1995;1369298.0;993;f
RS;npopul993f;p0p100;1996;1359956.0;993;f
RS;npopul993f;p0p100;1997;1346682.0;993;f
RS;npopul993f;p0p100;1998;1330225.0;993;f
RS;npopul993f;p0p100;1999;1032213.0;993;f
RS;npopul993f;p0p100;2000;1023154.0;993;f
RS;npopul993f;p0p100;2001;1023599.0;993;f
RS;npopul993f;p0p100;2002;1025184.0;993;f
RS;npopul993f;p0p100;2003;1024743.0;993;f
RS;npopul993f;p0p100;2004;1025345.0;993;f
RS;npopul993f;p0p100;2005;1026262.0;993;f
RS;npopul993f;p0p100;2006;1023304.0;993;f
RS;npopul993f;p0p100;2007;1020273.0;993;f
RS;npopul993f;p0p100;2008;1016397.0;993;f
RS;npopul993f;p0p100;2009;1011236.0;993;f
RS;npopul993f;p0p100;2010;1004081.0;993;f
RS;npopul993f;p0p100;2011;993523.0;993;f
RS;npopul993f;p0p100;2012;983806.0;993;f
RS;npopul993f;p0p100;2013;972285.0;993;f
RS;npopul993f;p0p100;2014;959179.0;993;f
RS;npopul993f;p0p100;2015;944471.0;993;f
RS;npopul993f;p0p100;2016;934796.0;993;f
RS;npopul993f;p0p100;2017;926545.0;993;f
RS;npopul993f;p0p100;2018;917430.0;993;f
RS;npopul993f;p0p100;2019;908479.0;993;f
RS;npopul996f;p0p100;1950;1878738.0;996;f
RS;npopul996f;p0p100;1951;1915432.0;996;f
RS;npopul996f;p0p100;1952;1952813.0;996;f
RS;npopul996f;p0p100;1953;1987234.0;996;f
RS;npopul996f;p0p100;1954;2020206.0;996;f
RS;npopul996f;p0p100;1955;2053496.0;996;f
RS;npopul996f;p0p100;1956;2083141.0;996;f
RS;npopul996f;p0p100;1957;2113148.0;996;f
RS;npopul996f;p0p100;1958;2141304.0;996;f
RS;npopul996f;p0p100;1959;2164306.0;996;f
RS;npopul996f;p0p100;1960;2180708.0;996;f
RS;npopul996f;p0p100;1961;2193350.0;996;f
RS;npopul996f;p0p100;1962;2196166.0;996;f
RS;npopul996f;p0p100;1963;2195349.0;996;f
RS;npopul996f;p0p100;1964;2198990.0;996;f
RS;npopul996f;p0p100;1965;2211279.0;996;f
RS;npopul996f;p0p100;1966;2221950.0;996;f
RS;npopul996f;p0p100;1967;2242616.0;996;f
RS;npopul996f;p0p100;1968;2270625.0;996;f
RS;npopul996f;p0p100;1969;2301444.0;996;f
RS;npopul996f;p0p100;1970;2332635.0;996;f
RS;npopul996f;p0p100;1971;2364992.0;996;f
RS;npopul996f;p0p100;1972;2399222.0;996;f
RS;npopul996f;p0p100;1973;2433986.0;996;f
RS;npopul996f;p0p100;1974;2468220.0;996;f
RS;npopul996f;p0p100;1975;2500990.0;996;f
RS;npopul996f;p0p100;1976;2529708.0;996;f
RS;npopul996f;p0p100;1977;2556126.0;996;f
RS;npopul996f;p0p100;1978;2581413.0;996;f
RS;npopul996f;p0p100;1979;2607837.0;996;f
RS;npopul996f;p0p100;1980;2636714.0;996;f
RS;npopul996f;p0p100;1981;2665814.0;996;f
RS;npopul996f;p0p100;1982;2697907.0;996;f
RS;npopul996f;p0p100;1983;2729964.0;996;f
RS;npopul996f;p0p100;1984;2757540.0;996;f
RS;npopul996f;p0p100;1985;2778210.0;996;f
RS;npopul996f;p0p100;1986;2791181.0;996;f
RS;npopul996f;p0p100;1987;2797213.0;996;f
RS;npopul996f;p0p100;1988;2800327.0;996;f
RS;npopul996f;p0p100;1989;2806110.0;996;f
RS;npopul996f;p0p100;1990;2817586.0;996;f
RS;npopul996f;p0p100;1991;2833076.0;996;f
RS;npopul996f;p0p100;1992;2855062.0;996;f
RS;npopul996f;p0p100;1993;2878213.0;996;f
RS;npopul996f;p0p100;1994;2895276.0;996;f
RS;npopul996f;p0p100;1995;2901650.0;996;f
RS;npopul996f;p0p100;1996;2899860.0;996;f
RS;npopul996f;p0p100;1997;2884622.0;996;f
RS;npopul996f;p0p100;1998;2860063.0;996;f
RS;npopul996f;p0p100;1999;2229345.0;996;f
RS;npopul996f;p0p100;2000;2223753.0;996;f
RS;npopul996f;p0p100;2001;2223574.0;996;f
RS;npopul996f;p0p100;2002;2226886.0;996;f
RS;npopul996f;p0p100;2003;2227091.0;996;f
RS;npopul996f;p0p100;2004;2230960.0;996;f
RS;npopul996f;p0p100;2005;2236899.0;996;f
RS;npopul996f;p0p100;2006;2239924.0;996;f
RS;npopul996f;p0p100;2007;2245777.0;996;f
RS;npopul996f;p0p100;2008;2251580.0;996;f
RS;npopul996f;p0p100;2009;2254737.0;996;f
RS;npopul996f;p0p100;2010;2252696.0;996;f
RS;npopul996f;p0p100;2011;2239653.0;996;f
RS;npopul996f;p0p100;2012;2228523.0;996;f
RS;npopul996f;p0p100;2013;2213556.0;996;f
RS;npopul996f;p0p100;2014;2195505.0;996;f
RS;npopul996f;p0p100;2015;2174313.0;996;f
RS;npopul996f;p0p100;2016;2152617.0;996;f
RS;npopul996f;p0p100;2017;2134555.0;996;f
RS;npopul996f;p0p100;2018;2115111.0;996;f
RS;npopul996f;p0p100;2019;2097011.0;996;f
RS;scainc992j;p31p32;1990;0.0057000001;992;j
RS;scainc992j;p31p32;1991;0.0057000001;992;j
RS;scainc992j;p31p32;1992;0.0057999999;992;j
RS;scainc992j;p31p32;1993;0.0057999999;992;j
RS;scainc992j;p31p32;1994;0.0059000002;992;j
RS;scainc992j;p31p32;1995;0.0059000002;992;j
RS;scainc992j;p31p32;1996;0.0060000001;992;j
RS;scainc992j;p31p32;1997;0.0060000001;992;j
RS;scainc992j;p31p32;1998;0.0059000002;992;j
RS;scainc992j;p31p32;1999;0.0059000002;992;j
RS;scainc992j;p31p32;2000;0.0059000002;992;j
RS;scainc992j;p31p32;2001;0.0059000002;992;j
RS;scainc992j;p31p32;2002;0.0057999999;992;j
RS;scainc992j;p31p32;2003;0.0057000001;992;j
RS;scainc992j;p31p32;2004;0.0055999998;992;j
RS;scainc992j;p31p32;2005;0.0054000001;992;j
RS;scainc992j;p31p32;2006;0.0052999998;992;j
RS;scainc992j;p31p32;2007;0.0052999998;992;j
RS;scainc992j;p31p32;2008;0.0051000002;992;j
RS;scainc992j;p31p32;2009;0.0049999999;992;j
RS;scainc992j;p31p32;2010;0.0048000002;992;j
RS;scainc992j;p31p32;2011;0.0044999998;992;j
RS;scainc992j;p31p32;2012;0.0044999998;992;j
RS;scainc992j;p31p32;2013;0.0041999999;992;j
RS;scainc992j;p31p32;2014;0.0043000001;992;j
RS;scainc992j;p31p32;2015;0.0041;992;j
RS;scainc992j;p31p32;2016;0.0041;992;j
RS;scainc992j;p31p32;2017;0.0041;992;j
RS;scainc992j;p33p34;1990;0.0060000001;992;j
RS;scainc992j;p33p34;1991;0.0060000001;992;j
RS;scainc992j;p33p34;1992;0.0060999999;992;j
RS;scainc992j;p33p34;1993;0.0060999999;992;j
RS;scainc992j;p33p34;1994;0.0060999999;992;j
RS;scainc992j;p33p34;1995;0.0060999999;992;j
RS;scainc992j;p33p34;1996;0.0062000002;992;j
RS;scainc992j;p33p34;1997;0.0062000002;992;j
RS;scainc992j;p33p34;1998;0.0060999999;992;j
RS;scainc992j;p33p34;1999;0.0060999999;992;j
RS;scainc992j;p33p34;2000;0.0060999999;992;j
RS;scainc992j;p33p34;2001;0.0060000001;992;j
RS;scainc992j;p33p34;2002;0.0059000002;992;j
RS;scainc992j;p33p34;2003;0.0059000002;992;j
RS;scainc992j;p33p34;2004;0.0057999999;992;j
RS;scainc992j;p33p34;2005;0.0057000001;992;j
RS;scainc992j;p33p34;2006;0.0055;992;j
RS;scainc992j;p33p34;2007;0.0055;992;j
RS;scainc992j;p33p34;2008;0.0054000001;992;j
RS;scainc992j;p33p34;2009;0.0052;992;j
RS;scainc992j;p33p34;2010;0.0049999999;992;j
RS;scainc992j;p33p34;2011;0.0049000001;992;j
RS;scainc992j;p33p34;2012;0.0046999999;992;j
RS;scainc992j;p33p34;2013;0.0046000001;992;j
RS;scainc992j;p33p34;2014;0.0046000001;992;j
RS;scainc992j;p33p34;2015;0.0044999998;992;j
RS;scainc992j;p33p34;2016;0.0044999998;992;j
RS;scainc992j;p33p34;2017;0.0044999998;992;j
RS;scainc992j;p57p100;1990;0.71100003;992;j
RS;scainc992j;p57p100;1991;0.70889997;992;j
RS;scainc992j;p57p100;1992;0.7069;992;j
RS;scainc992j;p57p100;1993;0.70520002;992;j
RS;scainc992j;p57p100;1994;0.70340002;992;j
RS;scainc992j;p57p100;1995;0.70160002;992;j
RS;scainc992j;p57p100;1996;0.69940001;992;j
RS;scainc992j;p57p100;1997;0.6972;992;j
RS;scainc992j;p57p100;1998;0.69660002;992;j
RS;scainc992j;p57p100;1999;0.69749999;992;j
RS;scainc992j;p57p100;2000;0.70099998;992;j
RS;scainc992j;p57p100;2001;0.70270002;992;j
RS;scainc992j;p57p100;2002;0.7141;992;j
RS;scainc992j;p57p100;2003;0.71749997;992;j
RS;scainc992j;p57p100;2004;0.7281;992;j
RS;scainc992j;p57p100;2005;0.73430002;992;j
RS;scainc992j;p57p100;2006;0.7432;992;j
RS;scainc992j;p57p100;2007;0.74669999;992;j
RS;scainc992j;p57p100;2008;0.75120002;992;j
RS;scainc992j;p57p100;2009;0.7561;992;j
RS;scainc992j;p57p100;2010;0.76730001;992;j
RS;scainc992j;p57p100;2011;0.77689999;992;j
RS;scainc992j;p57p100;2012;0.78079998;992;j
RS;scainc992j;p57p100;2013;0.78420001;992;j
RS;scainc992j;p57p100;2014;0.7658;992;j
RS;scainc992j;p57p100;2015;0.7827;992;j
RS;scainc992j;p57p100;2016;0.78259999;992;j
RS;scainc992j;p57p100;2017;0.78280002;992;j
RS;scainc992j;p61p100;1990;0.67180002;992;j
RS;scainc992j;p61p100;1991;0.66979998;992;j
RS;scainc992j;p61p100;1992;0.66780001;992;j
RS;scainc992j;p61p100;1993;0.66619998;992;j
RS;scainc992j;p61p100;1994;0.66439998;992;j
RS;scainc992j;p61p100;1995;0.66280001;992;j
RS;scainc992j;p61p100;1996;0.66049999;992;j
RS;scainc992j;p61p100;1997;0.65829998;992;j
RS;scainc992j;p61p100;1998;0.65789998;992;j
RS;scainc992j;p61p100;1999;0.65920001;992;j
RS;scainc992j;p61p100;2000;0.66320002;992;j
RS;scainc992j;p61p100;2001;0.66530001;992;j
RS;scainc992j;p61p100;2002;0.67659998;992;j
RS;scainc992j;p61p100;2003;0.68000001;992;j
RS;scainc992j;p61p100;2004;0.69069999;992;j
RS;scainc992j;p61p100;2005;0.69730002;992;j
RS;scainc992j;p61p100;2006;0.70630002;992;j
RS;scainc992j;p61p100;2007;0.7094;992;j
RS;scainc992j;p61p100;2008;0.71390003;992;j
RS;scainc992j;p61p100;2009;0.71920002;992;j
RS;scainc992j;p61p100;2010;0.73089999;992;j
RS;scainc992j;p61p100;2011;0.74080002;992;j
RS;scainc992j;p61p100;2012;0.74510002;992;j
RS;scainc992j;p61p100;2013;0.74809998;992;j
RS;scainc992j;p61p100;2014;0.7306;992;j
RS;scainc992j;p61p100;2015;0.74849999;992;j
RS;scainc992j;p61p100;2016;0.74839997;992;j
RS;scainc992j;p61p100;2017;0.74860001;992;j
RS;scainc992j;p70p71;1990;0.0118;992;j
RS;scainc992j;p70p71;1991;0.0119;992;j
RS;scainc992j;p70p71;1992;0.0118;992;j
RS;scainc992j;p70p71;1993;0.0118;992;j
RS;scainc992j;p70p71;1994;0.0118;992;j
RS;scainc992j;p70p71;1995;0.0118;992;j
RS;scainc992j;p70p71;1996;0.0118;992;j
RS;scainc992j;p70p71;1997;0.0118;992;j
RS;scainc992j;p70p71;1998;0.0117;992;j
RS;scainc992j;p70p71;1999;0.0116;992;j
RS;scainc992j;p70p71;2000;0.0114;992;j
RS;scainc992j;p70p71;2001;0.0113;992;j
RS;scainc992j;p70p71;2002;0.0114;992;j
RS;scainc992j;p70p71;2003;0.0114;992;j
RS;scainc992j;p70p71;2004;0.0115;992;j
RS;scainc992j;p70p71;2005;0.0114;992;j
RS;scainc992j;p70p71;2006;0.0114;992;j
RS;scainc992j;p70p71;2007;0.0115;992;j
RS;scainc992j;p70p71;2008;0.0116;992;j
RS;scainc992j;p70p71;2009;0.0115;992;j
RS;scainc992j;p70p71;2010;0.0115;992;j
RS;scainc992j;p70p71;2011;0.0115;992;j
RS;scainc992j;p70p71;2012;0.0114;992;j
RS;scainc992j;p70p71;2013;0.0117;992;j
RS;scainc992j;p70p71;2014;0.0112;992;j
RS;scainc992j;p70p71;2015;0.0108;992;j
RS;scainc992j;p70p71;2016;0.0108;992;j
RS;scainc992j;p70p71;2017;0.0108;992;j
RS;scainc992j;p99.9p100;1990;0.0255;992;j
RS;scainc992j;p99.9p100;1991;0.0244;992;j
RS;scainc992j;p99.9p100;1992;0.0232;992;j
RS;scainc992j;p99.9p100;1993;0.022500001;992;j
RS;scainc992j;p99.9p100;1994;0.022;992;j
RS;scainc992j;p99.9p100;1995;0.021600001;992;j
RS;scainc992j;p99.9p100;1996;0.0209;992;j
RS;scainc992j;p99.9p100;1997;0.020300001;992;j
RS;scainc992j;p99.9p100;1998;0.021199999;992;j
RS;scainc992j;p99.9p100;1999;0.0244;992;j
RS;scainc992j;p99.9p100;2000;0.026000001;992;j
RS;scainc992j;p99.9p100;2001;0.028899999;992;j
RS;scainc992j;p99.9p100;2002;0.0283;992;j
RS;scainc992j;p99.9p100;2003;0.028000001;992;j
RS;scainc992j;p99.9p100;2004;0.0284;992;j
RS;scainc992j;p99.9p100;2005;0.030200001;992;j
RS;scainc992j;p99.9p100;2006;0.029100001;992;j
RS;scainc992j;p99.9p100;2007;0.0265;992;j
RS;scainc992j;p99.9p100;2008;0.024700001;992;j
RS;scainc992j;p99.9p100;2009;0.0283;992;j
RS;scainc992j;p99.9p100;2010;0.027899999;992;j
RS;scainc992j;p99.9p100;2011;0.027899999;992;j
RS;scainc992j;p99.9p100;2012;0.0372;992;j
RS;scainc992j;p99.9p100;2013;0.0308;992;j
RS;scainc992j;p99.9p100;2014;0.047200002;992;j
RS;scainc992j;p99.9p100;2015;0.068499997;992;j
RS;scainc992j;p99.9p100;2016;0.068599999;992;j
RS;scainc992j;p99.9p100;2017;0.068700001;992;j
RS;sdiinc992j;p19p100;1990;0.95020002;992;j
RS;sdiinc992j;p19p100;1991;0.94989997;992;j
RS;sdiinc992j;p19p100;1992;0.94950002;992;j
RS;sdiinc992j;p19p100;1993;0.94910002;992;j
RS;sdiinc992j;p19p100;1994;0.94870001;992;j
RS;sdiinc992j;p19p100;1995;0.94819999;992;j
RS;sdiinc992j;p19p100;1996;0.94779998;992;j
RS;sdiinc992j;p19p100;1997;0.94709998;992;j
RS;sdiinc992j;p19p100;1998;0.9454;992;j
RS;sdiinc992j;p19p100;1999;0.94630003;992;j
RS;sdiinc992j;p19p100;2000;0.94690001;992;j
RS;sdiinc992j;p19p100;2001;0.94739997;992;j
RS;sdiinc992j;p19p100;2002;0.9526;992;j
RS;sdiinc992j;p19p100;2003;0.95319998;992;j
RS;sdiinc992j;p19p100;2004;0.95829999;992;j
RS;sdiinc992j;p19p100;2005;0.9601;992;j
RS;sdiinc992j;p19p100;2006;0.96340001;992;j
RS;sdiinc992j;p19p100;2007;0.96469998;992;j
RS;sdiinc992j;p19p100;2008;0.9655;992;j
RS;sdiinc992j;p19p100;2009;0.96569997;992;j
RS;sdiinc992j;p19p100;2010;0.96820003;992;j
RS;sdiinc992j;p19p100;2011;0.97140002;992;j
RS;sdiinc992j;p19p100;2012;0.97259998;992;j
RS;sdiinc992j;p19p100;2013;0.96880001;992;j
RS;sdiinc992j;p19p100;2014;0.95599997;992;j
RS;sdiinc992j;p19p100;2015;0.9641;992;j
RS;sdiinc992j;p19p100;2016;0.96600002;992;j
RS;sdiinc992j;p19p100;2017;0.96630001;992;j
RS;sdiinc992j;p28p100;1990;0.9077;992;j
RS;sdiinc992j;p28p100;1991;0.90679997;992;j
RS;sdiinc992j;p28p100;1992;0.90579998;992;j
RS;sdiinc992j;p28p100;1993;0.9048;992;j
RS;sdiinc992j;p28p100;1994;0.90380001;992;j
RS;sdiinc992j;p28p100;1995;0.90280002;992;j
RS;sdiinc992j;p28p100;1996;0.9016;992;j
RS;sdiinc992j;p28p100;1997;0.90020001;992;j
RS;sdiinc992j;p28p100;1998;0.89780003;992;j
RS;sdiinc992j;p28p100;1999;0.89960003;992;j
RS;sdiinc992j;p28p100;2000;0.89969999;992;j
RS;sdiinc992j;p28p100;2001;0.89999998;992;j
RS;sdiinc992j;p28p100;2002;0.90689999;992;j
RS;sdiinc992j;p28p100;2003;0.90850002;992;j
RS;sdiinc992j;p28p100;2004;0.91589999;992;j
RS;sdiinc992j;p28p100;2005;0.91839999;992;j
RS;sdiinc992j;p28p100;2006;0.92379999;992;j
RS;sdiinc992j;p28p100;2007;0.9253;992;j
RS;sdiinc992j;p28p100;2008;0.92729998;992;j
RS;sdiinc992j;p28p100;2009;0.92979997;992;j
RS;sdiinc992j;p28p100;2010;0.93489999;992;j
RS;sdiinc992j;p28p100;2011;0.94090003;992;j
RS;sdiinc992j;p28p100;2012;0.9411;992;j
RS;sdiinc992j;p28p100;2013;0.94160002;992;j
RS;sdiinc992j;p28p100;2014;0.92449999;992;j
RS;sdiinc992j;p28p100;2015;0.93580002;992;j
RS;sdiinc992j;p28p100;2016;0.93849999;992;j
RS;sdiinc992j;p28p100;2017;0.93889999;992;j
RS;sdiinc992j;p58p59;1990;0.0097000003;992;j
RS;sdiinc992j;p58p59;1991;0.0097000003;992;j
RS;sdiinc992j;p58p59;1992;0.0097000003;992;j
RS;sdiinc992j;p58p59;1993;0.0097000003;992;j
RS;sdiinc992j;p58p59;1994;0.0097000003;992;j
RS;sdiinc992j;p58p59;1995;0.0097000003;992;j
RS;sdiinc992j;p58p59;1996;0.0097000003;992;j
RS;sdiinc992j;p58p59;1997;0.0097000003;992;j
RS;sdiinc992j;p58p59;1998;0.0096000005;992;j
RS;sdiinc992j;p58p59;1999;0.0094999997;992;j
RS;sdiinc992j;p58p59;2000;0.0093999999;992;j
RS;sdiinc992j;p58p59;2001;0.0093;992;j
RS;sdiinc992j;p58p59;2002;0.0093999999;992;j
RS;sdiinc992j;p58p59;2003;0.0093999999;992;j
RS;sdiinc992j;p58p59;2004;0.0093;992;j
RS;sdiinc992j;p58p59;2005;0.0092000002;992;j
RS;sdiinc992j;p58p59;2006;0.0092000002;992;j
RS;sdiinc992j;p58p59;2007;0.0093;992;j
RS;sdiinc992j;p58p59;2008;0.0093;992;j
RS;sdiinc992j;p58p59;2009;0.0092000002;992;j
RS;sdiinc992j;p58p59;2010;0.0091000004;992;j
RS;sdiinc992j;p58p59;2011;0.0089999996;992;j
RS;sdiinc992j;p58p59;2012;0.0088999998;992;j
RS;sdiinc992j;p58p59;2013;0.0089999996;992;j
RS;sdiinc992j;p58p59;2014;0.0088;992;j
RS;sdiinc992j;p58p59;2015;0.0086000003;992;j
RS;sdiinc992j;p58p59;2016;0.0086000003;992;j
RS;sdiinc992j;p58p59;2017;0.0086000003;992;j
RS;sdiinc992j;p85p100;1990;0.3536;992;j
RS;sdiinc992j;p85p100;1991;0.35210001;992;j
RS;sdiinc992j;p85p100;1992;0.35080001;992;j
RS;sdiinc992j;p85p100;1993;0.35010001;992;j
RS;sdiinc992j;p85p100;1994;0.3493;992;j
RS;sdiinc992j;p85p100;1995;0.3486;992;j
RS;sdiinc992j;p85p100;1996;0.3468;992;j
RS;sdiinc992j;p85p100;1997;0.3448;992;j
RS;sdiinc992j;p85p100;1998;0.35010001;992;j
RS;sdiinc992j;p85p100;1999;0.35690001;992;j
RS;sdiinc992j;p85p100;2000;0.36179999;992;j
RS;sdiinc992j;p85p100;2001;0.36559999;992;j
RS;sdiinc992j;p85p100;2002;0.3705;992;j
RS;sdiinc992j;p85p100;2003;0.37290001;992;j
RS;sdiinc992j;p85p100;2004;0.38060001;992;j
RS;sdiinc992j;p85p100;2005;0.38820001;992;j
RS;sdiinc992j;p85p100;2006;0.3955;992;j
RS;sdiinc992j;p85p100;2007;0.3935;992;j
RS;sdiinc992j;p85p100;2008;0.39559999;992;j
RS;sdiinc992j;p85p100;2009;0.4025;992;j
RS;sdiinc992j;p85p100;2010;0.41229999;992;j
RS;sdiinc992j;p85p100;2011;0.42230001;992;j
RS;sdiinc992j;p85p100;2012;0.4262;992;j
RS;sdiinc992j;p85p100;2013;0.42230001;992;j
RS;sdiinc992j;p85p100;2014;0.42050001;992;j
RS;sdiinc992j;p85p100;2015;0.4445;992;j
RS;sdiinc992j;p85p100;2016;0.44819999;992;j
RS;sdiinc992j;p85p100;2017;0.4488;992;j
RS;sdiinc992j;p9p100;1990;0.98250002;992;j
RS;sdiinc992j;p9p100;1991;0.98269999;992;j
RS;sdiinc992j;p9p100;1992;0.98280001;992;j
RS;sdiinc992j;p9p100;1993;0.98290002;992;j
RS;sdiinc992j;p9p100;1994;0.98290002;992;j
RS;sdiinc992j;p9p100;1995;0.98299998;992;j
RS;sdiinc992j;p9p100;1996;0.9831;992;j
RS;sdiinc992j;p9p100;1997;0.9831;992;j
RS;sdiinc992j;p9p100;1998;0.9831;992;j
RS;sdiinc992j;p9p100;1999;0.9835;992;j
RS;sdiinc992j;p9p100;2000;0.98369998;992;j
RS;sdiinc992j;p9p100;2001;0.98379999;992;j
RS;sdiinc992j;p9p100;2002;0.98610002;992;j
RS;sdiinc992j;p9p100;2003;0.98580003;992;j
RS;sdiinc992j;p9p100;2004;0.98720002;992;j
RS;sdiinc992j;p9p100;2005;0.98769999;992;j
RS;sdiinc992j;p9p100;2006;0.98860002;992;j
RS;sdiinc992j;p9p100;2007;0.9892;992;j
RS;sdiinc992j;p9p100;2008;0.98890001;992;j
RS;sdiinc992j;p9p100;2009;0.9885;992;j
RS;sdiinc992j;p9p100;2010;0.98879999;992;j
RS;sdiinc992j;p9p100;2011;0.98979998;992;j
RS;sdiinc992j;p9p100;2012;0.9903;992;j
RS;sdiinc992j;p9p100;2013;0.98710001;992;j
RS;sdiinc992j;p9p100;2014;0.98089999;992;j
RS;sdiinc992j;p9p100;2015;0.98470002;992;j
RS;sdiinc992j;p9p100;2016;0.98559999;992;j
RS;sdiinc992j;p9p100;2017;0.98580003;992;j
RS;sptinc992j;p32p33;1990;0.0055999998;992;j
RS;sptinc992j;p32p33;1991;0.0055999998;992;j
RS;sptinc992j;p32p33;1992;0.0055999998;992;j
RS;sptinc992j;p32p33;1993;0.0055999998;992;j
RS;sptinc992j;p32p33;1994;0.0055999998;992;j
RS;sptinc992j;p32p33;1995;0.0055;992;j
RS;sptinc992j;p32p33;1996;0.0055;992;j
RS;sptinc992j;p32p33;1997;0.0055;992;j
RS;sptinc992j;p32p33;1998;0.0055;992;j
RS;sptinc992j;p32p33;1999;0.0055;992;j
RS;sptinc992j;p32p33;2000;0.0054000001;992;j
RS;sptinc992j;p32p33;2001;0.0054000001;992;j
RS;sptinc992j;p32p33;2002;0.0052999998;992;j
RS;sptinc992j;p32p33;2003;0.0052;992;j
RS;sptinc992j;p32p33;2004;0.0049999999;992;j
RS;sptinc992j;p32p33;2005;0.0049000001;992;j
RS;sptinc992j;p32p33;2006;0.0046999999;992;j
RS;sptinc992j;p32p33;2007;0.0048000002;992;j
RS;sptinc992j;p32p33;2008;0.0046999999;992;j
RS;sptinc992j;p32p33;2009;0.0046000001;992;j
RS;sptinc992j;p32p33;2010;0.0044;992;j
RS;sptinc992j;p32p33;2011;0.0041;992;j
RS;sptinc992j;p32p33;2012;0.0041;992;j
RS;sptinc992j;p32p33;2013;0.0041;992;j
RS;sptinc992j;p32p33;2014;0.0038999999;992;j
RS;sptinc992j;p32p33;2015;0.0041999999;992;j
RS;sptinc992j;p32p33;2016;0.0041999999;992;j
RS;sptinc992j;p32p33;2017;0.0041;992;j
RS;sptinc992j;p50p100;1990;0.78399998;992;j
RS;sptinc992j;p50p100;1991;0.78469998;992;j
RS;sptinc992j;p50p100;1992;0.78530002;992;j
RS;sptinc992j;p50p100;1993;0.78600001;992;j
RS;sptinc992j;p50p100;1994;0.78670001;992;j
RS;sptinc992j;p50p100;1995;0.78740001;992;j
RS;sptinc992j;p50p100;1996;0.7877;992;j
RS;sptinc992j;p50p100;1997;0.78820002;992;j
RS;sptinc992j;p50p100;1998;0.78649998;992;j
RS;sptinc992j;p50p100;1999;0.78670001;992;j
RS;sptinc992j;p50p100;2000;0.7899;992;j
RS;sptinc992j;p50p100;2001;0.79030001;992;j
RS;sptinc992j;p50p100;2002;0.79890001;992;j
RS;sptinc992j;p50p100;2003;0.80269998;992;j
RS;sptinc992j;p50p100;2004;0.80989999;992;j
RS;sptinc992j;p50p100;2005;0.81690001;992;j
RS;sptinc992j;p50p100;2006;0.82370001;992;j
RS;sptinc992j;p50p100;2007;0.82599998;992;j
RS;sptinc992j;p50p100;2008;0.83270001;992;j
RS;sptinc992j;p50p100;2009;0.83740002;992;j
RS;sptinc992j;p50p100;2010;0.84420002;992;j
RS;sptinc992j;p50p100;2011;0.8531;992;j
RS;sptinc992j;p50p100;2012;0.85610002;992;j
RS;sptinc992j;p50p100;2013;0.85619998;992;j
RS;sptinc992j;p50p100;2014;0.86150002;992;j
RS;sptinc992j;p50p100;2015;0.85570002;992;j
RS;sptinc992j;p50p100;2016;0.85570002;992;j
RS;sptinc992j;p50p100;2017;0.85589999;992;j
RS;sptinc992j;p80p81;1990;0.0144;992;j
RS;sptinc992j;p80p81;1991;0.0144;992;j
RS;sptinc992j;p80p81;1992;0.0144;992;j
RS;sptinc992j;p80p81;1993;0.0143;992;j
RS;sptinc992j;p80p81;1994;0.0143;992;j
RS;sptinc992j;p80p81;1995;0.0142;992;j
RS;sptinc992j;p80p81;1996;0.0142;992;j
RS;sptinc992j;p80p81;1997;0.0142;992;j
RS;sptinc992j;p80p81;1998;0.014;992;j
RS;sptinc992j;p80p81;1999;0.0139;992;j
RS;sptinc992j;p80p81;2000;0.0137;992;j
RS;sptinc992j;p80p81;2001;0.0136;992;j
RS;sptinc992j;p80p81;2002;0.0138;992;j
RS;sptinc992j;p80p81;2003;0.0138;992;j
RS;sptinc992j;p80p81;2004;0.0138;992;j
RS;sptinc992j;p80p81;2005;0.0139;992;j
RS;sptinc992j;p80p81;2006;0.014;992;j
RS;sptinc992j;p80p81;2007;0.0143;992;j
RS;sptinc992j;p80p81;2008;0.0145;992;j
RS;sptinc992j;p80p81;2009;0.0144;992;j
RS;sptinc992j;p80p81;2010;0.0144;992;j
RS;sptinc992j;p80p81;2011;0.0145;992;j
RS;sptinc992j;p80p81;2012;0.0148;992;j
RS;sptinc992j;p80p81;2013;0.0148;992;j
RS;sptinc992j;p80p81;2014;0.0144;992;j
RS;sptinc992j;p80p81;2015;0.0143;992;j
RS;sptinc992j;p80p81;2016;0.0143;992;j
RS;sptinc992j;p80p81;2017;0.0143;992;j
RS;sptinc992j;p99.6p99.7;1990;0.0071;992;j
RS;sptinc992j;p99.6p99.7;1991;0.0071999999;992;j
RS;sptinc992j;p99.6p99.7;1992;0.0073000002;992;j
RS;sptinc992j;p99.6p99.7;1993;0.0074;992;j
RS;sptinc992j;p99.6p99.7;1994;0.0074999998;992;j
RS;sptinc992j;p99.6p99.7;1995;0.0076000001;992;j
RS;sptinc992j;p99.6p99.7;1996;0.0077;992;j
RS;sptinc992j;p99.6p99.7;1997;0.0077;992;j
RS;sptinc992j;p99.6p99.7;1998;0.0077999998;992;j
RS;sptinc992j;p99.6p99.7;1999;0.0081000002;992;j
RS;sptinc992j;p99.6p99.7;2000;0.0085000005;992;j
RS;sptinc992j;p99.6p99.7;2001;0.0087000001;992;j
RS;sptinc992j;p99.6p99.7;2002;0.0088999998;992;j
RS;sptinc992j;p99.6p99.7;2003;0.0088999998;992;j
RS;sptinc992j;p99.6p99.7;2004;0.0091000004;992;j
RS;sptinc992j;p99.6p99.7;2005;0.0093;992;j
RS;sptinc992j;p99.6p99.7;2006;0.0093999999;992;j
RS;sptinc992j;p99.6p99.7;2007;0.0089999996;992;j
RS;sptinc992j;p99.6p99.7;2008;0.0091000004;992;j
RS;sptinc992j;p99.6p99.7;2009;0.0092000002;992;j
RS;sptinc992j;p99.6p99.7;2010;0.0096000005;992;j
RS;sptinc992j;p99.6p99.7;2011;0.0098999999;992;j
RS;sptinc992j;p99.6p99.7;2012;0.0097000003;992;j
RS;sptinc992j;p99.6p99.7;2013;0.0096000005;992;j
RS;sptinc992j;p99.6p99.7;2014;0.0105;992;j
RS;sptinc992j;p99.6p99.7;2015;0.0101;992;j
RS;sptinc992j;p99.6p99.7;2016;0.0101;992;j
RS;sptinc992j;p99.6p99.7;2017;0.0101;992;j
RS;tcainc992j;p23p100;1990;220663.91;992;j
RS;tcainc992j;p23p100;1991;194432.0;992;j
RS;tcainc992j;p23p100;1992;135348.5;992;j
RS;tcainc992j;p23p100;1993;89171.5;992;j
RS;tcainc992j;p23p100;1994;93302.297;992;j
RS;tcainc992j;p23p100;1995;100201.4;992;j
RS;tcainc992j;p23p100;1996;102827.0;992;j
RS;tcainc992j;p23p100;1997;110605.1;992;j
RS;tcainc992j;p23p100;1998;125416.0;992;j
RS;tcainc992j;p23p100;1999;142222.09;992;j
RS;tcainc992j;p23p100;2000;155079.91;992;j
RS;tcainc992j;p23p100;2001;151386.09;992;j
RS;tcainc992j;p23p100;2002;149999.41;992;j
RS;tcainc992j;p23p100;2003;153097.09;992;j
RS;tcainc992j;p23p100;2004;171282.7;992;j
RS;tcainc992j;p23p100;2005;191171.09;992;j
RS;tcainc992j;p23p100;2006;188938.5;992;j
RS;tcainc992j;p23p100;2007;185107.09;992;j
RS;tcainc992j;p23p100;2008;190883.5;992;j
RS;tcainc992j;p23p100;2009;174137.09;992;j
RS;tcainc992j;p23p100;2010;158281.2;992;j
RS;tcainc992j;p23p100;2011;143834.7;992;j
RS;tcainc992j;p23p100;2012;149097.7;992;j
RS;tcainc992j;p23p100;2013;124906.4;992;j
RS;tcainc992j;p23p100;2014;147706.2;992;j
RS;tcainc992j;p23p100;2015;126407.8;992;j
RS;tcainc992j;p23p100;2016;131373.2;992;j
RS;tcainc992j;p23p100;2017;131128.09;992;j
RS;tcainc992j;p38p39;1990;348149.69;992;j
RS;tcainc992j;p38p39;1991;302976.0;992;j
RS;tcainc992j;p38p39;1992;207989.09;992;j
RS;tcainc992j;p38p39;1993;135169.91;992;j
RS;tcainc992j;p38p39;1994;139504.2;992;j
RS;tcainc992j;p38p39;1995;147431.3;992;j
RS;tcainc992j;p38p39;1996;149249.2;992;j
RS;tcainc992j;p38p39;1997;158051.41;992;j
RS;tcainc992j;p38p39;1998;168100.41;992;j
RS;tcainc992j;p38p39;1999;191582.8;992;j
RS;tcainc992j;p38p39;2000;205650.41;992;j
RS;tcainc992j;p38p39;2001;200141.09;992;j
RS;tcainc992j;p38p39;2002;204666.2;992;j
RS;tcainc992j;p38p39;2003;215285.91;992;j
RS;tcainc992j;p38p39;2004;251304.5;992;j
RS;tcainc992j;p38p39;2005;279773.69;992;j
RS;tcainc992j;p38p39;2006;290762.0;992;j
RS;tcainc992j;p38p39;2007;289195.91;992;j
RS;tcainc992j;p38p39;2008;307925.19;992;j
RS;tcainc992j;p38p39;2009;299295.19;992;j
RS;tcainc992j;p38p39;2010;291520.81;992;j
RS;tcainc992j;p38p39;2011;286750.59;992;j
RS;tcainc992j;p38p39;2012;279928.41;992;j
RS;tcainc992j;p38p39;2013;277811.69;992;j
RS;tcainc992j;p38p39;2014;276718.81;992;j
RS;tcainc992j;p38p39;2015;272420.91;992;j
RS;tcainc992j;p38p39;2016;282661.09;992;j
RS;tcainc992j;p38p39;2017;282720.31;992;j
RS;tcainc992j;p44p45;1990;384643.81;992;j
RS;tcainc992j;p44p45;1991;335578.59;992;j
RS;tcainc992j;p44p45;1992;230721.41;992;j
RS;tcainc992j;p44p45;1993;149742.0;992;j
RS;tcainc992j;p44p45;1994;154582.59;992;j
RS;tcainc992j;p44p45;1995;163592.3;992;j
RS;tcainc992j;p44p45;1996;165458.7;992;j
RS;tcainc992j;p44p45;1997;175355.3;992;j
RS;tcainc992j;p44p45;1998;187118.7;992;j
RS;tcainc992j;p44p45;1999;212916.59;992;j
RS;tcainc992j;p44p45;2000;229334.91;992;j
RS;tcainc992j;p44p45;2001;221949.7;992;j
RS;tcainc992j;p44p45;2002;230351.41;992;j
RS;tcainc992j;p44p45;2003;241258.3;992;j
RS;tcainc992j;p44p45;2004;285681.91;992;j
RS;tcainc992j;p44p45;2005;318243.09;992;j
RS;tcainc992j;p44p45;2006;332413.59;992;j
RS;tcainc992j;p44p45;2007;330592.31;992;j
RS;tcainc992j;p44p45;2008;349970.5;992;j
RS;tcainc992j;p44p45;2009;343401.81;992;j
RS;tcainc992j;p44p45;2010;335253.41;992;j
RS;tcainc992j;p44p45;2011;331082.31;992;j
RS;tcainc992j;p44p45;2012;326259.19;992;j
RS;tcainc992j;p44p45;2013;333700.91;992;j
RS;tcainc992j;p44p45;2014;323461.81;992;j
RS;tcainc992j;p44p45;2015;319066.5;992;j
RS;tcainc992j;p44p45;2016;330936.0;992;j
RS;tcainc992j;p44p45;2017;330964.31;992;j
RS;tcainc992j;p67p100;1990;580976.38;992;j
RS;tcainc992j;p67p100;1991;504522.41;992;j
RS;tcainc992j;p67p100;1992;344888.31;992;j
RS;tcainc992j;p67p100;1993;223150.59;992;j
RS;tcainc992j;p67p100;1994;228974.41;992;j
RS;tcainc992j;p67p100;1995;241006.59;992;j
RS;tcainc992j;p67p100;1996;242761.2;992;j
RS;tcainc992j;p67p100;1997;255793.59;992;j
RS;tcainc992j;p67p100;1998;279316.19;992;j
RS;tcainc992j;p67p100;1999;315692.19;992;j
RS;tcainc992j;p67p100;2000;337008.31;992;j
RS;tcainc992j;p67p100;2001;327098.41;992;j
RS;tcainc992j;p67p100;2002;344970.69;992;j
RS;tcainc992j;p67p100;2003;363446.59;992;j
RS;tcainc992j;p67p100;2004;436030.69;992;j
RS;tcainc992j;p67p100;2005;491538.19;992;j
RS;tcainc992j;p67p100;2006;519380.31;992;j
RS;tcainc992j;p67p100;2007;522675.81;992;j
RS;tcainc992j;p67p100;2008;562728.63;992;j
RS;tcainc992j;p67p100;2009;551778.88;992;j
RS;tcainc992j;p67p100;2010;551612.63;992;j
RS;tcainc992j;p67p100;2011;555656.13;992;j
RS;tcainc992j;p67p100;2012;550883.63;992;j
RS;tcainc992j;p67p100;2013;577002.19;992;j
RS;tcainc992j;p67p100;2014;542402.63;992;j
RS;tcainc992j;p67p100;2015;526021.5;992;j
RS;tcainc992j;p67p100;2016;545420.81;992;j
RS;tcainc992j;p67p100;2017;545881.63;992;j
RS;tcainc992j;p87p100;1990;843909.88;992;j
RS;tcainc992j;p87p100;1991;729539.13;992;j
RS;tcainc992j;p87p100;1992;497652.91;992;j
RS;tcainc992j;p87p100;1993;321370.5;992;j
RS;tcainc992j;p87p100;1994;329450.0;992;j
RS;tcainc992j;p87p100;1995;345838.0;992;j
RS;tcainc992j;p87p100;1996;346902.09;992;j
RS;tcainc992j;p87p100;1997;364288.31;992;j
RS;tcainc992j;p87p100;1998;399435.81;992;j
RS;tcainc992j;p87p100;1999;449515.0;992;j
RS;tcainc992j;p87p100;2000;481985.09;992;j
RS;tcainc992j;p87p100;2001;464431.09;992;j
RS;tcainc992j;p87p100;2002;490983.0;992;j
RS;tcainc992j;p87p100;2003;530546.63;992;j
RS;tcainc992j;p87p100;2004;647952.81;992;j
RS;tcainc992j;p87p100;2005;745699.19;992;j
RS;tcainc992j;p87p100;2006;796959.0;992;j
RS;tcainc992j;p87p100;2007;812029.38;992;j
RS;tcainc992j;p87p100;2008;873760.63;992;j
RS;tcainc992j;p87p100;2009;868362.63;992;j
RS;tcainc992j;p87p100;2010;883395.38;992;j
RS;tcainc992j;p87p100;2011;904821.19;992;j
RS;tcainc992j;p87p100;2012;892852.63;992;j
RS;tcainc992j;p87p100;2013;931180.0;992;j
RS;tcainc992j;p87p100;2014;854558.31;992;j
RS;tcainc992j;p87p100;2015;852561.88;992;j
RS;tcainc992j;p87p100;2016;883963.0;992;j
RS;tcainc992j;p87p100;2017;884849.81;992;j
RS;tdiinc992j;p40p100;1990;526833.0;992;j
RS;tdiinc992j;p40p100;1991;458558.31;992;j
RS;tdiinc992j;p40p100;1992;314762.19;992;j
RS;tdiinc992j;p40p100;1993;204430.59;992;j
RS;tdiinc992j;p40p100;1994;210853.41;992;j
RS;tdiinc992j;p40p100;1995;222734.91;992;j
RS;tdiinc992j;p40p100;1996;225324.09;992;j
RS;tdiinc992j;p40p100;1997;239805.0;992;j
RS;tdiinc992j;p40p100;1998;245330.8;992;j
RS;tdiinc992j;p40p100;1999;266933.19;992;j
RS;tdiinc992j;p40p100;2000;291741.41;992;j
RS;tdiinc992j;p40p100;2001;290221.91;992;j
RS;tdiinc992j;p40p100;2002;311391.69;992;j
RS;tdiinc992j;p40p100;2003;324029.31;992;j
RS;tdiinc992j;p40p100;2004;358265.91;992;j
RS;tdiinc992j;p40p100;2005;393234.31;992;j
RS;tdiinc992j;p40p100;2006;407787.09;992;j
RS;tdiinc992j;p40p100;2007;420137.69;992;j
RS;tdiinc992j;p40p100;2008;444573.81;992;j
RS;tdiinc992j;p40p100;2009;431194.19;992;j
RS;tdiinc992j;p40p100;2010;422387.41;992;j
RS;tdiinc992j;p40p100;2011;416070.91;992;j
RS;tdiinc992j;p40p100;2012;406156.0;992;j
RS;tdiinc992j;p40p100;2013;410093.19;992;j
RS;tdiinc992j;p40p100;2014;405273.0;992;j
RS;tdiinc992j;p40p100;2015;401446.0;992;j
RS;tdiinc992j;p40p100;2016;410036.09;992;j
RS;tdiinc992j;p40p100;2017;412068.19;992;j
RS;tdiinc992j;p55p100;1990;670294.31;992;j
RS;tdiinc992j;p55p100;1991;582896.88;992;j
RS;tdiinc992j;p55p100;1992;399636.19;992;j
RS;tdiinc992j;p55p100;1993;259424.3;992;j
RS;tdiinc992j;p55p100;1994;267277.0;992;j
RS;tdiinc992j;p55p100;1995;281995.91;992;j
RS;tdiinc992j;p55p100;1996;284724.31;992;j
RS;tdiinc992j;p55p100;1997;302368.19;992;j
RS;tdiinc992j;p55p100;1998;315303.31;992;j
RS;tdiinc992j;p55p100;1999;341276.81;992;j
RS;tdiinc992j;p55p100;2000;372868.59;992;j
RS;tdiinc992j;p55p100;2001;370083.31;992;j
RS;tdiinc992j;p55p100;2002;397503.69;992;j
RS;tdiinc992j;p55p100;2003;414175.41;992;j
RS;tdiinc992j;p55p100;2004;464115.19;992;j
RS;tdiinc992j;p55p100;2005;513016.81;992;j
RS;tdiinc992j;p55p100;2006;538521.31;992;j
RS;tdiinc992j;p55p100;2007;559562.31;992;j
RS;tdiinc992j;p55p100;2008;591332.81;992;j
RS;tdiinc992j;p55p100;2009;575672.69;992;j
RS;tdiinc992j;p55p100;2010;569963.38;992;j
RS;tdiinc992j;p55p100;2011;568087.88;992;j
RS;tdiinc992j;p55p100;2012;564353.31;992;j
RS;tdiinc992j;p55p100;2013;576223.5;992;j
RS;tdiinc992j;p55p100;2014;554071.88;992;j
RS;tdiinc992j;p55p100;2015;548647.81;992;j
RS;tdiinc992j;p55p100;2016;563761.63;992;j
RS;tdiinc992j;p55p100;2017;566943.31;992;j
RS;tdiinc992j;p58p59;1990;710350.63;992;j
RS;tdiinc992j;p58p59;1991;617119.38;992;j
RS;tdiinc992j;p58p59;1992;421766.91;992;j
RS;tdiinc992j;p58p59;1993;272901.0;992;j
RS;tdiinc992j;p58p59;1994;280682.91;992;j
RS;tdiinc992j;p58p59;1995;295704.91;992;j
RS;tdiinc992j;p58p59;1996;298021.41;992;j
RS;tdiinc992j;p58p59;1997;316257.0;992;j
RS;tdiinc992j;p58p59;1998;329452.31;992;j
RS;tdiinc992j;p58p59;1999;357326.69;992;j
RS;tdiinc992j;p58p59;2000;389465.31;992;j
RS;tdiinc992j;p58p59;2001;384115.59;992;j
RS;tdiinc992j;p58p59;2002;416013.41;992;j
RS;tdiinc992j;p58p59;2003;437035.69;992;j
RS;tdiinc992j;p58p59;2004;490454.41;992;j
RS;tdiinc992j;p58p59;2005;540205.38;992;j
RS;tdiinc992j;p58p59;2006;569155.88;992;j
RS;tdiinc992j;p58p59;2007;593336.63;992;j
RS;tdiinc992j;p58p59;2008;632358.31;992;j
RS;tdiinc992j;p58p59;2009;613777.38;992;j
RS;tdiinc992j;p58p59;2010;608150.88;992;j
RS;tdiinc992j;p58p59;2011;606372.31;992;j
RS;tdiinc992j;p58p59;2012;599449.63;992;j
RS;tdiinc992j;p58p59;2013;615455.69;992;j
RS;tdiinc992j;p58p59;2014;590474.69;992;j
RS;tdiinc992j;p58p59;2015;581261.81;992;j
RS;tdiinc992j;p58p59;2016;597957.13;992;j
RS;tdiinc992j;p58p59;2017;601157.38;992;j
RS;tdiinc992j;p77p100;1990;975652.63;992;j
RS;tdiinc992j;p77p100;1991;844838.88;992;j
RS;tdiinc992j;p77p100;1992;577256.13;992;j
RS;tdiinc992j;p77p100;1993;373344.69;992;j
RS;tdiinc992j;p77p100;1994;383588.91;992;j
RS;tdiinc992j;p77p100;1995;404543.69;992;j
RS;tdiinc992j;p77p100;1996;407433.81;992;j
RS;tdiinc992j;p77p100;1997;431096.41;992;j
RS;tdiinc992j;p77p100;1998;448205.0;992;j
RS;tdiinc992j;p77p100;1999;486831.5;992;j
RS;tdiinc992j;p77p100;2000;529844.88;992;j
RS;tdiinc992j;p77p100;2001;524083.81;992;j
RS;tdiinc992j;p77p100;2002;569236.38;992;j
RS;tdiinc992j;p77p100;2003;600323.19;992;j
RS;tdiinc992j;p77p100;2004;680361.88;992;j
RS;tdiinc992j;p77p100;2005;758368.5;992;j
RS;tdiinc992j;p77p100;2006;801273.88;992;j
RS;tdiinc992j;p77p100;2007;835859.13;992;j
RS;tdiinc992j;p77p100;2008;893483.5;992;j
RS;tdiinc992j;p77p100;2009;875992.88;992;j
RS;tdiinc992j;p77p100;2010;878386.38;992;j
RS;tdiinc992j;p77p100;2011;883601.0;992;j
RS;tdiinc992j;p77p100;2012;879063.81;992;j
RS;tdiinc992j;p77p100;2013;925048.81;992;j
RS;tdiinc992j;p77p100;2014;856810.19;992;j
RS;tdiinc992j;p77p100;2015;838907.19;992;j
RS;tdiinc992j;p77p100;2016;866717.88;992;j
RS;tdiinc992j;p77p100;2017;872190.69;992;j
RS;tdiinc992j;p8p100;1990;177416.8;992;j
RS;tdiinc992j;p8p100;1991;155552.5;992;j
RS;tdiinc992j;p8p100;1992;108209.1;992;j
RS;tdiinc992j;p8p100;1993;71036.898;992;j
RS;tdiinc992j;p8p100;1994;74216.297;992;j
RS;tdiinc992j;p8p100;1995;78824.0;992;j
RS;tdiinc992j;p8p100;1996;80767.703;992;j
RS;tdiinc992j;p8p100;1997;87213.398;992;j
RS;tdiinc992j;p8p100;1998;95417.102;992;j
RS;tdiinc992j;p8p100;1999;103072.2;992;j
RS;tdiinc992j;p8p100;2000;111050.3;992;j
RS;tdiinc992j;p8p100;2001;110955.7;992;j
RS;tdiinc992j;p8p100;2002;101421.2;992;j
RS;tdiinc992j;p8p100;2003;105430.6;992;j
RS;tdiinc992j;p8p100;2004;102629.9;992;j
RS;tdiinc992j;p8p100;2005;110081.5;992;j
RS;tdiinc992j;p8p100;2006;104800.3;992;j
RS;tdiinc992j;p8p100;2007;96750.602;992;j
RS;tdiinc992j;p8p100;2008;104569.7;992;j
RS;tdiinc992j;p8p100;2009;99607.797;992;j
RS;tdiinc992j;p8p100;2010;97093.102;992;j
RS;tdiinc992j;p8p100;2011;88489.797;992;j
RS;tdiinc992j;p8p100;2012;79929.5;992;j
RS;tdiinc992j;p8p100;2013;107056.1;992;j
RS;tdiinc992j;p8p100;2014;151135.5;992;j
RS;tdiinc992j;p8p100;2015;122299.5;992;j
RS;tdiinc992j;p8p100;2016;118794.3;992;j
RS;tdiinc992j;p8p100;2017;118629.6;992;j
RS;tdiinc992j;p92p93;1990;1337826.3;992;j
RS;tdiinc992j;p92p93;1991;1160755.1;992;j
RS;tdiinc992j;p92p93;1992;794281.69;992;j
RS;tdiinc992j;p92p93;1993;513705.31;992;j
RS;tdiinc992j;p92p93;1994;527838.81;992;j
RS;tdiinc992j;p92p93;1995;555679.38;992;j
RS;tdiinc992j;p92p93;1996;559003.63;992;j
RS;tdiinc992j;p92p93;1997;590897.19;992;j
RS;tdiinc992j;p92p93;1998;626336.63;992;j
RS;tdiinc992j;p92p93;1999;685421.38;992;j
RS;tdiinc992j;p92p93;2000;749175.88;992;j
RS;tdiinc992j;p92p93;2001;745809.19;992;j
RS;tdiinc992j;p92p93;2002;811640.19;992;j
RS;tdiinc992j;p92p93;2003;865604.88;992;j
RS;tdiinc992j;p92p93;2004;999612.63;992;j
RS;tdiinc992j;p92p93;2005;1130900.5;992;j
RS;tdiinc992j;p92p93;2006;1212316.9;992;j
RS;tdiinc992j;p92p93;2007;1261034.5;992;j
RS;tdiinc992j;p92p93;2008;1354846.0;992;j
RS;tdiinc992j;p92p93;2009;1332796.3;992;j
RS;tdiinc992j;p92p93;2010;1372423.5;992;j
RS;tdiinc992j;p92p93;2011;1409560.3;992;j
RS;tdiinc992j;p92p93;2012;1361139.4;992;j
RS;tdiinc992j;p92p93;2013;1416918.8;992;j
RS;tdiinc992j;p92p93;2014;1308842.4;992;j
RS;tdiinc992j;p92p93;2015;1293466.3;992;j
RS;tdiinc992j;p92p93;2016;1341528.5;992;j
RS;tdiinc992j;p92p93;2017;1350586.3;992;j
RS;tdiinc992j;p99.98p99.99;1990;19054410.0;992;j
RS;tdiinc992j;p99.98p99.99;1991;15960881.0;992;j
RS;tdiinc992j;p99.98p99.99;1992;10460015.0;992;j
RS;tdiinc992j;p99.98p99.99;1993;6612523.0;992;j
RS;tdiinc992j;p99.98p99.99;1994;6683517.5;992;j
RS;tdiinc992j;p99.98p99.99;1995;6944389.5;992;j
RS;tdiinc992j;p99.98p99.99;1996;6808781.5;992;j
RS;tdiinc992j;p99.98p99.99;1997;6995971.5;992;j
RS;tdiinc992j;p99.98p99.99;1998;7786905.5;992;j
RS;tdiinc992j;p99.98p99.99;1999;9783872.0;992;j
RS;tdiinc992j;p99.98p99.99;2000;11407311.0;992;j
RS;tdiinc992j;p99.98p99.99;2001;12477052.0;992;j
RS;tdiinc992j;p99.98p99.99;2002;13122094.0;992;j
RS;tdiinc992j;p99.98p99.99;2003;13641462.0;992;j
RS;tdiinc992j;p99.98p99.99;2004;15580026.0;992;j
RS;tdiinc992j;p99.98p99.99;2005;18372320.0;992;j
RS;tdiinc992j;p99.98p99.99;2006;18905668.0;992;j
RS;tdiinc992j;p99.98p99.99;2007;17796828.0;992;j
RS;tdiinc992j;p99.98p99.99;2008;17762302.0;992;j
RS;tdiinc992j;p99.98p99.99;2009;19857574.0;992;j
RS;tdiinc992j;p99.98p99.99;2010;19691078.0;992;j
RS;tdiinc992j;p99.98p99.99;2011;19863854.0;992;j
RS;tdiinc992j;p99.98p99.99;2012;25597812.0;992;j
RS;tdiinc992j;p99.98p99.99;2013;22180700.0;992;j
RS;tdiinc992j;p99.98p99.99;2014;30960998.0;992;j
RS;tdiinc992j;p99.98p99.99;2015;41717332.0;992;j
RS;tdiinc992j;p99.98p99.99;2016;43564768.0;992;j
RS;tdiinc992j;p99.98p99.99;2017;43924936.0;992;j
RS;tptinc992j;p34p100;1990;427577.59;992;j
RS;tptinc992j;p34p100;1991;370239.19;992;j
RS;tptinc992j;p34p100;1992;252946.5;992;j
RS;tptinc992j;p34p100;1993;163553.7;992;j
RS;tptinc992j;p34p100;1994;168127.8;992;j
RS;tptinc992j;p34p100;1995;176771.41;992;j
RS;tptinc992j;p34p100;1996;177788.5;992;j
RS;tptinc992j;p34p100;1997;188127.7;992;j
RS;tptinc992j;p34p100;1998;194537.8;992;j
RS;tptinc992j;p34p100;1999;212551.7;992;j
RS;tptinc992j;p34p100;2000;230954.59;992;j
RS;tptinc992j;p34p100;2001;228742.0;992;j
RS;tptinc992j;p34p100;2002;243516.91;992;j
RS;tptinc992j;p34p100;2003;252366.41;992;j
RS;tptinc992j;p34p100;2004;277566.41;992;j
RS;tptinc992j;p34p100;2005;300612.81;992;j
RS;tptinc992j;p34p100;2006;310241.5;992;j
RS;tptinc992j;p34p100;2007;325634.81;992;j
RS;tptinc992j;p34p100;2008;336510.59;992;j
RS;tptinc992j;p34p100;2009;322333.41;992;j
RS;tptinc992j;p34p100;2010;310693.91;992;j
RS;tptinc992j;p34p100;2011;294947.81;992;j
RS;tptinc992j;p34p100;2012;293359.81;992;j
RS;tptinc992j;p34p100;2013;301457.69;992;j
RS;tptinc992j;p34p100;2014;281820.81;992;j
RS;tptinc992j;p34p100;2015;301523.19;992;j
RS;tptinc992j;p34p100;2016;310806.5;992;j
RS;tptinc992j;p34p100;2017;312201.91;992;j
RS;tptinc992j;p72p73;1990;893713.38;992;j
RS;tptinc992j;p72p73;1991;773955.19;992;j
RS;tptinc992j;p72p73;1992;528161.13;992;j
RS;tptinc992j;p72p73;1993;341357.0;992;j
RS;tptinc992j;p72p73;1994;350392.31;992;j
RS;tptinc992j;p72p73;1995;368673.5;992;j
RS;tptinc992j;p72p73;1996;370947.31;992;j
RS;tptinc992j;p72p73;1997;392321.0;992;j
RS;tptinc992j;p72p73;1998;409120.5;992;j
RS;tptinc992j;p72p73;1999;442868.31;992;j
RS;tptinc992j;p72p73;2000;480328.91;992;j
RS;tptinc992j;p72p73;2001;477185.5;992;j
RS;tptinc992j;p72p73;2002;517088.59;992;j
RS;tptinc992j;p72p73;2003;543672.19;992;j
RS;tptinc992j;p72p73;2004;607564.0;992;j
RS;tptinc992j;p72p73;2005;676248.13;992;j
RS;tptinc992j;p72p73;2006;717052.13;992;j
RS;tptinc992j;p72p73;2007;755112.69;992;j
RS;tptinc992j;p72p73;2008;808122.5;992;j
RS;tptinc992j;p72p73;2009;796779.81;992;j
RS;tptinc992j;p72p73;2010;787931.69;992;j
RS;tptinc992j;p72p73;2011;785367.63;992;j
RS;tptinc992j;p72p73;2012;802563.0;992;j
RS;tptinc992j;p72p73;2013;826404.13;992;j
RS;tptinc992j;p72p73;2014;791530.13;992;j
RS;tptinc992j;p72p73;2015;791970.63;992;j
RS;tptinc992j;p72p73;2016;815950.38;992;j
RS;tptinc992j;p72p73;2017;821101.5;992;j
RS;tptinc992j;p95p96;1990;1665023.1;992;j
RS;tptinc992j;p95p96;1991;1448907.8;992;j
RS;tptinc992j;p95p96;1992;994644.31;992;j
RS;tptinc992j;p95p96;1993;646124.13;992;j
RS;tptinc992j;p95p96;1994;666945.88;992;j
RS;tptinc992j;p95p96;1995;705059.63;992;j
RS;tptinc992j;p95p96;1996;711253.88;992;j
RS;tptinc992j;p95p96;1997;754544.81;992;j
RS;tptinc992j;p95p96;1998;799014.5;992;j
RS;tptinc992j;p95p96;1999;872632.13;992;j
RS;tptinc992j;p95p96;2000;969848.38;992;j
RS;tptinc992j;p95p96;2001;966486.38;992;j
RS;tptinc992j;p95p96;2002;1059802.4;992;j
RS;tptinc992j;p95p96;2003;1132846.5;992;j
RS;tptinc992j;p95p96;2004;1303638.6;992;j
RS;tptinc992j;p95p96;2005;1492283.3;992;j
RS;tptinc992j;p95p96;2006;1592052.1;992;j
RS;tptinc992j;p95p96;2007;1648194.1;992;j
RS;tptinc992j;p95p96;2008;1766777.0;992;j
RS;tptinc992j;p95p96;2009;1761406.3;992;j
RS;tptinc992j;p95p96;2010;1817082.6;992;j
RS;tptinc992j;p95p96;2011;1856210.1;992;j
RS;tptinc992j;p95p96;2012;1885250.8;992;j
RS;tptinc992j;p95p96;2013;1897357.1;992;j
RS;tptinc992j;p95p96;2014;1814137.9;992;j
RS;tptinc992j;p95p96;2015;1815738.5;992;j
RS;tptinc992j;p95p96;2016;1872034.0;992;j
RS;tptinc992j;p95p96;2017;1883887.4;992;j
RS;tptinc992j;p99.8p99.9;1990;6854014.0;992;j
RS;tptinc992j;p99.8p99.9;1991;6041920.5;992;j
RS;tptinc992j;p99.8p99.9;1992;4198733.5;992;j
RS;tptinc992j;p99.8p99.9;1993;2763657.0;992;j
RS;tptinc992j;p99.8p99.9;1994;2890824.0;992;j
RS;tptinc992j;p99.8p99.9;1995;3099095.8;992;j
RS;tptinc992j;p99.8p99.9;1996;3151843.0;992;j
RS;tptinc992j;p99.8p99.9;1997;3369879.3;992;j
RS;tptinc992j;p99.8p99.9;1998;3584680.3;992;j
RS;tptinc992j;p99.8p99.9;1999;4063018.5;992;j
RS;tptinc992j;p99.8p99.9;2000;4725792.0;992;j
RS;tptinc992j;p99.8p99.9;2001;4870080.0;992;j
RS;tptinc992j;p99.8p99.9;2002;5310424.0;992;j
RS;tptinc992j;p99.8p99.9;2003;5568171.5;992;j
RS;tptinc992j;p99.8p99.9;2004;6467513.5;992;j
RS;tptinc992j;p99.8p99.9;2005;7289831.0;992;j
RS;tptinc992j;p99.8p99.9;2006;7782256.0;992;j
RS;tptinc992j;p99.8p99.9;2007;7647876.5;992;j
RS;tptinc992j;p99.8p99.9;2008;8247579.0;992;j
RS;tptinc992j;p99.8p99.9;2009;8155000.0;992;j
RS;tptinc992j;p99.8p99.9;2010;8463423.0;992;j
RS;tptinc992j;p99.8p99.9;2011;8788376.0;992;j
RS;tptinc992j;p99.8p99.9;2012;8393927.0;992;j
RS;tptinc992j;p99.8p99.9;2013;8585418.0;992;j
RS;tptinc992j;p99.8p99.9;2014;9589326.0;992;j
RS;tptinc992j;p99.8p99.9;2015;9327052.0;992;j
RS;tptinc992j;p99.8p99.9;2016;9625111.0;992;j
RS;tptinc992j;p99.8p99.9;2017;9697770.0;992;j
RS;acainc992j;p17p100;1990;604096.13;992;j
RS;acainc992j;p17p100;1991;524176.09;992;j
RS;acainc992j;p17p100;1992;358690.59;992;j
RS;acainc992j;p17p100;1993;232431.2;992;j
RS;acainc992j;p17p100;1994;239199.8;992;j
RS;acainc992j;p17p100;1995;252268.5;992;j
RS;acainc992j;p17p100;1996;254106.7;992;j
RS;acainc992j;p17p100;1997;267910.59;992;j
RS;acainc992j;p17p100;1998;292972.59;992;j
RS;acainc992j;p17p100;1999;334378.91;992;j
RS;acainc992j;p17p100;2000;363365.0;992;j
RS;acainc992j;p17p100;2001;354443.09;992;j
RS;acainc992j;p17p100;2002;372583.31;992;j
RS;acainc992j;p17p100;2003;392955.19;992;j
RS;acainc992j;p17p100;2004;471721.19;992;j
RS;acainc992j;p17p100;2005;538166.63;992;j
RS;acainc992j;p17p100;2006;569241.19;992;j
RS;acainc992j;p17p100;2007;569823.69;992;j
RS;acainc992j;p17p100;2008;610760.38;992;j
RS;acainc992j;p17p100;2009;604241.69;992;j
RS;acainc992j;p17p100;2010;608203.31;992;j
RS;acainc992j;p17p100;2011;615838.63;992;j
RS;acainc992j;p17p100;2012;616086.63;992;j
RS;acainc992j;p17p100;2013;627671.69;992;j
RS;acainc992j;p17p100;2014;608515.81;992;j
RS;acainc992j;p17p100;2015;619327.5;992;j
RS;acainc992j;p17p100;2016;642294.69;992;j
RS;acainc992j;p17p100;2017;642876.31;992;j
RS;acainc992j;p59p60;1990;511297.19;992;j
RS;acainc992j;p59p60;1991;443605.0;992;j
RS;acainc992j;p59p60;1992;303187.81;992;j
RS;acainc992j;p59p60;1993;195982.7;992;j
RS;acainc992j;p59p60;1994;201201.91;992;j
RS;acainc992j;p59p60;1995;211826.09;992;j
RS;acainc992j;p59p60;1996;213557.8;992;j
RS;acainc992j;p59p60;1997;225357.3;992;j
RS;acainc992j;p59p60;1998;245869.7;992;j
RS;acainc992j;p59p60;1999;278256.09;992;j
RS;acainc992j;p59p60;2000;297858.59;992;j
RS;acainc992j;p59p60;2001;287953.5;992;j
RS;acainc992j;p59p60;2002;301268.09;992;j
RS;acainc992j;p59p60;2003;317811.31;992;j
RS;acainc992j;p59p60;2004;378323.31;992;j
RS;acainc992j;p59p60;2005;426107.81;992;j
RS;acainc992j;p59p60;2006;448058.0;992;j
RS;acainc992j;p59p60;2007;452828.31;992;j
RS;acainc992j;p59p60;2008;484423.19;992;j
RS;acainc992j;p59p60;2009;473135.09;992;j
RS;acainc992j;p59p60;2010;469948.31;992;j
RS;acainc992j;p59p60;2011;471204.91;992;j
RS;acainc992j;p59p60;2012;465561.09;992;j
RS;acainc992j;p59p60;2013;481195.81;992;j
RS;acainc992j;p59p60;2014;463065.0;992;j
RS;acainc992j;p59p60;2015;452173.91;992;j
RS;acainc992j;p59p60;2016;468894.19;992;j
RS;acainc992j;p59p60;2017;469266.31;992;j
RS;adiinc992j;p66p100;1990;1296229.0;992;j
RS;adiinc992j;p66p100;1991;1121869.3;992;j
RS;adiinc992j;p66p100;1992;765833.88;992;j
RS;adiinc992j;p66p100;1993;495325.5;992;j
RS;adiinc992j;p66p100;1994;508713.5;992;j
RS;adiinc992j;p66p100;1995;535468.19;992;j
RS;adiinc992j;p66p100;1996;537741.81;992;j
RS;adiinc992j;p66p100;1997;567486.19;992;j
RS;adiinc992j;p66p100;1998;600091.13;992;j
RS;adiinc992j;p66p100;1999;662143.63;992;j
RS;adiinc992j;p66p100;2000;730737.31;992;j
RS;adiinc992j;p66p100;2001;731580.5;992;j
RS;adiinc992j;p66p100;2002;796865.81;992;j
RS;adiinc992j;p66p100;2003;841322.69;992;j
RS;adiinc992j;p66p100;2004;962888.19;992;j
RS;adiinc992j;p66p100;2005;1085868.9;992;j
RS;adiinc992j;p66p100;2006;1161034.8;992;j
RS;adiinc992j;p66p100;2007;1198735.1;992;j
RS;adiinc992j;p66p100;2008;1283819.9;992;j
RS;adiinc992j;p66p100;2009;1273028.3;992;j
RS;adiinc992j;p66p100;2010;1297503.1;992;j
RS;adiinc992j;p66p100;2011;1322939.8;992;j
RS;adiinc992j;p66p100;2012;1327219.9;992;j
RS;adiinc992j;p66p100;2013;1363637.4;992;j
RS;adiinc992j;p66p100;2014;1306722.0;992;j
RS;adiinc992j;p66p100;2015;1350940.4;992;j
RS;adiinc992j;p66p100;2016;1401511.5;992;j
RS;adiinc992j;p66p100;2017;1410975.8;992;j
RS;adiinc992j;p70p71;1990;860106.19;992;j
RS;adiinc992j;p70p71;1991;748781.88;992;j
RS;adiinc992j;p70p71;1992;511984.31;992;j
RS;adiinc992j;p70p71;1993;331420.09;992;j
RS;adiinc992j;p70p71;1994;340919.59;992;j
RS;adiinc992j;p70p71;1995;359582.19;992;j
RS;adiinc992j;p70p71;1996;362561.59;992;j
RS;adiinc992j;p70p71;1997;384392.41;992;j
RS;adiinc992j;p70p71;1998;402069.91;992;j
RS;adiinc992j;p70p71;1999;434325.69;992;j
RS;adiinc992j;p70p71;2000;472172.91;992;j
RS;adiinc992j;p70p71;2001;466646.59;992;j
RS;adiinc992j;p70p71;2002;504461.19;992;j
RS;adiinc992j;p70p71;2003;532316.19;992;j
RS;adiinc992j;p70p71;2004;602221.19;992;j
RS;adiinc992j;p70p71;2005;668311.38;992;j
RS;adiinc992j;p70p71;2006;705818.5;992;j
RS;adiinc992j;p70p71;2007;732796.31;992;j
RS;adiinc992j;p70p71;2008;784938.31;992;j
RS;adiinc992j;p70p71;2009;765091.19;992;j
RS;adiinc992j;p70p71;2010;769359.31;992;j
RS;adiinc992j;p70p71;2011;767567.5;992;j
RS;adiinc992j;p70p71;2012;763964.63;992;j
RS;adiinc992j;p70p71;2013;801596.81;992;j
RS;adiinc992j;p70p71;2014;754196.63;992;j
RS;adiinc992j;p70p71;2015;733336.31;992;j
RS;adiinc992j;p70p71;2016;756596.13;992;j
RS;adiinc992j;p70p71;2017;761052.31;992;j
RS;adiinc992j;p84p100;1990;1694230.3;992;j
RS;adiinc992j;p84p100;1991;1464246.6;992;j
RS;adiinc992j;p84p100;1992;998880.69;992;j
RS;adiinc992j;p84p100;1993;646184.5;992;j
RS;adiinc992j;p84p100;1994;663679.81;992;j
RS;adiinc992j;p84p100;1995;698669.5;992;j
RS;adiinc992j;p84p100;1996;700646.13;992;j
RS;adiinc992j;p84p100;1997;738150.81;992;j
RS;adiinc992j;p84p100;1998;787499.31;992;j
RS;adiinc992j;p84p100;1999;878138.81;992;j
RS;adiinc992j;p84p100;2000;977865.88;992;j
RS;adiinc992j;p84p100;2001;985649.69;992;j
RS;adiinc992j;p84p100;2002;1074642.9;992;j
RS;adiinc992j;p84p100;2003;1136415.3;992;j
RS;adiinc992j;p84p100;2004;1305450.0;992;j
RS;adiinc992j;p84p100;2005;1483860.3;992;j
RS;adiinc992j;p84p100;2006;1595694.6;992;j
RS;adiinc992j;p84p100;2007;1639424.3;992;j
RS;adiinc992j;p84p100;2008;1754890.0;992;j
RS;adiinc992j;p84p100;2009;1753201.9;992;j
RS;adiinc992j;p84p100;2010;1799864.5;992;j
RS;adiinc992j;p84p100;2011;1848955.3;992;j
RS;adiinc992j;p84p100;2012;1862858.5;992;j
RS;adiinc992j;p84p100;2013;1892327.3;992;j
RS;adiinc992j;p84p100;2014;1843502.0;992;j
RS;adiinc992j;p84p100;2015;1957050.0;992;j
RS;adiinc992j;p84p100;2016;2034447.5;992;j
RS;adiinc992j;p84p100;2017;2048876.8;992;j
RS;adiinc992j;p90p91;1990;1274295.8;992;j
RS;adiinc992j;p90p91;1991;1104898.5;992;j
RS;adiinc992j;p90p91;1992;754983.5;992;j
RS;adiinc992j;p90p91;1993;487511.59;992;j
RS;adiinc992j;p90p91;1994;500429.91;992;j
RS;adiinc992j;p90p91;1995;526314.0;992;j
RS;adiinc992j;p90p91;1996;529327.81;992;j
RS;adiinc992j;p90p91;1997;559376.31;992;j
RS;adiinc992j;p90p91;1998;592332.13;992;j
RS;adiinc992j;p90p91;1999;647642.69;992;j
RS;adiinc992j;p90p91;2000;704328.31;992;j
RS;adiinc992j;p90p91;2001;701186.81;992;j
RS;adiinc992j;p90p91;2002;760451.63;992;j
RS;adiinc992j;p90p91;2003;813053.0;992;j
RS;adiinc992j;p90p91;2004;940090.38;992;j
RS;adiinc992j;p90p91;2005;1063700.0;992;j
RS;adiinc992j;p90p91;2006;1135261.9;992;j
RS;adiinc992j;p90p91;2007;1180507.8;992;j
RS;adiinc992j;p90p91;2008;1264076.4;992;j
RS;adiinc992j;p90p91;2009;1245514.8;992;j
RS;adiinc992j;p90p91;2010;1279150.9;992;j
RS;adiinc992j;p90p91;2011;1310973.3;992;j
RS;adiinc992j;p90p91;2012;1269969.8;992;j
RS;adiinc992j;p90p91;2013;1319333.8;992;j
RS;adiinc992j;p90p91;2014;1228688.5;992;j
RS;adiinc992j;p90p91;2015;1214089.0;992;j
RS;adiinc992j;p90p91;2016;1258678.5;992;j
RS;adiinc992j;p90p91;2017;1267161.4;992;j
RS;aptinc992j;p51p100;1990;1163882.8;992;j
RS;aptinc992j;p51p100;1991;1011291.8;992;j
RS;aptinc992j;p51p100;1992;692956.19;992;j
RS;aptinc992j;p51p100;1993;449640.41;992;j
RS;aptinc992j;p51p100;1994;463360.0;992;j
RS;aptinc992j;p51p100;1995;489344.09;992;j
RS;aptinc992j;p51p100;1996;493407.59;992;j
RS;aptinc992j;p51p100;1997;523241.5;992;j
RS;aptinc992j;p51p100;1998;549202.0;992;j
RS;aptinc992j;p51p100;1999;601552.69;992;j
RS;aptinc992j;p51p100;2000;664176.38;992;j
RS;aptinc992j;p51p100;2001;663508.63;992;j
RS;aptinc992j;p51p100;2002;721610.31;992;j
RS;aptinc992j;p51p100;2003;761811.38;992;j
RS;aptinc992j;p51p100;2004;865360.69;992;j
RS;aptinc992j;p51p100;2005;973681.81;992;j
RS;aptinc992j;p51p100;2006;1036503.5;992;j
RS;aptinc992j;p51p100;2007;1072396.5;992;j
RS;aptinc992j;p51p100;2008;1151157.6;992;j
RS;aptinc992j;p51p100;2009;1137292.5;992;j
RS;aptinc992j;p51p100;2010;1149978.8;992;j
RS;aptinc992j;p51p100;2011;1166280.5;992;j
RS;aptinc992j;p51p100;2012;1168746.3;992;j
RS;aptinc992j;p51p100;2013;1196954.8;992;j
RS;aptinc992j;p51p100;2014;1181123.3;992;j
RS;aptinc992j;p51p100;2015;1181074.8;992;j
RS;aptinc992j;p51p100;2016;1217621.0;992;j
RS;aptinc992j;p51p100;2017;1225143.0;992;j
RS;aptinc992j;p55p56;1990;654562.38;992;j
RS;aptinc992j;p55p56;1991;566860.13;992;j
RS;aptinc992j;p55p56;1992;387034.31;992;j
RS;aptinc992j;p55p56;1993;250347.8;992;j
RS;aptinc992j;p55p56;1994;257074.59;992;j
RS;aptinc992j;p55p56;1995;270418.91;992;j
RS;aptinc992j;p55p56;1996;272160.09;992;j
RS;aptinc992j;p55p56;1997;288053.41;992;j
RS;aptinc992j;p55p56;1998;300219.09;992;j
RS;aptinc992j;p55p56;1999;326573.19;992;j
RS;aptinc992j;p55p56;2000;355296.59;992;j
RS;aptinc992j;p55p56;2001;351589.41;992;j
RS;aptinc992j;p55p56;2002;376248.31;992;j
RS;aptinc992j;p55p56;2003;395685.5;992;j
RS;aptinc992j;p55p56;2004;438322.91;992;j
RS;aptinc992j;p55p56;2005;484038.59;992;j
RS;aptinc992j;p55p56;2006;510551.59;992;j
RS;aptinc992j;p55p56;2007;530419.19;992;j
RS;aptinc992j;p55p56;2008;562483.0;992;j
RS;aptinc992j;p55p56;2009;553932.0;992;j
RS;aptinc992j;p55p56;2010;545351.81;992;j
RS;aptinc992j;p55p56;2011;538990.81;992;j
RS;aptinc992j;p55p56;2012;542711.19;992;j
RS;aptinc992j;p55p56;2013;563066.69;992;j
RS;aptinc992j;p55p56;2014;535478.19;992;j
RS;aptinc992j;p55p56;2015;550935.31;992;j
RS;aptinc992j;p55p56;2016;567797.0;992;j
RS;aptinc992j;p55p56;2017;570892.63;992;j
RS;aptinc992j;p99.2p100;1990;6965929.5;992;j
RS;aptinc992j;p99.2p100;1991;6162070.0;992;j
RS;aptinc992j;p99.2p100;1992;4286723.5;992;j
RS;aptinc992j;p99.2p100;1993;2831202.3;992;j
RS;aptinc992j;p99.2p100;1994;2961918.0;992;j
RS;aptinc992j;p99.2p100;1995;3184999.0;992;j
RS;aptinc992j;p99.2p100;1996;3248968.8;992;j
RS;aptinc992j;p99.2p100;1997;3485940.5;992;j
RS;aptinc992j;p99.2p100;1998;3686696.3;992;j
RS;aptinc992j;p99.2p100;1999;4217284.5;992;j
RS;aptinc992j;p99.2p100;2000;4915237.5;992;j
RS;aptinc992j;p99.2p100;2001;5118394.0;992;j
RS;aptinc992j;p99.2p100;2002;5525948.0;992;j
RS;aptinc992j;p99.2p100;2003;5764672.0;992;j
RS;aptinc992j;p99.2p100;2004;6691519.5;992;j
RS;aptinc992j;p99.2p100;2005;7464652.0;992;j
RS;aptinc992j;p99.2p100;2006;7970718.0;992;j
RS;aptinc992j;p99.2p100;2007;7783595.0;992;j
RS;aptinc992j;p99.2p100;2008;8415560.0;992;j
RS;aptinc992j;p99.2p100;2009;8286900.0;992;j
RS;aptinc992j;p99.2p100;2010;8492338.0;992;j
RS;aptinc992j;p99.2p100;2011;8854566.0;992;j
RS;aptinc992j;p99.2p100;2012;8177355.5;992;j
RS;aptinc992j;p99.2p100;2013;8482880.0;992;j
RS;aptinc992j;p99.2p100;2014;10105260.0;992;j
RS;aptinc992j;p99.2p100;2015;9846572.0;992;j
RS;aptinc992j;p99.2p100;2016;10160953.0;992;j
RS;aptinc992j;p99.2p100;2017;10235491.0;992;j
RS;ataxfc999i;p0p100;1997;62.299999;999;i
RS;ataxfc999i;p0p100;1998;69.300003;999;i
RS;ataxfc999i;p0p100;1999;182.3;999;i
RS;ataxfc999i;p0p100;2000;160.39999;999;i
RS;ataxfc999i;p0p100;2001;129.8;999;i
RS;ataxfc999i;p0p100;2002;115.6;999;i
RS;ataxfc999i;p0p100;2003;137.89999;999;i
RS;ataxfc999i;p0p100;2004;176.60001;999;i
RS;ataxfc999i;p0p100;2005;248.7;999;i
RS;ataxfc999i;p0p100;2006;571.40002;999;i
RS;ataxfc999i;p0p100;2007;668.79999;999;i
RS;ataxfc999i;p0p100;2008;839.09998;999;i
RS;ataxfc999i;p0p100;2009;800.70001;999;i
RS;ataxfc999i;p0p100;2010;911.29999;999;i
RS;ataxfc999i;p0p100;2011;963.79999;999;i
RS;atiwhn999i;p0p100;1997;11157.7;999;i
RS;atiwhn999i;p0p100;1998;9354.0996;999;i
RS;atiwhn999i;p0p100;1999;6942.0;999;i
RS;atiwhn999i;p0p100;2000;7294.0;999;i
RS;atiwhn999i;p0p100;2001;18336.699;999;i
RS;atiwhn999i;p0p100;2002;24601.1;999;i
RS;atiwhn999i;p0p100;2003;21414.199;999;i
RS;atiwhn999i;p0p100;2004;25113.9;999;i
RS;atiwhn999i;p0p100;2005;26041.1;999;i
RS;atiwhn999i;p0p100;2006;29615.6;999;i
RS;atiwhn999i;p0p100;2007;27029.6;999;i
RS;atiwhn999i;p0p100;2008;29534.0;999;i
RS;atiwhn999i;p0p100;2009;23178.0;999;i
RS;atiwhn999i;p0p100;2010;21720.199;999;i
RS;atiwhn999i;p0p100;2011;29267.0;999;i
RS;bdiinc992j;p74p100;1990;1.5550861;992;j
RS;bdiinc992j;p74p100;1991;1.5478101;992;j
RS;bdiinc992j;p74p100;1992;1.5434363;992;j
RS;bdiinc992j;p74p100;1993;1.5412241;992;j
RS;bdiinc992j;p74p100;1994;1.54061;992;j
RS;bdiinc992j;p74p100;1995;1.5399848;992;j
RS;bdiinc992j;p74p100;1996;1.5336542;992;j
RS;bdiinc992j;p74p100;1997;1.5260078;992;j
RS;bdiinc992j;p74p100;1998;1.5481333;992;j
RS;bdiinc992j;p74p100;1999;1.5857574;992;j
RS;bdiinc992j;p74p100;2000;1.6141303;992;j
RS;bdiinc992j;p74p100;2001;1.63433;992;j
RS;bdiinc992j;p74p100;2002;1.6411281;992;j
RS;bdiinc992j;p74p100;2003;1.6474464;992;j
RS;bdiinc992j;p74p100;2004;1.6626096;992;j
RS;bdiinc992j;p74p100;2005;1.6974258;992;j
RS;bdiinc992j;p74p100;2006;1.7192465;992;j
RS;bdiinc992j;p74p100;2007;1.70163;992;j
RS;bdiinc992j;p74p100;2008;1.7094423;992;j
RS;bdiinc992j;p74p100;2009;1.7373461;992;j
RS;bdiinc992j;p74p100;2010;1.7696714;992;j
RS;bdiinc992j;p74p100;2011;1.8059831;992;j
RS;bdiinc992j;p74p100;2012;1.8188317;992;j
RS;bdiinc992j;p74p100;2013;1.7679399;992;j
RS;bdiinc992j;p74p100;2014;1.8263307;992;j
RS;bdiinc992j;p74p100;2015;1.9570969;992;j
RS;bdiinc992j;p74p100;2016;1.9667668;992;j
RS;bdiinc992j;p74p100;2017;1.9684061;992;j
RS;bptinc992j;p9p100;1990;5.8757048;992;j
RS;bptinc992j;p9p100;1991;5.8003507;992;j
RS;bptinc992j;p9p100;1992;5.7445588;992;j
RS;bptinc992j;p9p100;1993;5.6616206;992;j
RS;bptinc992j;p9p100;1994;5.6215076;992;j
RS;bptinc992j;p9p100;1995;5.5624323;992;j
RS;bptinc992j;p9p100;1996;5.4744568;992;j
RS;bptinc992j;p9p100;1997;5.381175;992;j
RS;bptinc992j;p9p100;1998;4.7793837;992;j
RS;bptinc992j;p9p100;1999;4.7042875;992;j
RS;bptinc992j;p9p100;2000;4.8010879;992;j
RS;bptinc992j;p9p100;2001;4.7284551;992;j
RS;bptinc992j;p9p100;2002;5.6807041;992;j
RS;bptinc992j;p9p100;2003;6.286612;992;j
RS;bptinc992j;p9p100;2004;7.0016422;992;j
RS;bptinc992j;p9p100;2005;7.5376267;992;j
RS;bptinc992j;p9p100;2006;8.6025;992;j
RS;bptinc992j;p9p100;2007;10.110803;992;j
RS;bptinc992j;p9p100;2008;12.383495;992;j
RS;bptinc992j;p9p100;2009;13.975759;992;j
RS;bptinc992j;p9p100;2010;15.875622;992;j
RS;bptinc992j;p9p100;2011;19.423069;992;j
RS;bptinc992j;p9p100;2012;20.699493;992;j
RS;bptinc992j;p9p100;2013;24.255177;992;j
RS;bptinc992j;p9p100;2014;24.030632;992;j
RS;bptinc992j;p9p100;2015;23.501654;992;j
RS;bptinc992j;p9p100;2016;23.444271;992;j
RS;bptinc992j;p9p100;2017;23.686829;992;j
RS;msecho999i;p0p100;1997;2154020339712.0;999;i
RS;msecho999i;p0p100;1998;2025285091328.0;999;i
RS;msecho999i;p0p100;1999;1718867984384.0;999;i
RS;msecho999i;p0p100;2000;1829369544704.0;999;i
RS;msecho999i;p0p100;2001;1890407284736.0;999;i
RS;msecho999i;p0p100;2002;2001478746112.0;999;i
RS;msecho999i;p0p100;2003;2135841964032.0;999;i
RS;msecho999i;p0p100;2004;2119622721536.0;999;i
RS;msecho999i;p0p100;2005;2382224949248.0;999;i
RS;msecho999i;p0p100;2006;2537888677888.0;999;i
RS;msecho999i;p0p100;2007;2692437245952.0;999;i
RS;msecho999i;p0p100;2008;2920788787200.0;999;i
RS;msecho999i;p0p100;2009;2875714437120.0;999;i
RS;msecho999i;p0p100;2010;2847719817216.0;999;i
RS;msecho999i;p0p100;2011;2811104067584.0;999;i
RS;npopul111i;p0p100;1950;65.0;111;i
RS;npopul111i;p0p100;1951;58.0;111;i
RS;npopul111i;p0p100;1952;52.0;111;i
RS;npopul111i;p0p100;1953;47.0;111;i
RS;npopul111i;p0p100;1954;43.0;111;i
RS;npopul111i;p0p100;1955;40.0;111;i
RS;npopul111i;p0p100;1956;38.0;111;i
RS;npopul111i;p0p100;1957;36.0;111;i
RS;npopul111i;p0p100;1958;35.0;111;i
RS;npopul111i;p0p100;1959;35.0;111;i
RS;npopul111i;p0p100;1960;35.0;111;i
RS;npopul111i;p0p100;1961;36.0;111;i
RS;npopul111i;p0p100;1962;37.0;111;i
RS;npopul111i;p0p100;1963;38.0;111;i
RS;npopul111i;p0p100;1964;40.0;111;i
RS;npopul111i;p0p100;1965;42.0;111;i
RS;npopul111i;p0p100;1966;44.0;111;i
RS;npopul111i;p0p100;1967;46.0;111;i
RS;npopul111i;p0p100;1968;49.0;111;i
RS;npopul111i;p0p100;1969;52.0;111;i
RS;npopul111i;p0p100;1970;56.0;111;i
RS;npopul111i;p0p100;1971;61.0;111;i
RS;npopul111i;p0p100;1972;67.0;111;i
RS;npopul111i;p0p100;1973;73.0;111;i
RS;npopul111i;p0p100;1974;78.0;111;i
RS;npopul111i;p0p100;1975;83.0;111;i
RS;npopul111i;p0p100;1976;86.0;111;i
RS;npopul111i;p0p100;1977;89.0;111;i
RS;npopul111i;p0p100;1978;90.0;111;i
RS;npopul111i;p0p100;1979;91.0;111;i
RS;npopul111i;p0p100;1980;92.0;111;i
RS;npopul111i;p0p100;1981;92.0;111;i
RS;npopul111i;p0p100;1982;92.0;111;i
RS;npopul111i;p0p100;1983;92.0;111;i
RS;npopul111i;p0p100;1984;92.0;111;i
RS;npopul111i;p0p100;1985;93.0;111;i
RS;npopul111i;p0p100;1986;96.0;111;i
RS;npopul111i;p0p100;1987;99.0;111;i
RS;npopul111i;p0p100;1988;103.0;111;i
RS;npopul111i;p0p100;1989;107.0;111;i
RS;npopul111i;p0p100;1990;109.0;111;i
RS;npopul111i;p0p100;1991;109.0;111;i
RS;npopul111i;p0p100;1992;107.0;111;i
RS;npopul111i;p0p100;1993;106.0;111;i
RS;npopul111i;p0p100;1994;106.0;111;i
RS;npopul111i;p0p100;1995;109.0;111;i
RS;npopul111i;p0p100;1996;117.0;111;i
RS;npopul111i;p0p100;1997;128.0;111;i
RS;npopul111i;p0p100;1998;141.0;111;i
RS;npopul111i;p0p100;1999;120.0;111;i
RS;npopul111i;p0p100;2000;128.0;111;i
RS;npopul111i;p0p100;2001;133.0;111;i
RS;npopul111i;p0p100;2002;136.0;111;i
RS;npopul111i;p0p100;2003;138.0;111;i
RS;npopul111i;p0p100;2004;139.0;111;i
RS;npopul111i;p0p100;2005;139.0;111;i
RS;npopul111i;p0p100;2006;139.0;111;i
RS;npopul111i;p0p100;2007;138.0;111;i
RS;npopul111i;p0p100;2008;136.0;111;i
RS;npopul111i;p0p100;2009;134.0;111;i
RS;npopul111i;p0p100;2010;131.0;111;i
RS;npopul111i;p0p100;2011;125.0;111;i
RS;npopul111i;p0p100;2012;120.0;111;i
RS;npopul111i;p0p100;2013;114.0;111;i
RS;npopul111i;p0p100;2014;108.0;111;i
RS;npopul111i;p0p100;2015;102.0;111;i
RS;npopul111i;p0p100;2016;94.0;111;i
RS;npopul111i;p0p100;2017;88.0;111;i
RS;npopul111i;p0p100;2018;82.0;111;i
RS;npopul111i;p0p100;2019;81.0;111;i
RS;npopul902m;p0p100;1950;2396.0;902;m
RS;npopul902m;p0p100;1951;2651.0;902;m
RS;npopul902m;p0p100;1952;2833.0;902;m
RS;npopul902m;p0p100;1953;2831.0;902;m
RS;npopul902m;p0p100;1954;2511.0;902;m
RS;npopul902m;p0p100;1955;1763.0;902;m
RS;npopul902m;p0p100;1956;1957.0;902;m
RS;npopul902m;p0p100;1957;2090.0;902;m
RS;npopul902m;p0p100;1958;2153.0;902;m
RS;npopul902m;p0p100;1959;2039.0;902;m
RS;npopul902m;p0p100;1960;1646.0;902;m
RS;npopul902m;p0p100;1961;2060.0;902;m
RS;npopul902m;p0p100;1962;2423.0;902;m
RS;npopul902m;p0p100;1963;2648.0;902;m
RS;npopul902m;p0p100;1964;2596.0;902;m
RS;npopul902m;p0p100;1965;2171.0;902;m
RS;npopul902m;p0p100;1966;2533.0;902;m
RS;npopul902m;p0p100;1967;2817.0;902;m
RS;npopul902m;p0p100;1968;2958.0;902;m
RS;npopul902m;p0p100;1969;2831.0;902;m
RS;npopul902m;p0p100;1970;2345.0;902;m
RS;npopul902m;p0p100;1971;2716.0;902;m
RS;npopul902m;p0p100;1972;2994.0;902;m
RS;npopul902m;p0p100;1973;3134.0;902;m
RS;npopul902m;p0p100;1974;3020.0;902;m
RS;npopul902m;p0p100;1975;2553.0;902;m
RS;npopul902m;p0p100;1976;3019.0;902;m
RS;npopul902m;p0p100;1977;3440.0;902;m
RS;npopul902m;p0p100;1978;3636.0;902;m
RS;npopul902m;p0p100;1979;3436.0;902;m
RS;npopul902m;p0p100;1980;2732.0;902;m
RS;npopul902m;p0p100;1981;2943.0;902;m
RS;npopul902m;p0p100;1982;3096.0;902;m
RS;npopul902m;p0p100;1983;3203.0;902;m
RS;npopul902m;p0p100;1984;3133.0;902;m
RS;npopul902m;p0p100;1985;2749.0;902;m
RS;npopul902m;p0p100;1986;3418.0;902;m
RS;npopul902m;p0p100;1987;4026.0;902;m
RS;npopul902m;p0p100;1988;4461.0;902;m
RS;npopul902m;p0p100;1989;4472.0;902;m
RS;npopul902m;p0p100;1990;3858.0;902;m
RS;npopul902m;p0p100;1991;4637.0;902;m
RS;npopul902m;p0p100;1992;5232.0;902;m
RS;npopul902m;p0p100;1993;5599.0;902;m
RS;npopul902m;p0p100;1994;5487.0;902;m
RS;npopul902m;p0p100;1995;4740.0;902;m
RS;npopul902m;p0p100;1996;5809.0;902;m
RS;npopul902m;p0p100;1997;6615.0;902;m
RS;npopul902m;p0p100;1998;6966.0;902;m
RS;npopul902m;p0p100;1999;5197.0;902;m
RS;npopul902m;p0p100;2000;4262.0;902;m
RS;npopul902m;p0p100;2001;4831.0;902;m
RS;npopul902m;p0p100;2002;5287.0;902;m
RS;npopul902m;p0p100;2003;5344.0;902;m
RS;npopul902m;p0p100;2004;4807.0;902;m
RS;npopul902m;p0p100;2005;3635.0;902;m
RS;npopul902m;p0p100;2006;3684.0;902;m
RS;npopul902m;p0p100;2007;3670.0;902;m
RS;npopul902m;p0p100;2008;3648.0;902;m
RS;npopul902m;p0p100;2009;3476.0;902;m
RS;npopul902m;p0p100;2010;3010.0;902;m
RS;npopul902m;p0p100;2011;3861.0;902;m
RS;npopul902m;p0p100;2012;4668.0;902;m
RS;npopul902m;p0p100;2013;5349.0;902;m
RS;npopul902m;p0p100;2014;5569.0;902;m
RS;npopul902m;p0p100;2015;5178.0;902;m
RS;npopul902m;p0p100;2016;6724.0;902;m
RS;npopul902m;p0p100;2017;8047.0;902;m
RS;npopul902m;p0p100;2018;8960.0;902;m
RS;npopul902m;p0p100;2019;9046.0;902;m
RS;scainc992j;p10p20;1990;0.0287;992;j
RS;scainc992j;p10p20;1991;0.029300001;992;j
RS;scainc992j;p10p20;1992;0.0298;992;j
RS;scainc992j;p10p20;1993;0.030400001;992;j
RS;scainc992j;p10p20;1994;0.030999999;992;j
RS;scainc992j;p10p20;1995;0.031599998;992;j
RS;scainc992j;p10p20;1996;0.032200001;992;j
RS;scainc992j;p10p20;1997;0.0328;992;j
RS;scainc992j;p10p20;1998;0.035599999;992;j
RS;scainc992j;p10p20;1999;0.035599999;992;j
RS;scainc992j;p10p20;2000;0.034699999;992;j
RS;scainc992j;p10p20;2001;0.0341;992;j
RS;scainc992j;p10p20;2002;0.030400001;992;j
RS;scainc992j;p10p20;2003;0.0294;992;j
RS;scainc992j;p10p20;2004;0.0255;992;j
RS;scainc992j;p10p20;2005;0.0243;992;j
RS;scainc992j;p10p20;2006;0.0217;992;j
RS;scainc992j;p10p20;2007;0.020400001;992;j
RS;scainc992j;p10p20;2008;0.019099999;992;j
RS;scainc992j;p10p20;2009;0.018300001;992;j
RS;scainc992j;p10p20;2010;0.0156;992;j
RS;scainc992j;p10p20;2011;0.0133;992;j
RS;scainc992j;p10p20;2012;0.0125;992;j
RS;scainc992j;p10p20;2013;0.0124;992;j
RS;scainc992j;p10p20;2014;0.0195;992;j
RS;scainc992j;p10p20;2015;0.0147;992;j
RS;scainc992j;p10p20;2016;0.0147;992;j
RS;scainc992j;p10p20;2017;0.0147;992;j
RS;scainc992j;p40p100;1990;0.84909999;992;j
RS;scainc992j;p40p100;1991;0.84759998;992;j
RS;scainc992j;p40p100;1992;0.84609997;992;j
RS;scainc992j;p40p100;1993;0.84460002;992;j
RS;scainc992j;p40p100;1994;0.84299999;992;j
RS;scainc992j;p40p100;1995;0.84149998;992;j
RS;scainc992j;p40p100;1996;0.83969998;992;j
RS;scainc992j;p40p100;1997;0.83789998;992;j
RS;scainc992j;p40p100;1998;0.83420002;992;j
RS;scainc992j;p40p100;1999;0.83420002;992;j
RS;scainc992j;p40p100;2000;0.83670002;992;j
RS;scainc992j;p40p100;2001;0.83770001;992;j
RS;scainc992j;p40p100;2002;0.8484;992;j
RS;scainc992j;p40p100;2003;0.85089999;992;j
RS;scainc992j;p40p100;2004;0.86040002;992;j
RS;scainc992j;p40p100;2005;0.86430001;992;j
RS;scainc992j;p40p100;2006;0.87199998;992;j
RS;scainc992j;p40p100;2007;0.87559998;992;j
RS;scainc992j;p40p100;2008;0.87919998;992;j
RS;scainc992j;p40p100;2009;0.8829;992;j
RS;scainc992j;p40p100;2010;0.89139998;992;j
RS;scainc992j;p40p100;2011;0.8994;992;j
RS;scainc992j;p40p100;2012;0.90140003;992;j
RS;scainc992j;p40p100;2013;0.90460002;992;j
RS;scainc992j;p40p100;2014;0.88450003;992;j
RS;scainc992j;p40p100;2015;0.8994;992;j
RS;scainc992j;p40p100;2016;0.89929998;992;j
RS;scainc992j;p40p100;2017;0.8994;992;j
RS;scainc992j;p99.98p99.99;1990;0.0033;992;j
RS;scainc992j;p99.98p99.99;1991;0.0031999999;992;j
RS;scainc992j;p99.98p99.99;1992;0.003;992;j
RS;scainc992j;p99.98p99.99;1993;0.0029;992;j
RS;scainc992j;p99.98p99.99;1994;0.0029;992;j
RS;scainc992j;p99.98p99.99;1995;0.0027999999;992;j
RS;scainc992j;p99.98p99.99;1996;0.0027000001;992;j
RS;scainc992j;p99.98p99.99;1997;0.0026;992;j
RS;scainc992j;p99.98p99.99;1998;0.0027999999;992;j
RS;scainc992j;p99.98p99.99;1999;0.0031999999;992;j
RS;scainc992j;p99.98p99.99;2000;0.0034;992;j
RS;scainc992j;p99.98p99.99;2001;0.0038000001;992;j
RS;scainc992j;p99.98p99.99;2002;0.0037;992;j
RS;scainc992j;p99.98p99.99;2003;0.0037;992;j
RS;scainc992j;p99.98p99.99;2004;0.0037;992;j
RS;scainc992j;p99.98p99.99;2005;0.0038999999;992;j
RS;scainc992j;p99.98p99.99;2006;0.0038000001;992;j
RS;scainc992j;p99.98p99.99;2007;0.0035000001;992;j
RS;scainc992j;p99.98p99.99;2008;0.0031999999;992;j
RS;scainc992j;p99.98p99.99;2009;0.0037;992;j
RS;scainc992j;p99.98p99.99;2010;0.0037;992;j
RS;scainc992j;p99.98p99.99;2011;0.0035999999;992;j
RS;scainc992j;p99.98p99.99;2012;0.0048000002;992;j
RS;scainc992j;p99.98p99.99;2013;0.0040000002;992;j
RS;scainc992j;p99.98p99.99;2014;0.0060000001;992;j
RS;scainc992j;p99.98p99.99;2015;0.0082;992;j
RS;scainc992j;p99.98p99.99;2016;0.0082;992;j
RS;scainc992j;p99.98p99.99;2017;0.0082;992;j
RS;scainc992j;p99.997p100;1990;0.0049999999;992;j
RS;scainc992j;p99.997p100;1991;0.0046000001;992;j
RS;scainc992j;p99.997p100;1992;0.0041;992;j
RS;scainc992j;p99.997p100;1993;0.0038000001;992;j
RS;scainc992j;p99.997p100;1994;0.0035999999;992;j
RS;scainc992j;p99.997p100;1995;0.0035000001;992;j
RS;scainc992j;p99.997p100;1996;0.0033;992;j
RS;scainc992j;p99.997p100;1997;0.0031000001;992;j
RS;scainc992j;p99.997p100;1998;0.0033;992;j
RS;scainc992j;p99.997p100;1999;0.0043000001;992;j
RS;scainc992j;p99.997p100;2000;0.0044999998;992;j
RS;scainc992j;p99.997p100;2001;0.0054000001;992;j
RS;scainc992j;p99.997p100;2002;0.0049999999;992;j
RS;scainc992j;p99.997p100;2003;0.0049999999;992;j
RS;scainc992j;p99.997p100;2004;0.0051000002;992;j
RS;scainc992j;p99.997p100;2005;0.0055999998;992;j
RS;scainc992j;p99.997p100;2006;0.0049999999;992;j
RS;scainc992j;p99.997p100;2007;0.0041;992;j
RS;scainc992j;p99.997p100;2008;0.0035000001;992;j
RS;scainc992j;p99.997p100;2009;0.0044999998;992;j
RS;scainc992j;p99.997p100;2010;0.0041999999;992;j
RS;scainc992j;p99.997p100;2011;0.0041;992;j
RS;scainc992j;p99.997p100;2012;0.0071;992;j
RS;scainc992j;p99.997p100;2013;0.0049999999;992;j
RS;scainc992j;p99.997p100;2014;0.0116;992;j
RS;scainc992j;p99.997p100;2015;0.021500001;992;j
RS;scainc992j;p99.997p100;2016;0.021600001;992;j
RS;scainc992j;p99.997p100;2017;0.021600001;992;j
RS;scainc992j;p99.998p99.999;1990;0.0011;992;j
RS;scainc992j;p99.998p99.999;1991;0.0011;992;j
RS;scainc992j;p99.998p99.999;1992;0.001;992;j
RS;scainc992j;p99.998p99.999;1993;0.0009;992;j
RS;scainc992j;p99.998p99.999;1994;0.0009;992;j
RS;scainc992j;p99.998p99.999;1995;0.0008;992;j
RS;scainc992j;p99.998p99.999;1996;0.0008;992;j
RS;scainc992j;p99.998p99.999;1997;0.0008;992;j
RS;scainc992j;p99.998p99.999;1998;0.0008;992;j
RS;scainc992j;p99.998p99.999;1999;0.001;992;j
RS;scainc992j;p99.998p99.999;2000;0.0011;992;j
RS;scainc992j;p99.998p99.999;2001;0.0013;992;j
RS;scainc992j;p99.998p99.999;2002;0.0012000001;992;j
RS;scainc992j;p99.998p99.999;2003;0.0012000001;992;j
RS;scainc992j;p99.998p99.999;2004;0.0012000001;992;j
RS;scainc992j;p99.998p99.999;2005;0.0013;992;j
RS;scainc992j;p99.998p99.999;2006;0.0012000001;992;j
RS;scainc992j;p99.998p99.999;2007;0.001;992;j
RS;scainc992j;p99.998p99.999;2008;0.0009;992;j
RS;scainc992j;p99.998p99.999;2009;0.0011;992;j
RS;scainc992j;p99.998p99.999;2010;0.0011;992;j
RS;scainc992j;p99.998p99.999;2011;0.001;992;j
RS;scainc992j;p99.998p99.999;2012;0.0016;992;j
RS;scainc992j;p99.998p99.999;2013;0.0012000001;992;j
RS;scainc992j;p99.998p99.999;2014;0.0024000001;992;j
RS;scainc992j;p99.998p99.999;2015;0.0038000001;992;j
RS;scainc992j;p99.998p99.999;2016;0.0038000001;992;j
RS;scainc992j;p99.998p99.999;2017;0.0038000001;992;j
RS;sdiinc992j;p10p11;1990;0.0027999999;992;j
RS;sdiinc992j;p10p11;1991;0.0029;992;j
RS;sdiinc992j;p10p11;1992;0.0029;992;j
RS;sdiinc992j;p10p11;1993;0.003;992;j
RS;sdiinc992j;p10p11;1994;0.003;992;j
RS;sdiinc992j;p10p11;1995;0.0031000001;992;j
RS;sdiinc992j;p10p11;1996;0.0031000001;992;j
RS;sdiinc992j;p10p11;1997;0.0031999999;992;j
RS;sdiinc992j;p10p11;1998;0.0034;992;j
RS;sdiinc992j;p10p11;1999;0.0033;992;j
RS;sdiinc992j;p10p11;2000;0.0033;992;j
RS;sdiinc992j;p10p11;2001;0.0031999999;992;j
RS;sdiinc992j;p10p11;2002;0.003;992;j
RS;sdiinc992j;p10p11;2003;0.0027000001;992;j
RS;sdiinc992j;p10p11;2004;0.0024000001;992;j
RS;sdiinc992j;p10p11;2005;0.0022;992;j
RS;sdiinc992j;p10p11;2006;0.0020000001;992;j
RS;sdiinc992j;p10p11;2007;0.0019;992;j
RS;sdiinc992j;p10p11;2008;0.0018;992;j
RS;sdiinc992j;p10p11;2009;0.0018;992;j
RS;sdiinc992j;p10p11;2010;0.0016;992;j
RS;sdiinc992j;p10p11;2011;0.0014;992;j
RS;sdiinc992j;p10p11;2012;0.0013;992;j
RS;sdiinc992j;p10p11;2013;0.0016;992;j
RS;sdiinc992j;p10p11;2014;0.0023000001;992;j
RS;sdiinc992j;p10p11;2015;0.0019;992;j
RS;sdiinc992j;p10p11;2016;0.0018;992;j
RS;sdiinc992j;p10p11;2017;0.0018;992;j
RS;sdiinc992j;p20p21;1990;0.0041999999;992;j
RS;sdiinc992j;p20p21;1991;0.0043000001;992;j
RS;sdiinc992j;p20p21;1992;0.0044;992;j
RS;sdiinc992j;p20p21;1993;0.0044;992;j
RS;sdiinc992j;p20p21;1994;0.0044999998;992;j
RS;sdiinc992j;p20p21;1995;0.0046000001;992;j
RS;sdiinc992j;p20p21;1996;0.0046999999;992;j
RS;sdiinc992j;p20p21;1997;0.0046999999;992;j
RS;sdiinc992j;p20p21;1998;0.0049000001;992;j
RS;sdiinc992j;p20p21;1999;0.0048000002;992;j
RS;sdiinc992j;p20p21;2000;0.0048000002;992;j
RS;sdiinc992j;p20p21;2001;0.0049000001;992;j
RS;sdiinc992j;p20p21;2002;0.0046000001;992;j
RS;sdiinc992j;p20p21;2003;0.0044999998;992;j
RS;sdiinc992j;p20p21;2004;0.0041999999;992;j
RS;sdiinc992j;p20p21;2005;0.0041;992;j
RS;sdiinc992j;p20p21;2006;0.0038999999;992;j
RS;sdiinc992j;p20p21;2007;0.0038999999;992;j
RS;sdiinc992j;p20p21;2008;0.0037;992;j
RS;sdiinc992j;p20p21;2009;0.0034;992;j
RS;sdiinc992j;p20p21;2010;0.0031000001;992;j
RS;sdiinc992j;p20p21;2011;0.0027999999;992;j
RS;sdiinc992j;p20p21;2012;0.0029;992;j
RS;sdiinc992j;p20p21;2013;0.0024000001;992;j
RS;sdiinc992j;p20p21;2014;0.003;992;j
RS;sdiinc992j;p20p21;2015;0.0026;992;j
RS;sdiinc992j;p20p21;2016;0.0024999999;992;j
RS;sdiinc992j;p20p21;2017;0.0024999999;992;j
RS;sdiinc992j;p42p100;1990;0.81699997;992;j
RS;sdiinc992j;p42p100;1991;0.81559998;992;j
RS;sdiinc992j;p42p100;1992;0.81419998;992;j
RS;sdiinc992j;p42p100;1993;0.81290001;992;j
RS;sdiinc992j;p42p100;1994;0.8114;992;j
RS;sdiinc992j;p42p100;1995;0.81010002;992;j
RS;sdiinc992j;p42p100;1996;0.80839998;992;j
RS;sdiinc992j;p42p100;1997;0.80629998;992;j
RS;sdiinc992j;p42p100;1998;0.80610001;992;j
RS;sdiinc992j;p42p100;1999;0.80879998;992;j
RS;sdiinc992j;p42p100;2000;0.80919999;992;j
RS;sdiinc992j;p42p100;2001;0.80970001;992;j
RS;sdiinc992j;p42p100;2002;0.81720001;992;j
RS;sdiinc992j;p42p100;2003;0.81959999;992;j
RS;sdiinc992j;p42p100;2004;0.82880002;992;j
RS;sdiinc992j;p42p100;2005;0.833;992;j
RS;sdiinc992j;p42p100;2006;0.84009999;992;j
RS;sdiinc992j;p42p100;2007;0.8416;992;j
RS;sdiinc992j;p42p100;2008;0.84469998;992;j
RS;sdiinc992j;p42p100;2009;0.8488;992;j
RS;sdiinc992j;p42p100;2010;0.85650003;992;j
RS;sdiinc992j;p42p100;2011;0.86519998;992;j
RS;sdiinc992j;p42p100;2012;0.8664;992;j
RS;sdiinc992j;p42p100;2013;0.86949998;992;j
RS;sdiinc992j;p42p100;2014;0.85070002;992;j
RS;sdiinc992j;p42p100;2015;0.86409998;992;j
RS;sdiinc992j;p42p100;2016;0.86769998;992;j
RS;sdiinc992j;p42p100;2017;0.8682;992;j
RS;sdiinc992j;p56p57;1990;0.0093999999;992;j
RS;sdiinc992j;p56p57;1991;0.0093999999;992;j
RS;sdiinc992j;p56p57;1992;0.0093999999;992;j
RS;sdiinc992j;p56p57;1993;0.0093999999;992;j
RS;sdiinc992j;p56p57;1994;0.0093999999;992;j
RS;sdiinc992j;p56p57;1995;0.0093999999;992;j
RS;sdiinc992j;p56p57;1996;0.0093999999;992;j
RS;sdiinc992j;p56p57;1997;0.0093999999;992;j
RS;sdiinc992j;p56p57;1998;0.0093999999;992;j
RS;sdiinc992j;p56p57;1999;0.0092000002;992;j
RS;sdiinc992j;p56p57;2000;0.0092000002;992;j
RS;sdiinc992j;p56p57;2001;0.0091000004;992;j
RS;sdiinc992j;p56p57;2002;0.0091000004;992;j
RS;sdiinc992j;p56p57;2003;0.0091000004;992;j
RS;sdiinc992j;p56p57;2004;0.0091000004;992;j
RS;sdiinc992j;p56p57;2005;0.0089999996;992;j
RS;sdiinc992j;p56p57;2006;0.0088999998;992;j
RS;sdiinc992j;p56p57;2007;0.0089999996;992;j
RS;sdiinc992j;p56p57;2008;0.0089999996;992;j
RS;sdiinc992j;p56p57;2009;0.0088999998;992;j
RS;sdiinc992j;p56p57;2010;0.0088;992;j
RS;sdiinc992j;p56p57;2011;0.0087000001;992;j
RS;sdiinc992j;p56p57;2012;0.0086000003;992;j
RS;sdiinc992j;p56p57;2013;0.0086000003;992;j
RS;sdiinc992j;p56p57;2014;0.0083999997;992;j
RS;sdiinc992j;p56p57;2015;0.0082999999;992;j
RS;sdiinc992j;p56p57;2016;0.0082999999;992;j
RS;sdiinc992j;p56p57;2017;0.0082999999;992;j
RS;sdiinc992j;p99.91p100;1990;0.022600001;992;j
RS;sdiinc992j;p99.91p100;1991;0.021600001;992;j
RS;sdiinc992j;p99.91p100;1992;0.020500001;992;j
RS;sdiinc992j;p99.91p100;1993;0.0199;992;j
RS;sdiinc992j;p99.91p100;1994;0.019400001;992;j
RS;sdiinc992j;p99.91p100;1995;0.019099999;992;j
RS;sdiinc992j;p99.91p100;1996;0.0185;992;j
RS;sdiinc992j;p99.91p100;1997;0.017899999;992;j
RS;sdiinc992j;p99.91p100;1998;0.018999999;992;j
RS;sdiinc992j;p99.91p100;1999;0.0221;992;j
RS;sdiinc992j;p99.91p100;2000;0.023399999;992;j
RS;sdiinc992j;p99.91p100;2001;0.025900001;992;j
RS;sdiinc992j;p99.91p100;2002;0.025;992;j
RS;sdiinc992j;p99.91p100;2003;0.024800001;992;j
RS;sdiinc992j;p99.91p100;2004;0.0252;992;j
RS;sdiinc992j;p99.91p100;2005;0.026799999;992;j
RS;sdiinc992j;p99.91p100;2006;0.025800001;992;j
RS;sdiinc992j;p99.91p100;2007;0.0233;992;j
RS;sdiinc992j;p99.91p100;2008;0.021600001;992;j
RS;sdiinc992j;p99.91p100;2009;0.024900001;992;j
RS;sdiinc992j;p99.91p100;2010;0.0244;992;j
RS;sdiinc992j;p99.91p100;2011;0.024499999;992;j
RS;sdiinc992j;p99.91p100;2012;0.0328;992;j
RS;sdiinc992j;p99.91p100;2013;0.027000001;992;j
RS;sdiinc992j;p99.91p100;2014;0.041900001;992;j
RS;sdiinc992j;p99.91p100;2015;0.061099999;992;j
RS;sdiinc992j;p99.91p100;2016;0.061900001;992;j
RS;sdiinc992j;p99.91p100;2017;0.062100001;992;j
RS;sdiinc992j;p99.97p99.98;1990;0.0023000001;992;j
RS;sdiinc992j;p99.97p99.98;1991;0.0022;992;j
RS;sdiinc992j;p99.97p99.98;1992;0.0022;992;j
RS;sdiinc992j;p99.97p99.98;1993;0.0020999999;992;j
RS;sdiinc992j;p99.97p99.98;1994;0.0020999999;992;j
RS;sdiinc992j;p99.97p99.98;1995;0.0020000001;992;j
RS;sdiinc992j;p99.97p99.98;1996;0.0020000001;992;j
RS;sdiinc992j;p99.97p99.98;1997;0.0019;992;j
RS;sdiinc992j;p99.97p99.98;1998;0.0020000001;992;j
RS;sdiinc992j;p99.97p99.98;1999;0.0023000001;992;j
RS;sdiinc992j;p99.97p99.98;2000;0.0024999999;992;j
RS;sdiinc992j;p99.97p99.98;2001;0.0027000001;992;j
RS;sdiinc992j;p99.97p99.98;2002;0.0026;992;j
RS;sdiinc992j;p99.97p99.98;2003;0.0026;992;j
RS;sdiinc992j;p99.97p99.98;2004;0.0026;992;j
RS;sdiinc992j;p99.97p99.98;2005;0.0027999999;992;j
RS;sdiinc992j;p99.97p99.98;2006;0.0027000001;992;j
RS;sdiinc992j;p99.97p99.98;2007;0.0024999999;992;j
RS;sdiinc992j;p99.97p99.98;2008;0.0024000001;992;j
RS;sdiinc992j;p99.97p99.98;2009;0.0027000001;992;j
RS;sdiinc992j;p99.97p99.98;2010;0.0027000001;992;j
RS;sdiinc992j;p99.97p99.98;2011;0.0027000001;992;j
RS;sdiinc992j;p99.97p99.98;2012;0.0034;992;j
RS;sdiinc992j;p99.97p99.98;2013;0.0029;992;j
RS;sdiinc992j;p99.97p99.98;2014;0.0040000002;992;j
RS;sdiinc992j;p99.97p99.98;2015;0.0052999998;992;j
RS;sdiinc992j;p99.97p99.98;2016;0.0054000001;992;j
RS;sdiinc992j;p99.97p99.98;2017;0.0054000001;992;j
RS;sptinc992j;p11p100;1990;0.9853;992;j
RS;sptinc992j;p11p100;1991;0.98509997;992;j
RS;sptinc992j;p11p100;1992;0.98500001;992;j
RS;sptinc992j;p11p100;1993;0.98479998;992;j
RS;sptinc992j;p11p100;1994;0.98470002;992;j
RS;sptinc992j;p11p100;1995;0.98460001;992;j
RS;sptinc992j;p11p100;1996;0.98439997;992;j
RS;sptinc992j;p11p100;1997;0.98439997;992;j
RS;sptinc992j;p11p100;1998;0.98269999;992;j
RS;sptinc992j;p11p100;1999;0.9824;992;j
RS;sptinc992j;p11p100;2000;0.98269999;992;j
RS;sptinc992j;p11p100;2001;0.98250002;992;j
RS;sptinc992j;p11p100;2002;0.98549998;992;j
RS;sptinc992j;p11p100;2003;0.98640001;992;j
RS;sptinc992j;p11p100;2004;0.98760003;992;j
RS;sptinc992j;p11p100;2005;0.98869997;992;j
RS;sptinc992j;p11p100;2006;0.99010003;992;j
RS;sptinc992j;p11p100;2007;0.99129999;992;j
RS;sptinc992j;p11p100;2008;0.99269998;992;j
RS;sptinc992j;p11p100;2009;0.99360001;992;j
RS;sptinc992j;p11p100;2010;0.99409997;992;j
RS;sptinc992j;p11p100;2011;0.995;992;j
RS;sptinc992j;p11p100;2012;0.99519998;992;j
RS;sptinc992j;p11p100;2013;0.99610001;992;j
RS;sptinc992j;p11p100;2014;0.99599999;992;j
RS;sptinc992j;p11p100;2015;0.99599999;992;j
RS;sptinc992j;p11p100;2016;0.99599999;992;j
RS;sptinc992j;p11p100;2017;0.99599999;992;j
RS;sptinc992j;p13p100;1990;0.98040003;992;j
RS;sptinc992j;p13p100;1991;0.98019999;992;j
RS;sptinc992j;p13p100;1992;0.98009998;992;j
RS;sptinc992j;p13p100;1993;0.98000002;992;j
RS;sptinc992j;p13p100;1994;0.97979999;992;j
RS;sptinc992j;p13p100;1995;0.97970003;992;j
RS;sptinc992j;p13p100;1996;0.9795;992;j
RS;sptinc992j;p13p100;1997;0.97939998;992;j
RS;sptinc992j;p13p100;1998;0.9774;992;j
RS;sptinc992j;p13p100;1999;0.97710001;992;j
RS;sptinc992j;p13p100;2000;0.97750002;992;j
RS;sptinc992j;p13p100;2001;0.97719997;992;j
RS;sptinc992j;p13p100;2002;0.98079997;992;j
RS;sptinc992j;p13p100;2003;0.98199999;992;j
RS;sptinc992j;p13p100;2004;0.9835;992;j
RS;sptinc992j;p13p100;2005;0.98509997;992;j
RS;sptinc992j;p13p100;2006;0.98699999;992;j
RS;sptinc992j;p13p100;2007;0.9885;992;j
RS;sptinc992j;p13p100;2008;0.99040002;992;j
RS;sptinc992j;p13p100;2009;0.99169999;992;j
RS;sptinc992j;p13p100;2010;0.99229997;992;j
RS;sptinc992j;p13p100;2011;0.99349999;992;j
RS;sptinc992j;p13p100;2012;0.9939;992;j
RS;sptinc992j;p13p100;2013;0.99489999;992;j
RS;sptinc992j;p13p100;2014;0.99479997;992;j
RS;sptinc992j;p13p100;2015;0.99470001;992;j
RS;sptinc992j;p13p100;2016;0.99470001;992;j
RS;sptinc992j;p13p100;2017;0.99470001;992;j
RS;sptinc992j;p38p100;1990;0.87129998;992;j
RS;sptinc992j;p38p100;1991;0.8714;992;j
RS;sptinc992j;p38p100;1992;0.87159997;992;j
RS;sptinc992j;p38p100;1993;0.87169999;992;j
RS;sptinc992j;p38p100;1994;0.87190002;992;j
RS;sptinc992j;p38p100;1995;0.87199998;992;j
RS;sptinc992j;p38p100;1996;0.87199998;992;j
RS;sptinc992j;p38p100;1997;0.8721;992;j
RS;sptinc992j;p38p100;1998;0.86860001;992;j
RS;sptinc992j;p38p100;1999;0.86870003;992;j
RS;sptinc992j;p38p100;2000;0.87080002;992;j
RS;sptinc992j;p38p100;2001;0.87099999;992;j
RS;sptinc992j;p38p100;2002;0.87900001;992;j
RS;sptinc992j;p38p100;2003;0.88230002;992;j
RS;sptinc992j;p38p100;2004;0.8883;992;j
RS;sptinc992j;p38p100;2005;0.89380002;992;j
RS;sptinc992j;p38p100;2006;0.90009999;992;j
RS;sptinc992j;p38p100;2007;0.903;992;j
RS;sptinc992j;p38p100;2008;0.9091;992;j
RS;sptinc992j;p38p100;2009;0.91329998;992;j
RS;sptinc992j;p38p100;2010;0.91829997;992;j
RS;sptinc992j;p38p100;2011;0.92559999;992;j
RS;sptinc992j;p38p100;2012;0.92799997;992;j
RS;sptinc992j;p38p100;2013;0.92949998;992;j
RS;sptinc992j;p38p100;2014;0.93229997;992;j
RS;sptinc992j;p38p100;2015;0.9285;992;j
RS;sptinc992j;p38p100;2016;0.92839998;992;j
RS;sptinc992j;p38p100;2017;0.92860001;992;j
RS;sptinc992j;p70p100;1990;0.5887;992;j
RS;sptinc992j;p70p100;1991;0.59009999;992;j
RS;sptinc992j;p70p100;1992;0.59140003;992;j
RS;sptinc992j;p70p100;1993;0.5927;992;j
RS;sptinc992j;p70p100;1994;0.5941;992;j
RS;sptinc992j;p70p100;1995;0.59549999;992;j
RS;sptinc992j;p70p100;1996;0.59640002;992;j
RS;sptinc992j;p70p100;1997;0.59729999;992;j
RS;sptinc992j;p70p100;1998;0.59689999;992;j
RS;sptinc992j;p70p100;1999;0.5984;992;j
RS;sptinc992j;p70p100;2000;0.60420001;992;j
RS;sptinc992j;p70p100;2001;0.6063;992;j
RS;sptinc992j;p70p100;2002;0.6146;992;j
RS;sptinc992j;p70p100;2003;0.61849999;992;j
RS;sptinc992j;p70p100;2004;0.62840003;992;j
RS;sptinc992j;p70p100;2005;0.63690001;992;j
RS;sptinc992j;p70p100;2006;0.64310002;992;j
RS;sptinc992j;p70p100;2007;0.64319998;992;j
RS;sptinc992j;p70p100;2008;0.64950001;992;j
RS;sptinc992j;p70p100;2009;0.65439999;992;j
RS;sptinc992j;p70p100;2010;0.66409999;992;j
RS;sptinc992j;p70p100;2011;0.67470002;992;j
RS;sptinc992j;p70p100;2012;0.67619997;992;j
RS;sptinc992j;p70p100;2013;0.67369998;992;j
RS;sptinc992j;p70p100;2014;0.68370003;992;j
RS;sptinc992j;p70p100;2015;0.67540002;992;j
RS;sptinc992j;p70p100;2016;0.67549998;992;j
RS;sptinc992j;p70p100;2017;0.67580003;992;j
RS;sptinc992j;p89p90;1990;0.0176;992;j
RS;sptinc992j;p89p90;1991;0.0176;992;j
RS;sptinc992j;p89p90;1992;0.0175;992;j
RS;sptinc992j;p89p90;1993;0.0175;992;j
RS;sptinc992j;p89p90;1994;0.0175;992;j
RS;sptinc992j;p89p90;1995;0.0175;992;j
RS;sptinc992j;p89p90;1996;0.0175;992;j
RS;sptinc992j;p89p90;1997;0.0175;992;j
RS;sptinc992j;p89p90;1998;0.0175;992;j
RS;sptinc992j;p89p90;1999;0.0173;992;j
RS;sptinc992j;p89p90;2000;0.017200001;992;j
RS;sptinc992j;p89p90;2001;0.017100001;992;j
RS;sptinc992j;p89p90;2002;0.0173;992;j
RS;sptinc992j;p89p90;2003;0.0175;992;j
RS;sptinc992j;p89p90;2004;0.0178;992;j
RS;sptinc992j;p89p90;2005;0.018300001;992;j
RS;sptinc992j;p89p90;2006;0.0185;992;j
RS;sptinc992j;p89p90;2007;0.0188;992;j
RS;sptinc992j;p89p90;2008;0.0189;992;j
RS;sptinc992j;p89p90;2009;0.019200001;992;j
RS;sptinc992j;p89p90;2010;0.019400001;992;j
RS;sptinc992j;p89p90;2011;0.0197;992;j
RS;sptinc992j;p89p90;2012;0.0197;992;j
RS;sptinc992j;p89p90;2013;0.0196;992;j
RS;sptinc992j;p89p90;2014;0.019300001;992;j
RS;sptinc992j;p89p90;2015;0.019400001;992;j
RS;sptinc992j;p89p90;2016;0.019400001;992;j
RS;sptinc992j;p89p90;2017;0.019400001;992;j
RS;sptinc992j;p99.92p100;1990;0.0242;992;j
RS;sptinc992j;p99.92p100;1991;0.024900001;992;j
RS;sptinc992j;p99.92p100;1992;0.0255;992;j
RS;sptinc992j;p99.92p100;1993;0.0263;992;j
RS;sptinc992j;p99.92p100;1994;0.026799999;992;j
RS;sptinc992j;p99.92p100;1995;0.0275;992;j
RS;sptinc992j;p99.92p100;1996;0.028100001;992;j
RS;sptinc992j;p99.92p100;1997;0.0288;992;j
RS;sptinc992j;p99.92p100;1998;0.0285;992;j
RS;sptinc992j;p99.92p100;1999;0.0307;992;j
RS;sptinc992j;p99.92p100;2000;0.032900002;992;j
RS;sptinc992j;p99.92p100;2001;0.035300002;992;j
RS;sptinc992j;p99.92p100;2002;0.034600001;992;j
RS;sptinc992j;p99.92p100;2003;0.0339;992;j
RS;sptinc992j;p99.92p100;2004;0.034899998;992;j
RS;sptinc992j;p99.92p100;2005;0.034000002;992;j
RS;sptinc992j;p99.92p100;2006;0.034400001;992;j
RS;sptinc992j;p99.92p100;2007;0.031800002;992;j
RS;sptinc992j;p99.92p100;2008;0.032499999;992;j
RS;sptinc992j;p99.92p100;2009;0.032200001;992;j
RS;sptinc992j;p99.92p100;2010;0.031800002;992;j
RS;sptinc992j;p99.92p100;2011;0.033500001;992;j
RS;sptinc992j;p99.92p100;2012;0.0276;992;j
RS;sptinc992j;p99.92p100;2013;0.0294;992;j
RS;sptinc992j;p99.92p100;2014;0.043299999;992;j
RS;sptinc992j;p99.92p100;2015;0.041900001;992;j
RS;sptinc992j;p99.92p100;2016;0.041900001;992;j
RS;sptinc992j;p99.92p100;2017;0.041999999;992;j
RS;tcainc992j;p12p13;1990;129721.9;992;j
RS;tcainc992j;p12p13;1991;114484.0;992;j
RS;tcainc992j;p12p13;1992;80066.703;992;j
RS;tcainc992j;p12p13;1993;52973.301;992;j
RS;tcainc992j;p12p13;1994;55669.699;992;j
RS;tcainc992j;p12p13;1995;59611.5;992;j
RS;tcainc992j;p12p13;1996;61669.602;992;j
RS;tcainc992j;p12p13;1997;66292.0;992;j
RS;tcainc992j;p12p13;1998;80079.5;992;j
RS;tcainc992j;p12p13;1999;91401.297;992;j
RS;tcainc992j;p12p13;2000;96196.898;992;j
RS;tcainc992j;p12p13;2001;92771.398;992;j
RS;tcainc992j;p12p13;2002;85191.203;992;j
RS;tcainc992j;p12p13;2003;83233.297;992;j
RS;tcainc992j;p12p13;2004;83850.398;992;j
RS;tcainc992j;p12p13;2005;85582.797;992;j
RS;tcainc992j;p12p13;2006;79203.297;992;j
RS;tcainc992j;p12p13;2007;69546.398;992;j
RS;tcainc992j;p12p13;2008;69696.797;992;j
RS;tcainc992j;p12p13;2009;67904.297;992;j
RS;tcainc992j;p12p13;2010;55085.699;992;j
RS;tcainc992j;p12p13;2011;46482.398;992;j
RS;tcainc992j;p12p13;2012;38146.5;992;j
RS;tcainc992j;p12p13;2013;53853.0;992;j
RS;tcainc992j;p12p13;2014;90726.703;992;j
RS;tcainc992j;p12p13;2015;66347.797;992;j
RS;tcainc992j;p12p13;2016;68982.398;992;j
RS;tcainc992j;p12p13;2017;68888.898;992;j
RS;tcainc992j;p79p100;1990;727694.13;992;j
RS;tcainc992j;p79p100;1991;630282.69;992;j
RS;tcainc992j;p79p100;1992;430449.0;992;j
RS;tcainc992j;p79p100;1993;277885.81;992;j
RS;tcainc992j;p79p100;1994;284818.19;992;j
RS;tcainc992j;p79p100;1995;299174.0;992;j
RS;tcainc992j;p79p100;1996;300920.09;992;j
RS;tcainc992j;p79p100;1997;316663.91;992;j
RS;tcainc992j;p79p100;1998;341899.31;992;j
RS;tcainc992j;p79p100;1999;386263.41;992;j
RS;tcainc992j;p79p100;2000;415540.91;992;j
RS;tcainc992j;p79p100;2001;400848.19;992;j
RS;tcainc992j;p79p100;2002;426491.5;992;j
RS;tcainc992j;p79p100;2003;450266.5;992;j
RS;tcainc992j;p79p100;2004;545897.63;992;j
RS;tcainc992j;p79p100;2005;621475.13;992;j
RS;tcainc992j;p79p100;2006;656693.88;992;j
RS;tcainc992j;p79p100;2007;663150.31;992;j
RS;tcainc992j;p79p100;2008;720398.0;992;j
RS;tcainc992j;p79p100;2009;706582.19;992;j
RS;tcainc992j;p79p100;2010;713673.19;992;j
RS;tcainc992j;p79p100;2011;724329.63;992;j
RS;tcainc992j;p79p100;2012;720874.88;992;j
RS;tcainc992j;p79p100;2013;755500.69;992;j
RS;tcainc992j;p79p100;2014;692214.31;992;j
RS;tcainc992j;p79p100;2015;684218.13;992;j
RS;tcainc992j;p79p100;2016;709281.31;992;j
RS;tcainc992j;p79p100;2017;709868.0;992;j
RS;tcainc992j;p94p95;1990;1065902.1;992;j
RS;tcainc992j;p94p95;1991;925494.88;992;j
RS;tcainc992j;p94p95;1992;634521.81;992;j
RS;tcainc992j;p94p95;1993;411290.31;992;j
RS;tcainc992j;p94p95;1994;423146.59;992;j
RS;tcainc992j;p94p95;1995;446020.19;992;j
RS;tcainc992j;p94p95;1996;448738.0;992;j
RS;tcainc992j;p94p95;1997;472573.81;992;j
RS;tcainc992j;p94p95;1998;520192.09;992;j
RS;tcainc992j;p94p95;1999;591484.19;992;j
RS;tcainc992j;p94p95;2000;645931.88;992;j
RS;tcainc992j;p94p95;2001;628635.63;992;j
RS;tcainc992j;p94p95;2002;671418.88;992;j
RS;tcainc992j;p94p95;2003;715971.31;992;j
RS;tcainc992j;p94p95;2004;876636.81;992;j
RS;tcainc992j;p94p95;2005;1012652.7;992;j
RS;tcainc992j;p94p95;2006;1092840.4;992;j
RS;tcainc992j;p94p95;2007;1104689.3;992;j
RS;tcainc992j;p94p95;2008;1201075.8;992;j
RS;tcainc992j;p94p95;2009;1186539.1;992;j
RS;tcainc992j;p94p95;2010;1230882.4;992;j
RS;tcainc992j;p94p95;2011;1274852.0;992;j
RS;tcainc992j;p94p95;2012;1227770.0;992;j
RS;tcainc992j;p94p95;2013;1281137.6;992;j
RS;tcainc992j;p94p95;2014;1169311.0;992;j
RS;tcainc992j;p94p95;2015;1158322.3;992;j
RS;tcainc992j;p94p95;2016;1201334.8;992;j
RS;tcainc992j;p94p95;2017;1202494.3;992;j
RS;tdiinc992j;p17p18;1990;259936.7;992;j
RS;tdiinc992j;p17p18;1991;228201.7;992;j
RS;tdiinc992j;p17p18;1992;158585.91;992;j
RS;tdiinc992j;p17p18;1993;104187.8;992;j
RS;tdiinc992j;p17p18;1994;108598.6;992;j
RS;tdiinc992j;p17p18;1995;116111.5;992;j
RS;tdiinc992j;p17p18;1996;118970.7;992;j
RS;tdiinc992j;p17p18;1997;128295.8;992;j
RS;tdiinc992j;p17p18;1998;140763.91;992;j
RS;tdiinc992j;p17p18;1999;154377.41;992;j
RS;tdiinc992j;p17p18;2000;167425.59;992;j
RS;tdiinc992j;p17p18;2001;163846.5;992;j
RS;tdiinc992j;p17p18;2002;165588.2;992;j
RS;tdiinc992j;p17p18;2003;173899.3;992;j
RS;tdiinc992j;p17p18;2004;176724.91;992;j
RS;tdiinc992j;p17p18;2005;189371.09;992;j
RS;tdiinc992j;p17p18;2006;181587.8;992;j
RS;tdiinc992j;p17p18;2007;184911.09;992;j
RS;tdiinc992j;p17p18;2008;188828.8;992;j
RS;tdiinc992j;p17p18;2009;182534.7;992;j
RS;tdiinc992j;p17p18;2010;164008.0;992;j
RS;tdiinc992j;p17p18;2011;147206.09;992;j
RS;tdiinc992j;p17p18;2012;143926.41;992;j
RS;tdiinc992j;p17p18;2013;139817.5;992;j
RS;tdiinc992j;p17p18;2014;178783.09;992;j
RS;tdiinc992j;p17p18;2015;150391.2;992;j
RS;tdiinc992j;p17p18;2016;148129.91;992;j
RS;tdiinc992j;p17p18;2017;148112.3;992;j
RS;tdiinc992j;p29p30;1990;410522.41;992;j
RS;tdiinc992j;p29p30;1991;359403.69;992;j
RS;tdiinc992j;p29p30;1992;249516.3;992;j
RS;tdiinc992j;p29p30;1993;163066.3;992;j
RS;tdiinc992j;p29p30;1994;169499.8;992;j
RS;tdiinc992j;p29p30;1995;180540.8;992;j
RS;tdiinc992j;p29p30;1996;183926.5;992;j
RS;tdiinc992j;p29p30;1997;197087.09;992;j
RS;tdiinc992j;p29p30;1998;205610.3;992;j
RS;tdiinc992j;p29p30;1999;221621.2;992;j
RS;tdiinc992j;p29p30;2000;244381.41;992;j
RS;tdiinc992j;p29p30;2001;244547.09;992;j
RS;tdiinc992j;p29p30;2002;259739.91;992;j
RS;tdiinc992j;p29p30;2003;267705.81;992;j
RS;tdiinc992j;p29p30;2004;292556.91;992;j
RS;tdiinc992j;p29p30;2005;321203.31;992;j
RS;tdiinc992j;p29p30;2006;327407.41;992;j
RS;tdiinc992j;p29p30;2007;339186.09;992;j
RS;tdiinc992j;p29p30;2008;350417.81;992;j
RS;tdiinc992j;p29p30;2009;334518.5;992;j
RS;tdiinc992j;p29p30;2010;316713.69;992;j
RS;tdiinc992j;p29p30;2011;298203.0;992;j
RS;tdiinc992j;p29p30;2012;301467.91;992;j
RS;tdiinc992j;p29p30;2013;285988.81;992;j
RS;tdiinc992j;p29p30;2014;302452.69;992;j
RS;tdiinc992j;p29p30;2015;285818.19;992;j
RS;tdiinc992j;p29p30;2016;289418.91;992;j
RS;tdiinc992j;p29p30;2017;290533.81;992;j
RS;tdiinc992j;p35p36;1990;477348.69;992;j
RS;tdiinc992j;p35p36;1991;415938.59;992;j
RS;tdiinc992j;p35p36;1992;286014.5;992;j
RS;tdiinc992j;p35p36;1993;186228.0;992;j
RS;tdiinc992j;p35p36;1994;192323.59;992;j
RS;tdiinc992j;p35p36;1995;203589.59;992;j
RS;tdiinc992j;p35p36;1996;206374.2;992;j
RS;tdiinc992j;p35p36;1997;220220.59;992;j
RS;tdiinc992j;p35p36;1998;225019.41;992;j
RS;tdiinc992j;p35p36;1999;244081.5;992;j
RS;tdiinc992j;p35p36;2000;268165.0;992;j
RS;tdiinc992j;p35p36;2001;264920.91;992;j
RS;tdiinc992j;p35p36;2002;284085.59;992;j
RS;tdiinc992j;p35p36;2003;297435.19;992;j
RS;tdiinc992j;p35p36;2004;328045.91;992;j
RS;tdiinc992j;p35p36;2005;358578.59;992;j
RS;tdiinc992j;p35p36;2006;372569.69;992;j
RS;tdiinc992j;p35p36;2007;381299.41;992;j
RS;tdiinc992j;p35p36;2008;400565.91;992;j
RS;tdiinc992j;p35p36;2009;386215.09;992;j
RS;tdiinc992j;p35p36;2010;377015.5;992;j
RS;tdiinc992j;p35p36;2011;368311.09;992;j
RS;tdiinc992j;p35p36;2012;360364.91;992;j
RS;tdiinc992j;p35p36;2013;357879.31;992;j
RS;tdiinc992j;p35p36;2014;356615.0;992;j
RS;tdiinc992j;p35p36;2015;351483.19;992;j
RS;tdiinc992j;p35p36;2016;358064.0;992;j
RS;tdiinc992j;p35p36;2017;359519.0;992;j
RS;tdiinc992j;p42p43;1990;543011.88;992;j
RS;tdiinc992j;p42p43;1991;472652.81;992;j
RS;tdiinc992j;p42p43;1992;324449.81;992;j
RS;tdiinc992j;p42p43;1993;210657.0;992;j
RS;tdiinc992j;p42p43;1994;217431.3;992;j
RS;tdiinc992j;p42p43;1995;229654.8;992;j
RS;tdiinc992j;p42p43;1996;232216.8;992;j
RS;tdiinc992j;p42p43;1997;247057.91;992;j
RS;tdiinc992j;p42p43;1998;252946.2;992;j
RS;tdiinc992j;p42p43;1999;274696.0;992;j
RS;tdiinc992j;p42p43;2000;301195.59;992;j
RS;tdiinc992j;p42p43;2001;300027.09;992;j
RS;tdiinc992j;p42p43;2002;321317.09;992;j
RS;tdiinc992j;p42p43;2003;336284.0;992;j
RS;tdiinc992j;p42p43;2004;373611.41;992;j
RS;tdiinc992j;p42p43;2005;407529.5;992;j
RS;tdiinc992j;p42p43;2006;424536.19;992;j
RS;tdiinc992j;p42p43;2007;437217.91;992;j
RS;tdiinc992j;p42p43;2008;462344.41;992;j
RS;tdiinc992j;p42p43;2009;449042.19;992;j
RS;tdiinc992j;p42p43;2010;439670.41;992;j
RS;tdiinc992j;p42p43;2011;432890.41;992;j
RS;tdiinc992j;p42p43;2012;424703.41;992;j
RS;tdiinc992j;p42p43;2013;431904.41;992;j
RS;tdiinc992j;p42p43;2014;424658.5;992;j
RS;tdiinc992j;p42p43;2015;419485.31;992;j
RS;tdiinc992j;p42p43;2016;429043.31;992;j
RS;tdiinc992j;p42p43;2017;431169.41;992;j
RS;tptinc992j;p12p13;1990;178135.0;992;j
RS;tptinc992j;p12p13;1991;155483.8;992;j
RS;tptinc992j;p12p13;1992;106613.5;992;j
RS;tptinc992j;p12p13;1993;69334.0;992;j
RS;tptinc992j;p12p13;1994;71646.797;992;j
RS;tptinc992j;p12p13;1995;75935.898;992;j
RS;tptinc992j;p12p13;1996;76799.703;992;j
RS;tptinc992j;p12p13;1997;81679.703;992;j
RS;tptinc992j;p12p13;1998;92026.898;992;j
RS;tptinc992j;p12p13;1999;100323.6;992;j
RS;tptinc992j;p12p13;2000;108698.0;992;j
RS;tptinc992j;p12p13;2001;109655.0;992;j
RS;tptinc992j;p12p13;2002;105054.3;992;j
RS;tptinc992j;p12p13;2003;105187.2;992;j
RS;tptinc992j;p12p13;2004;106906.6;992;j
RS;tptinc992j;p12p13;2005;106492.1;992;j
RS;tptinc992j;p12p13;2006;96854.5;992;j
RS;tptinc992j;p12p13;2007;89100.0;992;j
RS;tptinc992j;p12p13;2008;79423.0;992;j
RS;tptinc992j;p12p13;2009;65731.0;992;j
RS;tptinc992j;p12p13;2010;59048.602;992;j
RS;tptinc992j;p12p13;2011;50099.602;992;j
RS;tptinc992j;p12p13;2012;47321.398;992;j
RS;tptinc992j;p12p13;2013;43959.398;992;j
RS;tptinc992j;p12p13;2014;41569.199;992;j
RS;tptinc992j;p12p13;2015;44787.801;992;j
RS;tptinc992j;p12p13;2016;46287.199;992;j
RS;tptinc992j;p12p13;2017;46085.398;992;j
RS;tptinc992j;p48p100;1990;575110.81;992;j
RS;tptinc992j;p48p100;1991;496916.19;992;j
RS;tptinc992j;p48p100;1992;338780.31;992;j
RS;tptinc992j;p48p100;1993;218880.41;992;j
RS;tptinc992j;p48p100;1994;224146.59;992;j
RS;tptinc992j;p48p100;1995;235700.5;992;j
RS;tptinc992j;p48p100;1996;237069.7;992;j
RS;tptinc992j;p48p100;1997;250631.8;992;j
RS;tptinc992j;p48p100;1998;257565.8;992;j
RS;tptinc992j;p48p100;1999;281101.09;992;j
RS;tptinc992j;p48p100;2000;305172.0;992;j
RS;tptinc992j;p48p100;2001;303429.0;992;j
RS;tptinc992j;p48p100;2002;323257.09;992;j
RS;tptinc992j;p48p100;2003;338103.59;992;j
RS;tptinc992j;p48p100;2004;374509.5;992;j
RS;tptinc992j;p48p100;2005;410029.81;992;j
RS;tptinc992j;p48p100;2006;431968.81;992;j
RS;tptinc992j;p48p100;2007;451335.5;992;j
RS;tptinc992j;p48p100;2008;477279.69;992;j
RS;tptinc992j;p48p100;2009;466741.81;992;j
RS;tptinc992j;p48p100;2010;456265.69;992;j
RS;tptinc992j;p48p100;2011;450144.81;992;j
RS;tptinc992j;p48p100;2012;447744.5;992;j
RS;tptinc992j;p48p100;2013;465586.59;992;j
RS;tptinc992j;p48p100;2014;441979.41;992;j
RS;tptinc992j;p48p100;2015;457134.81;992;j
RS;tptinc992j;p48p100;2016;471032.09;992;j
RS;tptinc992j;p48p100;2017;473633.41;992;j
RS;tptinc992j;p52p53;1990;620405.31;992;j
RS;tptinc992j;p52p53;1991;536462.38;992;j
RS;tptinc992j;p52p53;1992;365643.5;992;j
RS;tptinc992j;p52p53;1993;235865.59;992;j
RS;tptinc992j;p52p53;1994;241752.7;992;j
RS;tptinc992j;p52p53;1995;254004.09;992;j
RS;tptinc992j;p52p53;1996;255201.7;992;j
RS;tptinc992j;p52p53;1997;269720.59;992;j
RS;tptinc992j;p52p53;1998;280037.81;992;j
RS;tptinc992j;p52p53;1999;306268.41;992;j
RS;tptinc992j;p52p53;2000;331821.91;992;j
RS;tptinc992j;p52p53;2001;329578.91;992;j
RS;tptinc992j;p52p53;2002;352970.41;992;j
RS;tptinc992j;p52p53;2003;370741.69;992;j
RS;tptinc992j;p52p53;2004;410289.09;992;j
RS;tptinc992j;p52p53;2005;451959.59;992;j
RS;tptinc992j;p52p53;2006;476198.69;992;j
RS;tptinc992j;p52p53;2007;495004.59;992;j
RS;tptinc992j;p52p53;2008;525520.31;992;j
RS;tptinc992j;p52p53;2009;514003.59;992;j
RS;tptinc992j;p52p53;2010;503577.81;992;j
RS;tptinc992j;p52p53;2011;498886.19;992;j
RS;tptinc992j;p52p53;2012;502205.81;992;j
RS;tptinc992j;p52p53;2013;522611.5;992;j
RS;tptinc992j;p52p53;2014;493513.69;992;j
RS;tptinc992j;p52p53;2015;509259.69;992;j
RS;tptinc992j;p52p53;2016;524790.88;992;j
RS;tptinc992j;p52p53;2017;527532.63;992;j
RS;acainc992j;p20p21;1990;196671.8;992;j
RS;acainc992j;p20p21;1991;174229.7;992;j
RS;acainc992j;p20p21;1992;121775.5;992;j
RS;acainc992j;p20p21;1993;80465.602;992;j
RS;acainc992j;p20p21;1994;84418.797;992;j
RS;acainc992j;p20p21;1995;90680.5;992;j
RS;acainc992j;p20p21;1996;93201.297;992;j
RS;acainc992j;p20p21;1997;100223.5;992;j
RS;acainc992j;p20p21;1998;115988.9;992;j
RS;acainc992j;p20p21;1999;130765.2;992;j
RS;acainc992j;p20p21;2000;142012.0;992;j
RS;acainc992j;p20p21;2001;138791.41;992;j
RS;acainc992j;p20p21;2002;134697.5;992;j
RS;acainc992j;p20p21;2003;137681.91;992;j
RS;acainc992j;p20p21;2004;151617.5;992;j
RS;acainc992j;p20p21;2005;169855.5;992;j
RS;acainc992j;p20p21;2006;164707.2;992;j
RS;acainc992j;p20p21;2007;162144.59;992;j
RS;acainc992j;p20p21;2008;165806.09;992;j
RS;acainc992j;p20p21;2009;146823.0;992;j
RS;acainc992j;p20p21;2010;131003.5;992;j
RS;acainc992j;p20p21;2011;116700.6;992;j
RS;acainc992j;p20p21;2012;119625.1;992;j
RS;acainc992j;p20p21;2013;95102.602;992;j
RS;acainc992j;p20p21;2014;127529.2;992;j
RS;acainc992j;p20p21;2015;105527.7;992;j
RS;acainc992j;p20p21;2016;109701.0;992;j
RS;acainc992j;p20p21;2017;109468.0;992;j
RS;acainc992j;p53p54;1990;458447.69;992;j
RS;acainc992j;p53p54;1991;399196.19;992;j
RS;acainc992j;p53p54;1992;273772.19;992;j
RS;acainc992j;p53p54;1993;177660.3;992;j
RS;acainc992j;p53p54;1994;182998.59;992;j
RS;acainc992j;p53p54;1995;193102.7;992;j
RS;acainc992j;p53p54;1996;195002.41;992;j
RS;acainc992j;p53p54;1997;206109.3;992;j
RS;acainc992j;p53p54;1998;223333.91;992;j
RS;acainc992j;p53p54;1999;252653.59;992;j
RS;acainc992j;p53p54;2000;272045.69;992;j
RS;acainc992j;p53p54;2001;264176.31;992;j
RS;acainc992j;p53p54;2002;274271.59;992;j
RS;acainc992j;p53p54;2003;287643.5;992;j
RS;acainc992j;p53p54;2004;341140.5;992;j
RS;acainc992j;p53p54;2005;383821.09;992;j
RS;acainc992j;p53p54;2006;401646.69;992;j
RS;acainc992j;p53p54;2007;402364.19;992;j
RS;acainc992j;p53p54;2008;429085.81;992;j
RS;acainc992j;p53p54;2009;419855.19;992;j
RS;acainc992j;p53p54;2010;416102.31;992;j
RS;acainc992j;p53p54;2011;416087.91;992;j
RS;acainc992j;p53p54;2012;411976.41;992;j
RS;acainc992j;p53p54;2013;419598.91;992;j
RS;acainc992j;p53p54;2014;404892.0;992;j
RS;acainc992j;p53p54;2015;400357.0;992;j
RS;acainc992j;p53p54;2016;415157.0;992;j
RS;acainc992j;p53p54;2017;415408.19;992;j
RS;acainc992j;p6p7;1990;82567.203;992;j
RS;acainc992j;p6p7;1991;71278.703;992;j
RS;acainc992j;p6p7;1992;48763.398;992;j
RS;acainc992j;p6p7;1993;32093.699;992;j
RS;acainc992j;p6p7;1994;33857.5;992;j
RS;acainc992j;p6p7;1995;36539.5;992;j
RS;acainc992j;p6p7;1996;37896.102;992;j
RS;acainc992j;p6p7;1997;40616.898;992;j
RS;acainc992j;p6p7;1998;48584.898;992;j
RS;acainc992j;p6p7;1999;57334.699;992;j
RS;acainc992j;p6p7;2000;58267.602;992;j
RS;acainc992j;p6p7;2001;55575.199;992;j
RS;acainc992j;p6p7;2002;43536.5;992;j
RS;acainc992j;p6p7;2003;46715.801;992;j
RS;acainc992j;p6p7;2004;46859.0;992;j
RS;acainc992j;p6p7;2005;48220.199;992;j
RS;acainc992j;p6p7;2006;40203.199;992;j
RS;acainc992j;p6p7;2007;30799.0;992;j
RS;acainc992j;p6p7;2008;34304.602;992;j
RS;acainc992j;p6p7;2009;36817.5;992;j
RS;acainc992j;p6p7;2010;31746.9;992;j
RS;acainc992j;p6p7;2011;26588.199;992;j
RS;acainc992j;p6p7;2012;21987.801;992;j
RS;acainc992j;p6p7;2013;42836.898;992;j
RS;acainc992j;p6p7;2014;79818.0;992;j
RS;acainc992j;p6p7;2015;55720.199;992;j
RS;acainc992j;p6p7;2016;57869.602;992;j
RS;acainc992j;p6p7;2017;57802.699;992;j
RS;acainc992j;p99.96p100;1990;21397488.0;992;j
RS;acainc992j;p99.96p100;1991;17623890.0;992;j
RS;acainc992j;p99.96p100;1992;11285829.0;992;j
RS;acainc992j;p99.96p100;1993;7020146.5;992;j
RS;acainc992j;p99.96p100;1994;7021707.0;992;j
RS;acainc992j;p99.96p100;1995;7230246.5;992;j
RS;acainc992j;p99.96p100;1996;7023788.5;992;j
RS;acainc992j;p99.96p100;1997;7124210.0;992;j
RS;acainc992j;p99.96p100;1998;8252012.0;992;j
RS;acainc992j;p99.96p100;1999;11122118.0;992;j
RS;acainc992j;p99.96p100;2000;12878148.0;992;j
RS;acainc992j;p99.96p100;2001;14219941.0;992;j
RS;acainc992j;p99.96p100;2002;14283441.0;992;j
RS;acainc992j;p99.96p100;2003;14939382.0;992;j
RS;acainc992j;p99.96p100;2004;18137850.0;992;j
RS;acainc992j;p99.96p100;2005;22132612.0;992;j
RS;acainc992j;p99.96p100;2006;22049476.0;992;j
RS;acainc992j;p99.96p100;2007;19602936.0;992;j
RS;acainc992j;p99.96p100;2008;19080646.0;992;j
RS;acainc992j;p99.96p100;2009;22361414.0;992;j
RS;acainc992j;p99.96p100;2010;21803434.0;992;j
RS;acainc992j;p99.96p100;2011;21799272.0;992;j
RS;acainc992j;p99.96p100;2012;31147158.0;992;j
RS;acainc992j;p99.96p100;2013;25251824.0;992;j
RS;acainc992j;p99.96p100;2014;42386660.0;992;j
RS;acainc992j;p99.96p100;2015;66200280.0;992;j
RS;acainc992j;p99.96p100;2016;68700440.0;992;j
RS;acainc992j;p99.96p100;2017;68885024.0;992;j
RS;acainc992j;p99.9p100;1990;13192520.0;992;j
RS;acainc992j;p99.9p100;1991;10977926.0;992;j
RS;acainc992j;p99.9p100;1992;7133592.0;992;j
RS;acainc992j;p99.9p100;1993;4483982.5;992;j
RS;acainc992j;p99.9p100;1994;4516083.0;992;j
RS;acainc992j;p99.9p100;1995;4678336.5;992;j
RS;acainc992j;p99.9p100;1996;4574673.5;992;j
RS;acainc992j;p99.9p100;1997;4673529.5;992;j
RS;acainc992j;p99.9p100;1998;5372105.5;992;j
RS;acainc992j;p99.9p100;1999;7041454.0;992;j
RS;acainc992j;p99.9p100;2000;8156164.0;992;j
RS;acainc992j;p99.9p100;2001;8822219.0;992;j
RS;acainc992j;p99.9p100;2002;9010904.0;992;j
RS;acainc992j;p99.9p100;2003;9413018.0;992;j
RS;acainc992j;p99.9p100;2004;11416610.0;992;j
RS;acainc992j;p99.9p100;2005;13801244.0;992;j
RS;acainc992j;p99.9p100;2006;14039824.0;992;j
RS;acainc992j;p99.9p100;2007;12765553.0;992;j
RS;acainc992j;p99.9p100;2008;12733157.0;992;j
RS;acainc992j;p99.9p100;2009;14455473.0;992;j
RS;acainc992j;p99.9p100;2010;14303759.0;992;j
RS;acainc992j;p99.9p100;2011;14430196.0;992;j
RS;acainc992j;p99.9p100;2012;19228462.0;992;j
RS;acainc992j;p99.9p100;2013;16295298.0;992;j
RS;acainc992j;p99.9p100;2014;24522254.0;992;j
RS;acainc992j;p99.9p100;2015;35926856.0;992;j
RS;acainc992j;p99.9p100;2016;37278688.0;992;j
RS;acainc992j;p99.9p100;2017;37368896.0;992;j
RS;aconho992i;p0p100;1997;285853.7;992;i
RS;aconho992i;p0p100;1998;319730.6;992;i
RS;aconho992i;p0p100;1999;360058.7;992;i
RS;aconho992i;p0p100;2000;384775.8;992;i
RS;aconho992i;p0p100;2001;434548.1;992;i
RS;aconho992i;p0p100;2002;472066.2;992;i
RS;aconho992i;p0p100;2003;468344.8;992;i
RS;aconho992i;p0p100;2004;489418.8;992;i
RS;aconho992i;p0p100;2005;536793.5;992;i
RS;aconho992i;p0p100;2006;564162.0;992;i
RS;aconho992i;p0p100;2007;590837.9;992;i
RS;aconho992i;p0p100;2008;633397.2;992;i
RS;aconho992i;p0p100;2009;639529.1;992;i
RS;aconho992i;p0p100;2010;647376.8;992;i
RS;aconho992i;p0p100;2011;628232.7;992;i
RS;adiinc992j;p19p100;1990;862337.31;992;j
RS;adiinc992j;p19p100;1991;748325.0;992;j
RS;adiinc992j;p19p100;1992;512123.19;992;j
RS;adiinc992j;p19p100;1993;331869.31;992;j
RS;adiinc992j;p19p100;1994;341533.5;992;j
RS;adiinc992j;p19p100;1995;360189.91;992;j
RS;adiinc992j;p19p100;1996;362809.0;992;j
RS;adiinc992j;p19p100;1997;384224.81;992;j
RS;adiinc992j;p19p100;1998;403365.0;992;j
RS;adiinc992j;p19p100;1999;442117.5;992;j
RS;adiinc992j;p19p100;2000;486421.41;992;j
RS;adiinc992j;p19p100;2001;485858.69;992;j
RS;adiinc992j;p19p100;2002;525561.13;992;j
RS;adiinc992j;p19p100;2003;552466.63;992;j
RS;adiinc992j;p19p100;2004;625154.88;992;j
RS;adiinc992j;p19p100;2005;698568.31;992;j
RS;adiinc992j;p19p100;2006;739918.88;992;j
RS;adiinc992j;p19p100;2007;764547.19;992;j
RS;adiinc992j;p19p100;2008;814653.13;992;j
RS;adiinc992j;p19p100;2009;800498.69;992;j
RS;adiinc992j;p19p100;2010;804755.13;992;j
RS;adiinc992j;p19p100;2011;810153.13;992;j
RS;adiinc992j;p19p100;2012;810018.5;992;j
RS;adiinc992j;p19p100;2013;826231.38;992;j
RS;adiinc992j;p19p100;2014;799387.63;992;j
RS;adiinc992j;p19p100;2015;811800.81;992;j
RS;adiinc992j;p19p100;2016;838620.81;992;j
RS;adiinc992j;p19p100;2017;843785.31;992;j
RS;adiinc992j;p65p66;1990;800876.13;992;j
RS;adiinc992j;p65p66;1991;694360.13;992;j
RS;adiinc992j;p65p66;1992;474678.69;992;j
RS;adiinc992j;p65p66;1993;307002.0;992;j
RS;adiinc992j;p65p66;1994;315377.41;992;j
RS;adiinc992j;p65p66;1995;332060.59;992;j
RS;adiinc992j;p65p66;1996;334467.59;992;j
RS;adiinc992j;p65p66;1997;354330.69;992;j
RS;adiinc992j;p65p66;1998;371108.09;992;j
RS;adiinc992j;p65p66;1999;402735.91;992;j
RS;adiinc992j;p65p66;2000;436005.09;992;j
RS;adiinc992j;p65p66;2001;433380.81;992;j
RS;adiinc992j;p65p66;2002;470094.59;992;j
RS;adiinc992j;p65p66;2003;493183.31;992;j
RS;adiinc992j;p65p66;2004;556830.69;992;j
RS;adiinc992j;p65p66;2005;613765.13;992;j
RS;adiinc992j;p65p66;2006;649258.31;992;j
RS;adiinc992j;p65p66;2007;674017.69;992;j
RS;adiinc992j;p65p66;2008;719534.19;992;j
RS;adiinc992j;p65p66;2009;701305.19;992;j
RS;adiinc992j;p65p66;2010;699065.5;992;j
RS;adiinc992j;p65p66;2011;699122.13;992;j
RS;adiinc992j;p65p66;2012;694517.31;992;j
RS;adiinc992j;p65p66;2013;722652.19;992;j
RS;adiinc992j;p65p66;2014;686331.31;992;j
RS;adiinc992j;p65p66;2015;670302.69;992;j
RS;adiinc992j;p65p66;2016;690789.19;992;j
RS;adiinc992j;p65p66;2017;694759.5;992;j
RS;afinrx999i;p0p100;2002;2030.8;999;i
RS;afinrx999i;p0p100;2003;1597.4;999;i
RS;afinrx999i;p0p100;2004;1619.3;999;i
RS;afinrx999i;p0p100;2005;3433.6001;999;i
RS;afinrx999i;p0p100;2006;5540.2998;999;i
RS;afinrx999i;p0p100;2007;11202.9;999;i
RS;afinrx999i;p0p100;2008;11731.5;999;i
RS;afinrx999i;p0p100;2009;10811.4;999;i
RS;afinrx999i;p0p100;2010;10208.5;999;i
RS;afinrx999i;p0p100;2011;10252.1;999;i
RS;afinrx999i;p0p100;2012;14082.3;999;i
RS;afinrx999i;p0p100;2013;12595.8;999;i
RS;afinrx999i;p0p100;2014;13493.1;999;i
RS;afinrx999i;p0p100;2015;14681.4;999;i
RS;afinrx999i;p0p100;2016;12755.2;999;i
RS;afinrx999i;p0p100;2017;11147.1;999;i
RS;afinrx999i;p0p100;2018;10418.4;999;i
RS;aptfhr999i;p0p100;1990;311.10001;999;i
RS;aptfhr999i;p0p100;1991;352.29999;999;i
RS;aptfhr999i;p0p100;1992;358.79999;999;i
RS;aptfhr999i;p0p100;1993;397.0;999;i
RS;aptfhr999i;p0p100;1994;513.40002;999;i
RS;aptfhr999i;p0p100;1995;534.5;999;i
RS;aptfhr999i;p0p100;1996;422.0;999;i
RS;aptfhr999i;p0p100;1997;546.79999;999;i
RS;aptfhr999i;p0p100;1998;666.29999;999;i
RS;aptfhr999i;p0p100;1999;1326.2;999;i
RS;aptfhr999i;p0p100;2000;1529.2;999;i
RS;aptfhr999i;p0p100;2001;1414.6;999;i
RS;aptfhr999i;p0p100;2002;1125.9;999;i
RS;aptfhr999i;p0p100;2003;913.90002;999;i
RS;aptfhr999i;p0p100;2004;950.90002;999;i
RS;aptfhr999i;p0p100;2005;1198.9;999;i
RS;aptfhr999i;p0p100;2006;1149.6;999;i
RS;aptfhr999i;p0p100;2007;1024.3;999;i
RS;aptfhr999i;p0p100;2008;960.90002;999;i
RS;aptfhr999i;p0p100;2009;902.40002;999;i
RS;aptfhr999i;p0p100;2010;987.5;999;i
RS;aptfhr999i;p0p100;2011;828.5;999;i
RS;aptfhr999i;p0p100;2012;849.90002;999;i
RS;aptfhr999i;p0p100;2013;1021.0;999;i
RS;aptfhr999i;p0p100;2014;1045.5;999;i
RS;aptfhr999i;p0p100;2015;1231.1;999;i
RS;aptfhr999i;p0p100;2016;960.09998;999;i
RS;aptfhr999i;p0p100;2017;884.20001;999;i
RS;aptfhr999i;p0p100;2018;757.59998;999;i
RS;aptfhr999i;p0p100;2019;797.79999;999;i
RS;aptinc992j;p66p67;1990;812119.19;992;j
RS;aptinc992j;p66p67;1991;701385.38;992;j
RS;aptinc992j;p66p67;1992;477941.5;992;j
RS;aptinc992j;p66p67;1993;308533.19;992;j
RS;aptinc992j;p66p67;1994;316394.31;992;j
RS;aptinc992j;p66p67;1995;332377.91;992;j
RS;aptinc992j;p66p67;1996;333955.59;992;j
RS;aptinc992j;p66p67;1997;352902.91;992;j
RS;aptinc992j;p66p67;1998;369320.0;992;j
RS;aptinc992j;p66p67;1999;400169.0;992;j
RS;aptinc992j;p66p67;2000;433058.69;992;j
RS;aptinc992j;p66p67;2001;429032.91;992;j
RS;aptinc992j;p66p67;2002;465622.31;992;j
RS;aptinc992j;p66p67;2003;488454.41;992;j
RS;aptinc992j;p66p67;2004;542631.81;992;j
RS;aptinc992j;p66p67;2005;600578.19;992;j
RS;aptinc992j;p66p67;2006;638860.63;992;j
RS;aptinc992j;p66p67;2007;670398.13;992;j
RS;aptinc992j;p66p67;2008;718426.19;992;j
RS;aptinc992j;p66p67;2009;704166.63;992;j
RS;aptinc992j;p66p67;2010;697464.38;992;j
RS;aptinc992j;p66p67;2011;696041.88;992;j
RS;aptinc992j;p66p67;2012;701228.38;992;j
RS;aptinc992j;p66p67;2013;726893.5;992;j
RS;aptinc992j;p66p67;2014;697622.63;992;j
RS;aptinc992j;p66p67;2015;707232.63;992;j
RS;aptinc992j;p66p67;2016;728854.19;992;j
RS;aptinc992j;p66p67;2017;732842.88;992;j
RS;aptinc992j;p76p100;1990;1574746.1;992;j
RS;aptinc992j;p76p100;1991;1371334.8;992;j
RS;aptinc992j;p76p100;1992;941648.5;992;j
RS;aptinc992j;p76p100;1993;612319.88;992;j
RS;aptinc992j;p76p100;1994;632354.38;992;j
RS;aptinc992j;p76p100;1995;669320.0;992;j
RS;aptinc992j;p76p100;1996;675790.81;992;j
RS;aptinc992j;p76p100;1997;717612.19;992;j
RS;aptinc992j;p76p100;1998;754954.19;992;j
RS;aptinc992j;p76p100;1999;830282.5;992;j
RS;aptinc992j;p76p100;2000;924572.81;992;j
RS;aptinc992j;p76p100;2001;927538.88;992;j
RS;aptinc992j;p76p100;2002;1012217.9;992;j
RS;aptinc992j;p76p100;2003;1071017.8;992;j
RS;aptinc992j;p76p100;2004;1227992.4;992;j
RS;aptinc992j;p76p100;2005;1390966.4;992;j
RS;aptinc992j;p76p100;2006;1482837.1;992;j
RS;aptinc992j;p76p100;2007;1526970.8;992;j
RS;aptinc992j;p76p100;2008;1642111.3;992;j
RS;aptinc992j;p76p100;2009;1626818.8;992;j
RS;aptinc992j;p76p100;2010;1660771.0;992;j
RS;aptinc992j;p76p100;2011;1697127.4;992;j
RS;aptinc992j;p76p100;2012;1694740.8;992;j
RS;aptinc992j;p76p100;2013;1726764.3;992;j
RS;aptinc992j;p76p100;2014;1726209.3;992;j
RS;aptinc992j;p76p100;2015;1716479.8;992;j
RS;aptinc992j;p76p100;2016;1769845.6;992;j
RS;aptinc992j;p76p100;2017;1781207.6;992;j
RS;aptinc992j;p80p100;1990;1687364.3;992;j
RS;aptinc992j;p80p100;1991;1470409.6;992;j
RS;aptinc992j;p80p100;1992;1010331.0;992;j
RS;aptinc992j;p80p100;1993;657420.88;992;j
RS;aptinc992j;p80p100;1994;679379.69;992;j
RS;aptinc992j;p80p100;1995;719566.88;992;j
RS;aptinc992j;p80p100;1996;726792.31;992;j
RS;aptinc992j;p80p100;1997;772052.63;992;j
RS;aptinc992j;p80p100;1998;813267.19;992;j
RS;aptinc992j;p80p100;1999;895916.0;992;j
RS;aptinc992j;p80p100;2000;1000196.8;992;j
RS;aptinc992j;p80p100;2001;1004826.7;992;j
RS;aptinc992j;p80p100;2002;1096835.5;992;j
RS;aptinc992j;p80p100;2003;1161535.6;992;j
RS;aptinc992j;p80p100;2004;1334225.1;992;j
RS;aptinc992j;p80p100;2005;1513604.1;992;j
RS;aptinc992j;p80p100;2006;1614115.8;992;j
RS;aptinc992j;p80p100;2007;1657895.1;992;j
RS;aptinc992j;p80p100;2008;1783442.9;992;j
RS;aptinc992j;p80p100;2009;1768457.0;992;j
RS;aptinc992j;p80p100;2010;1810261.5;992;j
RS;aptinc992j;p80p100;2011;1852862.8;992;j
RS;aptinc992j;p80p100;2012;1846097.8;992;j
RS;aptinc992j;p80p100;2013;1878986.4;992;j
RS;aptinc992j;p80p100;2014;1887513.8;992;j
RS;aptinc992j;p80p100;2015;1876304.1;992;j
RS;aptinc992j;p80p100;2016;1934735.8;992;j
RS;aptinc992j;p80p100;2017;1947292.1;992;j
RS;aptinc992j;p99.3p99.4;1990;3918551.3;992;j
RS;aptinc992j;p99.3p99.4;1991;3435043.8;992;j
RS;aptinc992j;p99.3p99.4;1992;2378510.3;992;j
RS;aptinc992j;p99.3p99.4;1993;1557024.3;992;j
RS;aptinc992j;p99.3p99.4;1994;1623534.9;992;j
RS;aptinc992j;p99.3p99.4;1995;1731273.4;992;j
RS;aptinc992j;p99.3p99.4;1996;1753874.6;992;j
RS;aptinc992j;p99.3p99.4;1997;1867479.1;992;j
RS;aptinc992j;p99.3p99.4;1998;1992329.8;992;j
RS;aptinc992j;p99.3p99.4;1999;2225799.5;992;j
RS;aptinc992j;p99.3p99.4;2000;2560174.3;992;j
RS;aptinc992j;p99.3p99.4;2001;2602268.3;992;j
RS;aptinc992j;p99.3p99.4;2002;2859193.3;992;j
RS;aptinc992j;p99.3p99.4;2003;3020380.8;992;j
RS;aptinc992j;p99.3p99.4;2004;3502925.0;992;j
RS;aptinc992j;p99.3p99.4;2005;3990137.5;992;j
RS;aptinc992j;p99.3p99.4;2006;4258377.0;992;j
RS;aptinc992j;p99.3p99.4;2007;4251198.5;992;j
RS;aptinc992j;p99.3p99.4;2008;4569856.0;992;j
RS;aptinc992j;p99.3p99.4;2009;4540561.5;992;j
RS;aptinc992j;p99.3p99.4;2010;4753639.5;992;j
RS;aptinc992j;p99.3p99.4;2011;4902598.0;992;j
RS;aptinc992j;p99.3p99.4;2012;4894244.0;992;j
RS;aptinc992j;p99.3p99.4;2013;4918536.0;992;j
RS;aptinc992j;p99.3p99.4;2014;5065514.0;992;j
RS;aptinc992j;p99.3p99.4;2015;4950176.0;992;j
RS;aptinc992j;p99.3p99.4;2016;5107478.0;992;j
RS;aptinc992j;p99.3p99.4;2017;5145432.0;992;j
RS;asscnp992i;p0p100;1997;0.0;992;i
RS;asscnp992i;p0p100;1998;0.0;992;i
RS;asscnp992i;p0p100;1999;0.0;992;i
RS;asscnp992i;p0p100;2000;0.0;992;i
RS;asscnp992i;p0p100;2001;0.0;992;i
RS;asscnp992i;p0p100;2002;0.0;992;i
RS;asscnp992i;p0p100;2003;0.0;992;i
RS;asscnp992i;p0p100;2004;0.0;992;i
RS;asscnp992i;p0p100;2005;0.0;992;i
RS;asscnp992i;p0p100;2006;0.0;992;i
RS;asscnp992i;p0p100;2007;0.0;992;i
RS;asscnp992i;p0p100;2008;0.0;992;i
RS;asscnp992i;p0p100;2009;0.0;992;i
RS;asscnp992i;p0p100;2010;0.0;992;i
RS;asscnp992i;p0p100;2011;0.0;992;i
RS;bcainc992j;p3p100;1990;9.3857145;992;j
RS;bcainc992j;p3p100;1991;9.2612724;992;j
RS;bcainc992j;p3p100;1992;9.3937931;992;j
RS;bcainc992j;p3p100;1993;9.4856997;992;j
RS;bcainc992j;p3p100;1994;9.6526098;992;j
RS;bcainc992j;p3p100;1995;9.974926;992;j
RS;bcainc992j;p3p100;1996;10.310429;992;j
RS;bcainc992j;p3p100;1997;11.053347;992;j
RS;bcainc992j;p3p100;1998;10.268976;992;j
RS;bcainc992j;p3p100;1999;9.7659521;992;j
RS;bcainc992j;p3p100;2000;10.433184;992;j
RS;bcainc992j;p3p100;2001;10.751991;992;j
RS;bcainc992j;p3p100;2002;18.770123;992;j
RS;bcainc992j;p3p100;2003;18.330286;992;j
RS;bcainc992j;p3p100;2004;18.996237;992;j
RS;bcainc992j;p3p100;2005;20.52817;992;j
RS;bcainc992j;p3p100;2006;24.720375;992;j
RS;bcainc992j;p3p100;2007;28.469021;992;j
RS;bcainc992j;p3p100;2008;24.115921;992;j
RS;bcainc992j;p3p100;2009;20.781546;992;j
RS;bcainc992j;p3p100;2010;23.400932;992;j
RS;bcainc992j;p3p100;2011;26.999855;992;j
RS;bcainc992j;p3p100;2012;32.453876;992;j
RS;bcainc992j;p3p100;2013;14.69613;992;j
RS;bcainc992j;p3p100;2014;7.1370945;992;j
RS;bcainc992j;p3p100;2015;10.677268;992;j
RS;bcainc992j;p3p100;2016;10.663207;992;j
RS;bcainc992j;p3p100;2017;10.685077;992;j
RS;bcainc992j;p46p100;1990;1.9321998;992;j
RS;bcainc992j;p46p100;1991;1.915113;992;j
RS;bcainc992j;p46p100;1992;1.8988196;992;j
RS;bcainc992j;p46p100;1993;1.8866391;992;j
RS;bcainc992j;p46p100;1994;1.8763572;992;j
RS;bcainc992j;p46p100;1995;1.8673731;992;j
RS;bcainc992j;p46p100;1996;1.8525056;992;j
RS;bcainc992j;p46p100;1997;1.8387241;992;j
RS;bcainc992j;p46p100;1998;1.8980302;992;j
RS;bcainc992j;p46p100;1999;1.9123844;992;j
RS;bcainc992j;p46p100;2000;1.9331766;992;j
RS;bcainc992j;p46p100;2001;1.9412106;992;j
RS;bcainc992j;p46p100;2002;1.9854316;992;j
RS;bcainc992j;p46p100;2003;2.0071232;992;j
RS;bcainc992j;p46p100;2004;2.0622048;992;j
RS;bcainc992j;p46p100;2005;2.0985551;992;j
RS;bcainc992j;p46p100;2006;2.1377697;992;j
RS;bcainc992j;p46p100;2007;2.1400499;992;j
RS;bcainc992j;p46p100;2008;2.1712828;992;j
RS;bcainc992j;p46p100;2009;2.2120769;992;j
RS;bcainc992j;p46p100;2010;2.2917409;992;j
RS;bcainc992j;p46p100;2011;2.3503852;992;j
RS;bcainc992j;p46p100;2012;2.4088223;992;j
RS;bcainc992j;p46p100;2013;2.4052415;992;j
RS;bcainc992j;p46p100;2014;2.405113;992;j
RS;bcainc992j;p46p100;2015;2.4866393;992;j
RS;bcainc992j;p46p100;2016;2.4852862;992;j
RS;bcainc992j;p46p100;2017;2.4859385;992;j
RS;bcainc992j;p58p100;1990;1.7349769;992;j
RS;bcainc992j;p58p100;1991;1.728295;992;j
RS;bcainc992j;p58p100;1992;1.7263124;992;j
RS;bcainc992j;p58p100;1993;1.7254769;992;j
RS;bcainc992j;p58p100;1994;1.7228376;992;j
RS;bcainc992j;p58p100;1995;1.7212335;992;j
RS;bcainc992j;p58p100;1996;1.7154016;992;j
RS;bcainc992j;p58p100;1997;1.7075033;992;j
RS;bcainc992j;p58p100;1998;1.7226888;992;j
RS;bcainc992j;p58p100;1999;1.7416742;992;j
RS;bcainc992j;p58p100;2000;1.7682608;992;j
RS;bcainc992j;p58p100;2001;1.7971536;992;j
RS;bcainc992j;p58p100;2002;1.8149346;992;j
RS;bcainc992j;p58p100;2003;1.8236958;992;j
RS;bcainc992j;p58p100;2004;1.8566235;992;j
RS;bcainc992j;p58p100;2005;1.8980806;992;j
RS;bcainc992j;p58p100;2006;1.9253216;992;j
RS;bcainc992j;p58p100;2007;1.914059;992;j
RS;bcainc992j;p58p100;2008;1.9235492;992;j
RS;bcainc992j;p58p100;2009;1.9621166;992;j
RS;bcainc992j;p58p100;2010;2.0184028;992;j
RS;bcainc992j;p58p100;2011;2.0570593;992;j
RS;bcainc992j;p58p100;2012;2.0930643;992;j
RS;bcainc992j;p58p100;2013;2.0951283;992;j
RS;bcainc992j;p58p100;2014;2.0983243;992;j
RS;bcainc992j;p58p100;2015;2.2056293;992;j
RS;bcainc992j;p58p100;2016;2.205044;992;j
RS;bcainc992j;p58p100;2017;2.2065384;992;j
RS;bcainc992j;p99.995p100;1990;2.1685009;992;j
RS;bcainc992j;p99.995p100;1991;2.1155894;992;j
RS;bcainc992j;p99.995p100;1992;2.0431688;992;j
RS;bcainc992j;p99.995p100;1993;1.9931197;992;j
RS;bcainc992j;p99.995p100;1994;1.9613965;992;j
RS;bcainc992j;p99.995p100;1995;1.9342947;992;j
RS;bcainc992j;p99.995p100;1996;1.9068106;992;j
RS;bcainc992j;p99.995p100;1997;1.8774788;992;j
RS;bcainc992j;p99.995p100;1998;1.9071398;992;j
RS;bcainc992j;p99.995p100;1999;2.0262561;992;j
RS;bcainc992j;p99.995p100;2000;2.0170536;992;j
RS;bcainc992j;p99.995p100;2001;2.1150079;992;j
RS;bcainc992j;p99.995p100;2002;2.0305514;992;j
RS;bcainc992j;p99.995p100;2003;2.039443;992;j
RS;bcainc992j;p99.995p100;2004;2.0455122;992;j
RS;bcainc992j;p99.995p100;2005;2.0901313;992;j
RS;bcainc992j;p99.995p100;2006;1.9877355;992;j
RS;bcainc992j;p99.995p100;2007;1.8922619;992;j
RS;bcainc992j;p99.995p100;2008;1.7943667;992;j
RS;bcainc992j;p99.995p100;2009;1.9204625;992;j
RS;bcainc992j;p99.995p100;2010;1.8583156;992;j
RS;bcainc992j;p99.995p100;2011;1.8218364;992;j
RS;bcainc992j;p99.995p100;2012;2.1300201;992;j
RS;bcainc992j;p99.995p100;2013;1.9241415;992;j
RS;bcainc992j;p99.995p100;2014;2.5228384;992;j
RS;bcainc992j;p99.995p100;2015;3.0621965;992;j
RS;bcainc992j;p99.995p100;2016;3.063241;992;j
RS;bcainc992j;p99.995p100;2017;3.0663254;992;j
RS;bcainc992j;p99.998p100;1990;2.1750906;992;j
RS;bcainc992j;p99.998p100;1991;2.1218212;992;j
RS;bcainc992j;p99.998p100;1992;2.0487404;992;j
RS;bcainc992j;p99.998p100;1993;1.99806;992;j
RS;bcainc992j;p99.998p100;1994;1.9659413;992;j
RS;bcainc992j;p99.998p100;1995;1.9384695;992;j
RS;bcainc992j;p99.998p100;1996;1.9107792;992;j
RS;bcainc992j;p99.998p100;1997;1.8812035;992;j
RS;bcainc992j;p99.998p100;1998;1.9108988;992;j
RS;bcainc992j;p99.998p100;1999;2.0304661;992;j
RS;bcainc992j;p99.998p100;2000;2.0201275;992;j
RS;bcainc992j;p99.998p100;2001;2.118443;992;j
RS;bcainc992j;p99.998p100;2002;2.0329912;992;j
RS;bcainc992j;p99.998p100;2003;2.042366;992;j
RS;bcainc992j;p99.998p100;2004;2.048707;992;j
RS;bcainc992j;p99.998p100;2005;2.0935316;992;j
RS;bcainc992j;p99.998p100;2006;1.9899358;992;j
RS;bcainc992j;p99.998p100;2007;1.8938904;992;j
RS;bcainc992j;p99.998p100;2008;1.7948495;992;j
RS;bcainc992j;p99.998p100;2009;1.9219717;992;j
RS;bcainc992j;p99.998p100;2010;1.8590724;992;j
RS;bcainc992j;p99.998p100;2011;1.8220896;992;j
RS;bcainc992j;p99.998p100;2012;2.1321635;992;j
RS;bcainc992j;p99.998p100;2013;1.9251308;992;j
RS;bcainc992j;p99.998p100;2014;2.5268774;992;j
RS;bcainc992j;p99.998p100;2015;3.0668082;992;j
RS;bcainc992j;p99.998p100;2016;3.0678573;992;j
RS;bcainc992j;p99.998p100;2017;3.0709498;992;j
RS;bdiinc992j;p10p100;1990;3.9183314;992;j
RS;bdiinc992j;p10p100;1991;3.8682477;992;j
RS;bdiinc992j;p10p100;1992;3.8126726;992;j
RS;bdiinc992j;p10p100;1993;3.759959;992;j
RS;bdiinc992j;p10p100;1994;3.6958671;992;j
RS;bdiinc992j;p10p100;1995;3.6383991;992;j
RS;bdiinc992j;p10p100;1996;3.5701718;992;j
RS;bdiinc992j;p10p100;1997;3.494091;992;j
RS;bdiinc992j;p10p100;1998;3.3261249;992;j
RS;bdiinc992j;p10p100;1999;3.3817215;992;j
RS;bdiinc992j;p10p100;2000;3.4025528;992;j
RS;bdiinc992j;p10p100;2001;3.4399328;992;j
RS;bdiinc992j;p10p100;2002;3.8349915;992;j
RS;bdiinc992j;p10p100;2003;4.1255732;992;j
RS;bdiinc992j;p10p100;2004;4.746335;992;j
RS;bdiinc992j;p10p100;2005;5.0834532;992;j
RS;bdiinc992j;p10p100;2006;5.5627179;992;j
RS;bdiinc992j;p10p100;2007;5.9222097;992;j
RS;bdiinc992j;p10p100;2008;6.1935134;992;j
RS;bdiinc992j;p10p100;2009;6.4138212;992;j
RS;bdiinc992j;p10p100;2010;7.0237865;992;j
RS;bdiinc992j;p10p100;2011;7.8982596;992;j
RS;bdiinc992j;p10p100;2012;8.1842823;992;j
RS;bdiinc992j;p10p100;2013;6.7770467;992;j
RS;bdiinc992j;p10p100;2014;4.7561188;992;j
RS;bdiinc992j;p10p100;2015;5.8833146;992;j
RS;bdiinc992j;p10p100;2016;6.2349877;992;j
RS;bdiinc992j;p10p100;2017;6.2797751;992;j
RS;bdiinc992j;p58p100;1990;1.6793095;992;j
RS;bdiinc992j;p58p100;1991;1.6735733;992;j
RS;bdiinc992j;p58p100;1992;1.6720561;992;j
RS;bdiinc992j;p58p100;1993;1.6715063;992;j
RS;bdiinc992j;p58p100;1994;1.6692804;992;j
RS;bdiinc992j;p58p100;1995;1.6679837;992;j
RS;bdiinc992j;p58p100;1996;1.6627805;992;j
RS;bdiinc992j;p58p100;1997;1.6544691;992;j
RS;bdiinc992j;p58p100;1998;1.6773689;992;j
RS;bdiinc992j;p58p100;1999;1.7030917;992;j
RS;bdiinc992j;p58p100;2000;1.7208037;992;j
RS;bdiinc992j;p58p100;2001;1.7449452;992;j
RS;bdiinc992j;p58p100;2002;1.7532829;992;j
RS;bdiinc992j;p58p100;2003;1.7611215;992;j
RS;bdiinc992j;p58p100;2004;1.7922794;992;j
RS;bdiinc992j;p58p100;2005;1.8307263;992;j
RS;bdiinc992j;p58p100;2006;1.8551844;992;j
RS;bdiinc992j;p58p100;2007;1.8387979;992;j
RS;bdiinc992j;p58p100;2008;1.8465898;992;j
RS;bdiinc992j;p58p100;2009;1.8827698;992;j
RS;bdiinc992j;p58p100;2010;1.9314915;992;j
RS;bdiinc992j;p58p100;2011;1.9706218;992;j
RS;bdiinc992j;p58p100;2012;1.9976941;992;j
RS;bdiinc992j;p58p100;2013;2.0007746;992;j
RS;bdiinc992j;p58p100;2014;1.9985474;992;j
RS;bdiinc992j;p58p100;2015;2.0868475;992;j
RS;bdiinc992j;p58p100;2016;2.1029658;992;j
RS;bdiinc992j;p58p100;2017;2.1056676;992;j
RS;mpinnx999i;p0p100;1997;-14986487808.0;999;i
RS;mpinnx999i;p0p100;1998;-15059035136.0;999;i
RS;mpinnx999i;p0p100;1999;-6895842304.0;999;i
RS;mpinnx999i;p0p100;2000;-7920971776.0;999;i
RS;mpinnx999i;p0p100;2001;-8452983808.0;999;i
RS;mpinnx999i;p0p100;2002;-25212233728.0;999;i
RS;mpinnx999i;p0p100;2003;-34905833472.0;999;i
RS;mpinnx999i;p0p100;2004;-45864898560.0;999;i
RS;mpinnx999i;p0p100;2005;-64719515648.0;999;i
RS;mpinnx999i;p0p100;2006;-72587395072.0;999;i
RS;mpinnx999i;p0p100;2007;-148422443008.0;999;i
RS;mpinnx999i;p0p100;2008;-146737414144.0;999;i
RS;mpinnx999i;p0p100;2009;-90704953344.0;999;i
RS;mpinnx999i;p0p100;2010;-116659003392.0;999;i
RS;mpinnx999i;p0p100;2011;-199977615360.0;999;i
RS;mpinnx999i;p0p100;2012;-173883686912.0;999;i
RS;mpinnx999i;p0p100;2013;-210051661824.0;999;i
RS;mpinnx999i;p0p100;2014;-201187508224.0;999;i
RS;mpinnx999i;p0p100;2015;-246763552768.0;999;i
RS;mpinnx999i;p0p100;2016;-283118796800.0;999;i
RS;mpinnx999i;p0p100;2017;-337617813504.0;999;i
RS;mpinnx999i;p0p100;2018;-284983164928.0;999;i
RS;mptfor999i;p0p100;2007;52940767232.0;999;i
RS;mptfor999i;p0p100;2008;50938089472.0;999;i
RS;mptfor999i;p0p100;2009;33310312448.0;999;i
RS;mptfor999i;p0p100;2010;30074183680.0;999;i
RS;mptfor999i;p0p100;2011;28011014144.0;999;i
RS;mptfor999i;p0p100;2012;35394371584.0;999;i
RS;mptfor999i;p0p100;2013;22520281088.0;999;i
RS;mptfor999i;p0p100;2014;19503249408.0;999;i
RS;mptfor999i;p0p100;2015;21279852544.0;999;i
RS;mptfor999i;p0p100;2016;23028109312.0;999;i
RS;mptfor999i;p0p100;2017;25979027456.0;999;i
RS;mptfor999i;p0p100;2018;21964435456.0;999;i
RS;npopul251m;p0p100;1950;265249.0;251;m
RS;npopul251m;p0p100;1951;286117.0;251;m
RS;npopul251m;p0p100;1952;304512.0;251;m
RS;npopul251m;p0p100;1953;319490.0;251;m
RS;npopul251m;p0p100;1954;331380.0;251;m
RS;npopul251m;p0p100;1955;340605.0;251;m
RS;npopul251m;p0p100;1956;346873.0;251;m
RS;npopul251m;p0p100;1957;349700.0;251;m
RS;npopul251m;p0p100;1958;349510.0;251;m
RS;npopul251m;p0p100;1959;346964.0;251;m
RS;npopul251m;p0p100;1960;342591.0;251;m
RS;npopul251m;p0p100;1961;337404.0;251;m
RS;npopul251m;p0p100;1962;330617.0;251;m
RS;npopul251m;p0p100;1963;322405.0;251;m
RS;npopul251m;p0p100;1964;312549.0;251;m
RS;npopul251m;p0p100;1965;301107.0;251;m
RS;npopul251m;p0p100;1966;287413.0;251;m
RS;npopul251m;p0p100;1967;272093.0;251;m
RS;npopul251m;p0p100;1968;258378.0;251;m
RS;npopul251m;p0p100;1969;251228.0;251;m
RS;npopul251m;p0p100;1970;253594.0;251;m
RS;npopul251m;p0p100;1971;265181.0;251;m
RS;npopul251m;p0p100;1972;286077.0;251;m
RS;npopul251m;p0p100;1973;312420.0;251;m
RS;npopul251m;p0p100;1974;338091.0;251;m
RS;npopul251m;p0p100;1975;359028.0;251;m
RS;npopul251m;p0p100;1976;375986.0;251;m
RS;npopul251m;p0p100;1977;388922.0;251;m
RS;npopul251m;p0p100;1978;397261.0;251;m
RS;npopul251m;p0p100;1979;400708.0;251;m
RS;npopul251m;p0p100;1980;399277.0;251;m
RS;npopul251m;p0p100;1981;392883.0;251;m
RS;npopul251m;p0p100;1982;380942.0;251;m
RS;npopul251m;p0p100;1983;365982.0;251;m
RS;npopul251m;p0p100;1984;351947.0;251;m
RS;npopul251m;p0p100;1985;341416.0;251;m
RS;npopul251m;p0p100;1986;334496.0;251;m
RS;npopul251m;p0p100;1987;331085.0;251;m
RS;npopul251m;p0p100;1988;330555.0;251;m
RS;npopul251m;p0p100;1989;331470.0;251;m
RS;npopul251m;p0p100;1990;332883.0;251;m
RS;npopul251m;p0p100;1991;335205.0;251;m
RS;npopul251m;p0p100;1992;338630.0;251;m
RS;npopul251m;p0p100;1993;342596.0;251;m
RS;npopul251m;p0p100;1994;346425.0;251;m
RS;npopul251m;p0p100;1995;349603.0;251;m
RS;npopul251m;p0p100;1996;349434.0;251;m
RS;npopul251m;p0p100;1997;347534.0;251;m
RS;npopul251m;p0p100;1998;344364.0;251;m
RS;npopul251m;p0p100;1999;268011.0;251;m
RS;npopul251m;p0p100;2000;266507.0;251;m
RS;npopul251m;p0p100;2001;268038.0;251;m
RS;npopul251m;p0p100;2002;269795.0;251;m
RS;npopul251m;p0p100;2003;270586.0;251;m
RS;npopul251m;p0p100;2004;270682.0;251;m
RS;npopul251m;p0p100;2005;269640.0;251;m
RS;npopul251m;p0p100;2006;266657.0;251;m
RS;npopul251m;p0p100;2007;262492.0;251;m
RS;npopul251m;p0p100;2008;257884.0;251;m
RS;npopul251m;p0p100;2009;254220.0;251;m
RS;npopul251m;p0p100;2010;252196.0;251;m
RS;npopul251m;p0p100;2011;251163.0;251;m
RS;npopul251m;p0p100;2012;252547.0;251;m
RS;npopul251m;p0p100;2013;254538.0;251;m
RS;npopul251m;p0p100;2014;255362.0;251;m
RS;npopul251m;p0p100;2015;253886.0;251;m
RS;npopul251m;p0p100;2016;252270.0;251;m
RS;npopul251m;p0p100;2017;249288.0;251;m
RS;npopul251m;p0p100;2018;244820.0;251;m
RS;npopul251m;p0p100;2019;240028.0;251;m
RS;npopul701f;p0p100;1950;89834.0;701;f
RS;npopul701f;p0p100;1951;85914.0;701;f
RS;npopul701f;p0p100;1952;81820.0;701;f
RS;npopul701f;p0p100;1953;78226.0;701;f
RS;npopul701f;p0p100;1954;76250.0;701;f
RS;npopul701f;p0p100;1955;76387.0;701;f
RS;npopul701f;p0p100;1956;77582.0;701;f
RS;npopul701f;p0p100;1957;80506.0;701;f
RS;npopul701f;p0p100;1958;83972.0;701;f
RS;npopul701f;p0p100;1959;86343.0;701;f
RS;npopul701f;p0p100;1960;86903.0;701;f
RS;npopul701f;p0p100;1961;85472.0;701;f
RS;npopul701f;p0p100;1962;82318.0;701;f
RS;npopul701f;p0p100;1963;79224.0;701;f
RS;npopul701f;p0p100;1964;78469.0;701;f
RS;npopul701f;p0p100;1965;81059.0;701;f
RS;npopul701f;p0p100;1966;85406.0;701;f
RS;npopul701f;p0p100;1967;92368.0;701;f
RS;npopul701f;p0p100;1968;100544.0;701;f
RS;npopul701f;p0p100;1969;108000.0;701;f
RS;npopul701f;p0p100;1970;113782.0;701;f
RS;npopul701f;p0p100;1971;116880.0;701;f
RS;npopul701f;p0p100;1972;118726.0;701;f
RS;npopul701f;p0p100;1973;120246.0;701;f
RS;npopul701f;p0p100;1974;122573.0;701;f
RS;npopul701f;p0p100;1975;126145.0;701;f
RS;npopul701f;p0p100;1976;128975.0;701;f
RS;npopul701f;p0p100;1977;132670.0;701;f
RS;npopul701f;p0p100;1978;136567.0;701;f
RS;npopul701f;p0p100;1979;139669.0;701;f
RS;npopul701f;p0p100;1980;141412.0;701;f
RS;npopul701f;p0p100;1981;140353.0;701;f
RS;npopul701f;p0p100;1982;138947.0;701;f
RS;npopul701f;p0p100;1983;136984.0;701;f
RS;npopul701f;p0p100;1984;133866.0;701;f
RS;npopul701f;p0p100;1985;129387.0;701;f
RS;npopul701f;p0p100;1986;122041.0;701;f
RS;npopul701f;p0p100;1987;112848.0;701;f
RS;npopul701f;p0p100;1988;105027.0;701;f
RS;npopul701f;p0p100;1989;103086.0;701;f
RS;npopul701f;p0p100;1990;109277.0;701;f
RS;npopul701f;p0p100;1991;121056.0;701;f
RS;npopul701f;p0p100;1992;139571.0;701;f
RS;npopul701f;p0p100;1993;161330.0;701;f
RS;npopul701f;p0p100;1994;181473.0;701;f
RS;npopul701f;p0p100;1995;197259.0;701;f
RS;npopul701f;p0p100;1996;208379.0;701;f
RS;npopul701f;p0p100;1997;216249.0;701;f
RS;npopul701f;p0p100;1998;221975.0;701;f
RS;npopul701f;p0p100;1999;178546.0;701;f
RS;npopul701f;p0p100;2000;183404.0;701;f
RS;npopul701f;p0p100;2001;184284.0;701;f
RS;npopul701f;p0p100;2002;184888.0;701;f
RS;npopul701f;p0p100;2003;184828.0;701;f
RS;npopul701f;p0p100;2004;184674.0;701;f
RS;npopul701f;p0p100;2005;184222.0;701;f
RS;npopul701f;p0p100;2006;182186.0;701;f
RS;npopul701f;p0p100;2007;180548.0;701;f
RS;npopul701f;p0p100;2008;178808.0;701;f
RS;npopul701f;p0p100;2009;176243.0;701;f
RS;npopul701f;p0p100;2010;172426.0;701;f
RS;npopul701f;p0p100;2011;164974.0;701;f
RS;npopul701f;p0p100;2012;156552.0;701;f
RS;npopul701f;p0p100;2013;149063.0;701;f
RS;npopul701f;p0p100;2014;146018.0;701;f
RS;npopul701f;p0p100;2015;149179.0;701;f
RS;npopul701f;p0p100;2016;155035.0;701;f
RS;npopul701f;p0p100;2017;166444.0;701;f
RS;npopul701f;p0p100;2018;180632.0;701;f
RS;npopul701f;p0p100;2019;194596.0;701;f
RS;npopul801m;p0p100;1950;18704.0;801;m
RS;npopul801m;p0p100;1951;19924.0;801;m
RS;npopul801m;p0p100;1952;21089.0;801;m
RS;npopul801m;p0p100;1953;21785.0;801;m
RS;npopul801m;p0p100;1954;21731.0;801;m
RS;npopul801m;p0p100;1955;21020.0;801;m
RS;npopul801m;p0p100;1956;21445.0;801;m
RS;npopul801m;p0p100;1957;21401.0;801;m
RS;npopul801m;p0p100;1958;21048.0;801;m
RS;npopul801m;p0p100;1959;20552.0;801;m
RS;npopul801m;p0p100;1960;20037.0;801;m
RS;npopul801m;p0p100;1961;20753.0;801;m
RS;npopul801m;p0p100;1962;21165.0;801;m
RS;npopul801m;p0p100;1963;21313.0;801;m
RS;npopul801m;p0p100;1964;21291.0;801;m
RS;npopul801m;p0p100;1965;21206.0;801;m
RS;npopul801m;p0p100;1966;22092.0;801;m
RS;npopul801m;p0p100;1967;22943.0;801;m
RS;npopul801m;p0p100;1968;23466.0;801;m
RS;npopul801m;p0p100;1969;23324.0;801;m
RS;npopul801m;p0p100;1970;22533.0;801;m
RS;npopul801m;p0p100;1971;22377.0;801;m
RS;npopul801m;p0p100;1972;21634.0;801;m
RS;npopul801m;p0p100;1973;20957.0;801;m
RS;npopul801m;p0p100;1974;21104.0;801;m
RS;npopul801m;p0p100;1975;22321.0;801;m
RS;npopul801m;p0p100;1976;25134.0;801;m
RS;npopul801m;p0p100;1977;28125.0;801;m
RS;npopul801m;p0p100;1978;30779.0;801;m
RS;npopul801m;p0p100;1979;32735.0;801;m
RS;npopul801m;p0p100;1980;34052.0;801;m
RS;npopul801m;p0p100;1981;36411.0;801;m
RS;npopul801m;p0p100;1982;38041.0;801;m
RS;npopul801m;p0p100;1983;39106.0;801;m
RS;npopul801m;p0p100;1984;39934.0;801;m
RS;npopul801m;p0p100;1985;40758.0;801;m
RS;npopul801m;p0p100;1986;43171.0;801;m
RS;npopul801m;p0p100;1987;45189.0;801;m
RS;npopul801m;p0p100;1988;46270.0;801;m
RS;npopul801m;p0p100;1989;45942.0;801;m
RS;npopul801m;p0p100;1990;44324.0;801;m
RS;npopul801m;p0p100;1991;43975.0;801;m
RS;npopul801m;p0p100;1992;43218.0;801;m
RS;npopul801m;p0p100;1993;41957.0;801;m
RS;npopul801m;p0p100;1994;39857.0;801;m
RS;npopul801m;p0p100;1995;36938.0;801;m
RS;npopul801m;p0p100;1996;34928.0;801;m
RS;npopul801m;p0p100;1997;31827.0;801;m
RS;npopul801m;p0p100;1998;29090.0;801;m
RS;npopul801m;p0p100;1999;22278.0;801;m
RS;npopul801m;p0p100;2000;23719.0;801;m
RS;npopul801m;p0p100;2001;27436.0;801;m
RS;npopul801m;p0p100;2002;31668.0;801;m
RS;npopul801m;p0p100;2003;35703.0;801;m
RS;npopul801m;p0p100;2004;39190.0;801;m
RS;npopul801m;p0p100;2005;42056.0;801;m
RS;npopul801m;p0p100;2006;46223.0;801;m
RS;npopul801m;p0p100;2007;50088.0;801;m
RS;npopul801m;p0p100;2008;53461.0;801;m
RS;npopul801m;p0p100;2009;56202.0;801;m
RS;npopul801m;p0p100;2010;58359.0;801;m
RS;npopul801m;p0p100;2011;60844.0;801;m
RS;npopul801m;p0p100;2012;63109.0;801;m
RS;npopul801m;p0p100;2013;65079.0;801;m
RS;npopul801m;p0p100;2014;66669.0;801;m
RS;npopul801m;p0p100;2015;67821.0;801;m
RS;npopul801m;p0p100;2016;68130.0;801;m
RS;npopul801m;p0p100;2017;68048.0;801;m
RS;npopul801m;p0p100;2018;67255.0;801;m
RS;npopul801m;p0p100;2019;65441.0;801;m
RS;scainc992j;p56p100;1990;0.72030002;992;j
RS;scainc992j;p56p100;1991;0.71829998;992;j
RS;scainc992j;p56p100;1992;0.71630001;992;j
RS;scainc992j;p56p100;1993;0.71450001;992;j
RS;scainc992j;p56p100;1994;0.71270001;992;j
RS;scainc992j;p56p100;1995;0.71100003;992;j
RS;scainc992j;p56p100;1996;0.70880002;992;j
RS;scainc992j;p56p100;1997;0.70660001;992;j
RS;scainc992j;p56p100;1998;0.70590001;992;j
RS;scainc992j;p56p100;1999;0.70670003;992;j
RS;scainc992j;p56p100;2000;0.7101;992;j
RS;scainc992j;p56p100;2001;0.71179998;992;j
RS;scainc992j;p56p100;2002;0.72320002;992;j
RS;scainc992j;p56p100;2003;0.72659999;992;j
RS;scainc992j;p56p100;2004;0.73710001;992;j
RS;scainc992j;p56p100;2005;0.7432;992;j
RS;scainc992j;p56p100;2006;0.75199997;992;j
RS;scainc992j;p56p100;2007;0.75559998;992;j
RS;scainc992j;p56p100;2008;0.75999999;992;j
RS;scainc992j;p56p100;2009;0.76490003;992;j
RS;scainc992j;p56p100;2010;0.77600002;992;j
RS;scainc992j;p56p100;2011;0.78549999;992;j
RS;scainc992j;p56p100;2012;0.78939998;992;j
RS;scainc992j;p56p100;2013;0.79259998;992;j
RS;scainc992j;p56p100;2014;0.77410001;992;j
RS;scainc992j;p56p100;2015;0.79089999;992;j
RS;scainc992j;p56p100;2016;0.79079998;992;j
RS;scainc992j;p56p100;2017;0.79089999;992;j
RS;scainc992j;p99p100;1990;0.079000004;992;j
RS;scainc992j;p99p100;1991;0.077600002;992;j
RS;scainc992j;p99p100;1992;0.076099999;992;j
RS;scainc992j;p99p100;1993;0.075400002;992;j
RS;scainc992j;p99p100;1994;0.0748;992;j
RS;scainc992j;p99p100;1995;0.0744;992;j
RS;scainc992j;p99p100;1996;0.073299997;992;j
RS;scainc992j;p99p100;1997;0.0722;992;j
RS;scainc992j;p99p100;1998;0.074199997;992;j
RS;scainc992j;p99p100;1999;0.079700001;992;j
RS;scainc992j;p99p100;2000;0.0845;992;j
RS;scainc992j;p99p100;2001;0.089199997;992;j
RS;scainc992j;p99p100;2002;0.090400003;992;j
RS;scainc992j;p99p100;2003;0.089599997;992;j
RS;scainc992j;p99p100;2004;0.090899996;992;j
RS;scainc992j;p99p100;2005;0.094400004;992;j
RS;scainc992j;p99p100;2006;0.095200002;992;j
RS;scainc992j;p99p100;2007;0.091300003;992;j
RS;scainc992j;p99p100;2008;0.089699998;992;j
RS;scainc992j;p99p100;2009;0.095700003;992;j
RS;scainc992j;p99p100;2010;0.0973;992;j
RS;scainc992j;p99p100;2011;0.098999999;992;j
RS;scainc992j;p99p100;2012;0.1125;992;j
RS;scainc992j;p99p100;2013;0.1032;992;j
RS;scainc992j;p99p100;2014;0.1227;992;j
RS;scainc992j;p99p100;2015;0.15189999;992;j
RS;scainc992j;p99p100;2016;0.15189999;992;j
RS;scainc992j;p99p100;2017;0.1521;992;j
RS;sdiinc992j;p22p23;1990;0.0046000001;992;j
RS;sdiinc992j;p22p23;1991;0.0046000001;992;j
RS;sdiinc992j;p22p23;1992;0.0046999999;992;j
RS;sdiinc992j;p22p23;1993;0.0048000002;992;j
RS;sdiinc992j;p22p23;1994;0.0049000001;992;j
RS;sdiinc992j;p22p23;1995;0.0049000001;992;j
RS;sdiinc992j;p22p23;1996;0.0049999999;992;j
RS;sdiinc992j;p22p23;1997;0.0051000002;992;j
RS;sdiinc992j;p22p23;1998;0.0052;992;j
RS;sdiinc992j;p22p23;1999;0.0051000002;992;j
RS;sdiinc992j;p22p23;2000;0.0052;992;j
RS;sdiinc992j;p22p23;2001;0.0052;992;j
RS;sdiinc992j;p22p23;2002;0.0049999999;992;j
RS;sdiinc992j;p22p23;2003;0.0049000001;992;j
RS;sdiinc992j;p22p23;2004;0.0046000001;992;j
RS;sdiinc992j;p22p23;2005;0.0044999998;992;j
RS;sdiinc992j;p22p23;2006;0.0041999999;992;j
RS;sdiinc992j;p22p23;2007;0.0041999999;992;j
RS;sdiinc992j;p22p23;2008;0.0041;992;j
RS;sdiinc992j;p22p23;2009;0.0038000001;992;j
RS;sdiinc992j;p22p23;2010;0.0035000001;992;j
RS;sdiinc992j;p22p23;2011;0.0031999999;992;j
RS;sdiinc992j;p22p23;2012;0.0033;992;j
RS;sdiinc992j;p22p23;2013;0.0027999999;992;j
RS;sdiinc992j;p22p23;2014;0.0033;992;j
RS;sdiinc992j;p22p23;2015;0.0029;992;j
RS;sdiinc992j;p22p23;2016;0.0027999999;992;j
RS;sdiinc992j;p22p23;2017;0.0027999999;992;j
RS;sdiinc992j;p28p29;1990;0.0055;992;j
RS;sdiinc992j;p28p29;1991;0.0055999998;992;j
RS;sdiinc992j;p28p29;1992;0.0055999998;992;j
RS;sdiinc992j;p28p29;1993;0.0057000001;992;j
RS;sdiinc992j;p28p29;1994;0.0057000001;992;j
RS;sdiinc992j;p28p29;1995;0.0057999999;992;j
RS;sdiinc992j;p28p29;1996;0.0059000002;992;j
RS;sdiinc992j;p28p29;1997;0.0059000002;992;j
RS;sdiinc992j;p28p29;1998;0.0059000002;992;j
RS;sdiinc992j;p28p29;1999;0.0057999999;992;j
RS;sdiinc992j;p28p29;2000;0.0057999999;992;j
RS;sdiinc992j;p28p29;2001;0.0057999999;992;j
RS;sdiinc992j;p28p29;2002;0.0057999999;992;j
RS;sdiinc992j;p28p29;2003;0.0055999998;992;j
RS;sdiinc992j;p28p29;2004;0.0055;992;j
RS;sdiinc992j;p28p29;2005;0.0054000001;992;j
RS;sdiinc992j;p28p29;2006;0.0052;992;j
RS;sdiinc992j;p28p29;2007;0.0052;992;j
RS;sdiinc992j;p28p29;2008;0.0051000002;992;j
RS;sdiinc992j;p28p29;2009;0.0049000001;992;j
RS;sdiinc992j;p28p29;2010;0.0046000001;992;j
RS;sdiinc992j;p28p29;2011;0.0043000001;992;j
RS;sdiinc992j;p28p29;2012;0.0044;992;j
RS;sdiinc992j;p28p29;2013;0.0040000002;992;j
RS;sdiinc992j;p28p29;2014;0.0044;992;j
RS;sdiinc992j;p28p29;2015;0.0041;992;j
RS;sdiinc992j;p28p29;2016;0.0040000002;992;j
RS;sdiinc992j;p28p29;2017;0.0040000002;992;j
RS;sdiinc992j;p33p100;1990;0.87849998;992;j
RS;sdiinc992j;p33p100;1991;0.87739998;992;j
RS;sdiinc992j;p33p100;1992;0.87620002;992;j
RS;sdiinc992j;p33p100;1993;0.875;992;j
RS;sdiinc992j;p33p100;1994;0.87370002;992;j
RS;sdiinc992j;p33p100;1995;0.8725;992;j
RS;sdiinc992j;p33p100;1996;0.87110001;992;j
RS;sdiinc992j;p33p100;1997;0.86940002;992;j
RS;sdiinc992j;p33p100;1998;0.86729997;992;j
RS;sdiinc992j;p33p100;1999;0.86949998;992;j
RS;sdiinc992j;p33p100;2000;0.86970001;992;j
RS;sdiinc992j;p33p100;2001;0.87;992;j
RS;sdiinc992j;p33p100;2002;0.87709999;992;j
RS;sdiinc992j;p33p100;2003;0.87910002;992;j
RS;sdiinc992j;p33p100;2004;0.88730001;992;j
RS;sdiinc992j;p33p100;2005;0.89029998;992;j
RS;sdiinc992j;p33p100;2006;0.89649999;992;j
RS;sdiinc992j;p33p100;2007;0.89789999;992;j
RS;sdiinc992j;p33p100;2008;0.9005;992;j
RS;sdiinc992j;p33p100;2009;0.90369999;992;j
RS;sdiinc992j;p33p100;2010;0.91000003;992;j
RS;sdiinc992j;p33p100;2011;0.91729999;992;j
RS;sdiinc992j;p33p100;2012;0.91750002;992;j
RS;sdiinc992j;p33p100;2013;0.91949999;992;j
RS;sdiinc992j;p33p100;2014;0.90130001;992;j
RS;sdiinc992j;p33p100;2015;0.9138;992;j
RS;sdiinc992j;p33p100;2016;0.91680002;992;j
RS;sdiinc992j;p33p100;2017;0.91720003;992;j
RS;sdiinc992j;p35p36;1990;0.0066;992;j
RS;sdiinc992j;p35p36;1991;0.0066;992;j
RS;sdiinc992j;p35p36;1992;0.0066;992;j
RS;sdiinc992j;p35p36;1993;0.0066;992;j
RS;sdiinc992j;p35p36;1994;0.0066999998;992;j
RS;sdiinc992j;p35p36;1995;0.0066999998;992;j
RS;sdiinc992j;p35p36;1996;0.0066999998;992;j
RS;sdiinc992j;p35p36;1997;0.0068000001;992;j
RS;sdiinc992j;p35p36;1998;0.0066;992;j
RS;sdiinc992j;p35p36;1999;0.0065000001;992;j
RS;sdiinc992j;p35p36;2000;0.0065000001;992;j
RS;sdiinc992j;p35p36;2001;0.0065000001;992;j
RS;sdiinc992j;p35p36;2002;0.0063999998;992;j
RS;sdiinc992j;p35p36;2003;0.0063999998;992;j
RS;sdiinc992j;p35p36;2004;0.0063;992;j
RS;sdiinc992j;p35p36;2005;0.0060999999;992;j
RS;sdiinc992j;p35p36;2006;0.0060000001;992;j
RS;sdiinc992j;p35p36;2007;0.0060000001;992;j
RS;sdiinc992j;p35p36;2008;0.0059000002;992;j
RS;sdiinc992j;p35p36;2009;0.0057999999;992;j
RS;sdiinc992j;p35p36;2010;0.0057000001;992;j
RS;sdiinc992j;p35p36;2011;0.0055;992;j
RS;sdiinc992j;p35p36;2012;0.0054000001;992;j
RS;sdiinc992j;p35p36;2013;0.0052999998;992;j
RS;sdiinc992j;p35p36;2014;0.0054000001;992;j
RS;sdiinc992j;p35p36;2015;0.0052;992;j
RS;sdiinc992j;p35p36;2016;0.0052;992;j
RS;sdiinc992j;p35p36;2017;0.0052;992;j
RS;sptinc992j;p25p100;1990;0.94169998;992;j
RS;sptinc992j;p25p100;1991;0.94169998;992;j
RS;sptinc992j;p25p100;1992;0.94160002;992;j
RS;sptinc992j;p25p100;1993;0.94160002;992;j
RS;sptinc992j;p25p100;1994;0.94160002;992;j
RS;sptinc992j;p25p100;1995;0.94160002;992;j
RS;sptinc992j;p25p100;1996;0.94150001;992;j
RS;sptinc992j;p25p100;1997;0.94150001;992;j
RS;sptinc992j;p25p100;1998;0.9375;992;j
RS;sptinc992j;p25p100;1999;0.93730003;992;j
RS;sptinc992j;p25p100;2000;0.9386;992;j
RS;sptinc992j;p25p100;2001;0.93839997;992;j
RS;sptinc992j;p25p100;2002;0.94499999;992;j
RS;sptinc992j;p25p100;2003;0.94700003;992;j
RS;sptinc992j;p25p100;2004;0.95109999;992;j
RS;sptinc992j;p25p100;2005;0.95450002;992;j
RS;sptinc992j;p25p100;2006;0.95899999;992;j
RS;sptinc992j;p25p100;2007;0.9623;992;j
RS;sptinc992j;p25p100;2008;0.9666;992;j
RS;sptinc992j;p25p100;2009;0.96950001;992;j
RS;sptinc992j;p25p100;2010;0.97210002;992;j
RS;sptinc992j;p25p100;2011;0.97619998;992;j
RS;sptinc992j;p25p100;2012;0.97790003;992;j
RS;sptinc992j;p25p100;2013;0.9795;992;j
RS;sptinc992j;p25p100;2014;0.98019999;992;j
RS;sptinc992j;p25p100;2015;0.97930002;992;j
RS;sptinc992j;p25p100;2016;0.97930002;992;j
RS;sptinc992j;p25p100;2017;0.97939998;992;j
RS;sptinc992j;p43p44;1990;0.0071999999;992;j
RS;sptinc992j;p43p44;1991;0.0071999999;992;j
RS;sptinc992j;p43p44;1992;0.0071;992;j
RS;sptinc992j;p43p44;1993;0.0071;992;j
RS;sptinc992j;p43p44;1994;0.0070000002;992;j
RS;sptinc992j;p43p44;1995;0.0070000002;992;j
RS;sptinc992j;p43p44;1996;0.0068999999;992;j
RS;sptinc992j;p43p44;1997;0.0068999999;992;j
RS;sptinc992j;p43p44;1998;0.0068000001;992;j
RS;sptinc992j;p43p44;1999;0.0066999998;992;j
RS;sptinc992j;p43p44;2000;0.0066999998;992;j
RS;sptinc992j;p43p44;2001;0.0066999998;992;j
RS;sptinc992j;p43p44;2002;0.0066;992;j
RS;sptinc992j;p43p44;2003;0.0066;992;j
RS;sptinc992j;p43p44;2004;0.0065000001;992;j
RS;sptinc992j;p43p44;2005;0.0063;992;j
RS;sptinc992j;p43p44;2006;0.0063;992;j
RS;sptinc992j;p43p44;2007;0.0063;992;j
RS;sptinc992j;p43p44;2008;0.0063;992;j
RS;sptinc992j;p43p44;2009;0.0063;992;j
RS;sptinc992j;p43p44;2010;0.0060999999;992;j
RS;sptinc992j;p43p44;2011;0.0060000001;992;j
RS;sptinc992j;p43p44;2012;0.0059000002;992;j
RS;sptinc992j;p43p44;2013;0.0060999999;992;j
RS;sptinc992j;p43p44;2014;0.0057999999;992;j
RS;sptinc992j;p43p44;2015;0.0060000001;992;j
RS;sptinc992j;p43p44;2016;0.0060000001;992;j
RS;sptinc992j;p43p44;2017;0.0060000001;992;j
RS;sptinc992j;p46p100;1990;0.81529999;992;j
RS;sptinc992j;p46p100;1991;0.81590003;992;j
RS;sptinc992j;p46p100;1992;0.81639999;992;j
RS;sptinc992j;p46p100;1993;0.81690001;992;j
RS;sptinc992j;p46p100;1994;0.8175;992;j
RS;sptinc992j;p46p100;1995;0.81800002;992;j
RS;sptinc992j;p46p100;1996;0.81830001;992;j
RS;sptinc992j;p46p100;1997;0.81870002;992;j
RS;sptinc992j;p46p100;1998;0.81629997;992;j
RS;sptinc992j;p46p100;1999;0.81650001;992;j
RS;sptinc992j;p46p100;2000;0.81919998;992;j
RS;sptinc992j;p46p100;2001;0.81950003;992;j
RS;sptinc992j;p46p100;2002;0.82789999;992;j
RS;sptinc992j;p46p100;2003;0.83160001;992;j
RS;sptinc992j;p46p100;2004;0.83829999;992;j
RS;sptinc992j;p46p100;2005;0.8448;992;j
RS;sptinc992j;p46p100;2006;0.85159999;992;j
RS;sptinc992j;p46p100;2007;0.85409999;992;j
RS;sptinc992j;p46p100;2008;0.86070001;992;j
RS;sptinc992j;p46p100;2009;0.8653;992;j
RS;sptinc992j;p46p100;2010;0.87129998;992;j
RS;sptinc992j;p46p100;2011;0.87980002;992;j
RS;sptinc992j;p46p100;2012;0.88270003;992;j
RS;sptinc992j;p46p100;2013;0.88330001;992;j
RS;sptinc992j;p46p100;2014;0.88770002;992;j
RS;sptinc992j;p46p100;2015;0.88260001;992;j
RS;sptinc992j;p46p100;2016;0.88260001;992;j
RS;sptinc992j;p46p100;2017;0.88279998;992;j
RS;sptinc992j;p64p65;1990;0.0105;992;j
RS;sptinc992j;p64p65;1991;0.0105;992;j
RS;sptinc992j;p64p65;1992;0.0105;992;j
RS;sptinc992j;p64p65;1993;0.0104;992;j
RS;sptinc992j;p64p65;1994;0.0104;992;j
RS;sptinc992j;p64p65;1995;0.0104;992;j
RS;sptinc992j;p64p65;1996;0.0103;992;j
RS;sptinc992j;p64p65;1997;0.0103;992;j
RS;sptinc992j;p64p65;1998;0.0103;992;j
RS;sptinc992j;p64p65;1999;0.0102;992;j
RS;sptinc992j;p64p65;2000;0.0099999998;992;j
RS;sptinc992j;p64p65;2001;0.0098999999;992;j
RS;sptinc992j;p64p65;2002;0.0099999998;992;j
RS;sptinc992j;p64p65;2003;0.0099999998;992;j
RS;sptinc992j;p64p65;2004;0.0098000001;992;j
RS;sptinc992j;p64p65;2005;0.0098000001;992;j
RS;sptinc992j;p64p65;2006;0.0098000001;992;j
RS;sptinc992j;p64p65;2007;0.0099999998;992;j
RS;sptinc992j;p64p65;2008;0.0099999998;992;j
RS;sptinc992j;p64p65;2009;0.0099999998;992;j
RS;sptinc992j;p64p65;2010;0.0098999999;992;j
RS;sptinc992j;p64p65;2011;0.0098000001;992;j
RS;sptinc992j;p64p65;2012;0.0098999999;992;j
RS;sptinc992j;p64p65;2013;0.0099999998;992;j
RS;sptinc992j;p64p65;2014;0.0098000001;992;j
RS;sptinc992j;p64p65;2015;0.0098999999;992;j
RS;sptinc992j;p64p65;2016;0.0098999999;992;j
RS;sptinc992j;p64p65;2017;0.0098999999;992;j
RS;sptinc992j;p99.994p99.995;1990;0.0006;992;j
RS;sptinc992j;p99.994p99.995;1991;0.0006;992;j
RS;sptinc992j;p99.994p99.995;1992;0.0006;992;j
RS;sptinc992j;p99.994p99.995;1993;0.0006;992;j
RS;sptinc992j;p99.994p99.995;1994;0.0006;992;j
RS;sptinc992j;p99.994p99.995;1995;0.0007;992;j
RS;sptinc992j;p99.994p99.995;1996;0.0007;992;j
RS;sptinc992j;p99.994p99.995;1997;0.0007;992;j
RS;sptinc992j;p99.994p99.995;1998;0.0007;992;j
RS;sptinc992j;p99.994p99.995;1999;0.0007;992;j
RS;sptinc992j;p99.994p99.995;2000;0.0008;992;j
RS;sptinc992j;p99.994p99.995;2001;0.0009;992;j
RS;sptinc992j;p99.994p99.995;2002;0.0008;992;j
RS;sptinc992j;p99.994p99.995;2003;0.0008;992;j
RS;sptinc992j;p99.994p99.995;2004;0.0009;992;j
RS;sptinc992j;p99.994p99.995;2005;0.0008;992;j
RS;sptinc992j;p99.994p99.995;2006;0.0008;992;j
RS;sptinc992j;p99.994p99.995;2007;0.0008;992;j
RS;sptinc992j;p99.994p99.995;2008;0.0008;992;j
RS;sptinc992j;p99.994p99.995;2009;0.0008;992;j
RS;sptinc992j;p99.994p99.995;2010;0.0008;992;j
RS;sptinc992j;p99.994p99.995;2011;0.0008;992;j
RS;sptinc992j;p99.994p99.995;2012;0.0006;992;j
RS;sptinc992j;p99.994p99.995;2013;0.0007;992;j
RS;sptinc992j;p99.994p99.995;2014;0.0011;992;j
RS;sptinc992j;p99.994p99.995;2015;0.001;992;j
RS;sptinc992j;p99.994p99.995;2016;0.001;992;j
RS;sptinc992j;p99.994p99.995;2017;0.001;992;j
RS;tcainc992j;p0p50;1990;37965.398;992;j
RS;tcainc992j;p0p50;1991;27859.801;992;j
RS;tcainc992j;p0p50;1992;15655.3;992;j
RS;tcainc992j;p0p50;1993;7957.3999;992;j
RS;tcainc992j;p0p50;1994;5954.7002;992;j
RS;tcainc992j;p0p50;1995;4193.8999;992;j
RS;tcainc992j;p0p50;1996;1911.9;992;j
RS;tcainc992j;p0p50;1997;-496.79999;992;j
RS;tcainc992j;p0p50;1998;222.39999;992;j
RS;tcainc992j;p0p50;1999;1129.6;992;j
RS;tcainc992j;p0p50;2000;-2923.2;992;j
RS;tcainc992j;p0p50;2001;-3174.1001;992;j
RS;tcainc992j;p0p50;2002;-5736.1001;992;j
RS;tcainc992j;p0p50;2003;1330.5;992;j
RS;tcainc992j;p0p50;2004;2321.3;992;j
RS;tcainc992j;p0p50;2005;2283.8999;992;j
RS;tcainc992j;p0p50;2006;4287.3999;992;j
RS;tcainc992j;p0p50;2007;-13152510.0;992;j
RS;tcainc992j;p0p50;2008;-21086188.0;992;j
RS;tcainc992j;p0p50;2009;9980.7002;992;j
RS;tcainc992j;p0p50;2010;10054.0;992;j
RS;tcainc992j;p0p50;2011;9045.0996;992;j
RS;tcainc992j;p0p50;2012;6743.1001;992;j
RS;tcainc992j;p0p50;2013;-14144.5;992;j
RS;tcainc992j;p0p50;2014;21598.1;992;j
RS;tcainc992j;p0p50;2015;12758.3;992;j
RS;tcainc992j;p0p50;2016;12006.7;992;j
RS;tcainc992j;p0p50;2017;10735.9;992;j
RS;tcainc992j;p89p90;1990;891080.13;992;j
RS;tcainc992j;p89p90;1991;770770.81;992;j
RS;tcainc992j;p89p90;1992;525943.31;992;j
RS;tcainc992j;p89p90;1993;338536.5;992;j
RS;tcainc992j;p89p90;1994;346890.0;992;j
RS;tcainc992j;p89p90;1995;363771.19;992;j
RS;tcainc992j;p89p90;1996;364881.5;992;j
RS;tcainc992j;p89p90;1997;382860.69;992;j
RS;tcainc992j;p89p90;1998;420580.09;992;j
RS;tcainc992j;p89p90;1999;475720.31;992;j
RS;tcainc992j;p89p90;2000;511172.19;992;j
RS;tcainc992j;p89p90;2001;495158.41;992;j
RS;tcainc992j;p89p90;2002;523123.59;992;j
RS;tcainc992j;p89p90;2003;564412.5;992;j
RS;tcainc992j;p89p90;2004;695024.13;992;j
RS;tcainc992j;p89p90;2005;801423.19;992;j
RS;tcainc992j;p89p90;2006;853738.19;992;j
RS;tcainc992j;p89p90;2007;865163.38;992;j
RS;tcainc992j;p89p90;2008;933571.69;992;j
RS;tcainc992j;p89p90;2009;926264.69;992;j
RS;tcainc992j;p89p90;2010;948467.31;992;j
RS;tcainc992j;p89p90;2011;974408.63;992;j
RS;tcainc992j;p89p90;2012;953820.31;992;j
RS;tcainc992j;p89p90;2013;992706.5;992;j
RS;tcainc992j;p89p90;2014;920845.38;992;j
RS;tcainc992j;p89p90;2015;901770.38;992;j
RS;tcainc992j;p89p90;2016;935328.5;992;j
RS;tcainc992j;p89p90;2017;936176.81;992;j
RS;tcainc992j;p99.4p100;1990;2642343.3;992;j
RS;tcainc992j;p99.4p100;1991;2283480.8;992;j
RS;tcainc992j;p99.4p100;1992;1562008.9;992;j
RS;tcainc992j;p99.4p100;1993;1016056.4;992;j
RS;tcainc992j;p99.4p100;1994;1046811.8;992;j
RS;tcainc992j;p99.4p100;1995;1105626.3;992;j
RS;tcainc992j;p99.4p100;1996;1106636.9;992;j
RS;tcainc992j;p99.4p100;1997;1159328.6;992;j
RS;tcainc992j;p99.4p100;1998;1293993.1;992;j
RS;tcainc992j;p99.4p100;1999;1526426.9;992;j
RS;tcainc992j;p99.4p100;2000;1744965.6;992;j
RS;tcainc992j;p99.4p100;2001;1741973.8;992;j
RS;tcainc992j;p99.4p100;2002;1880965.4;992;j
RS;tcainc992j;p99.4p100;2003;1967557.6;992;j
RS;tcainc992j;p99.4p100;2004;2385441.5;992;j
RS;tcainc992j;p99.4p100;2005;2782373.8;992;j
RS;tcainc992j;p99.4p100;2006;3034912.5;992;j
RS;tcainc992j;p99.4p100;2007;2997133.0;992;j
RS;tcainc992j;p99.4p100;2008;3243379.8;992;j
RS;tcainc992j;p99.4p100;2009;3290854.5;992;j
RS;tcainc992j;p99.4p100;2010;3418877.0;992;j
RS;tcainc992j;p99.4p100;2011;3550180.0;992;j
RS;tcainc992j;p99.4p100;2012;3653243.8;992;j
RS;tcainc992j;p99.4p100;2013;3657968.5;992;j
RS;tcainc992j;p99.4p100;2014;3596520.3;992;j
RS;tcainc992j;p99.4p100;2015;3883768.8;992;j
RS;tcainc992j;p99.4p100;2016;4027862.8;992;j
RS;tcainc992j;p99.4p100;2017;4032040.8;992;j
RS;tcainc992j;p99.5p99.6;1990;2871983.0;992;j
RS;tcainc992j;p99.5p99.6;1991;2479015.8;992;j
RS;tcainc992j;p99.5p99.6;1992;1693295.3;992;j
RS;tcainc992j;p99.5p99.6;1993;1100577.3;992;j
RS;tcainc992j;p99.5p99.6;1994;1133239.8;992;j
RS;tcainc992j;p99.5p99.6;1995;1196351.4;992;j
RS;tcainc992j;p99.5p99.6;1996;1196431.0;992;j
RS;tcainc992j;p99.5p99.6;1997;1252263.3;992;j
RS;tcainc992j;p99.5p99.6;1998;1399603.3;992;j
RS;tcainc992j;p99.5p99.6;1999;1658122.8;992;j
RS;tcainc992j;p99.5p99.6;2000;1899297.6;992;j
RS;tcainc992j;p99.5p99.6;2001;1901994.9;992;j
RS;tcainc992j;p99.5p99.6;2002;2051286.8;992;j
RS;tcainc992j;p99.5p99.6;2003;2144241.0;992;j
RS;tcainc992j;p99.5p99.6;2004;2598810.8;992;j
RS;tcainc992j;p99.5p99.6;2005;3035322.0;992;j
RS;tcainc992j;p99.5p99.6;2006;3305447.5;992;j
RS;tcainc992j;p99.5p99.6;2007;3253869.8;992;j
RS;tcainc992j;p99.5p99.6;2008;3512003.0;992;j
RS;tcainc992j;p99.5p99.6;2009;3578594.8;992;j
RS;tcainc992j;p99.5p99.6;2010;3712542.5;992;j
RS;tcainc992j;p99.5p99.6;2011;3852023.5;992;j
RS;tcainc992j;p99.5p99.6;2012;4002745.3;992;j
RS;tcainc992j;p99.5p99.6;2013;3983164.3;992;j
RS;tcainc992j;p99.5p99.6;2014;3972786.3;992;j
RS;tcainc992j;p99.5p99.6;2015;4335481.0;992;j
RS;tcainc992j;p99.5p99.6;2016;4496395.0;992;j
RS;tcainc992j;p99.5p99.6;2017;4501204.5;992;j
RS;tdiinc992j;p61p62;1990;739421.31;992;j
RS;tdiinc992j;p61p62;1991;641905.38;992;j
RS;tdiinc992j;p61p62;1992;439034.81;992;j
RS;tdiinc992j;p61p62;1993;284246.19;992;j
RS;tdiinc992j;p61p62;1994;292172.41;992;j
RS;tdiinc992j;p61p62;1995;307732.91;992;j
RS;tdiinc992j;p61p62;1996;310189.19;992;j
RS;tdiinc992j;p61p62;1997;328963.5;992;j
RS;tdiinc992j;p61p62;1998;344730.5;992;j
RS;tdiinc992j;p61p62;1999;373841.41;992;j
RS;tdiinc992j;p61p62;2000;405950.69;992;j
RS;tdiinc992j;p61p62;2001;401866.0;992;j
RS;tdiinc992j;p61p62;2002;433357.31;992;j
RS;tdiinc992j;p61p62;2003;454947.91;992;j
RS;tdiinc992j;p61p62;2004;510247.41;992;j
RS;tdiinc992j;p61p62;2005;564693.5;992;j
RS;tdiinc992j;p61p62;2006;595104.5;992;j
RS;tdiinc992j;p61p62;2007;619483.19;992;j
RS;tdiinc992j;p61p62;2008;658821.13;992;j
RS;tdiinc992j;p61p62;2009;641468.88;992;j
RS;tdiinc992j;p61p62;2010;635914.31;992;j
RS;tdiinc992j;p61p62;2011;634115.38;992;j
RS;tdiinc992j;p61p62;2012;630370.13;992;j
RS;tdiinc992j;p61p62;2013;651555.38;992;j
RS;tdiinc992j;p61p62;2014;629039.13;992;j
RS;tdiinc992j;p61p62;2015;612670.19;992;j
RS;tdiinc992j;p61p62;2016;630699.13;992;j
RS;tdiinc992j;p61p62;2017;634157.63;992;j
RS;tdiinc992j;p64p65;1990;776514.5;992;j
RS;tdiinc992j;p64p65;1991;674701.13;992;j
RS;tdiinc992j;p64p65;1992;461661.41;992;j
RS;tdiinc992j;p64p65;1993;298791.59;992;j
RS;tdiinc992j;p64p65;1994;307160.81;992;j
RS;tdiinc992j;p64p65;1995;323716.31;992;j
RS;tdiinc992j;p64p65;1996;326187.81;992;j
RS;tdiinc992j;p64p65;1997;345720.91;992;j
RS;tdiinc992j;p64p65;1998;361921.81;992;j
RS;tdiinc992j;p64p65;1999;392467.41;992;j
RS;tdiinc992j;p64p65;2000;424911.5;992;j
RS;tdiinc992j;p64p65;2001;423302.81;992;j
RS;tdiinc992j;p64p65;2002;458735.59;992;j
RS;tdiinc992j;p64p65;2003;482099.31;992;j
RS;tdiinc992j;p64p65;2004;542444.31;992;j
RS;tdiinc992j;p64p65;2005;598018.13;992;j
RS;tdiinc992j;p64p65;2006;631602.38;992;j
RS;tdiinc992j;p64p65;2007;656662.63;992;j
RS;tdiinc992j;p64p65;2008;697932.31;992;j
RS;tdiinc992j;p64p65;2009;680885.81;992;j
RS;tdiinc992j;p64p65;2010;678273.88;992;j
RS;tdiinc992j;p64p65;2011;677133.88;992;j
RS;tdiinc992j;p64p65;2012;672616.31;992;j
RS;tdiinc992j;p64p65;2013;698489.38;992;j
RS;tdiinc992j;p64p65;2014;667190.63;992;j
RS;tdiinc992j;p64p65;2015;651131.13;992;j
RS;tdiinc992j;p64p65;2016;670929.5;992;j
RS;tdiinc992j;p64p65;2017;674715.81;992;j
RS;tdiinc992j;p80p100;1990;1025158.3;992;j
RS;tdiinc992j;p80p100;1991;887924.31;992;j
RS;tdiinc992j;p80p100;1992;606286.13;992;j
RS;tdiinc992j;p80p100;1993;391780.41;992;j
RS;tdiinc992j;p80p100;1994;401965.81;992;j
RS;tdiinc992j;p80p100;1995;422610.31;992;j
RS;tdiinc992j;p80p100;1996;425128.81;992;j
RS;tdiinc992j;p80p100;1997;449247.59;992;j
RS;tdiinc992j;p80p100;1998;466784.0;992;j
RS;tdiinc992j;p80p100;1999;507340.69;992;j
RS;tdiinc992j;p80p100;2000;552699.38;992;j
RS;tdiinc992j;p80p100;2001;545603.38;992;j
RS;tdiinc992j;p80p100;2002;595779.63;992;j
RS;tdiinc992j;p80p100;2003;626646.38;992;j
RS;tdiinc992j;p80p100;2004;715283.5;992;j
RS;tdiinc992j;p80p100;2005;799498.63;992;j
RS;tdiinc992j;p80p100;2006;845776.0;992;j
RS;tdiinc992j;p80p100;2007;880887.13;992;j
RS;tdiinc992j;p80p100;2008;950735.31;992;j
RS;tdiinc992j;p80p100;2009;928362.81;992;j
RS;tdiinc992j;p80p100;2010;939632.69;992;j
RS;tdiinc992j;p80p100;2011;945779.38;992;j
RS;tdiinc992j;p80p100;2012;944813.88;992;j
RS;tdiinc992j;p80p100;2013;990353.88;992;j
RS;tdiinc992j;p80p100;2014;906205.81;992;j
RS;tdiinc992j;p80p100;2015;897138.31;992;j
RS;tdiinc992j;p80p100;2016;927514.0;992;j
RS;tdiinc992j;p80p100;2017;933111.31;992;j
RS;tdiinc992j;p81p100;1990;1043721.8;992;j
RS;tdiinc992j;p81p100;1991;904041.63;992;j
RS;tdiinc992j;p81p100;1992;617184.88;992;j
RS;tdiinc992j;p81p100;1993;398502.19;992;j
RS;tdiinc992j;p81p100;1994;408301.09;992;j
RS;tdiinc992j;p81p100;1995;430001.41;992;j
RS;tdiinc992j;p81p100;1996;432007.81;992;j
RS;tdiinc992j;p81p100;1997;456028.19;992;j
RS;tdiinc992j;p81p100;1998;473239.81;992;j
RS;tdiinc992j;p81p100;1999;514787.59;992;j
RS;tdiinc992j;p81p100;2000;559956.5;992;j
RS;tdiinc992j;p81p100;2001;554219.63;992;j
RS;tdiinc992j;p81p100;2002;604776.31;992;j
RS;tdiinc992j;p81p100;2003;636125.13;992;j
RS;tdiinc992j;p81p100;2004;727201.0;992;j
RS;tdiinc992j;p81p100;2005;812895.63;992;j
RS;tdiinc992j;p81p100;2006;862409.31;992;j
RS;tdiinc992j;p81p100;2007;899225.13;992;j
RS;tdiinc992j;p81p100;2008;968370.88;992;j
RS;tdiinc992j;p81p100;2009;947487.69;992;j
RS;tdiinc992j;p81p100;2010;960827.13;992;j
RS;tdiinc992j;p81p100;2011;969859.38;992;j
RS;tdiinc992j;p81p100;2012;966103.5;992;j
RS;tdiinc992j;p81p100;2013;1019140.1;992;j
RS;tdiinc992j;p81p100;2014;928115.13;992;j
RS;tdiinc992j;p81p100;2015;914778.88;992;j
RS;tdiinc992j;p81p100;2016;945985.63;992;j
RS;tdiinc992j;p81p100;2017;951747.13;992;j
RS;tdiinc992j;p97p100;1990;1840992.0;992;j
RS;tdiinc992j;p97p100;1991;1600020.0;992;j
RS;tdiinc992j;p97p100;1992;1100126.8;992;j
RS;tdiinc992j;p97p100;1993;716002.88;992;j
RS;tdiinc992j;p97p100;1994;738452.5;992;j
RS;tdiinc992j;p97p100;1995;780318.31;992;j
RS;tdiinc992j;p97p100;1996;784978.13;992;j
RS;tdiinc992j;p97p100;1997;829702.88;992;j
RS;tdiinc992j;p97p100;1998;885263.38;992;j
RS;tdiinc992j;p97p100;1999;978576.13;992;j
RS;tdiinc992j;p97p100;2000;1096535.5;992;j
RS;tdiinc992j;p97p100;2001;1096338.3;992;j
RS;tdiinc992j;p97p100;2002;1208771.8;992;j
RS;tdiinc992j;p97p100;2003;1273940.6;992;j
RS;tdiinc992j;p97p100;2004;1462589.1;992;j
RS;tdiinc992j;p97p100;2005;1657007.3;992;j
RS;tdiinc992j;p97p100;2006;1806265.0;992;j
RS;tdiinc992j;p97p100;2007;1872026.9;992;j
RS;tdiinc992j;p97p100;2008;2031139.6;992;j
RS;tdiinc992j;p97p100;2009;1998142.5;992;j
RS;tdiinc992j;p97p100;2010;2075668.1;992;j
RS;tdiinc992j;p97p100;2011;2147794.5;992;j
RS;tdiinc992j;p97p100;2012;2078428.1;992;j
RS;tdiinc992j;p97p100;2013;2161080.3;992;j
RS;tdiinc992j;p97p100;2014;1968790.5;992;j
RS;tdiinc992j;p97p100;2015;1975883.8;992;j
RS;tdiinc992j;p97p100;2016;2053882.0;992;j
RS;tdiinc992j;p97p100;2017;2068008.9;992;j
RS;tptinc992j;p0p100;1990;38046.898;992;j
RS;tptinc992j;p0p100;1991;30647.9;992;j
RS;tptinc992j;p0p100;1992;19364.6;992;j
RS;tptinc992j;p0p100;1993;11503.2;992;j
RS;tptinc992j;p0p100;1994;10762.0;992;j
RS;tptinc992j;p0p100;1995;10210.7;992;j
RS;tptinc992j;p0p100;1996;9016.4004;992;j
RS;tptinc992j;p0p100;1997;8147.2002;992;j
RS;tptinc992j;p0p100;1998;8770.9004;992;j
RS;tptinc992j;p0p100;1999;9103.5;992;j
RS;tptinc992j;p0p100;2000;9704.2002;992;j
RS;tptinc992j;p0p100;2001;10561.1;992;j
RS;tptinc992j;p0p100;2002;9846.5;992;j
RS;tptinc992j;p0p100;2003;12200.0;992;j
RS;tptinc992j;p0p100;2004;12672.4;992;j
RS;tptinc992j;p0p100;2005;14174.7;992;j
RS;tptinc992j;p0p100;2006;14586.9;992;j
RS;tptinc992j;p0p100;2007;15579.1;992;j
RS;tptinc992j;p0p100;2008;-1704301.4;992;j
RS;tptinc992j;p0p100;2009;10488.7;992;j
RS;tptinc992j;p0p100;2010;10715.4;992;j
RS;tptinc992j;p0p100;2011;11320.7;992;j
RS;tptinc992j;p0p100;2012;758.90002;992;j
RS;tptinc992j;p0p100;2013;-8439.0996;992;j
RS;tptinc992j;p0p100;2014;-14804.0;992;j
RS;tptinc992j;p0p100;2015;-18647.0;992;j
RS;tptinc992j;p0p100;2016;-21941.1;992;j
RS;tptinc992j;p0p100;2017;-25010.6;992;j
RS;tptinc992j;p25p100;1990;314834.5;992;j
RS;tptinc992j;p25p100;1991;271916.41;992;j
RS;tptinc992j;p25p100;1992;185236.2;992;j
RS;tptinc992j;p25p100;1993;120176.9;992;j
RS;tptinc992j;p25p100;1994;123538.1;992;j
RS;tptinc992j;p25p100;1995;130264.7;992;j
RS;tptinc992j;p25p100;1996;131077.8;992;j
RS;tptinc992j;p25p100;1997;138576.2;992;j
RS;tptinc992j;p25p100;1998;149189.0;992;j
RS;tptinc992j;p25p100;1999;162844.09;992;j
RS;tptinc992j;p25p100;2000;175379.5;992;j
RS;tptinc992j;p25p100;2001;173833.7;992;j
RS;tptinc992j;p25p100;2002;179629.09;992;j
RS;tptinc992j;p25p100;2003;182169.7;992;j
RS;tptinc992j;p25p100;2004;194449.41;992;j
RS;tptinc992j;p25p100;2005;207763.91;992;j
RS;tptinc992j;p25p100;2006;209018.41;992;j
RS;tptinc992j;p25p100;2007;212340.3;992;j
RS;tptinc992j;p25p100;2008;214147.0;992;j
RS;tptinc992j;p25p100;2009;204241.5;992;j
RS;tptinc992j;p25p100;2010;192127.7;992;j
RS;tptinc992j;p25p100;2011;173744.7;992;j
RS;tptinc992j;p25p100;2012;162601.09;992;j
RS;tptinc992j;p25p100;2013;161744.09;992;j
RS;tptinc992j;p25p100;2014;158441.5;992;j
RS;tptinc992j;p25p100;2015;165202.2;992;j
RS;tptinc992j;p25p100;2016;170392.2;992;j
RS;tptinc992j;p25p100;2017;171206.09;992;j
RS;tptinc992j;p51p52;1990;609710.19;992;j
RS;tptinc992j;p51p52;1991;526525.19;992;j
RS;tptinc992j;p51p52;1992;358704.0;992;j
RS;tptinc992j;p51p52;1993;231552.7;992;j
RS;tptinc992j;p51p52;1994;237872.8;992;j
RS;tptinc992j;p51p52;1995;249738.91;992;j
RS;tptinc992j;p51p52;1996;251133.2;992;j
RS;tptinc992j;p51p52;1997;265086.31;992;j
RS;tptinc992j;p51p52;1998;274660.5;992;j
RS;tptinc992j;p51p52;1999;300259.81;992;j
RS;tptinc992j;p51p52;2000;325636.59;992;j
RS;tptinc992j;p51p52;2001;323013.31;992;j
RS;tptinc992j;p51p52;2002;346534.81;992;j
RS;tptinc992j;p51p52;2003;361637.91;992;j
RS;tptinc992j;p51p52;2004;400874.5;992;j
RS;tptinc992j;p51p52;2005;440659.31;992;j
RS;tptinc992j;p51p52;2006;464847.69;992;j
RS;tptinc992j;p51p52;2007;482921.81;992;j
RS;tptinc992j;p51p52;2008;512229.09;992;j
RS;tptinc992j;p51p52;2009;501726.69;992;j
RS;tptinc992j;p51p52;2010;492500.59;992;j
RS;tptinc992j;p51p52;2011;486846.81;992;j
RS;tptinc992j;p51p52;2012;490385.91;992;j
RS;tptinc992j;p51p52;2013;510050.5;992;j
RS;tptinc992j;p51p52;2014;480151.19;992;j
RS;tptinc992j;p51p52;2015;497016.5;992;j
RS;tptinc992j;p51p52;2016;512661.09;992;j
RS;tptinc992j;p51p52;2017;515253.81;992;j
RS;tptinc992j;p62p100;1990;736882.38;992;j
RS;tptinc992j;p62p100;1991;637116.5;992;j
RS;tptinc992j;p62p100;1992;434467.81;992;j
RS;tptinc992j;p62p100;1993;280648.09;992;j
RS;tptinc992j;p62p100;1994;287774.69;992;j
RS;tptinc992j;p62p100;1995;302351.81;992;j
RS;tptinc992j;p62p100;1996;303830.41;992;j
RS;tptinc992j;p62p100;1997;321017.31;992;j
RS;tptinc992j;p62p100;1998;336819.91;992;j
RS;tptinc992j;p62p100;1999;367424.0;992;j
RS;tptinc992j;p62p100;2000;397177.69;992;j
RS;tptinc992j;p62p100;2001;391526.81;992;j
RS;tptinc992j;p62p100;2002;421931.59;992;j
RS;tptinc992j;p62p100;2003;444461.31;992;j
RS;tptinc992j;p62p100;2004;491596.69;992;j
RS;tptinc992j;p62p100;2005;545028.88;992;j
RS;tptinc992j;p62p100;2006;578450.31;992;j
RS;tptinc992j;p62p100;2007;604126.63;992;j
RS;tptinc992j;p62p100;2008;646725.69;992;j
RS;tptinc992j;p62p100;2009;633871.13;992;j
RS;tptinc992j;p62p100;2010;626101.88;992;j
RS;tptinc992j;p62p100;2011;621645.81;992;j
RS;tptinc992j;p62p100;2012;625280.88;992;j
RS;tptinc992j;p62p100;2013;652344.63;992;j
RS;tptinc992j;p62p100;2014;626018.81;992;j
RS;tptinc992j;p62p100;2015;637953.13;992;j
RS;tptinc992j;p62p100;2016;657623.81;992;j
RS;tptinc992j;p62p100;2017;661276.13;992;j
RS;tptinc992j;p98p100;1990;2389181.0;992;j
RS;tptinc992j;p98p100;1991;2084842.9;992;j
RS;tptinc992j;p98p100;1992;1437295.3;992;j
RS;tptinc992j;p98p100;1993;936509.69;992;j
RS;tptinc992j;p98p100;1994;971879.81;992;j
RS;tptinc992j;p98p100;1995;1031239.9;992;j
RS;tptinc992j;p98p100;1996;1041708.4;992;j
RS;tptinc992j;p98p100;1997;1106140.0;992;j
RS;tptinc992j;p98p100;1998;1178102.0;992;j
RS;tptinc992j;p98p100;1999;1298943.1;992;j
RS;tptinc992j;p98p100;2000;1470162.6;992;j
RS;tptinc992j;p98p100;2001;1476662.5;992;j
RS;tptinc992j;p98p100;2002;1625786.6;992;j
RS;tptinc992j;p98p100;2003;1729181.9;992;j
RS;tptinc992j;p98p100;2004;1998920.0;992;j
RS;tptinc992j;p98p100;2005;2289621.0;992;j
RS;tptinc992j;p98p100;2006;2442980.5;992;j
RS;tptinc992j;p98p100;2007;2483956.0;992;j
RS;tptinc992j;p98p100;2008;2664455.3;992;j
RS;tptinc992j;p98p100;2009;2655140.3;992;j
RS;tptinc992j;p98p100;2010;2774466.3;992;j
RS;tptinc992j;p98p100;2011;2844913.3;992;j
RS;tptinc992j;p98p100;2012;2904485.0;992;j
RS;tptinc992j;p98p100;2013;2900879.3;992;j
RS;tptinc992j;p98p100;2014;2826437.3;992;j
RS;tptinc992j;p98p100;2015;2789921.3;992;j
RS;tptinc992j;p98p100;2016;2877642.8;992;j
RS;tptinc992j;p98p100;2017;2897794.3;992;j
RS;tptinc992j;p99.4p100;1990;4062928.0;992;j
RS;tptinc992j;p99.4p100;1991;3562852.5;992;j
RS;tptinc992j;p99.4p100;1992;2467673.8;992;j
RS;tptinc992j;p99.4p100;1993;1615957.9;992;j
RS;tptinc992j;p99.4p100;1994;1685425.9;992;j
RS;tptinc992j;p99.4p100;1995;1797905.1;992;j
RS;tptinc992j;p99.4p100;1996;1821804.9;992;j
RS;tptinc992j;p99.4p100;1997;1940277.1;992;j
RS;tptinc992j;p99.4p100;1998;2069861.6;992;j
RS;tptinc992j;p99.4p100;1999;2314605.8;992;j
RS;tptinc992j;p99.4p100;2000;2664725.5;992;j
RS;tptinc992j;p99.4p100;2001;2710925.3;992;j
RS;tptinc992j;p99.4p100;2002;2977516.0;992;j
RS;tptinc992j;p99.4p100;2003;3143837.3;992;j
RS;tptinc992j;p99.4p100;2004;3646664.0;992;j
RS;tptinc992j;p99.4p100;2005;4151484.5;992;j
RS;tptinc992j;p99.4p100;2006;4430655.5;992;j
RS;tptinc992j;p99.4p100;2007;4418139.0;992;j
RS;tptinc992j;p99.4p100;2008;4750201.0;992;j
RS;tptinc992j;p99.4p100;2009;4718450.0;992;j
RS;tptinc992j;p99.4p100;2010;4938443.5;992;j
RS;tptinc992j;p99.4p100;2011;5095394.5;992;j
RS;tptinc992j;p99.4p100;2012;5074596.5;992;j
RS;tptinc992j;p99.4p100;2013;5104243.0;992;j
RS;tptinc992j;p99.4p100;2014;5281938.5;992;j
RS;tptinc992j;p99.4p100;2015;5159250.5;992;j
RS;tptinc992j;p99.4p100;2016;5323285.5;992;j
RS;tptinc992j;p99.4p100;2017;5362929.0;992;j
RS;tptinc992j;p99.993p100;1990;37592032.0;992;j
RS;tptinc992j;p99.993p100;1991;33714456.0;992;j
RS;tptinc992j;p99.993p100;1992;23594448.0;992;j
RS;tptinc992j;p99.993p100;1993;15786108.0;992;j
RS;tptinc992j;p99.993p100;1994;16570653.0;992;j
RS;tptinc992j;p99.993p100;1995;18027114.0;992;j
RS;tptinc992j;p99.993p100;1996;18573628.0;992;j
RS;tptinc992j;p99.993p100;1997;20148518.0;992;j
RS;tptinc992j;p99.993p100;1998;20998758.0;992;j
RS;tptinc992j;p99.993p100;1999;24795762.0;992;j
RS;tptinc992j;p99.993p100;2000;29296208.0;992;j
RS;tptinc992j;p99.993p100;2001;31454332.0;992;j
RS;tptinc992j;p99.993p100;2002;33140216.0;992;j
RS;tptinc992j;p99.993p100;2003;34016072.0;992;j
RS;tptinc992j;p99.993p100;2004;39488080.0;992;j
RS;tptinc992j;p99.993p100;2005;42724776.0;992;j
RS;tptinc992j;p99.993p100;2006;45656204.0;992;j
RS;tptinc992j;p99.993p100;2007;43328112.0;992;j
RS;tptinc992j;p99.993p100;2008;47259892.0;992;j
RS;tptinc992j;p99.993p100;2009;45895608.0;992;j
RS;tptinc992j;p99.993p100;2010;45238596.0;992;j
RS;tptinc992j;p99.993p100;2011;47975576.0;992;j
RS;tptinc992j;p99.993p100;2012;38387316.0;992;j
RS;tptinc992j;p99.993p100;2013;42446928.0;992;j
RS;tptinc992j;p99.993p100;2014;62967232.0;992;j
RS;tptinc992j;p99.993p100;2015;61313220.0;992;j
RS;tptinc992j;p99.993p100;2016;63276636.0;992;j
RS;tptinc992j;p99.993p100;2017;63723932.0;992;j
RS;tptinc992j;p99.997p99.998;1990;58429540.0;992;j
RS;tptinc992j;p99.997p99.998;1991;52633448.0;992;j
RS;tptinc992j;p99.997p99.998;1992;36886072.0;992;j
RS;tptinc992j;p99.997p99.998;1993;24780786.0;992;j
RS;tptinc992j;p99.997p99.998;1994;26020546.0;992;j
RS;tptinc992j;p99.997p99.998;1995;28409190.0;992;j
RS;tptinc992j;p99.997p99.998;1996;29370080.0;992;j
RS;tptinc992j;p99.997p99.998;1997;31983528.0;992;j
RS;tptinc992j;p99.997p99.998;1998;33125086.0;992;j
RS;tptinc992j;p99.997p99.998;1999;39513136.0;992;j
RS;tptinc992j;p99.997p99.998;2000;46795020.0;992;j
RS;tptinc992j;p99.997p99.998;2001;50765964.0;992;j
RS;tptinc992j;p99.997p99.998;2002;52968524.0;992;j
RS;tptinc992j;p99.997p99.998;2003;54079736.0;992;j
RS;tptinc992j;p99.997p99.998;2004;62741832.0;992;j
RS;tptinc992j;p99.997p99.998;2005;67124896.0;992;j
RS;tptinc992j;p99.997p99.998;2006;71749208.0;992;j
RS;tptinc992j;p99.997p99.998;2007;67563592.0;992;j
RS;tptinc992j;p99.997p99.998;2008;73919992.0;992;j
RS;tptinc992j;p99.997p99.998;2009;71435152.0;992;j
RS;tptinc992j;p99.997p99.998;2010;69327968.0;992;j
RS;tptinc992j;p99.997p99.998;2011;73923936.0;992;j
RS;tptinc992j;p99.997p99.998;2012;56277848.0;992;j
RS;tptinc992j;p99.997p99.998;2013;63648236.0;992;j
RS;tptinc992j;p99.997p99.998;2014;101895840.0;992;j
RS;tptinc992j;p99.997p99.998;2015;99377792.0;992;j
RS;tptinc992j;p99.997p99.998;2016;102557752.0;992;j
RS;tptinc992j;p99.997p99.998;2017;103262808.0;992;j
RS;acainc992j;p30p100;1990;674827.81;992;j
RS;acainc992j;p30p100;1991;584988.13;992;j
RS;acainc992j;p30p100;1992;399893.0;992;j
RS;acainc992j;p30p100;1993;258876.09;992;j
RS;acainc992j;p30p100;1994;266148.0;992;j
RS;acainc992j;p30p100;1995;280411.91;992;j
RS;acainc992j;p30p100;1996;282141.41;992;j
RS;acainc992j;p30p100;1997;297137.31;992;j
RS;acainc992j;p30p100;1998;324163.5;992;j
RS;acainc992j;p30p100;1999;370150.69;992;j
RS;acainc992j;p30p100;2000;402396.5;992;j
RS;acainc992j;p30p100;2001;392566.31;992;j
RS;acainc992j;p30p100;2002;414284.09;992;j
RS;acainc992j;p30p100;2003;437595.91;992;j
RS;acainc992j;p30p100;2004;527593.0;992;j
RS;acainc992j;p30p100;2005;602593.0;992;j
RS;acainc992j;p30p100;2006;639832.69;992;j
RS;acainc992j;p30p100;2007;641022.38;992;j
RS;acainc992j;p30p100;2008;688658.69;992;j
RS;acainc992j;p30p100;2009;683278.19;992;j
RS;acainc992j;p30p100;2010;690972.81;992;j
RS;acainc992j;p30p100;2011;702562.13;992;j
RS;acainc992j;p30p100;2012;702267.38;992;j
RS;acainc992j;p30p100;2013;719764.69;992;j
RS;acainc992j;p30p100;2014;692561.5;992;j
RS;acainc992j;p30p100;2015;708957.0;992;j
RS;acainc992j;p30p100;2016;735217.5;992;j
RS;acainc992j;p30p100;2017;735918.88;992;j
RS;acainc992j;p48p49;1990;421779.31;992;j
RS;acainc992j;p48p49;1991;367668.69;992;j
RS;acainc992j;p48p49;1992;252680.59;992;j
RS;acainc992j;p48p49;1993;164177.0;992;j
RS;acainc992j;p48p49;1994;169428.09;992;j
RS;acainc992j;p48p49;1995;179154.8;992;j
RS;acainc992j;p48p49;1996;181151.41;992;j
RS;acainc992j;p48p49;1997;191725.5;992;j
RS;acainc992j;p48p49;1998;204430.41;992;j
RS;acainc992j;p48p49;1999;232564.3;992;j
RS;acainc992j;p48p49;2000;250594.7;992;j
RS;acainc992j;p48p49;2001;242758.0;992;j
RS;acainc992j;p48p49;2002;251239.5;992;j
RS;acainc992j;p48p49;2003;262204.59;992;j
RS;acainc992j;p48p49;2004;311006.09;992;j
RS;acainc992j;p48p49;2005;347405.19;992;j
RS;acainc992j;p48p49;2006;363202.5;992;j
RS;acainc992j;p48p49;2007;362652.41;992;j
RS;acainc992j;p48p49;2008;387035.69;992;j
RS;acainc992j;p48p49;2009;379540.31;992;j
RS;acainc992j;p48p49;2010;372884.41;992;j
RS;acainc992j;p48p49;2011;373302.41;992;j
RS;acainc992j;p48p49;2012;364534.91;992;j
RS;acainc992j;p48p49;2013;375891.59;992;j
RS;acainc992j;p48p49;2014;360537.0;992;j
RS;acainc992j;p48p49;2015;362137.31;992;j
RS;acainc992j;p48p49;2016;375580.09;992;j
RS;acainc992j;p48p49;2017;375767.91;992;j
RS;acainc992j;p84p100;1990;1245809.9;992;j
RS;acainc992j;p84p100;1991;1076219.8;992;j
RS;acainc992j;p84p100;1992;733875.81;992;j
RS;acainc992j;p84p100;1993;474602.81;992;j
RS;acainc992j;p84p100;1994;487312.09;992;j
RS;acainc992j;p84p100;1995;512860.31;992;j
RS;acainc992j;p84p100;1996;514154.0;992;j
RS;acainc992j;p84p100;1997;539493.38;992;j
RS;acainc992j;p84p100;1998;596194.13;992;j
RS;acainc992j;p84p100;1999;689138.69;992;j
RS;acainc992j;p84p100;2000;761340.19;992;j
RS;acainc992j;p84p100;2001;750447.88;992;j
RS;acainc992j;p84p100;2002;799516.38;992;j
RS;acainc992j;p84p100;2003;848541.5;992;j
RS;acainc992j;p84p100;2004;1035009.1;992;j
RS;acainc992j;p84p100;2005;1201180.6;992;j
RS;acainc992j;p84p100;2006;1291751.6;992;j
RS;acainc992j;p84p100;2007;1289938.9;992;j
RS;acainc992j;p84p100;2008;1390550.5;992;j
RS;acainc992j;p84p100;2009;1398062.1;992;j
RS;acainc992j;p84p100;2010;1440213.4;992;j
RS;acainc992j;p84p100;2011;1486817.8;992;j
RS;acainc992j;p84p100;2012;1501626.0;992;j
RS;acainc992j;p84p100;2013;1524265.9;992;j
RS;acainc992j;p84p100;2014;1487112.8;992;j
RS;acainc992j;p84p100;2015;1586685.3;992;j
RS;acainc992j;p84p100;2016;1645512.1;992;j
RS;acainc992j;p84p100;2017;1647558.4;992;j
RS;acainc992j;p95p96;1990;1175794.8;992;j
RS;acainc992j;p95p96;1991;1021374.0;992;j
RS;acainc992j;p95p96;1992;701251.5;992;j
RS;acainc992j;p95p96;1993;455416.5;992;j
RS;acainc992j;p95p96;1994;469077.09;992;j
RS;acainc992j;p95p96;1995;494999.91;992;j
RS;acainc992j;p95p96;1996;498005.81;992;j
RS;acainc992j;p95p96;1997;524492.0;992;j
RS;acainc992j;p95p96;1998;578085.88;992;j
RS;acainc992j;p95p96;1999;658936.31;992;j
RS;acainc992j;p95p96;2000;725540.19;992;j
RS;acainc992j;p95p96;2001;707282.13;992;j
RS;acainc992j;p95p96;2002;758943.63;992;j
RS;acainc992j;p95p96;2003;806285.88;992;j
RS;acainc992j;p95p96;2004;985090.0;992;j
RS;acainc992j;p95p96;2005;1138268.9;992;j
RS;acainc992j;p95p96;2006;1234757.1;992;j
RS;acainc992j;p95p96;2007;1247245.8;992;j
RS;acainc992j;p95p96;2008;1360218.3;992;j
RS;acainc992j;p95p96;2009;1343642.8;992;j
RS;acainc992j;p95p96;2010;1397647.0;992;j
RS;acainc992j;p95p96;2011;1450501.4;992;j
RS;acainc992j;p95p96;2012;1398603.5;992;j
RS;acainc992j;p95p96;2013;1458486.8;992;j
RS;acainc992j;p95p96;2014;1326872.5;992;j
RS;acainc992j;p95p96;2015;1323417.8;992;j
RS;acainc992j;p95p96;2016;1372365.9;992;j
RS;acainc992j;p95p96;2017;1373801.5;992;j
RS;acainc992j;p99.993p100;1990;54343468.0;992;j
RS;acainc992j;p99.993p100;1991;43877404.0;992;j
RS;acainc992j;p99.993p100;1992;27301492.0;992;j
RS;acainc992j;p99.993p100;1993;16631025.0;992;j
RS;acainc992j;p99.993p100;1994;16406691.0;992;j
RS;acainc992j;p99.993p100;1995;16690549.0;992;j
RS;acainc992j;p99.993p100;1996;16007560.0;992;j
RS;acainc992j;p99.993p100;1997;16009568.0;992;j
RS;acainc992j;p99.993p100;1998;18815572.0;992;j
RS;acainc992j;p99.993p100;1999;26755076.0;992;j
RS;acainc992j;p99.993p100;2000;30890634.0;992;j
RS;acainc992j;p99.993p100;2001;35488956.0;992;j
RS;acainc992j;p99.993p100;2002;34473376.0;992;j
RS;acainc992j;p99.993p100;2003;36175048.0;992;j
RS;acainc992j;p99.993p100;2004;44028184.0;992;j
RS;acainc992j;p99.993p100;2005;54705708.0;992;j
RS;acainc992j;p99.993p100;2006;52265728.0;992;j
RS;acainc992j;p99.993p100;2007;44477804.0;992;j
RS;acainc992j;p99.993p100;2008;41227328.0;992;j
RS;acainc992j;p99.993p100;2009;51434920.0;992;j
RS;acainc992j;p99.993p100;2010;48693192.0;992;j
RS;acainc992j;p99.993p100;2011;47807556.0;992;j
RS;acainc992j;p99.993p100;2012;78278744.0;992;j
RS;acainc992j;p99.993p100;2013;58215440.0;992;j
RS;acainc992j;p99.993p100;2014;120819184.0;992;j
RS;acainc992j;p99.993p100;2015;212993120.0;992;j
RS;acainc992j;p99.993p100;2016;221094304.0;992;j
RS;acainc992j;p99.993p100;2017;221801328.0;992;j
RS;adiinc992j;p10p11;1990;209062.09;992;j
RS;adiinc992j;p10p11;1991;183777.91;992;j
RS;adiinc992j;p10p11;1992;127496.7;992;j
RS;adiinc992j;p10p11;1993;84014.797;992;j
RS;adiinc992j;p10p11;1994;87926.203;992;j
RS;adiinc992j;p10p11;1995;94289.203;992;j
RS;adiinc992j;p10p11;1996;96881.203;992;j
RS;adiinc992j;p10p11;1997;104941.5;992;j
RS;adiinc992j;p10p11;1998;116633.4;992;j
RS;adiinc992j;p10p11;1999;125025.9;992;j
RS;adiinc992j;p10p11;2000;136784.41;992;j
RS;adiinc992j;p10p11;2001;134632.8;992;j
RS;adiinc992j;p10p11;2002;132871.7;992;j
RS;adiinc992j;p10p11;2003;129058.7;992;j
RS;adiinc992j;p10p11;2004;128394.7;992;j
RS;adiinc992j;p10p11;2005;130091.9;992;j
RS;adiinc992j;p10p11;2006;126180.6;992;j
RS;adiinc992j;p10p11;2007;122868.0;992;j
RS;adiinc992j;p10p11;2008;126058.1;992;j
RS;adiinc992j;p10p11;2009;119224.0;992;j
RS;adiinc992j;p10p11;2010;108833.6;992;j
RS;adiinc992j;p10p11;2011;95849.297;992;j
RS;adiinc992j;p10p11;2012;91040.297;992;j
RS;adiinc992j;p10p11;2013;112627.3;992;j
RS;adiinc992j;p10p11;2014;155850.8;992;j
RS;adiinc992j;p10p11;2015;127811.3;992;j
RS;adiinc992j;p10p11;2016;124572.3;992;j
RS;adiinc992j;p10p11;2017;124431.9;992;j
RS;adiinc992j;p22p100;1990;883520.19;992;j
RS;adiinc992j;p22p100;1991;766538.13;992;j
RS;adiinc992j;p22p100;1992;524466.38;992;j
RS;adiinc992j;p22p100;1993;339792.81;992;j
RS;adiinc992j;p22p100;1994;349609.59;992;j
RS;adiinc992j;p22p100;1995;368626.5;992;j
RS;adiinc992j;p22p100;1996;371216.09;992;j
RS;adiinc992j;p22p100;1997;393019.59;992;j
RS;adiinc992j;p22p100;1998;412380.91;992;j
RS;adiinc992j;p22p100;1999;452171.41;992;j
RS;adiinc992j;p22p100;2000;497429.19;992;j
RS;adiinc992j;p22p100;2001;496837.81;992;j
RS;adiinc992j;p22p100;2002;537895.69;992;j
RS;adiinc992j;p22p100;2003;565627.5;992;j
RS;adiinc992j;p22p100;2004;640756.69;992;j
RS;adiinc992j;p22p100;2005;716093.13;992;j
RS;adiinc992j;p22p100;2006;759157.69;992;j
RS;adiinc992j;p22p100;2007;784443.38;992;j
RS;adiinc992j;p22p100;2008;836217.81;992;j
RS;adiinc992j;p22p100;2009;822471.69;992;j
RS;adiinc992j;p22p100;2010;827611.88;992;j
RS;adiinc992j;p22p100;2011;833985.38;992;j
RS;adiinc992j;p22p100;2012;833636.38;992;j
RS;adiinc992j;p22p100;2013;851534.19;992;j
RS;adiinc992j;p22p100;2014;822243.13;992;j
RS;adiinc992j;p22p100;2015;836117.0;992;j
RS;adiinc992j;p22p100;2016;863999.63;992;j
RS;adiinc992j;p22p100;2017;869359.88;992;j
RS;adiinc992j;p30p40;1990;477713.19;992;j
RS;adiinc992j;p30p40;1991;416372.69;992;j
RS;adiinc992j;p30p40;1992;286288.41;992;j
RS;adiinc992j;p30p40;1993;186289.3;992;j
RS;adiinc992j;p30p40;1994;192540.59;992;j
RS;adiinc992j;p30p40;1995;203918.91;992;j
RS;adiinc992j;p30p40;1996;206675.09;992;j
RS;adiinc992j;p30p40;1997;220478.41;992;j
RS;adiinc992j;p30p40;1998;225677.59;992;j
RS;adiinc992j;p30p40;1999;245100.5;992;j
RS;adiinc992j;p30p40;2000;268567.0;992;j
RS;adiinc992j;p30p40;2001;267513.09;992;j
RS;adiinc992j;p30p40;2002;285155.59;992;j
RS;adiinc992j;p30p40;2003;297598.69;992;j
RS;adiinc992j;p30p40;2004;328357.81;992;j
RS;adiinc992j;p30p40;2005;359261.81;992;j
RS;adiinc992j;p30p40;2006;372055.09;992;j
RS;adiinc992j;p30p40;2007;383373.19;992;j
RS;adiinc992j;p30p40;2008;403305.31;992;j
RS;adiinc992j;p30p40;2009;388607.59;992;j
RS;adiinc992j;p30p40;2010;377986.19;992;j
RS;adiinc992j;p30p40;2011;366726.59;992;j
RS;adiinc992j;p30p40;2012;360518.81;992;j
RS;adiinc992j;p30p40;2013;356660.81;992;j
RS;adiinc992j;p30p40;2014;356968.41;992;j
RS;adiinc992j;p30p40;2015;349525.69;992;j
RS;adiinc992j;p30p40;2016;355979.59;992;j
RS;adiinc992j;p30p40;2017;357490.19;992;j
RS;adiinc992j;p38p39;1990;514926.31;992;j
RS;adiinc992j;p38p39;1991;448131.09;992;j
RS;adiinc992j;p38p39;1992;307543.09;992;j
RS;adiinc992j;p38p39;1993;199688.41;992;j
RS;adiinc992j;p38p39;1994;205986.8;992;j
RS;adiinc992j;p38p39;1995;217671.7;992;j
RS;adiinc992j;p38p39;1996;220182.09;992;j
RS;adiinc992j;p38p39;1997;234391.8;992;j
RS;adiinc992j;p38p39;1998;238472.5;992;j
RS;adiinc992j;p38p39;1999;259399.0;992;j
RS;adiinc992j;p38p39;2000;283290.81;992;j
RS;adiinc992j;p38p39;2001;283200.91;992;j
RS;adiinc992j;p38p39;2002;300245.91;992;j
RS;adiinc992j;p38p39;2003;315108.5;992;j
RS;adiinc992j;p38p39;2004;347605.0;992;j
RS;adiinc992j;p38p39;2005;379635.5;992;j
RS;adiinc992j;p38p39;2006;395321.09;992;j
RS;adiinc992j;p38p39;2007;408806.19;992;j
RS;adiinc992j;p38p39;2008;432550.81;992;j
RS;adiinc992j;p38p39;2009;418636.5;992;j
RS;adiinc992j;p38p39;2010;409142.19;992;j
RS;adiinc992j;p38p39;2011;399994.19;992;j
RS;adiinc992j;p38p39;2012;392646.09;992;j
RS;adiinc992j;p38p39;2013;392935.59;992;j
RS;adiinc992j;p38p39;2014;391665.59;992;j
RS;adiinc992j;p38p39;2015;386429.91;992;j
RS;adiinc992j;p38p39;2016;394518.19;992;j
RS;adiinc992j;p38p39;2017;396298.31;992;j
RS;adiinc992j;p99.99p99.991;1990;28223802.0;992;j
RS;adiinc992j;p99.99p99.991;1991;23446266.0;992;j
RS;adiinc992j;p99.99p99.991;1992;15184299.0;992;j
RS;adiinc992j;p99.99p99.991;1993;9517765.0;992;j
RS;adiinc992j;p99.99p99.991;1994;9565966.0;992;j
RS;adiinc992j;p99.99p99.991;1995;9890561.0;992;j
RS;adiinc992j;p99.99p99.991;1996;9645730.0;992;j
RS;adiinc992j;p99.99p99.991;1997;9852770.0;992;j
RS;adiinc992j;p99.99p99.991;1998;11037127.0;992;j
RS;adiinc992j;p99.99p99.991;1999;14187470.0;992;j
RS;adiinc992j;p99.99p99.991;2000;16533698.0;992;j
RS;adiinc992j;p99.99p99.991;2001;18389248.0;992;j
RS;adiinc992j;p99.99p99.991;2002;19076308.0;992;j
RS;adiinc992j;p99.99p99.991;2003;19852028.0;992;j
RS;adiinc992j;p99.99p99.991;2004;22692962.0;992;j
RS;adiinc992j;p99.99p99.991;2005;26965116.0;992;j
RS;adiinc992j;p99.99p99.991;2006;27278702.0;992;j
RS;adiinc992j;p99.99p99.991;2007;25210452.0;992;j
RS;adiinc992j;p99.99p99.991;2008;24661082.0;992;j
RS;adiinc992j;p99.99p99.991;2009;28298408.0;992;j
RS;adiinc992j;p99.99p99.991;2010;27724400.0;992;j
RS;adiinc992j;p99.99p99.991;2011;27763092.0;992;j
RS;adiinc992j;p99.99p99.991;2012;37874324.0;992;j
RS;adiinc992j;p99.99p99.991;2013;31653340.0;992;j
RS;adiinc992j;p99.99p99.991;2014;48287188.0;992;j
RS;adiinc992j;p99.99p99.991;2015;68517792.0;992;j
RS;adiinc992j;p99.99p99.991;2016;71565728.0;992;j
RS;adiinc992j;p99.99p99.991;2017;72173416.0;992;j
RS;apriho992i;p0p100;1997;335716.69;992;i
RS;apriho992i;p0p100;1998;302251.19;992;i
RS;apriho992i;p0p100;1999;328400.81;992;i
RS;apriho992i;p0p100;2000;345177.91;992;i
RS;apriho992i;p0p100;2001;361433.69;992;i
RS;apriho992i;p0p100;2002;375673.81;992;i
RS;apriho992i;p0p100;2003;399031.31;992;i
RS;apriho992i;p0p100;2004;411563.81;992;i
RS;apriho992i;p0p100;2005;448790.5;992;i
RS;apriho992i;p0p100;2006;477235.5;992;i
RS;apriho992i;p0p100;2007;506152.69;992;i
RS;apriho992i;p0p100;2008;538860.13;992;i
RS;apriho992i;p0p100;2009;507741.5;992;i
RS;apriho992i;p0p100;2010;504266.19;992;i
RS;apriho992i;p0p100;2011;519060.31;992;i
RS;aptfon999i;p0p100;2007;-5614.1001;999;i
RS;aptfon999i;p0p100;2008;-7764.1001;999;i
RS;aptfon999i;p0p100;2009;-8460.5;999;i
RS;aptfon999i;p0p100;2010;-9451.5;999;i
RS;aptfon999i;p0p100;2011;-9736.5996;999;i
RS;aptfon999i;p0p100;2012;-10088.8;999;i
RS;aptfon999i;p0p100;2013;-12176.3;999;i
RS;aptfon999i;p0p100;2014;-13319.9;999;i
RS;aptfon999i;p0p100;2015;-15224.9;999;i
RS;aptfon999i;p0p100;2016;-14496.4;999;i
RS;aptfon999i;p0p100;2017;-11324.4;999;i
RS;aptfon999i;p0p100;2018;-8460.4004;999;i
RS;aseghn992i;p0p100;1997;338033.0;992;i
RS;aseghn992i;p0p100;1998;323046.31;992;i
RS;aseghn992i;p0p100;1999;353761.69;992;i
RS;aseghn992i;p0p100;2000;375540.41;992;i
RS;aseghn992i;p0p100;2001;385840.59;992;i
RS;aseghn992i;p0p100;2002;405315.69;992;i
RS;aseghn992i;p0p100;2003;427794.31;992;i
RS;aseghn992i;p0p100;2004;426262.81;992;i
RS;aseghn992i;p0p100;2005;475355.69;992;i
RS;aseghn992i;p0p100;2006;503973.5;992;i
RS;aseghn992i;p0p100;2007;530121.13;992;i
RS;aseghn992i;p0p100;2008;572965.69;992;i
RS;aseghn992i;p0p100;2009;567158.88;992;i
RS;aseghn992i;p0p100;2010;562678.88;992;i
RS;aseghn992i;p0p100;2011;556500.38;992;i
RS;bcainc992j;p6p100;1990;7.0043807;992;j
RS;bcainc992j;p6p100;1991;7.0311966;992;j
RS;bcainc992j;p6p100;1992;7.0617628;992;j
RS;bcainc992j;p6p100;1993;7.0521541;992;j
RS;bcainc992j;p6p100;1994;6.8293352;992;j
RS;bcainc992j;p6p100;1995;6.6725745;992;j
RS;bcainc992j;p6p100;1996;6.5002842;992;j
RS;bcainc992j;p6p100;1997;6.332046;992;j
RS;bcainc992j;p6p100;1998;5.8419509;992;j
RS;bcainc992j;p6p100;1999;5.6814432;992;j
RS;bcainc992j;p6p100;2000;6.0428314;992;j
RS;bcainc992j;p6p100;2001;6.2091675;992;j
RS;bcainc992j;p6p100;2002;8.1457262;992;j
RS;bcainc992j;p6p100;2003;8.1258612;992;j
RS;bcainc992j;p6p100;2004;9.7413559;992;j
RS;bcainc992j;p6p100;2005;10.916048;992;j
RS;bcainc992j;p6p100;2006;14.044789;992;j
RS;bcainc992j;p6p100;2007;17.938345;992;j
RS;bcainc992j;p6p100;2008;16.973347;992;j
RS;bcainc992j;p6p100;2009;15.457166;992;j
RS;bcainc992j;p6p100;2010;18.362169;992;j
RS;bcainc992j;p6p100;2011;21.509342;992;j
RS;bcainc992j;p6p100;2012;25.090321;992;j
RS;bcainc992j;p6p100;2013;13.382498;992;j
RS;bcainc992j;p6p100;2014;6.9412007;992;j
RS;bcainc992j;p6p100;2015;10.098074;992;j
RS;bcainc992j;p6p100;2016;10.085064;992;j
RS;bcainc992j;p6p100;2017;10.106392;992;j
RS;bdiinc992j;p49p100;1990;1.7921723;992;j
RS;bdiinc992j;p49p100;1991;1.7809789;992;j
RS;bdiinc992j;p49p100;1992;1.7716779;992;j
RS;bdiinc992j;p49p100;1993;1.7649026;992;j
RS;bdiinc992j;p49p100;1994;1.7591039;992;j
RS;bdiinc992j;p49p100;1995;1.7506219;992;j
RS;bdiinc992j;p49p100;1996;1.7422507;992;j
RS;bdiinc992j;p49p100;1997;1.731495;992;j
RS;bdiinc992j;p49p100;1998;1.7843853;992;j
RS;bdiinc992j;p49p100;1999;1.8013434;992;j
RS;bdiinc992j;p49p100;2000;1.8101581;992;j
RS;bdiinc992j;p49p100;2001;1.8228475;992;j
RS;bdiinc992j;p49p100;2002;1.8521286;992;j
RS;bdiinc992j;p49p100;2003;1.8704695;992;j
RS;bdiinc992j;p49p100;2004;1.9081248;992;j
RS;bdiinc992j;p49p100;2005;1.9549479;992;j
RS;bdiinc992j;p49p100;2006;1.9914838;992;j
RS;bdiinc992j;p49p100;2007;1.9899153;992;j
RS;bdiinc992j;p49p100;2008;2.0035458;992;j
RS;bdiinc992j;p49p100;2009;2.0349674;992;j
RS;bdiinc992j;p49p100;2010;2.0942707;992;j
RS;bdiinc992j;p49p100;2011;2.1382668;992;j
RS;bdiinc992j;p49p100;2012;2.1829929;992;j
RS;bdiinc992j;p49p100;2013;2.1791527;992;j
RS;bdiinc992j;p49p100;2014;2.1757586;992;j
RS;bdiinc992j;p49p100;2015;2.2239549;992;j
RS;bdiinc992j;p49p100;2016;2.2461267;992;j
RS;bdiinc992j;p49p100;2017;2.2490125;992;j
RS;bptinc992j;p66p100;1990;1.706318;992;j
RS;bptinc992j;p66p100;1991;1.719018;992;j
RS;bptinc992j;p66p100;1992;1.7302868;992;j
RS;bptinc992j;p66p100;1993;1.7399424;992;j
RS;bptinc992j;p66p100;1994;1.7472442;992;j
RS;bptinc992j;p66p100;1995;1.7597723;992;j
RS;bptinc992j;p66p100;1996;1.7664949;992;j
RS;bptinc992j;p66p100;1997;1.7738842;992;j
RS;bptinc992j;p66p100;1998;1.7764597;992;j
RS;bptinc992j;p66p100;1999;1.7977731;992;j
RS;bptinc992j;p66p100;2000;1.8415515;992;j
RS;bptinc992j;p66p100;2001;1.861312;992;j
RS;bptinc992j;p66p100;2002;1.874351;992;j
RS;bptinc992j;p66p100;2003;1.8844259;992;j
RS;bptinc992j;p66p100;2004;1.9389244;992;j
RS;bptinc992j;p66p100;2005;1.9750355;992;j
RS;bptinc992j;p66p100;2006;1.9807386;992;j
RS;bptinc992j;p66p100;2007;1.9522289;992;j
RS;bptinc992j;p66p100;2008;1.9623268;992;j
RS;bptinc992j;p66p100;2009;1.9758149;992;j
RS;bptinc992j;p66p100;2010;2.0260084;992;j
RS;bptinc992j;p66p100;2011;2.0678284;992;j
RS;bptinc992j;p66p100;2012;2.0568478;992;j
RS;bptinc992j;p66p100;2013;2.0251904;992;j
RS;bptinc992j;p66p100;2014;2.0963449;992;j
RS;bptinc992j;p66p100;2015;2.0540462;992;j
RS;bptinc992j;p66p100;2016;2.0549185;992;j
RS;bptinc992j;p66p100;2017;2.0564761;992;j
RS;bptinc992j;p76p100;1990;1.6226223;992;j
RS;bptinc992j;p76p100;1991;1.6310939;992;j
RS;bptinc992j;p76p100;1992;1.6421987;992;j
RS;bptinc992j;p76p100;1993;1.6518005;992;j
RS;bptinc992j;p76p100;1994;1.6609048;992;j
RS;bptinc992j;p76p100;1995;1.6709028;992;j
RS;bptinc992j;p76p100;1996;1.6769887;992;j
RS;bptinc992j;p76p100;1997;1.6823322;992;j
RS;bptinc992j;p76p100;1998;1.6933676;992;j
RS;bptinc992j;p76p100;1999;1.7195573;992;j
RS;bptinc992j;p76p100;2000;1.7631136;992;j
RS;bptinc992j;p76p100;2001;1.7858094;992;j
RS;bptinc992j;p76p100;2002;1.7941564;992;j
RS;bptinc992j;p76p100;2003;1.8112437;992;j
RS;bptinc992j;p76p100;2004;1.8426139;992;j
RS;bptinc992j;p76p100;2005;1.872802;992;j
RS;bptinc992j;p76p100;2006;1.8746639;992;j
RS;bptinc992j;p76p100;2007;1.8372557;992;j
RS;bptinc992j;p76p100;2008;1.8432285;992;j
RS;bptinc992j;p76p100;2009;1.8585014;992;j
RS;bptinc992j;p76p100;2010;1.9110497;992;j
RS;bptinc992j;p76p100;2011;1.9445367;992;j
RS;bptinc992j;p76p100;2012;1.9082861;992;j
RS;bptinc992j;p76p100;2013;1.8841032;992;j
RS;bptinc992j;p76p100;2014;1.9663208;992;j
RS;bptinc992j;p76p100;2015;1.9678432;992;j
RS;bptinc992j;p76p100;2016;1.9693409;992;j
RS;bptinc992j;p76p100;2017;1.9710946;992;j
RS;bptinc992j;p99.6p100;1990;1.9981412;992;j
RS;bptinc992j;p99.6p100;1991;2.0190623;992;j
RS;bptinc992j;p99.6p100;1992;2.0288599;992;j
RS;bptinc992j;p99.6p100;1993;2.0494506;992;j
RS;bptinc992j;p99.6p100;1994;2.0556362;992;j
RS;bptinc992j;p99.6p100;1995;2.0749276;992;j
RS;bptinc992j;p99.6p100;1996;2.0916147;992;j
RS;bptinc992j;p99.6p100;1997;2.1103799;992;j
RS;bptinc992j;p99.6p100;1998;2.0865064;992;j
RS;bptinc992j;p99.6p100;1999;2.1424685;992;j
RS;bptinc992j;p99.6p100;2000;2.1696;992;j
RS;bptinc992j;p99.6p100;2001;2.229389;992;j
RS;bptinc992j;p99.6p100;2002;2.1825314;992;j
RS;bptinc992j;p99.6p100;2003;2.1521997;992;j
RS;bptinc992j;p99.6p100;2004;2.1529067;992;j
RS;bptinc992j;p99.6p100;2005;2.100287;992;j
RS;bptinc992j;p99.6p100;2006;2.101573;992;j
RS;bptinc992j;p99.6p100;2007;2.0529885;992;j
RS;bptinc992j;p99.6p100;2008;2.0669274;992;j
RS;bptinc992j;p99.6p100;2009;2.0451434;992;j
RS;bptinc992j;p99.6p100;2010;1.9899086;992;j
RS;bptinc992j;p99.6p100;2011;2.0148191;992;j
RS;bptinc992j;p99.6p100;2012;1.8343657;992;j
RS;bptinc992j;p99.6p100;2013;1.9075583;992;j
RS;bptinc992j;p99.6p100;2014;2.2596872;992;j
RS;bptinc992j;p99.6p100;2015;2.2569134;992;j
RS;bptinc992j;p99.6p100;2016;2.2571454;992;j
RS;bptinc992j;p99.6p100;2017;2.256659;992;j
RS;bptinc992j;p99.991p100;1990;2.0935819;992;j
RS;bptinc992j;p99.991p100;1991;2.1165705;992;j
RS;bptinc992j;p99.991p100;1992;2.1236796;992;j
RS;bptinc992j;p99.991p100;1993;2.1457753;992;j
RS;bptinc992j;p99.991p100;1994;2.1470287;992;j
RS;bptinc992j;p99.991p100;1995;2.1665745;992;j
RS;bptinc992j;p99.991p100;1996;2.185637;992;j
RS;bptinc992j;p99.991p100;1997;2.2077334;992;j
RS;bptinc992j;p99.991p100;1998;2.171442;992;j
RS;bptinc992j;p99.991p100;1999;2.2290912;992;j
RS;bptinc992j;p99.991p100;2000;2.2416382;992;j
RS;bptinc992j;p99.991p100;2001;2.304832;992;j
RS;bptinc992j;p99.991p100;2002;2.2445066;992;j
RS;bptinc992j;p99.991p100;2003;2.2133634;992;j
RS;bptinc992j;p99.991p100;2004;2.2095492;992;j
RS;bptinc992j;p99.991p100;2005;2.145889;992;j
RS;bptinc992j;p99.991p100;2006;2.1473174;992;j
RS;bptinc992j;p99.991p100;2007;2.1066608;992;j
RS;bptinc992j;p99.991p100;2008;2.122905;992;j
RS;bptinc992j;p99.991p100;2009;2.0969107;992;j
RS;bptinc992j;p99.991p100;2010;2.0176547;992;j
RS;bptinc992j;p99.991p100;2011;2.0442452;992;j
RS;bptinc992j;p99.991p100;2012;1.8223058;992;j
RS;bptinc992j;p99.991p100;2013;1.9169098;992;j
RS;bptinc992j;p99.991p100;2014;2.3201773;992;j
RS;bptinc992j;p99.991p100;2015;2.331532;992;j
RS;bptinc992j;p99.991p100;2016;2.3313475;992;j
RS;bptinc992j;p99.991p100;2017;2.3300474;992;j
RS;mprghn999i;p0p100;1997;2484387446784.0;999;i
RS;mprghn999i;p0p100;1998;2264086872064.0;999;i
RS;mprghn999i;p0p100;1999;1947760852992.0;999;i
RS;mprghn999i;p0p100;2000;2056744599552.0;999;i
RS;mprghn999i;p0p100;2001;2149243682816.0;999;i
RS;mprghn999i;p0p100;2002;2237396680704.0;999;i
RS;mprghn999i;p0p100;2003;2361155911680.0;999;i
RS;mprghn999i;p0p100;2004;2449019502592.0;999;i
RS;mprghn999i;p0p100;2005;2668444254208.0;999;i
RS;mprghn999i;p0p100;2006;2826078519296.0;999;i
RS;mprghn999i;p0p100;2007;2976492552192.0;999;i
RS;mprghn999i;p0p100;2008;3166174707712.0;999;i
RS;mprghn999i;p0p100;2009;3014661242880.0;999;i
RS;mprghn999i;p0p100;2010;3003216035840.0;999;i
RS;mprghn999i;p0p100;2011;3065116622848.0;999;i
RS;mprpgo999i;p0p100;1997;6372648960.0;999;i
RS;mprpgo999i;p0p100;1998;3623955712.0;999;i
RS;mprpgo999i;p0p100;1999;-3723259904.0;999;i
RS;mprpgo999i;p0p100;2000;-3948947456.0;999;i
RS;mprpgo999i;p0p100;2001;-2951059456.0;999;i
RS;mprpgo999i;p0p100;2002;2420571392.0;999;i
RS;mprpgo999i;p0p100;2003;-4975010816.0;999;i
RS;mprpgo999i;p0p100;2004;-11017053184.0;999;i
RS;mprpgo999i;p0p100;2005;-8884306944.0;999;i
RS;mprpgo999i;p0p100;2006;-13762347008.0;999;i
RS;mprpgo999i;p0p100;2007;-2565492992.0;999;i
RS;mprpgo999i;p0p100;2008;2771150592.0;999;i
RS;mprpgo999i;p0p100;2009;-47202280.0;999;i
RS;mprpgo999i;p0p100;2010;-1300065664.0;999;i
RS;mprpgo999i;p0p100;2011;-11052579840.0;999;i
RS;mtaxhn999i;p0p100;1997;511684247552.0;999;i
RS;mtaxhn999i;p0p100;1998;513897070592.0;999;i
RS;mtaxhn999i;p0p100;1999;395949080576.0;999;i
RS;mtaxhn999i;p0p100;2000;408184553472.0;999;i
RS;mtaxhn999i;p0p100;2001;488248836096.0;999;i
RS;mtaxhn999i;p0p100;2002;593147723776.0;999;i
RS;mtaxhn999i;p0p100;2003;572888252416.0;999;i
RS;mtaxhn999i;p0p100;2004;653136166912.0;999;i
RS;mtaxhn999i;p0p100;2005;690937856000.0;999;i
RS;mtaxhn999i;p0p100;2006;778966335488.0;999;i
RS;mtaxhn999i;p0p100;2007;803731472384.0;999;i
RS;mtaxhn999i;p0p100;2008;844114231296.0;999;i
RS;mtaxhn999i;p0p100;2009;781769900032.0;999;i
RS;mtaxhn999i;p0p100;2010;787875692544.0;999;i
RS;mtaxhn999i;p0p100;2011;822461202432.0;999;i
RS;mtpigo999i;p0p100;1997;317602660352.0;999;i
RS;mtpigo999i;p0p100;1998;356080222208.0;999;i
RS;mtpigo999i;p0p100;1999;280313954304.0;999;i
RS;mtpigo999i;p0p100;2000;302878261248.0;999;i
RS;mtpigo999i;p0p100;2001;479030050816.0;999;i
RS;mtpigo999i;p0p100;2002;640191234048.0;999;i
RS;mtpigo999i;p0p100;2003;689374101504.0;999;i
RS;mtpigo999i;p0p100;2004;699258634240.0;999;i
RS;mtpigo999i;p0p100;2005;782138081280.0;999;i
RS;mtpigo999i;p0p100;2006;770250244096.0;999;i
RS;mtpigo999i;p0p100;2007;828910469120.0;999;i
RS;mtpigo999i;p0p100;2008;901239996416.0;999;i
RS;mtpigo999i;p0p100;2009;891092074496.0;999;i
RS;mtpigo999i;p0p100;2010;917259943936.0;999;i
RS;mtpigo999i;p0p100;2011;808082735104.0;999;i
RS;scainc992j;p24p100;1990;0.94090003;992;j
RS;scainc992j;p24p100;1991;0.94010001;992;j
RS;scainc992j;p24p100;1992;0.9393;992;j
RS;scainc992j;p24p100;1993;0.93849999;992;j
RS;scainc992j;p24p100;1994;0.93760002;992;j
RS;scainc992j;p24p100;1995;0.93669999;992;j
RS;scainc992j;p24p100;1996;0.93580002;992;j
RS;scainc992j;p24p100;1997;0.93489999;992;j
RS;scainc992j;p24p100;1998;0.93010002;992;j
RS;scainc992j;p24p100;1999;0.92970002;992;j
RS;scainc992j;p24p100;2000;0.93159997;992;j
RS;scainc992j;p24p100;2001;0.93239999;992;j
RS;scainc992j;p24p100;2002;0.9411;992;j
RS;scainc992j;p24p100;2003;0.94239998;992;j
RS;scainc992j;p24p100;2004;0.94929999;992;j
RS;scainc992j;p24p100;2005;0.95139998;992;j
RS;scainc992j;p24p100;2006;0.95649999;992;j
RS;scainc992j;p24p100;2007;0.95950001;992;j
RS;scainc992j;p24p100;2008;0.96130002;992;j
RS;scainc992j;p24p100;2009;0.96270001;992;j
RS;scainc992j;p24p100;2010;0.96740001;992;j
RS;scainc992j;p24p100;2011;0.97170001;992;j
RS;scainc992j;p24p100;2012;0.97310001;992;j
RS;scainc992j;p24p100;2013;0.97149998;992;j
RS;scainc992j;p24p100;2014;0.95490003;992;j
RS;scainc992j;p24p100;2015;0.96609998;992;j
RS;scainc992j;p24p100;2016;0.96609998;992;j
RS;scainc992j;p24p100;2017;0.96609998;992;j
RS;scainc992j;p54p100;1990;0.73839998;992;j
RS;scainc992j;p54p100;1991;0.73640001;992;j
RS;scainc992j;p54p100;1992;0.73449999;992;j
RS;scainc992j;p54p100;1993;0.73269999;992;j
RS;scainc992j;p54p100;1994;0.73100001;992;j
RS;scainc992j;p54p100;1995;0.72920001;992;j
RS;scainc992j;p54p100;1996;0.727;992;j
RS;scainc992j;p54p100;1997;0.72490001;992;j
RS;scainc992j;p54p100;1998;0.72409999;992;j
RS;scainc992j;p54p100;1999;0.72460002;992;j
RS;scainc992j;p54p100;2000;0.72790003;992;j
RS;scainc992j;p54p100;2001;0.7295;992;j
RS;scainc992j;p54p100;2002;0.74080002;992;j
RS;scainc992j;p54p100;2003;0.74409997;992;j
RS;scainc992j;p54p100;2004;0.75449997;992;j
RS;scainc992j;p54p100;2005;0.7604;992;j
RS;scainc992j;p54p100;2006;0.76920003;992;j
RS;scainc992j;p54p100;2007;0.77280003;992;j
RS;scainc992j;p54p100;2008;0.77710003;992;j
RS;scainc992j;p54p100;2009;0.78189999;992;j
RS;scainc992j;p54p100;2010;0.79269999;992;j
RS;scainc992j;p54p100;2011;0.8021;992;j
RS;scainc992j;p54p100;2012;0.80580002;992;j
RS;scainc992j;p54p100;2013;0.80900002;992;j
RS;scainc992j;p54p100;2014;0.7902;992;j
RS;scainc992j;p54p100;2015;0.80659997;992;j
RS;scainc992j;p54p100;2016;0.80650002;992;j
RS;scainc992j;p54p100;2017;0.80669999;992;j
RS;sptinc992j;p29p100;1990;0.92290002;992;j
RS;sptinc992j;p29p100;1991;0.92290002;992;j
RS;sptinc992j;p29p100;1992;0.92290002;992;j
RS;sptinc992j;p29p100;1993;0.92290002;992;j
RS;sptinc992j;p29p100;1994;0.92290002;992;j
RS;sptinc992j;p29p100;1995;0.92299998;992;j
RS;sptinc992j;p29p100;1996;0.92290002;992;j
RS;sptinc992j;p29p100;1997;0.92290002;992;j
RS;sptinc992j;p29p100;1998;0.91869998;992;j
RS;sptinc992j;p29p100;1999;0.91860002;992;j
RS;sptinc992j;p29p100;2000;0.92019999;992;j
RS;sptinc992j;p29p100;2001;0.92000002;992;j
RS;sptinc992j;p29p100;2002;0.92739999;992;j
RS;sptinc992j;p29p100;2003;0.92989999;992;j
RS;sptinc992j;p29p100;2004;0.93470001;992;j
RS;sptinc992j;p29p100;2005;0.93879998;992;j
RS;sptinc992j;p29p100;2006;0.94400001;992;j
RS;sptinc992j;p29p100;2007;0.94749999;992;j
RS;sptinc992j;p29p100;2008;0.95230001;992;j
RS;sptinc992j;p29p100;2009;0.95560002;992;j
RS;sptinc992j;p29p100;2010;0.95889997;992;j
RS;sptinc992j;p29p100;2011;0.9641;992;j
RS;sptinc992j;p29p100;2012;0.96630001;992;j
RS;sptinc992j;p29p100;2013;0.96810001;992;j
RS;sptinc992j;p29p100;2014;0.96899998;992;j
RS;sptinc992j;p29p100;2015;0.96740001;992;j
RS;sptinc992j;p29p100;2016;0.9673;992;j
RS;sptinc992j;p29p100;2017;0.96740001;992;j
RS;sptinc992j;p49p100;1990;0.79210001;992;j
RS;sptinc992j;p49p100;1991;0.79280001;992;j
RS;sptinc992j;p49p100;1992;0.79339999;992;j
RS;sptinc992j;p49p100;1993;0.79400003;992;j
RS;sptinc992j;p49p100;1994;0.79460001;992;j
RS;sptinc992j;p49p100;1995;0.79530001;992;j
RS;sptinc992j;p49p100;1996;0.7956;992;j
RS;sptinc992j;p49p100;1997;0.79610002;992;j
RS;sptinc992j;p49p100;1998;0.7942;992;j
RS;sptinc992j;p49p100;1999;0.79439998;992;j
RS;sptinc992j;p49p100;2000;0.79750001;992;j
RS;sptinc992j;p49p100;2001;0.79790002;992;j
RS;sptinc992j;p49p100;2002;0.8064;992;j
RS;sptinc992j;p49p100;2003;0.81019998;992;j
RS;sptinc992j;p49p100;2004;0.81730002;992;j
RS;sptinc992j;p49p100;2005;0.82410002;992;j
RS;sptinc992j;p49p100;2006;0.83099997;992;j
RS;sptinc992j;p49p100;2007;0.83329999;992;j
RS;sptinc992j;p49p100;2008;0.83990002;992;j
RS;sptinc992j;p49p100;2009;0.84460002;992;j
RS;sptinc992j;p49p100;2010;0.85119998;992;j
RS;sptinc992j;p49p100;2011;0.86000001;992;j
RS;sptinc992j;p49p100;2012;0.86299998;992;j
RS;sptinc992j;p49p100;2013;0.86330003;992;j
RS;sptinc992j;p49p100;2014;0.86830002;992;j
RS;sptinc992j;p49p100;2015;0.86269999;992;j
RS;sptinc992j;p49p100;2016;0.86269999;992;j
RS;sptinc992j;p49p100;2017;0.86290002;992;j
RS;sptinc992j;p51p100;1990;0.77579999;992;j
RS;sptinc992j;p51p100;1991;0.77649999;992;j
RS;sptinc992j;p51p100;1992;0.77719998;992;j
RS;sptinc992j;p51p100;1993;0.77789998;992;j
RS;sptinc992j;p51p100;1994;0.77859998;992;j
RS;sptinc992j;p51p100;1995;0.77929997;992;j
RS;sptinc992j;p51p100;1996;0.77969998;992;j
RS;sptinc992j;p51p100;1997;0.7802;992;j
RS;sptinc992j;p51p100;1998;0.77859998;992;j
RS;sptinc992j;p51p100;1999;0.77890003;992;j
RS;sptinc992j;p51p100;2000;0.78210002;992;j
RS;sptinc992j;p51p100;2001;0.78259999;992;j
RS;sptinc992j;p51p100;2002;0.79119998;992;j
RS;sptinc992j;p51p100;2003;0.79509997;992;j
RS;sptinc992j;p51p100;2004;0.80239999;992;j
RS;sptinc992j;p51p100;2005;0.80949998;992;j
RS;sptinc992j;p51p100;2006;0.81639999;992;j
RS;sptinc992j;p51p100;2007;0.8186;992;j
RS;sptinc992j;p51p100;2008;0.82529998;992;j
RS;sptinc992j;p51p100;2009;0.82999998;992;j
RS;sptinc992j;p51p100;2010;0.83700001;992;j
RS;sptinc992j;p51p100;2011;0.84600002;992;j
RS;sptinc992j;p51p100;2012;0.84890002;992;j
RS;sptinc992j;p51p100;2013;0.84899998;992;j
RS;sptinc992j;p51p100;2014;0.8545;992;j
RS;sptinc992j;p51p100;2015;0.84850001;992;j
RS;sptinc992j;p51p100;2016;0.84850001;992;j
RS;sptinc992j;p51p100;2017;0.84869999;992;j
RS;sptinc992j;p5p100;1990;0.99529999;992;j
RS;sptinc992j;p5p100;1991;0.99529999;992;j
RS;sptinc992j;p5p100;1992;0.99529999;992;j
RS;sptinc992j;p5p100;1993;0.99529999;992;j
RS;sptinc992j;p5p100;1994;0.99529999;992;j
RS;sptinc992j;p5p100;1995;0.99540001;992;j
RS;sptinc992j;p5p100;1996;0.99540001;992;j
RS;sptinc992j;p5p100;1997;0.99550003;992;j
RS;sptinc992j;p5p100;1998;0.99510002;992;j
RS;sptinc992j;p5p100;1999;0.995;992;j
RS;sptinc992j;p5p100;2000;0.99510002;992;j
RS;sptinc992j;p5p100;2001;0.995;992;j
RS;sptinc992j;p5p100;2002;0.99599999;992;j
RS;sptinc992j;p5p100;2003;0.99599999;992;j
RS;sptinc992j;p5p100;2004;0.99629998;992;j
RS;sptinc992j;p5p100;2005;0.99659997;992;j
RS;sptinc992j;p5p100;2006;0.99690002;992;j
RS;sptinc992j;p5p100;2007;0.9971;992;j
RS;sptinc992j;p5p100;2008;0.99760002;992;j
RS;sptinc992j;p5p100;2009;0.99790001;992;j
RS;sptinc992j;p5p100;2010;0.99800003;992;j
RS;sptinc992j;p5p100;2011;0.99830002;992;j
RS;sptinc992j;p5p100;2012;0.99830002;992;j
RS;sptinc992j;p5p100;2013;0.99870002;992;j
RS;sptinc992j;p5p100;2014;0.99860001;992;j
RS;sptinc992j;p5p100;2015;0.99860001;992;j
RS;sptinc992j;p5p100;2016;0.99860001;992;j
RS;sptinc992j;p5p100;2017;0.99860001;992;j
RS;sptinc992j;p68p100;1990;0.6117;992;j
RS;sptinc992j;p68p100;1991;0.61309999;992;j
RS;sptinc992j;p68p100;1992;0.61430001;992;j
RS;sptinc992j;p68p100;1993;0.61559999;992;j
RS;sptinc992j;p68p100;1994;0.61680001;992;j
RS;sptinc992j;p68p100;1995;0.6182;992;j
RS;sptinc992j;p68p100;1996;0.61900002;992;j
RS;sptinc992j;p68p100;1997;0.61979997;992;j
RS;sptinc992j;p68p100;1998;0.61930001;992;j
RS;sptinc992j;p68p100;1999;0.62050003;992;j
RS;sptinc992j;p68p100;2000;0.62599999;992;j
RS;sptinc992j;p68p100;2001;0.6279;992;j
RS;sptinc992j;p68p100;2002;0.63639998;992;j
RS;sptinc992j;p68p100;2003;0.64039999;992;j
RS;sptinc992j;p68p100;2004;0.64999998;992;j
RS;sptinc992j;p68p100;2005;0.6584;992;j
RS;sptinc992j;p68p100;2006;0.66469997;992;j
RS;sptinc992j;p68p100;2007;0.66530001;992;j
RS;sptinc992j;p68p100;2008;0.6717;992;j
RS;sptinc992j;p68p100;2009;0.67659998;992;j
RS;sptinc992j;p68p100;2010;0.68589997;992;j
RS;sptinc992j;p68p100;2011;0.6965;992;j
RS;sptinc992j;p68p100;2012;0.6983;992;j
RS;sptinc992j;p68p100;2013;0.69599998;992;j
RS;sptinc992j;p68p100;2014;0.70560002;992;j
RS;sptinc992j;p68p100;2015;0.69730002;992;j
RS;sptinc992j;p68p100;2016;0.69730002;992;j
RS;sptinc992j;p68p100;2017;0.69760001;992;j
RS;tcainc992j;p28p29;1990;263864.31;992;j
RS;tcainc992j;p28p29;1991;232190.2;992;j
RS;tcainc992j;p28p29;1992;161087.41;992;j
RS;tcainc992j;p28p29;1993;105767.5;992;j
RS;tcainc992j;p28p29;1994;110053.2;992;j
RS;tcainc992j;p28p29;1995;117395.2;992;j
RS;tcainc992j;p28p29;1996;119881.9;992;j
RS;tcainc992j;p28p29;1997;128019.3;992;j
RS;tcainc992j;p28p29;1998;141741.5;992;j
RS;tcainc992j;p28p29;1999;159350.0;992;j
RS;tcainc992j;p28p29;2000;172574.91;992;j
RS;tcainc992j;p28p29;2001;168264.8;992;j
RS;tcainc992j;p28p29;2002;171907.91;992;j
RS;tcainc992j;p28p29;2003;176992.91;992;j
RS;tcainc992j;p28p29;2004;204128.09;992;j
RS;tcainc992j;p28p29;2005;227500.2;992;j
RS;tcainc992j;p28p29;2006;230455.91;992;j
RS;tcainc992j;p28p29;2007;229669.0;992;j
RS;tcainc992j;p28p29;2008;236850.0;992;j
RS;tcainc992j;p28p29;2009;226475.09;992;j
RS;tcainc992j;p28p29;2010;210553.0;992;j
RS;tcainc992j;p28p29;2011;197713.59;992;j
RS;tcainc992j;p28p29;2012;200356.41;992;j
RS;tcainc992j;p28p29;2013;181704.8;992;j
RS;tcainc992j;p28p29;2014;196504.2;992;j
RS;tcainc992j;p28p29;2015;180941.41;992;j
RS;tcainc992j;p28p29;2016;187737.59;992;j
RS;tcainc992j;p28p29;2017;187789.59;992;j
RS;tcainc992j;p42p43;1990;372097.91;992;j
RS;tcainc992j;p42p43;1991;324017.31;992;j
RS;tcainc992j;p42p43;1992;222504.7;992;j
RS;tcainc992j;p42p43;1993;144504.41;992;j
RS;tcainc992j;p42p43;1994;149205.09;992;j
RS;tcainc992j;p42p43;1995;157627.2;992;j
RS;tcainc992j;p42p43;1996;159450.41;992;j
RS;tcainc992j;p42p43;1997;168803.59;992;j
RS;tcainc992j;p42p43;1998;180746.2;992;j
RS;tcainc992j;p42p43;1999;205520.0;992;j
RS;tcainc992j;p42p43;2000;221435.3;992;j
RS;tcainc992j;p42p43;2001;215037.8;992;j
RS;tcainc992j;p42p43;2002;222440.0;992;j
RS;tcainc992j;p42p43;2003;233424.8;992;j
RS;tcainc992j;p42p43;2004;275054.41;992;j
RS;tcainc992j;p42p43;2005;305772.19;992;j
RS;tcainc992j;p42p43;2006;317634.5;992;j
RS;tcainc992j;p42p43;2007;315256.81;992;j
RS;tcainc992j;p42p43;2008;334905.09;992;j
RS;tcainc992j;p42p43;2009;327482.81;992;j
RS;tcainc992j;p42p43;2010;319783.09;992;j
RS;tcainc992j;p42p43;2011;316988.91;992;j
RS;tcainc992j;p42p43;2012;309356.59;992;j
RS;tcainc992j;p42p43;2013;314322.59;992;j
RS;tcainc992j;p42p43;2014;309108.0;992;j
RS;tcainc992j;p42p43;2015;304112.31;992;j
RS;tcainc992j;p42p43;2016;315475.81;992;j
RS;tcainc992j;p42p43;2017;315652.5;992;j
RS;tcainc992j;p73p74;1990;644354.13;992;j
RS;tcainc992j;p73p74;1991;559332.88;992;j
RS;tcainc992j;p73p74;1992;382585.41;992;j
RS;tcainc992j;p73p74;1993;247788.8;992;j
RS;tcainc992j;p73p74;1994;254837.0;992;j
RS;tcainc992j;p73p74;1995;268457.31;992;j
RS;tcainc992j;p73p74;1996;270848.09;992;j
RS;tcainc992j;p73p74;1997;285922.41;992;j
RS;tcainc992j;p73p74;1998;310814.41;992;j
RS;tcainc992j;p73p74;1999;349221.91;992;j
RS;tcainc992j;p73p74;2000;374854.91;992;j
RS;tcainc992j;p73p74;2001;362321.81;992;j
RS;tcainc992j;p73p74;2002;381289.19;992;j
RS;tcainc992j;p73p74;2003;403032.09;992;j
RS;tcainc992j;p73p74;2004;486920.31;992;j
RS;tcainc992j;p73p74;2005;549900.63;992;j
RS;tcainc992j;p73p74;2006;580444.0;992;j
RS;tcainc992j;p73p74;2007;587554.69;992;j
RS;tcainc992j;p73p74;2008;630738.38;992;j
RS;tcainc992j;p73p74;2009;620738.81;992;j
RS;tcainc992j;p73p74;2010;622642.81;992;j
RS;tcainc992j;p73p74;2011;625878.13;992;j
RS;tcainc992j;p73p74;2012;623460.31;992;j
RS;tcainc992j;p73p74;2013;658087.69;992;j
RS;tcainc992j;p73p74;2014;613369.63;992;j
RS;tcainc992j;p73p74;2015;596953.13;992;j
RS;tcainc992j;p73p74;2016;618916.31;992;j
RS;tcainc992j;p73p74;2017;619276.63;992;j
RS;tdiinc992j;p13p14;1990;230792.5;992;j
RS;tdiinc992j;p13p14;1991;203600.09;992;j
RS;tdiinc992j;p13p14;1992;141700.7;992;j
RS;tdiinc992j;p13p14;1993;93248.703;992;j
RS;tdiinc992j;p13p14;1994;97658.0;992;j
RS;tdiinc992j;p13p14;1995;104594.1;992;j
RS;tdiinc992j;p13p14;1996;107059.4;992;j
RS;tdiinc992j;p13p14;1997;115490.6;992;j
RS;tdiinc992j;p13p14;1998;128168.6;992;j
RS;tdiinc992j;p13p14;1999;136427.59;992;j
RS;tdiinc992j;p13p14;2000;147942.5;992;j
RS;tdiinc992j;p13p14;2001;147407.91;992;j
RS;tdiinc992j;p13p14;2002;145229.59;992;j
RS;tdiinc992j;p13p14;2003;146396.8;992;j
RS;tdiinc992j;p13p14;2004;144340.5;992;j
RS;tdiinc992j;p13p14;2005;150694.59;992;j
RS;tdiinc992j;p13p14;2006;147370.09;992;j
RS;tdiinc992j;p13p14;2007;144049.0;992;j
RS;tdiinc992j;p13p14;2008;149147.2;992;j
RS;tdiinc992j;p13p14;2009;142959.2;992;j
RS;tdiinc992j;p13p14;2010;130658.6;992;j
RS;tdiinc992j;p13p14;2011;113491.3;992;j
RS;tdiinc992j;p13p14;2012;105780.8;992;j
RS;tdiinc992j;p13p14;2013;121317.7;992;j
RS;tdiinc992j;p13p14;2014;163972.0;992;j
RS;tdiinc992j;p13p14;2015;135801.41;992;j
RS;tdiinc992j;p13p14;2016;132968.09;992;j
RS;tdiinc992j;p13p14;2017;132820.09;992;j
RS;tdiinc992j;p19p100;1990;294606.0;992;j
RS;tdiinc992j;p19p100;1991;259471.3;992;j
RS;tdiinc992j;p19p100;1992;180413.41;992;j
RS;tdiinc992j;p19p100;1993;118612.2;992;j
RS;tdiinc992j;p19p100;1994;123737.8;992;j
RS;tdiinc992j;p19p100;1995;132299.7;992;j
RS;tdiinc992j;p19p100;1996;135267.5;992;j
RS;tdiinc992j;p19p100;1997;145283.0;992;j
RS;tdiinc992j;p19p100;1998;159535.5;992;j
RS;tdiinc992j;p19p100;1999;168541.3;992;j
RS;tdiinc992j;p19p100;2000;182299.0;992;j
RS;tdiinc992j;p19p100;2001;181730.0;992;j
RS;tdiinc992j;p19p100;2002;184709.3;992;j
RS;tdiinc992j;p19p100;2003;193003.5;992;j
RS;tdiinc992j;p19p100;2004;194693.2;992;j
RS;tdiinc992j;p19p100;2005;223428.7;992;j
RS;tdiinc992j;p19p100;2006;217393.8;992;j
RS;tdiinc992j;p19p100;2007;224936.3;992;j
RS;tdiinc992j;p19p100;2008;226562.8;992;j
RS;tdiinc992j;p19p100;2009;209061.41;992;j
RS;tdiinc992j;p19p100;2010;189204.2;992;j
RS;tdiinc992j;p19p100;2011;170925.3;992;j
RS;tdiinc992j;p19p100;2012;174495.5;992;j
RS;tdiinc992j;p19p100;2013;155331.8;992;j
RS;tdiinc992j;p19p100;2014;195522.8;992;j
RS;tdiinc992j;p19p100;2015;169178.8;992;j
RS;tdiinc992j;p19p100;2016;167916.8;992;j
RS;tdiinc992j;p19p100;2017;167986.59;992;j
RS;tdiinc992j;p34p35;1990;466246.81;992;j
RS;tdiinc992j;p34p35;1991;406497.41;992;j
RS;tdiinc992j;p34p35;1992;279493.41;992;j
RS;tdiinc992j;p34p35;1993;181887.59;992;j
RS;tdiinc992j;p34p35;1994;188286.0;992;j
RS;tdiinc992j;p34p35;1995;199462.41;992;j
RS;tdiinc992j;p34p35;1996;202234.91;992;j
RS;tdiinc992j;p34p35;1997;215799.7;992;j
RS;tdiinc992j;p34p35;1998;221104.09;992;j
RS;tdiinc992j;p34p35;1999;240115.09;992;j
RS;tdiinc992j;p34p35;2000;263515.69;992;j
RS;tdiinc992j;p34p35;2001;261697.8;992;j
RS;tdiinc992j;p34p35;2002;279783.19;992;j
RS;tdiinc992j;p34p35;2003;292271.81;992;j
RS;tdiinc992j;p34p35;2004;322573.59;992;j
RS;tdiinc992j;p34p35;2005;353055.41;992;j
RS;tdiinc992j;p34p35;2006;365196.41;992;j
RS;tdiinc992j;p34p35;2007;374440.19;992;j
RS;tdiinc992j;p34p35;2008;394284.09;992;j
RS;tdiinc992j;p34p35;2009;378797.81;992;j
RS;tdiinc992j;p34p35;2010;368608.69;992;j
RS;tdiinc992j;p34p35;2011;358067.09;992;j
RS;tdiinc992j;p34p35;2012;350179.81;992;j
RS;tdiinc992j;p34p35;2013;349222.0;992;j
RS;tdiinc992j;p34p35;2014;346283.91;992;j
RS;tdiinc992j;p34p35;2015;340913.0;992;j
RS;tdiinc992j;p34p35;2016;347129.69;992;j
RS;tdiinc992j;p34p35;2017;348550.0;992;j
RS;tdiinc992j;p6p7;1990;155056.3;992;j
RS;tdiinc992j;p6p7;1991;134099.5;992;j
RS;tdiinc992j;p6p7;1992;91451.602;992;j
RS;tdiinc992j;p6p7;1993;59283.699;992;j
RS;tdiinc992j;p6p7;1994;62309.102;992;j
RS;tdiinc992j;p6p7;1995;66722.0;992;j
RS;tdiinc992j;p6p7;1996;68420.297;992;j
RS;tdiinc992j;p6p7;1997;74260.797;992;j
RS;tdiinc992j;p6p7;1998;79117.797;992;j
RS;tdiinc992j;p6p7;1999;85109.297;992;j
RS;tdiinc992j;p6p7;2000;92153.297;992;j
RS;tdiinc992j;p6p7;2001;90952.602;992;j
RS;tdiinc992j;p6p7;2002;84728.102;992;j
RS;tdiinc992j;p6p7;2003;89259.5;992;j
RS;tdiinc992j;p6p7;2004;89574.102;992;j
RS;tdiinc992j;p6p7;2005;92974.102;992;j
RS;tdiinc992j;p6p7;2006;86075.398;992;j
RS;tdiinc992j;p6p7;2007;83149.5;992;j
RS;tdiinc992j;p6p7;2008;91465.398;992;j
RS;tdiinc992j;p6p7;2009;92389.102;992;j
RS;tdiinc992j;p6p7;2010;87066.5;992;j
RS;tdiinc992j;p6p7;2011;79793.0;992;j
RS;tdiinc992j;p6p7;2012;77365.703;992;j
RS;tdiinc992j;p6p7;2013;102711.6;992;j
RS;tdiinc992j;p6p7;2014;146613.3;992;j
RS;tdiinc992j;p6p7;2015;119040.8;992;j
RS;tdiinc992j;p6p7;2016;115350.0;992;j
RS;tdiinc992j;p6p7;2017;115169.6;992;j
RS;tdiinc992j;p90p100;1990;1256127.9;992;j
RS;tdiinc992j;p90p100;1991;1088905.1;992;j
RS;tdiinc992j;p90p100;1992;743713.88;992;j
RS;tdiinc992j;p90p100;1993;479990.5;992;j
RS;tdiinc992j;p90p100;1994;492552.91;992;j
RS;tdiinc992j;p90p100;1995;517868.5;992;j
RS;tdiinc992j;p90p100;1996;520786.19;992;j
RS;tdiinc992j;p90p100;1997;550296.88;992;j
RS;tdiinc992j;p90p100;1998;582545.63;992;j
RS;tdiinc992j;p90p100;1999;636803.69;992;j
RS;tdiinc992j;p90p100;2000;691457.19;992;j
RS;tdiinc992j;p90p100;2001;688409.0;992;j
RS;tdiinc992j;p90p100;2002;745765.0;992;j
RS;tdiinc992j;p90p100;2003;797977.31;992;j
RS;tdiinc992j;p90p100;2004;923020.0;992;j
RS;tdiinc992j;p90p100;2005;1044444.9;992;j
RS;tdiinc992j;p90p100;2006;1113128.8;992;j
RS;tdiinc992j;p90p100;2007;1157317.5;992;j
RS;tdiinc992j;p90p100;2008;1237859.0;992;j
RS;tdiinc992j;p90p100;2009;1220399.3;992;j
RS;tdiinc992j;p90p100;2010;1252260.4;992;j
RS;tdiinc992j;p90p100;2011;1282519.1;992;j
RS;tdiinc992j;p90p100;2012;1243869.5;992;j
RS;tdiinc992j;p90p100;2013;1291253.6;992;j
RS;tdiinc992j;p90p100;2014;1205913.6;992;j
RS;tdiinc992j;p90p100;2015;1191689.6;992;j
RS;tdiinc992j;p90p100;2016;1235297.8;992;j
RS;tdiinc992j;p90p100;2017;1243619.9;992;j
RS;tptinc992j;p26p27;1990;334209.81;992;j
RS;tptinc992j;p26p27;1991;288376.5;992;j
RS;tptinc992j;p26p27;1992;196332.59;992;j
RS;tptinc992j;p26p27;1993;126676.1;992;j
RS;tptinc992j;p26p27;1994;129930.2;992;j
RS;tptinc992j;p26p27;1995;136458.7;992;j
RS;tptinc992j;p26p27;1996;137308.41;992;j
RS;tptinc992j;p26p27;1997;145132.3;992;j
RS;tptinc992j;p26p27;1998;155285.8;992;j
RS;tptinc992j;p26p27;1999;169648.8;992;j
RS;tptinc992j;p26p27;2000;183811.2;992;j
RS;tptinc992j;p26p27;2001;182287.5;992;j
RS;tptinc992j;p26p27;2002;188284.0;992;j
RS;tptinc992j;p26p27;2003;190749.2;992;j
RS;tptinc992j;p26p27;2004;204443.09;992;j
RS;tptinc992j;p26p27;2005;217876.91;992;j
RS;tptinc992j;p26p27;2006;220448.09;992;j
RS;tptinc992j;p26p27;2007;224076.09;992;j
RS;tptinc992j;p26p27;2008;228355.5;992;j
RS;tptinc992j;p26p27;2009;218544.7;992;j
RS;tptinc992j;p26p27;2010;205366.5;992;j
RS;tptinc992j;p26p27;2011;186958.2;992;j
RS;tptinc992j;p26p27;2012;178543.5;992;j
RS;tptinc992j;p26p27;2013;179441.8;992;j
RS;tptinc992j;p26p27;2014;171164.41;992;j
RS;tptinc992j;p26p27;2015;185154.7;992;j
RS;tptinc992j;p26p27;2016;191006.0;992;j
RS;tptinc992j;p26p27;2017;191990.2;992;j
RS;acainc992j;p63p100;1990;912458.88;992;j
RS;acainc992j;p63p100;1991;789528.88;992;j
RS;acainc992j;p63p100;1992;538819.31;992;j
RS;acainc992j;p63p100;1993;348399.41;992;j
RS;acainc992j;p63p100;1994;357737.19;992;j
RS;acainc992j;p63p100;1995;376467.09;992;j
RS;acainc992j;p63p100;1996;378028.0;992;j
RS;acainc992j;p63p100;1997;397322.91;992;j
RS;acainc992j;p63p100;1998;435773.5;992;j
RS;acainc992j;p63p100;1999;498807.19;992;j
RS;acainc992j;p63p100;2000;544712.19;992;j
RS;acainc992j;p63p100;2001;532831.19;992;j
RS;acainc992j;p63p100;2002;566037.63;992;j
RS;acainc992j;p63p100;2003;599596.13;992;j
RS;acainc992j;p63p100;2004;728223.13;992;j
RS;acainc992j;p63p100;2005;837634.88;992;j
RS;acainc992j;p63p100;2006;895011.63;992;j
RS;acainc992j;p63p100;2007;897468.38;992;j
RS;acainc992j;p63p100;2008;967609.63;992;j
RS;acainc992j;p63p100;2009;965017.81;992;j
RS;acainc992j;p63p100;2010;985581.31;992;j
RS;acainc992j;p63p100;2011;1009568.7;992;j
RS;acainc992j;p63p100;2012;1014226.5;992;j
RS;acainc992j;p63p100;2013;1042206.2;992;j
RS;acainc992j;p63p100;2014;999132.13;992;j
RS;acainc992j;p63p100;2015;1034817.6;992;j
RS;acainc992j;p63p100;2016;1073132.5;992;j
RS;acainc992j;p63p100;2017;1074290.8;992;j
RS;acainc992j;p67p100;1990;955026.19;992;j
RS;acainc992j;p67p100;1991;826191.88;992;j
RS;acainc992j;p67p100;1992;563759.13;992;j
RS;acainc992j;p67p100;1993;364513.19;992;j
RS;acainc992j;p67p100;1994;374262.59;992;j
RS;acainc992j;p67p100;1995;393842.0;992;j
RS;acainc992j;p67p100;1996;395384.81;992;j
RS;acainc992j;p67p100;1997;415463.41;992;j
RS;acainc992j;p67p100;1998;455838.69;992;j
RS;acainc992j;p67p100;1999;522226.31;992;j
RS;acainc992j;p67p100;2000;571179.38;992;j
RS;acainc992j;p67p100;2001;559028.13;992;j
RS;acainc992j;p67p100;2002;594222.5;992;j
RS;acainc992j;p67p100;2003;629687.63;992;j
RS;acainc992j;p67p100;2004;765512.88;992;j
RS;acainc992j;p67p100;2005;881800.31;992;j
RS;acainc992j;p67p100;2006;942901.19;992;j
RS;acainc992j;p67p100;2007;945311.88;992;j
RS;acainc992j;p67p100;2008;1019496.3;992;j
RS;acainc992j;p67p100;2009;1017837.6;992;j
RS;acainc992j;p67p100;2010;1041045.6;992;j
RS;acainc992j;p67p100;2011;1067577.3;992;j
RS;acainc992j;p67p100;2012;1073228.9;992;j
RS;acainc992j;p67p100;2013;1101997.8;992;j
RS;acainc992j;p67p100;2014;1056977.5;992;j
RS;acainc992j;p67p100;2015;1098564.3;992;j
RS;acainc992j;p67p100;2016;1139246.9;992;j
RS;acainc992j;p67p100;2017;1140500.8;992;j
RS;acainc992j;p91p100;1990;1545558.9;992;j
RS;acainc992j;p91p100;1991;1334381.6;992;j
RS;acainc992j;p91p100;1992;909821.63;992;j
RS;acainc992j;p91p100;1993;589033.88;992;j
RS;acainc992j;p91p100;1994;605308.69;992;j
RS;acainc992j;p91p100;1995;637662.31;992;j
RS;acainc992j;p91p100;1996;638882.31;992;j
RS;acainc992j;p91p100;1997;669961.19;992;j
RS;acainc992j;p91p100;1998;743760.0;992;j
RS;acainc992j;p91p100;1999;867706.38;992;j
RS;acainc992j;p91p100;2000;969931.19;992;j
RS;acainc992j;p91p100;2001;963232.31;992;j
RS;acainc992j;p91p100;2002;1029018.1;992;j
RS;acainc992j;p91p100;2003;1086717.0;992;j
RS;acainc992j;p91p100;2004;1323911.3;992;j
RS;acainc992j;p91p100;2005;1541747.6;992;j
RS;acainc992j;p91p100;2006;1661913.0;992;j
RS;acainc992j;p91p100;2007;1649383.5;992;j
RS;acainc992j;p91p100;2008;1778130.1;992;j
RS;acainc992j;p91p100;2009;1795322.3;992;j
RS;acainc992j;p91p100;2010;1856415.8;992;j
RS;acainc992j;p91p100;2011;1920862.5;992;j
RS;acainc992j;p91p100;2012;1958362.1;992;j
RS;acainc992j;p91p100;2013;1969072.4;992;j
RS;acainc992j;p91p100;2014;1959565.6;992;j
RS;acainc992j;p91p100;2015;2143648.5;992;j
RS;acainc992j;p91p100;2016;2223215.5;992;j
RS;acainc992j;p91p100;2017;2226233.0;992;j
RS;acainc992j;p98p99;1990;1801081.8;992;j
RS;acainc992j;p98p99;1991;1562738.5;992;j
RS;acainc992j;p98p99;1992;1073724.1;992;j
RS;acainc992j;p98p99;1993;699606.69;992;j
RS;acainc992j;p98p99;1994;721797.0;992;j
RS;acainc992j;p98p99;1995;763123.5;992;j
RS;acainc992j;p98p99;1996;766291.38;992;j
RS;acainc992j;p98p99;1997;805533.81;992;j
RS;acainc992j;p98p99;1998;893612.19;992;j
RS;acainc992j;p98p99;1999;1035112.7;992;j
RS;acainc992j;p98p99;2000;1168370.9;992;j
RS;acainc992j;p98p99;2001;1151481.8;992;j
RS;acainc992j;p98p99;2002;1245868.8;992;j
RS;acainc992j;p98p99;2003;1309582.3;992;j
RS;acainc992j;p98p99;2004;1591226.8;992;j
RS;acainc992j;p98p99;2005;1845936.6;992;j
RS;acainc992j;p98p99;2006;2019944.3;992;j
RS;acainc992j;p98p99;2007;2020914.8;992;j
RS;acainc992j;p98p99;2008;2205675.0;992;j
RS;acainc992j;p98p99;2009;2201132.0;992;j
RS;acainc992j;p98p99;2010;2296088.8;992;j
RS;acainc992j;p98p99;2011;2389225.3;992;j
RS;acainc992j;p98p99;2012;2365360.5;992;j
RS;acainc992j;p98p99;2013;2426829.8;992;j
RS;acainc992j;p98p99;2014;2263326.5;992;j
RS;acainc992j;p98p99;2015;2343204.5;992;j
RS;acainc992j;p98p99;2016;2429779.5;992;j
RS;acainc992j;p98p99;2017;2432314.0;992;j
RS;acainc992j;p99.93p100;1990;15913303.0;992;j
RS;acainc992j;p99.93p100;1991;13189618.0;992;j
RS;acainc992j;p99.93p100;1992;8522620.0;992;j
RS;acainc992j;p99.93p100;1993;5335669.5;992;j
RS;acainc992j;p99.93p100;1994;5359656.5;992;j
RS;acainc992j;p99.93p100;1995;5539424.0;992;j
RS;acainc992j;p99.93p100;1996;5402978.5;992;j
RS;acainc992j;p99.93p100;1997;5504467.5;992;j
RS;acainc992j;p99.93p100;1998;6346115.0;992;j
RS;acainc992j;p99.93p100;1999;8408565.0;992;j
RS;acainc992j;p99.93p100;2000;9739610.0;992;j
RS;acainc992j;p99.93p100;2001;10619500.0;992;j
RS;acainc992j;p99.93p100;2002;10777492.0;992;j
RS;acainc992j;p99.93p100;2003;11263247.0;992;j
RS;acainc992j;p99.93p100;2004;13665684.0;992;j
RS;acainc992j;p99.93p100;2005;16580079.0;992;j
RS;acainc992j;p99.93p100;2006;16732246.0;992;j
RS;acainc992j;p99.93p100;2007;15082144.0;992;j
RS;acainc992j;p99.93p100;2008;14903399.0;992;j
RS;acainc992j;p99.93p100;2009;17127842.0;992;j
RS;acainc992j;p99.93p100;2010;16852802.0;992;j
RS;acainc992j;p99.93p100;2011;16943446.0;992;j
RS;acainc992j;p99.93p100;2012;23193950.0;992;j
RS;acainc992j;p99.93p100;2013;19322252.0;992;j
RS;acainc992j;p99.93p100;2014;30331418.0;992;j
RS;acainc992j;p99.93p100;2015;45558508.0;992;j
RS;acainc992j;p99.93p100;2016;47275204.0;992;j
RS;acainc992j;p99.93p100;2017;47394504.0;992;j
RS;adiinc992j;p85p86;1990;1129108.3;992;j
RS;adiinc992j;p85p86;1991;977039.0;992;j
RS;adiinc992j;p85p86;1992;666707.63;992;j
RS;adiinc992j;p85p86;1993;430416.0;992;j
RS;adiinc992j;p85p86;1994;441286.59;992;j
RS;adiinc992j;p85p86;1995;463616.91;992;j
RS;adiinc992j;p85p86;1996;465739.59;992;j
RS;adiinc992j;p85p86;1997;491675.41;992;j
RS;adiinc992j;p85p86;1998;513792.31;992;j
RS;adiinc992j;p85p86;1999;559373.0;992;j
RS;adiinc992j;p85p86;2000;605398.31;992;j
RS;adiinc992j;p85p86;2001;598113.81;992;j
RS;adiinc992j;p85p86;2002;649465.88;992;j
RS;adiinc992j;p85p86;2003;693559.88;992;j
RS;adiinc992j;p85p86;2004;794734.5;992;j
RS;adiinc992j;p85p86;2005;890257.0;992;j
RS;adiinc992j;p85p86;2006;956242.19;992;j
RS;adiinc992j;p85p86;2007;1001585.4;992;j
RS;adiinc992j;p85p86;2008;1073553.3;992;j
RS;adiinc992j;p85p86;2009;1063387.3;992;j
RS;adiinc992j;p85p86;2010;1072473.0;992;j
RS;adiinc992j;p85p86;2011;1091778.1;992;j
RS;adiinc992j;p85p86;2012;1085788.3;992;j
RS;adiinc992j;p85p86;2013;1130172.8;992;j
RS;adiinc992j;p85p86;2014;1039779.0;992;j
RS;adiinc992j;p85p86;2015;1026370.4;992;j
RS;adiinc992j;p85p86;2016;1062582.5;992;j
RS;adiinc992j;p85p86;2017;1069296.8;992;j
RS;adiinc992j;p98p99;1990;2426303.0;992;j
RS;adiinc992j;p98p99;1991;2105956.8;992;j
RS;adiinc992j;p98p99;1992;1447316.9;992;j
RS;adiinc992j;p98p99;1993;943187.5;992;j
RS;adiinc992j;p98p99;1994;973298.13;992;j
RS;adiinc992j;p98p99;1995;1029230.2;992;j
RS;adiinc992j;p98p99;1996;1033756.6;992;j
RS;adiinc992j;p98p99;1997;1090738.8;992;j
RS;adiinc992j;p98p99;1998;1170314.5;992;j
RS;adiinc992j;p98p99;1999;1309989.6;992;j
RS;adiinc992j;p98p99;2000;1488203.3;992;j
RS;adiinc992j;p98p99;2001;1499458.1;992;j
RS;adiinc992j;p98p99;2002;1657606.8;992;j
RS;adiinc992j;p98p99;2003;1736417.1;992;j
RS;adiinc992j;p98p99;2004;1987732.4;992;j
RS;adiinc992j;p98p99;2005;2259179.3;992;j
RS;adiinc992j;p98p99;2006;2471454.5;992;j
RS;adiinc992j;p98p99;2007;2541297.0;992;j
RS;adiinc992j;p98p99;2008;2753171.0;992;j
RS;adiinc992j;p98p99;2009;2731767.0;992;j
RS;adiinc992j;p98p99;2010;2839146.5;992;j
RS;adiinc992j;p98p99;2011;2941546.3;992;j
RS;adiinc992j;p98p99;2012;2905119.5;992;j
RS;adiinc992j;p98p99;2013;2982017.3;992;j
RS;adiinc992j;p98p99;2014;2779021.5;992;j
RS;adiinc992j;p98p99;2015;2865022.8;992;j
RS;adiinc992j;p98p99;2016;2982146.8;992;j
RS;adiinc992j;p98p99;2017;3003115.8;992;j
RS;adiinc992j;p99.2p99.3;1990;3208882.5;992;j
RS;adiinc992j;p99.2p99.3;1991;2777517.5;992;j
RS;adiinc992j;p99.2p99.3;1992;1903291.3;992;j
RS;adiinc992j;p99.2p99.3;1993;1239211.6;992;j
RS;adiinc992j;p99.2p99.3;1994;1277714.1;992;j
RS;adiinc992j;p99.2p99.3;1995;1350394.5;992;j
RS;adiinc992j;p99.2p99.3;1996;1353234.5;992;j
RS;adiinc992j;p99.2p99.3;1997;1424209.4;992;j
RS;adiinc992j;p99.2p99.3;1998;1536366.8;992;j
RS;adiinc992j;p99.2p99.3;1999;1743931.8;992;j
RS;adiinc992j;p99.2p99.3;2000;2000060.8;992;j
RS;adiinc992j;p99.2p99.3;2001;2033949.4;992;j
RS;adiinc992j;p99.2p99.3;2002;2245174.8;992;j
RS;adiinc992j;p99.2p99.3;2003;2342785.3;992;j
RS;adiinc992j;p99.2p99.3;2004;2677016.3;992;j
RS;adiinc992j;p99.2p99.3;2005;3054818.5;992;j
RS;adiinc992j;p99.2p99.3;2006;3336464.0;992;j
RS;adiinc992j;p99.2p99.3;2007;3397594.5;992;j
RS;adiinc992j;p99.2p99.3;2008;3659785.5;992;j
RS;adiinc992j;p99.2p99.3;2009;3674945.0;992;j
RS;adiinc992j;p99.2p99.3;2010;3809622.3;992;j
RS;adiinc992j;p99.2p99.3;2011;3943380.5;992;j
RS;adiinc992j;p99.2p99.3;2012;4002951.3;992;j
RS;adiinc992j;p99.2p99.3;2013;4037832.0;992;j
RS;adiinc992j;p99.2p99.3;2014;3905948.5;992;j
RS;adiinc992j;p99.2p99.3;2015;4156681.0;992;j
RS;adiinc992j;p99.2p99.3;2016;4330787.0;992;j
RS;adiinc992j;p99.2p99.3;2017;4361935.5;992;j
RS;agdpro999i;p0p100;1980;560581.19;999;i
RS;agdpro999i;p0p100;1981;560699.5;999;i
RS;agdpro999i;p0p100;1982;561016.5;999;i
RS;agdpro999i;p0p100;1983;561476.38;999;i
RS;agdpro999i;p0p100;1984;561962.88;999;i
RS;agdpro999i;p0p100;1985;562433.31;999;i
RS;agdpro999i;p0p100;1986;563041.63;999;i
RS;agdpro999i;p0p100;1987;563547.88;999;i
RS;agdpro999i;p0p100;1988;564146.81;999;i
RS;agdpro999i;p0p100;1989;565084.63;999;i
RS;agdpro999i;p0p100;1990;566459.63;999;i
RS;agdpro999i;p0p100;1991;495947.59;999;i
RS;agdpro999i;p0p100;1992;352778.5;999;i
RS;agdpro999i;p0p100;1993;243072.0;999;i
RS;agdpro999i;p0p100;1994;247701.0;999;i
RS;agdpro999i;p0p100;1995;261191.7;999;i
RS;agdpro999i;p0p100;1996;268290.69;999;i
RS;agdpro999i;p0p100;1997;289664.19;999;i
RS;agdpro999i;p0p100;1998;299746.31;999;i
RS;agdpro999i;p0p100;1999;338248.41;999;i
RS;agdpro999i;p0p100;2000;365660.0;999;i
RS;agdpro999i;p0p100;2001;384578.0;999;i
RS;agdpro999i;p0p100;2002;412130.09;999;i
RS;agdpro999i;p0p100;2003;431445.59;999;i
RS;agdpro999i;p0p100;2004;471575.81;999;i
RS;agdpro999i;p0p100;2005;521024.09;999;i
RS;agdpro999i;p0p100;2006;549793.38;999;i
RS;agdpro999i;p0p100;2007;587574.88;999;i
RS;agdpro999i;p0p100;2008;623454.81;999;i
RS;agdpro999i;p0p100;2009;608859.63;999;i
RS;agdpro999i;p0p100;2010;615781.31;999;i
RS;agdpro999i;p0p100;2011;633088.88;999;i
RS;agdpro999i;p0p100;2012;631832.63;999;i
RS;agdpro999i;p0p100;2013;653278.5;999;i
RS;agdpro999i;p0p100;2014;646028.0;999;i
RS;agdpro999i;p0p100;2015;660877.81;999;i
RS;agdpro999i;p0p100;2016;686538.31;999;i
RS;agdpro999i;p0p100;2017;702404.19;999;i
RS;agdpro999i;p0p100;2018;735494.63;999;i
RS;agdpro999i;p0p100;2019;774484.5;999;i
RS;anmxhn999i;p0p100;1997;38808.0;999;i
RS;anmxhn999i;p0p100;1998;37655.0;999;i
RS;anmxhn999i;p0p100;1999;49835.199;999;i
RS;anmxhn999i;p0p100;2000;58255.102;999;i
RS;anmxhn999i;p0p100;2001;58211.699;999;i
RS;anmxhn999i;p0p100;2002;48418.398;999;i
RS;anmxhn999i;p0p100;2003;40571.199;999;i
RS;anmxhn999i;p0p100;2004;44882.5;999;i
RS;anmxhn999i;p0p100;2005;48177.5;999;i
RS;anmxhn999i;p0p100;2006;64171.898;999;i
RS;anmxhn999i;p0p100;2007;67401.5;999;i
RS;anmxhn999i;p0p100;2008;74622.797;999;i
RS;anmxhn999i;p0p100;2009;68715.297;999;i
RS;anmxhn999i;p0p100;2010;70540.102;999;i
RS;anmxhn999i;p0p100;2011;80292.203;999;i
RS;aprpgo999i;p0p100;1997;651.29999;999;i
RS;aprpgo999i;p0p100;1998;374.20001;999;i
RS;aprpgo999i;p0p100;1999;-493.79999;999;i
RS;aprpgo999i;p0p100;2000;-525.40002;999;i
RS;aprpgo999i;p0p100;2001;-393.29999;999;i
RS;aprpgo999i;p0p100;2002;322.70001;999;i
RS;aprpgo999i;p0p100;2003;-665.09998;999;i
RS;aprpgo999i;p0p100;2004;-1476.2;999;i
RS;aprpgo999i;p0p100;2005;-1194.0;999;i
RS;aprpgo999i;p0p100;2006;-1856.9;999;i
RS;aprpgo999i;p0p100;2007;-347.60001;999;i
RS;aprpgo999i;p0p100;2008;377.0;999;i
RS;aprpgo999i;p0p100;2009;-6.4000001;999;i
RS;aprpgo999i;p0p100;2010;-178.3;999;i
RS;aprpgo999i;p0p100;2011;-1527.3;999;i
RS;aprphn999i;p0p100;1997;1470.4;999;i
RS;aprphn999i;p0p100;1998;3124.5;999;i
RS;aprphn999i;p0p100;1999;2664.6001;999;i
RS;aprphn999i;p0p100;2000;4798.6001;999;i
RS;aprphn999i;p0p100;2001;3968.8999;999;i
RS;aprphn999i;p0p100;2002;1053.7;999;i
RS;aprphn999i;p0p100;2003;2550.8999;999;i
RS;aprphn999i;p0p100;2004;698.70001;999;i
RS;aprphn999i;p0p100;2005;8177.8999;999;i
RS;aprphn999i;p0p100;2006;3052.7;999;i
RS;aprphn999i;p0p100;2007;3551.1001;999;i
RS;aprphn999i;p0p100;2008;11889.9;999;i
RS;aprphn999i;p0p100;2009;863.79999;999;i
RS;aprphn999i;p0p100;2010;3567.2;999;i
RS;aprphn999i;p0p100;2011;5253.7998;999;i
RS;aptinc992j;p0p90;1990;571327.88;992;j
RS;aptinc992j;p0p90;1991;494396.69;992;j
RS;aptinc992j;p0p90;1992;337456.0;992;j
RS;aptinc992j;p0p90;1993;218091.5;992;j
RS;aptinc992j;p0p90;1994;223842.91;992;j
RS;aptinc992j;p0p90;1995;235401.0;992;j
RS;aptinc992j;p0p90;1996;236756.3;992;j
RS;aptinc992j;p0p90;1997;250402.3;992;j
RS;aptinc992j;p0p90;1998;262491.59;992;j
RS;aptinc992j;p0p90;1999;285755.31;992;j
RS;aptinc992j;p0p90;2000;310059.91;992;j
RS;aptinc992j;p0p90;2001;307557.09;992;j
RS;aptinc992j;p0p90;2002;328407.81;992;j
RS;aptinc992j;p0p90;2003;343381.81;992;j
RS;aptinc992j;p0p90;2004;381361.5;992;j
RS;aptinc992j;p0p90;2005;421134.91;992;j
RS;aptinc992j;p0p90;2006;441859.19;992;j
RS;aptinc992j;p0p90;2007;460188.0;992;j
RS;aptinc992j;p0p90;2008;487398.0;992;j
RS;aptinc992j;p0p90;2009;475846.19;992;j
RS;aptinc992j;p0p90;2010;469495.81;992;j
RS;aptinc992j;p0p90;2011;464136.69;992;j
RS;aptinc992j;p0p90;2012;466593.19;992;j
RS;aptinc992j;p0p90;2013;480489.69;992;j
RS;aptinc992j;p0p90;2014;457951.91;992;j
RS;aptinc992j;p0p90;2015;466076.31;992;j
RS;aptinc992j;p0p90;2016;480392.09;992;j
RS;aptinc992j;p0p90;2017;482982.31;992;j
RS;aptinc992j;p99.991p100;1990;69082992.0;992;j
RS;aptinc992j;p99.991p100;1991;62555752.0;992;j
RS;aptinc992j;p99.991p100;1992;43906596.0;992;j
RS;aptinc992j;p99.991p100;1993;29645476.0;992;j
RS;aptinc992j;p99.991p100;1994;31133324.0;992;j
RS;aptinc992j;p99.991p100;1995;34141524.0;992;j
RS;aptinc992j;p99.991p100;1996;35450404.0;992;j
RS;aptinc992j;p99.991p100;1997;38800888.0;992;j
RS;aptinc992j;p99.991p100;1998;39845832.0;992;j
RS;aptinc992j;p99.991p100;1999;48154224.0;992;j
RS;aptinc992j;p99.991p100;2000;57170724.0;992;j
RS;aptinc992j;p99.991p100;2001;62918504.0;992;j
RS;aptinc992j;p99.991p100;2002;64740084.0;992;j
RS;aptinc992j;p99.991p100;2003;65632940.0;992;j
RS;aptinc992j;p99.991p100;2004;76071800.0;992;j
RS;aptinc992j;p99.991p100;2005;80200392.0;992;j
RS;aptinc992j;p99.991p100;2006;85753504.0;992;j
RS;aptinc992j;p99.991p100;2007;80027872.0;992;j
RS;aptinc992j;p99.991p100;2008;87883928.0;992;j
RS;aptinc992j;p99.991p100;2009;84423448.0;992;j
RS;aptinc992j;p99.991p100;2010;80431160.0;992;j
RS;aptinc992j;p99.991p100;2011;86282288.0;992;j
RS;aptinc992j;p99.991p100;2012;62444732.0;992;j
RS;aptinc992j;p99.991p100;2013;72158112.0;992;j
RS;aptinc992j;p99.991p100;2014;126685520.0;992;j
RS;aptinc992j;p99.991p100;2015;123909032.0;992;j
RS;aptinc992j;p99.991p100;2016;127867496.0;992;j
RS;aptinc992j;p99.991p100;2017;128706584.0;992;j
RS;asaggo999i;p0p100;1997;-15541.4;999;i
RS;asaggo999i;p0p100;1998;-18678.301;999;i
RS;asaggo999i;p0p100;1999;-15731.7;999;i
RS;asaggo999i;p0p100;2000;-22664.4;999;i
RS;asaggo999i;p0p100;2001;-10520.0;999;i
RS;asaggo999i;p0p100;2002;-6744.2002;999;i
RS;asaggo999i;p0p100;2003;-3247.8;999;i
RS;asaggo999i;p0p100;2004;15063.0;999;i
RS;asaggo999i;p0p100;2005;14181.2;999;i
RS;asaggo999i;p0p100;2006;9444.5;999;i
RS;asaggo999i;p0p100;2007;6976.6001;999;i
RS;asaggo999i;p0p100;2008;732.29999;999;i
RS;asaggo999i;p0p100;2009;-9459.5996;999;i
RS;asaggo999i;p0p100;2010;-6234.0;999;i
RS;asaggo999i;p0p100;2011;-2091.8;999;i
RS;assbgo999i;p0p100;1997;36227.398;999;i
RS;assbgo999i;p0p100;1998;48095.102;999;i
RS;assbgo999i;p0p100;1999;46371.602;999;i
RS;assbgo999i;p0p100;2000;50071.5;999;i
RS;assbgo999i;p0p100;2001;56614.199;999;i
RS;assbgo999i;p0p100;2002;74083.797;999;i
RS;assbgo999i;p0p100;2003;71979.602;999;i
RS;assbgo999i;p0p100;2004;70816.5;999;i
RS;assbgo999i;p0p100;2005;83381.203;999;i
RS;assbgo999i;p0p100;2006;95520.297;999;i
RS;assbgo999i;p0p100;2007;98524.102;999;i
RS;assbgo999i;p0p100;2008;110851.2;999;i
RS;assbgo999i;p0p100;2009;119535.7;999;i
RS;assbgo999i;p0p100;2010;119357.8;999;i
RS;assbgo999i;p0p100;2011;110236.7;999;i
RS;ataxhn992i;p0p100;1997;74324.398;992;i
RS;ataxhn992i;p0p100;1998;74915.102;992;i
RS;ataxhn992i;p0p100;1999;73664.797;992;i
RS;ataxhn992i;p0p100;2000;75701.898;992;i
RS;ataxhn992i;p0p100;2001;90318.602;992;i
RS;ataxhn992i;p0p100;2002;109284.2;992;i
RS;ataxhn992i;p0p100;2003;105332.2;992;i
RS;ataxhn992i;p0p100;2004;119776.3;992;i
RS;ataxhn992i;p0p100;2005;126424.3;992;i
RS;ataxhn992i;p0p100;2006;142493.2;992;i
RS;ataxhn992i;p0p100;2007;146921.2;992;i
RS;ataxhn992i;p0p100;2008;154183.3;992;i
RS;ataxhn992i;p0p100;2009;142660.59;992;i
RS;ataxhn992i;p0p100;2010;143672.8;992;i
RS;ataxhn992i;p0p100;2011;150540.09;992;i
RS;atiwgo999i;p0p100;1997;12210.7;999;i
RS;atiwgo999i;p0p100;1998;10303.9;999;i
RS;atiwgo999i;p0p100;1999;8263.0996;999;i
RS;atiwgo999i;p0p100;2000;8680.7002;999;i
RS;atiwgo999i;p0p100;2001;19755.699;999;i
RS;atiwgo999i;p0p100;2002;26653.4;999;i
RS;atiwgo999i;p0p100;2003;23175.4;999;i
RS;atiwgo999i;p0p100;2004;27947.5;999;i
RS;atiwgo999i;p0p100;2005;29697.301;999;i
RS;atiwgo999i;p0p100;2006;34394.199;999;i
RS;atiwgo999i;p0p100;2007;32641.4;999;i
RS;atiwgo999i;p0p100;2008;34646.102;999;i
RS;atiwgo999i;p0p100;2009;28220.199;999;i
RS;atiwgo999i;p0p100;2010;27335.199;999;i
RS;atiwgo999i;p0p100;2011;36532.199;999;i
RS;bcainc992j;p2p100;1990;9.7687025;992;j
RS;bcainc992j;p2p100;1991;10.213491;992;j
RS;bcainc992j;p2p100;1992;10.893956;992;j
RS;bcainc992j;p2p100;1993;11.707261;992;j
RS;bcainc992j;p2p100;1994;12.668159;992;j
RS;bcainc992j;p2p100;1995;13.624185;992;j
RS;bcainc992j;p2p100;1996;15.238809;992;j
RS;bcainc992j;p2p100;1997;17.059072;992;j
RS;bcainc992j;p2p100;1998;16.006687;992;j
RS;bcainc992j;p2p100;1999;14.517097;992;j
RS;bcainc992j;p2p100;2000;15.792476;992;j
RS;bcainc992j;p2p100;2001;16.49633;992;j
RS;bcainc992j;p2p100;2002;38.089912;992;j
RS;bcainc992j;p2p100;2003;24.314749;992;j
RS;bcainc992j;p2p100;2004;27.347622;992;j
RS;bcainc992j;p2p100;2005;27.101568;992;j
RS;bcainc992j;p2p100;2006;28.531736;992;j
RS;bcainc992j;p2p100;2007;33.250404;992;j
RS;bcainc992j;p2p100;2008;29.995728;992;j
RS;bcainc992j;p2p100;2009;24.977047;992;j
RS;bcainc992j;p2p100;2010;26.333242;992;j
RS;bcainc992j;p2p100;2011;29.965227;992;j
RS;bcainc992j;p2p100;2012;35.814457;992;j
RS;bcainc992j;p2p100;2013;15.364236;992;j
RS;bcainc992j;p2p100;2014;7.2877111;992;j
RS;bcainc992j;p2p100;2015;10.933744;992;j
RS;bcainc992j;p2p100;2016;10.923957;992;j
RS;bcainc992j;p2p100;2017;10.938639;992;j
RS;bcainc992j;p77p100;1990;1.5633115;992;j
RS;bcainc992j;p77p100;1991;1.5603698;992;j
RS;bcainc992j;p77p100;1992;1.5578421;992;j
RS;bcainc992j;p77p100;1993;1.5574782;992;j
RS;bcainc992j;p77p100;1994;1.5562968;992;j
RS;bcainc992j;p77p100;1995;1.5526421;992;j
RS;bcainc992j;p77p100;1996;1.5463573;992;j
RS;bcainc992j;p77p100;1997;1.5410327;992;j
RS;bcainc992j;p77p100;1998;1.5683986;992;j
RS;bcainc992j;p77p100;1999;1.5980113;992;j
RS;bcainc992j;p77p100;2000;1.6328938;992;j
RS;bcainc992j;p77p100;2001;1.6602725;992;j
RS;bcainc992j;p77p100;2002;1.6723047;992;j
RS;bcainc992j;p77p100;2003;1.6758251;992;j
RS;bcainc992j;p77p100;2004;1.6961952;992;j
RS;bcainc992j;p77p100;2005;1.7243437;992;j
RS;bcainc992j;p77p100;2006;1.7512689;992;j
RS;bcainc992j;p77p100;2007;1.7324247;992;j
RS;bcainc992j;p77p100;2008;1.7371205;992;j
RS;bcainc992j;p77p100;2009;1.7638799;992;j
RS;bcainc992j;p77p100;2010;1.8028491;992;j
RS;bcainc992j;p77p100;2011;1.8339728;992;j
RS;bcainc992j;p77p100;2012;1.8571599;992;j
RS;bcainc992j;p77p100;2013;1.7999465;992;j
RS;bcainc992j;p77p100;2014;1.8804762;992;j
RS;bcainc992j;p77p100;2015;2.0253341;992;j
RS;bcainc992j;p77p100;2016;2.0255687;992;j
RS;bcainc992j;p77p100;2017;2.0260577;992;j
RS;bdiinc992j;p27p100;1990;2.3809342;992;j
RS;bdiinc992j;p27p100;1991;2.3498931;992;j
RS;bdiinc992j;p27p100;1992;2.3208222;992;j
RS;bdiinc992j;p27p100;1993;2.2925508;992;j
RS;bdiinc992j;p27p100;1994;2.2614989;992;j
RS;bdiinc992j;p27p100;1995;2.2339852;992;j
RS;bdiinc992j;p27p100;1996;2.201196;992;j
RS;bdiinc992j;p27p100;1997;2.1665018;992;j
RS;bdiinc992j;p27p100;1998;2.1560328;992;j
RS;bdiinc992j;p27p100;1999;2.1958878;992;j
RS;bdiinc992j;p27p100;2000;2.1803374;992;j
RS;bdiinc992j;p27p100;2001;2.1761265;992;j
RS;bdiinc992j;p27p100;2002;2.2342329;992;j
RS;bdiinc992j;p27p100;2003;2.2719271;992;j
RS;bdiinc992j;p27p100;2004;2.3824027;992;j
RS;bdiinc992j;p27p100;2005;2.4334259;992;j
RS;bdiinc992j;p27p100;2006;2.5487185;992;j
RS;bdiinc992j;p27p100;2007;2.5648301;992;j
RS;bdiinc992j;p27p100;2008;2.6406908;992;j
RS;bdiinc992j;p27p100;2009;2.7521684;992;j
RS;bdiinc992j;p27p100;2010;2.9474037;992;j
RS;bdiinc992j;p27p100;2011;3.1949487;992;j
RS;bdiinc992j;p27p100;2012;3.1109333;992;j
RS;bdiinc992j;p27p100;2013;3.4900029;992;j
RS;bdiinc992j;p27p100;2014;3.1384227;992;j
RS;bdiinc992j;p27p100;2015;3.4101989;992;j
RS;bdiinc992j;p27p100;2016;3.4924052;992;j
RS;bdiinc992j;p27p100;2017;3.5035214;992;j
RS;bdiinc992j;p31p100;1990;2.17468;992;j
RS;bdiinc992j;p31p100;1991;2.1584833;992;j
RS;bdiinc992j;p31p100;1992;2.144037;992;j
RS;bdiinc992j;p31p100;1993;2.1271434;992;j
RS;bdiinc992j;p31p100;1994;2.111037;992;j
RS;bdiinc992j;p31p100;1995;2.0966372;992;j
RS;bdiinc992j;p31p100;1996;2.0788391;992;j
RS;bdiinc992j;p31p100;1997;2.0535209;992;j
RS;bdiinc992j;p31p100;1998;2.0843296;992;j
RS;bdiinc992j;p31p100;1999;2.1044753;992;j
RS;bdiinc992j;p31p100;2000;2.1094055;992;j
RS;bdiinc992j;p31p100;2001;2.1084936;992;j
RS;bdiinc992j;p31p100;2002;2.1441553;992;j
RS;bdiinc992j;p31p100;2003;2.1804583;992;j
RS;bdiinc992j;p31p100;2004;2.250145;992;j
RS;bdiinc992j;p31p100;2005;2.29637;992;j
RS;bdiinc992j;p31p100;2006;2.3788128;992;j
RS;bdiinc992j;p31p100;2007;2.3737078;992;j
RS;bdiinc992j;p31p100;2008;2.4264984;992;j
RS;bdiinc992j;p31p100;2009;2.4934309;992;j
RS;bdiinc992j;p31p100;2010;2.6218977;992;j
RS;bdiinc992j;p31p100;2011;2.7759836;992;j
RS;bdiinc992j;p31p100;2012;2.7971942;992;j
RS;bdiinc992j;p31p100;2013;2.9813228;992;j
RS;bdiinc992j;p31p100;2014;2.8069239;992;j
RS;bdiinc992j;p31p100;2015;2.9973583;992;j
RS;bdiinc992j;p31p100;2016;3.0549123;992;j
RS;bdiinc992j;p31p100;2017;3.0630362;992;j
RS;bdiinc992j;p99.2p100;1990;1.9472861;992;j
RS;bdiinc992j;p99.2p100;1991;1.9130796;992;j
RS;bdiinc992j;p99.2p100;1992;1.8692135;992;j
RS;bdiinc992j;p99.2p100;1993;1.8420806;992;j
RS;bdiinc992j;p99.2p100;1994;1.8242667;992;j
RS;bdiinc992j;p99.2p100;1995;1.8094794;992;j
RS;bdiinc992j;p99.2p100;1996;1.7902206;992;j
RS;bdiinc992j;p99.2p100;1997;1.7695831;992;j
RS;bdiinc992j;p99.2p100;1998;1.797663;992;j
RS;bdiinc992j;p99.2p100;1999;1.8938197;992;j
RS;bdiinc992j;p99.2p100;2000;1.913664;992;j
RS;bdiinc992j;p99.2p100;2001;1.9906738;992;j
RS;bdiinc992j;p99.2p100;2002;1.9407873;992;j
RS;bdiinc992j;p99.2p100;2003;1.9354171;992;j
RS;bdiinc992j;p99.2p100;2004;1.9341578;992;j
RS;bdiinc992j;p99.2p100;2005;1.9688191;992;j
RS;bdiinc992j;p99.2p100;2006;1.9095162;992;j
RS;bdiinc992j;p99.2p100;2007;1.8344767;992;j
RS;bdiinc992j;p99.2p100;2008;1.7697331;992;j
RS;bdiinc992j;p99.2p100;2009;1.8645205;992;j
RS;bdiinc992j;p99.2p100;2010;1.8251539;992;j
RS;bdiinc992j;p99.2p100;2011;1.8035824;992;j
RS;bdiinc992j;p99.2p100;2012;2.0415778;992;j
RS;bdiinc992j;p99.2p100;2013;1.8824067;992;j
RS;bdiinc992j;p99.2p100;2014;2.3270576;992;j
RS;bdiinc992j;p99.2p100;2015;2.7680991;992;j
RS;bdiinc992j;p99.2p100;2016;2.7729139;992;j
RS;bdiinc992j;p99.2p100;2017;2.7753065;992;j
RS;npopul402i;p0p100;1950;865042.0;402;i
RS;npopul402i;p0p100;1951;867621.0;402;i
RS;npopul402i;p0p100;1952;868464.0;402;i
RS;npopul402i;p0p100;1953;863787.0;402;i
RS;npopul402i;p0p100;1954;851214.0;402;i
RS;npopul402i;p0p100;1955;830526.0;402;i
RS;npopul402i;p0p100;1956;801019.0;402;i
RS;npopul402i;p0p100;1957;764114.0;402;i
RS;npopul402i;p0p100;1958;726789.0;402;i
RS;npopul402i;p0p100;1959;699314.0;402;i
RS;npopul402i;p0p100;1960;688190.0;402;i
RS;npopul402i;p0p100;1961;692644.0;402;i
RS;npopul402i;p0p100;1962;710814.0;402;i
RS;npopul402i;p0p100;1963;742378.0;402;i
RS;npopul402i;p0p100;1964;785855.0;402;i
RS;npopul402i;p0p100;1965;839394.0;402;i
RS;npopul402i;p0p100;1966;898746.0;402;i
RS;npopul402i;p0p100;1967;968818.0;402;i
RS;npopul402i;p0p100;1968;1042891.0;402;i
RS;npopul402i;p0p100;1969;1111035.0;402;i
RS;npopul402i;p0p100;1970;1166946.0;402;i
RS;npopul402i;p0p100;1971;1210211.0;402;i
RS;npopul402i;p0p100;1972;1241043.0;402;i
RS;npopul402i;p0p100;1973;1260796.0;402;i
RS;npopul402i;p0p100;1974;1272766.0;402;i
RS;npopul402i;p0p100;1975;1278891.0;402;i
RS;npopul402i;p0p100;1976;1277086.0;402;i
RS;npopul402i;p0p100;1977;1270013.0;402;i
RS;npopul402i;p0p100;1978;1257152.0;402;i
RS;npopul402i;p0p100;1979;1237390.0;402;i
RS;npopul402i;p0p100;1980;1210812.0;402;i
RS;npopul402i;p0p100;1981;1177064.0;402;i
RS;npopul402i;p0p100;1982;1138053.0;402;i
RS;npopul402i;p0p100;1983;1099435.0;402;i
RS;npopul402i;p0p100;1984;1069607.0;402;i
RS;npopul402i;p0p100;1985;1054001.0;402;i
RS;npopul402i;p0p100;1986;1050699.0;402;i
RS;npopul402i;p0p100;1987;1059932.0;402;i
RS;npopul402i;p0p100;1988;1082113.0;402;i
RS;npopul402i;p0p100;1989;1117219.0;402;i
RS;npopul402i;p0p100;1990;1164351.0;402;i
RS;npopul402i;p0p100;1991;1221150.0;402;i
RS;npopul402i;p0p100;1992;1291590.0;402;i
RS;npopul402i;p0p100;1993;1365096.0;402;i
RS;npopul402i;p0p100;1994;1425398.0;402;i
RS;npopul402i;p0p100;1995;1461788.0;402;i
RS;npopul402i;p0p100;1996;1483923.0;402;i
RS;npopul402i;p0p100;1997;1481176.0;402;i
RS;npopul402i;p0p100;1998;1459643.0;402;i
RS;npopul402i;p0p100;1999;1125192.0;402;i
RS;npopul402i;p0p100;2000;1107679.0;402;i
RS;npopul402i;p0p100;2001;1081440.0;402;i
RS;npopul402i;p0p100;2002;1053040.0;402;i
RS;npopul402i;p0p100;2003;1021755.0;402;i
RS;npopul402i;p0p100;2004;993856.0;402;i
RS;npopul402i;p0p100;2005;970876.0;402;i
RS;npopul402i;p0p100;2006;955876.0;402;i
RS;npopul402i;p0p100;2007;947529.0;402;i
RS;npopul402i;p0p100;2008;944097.0;402;i
RS;npopul402i;p0p100;2009;943461.0;402;i
RS;npopul402i;p0p100;2010;943810.0;402;i
RS;npopul402i;p0p100;2011;942337.0;402;i
RS;npopul402i;p0p100;2012;944975.0;402;i
RS;npopul402i;p0p100;2013;948671.0;402;i
RS;npopul402i;p0p100;2014;952950.0;402;i
RS;npopul402i;p0p100;2015;957067.0;402;i
RS;npopul402i;p0p100;2016;960994.0;402;i
RS;npopul402i;p0p100;2017;967909.0;402;i
RS;npopul402i;p0p100;2018;974067.0;402;i
RS;npopul402i;p0p100;2019;978555.0;402;i
RS;npopul993m;p0p100;1950;951033.0;993;m
RS;npopul993m;p0p100;1951;978994.0;993;m
RS;npopul993m;p0p100;1952;1010099.0;993;m
RS;npopul993m;p0p100;1953;1041454.0;993;m
RS;npopul993m;p0p100;1954;1073129.0;993;m
RS;npopul993m;p0p100;1955;1105606.0;993;m
RS;npopul993m;p0p100;1956;1138688.0;993;m
RS;npopul993m;p0p100;1957;1172512.0;993;m
RS;npopul993m;p0p100;1958;1204027.0;993;m
RS;npopul993m;p0p100;1959;1228544.0;993;m
RS;npopul993m;p0p100;1960;1243452.0;993;m
RS;npopul993m;p0p100;1961;1251755.0;993;m
RS;npopul993m;p0p100;1962;1248356.0;993;m
RS;npopul993m;p0p100;1963;1238349.0;993;m
RS;npopul993m;p0p100;1964;1228929.0;993;m
RS;npopul993m;p0p100;1965;1224225.0;993;m
RS;npopul993m;p0p100;1966;1219511.0;993;m
RS;npopul993m;p0p100;1967;1220145.0;993;m
RS;npopul993m;p0p100;1968;1225039.0;993;m
RS;npopul993m;p0p100;1969;1232046.0;993;m
RS;npopul993m;p0p100;1970;1240070.0;993;m
RS;npopul993m;p0p100;1971;1250888.0;993;m
RS;npopul993m;p0p100;1972;1264051.0;993;m
RS;npopul993m;p0p100;1973;1278183.0;993;m
RS;npopul993m;p0p100;1974;1291654.0;993;m
RS;npopul993m;p0p100;1975;1303382.0;993;m
RS;npopul993m;p0p100;1976;1313449.0;993;m
RS;npopul993m;p0p100;1977;1321137.0;993;m
RS;npopul993m;p0p100;1978;1327994.0;993;m
RS;npopul993m;p0p100;1979;1336722.0;993;m
RS;npopul993m;p0p100;1980;1348846.0;993;m
RS;npopul993m;p0p100;1981;1364060.0;993;m
RS;npopul993m;p0p100;1982;1382927.0;993;m
RS;npopul993m;p0p100;1983;1402454.0;993;m
RS;npopul993m;p0p100;1984;1417967.0;993;m
RS;npopul993m;p0p100;1985;1426682.0;993;m
RS;npopul993m;p0p100;1986;1430200.0;993;m
RS;npopul993m;p0p100;1987;1426955.0;993;m
RS;npopul993m;p0p100;1988;1419666.0;993;m
RS;npopul993m;p0p100;1989;1412444.0;993;m
RS;npopul993m;p0p100;1990;1407770.0;993;m
RS;npopul993m;p0p100;1991;1405069.0;993;m
RS;npopul993m;p0p100;1992;1404938.0;993;m
RS;npopul993m;p0p100;1993;1405821.0;993;m
RS;npopul993m;p0p100;1994;1405808.0;993;m
RS;npopul993m;p0p100;1995;1403722.0;993;m
RS;npopul993m;p0p100;1996;1393110.0;993;m
RS;npopul993m;p0p100;1997;1377633.0;993;m
RS;npopul993m;p0p100;1998;1358434.0;993;m
RS;npopul993m;p0p100;1999;1052285.0;993;m
RS;npopul993m;p0p100;2000;1041573.0;993;m
RS;npopul993m;p0p100;2001;1039898.0;993;m
RS;npopul993m;p0p100;2002;1039654.0;993;m
RS;npopul993m;p0p100;2003;1037717.0;993;m
RS;npopul993m;p0p100;2004;1037319.0;993;m
RS;npopul993m;p0p100;2005;1037844.0;993;m
RS;npopul993m;p0p100;2006;1036379.0;993;m
RS;npopul993m;p0p100;2007;1035795.0;993;m
RS;npopul993m;p0p100;2008;1035022.0;993;m
RS;npopul993m;p0p100;2009;1033223.0;993;m
RS;npopul993m;p0p100;2010;1029383.0;993;m
RS;npopul993m;p0p100;2011;1020937.0;993;m
RS;npopul993m;p0p100;2012;1013477.0;993;m
RS;npopul993m;p0p100;2013;1004279.0;993;m
RS;npopul993m;p0p100;2014;993588.0;993;m
RS;npopul993m;p0p100;2015;981374.0;993;m
RS;npopul993m;p0p100;2016;974235.0;993;m
RS;npopul993m;p0p100;2017;968281.0;993;m
RS;npopul993m;p0p100;2018;961180.0;993;m
RS;npopul993m;p0p100;2019;954109.0;993;m
RS;npopul995f;p0p100;1950;430517.0;995;f
RS;npopul995f;p0p100;1951;427876.0;995;f
RS;npopul995f;p0p100;1952;423832.0;995;f
RS;npopul995f;p0p100;1953;418740.0;995;f
RS;npopul995f;p0p100;1954;414561.0;995;f
RS;npopul995f;p0p100;1955;412640.0;995;f
RS;npopul995f;p0p100;1956;417283.0;995;f
RS;npopul995f;p0p100;1957;423716.0;995;f
RS;npopul995f;p0p100;1958;431211.0;995;f
RS;npopul995f;p0p100;1959;438585.0;995;f
RS;npopul995f;p0p100;1960;445225.0;995;f
RS;npopul995f;p0p100;1961;456341.0;995;f
RS;npopul995f;p0p100;1962;465823.0;995;f
RS;npopul995f;p0p100;1963;474629.0;995;f
RS;npopul995f;p0p100;1964;484064.0;995;f
RS;npopul995f;p0p100;1965;494689.0;995;f
RS;npopul995f;p0p100;1966;507143.0;995;f
RS;npopul995f;p0p100;1967;520740.0;995;f
RS;npopul995f;p0p100;1968;534723.0;995;f
RS;npopul995f;p0p100;1969;547854.0;995;f
RS;npopul995f;p0p100;1970;559452.0;995;f
RS;npopul995f;p0p100;1971;570611.0;995;f
RS;npopul995f;p0p100;1972;580959.0;995;f
RS;npopul995f;p0p100;1973;589791.0;995;f
RS;npopul995f;p0p100;1974;596172.0;995;f
RS;npopul995f;p0p100;1975;599727.0;995;f
RS;npopul995f;p0p100;1976;600152.0;995;f
RS;npopul995f;p0p100;1977;597701.0;995;f
RS;npopul995f;p0p100;1978;594994.0;995;f
RS;npopul995f;p0p100;1979;595903.0;995;f
RS;npopul995f;p0p100;1980;602763.0;995;f
RS;npopul995f;p0p100;1981;614575.0;995;f
RS;npopul995f;p0p100;1982;631787.0;995;f
RS;npopul995f;p0p100;1983;653007.0;995;f
RS;npopul995f;p0p100;1984;675972.0;995;f
RS;npopul995f;p0p100;1985;699285.0;995;f
RS;npopul995f;p0p100;1986;723787.0;995;f
RS;npopul995f;p0p100;1987;748137.0;995;f
RS;npopul995f;p0p100;1988;772699.0;995;f
RS;npopul995f;p0p100;1989;798112.0;995;f
RS;npopul995f;p0p100;1990;824651.0;995;f
RS;npopul995f;p0p100;1991;851777.0;995;f
RS;npopul995f;p0p100;1992;879995.0;995;f
RS;npopul995f;p0p100;1993;907547.0;995;f
RS;npopul995f;p0p100;1994;931875.0;995;f
RS;npopul995f;p0p100;1995;951153.0;995;f
RS;npopul995f;p0p100;1996;971500.0;995;f
RS;npopul995f;p0p100;1997;986188.0;995;f
RS;npopul995f;p0p100;1998;995960.0;995;f
RS;npopul995f;p0p100;1999;788670.0;995;f
RS;npopul995f;p0p100;2000;796970.0;995;f
RS;npopul995f;p0p100;2001;797744.0;995;f
RS;npopul995f;p0p100;2002;796611.0;995;f
RS;npopul995f;p0p100;2003;792965.0;995;f
RS;npopul995f;p0p100;2004;791749.0;995;f
RS;npopul995f;p0p100;2005;794089.0;995;f
RS;npopul995f;p0p100;2006;802271.0;995;f
RS;npopul995f;p0p100;2007;814015.0;995;f
RS;npopul995f;p0p100;2008;828499.0;995;f
RS;npopul995f;p0p100;2009;844996.0;995;f
RS;npopul995f;p0p100;2010;862646.0;995;f
RS;npopul995f;p0p100;2011;879771.0;995;f
RS;npopul995f;p0p100;2012;900904.0;995;f
RS;npopul995f;p0p100;2013;922412.0;995;f
RS;npopul995f;p0p100;2014;942447.0;995;f
RS;npopul995f;p0p100;2015;959611.0;995;f
RS;npopul995f;p0p100;2016;968509.0;995;f
RS;npopul995f;p0p100;2017;976485.0;995;f
RS;npopul995f;p0p100;2018;981504.0;995;f
RS;npopul995f;p0p100;2019;985224.0;995;f
RS;npopul998f;p0p100;1950;49936.0;998;f
RS;npopul998f;p0p100;1951;53133.0;998;f
RS;npopul998f;p0p100;1952;55418.0;998;f
RS;npopul998f;p0p100;1953;56260.0;998;f
RS;npopul998f;p0p100;1954;55356.0;998;f
RS;npopul998f;p0p100;1955;52704.0;998;f
RS;npopul998f;p0p100;1956;55060.0;998;f
RS;npopul998f;p0p100;1957;56302.0;998;f
RS;npopul998f;p0p100;1958;56179.0;998;f
RS;npopul998f;p0p100;1959;54437.0;998;f
RS;npopul998f;p0p100;1960;51069.0;998;f
RS;npopul998f;p0p100;1961;52394.0;998;f
RS;npopul998f;p0p100;1962;52467.0;998;f
RS;npopul998f;p0p100;1963;51643.0;998;f
RS;npopul998f;p0p100;1964;50397.0;998;f
RS;npopul998f;p0p100;1965;48895.0;998;f
RS;npopul998f;p0p100;1966;51706.0;998;f
RS;npopul998f;p0p100;1967;54308.0;998;f
RS;npopul998f;p0p100;1968;56122.0;998;f
RS;npopul998f;p0p100;1969;56504.0;998;f
RS;npopul998f;p0p100;1970;55293.0;998;f
RS;npopul998f;p0p100;1971;57015.0;998;f
RS;npopul998f;p0p100;1972;57555.0;998;f
RS;npopul998f;p0p100;1973;57484.0;998;f
RS;npopul998f;p0p100;1974;57537.0;998;f
RS;npopul998f;p0p100;1975;57998.0;998;f
RS;npopul998f;p0p100;1976;62571.0;998;f
RS;npopul998f;p0p100;1977;67023.0;998;f
RS;npopul998f;p0p100;1978;70893.0;998;f
RS;npopul998f;p0p100;1979;73777.0;998;f
RS;npopul998f;p0p100;1980;75580.0;998;f
RS;npopul998f;p0p100;1981;80706.0;998;f
RS;npopul998f;p0p100;1982;84624.0;998;f
RS;npopul998f;p0p100;1983;87439.0;998;f
RS;npopul998f;p0p100;1984;89416.0;998;f
RS;npopul998f;p0p100;1985;90717.0;998;f
RS;npopul998f;p0p100;1986;96446.0;998;f
RS;npopul998f;p0p100;1987;101065.0;998;f
RS;npopul998f;p0p100;1988;104277.0;998;f
RS;npopul998f;p0p100;1989;105876.0;998;f
RS;npopul998f;p0p100;1990;105862.0;998;f
RS;npopul998f;p0p100;1991;109994.0;998;f
RS;npopul998f;p0p100;1992;113245.0;998;f
RS;npopul998f;p0p100;1993;114741.0;998;f
RS;npopul998f;p0p100;1994;113277.0;998;f
RS;npopul998f;p0p100;1995;108528.0;998;f
RS;npopul998f;p0p100;1996;108355.0;998;f
RS;npopul998f;p0p100;1997;105255.0;998;f
RS;npopul998f;p0p100;1998;101172.0;998;f
RS;npopul998f;p0p100;1999;77469.0;998;f
RS;npopul998f;p0p100;2000;77675.0;998;f
RS;npopul998f;p0p100;2001;83786.0;998;f
RS;npopul998f;p0p100;2002;90192.0;998;f
RS;npopul998f;p0p100;2003;95897.0;998;f
RS;npopul998f;p0p100;2004;100600.0;998;f
RS;npopul998f;p0p100;2005;104117.0;998;f
RS;npopul998f;p0p100;2006;112964.0;998;f
RS;npopul998f;p0p100;2007;120701.0;998;f
RS;npopul998f;p0p100;2008;127050.0;998;f
RS;npopul998f;p0p100;2009;131962.0;998;f
RS;npopul998f;p0p100;2010;135561.0;998;f
RS;npopul998f;p0p100;2011;143375.0;998;f
RS;npopul998f;p0p100;2012;150307.0;998;f
RS;npopul998f;p0p100;2013;155905.0;998;f
RS;npopul998f;p0p100;2014;160023.0;998;f
RS;npopul998f;p0p100;2015;162659.0;998;f
RS;npopul998f;p0p100;2016;168563.0;998;f
RS;npopul998f;p0p100;2017;173089.0;998;f
RS;npopul998f;p0p100;2018;175249.0;998;f
RS;npopul998f;p0p100;2019;174336.0;998;f
RS;scainc992j;p92p93;1990;0.019200001;992;j
RS;scainc992j;p92p93;1991;0.019200001;992;j
RS;scainc992j;p92p93;1992;0.019200001;992;j
RS;scainc992j;p92p93;1993;0.019200001;992;j
RS;scainc992j;p92p93;1994;0.019099999;992;j
RS;scainc992j;p92p93;1995;0.019099999;992;j
RS;scainc992j;p92p93;1996;0.018999999;992;j
RS;scainc992j;p92p93;1997;0.018999999;992;j
RS;scainc992j;p92p93;1998;0.018999999;992;j
RS;scainc992j;p92p93;1999;0.0189;992;j
RS;scainc992j;p92p93;2000;0.0189;992;j
RS;scainc992j;p92p93;2001;0.0189;992;j
RS;scainc992j;p92p93;2002;0.019300001;992;j
RS;scainc992j;p92p93;2003;0.0195;992;j
RS;scainc992j;p92p93;2004;0.020099999;992;j
RS;scainc992j;p92p93;2005;0.020300001;992;j
RS;scainc992j;p92p93;2006;0.0207;992;j
RS;scainc992j;p92p93;2007;0.021;992;j
RS;scainc992j;p92p93;2008;0.021199999;992;j
RS;scainc992j;p92p93;2009;0.021199999;992;j
RS;scainc992j;p92p93;2010;0.0218;992;j
RS;scainc992j;p92p93;2011;0.022299999;992;j
RS;scainc992j;p92p93;2012;0.021600001;992;j
RS;scainc992j;p92p93;2013;0.022;992;j
RS;scainc992j;p92p93;2014;0.0206;992;j
RS;scainc992j;p92p93;2015;0.020199999;992;j
RS;scainc992j;p92p93;2016;0.020199999;992;j
RS;scainc992j;p92p93;2017;0.020199999;992;j
RS;scainc992j;p96p97;1990;0.024800001;992;j
RS;scainc992j;p96p97;1991;0.024800001;992;j
RS;scainc992j;p96p97;1992;0.024900001;992;j
RS;scainc992j;p96p97;1993;0.025;992;j
RS;scainc992j;p96p97;1994;0.025;992;j
RS;scainc992j;p96p97;1995;0.0251;992;j
RS;scainc992j;p96p97;1996;0.025;992;j
RS;scainc992j;p96p97;1997;0.025;992;j
RS;scainc992j;p96p97;1998;0.0251;992;j
RS;scainc992j;p96p97;1999;0.0251;992;j
RS;scainc992j;p96p97;2000;0.025699999;992;j
RS;scainc992j;p96p97;2001;0.025699999;992;j
RS;scainc992j;p96p97;2002;0.0265;992;j
RS;scainc992j;p96p97;2003;0.026699999;992;j
RS;scainc992j;p96p97;2004;0.0272;992;j
RS;scainc992j;p96p97;2005;0.0276;992;j
RS;scainc992j;p96p97;2006;0.0285;992;j
RS;scainc992j;p96p97;2007;0.0288;992;j
RS;scainc992j;p96p97;2008;0.0294;992;j
RS;scainc992j;p96p97;2009;0.0294;992;j
RS;scainc992j;p96p97;2010;0.0305;992;j
RS;scainc992j;p96p97;2011;0.031300001;992;j
RS;scainc992j;p96p97;2012;0.030400001;992;j
RS;scainc992j;p96p97;2013;0.0309;992;j
RS;scainc992j;p96p97;2014;0.0286;992;j
RS;scainc992j;p96p97;2015;0.0284;992;j
RS;scainc992j;p96p97;2016;0.0284;992;j
RS;scainc992j;p96p97;2017;0.0284;992;j
RS;scainc992j;p99.5p99.6;1990;0.0057999999;992;j
RS;scainc992j;p99.5p99.6;1991;0.0057999999;992;j
RS;scainc992j;p99.5p99.6;1992;0.0057999999;992;j
RS;scainc992j;p99.5p99.6;1993;0.0057999999;992;j
RS;scainc992j;p99.5p99.6;1994;0.0057999999;992;j
RS;scainc992j;p99.5p99.6;1995;0.0057999999;992;j
RS;scainc992j;p99.5p99.6;1996;0.0057000001;992;j
RS;scainc992j;p99.5p99.6;1997;0.0057000001;992;j
RS;scainc992j;p99.5p99.6;1998;0.0057999999;992;j
RS;scainc992j;p99.5p99.6;1999;0.0060000001;992;j
RS;scainc992j;p99.5p99.6;2000;0.0063999998;992;j
RS;scainc992j;p99.5p99.6;2001;0.0066;992;j
RS;scainc992j;p99.5p99.6;2002;0.0068000001;992;j
RS;scainc992j;p99.5p99.6;2003;0.0066999998;992;j
RS;scainc992j;p99.5p99.6;2004;0.0068000001;992;j
RS;scainc992j;p99.5p99.6;2005;0.0070000002;992;j
RS;scainc992j;p99.5p99.6;2006;0.0071999999;992;j
RS;scainc992j;p99.5p99.6;2007;0.0071;992;j
RS;scainc992j;p99.5p99.6;2008;0.0071;992;j
RS;scainc992j;p99.5p99.6;2009;0.0074;992;j
RS;scainc992j;p99.5p99.6;2010;0.0076000001;992;j
RS;scainc992j;p99.5p99.6;2011;0.0077999998;992;j
RS;scainc992j;p99.5p99.6;2012;0.0082;992;j
RS;scainc992j;p99.5p99.6;2013;0.0078999996;992;j
RS;scainc992j;p99.5p99.6;2014;0.0081000002;992;j
RS;scainc992j;p99.5p99.6;2015;0.0088999998;992;j
RS;scainc992j;p99.5p99.6;2016;0.0088999998;992;j
RS;scainc992j;p99.5p99.6;2017;0.0088999998;992;j
RS;scainc992j;p99.6p100;1990;0.049800001;992;j
RS;scainc992j;p99.6p100;1991;0.0484;992;j
RS;scainc992j;p99.6p100;1992;0.046999998;992;j
RS;scainc992j;p99.6p100;1993;0.0462;992;j
RS;scainc992j;p99.6p100;1994;0.045600001;992;j
RS;scainc992j;p99.6p100;1995;0.045200001;992;j
RS;scainc992j;p99.6p100;1996;0.044199999;992;j
RS;scainc992j;p99.6p100;1997;0.043299999;992;j
RS;scainc992j;p99.6p100;1998;0.044799998;992;j
RS;scainc992j;p99.6p100;1999;0.049400002;992;j
RS;scainc992j;p99.6p100;2000;0.0526;992;j
RS;scainc992j;p99.6p100;2001;0.056600001;992;j
RS;scainc992j;p99.6p100;2002;0.056699999;992;j
RS;scainc992j;p99.6p100;2003;0.0561;992;j
RS;scainc992j;p99.6p100;2004;0.056899998;992;j
RS;scainc992j;p99.6p100;2005;0.059599999;992;j
RS;scainc992j;p99.6p100;2006;0.0592;992;j
RS;scainc992j;p99.6p100;2007;0.0557;992;j
RS;scainc992j;p99.6p100;2008;0.053599998;992;j
RS;scainc992j;p99.6p100;2009;0.058800001;992;j
RS;scainc992j;p99.6p100;2010;0.059099998;992;j
RS;scainc992j;p99.6p100;2011;0.059799999;992;j
RS;scainc992j;p99.6p100;2012;0.072099999;992;j
RS;scainc992j;p99.6p100;2013;0.063699998;992;j
RS;scainc992j;p99.6p100;2014;0.083300002;992;j
RS;scainc992j;p99.6p100;2015;0.1098;992;j
RS;scainc992j;p99.6p100;2016;0.1098;992;j
RS;scainc992j;p99.6p100;2017;0.11;992;j
RS;scainc992j;p99.991p99.992;1990;0.0004;992;j
RS;scainc992j;p99.991p99.992;1991;0.0004;992;j
RS;scainc992j;p99.991p99.992;1992;0.0004;992;j
RS;scainc992j;p99.991p99.992;1993;0.0004;992;j
RS;scainc992j;p99.991p99.992;1994;0.0004;992;j
RS;scainc992j;p99.991p99.992;1995;0.0004;992;j
RS;scainc992j;p99.991p99.992;1996;0.0004;992;j
RS;scainc992j;p99.991p99.992;1997;0.0003;992;j
RS;scainc992j;p99.991p99.992;1998;0.0004;992;j
RS;scainc992j;p99.991p99.992;1999;0.0004;992;j
RS;scainc992j;p99.991p99.992;2000;0.0004;992;j
RS;scainc992j;p99.991p99.992;2001;0.0005;992;j
RS;scainc992j;p99.991p99.992;2002;0.0005;992;j
RS;scainc992j;p99.991p99.992;2003;0.0005;992;j
RS;scainc992j;p99.991p99.992;2004;0.0005;992;j
RS;scainc992j;p99.991p99.992;2005;0.0005;992;j
RS;scainc992j;p99.991p99.992;2006;0.0005;992;j
RS;scainc992j;p99.991p99.992;2007;0.0004;992;j
RS;scainc992j;p99.991p99.992;2008;0.0004;992;j
RS;scainc992j;p99.991p99.992;2009;0.0005;992;j
RS;scainc992j;p99.991p99.992;2010;0.0005;992;j
RS;scainc992j;p99.991p99.992;2011;0.0005;992;j
RS;scainc992j;p99.991p99.992;2012;0.0006;992;j
RS;scainc992j;p99.991p99.992;2013;0.0005;992;j
RS;scainc992j;p99.991p99.992;2014;0.0008;992;j
RS;scainc992j;p99.991p99.992;2015;0.0012000001;992;j
RS;scainc992j;p99.991p99.992;2016;0.0012000001;992;j
RS;scainc992j;p99.991p99.992;2017;0.0012000001;992;j
RS;sdiinc992j;p10p20;1990;0.0337;992;j
RS;sdiinc992j;p10p20;1991;0.034200002;992;j
RS;sdiinc992j;p10p20;1992;0.034699999;992;j
RS;sdiinc992j;p10p20;1993;0.035300002;992;j
RS;sdiinc992j;p10p20;1994;0.035799999;992;j
RS;sdiinc992j;p10p20;1995;0.0363;992;j
RS;sdiinc992j;p10p20;1996;0.036899999;992;j
RS;sdiinc992j;p10p20;1997;0.037500001;992;j
RS;sdiinc992j;p10p20;1998;0.039299998;992;j
RS;sdiinc992j;p10p20;1999;0.038699999;992;j
RS;sdiinc992j;p10p20;2000;0.0383;992;j
RS;sdiinc992j;p10p20;2001;0.037900001;992;j
RS;sdiinc992j;p10p20;2002;0.035100002;992;j
RS;sdiinc992j;p10p20;2003;0.034299999;992;j
RS;sdiinc992j;p10p20;2004;0.0306;992;j
RS;sdiinc992j;p10p20;2005;0.0294;992;j
RS;sdiinc992j;p10p20;2006;0.027000001;992;j
RS;sdiinc992j;p10p20;2007;0.0263;992;j
RS;sdiinc992j;p10p20;2008;0.0252;992;j
RS;sdiinc992j;p10p20;2009;0.0243;992;j
RS;sdiinc992j;p10p20;2010;0.022;992;j
RS;sdiinc992j;p10p20;2011;0.0196;992;j
RS;sdiinc992j;p10p20;2012;0.019099999;992;j
RS;sdiinc992j;p10p20;2013;0.018999999;992;j
RS;sdiinc992j;p10p20;2014;0.025599999;992;j
RS;sdiinc992j;p10p20;2015;0.021299999;992;j
RS;sdiinc992j;p10p20;2016;0.020300001;992;j
RS;sdiinc992j;p10p20;2017;0.020199999;992;j
RS;sdiinc992j;p2p3;1990;0.0017;992;j
RS;sdiinc992j;p2p3;1991;0.0017;992;j
RS;sdiinc992j;p2p3;1992;0.0016;992;j
RS;sdiinc992j;p2p3;1993;0.0016;992;j
RS;sdiinc992j;p2p3;1994;0.0016;992;j
RS;sdiinc992j;p2p3;1995;0.0015;992;j
RS;sdiinc992j;p2p3;1996;0.0015;992;j
RS;sdiinc992j;p2p3;1997;0.0014;992;j
RS;sdiinc992j;p2p3;1998;0.0014;992;j
RS;sdiinc992j;p2p3;1999;0.0013;992;j
RS;sdiinc992j;p2p3;2000;0.0013;992;j
RS;sdiinc992j;p2p3;2001;0.0013;992;j
RS;sdiinc992j;p2p3;2002;0.0011;992;j
RS;sdiinc992j;p2p3;2003;0.0012000001;992;j
RS;sdiinc992j;p2p3;2004;0.0011;992;j
RS;sdiinc992j;p2p3;2005;0.0011;992;j
RS;sdiinc992j;p2p3;2006;0.001;992;j
RS;sdiinc992j;p2p3;2007;0.0011;992;j
RS;sdiinc992j;p2p3;2008;0.0011;992;j
RS;sdiinc992j;p2p3;2009;0.0012000001;992;j
RS;sdiinc992j;p2p3;2010;0.0011;992;j
RS;sdiinc992j;p2p3;2011;0.0011;992;j
RS;sdiinc992j;p2p3;2012;0.001;992;j
RS;sdiinc992j;p2p3;2013;0.0014;992;j
RS;sdiinc992j;p2p3;2014;0.0020999999;992;j
RS;sdiinc992j;p2p3;2015;0.0017;992;j
RS;sdiinc992j;p2p3;2016;0.0015;992;j
RS;sdiinc992j;p2p3;2017;0.0015;992;j
RS;sdiinc992j;p40p50;1990;0.077799998;992;j
RS;sdiinc992j;p40p50;1991;0.078100003;992;j
RS;sdiinc992j;p40p50;1992;0.078400001;992;j
RS;sdiinc992j;p40p50;1993;0.078599997;992;j
RS;sdiinc992j;p40p50;1994;0.0788;992;j
RS;sdiinc992j;p40p50;1995;0.079000004;992;j
RS;sdiinc992j;p40p50;1996;0.0792;992;j
RS;sdiinc992j;p40p50;1997;0.079599999;992;j
RS;sdiinc992j;p40p50;1998;0.077200003;992;j
RS;sdiinc992j;p40p50;1999;0.0766;992;j
RS;sdiinc992j;p40p50;2000;0.076300003;992;j
RS;sdiinc992j;p40p50;2001;0.075999998;992;j
RS;sdiinc992j;p40p50;2002;0.0757;992;j
RS;sdiinc992j;p40p50;2003;0.075199999;992;j
RS;sdiinc992j;p40p50;2004;0.074500002;992;j
RS;sdiinc992j;p40p50;2005;0.073100001;992;j
RS;sdiinc992j;p40p50;2006;0.072400004;992;j
RS;sdiinc992j;p40p50;2007;0.072499998;992;j
RS;sdiinc992j;p40p50;2008;0.071999997;992;j
RS;sdiinc992j;p40p50;2009;0.0713;992;j
RS;sdiinc992j;p40p50;2010;0.069700003;992;j
RS;sdiinc992j;p40p50;2011;0.068700001;992;j
RS;sdiinc992j;p40p50;2012;0.067500003;992;j
RS;sdiinc992j;p40p50;2013;0.067500003;992;j
RS;sdiinc992j;p40p50;2014;0.066799998;992;j
RS;sdiinc992j;p40p50;2015;0.066;992;j
RS;sdiinc992j;p40p50;2016;0.065499999;992;j
RS;sdiinc992j;p40p50;2017;0.065499999;992;j
RS;sdiinc992j;p69p100;1990;0.56590003;992;j
RS;sdiinc992j;p69p100;1991;0.56400001;992;j
RS;sdiinc992j;p69p100;1992;0.56239998;992;j
RS;sdiinc992j;p69p100;1993;0.56099999;992;j
RS;sdiinc992j;p69p100;1994;0.5596;992;j
RS;sdiinc992j;p69p100;1995;0.55830002;992;j
RS;sdiinc992j;p69p100;1996;0.55629998;992;j
RS;sdiinc992j;p69p100;1997;0.55379999;992;j
RS;sdiinc992j;p69p100;1998;0.5571;992;j
RS;sdiinc992j;p69p100;1999;0.56199998;992;j
RS;sdiinc992j;p69p100;2000;0.56470001;992;j
RS;sdiinc992j;p69p100;2001;0.56650001;992;j
RS;sdiinc992j;p69p100;2002;0.57370001;992;j
RS;sdiinc992j;p69p100;2003;0.57679999;992;j
RS;sdiinc992j;p69p100;2004;0.5869;992;j
RS;sdiinc992j;p69p100;2005;0.5941;992;j
RS;sdiinc992j;p69p100;2006;0.60210001;992;j
RS;sdiinc992j;p69p100;2007;0.60229999;992;j
RS;sdiinc992j;p69p100;2008;0.60589999;992;j
RS;sdiinc992j;p69p100;2009;0.61210001;992;j
RS;sdiinc992j;p69p100;2010;0.62279999;992;j
RS;sdiinc992j;p69p100;2011;0.63349998;992;j
RS;sdiinc992j;p69p100;2012;0.63679999;992;j
RS;sdiinc992j;p69p100;2013;0.6383;992;j
RS;sdiinc992j;p69p100;2014;0.62440002;992;j
RS;sdiinc992j;p69p100;2015;0.64289999;992;j
RS;sdiinc992j;p69p100;2016;0.64719999;992;j
RS;sdiinc992j;p69p100;2017;0.64770001;992;j
RS;sdiinc992j;p89p100;1990;0.28999999;992;j
RS;sdiinc992j;p89p100;1991;0.28870001;992;j
RS;sdiinc992j;p89p100;1992;0.2877;992;j
RS;sdiinc992j;p89p100;1993;0.2872;992;j
RS;sdiinc992j;p89p100;1994;0.28670001;992;j
RS;sdiinc992j;p89p100;1995;0.2863;992;j
RS;sdiinc992j;p89p100;1996;0.28479999;992;j
RS;sdiinc992j;p89p100;1997;0.28299999;992;j
RS;sdiinc992j;p89p100;1998;0.28819999;992;j
RS;sdiinc992j;p89p100;1999;0.29550001;992;j
RS;sdiinc992j;p89p100;2000;0.30129999;992;j
RS;sdiinc992j;p89p100;2001;0.3057;992;j
RS;sdiinc992j;p89p100;2002;0.31009999;992;j
RS;sdiinc992j;p89p100;2003;0.31130001;992;j
RS;sdiinc992j;p89p100;2004;0.31760001;992;j
RS;sdiinc992j;p89p100;2005;0.32449999;992;j
RS;sdiinc992j;p89p100;2006;0.331;992;j
RS;sdiinc992j;p89p100;2007;0.3281;992;j
RS;sdiinc992j;p89p100;2008;0.3299;992;j
RS;sdiinc992j;p89p100;2009;0.33629999;992;j
RS;sdiinc992j;p89p100;2010;0.34540001;992;j
RS;sdiinc992j;p89p100;2011;0.35429999;992;j
RS;sdiinc992j;p89p100;2012;0.359;992;j
RS;sdiinc992j;p89p100;2013;0.354;992;j
RS;sdiinc992j;p89p100;2014;0.3563;992;j
RS;sdiinc992j;p89p100;2015;0.3813;992;j
RS;sdiinc992j;p89p100;2016;0.38479999;992;j
RS;sdiinc992j;p89p100;2017;0.38530001;992;j
RS;sptinc992j;p16p100;1990;0.97240001;992;j
RS;sptinc992j;p16p100;1991;0.97219998;992;j
RS;sptinc992j;p16p100;1992;0.97210002;992;j
RS;sptinc992j;p16p100;1993;0.97189999;992;j
RS;sptinc992j;p16p100;1994;0.97180003;992;j
RS;sptinc992j;p16p100;1995;0.97170001;992;j
RS;sptinc992j;p16p100;1996;0.9716;992;j
RS;sptinc992j;p16p100;1997;0.97149998;992;j
RS;sptinc992j;p16p100;1998;0.96899998;992;j
RS;sptinc992j;p16p100;1999;0.96859998;992;j
RS;sptinc992j;p16p100;2000;0.96920002;992;j
RS;sptinc992j;p16p100;2001;0.96890002;992;j
RS;sptinc992j;p16p100;2002;0.97329998;992;j
RS;sptinc992j;p16p100;2003;0.97479999;992;j
RS;sptinc992j;p16p100;2004;0.977;992;j
RS;sptinc992j;p16p100;2005;0.97899997;992;j
RS;sptinc992j;p16p100;2006;0.9817;992;j
RS;sptinc992j;p16p100;2007;0.98390001;992;j
RS;sptinc992j;p16p100;2008;0.98640001;992;j
RS;sptinc992j;p16p100;2009;0.98799998;992;j
RS;sptinc992j;p16p100;2010;0.98909998;992;j
RS;sptinc992j;p16p100;2011;0.99089998;992;j
RS;sptinc992j;p16p100;2012;0.99150002;992;j
RS;sptinc992j;p16p100;2013;0.9928;992;j
RS;sptinc992j;p16p100;2014;0.99269998;992;j
RS;sptinc992j;p16p100;2015;0.99260002;992;j
RS;sptinc992j;p16p100;2016;0.99250001;992;j
RS;sptinc992j;p16p100;2017;0.99260002;992;j
RS;sptinc992j;p62p63;1990;0.0101;992;j
RS;sptinc992j;p62p63;1991;0.0101;992;j
RS;sptinc992j;p62p63;1992;0.0099999998;992;j
RS;sptinc992j;p62p63;1993;0.0099999998;992;j
RS;sptinc992j;p62p63;1994;0.0099999998;992;j
RS;sptinc992j;p62p63;1995;0.0098999999;992;j
RS;sptinc992j;p62p63;1996;0.0098999999;992;j
RS;sptinc992j;p62p63;1997;0.0098999999;992;j
RS;sptinc992j;p62p63;1998;0.0098999999;992;j
RS;sptinc992j;p62p63;1999;0.0098000001;992;j
RS;sptinc992j;p62p63;2000;0.0096000005;992;j
RS;sptinc992j;p62p63;2001;0.0094999997;992;j
RS;sptinc992j;p62p63;2002;0.0096000005;992;j
RS;sptinc992j;p62p63;2003;0.0096000005;992;j
RS;sptinc992j;p62p63;2004;0.0093999999;992;j
RS;sptinc992j;p62p63;2005;0.0093999999;992;j
RS;sptinc992j;p62p63;2006;0.0093999999;992;j
RS;sptinc992j;p62p63;2007;0.0094999997;992;j
RS;sptinc992j;p62p63;2008;0.0096000005;992;j
RS;sptinc992j;p62p63;2009;0.0096000005;992;j
RS;sptinc992j;p62p63;2010;0.0093999999;992;j
RS;sptinc992j;p62p63;2011;0.0093;992;j
RS;sptinc992j;p62p63;2012;0.0093999999;992;j
RS;sptinc992j;p62p63;2013;0.0096000005;992;j
RS;sptinc992j;p62p63;2014;0.0093999999;992;j
RS;sptinc992j;p62p63;2015;0.0094999997;992;j
RS;sptinc992j;p62p63;2016;0.0094999997;992;j
RS;sptinc992j;p62p63;2017;0.0094999997;992;j
RS;sptinc992j;p83p100;1990;0.41499999;992;j
RS;sptinc992j;p83p100;1991;0.41690001;992;j
RS;sptinc992j;p83p100;1992;0.41870001;992;j
RS;sptinc992j;p83p100;1993;0.42050001;992;j
RS;sptinc992j;p83p100;1994;0.4224;992;j
RS;sptinc992j;p83p100;1995;0.42429999;992;j
RS;sptinc992j;p83p100;1996;0.42539999;992;j
RS;sptinc992j;p83p100;1997;0.42660001;992;j
RS;sptinc992j;p83p100;1998;0.42789999;992;j
RS;sptinc992j;p83p100;1999;0.43110001;992;j
RS;sptinc992j;p83p100;2000;0.43889999;992;j
RS;sptinc992j;p83p100;2001;0.44220001;992;j
RS;sptinc992j;p83p100;2002;0.44870001;992;j
RS;sptinc992j;p83p100;2003;0.4526;992;j
RS;sptinc992j;p83p100;2004;0.46259999;992;j
RS;sptinc992j;p83p100;2005;0.47099999;992;j
RS;sptinc992j;p83p100;2006;0.4761;992;j
RS;sptinc992j;p83p100;2007;0.4727;992;j
RS;sptinc992j;p83p100;2008;0.47749999;992;j
RS;sptinc992j;p83p100;2009;0.48249999;992;j
RS;sptinc992j;p83p100;2010;0.49340001;992;j
RS;sptinc992j;p83p100;2011;0.50400001;992;j
RS;sptinc992j;p83p100;2012;0.50169998;992;j
RS;sptinc992j;p83p100;2013;0.49829999;992;j
RS;sptinc992j;p83p100;2014;0.51289999;992;j
RS;sptinc992j;p83p100;2015;0.50629997;992;j
RS;sptinc992j;p83p100;2016;0.50639999;992;j
RS;sptinc992j;p83p100;2017;0.50669998;992;j
RS;sptinc992j;p91p92;1990;0.0188;992;j
RS;sptinc992j;p91p92;1991;0.0188;992;j
RS;sptinc992j;p91p92;1992;0.0188;992;j
RS;sptinc992j;p91p92;1993;0.0188;992;j
RS;sptinc992j;p91p92;1994;0.0188;992;j
RS;sptinc992j;p91p92;1995;0.0188;992;j
RS;sptinc992j;p91p92;1996;0.0188;992;j
RS;sptinc992j;p91p92;1997;0.0188;992;j
RS;sptinc992j;p91p92;1998;0.0189;992;j
RS;sptinc992j;p91p92;1999;0.0187;992;j
RS;sptinc992j;p91p92;2000;0.0187;992;j
RS;sptinc992j;p91p92;2001;0.0186;992;j
RS;sptinc992j;p91p92;2002;0.0189;992;j
RS;sptinc992j;p91p92;2003;0.019200001;992;j
RS;sptinc992j;p91p92;2004;0.0196;992;j
RS;sptinc992j;p91p92;2005;0.02;992;j
RS;sptinc992j;p91p92;2006;0.020300001;992;j
RS;sptinc992j;p91p92;2007;0.0206;992;j
RS;sptinc992j;p91p92;2008;0.0207;992;j
RS;sptinc992j;p91p92;2009;0.021;992;j
RS;sptinc992j;p91p92;2010;0.021299999;992;j
RS;sptinc992j;p91p92;2011;0.0217;992;j
RS;sptinc992j;p91p92;2012;0.0217;992;j
RS;sptinc992j;p91p92;2013;0.021600001;992;j
RS;sptinc992j;p91p92;2014;0.0211;992;j
RS;sptinc992j;p91p92;2015;0.021199999;992;j
RS;sptinc992j;p91p92;2016;0.021199999;992;j
RS;sptinc992j;p91p92;2017;0.021199999;992;j
RS;sptinc992j;p99.999p100;1990;0.003;992;j
RS;sptinc992j;p99.999p100;1991;0.0031000001;992;j
RS;sptinc992j;p99.999p100;1992;0.0031999999;992;j
RS;sptinc992j;p99.999p100;1993;0.0034;992;j
RS;sptinc992j;p99.999p100;1994;0.0035000001;992;j
RS;sptinc992j;p99.999p100;1995;0.0035999999;992;j
RS;sptinc992j;p99.999p100;1996;0.0038000001;992;j
RS;sptinc992j;p99.999p100;1997;0.0038999999;992;j
RS;sptinc992j;p99.999p100;1998;0.0038000001;992;j
RS;sptinc992j;p99.999p100;1999;0.0043000001;992;j
RS;sptinc992j;p99.999p100;2000;0.0046000001;992;j
RS;sptinc992j;p99.999p100;2001;0.0052999998;992;j
RS;sptinc992j;p99.999p100;2002;0.0049000001;992;j
RS;sptinc992j;p99.999p100;2003;0.0046999999;992;j
RS;sptinc992j;p99.999p100;2004;0.0048000002;992;j
RS;sptinc992j;p99.999p100;2005;0.0044;992;j
RS;sptinc992j;p99.999p100;2006;0.0044999998;992;j
RS;sptinc992j;p99.999p100;2007;0.0040000002;992;j
RS;sptinc992j;p99.999p100;2008;0.0041;992;j
RS;sptinc992j;p99.999p100;2009;0.0040000002;992;j
RS;sptinc992j;p99.999p100;2010;0.0035999999;992;j
RS;sptinc992j;p99.999p100;2011;0.0038999999;992;j
RS;sptinc992j;p99.999p100;2012;0.0024999999;992;j
RS;sptinc992j;p99.999p100;2013;0.003;992;j
RS;sptinc992j;p99.999p100;2014;0.0065000001;992;j
RS;sptinc992j;p99.999p100;2015;0.0063999998;992;j
RS;sptinc992j;p99.999p100;2016;0.0063999998;992;j
RS;sptinc992j;p99.999p100;2017;0.0063999998;992;j
RS;sptinc992j;p9p10;1990;0.0019;992;j
RS;sptinc992j;p9p10;1991;0.0020000001;992;j
RS;sptinc992j;p9p10;1992;0.0020000001;992;j
RS;sptinc992j;p9p10;1993;0.0020000001;992;j
RS;sptinc992j;p9p10;1994;0.0020000001;992;j
RS;sptinc992j;p9p10;1995;0.0020000001;992;j
RS;sptinc992j;p9p10;1996;0.0020999999;992;j
RS;sptinc992j;p9p10;1997;0.0020999999;992;j
RS;sptinc992j;p9p10;1998;0.0023000001;992;j
RS;sptinc992j;p9p10;1999;0.0024000001;992;j
RS;sptinc992j;p9p10;2000;0.0023000001;992;j
RS;sptinc992j;p9p10;2001;0.0024000001;992;j
RS;sptinc992j;p9p10;2002;0.0020000001;992;j
RS;sptinc992j;p9p10;2003;0.0018;992;j
RS;sptinc992j;p9p10;2004;0.0017;992;j
RS;sptinc992j;p9p10;2005;0.0015;992;j
RS;sptinc992j;p9p10;2006;0.0013;992;j
RS;sptinc992j;p9p10;2007;0.0011;992;j
RS;sptinc992j;p9p10;2008;0.0009;992;j
RS;sptinc992j;p9p10;2009;0.0008;992;j
RS;sptinc992j;p9p10;2010;0.0007;992;j
RS;sptinc992j;p9p10;2011;0.0006;992;j
RS;sptinc992j;p9p10;2012;0.0005;992;j
RS;sptinc992j;p9p10;2013;0.0005;992;j
RS;sptinc992j;p9p10;2014;0.0005;992;j
RS;sptinc992j;p9p10;2015;0.0005;992;j
RS;sptinc992j;p9p10;2016;0.0005;992;j
RS;sptinc992j;p9p10;2017;0.0005;992;j
RS;tcainc992j;p26p100;1990;244256.8;992;j
RS;tcainc992j;p26p100;1991;215361.7;992;j
RS;tcainc992j;p26p100;1992;149870.2;992;j
RS;tcainc992j;p26p100;1993;98720.602;992;j
RS;tcainc992j;p26p100;1994;103113.9;992;j
RS;tcainc992j;p26p100;1995;110298.1;992;j
RS;tcainc992j;p26p100;1996;112939.0;992;j
RS;tcainc992j;p26p100;1997;120989.3;992;j
RS;tcainc992j;p26p100;1998;134298.09;992;j
RS;tcainc992j;p26p100;1999;153091.2;992;j
RS;tcainc992j;p26p100;2000;166290.2;992;j
RS;tcainc992j;p26p100;2001;162330.59;992;j
RS;tcainc992j;p26p100;2002;163587.8;992;j
RS;tcainc992j;p26p100;2003;168744.09;992;j
RS;tcainc992j;p26p100;2004;192823.0;992;j
RS;tcainc992j;p26p100;2005;214799.59;992;j
RS;tcainc992j;p26p100;2006;214679.2;992;j
RS;tcainc992j;p26p100;2007;211607.5;992;j
RS;tcainc992j;p26p100;2008;218560.3;992;j
RS;tcainc992j;p26p100;2009;205872.5;992;j
RS;tcainc992j;p26p100;2010;190011.0;992;j
RS;tcainc992j;p26p100;2011;175955.09;992;j
RS;tcainc992j;p26p100;2012;180673.7;992;j
RS;tcainc992j;p26p100;2013;156841.7;992;j
RS;tcainc992j;p26p100;2014;175695.2;992;j
RS;tcainc992j;p26p100;2015;159657.8;992;j
RS;tcainc992j;p26p100;2016;165663.8;992;j
RS;tcainc992j;p26p100;2017;165607.7;992;j
RS;tcainc992j;p57p100;1990;489210.91;992;j
RS;tcainc992j;p57p100;1991;425317.09;992;j
RS;tcainc992j;p57p100;1992;291099.69;992;j
RS;tcainc992j;p57p100;1993;188649.8;992;j
RS;tcainc992j;p57p100;1994;194239.91;992;j
RS;tcainc992j;p57p100;1995;204889.5;992;j
RS;tcainc992j;p57p100;1996;206778.5;992;j
RS;tcainc992j;p57p100;1997;218337.8;992;j
RS;tcainc992j;p57p100;1998;237278.09;992;j
RS;tcainc992j;p57p100;1999;267600.19;992;j
RS;tcainc992j;p57p100;2000;287581.0;992;j
RS;tcainc992j;p57p100;2001;277299.5;992;j
RS;tcainc992j;p57p100;2002;290696.31;992;j
RS;tcainc992j;p57p100;2003;306425.41;992;j
RS;tcainc992j;p57p100;2004;364290.19;992;j
RS;tcainc992j;p57p100;2005;410266.59;992;j
RS;tcainc992j;p57p100;2006;430994.5;992;j
RS;tcainc992j;p57p100;2007;433608.0;992;j
RS;tcainc992j;p57p100;2008;463551.5;992;j
RS;tcainc992j;p57p100;2009;455440.81;992;j
RS;tcainc992j;p57p100;2010;449296.69;992;j
RS;tcainc992j;p57p100;2011;449787.31;992;j
RS;tcainc992j;p57p100;2012;444696.69;992;j
RS;tcainc992j;p57p100;2013;454449.09;992;j
RS;tcainc992j;p57p100;2014;434852.31;992;j
RS;tcainc992j;p57p100;2015;430026.0;992;j
RS;tcainc992j;p57p100;2016;446066.41;992;j
RS;tcainc992j;p57p100;2017;446330.31;992;j
RS;tdiinc992j;p41p42;1990;535595.81;992;j
RS;tdiinc992j;p41p42;1991;466013.09;992;j
RS;tdiinc992j;p41p42;1992;319980.81;992;j
RS;tdiinc992j;p41p42;1993;207741.91;992;j
RS;tdiinc992j;p41p42;1994;214153.5;992;j
RS;tdiinc992j;p41p42;1995;226180.8;992;j
RS;tdiinc992j;p41p42;1996;228767.3;992;j
RS;tdiinc992j;p41p42;1997;243288.0;992;j
RS;tdiinc992j;p41p42;1998;249593.8;992;j
RS;tdiinc992j;p41p42;1999;270987.09;992;j
RS;tdiinc992j;p41p42;2000;297011.09;992;j
RS;tdiinc992j;p41p42;2001;295657.0;992;j
RS;tdiinc992j;p41p42;2002;317252.19;992;j
RS;tdiinc992j;p41p42;2003;331003.19;992;j
RS;tdiinc992j;p41p42;2004;367313.59;992;j
RS;tdiinc992j;p41p42;2005;401663.09;992;j
RS;tdiinc992j;p41p42;2006;416948.59;992;j
RS;tdiinc992j;p41p42;2007;429434.19;992;j
RS;tdiinc992j;p41p42;2008;454638.41;992;j
RS;tdiinc992j;p41p42;2009;440418.81;992;j
RS;tdiinc992j;p41p42;2010;431296.91;992;j
RS;tdiinc992j;p41p42;2011;425180.0;992;j
RS;tdiinc992j;p41p42;2012;415662.81;992;j
RS;tdiinc992j;p41p42;2013;421148.31;992;j
RS;tdiinc992j;p41p42;2014;416026.19;992;j
RS;tdiinc992j;p41p42;2015;412462.19;992;j
RS;tdiinc992j;p41p42;2016;421650.5;992;j
RS;tdiinc992j;p41p42;2017;423692.5;992;j
RS;tdiinc992j;p4p5;1990;133886.8;992;j
RS;tdiinc992j;p4p5;1991;115630.8;992;j
RS;tdiinc992j;p4p5;1992;79364.898;992;j
RS;tdiinc992j;p4p5;1993;51724.398;992;j
RS;tdiinc992j;p4p5;1994;53356.898;992;j
RS;tdiinc992j;p4p5;1995;55774.398;992;j
RS;tdiinc992j;p4p5;1996;56175.0;992;j
RS;tdiinc992j;p4p5;1997;60178.898;992;j
RS;tdiinc992j;p4p5;1998;60349.301;992;j
RS;tdiinc992j;p4p5;1999;63874.398;992;j
RS;tdiinc992j;p4p5;2000;70553.297;992;j
RS;tdiinc992j;p4p5;2001;70736.5;992;j
RS;tdiinc992j;p4p5;2002;66278.602;992;j
RS;tdiinc992j;p4p5;2003;66664.703;992;j
RS;tdiinc992j;p4p5;2004;67843.398;992;j
RS;tdiinc992j;p4p5;2005;72844.398;992;j
RS;tdiinc992j;p4p5;2006;74074.0;992;j
RS;tdiinc992j;p4p5;2007;73423.102;992;j
RS;tdiinc992j;p4p5;2008;81200.602;992;j
RS;tdiinc992j;p4p5;2009;82677.602;992;j
RS;tdiinc992j;p4p5;2010;83107.5;992;j
RS;tdiinc992j;p4p5;2011;76749.297;992;j
RS;tdiinc992j;p4p5;2012;71403.797;992;j
RS;tdiinc992j;p4p5;2013;98773.602;992;j
RS;tdiinc992j;p4p5;2014;143255.5;992;j
RS;tdiinc992j;p4p5;2015;115832.8;992;j
RS;tdiinc992j;p4p5;2016;111968.8;992;j
RS;tdiinc992j;p4p5;2017;111806.0;992;j
RS;tdiinc992j;p52p100;1990;643341.63;992;j
RS;tdiinc992j;p52p100;1991;559640.38;992;j
RS;tdiinc992j;p52p100;1992;383994.5;992;j
RS;tdiinc992j;p52p100;1993;248977.09;992;j
RS;tdiinc992j;p52p100;1994;256580.91;992;j
RS;tdiinc992j;p52p100;1995;270649.31;992;j
RS;tdiinc992j;p52p100;1996;273095.31;992;j
RS;tdiinc992j;p52p100;1997;289868.91;992;j
RS;tdiinc992j;p52p100;1998;299736.5;992;j
RS;tdiinc992j;p52p100;1999;325083.0;992;j
RS;tdiinc992j;p52p100;2000;355914.5;992;j
RS;tdiinc992j;p52p100;2001;353453.31;992;j
RS;tdiinc992j;p52p100;2002;380137.0;992;j
RS;tdiinc992j;p52p100;2003;396518.09;992;j
RS;tdiinc992j;p52p100;2004;445150.5;992;j
RS;tdiinc992j;p52p100;2005;488392.19;992;j
RS;tdiinc992j;p52p100;2006;512012.5;992;j
RS;tdiinc992j;p52p100;2007;531021.81;992;j
RS;tdiinc992j;p52p100;2008;563573.88;992;j
RS;tdiinc992j;p52p100;2009;547893.88;992;j
RS;tdiinc992j;p52p100;2010;540223.19;992;j
RS;tdiinc992j;p52p100;2011;535324.19;992;j
RS;tdiinc992j;p52p100;2012;529735.31;992;j
RS;tdiinc992j;p52p100;2013;540826.81;992;j
RS;tdiinc992j;p52p100;2014;524519.38;992;j
RS;tdiinc992j;p52p100;2015;520085.09;992;j
RS;tdiinc992j;p52p100;2016;534040.13;992;j
RS;tdiinc992j;p52p100;2017;536943.63;992;j
RS;tdiinc992j;p73p74;1990;902385.31;992;j
RS;tdiinc992j;p73p74;1991;783366.63;992;j
RS;tdiinc992j;p73p74;1992;535880.31;992;j
RS;tdiinc992j;p73p74;1993;347110.09;992;j
RS;tdiinc992j;p73p74;1994;357024.09;992;j
RS;tdiinc992j;p73p74;1995;376159.0;992;j
RS;tdiinc992j;p73p74;1996;379496.69;992;j
RS;tdiinc992j;p73p74;1997;402384.41;992;j
RS;tdiinc992j;p73p74;1998;420469.81;992;j
RS;tdiinc992j;p73p74;1999;454200.0;992;j
RS;tdiinc992j;p73p74;2000;493713.59;992;j
RS;tdiinc992j;p73p74;2001;488942.91;992;j
RS;tdiinc992j;p73p74;2002;529017.88;992;j
RS;tdiinc992j;p73p74;2003;557257.81;992;j
RS;tdiinc992j;p73p74;2004;633729.31;992;j
RS;tdiinc992j;p73p74;2005;701362.63;992;j
RS;tdiinc992j;p73p74;2006;740853.88;992;j
RS;tdiinc992j;p73p74;2007;773423.31;992;j
RS;tdiinc992j;p73p74;2008;824860.88;992;j
RS;tdiinc992j;p73p74;2009;806659.88;992;j
RS;tdiinc992j;p73p74;2010;807687.31;992;j
RS;tdiinc992j;p73p74;2011;807120.19;992;j
RS;tdiinc992j;p73p74;2012;804208.31;992;j
RS;tdiinc992j;p73p74;2013;847284.31;992;j
RS;tdiinc992j;p73p74;2014;792193.81;992;j
RS;tdiinc992j;p73p74;2015;772551.81;992;j
RS;tdiinc992j;p73p74;2016;797348.13;992;j
RS;tdiinc992j;p73p74;2017;802051.88;992;j
RS;tdiinc992j;p85p100;1990;1118670.3;992;j
RS;tdiinc992j;p85p100;1991;967898.88;992;j
RS;tdiinc992j;p85p100;1992;660680.31;992;j
RS;tdiinc992j;p85p100;1993;426286.5;992;j
RS;tdiinc992j;p85p100;1994;437158.5;992;j
RS;tdiinc992j;p85p100;1995;459080.69;992;j
RS;tdiinc992j;p85p100;1996;461010.0;992;j
RS;tdiinc992j;p85p100;1997;486622.59;992;j
RS;tdiinc992j;p85p100;1998;507040.31;992;j
RS;tdiinc992j;p85p100;1999;552278.31;992;j
RS;tdiinc992j;p85p100;2000;598183.81;992;j
RS;tdiinc992j;p85p100;2001;591797.81;992;j
RS;tdiinc992j;p85p100;2002;642938.13;992;j
RS;tdiinc992j;p85p100;2003;684517.81;992;j
RS;tdiinc992j;p85p100;2004;781577.31;992;j
RS;tdiinc992j;p85p100;2005;877556.19;992;j
RS;tdiinc992j;p85p100;2006;939067.5;992;j
RS;tdiinc992j;p85p100;2007;980873.63;992;j
RS;tdiinc992j;p85p100;2008;1053499.0;992;j
RS;tdiinc992j;p85p100;2009;1045742.8;992;j
RS;tdiinc992j;p85p100;2010;1053688.6;992;j
RS;tdiinc992j;p85p100;2011;1072717.8;992;j
RS;tdiinc992j;p85p100;2012;1068498.9;992;j
RS;tdiinc992j;p85p100;2013;1116821.9;992;j
RS;tdiinc992j;p85p100;2014;1027544.4;992;j
RS;tdiinc992j;p85p100;2015;1011514.5;992;j
RS;tdiinc992j;p85p100;2016;1046902.5;992;j
RS;tdiinc992j;p85p100;2017;1053437.5;992;j
RS;tdiinc992j;p99.96p99.97;1990;13282765.0;992;j
RS;tdiinc992j;p99.96p99.97;1991;11210024.0;992;j
RS;tdiinc992j;p99.96p99.97;1992;7424993.5;992;j
RS;tdiinc992j;p99.96p99.97;1993;4729247.0;992;j
RS;tdiinc992j;p99.96p99.97;1994;4803881.5;992;j
RS;tdiinc992j;p99.96p99.97;1995;5013067.5;992;j
RS;tdiinc992j;p99.96p99.97;1996;4939011.0;992;j
RS;tdiinc992j;p99.96p99.97;1997;5101867.5;992;j
RS;tdiinc992j;p99.96p99.97;1998;5644714.0;992;j
RS;tdiinc992j;p99.96p99.97;1999;6945114.5;992;j
RS;tdiinc992j;p99.96p99.97;2000;8095384.0;992;j
RS;tdiinc992j;p99.96p99.97;2001;8719894.0;992;j
RS;tdiinc992j;p99.96p99.97;2002;9282836.0;992;j
RS;tdiinc992j;p99.96p99.97;2003;9643983.0;992;j
RS;tdiinc992j;p99.96p99.97;2004;11007425.0;992;j
RS;tdiinc992j;p99.96p99.97;2005;12889931.0;992;j
RS;tdiinc992j;p99.96p99.97;2006;13465538.0;992;j
RS;tdiinc992j;p99.96p99.97;2007;12890085.0;992;j
RS;tdiinc992j;p99.96p99.97;2008;13097505.0;992;j
RS;tdiinc992j;p99.96p99.97;2009;14301557.0;992;j
RS;tdiinc992j;p99.96p99.97;2010;14334451.0;992;j
RS;tdiinc992j;p99.96p99.97;2011;14553981.0;992;j
RS;tdiinc992j;p99.96p99.97;2012;17810286.0;992;j
RS;tdiinc992j;p99.96p99.97;2013;15948144.0;992;j
RS;tdiinc992j;p99.96p99.97;2014;20536132.0;992;j
RS;tdiinc992j;p99.96p99.97;2015;26375502.0;992;j
RS;tdiinc992j;p99.96p99.97;2016;27537458.0;992;j
RS;tdiinc992j;p99.96p99.97;2017;27759352.0;992;j
RS;tdiinc992j;p99.99p99.991;1990;27456838.0;992;j
RS;tdiinc992j;p99.99p99.991;1991;22822522.0;992;j
RS;tdiinc992j;p99.99p99.991;1992;14792830.0;992;j
RS;tdiinc992j;p99.99p99.991;1993;9278017.0;992;j
RS;tdiinc992j;p99.99p99.991;1994;9328739.0;992;j
RS;tdiinc992j;p99.99p99.991;1995;9648684.0;992;j
RS;tdiinc992j;p99.99p99.991;1996;9413384.0;992;j
RS;tdiinc992j;p99.99p99.991;1997;9619451.0;992;j
RS;tdiinc992j;p99.99p99.991;1998;10770948.0;992;j
RS;tdiinc992j;p99.99p99.991;1999;13823131.0;992;j
RS;tdiinc992j;p99.99p99.991;2000;16109992.0;992;j
RS;tdiinc992j;p99.99p99.991;2001;17896908.0;992;j
RS;tdiinc992j;p99.99p99.991;2002;18583740.0;992;j
RS;tdiinc992j;p99.99p99.991;2003;19337844.0;992;j
RS;tdiinc992j;p99.99p99.991;2004;22103728.0;992;j
RS;tdiinc992j;p99.99p99.991;2005;26250856.0;992;j
RS;tdiinc992j;p99.99p99.991;2006;26588470.0;992;j
RS;tdiinc992j;p99.99p99.991;2007;24604456.0;992;j
RS;tdiinc992j;p99.99p99.991;2008;24102752.0;992;j
RS;tdiinc992j;p99.99p99.991;2009;27606740.0;992;j
RS;tdiinc992j;p99.99p99.991;2010;27070008.0;992;j
RS;tdiinc992j;p99.99p99.991;2011;27122014.0;992;j
RS;tdiinc992j;p99.99p99.991;2012;36851108.0;992;j
RS;tdiinc992j;p99.99p99.991;2013;30876922.0;992;j
RS;tdiinc992j;p99.99p99.991;2014;46808000.0;992;j
RS;tdiinc992j;p99.99p99.991;2015;66177880.0;992;j
RS;tdiinc992j;p99.99p99.991;2016;69120912.0;992;j
RS;tdiinc992j;p99.99p99.991;2017;69706792.0;992;j
RS;tptinc992j;p10p11;1990;151392.3;992;j
RS;tptinc992j;p10p11;1991;132187.09;992;j
RS;tptinc992j;p10p11;1992;91000.203;992;j
RS;tptinc992j;p10p11;1993;59255.801;992;j
RS;tptinc992j;p10p11;1994;61378.801;992;j
RS;tptinc992j;p10p11;1995;65347.898;992;j
RS;tptinc992j;p10p11;1996;66577.602;992;j
RS;tptinc992j;p10p11;1997;71432.102;992;j
RS;tptinc992j;p10p11;1998;83051.398;992;j
RS;tptinc992j;p10p11;1999;92784.297;992;j
RS;tptinc992j;p10p11;2000;100208.6;992;j
RS;tptinc992j;p10p11;2001;101619.1;992;j
RS;tptinc992j;p10p11;2002;92827.398;992;j
RS;tptinc992j;p10p11;2003;91318.703;992;j
RS;tptinc992j;p10p11;2004;92245.703;992;j
RS;tptinc992j;p10p11;2005;92559.0;992;j
RS;tptinc992j;p10p11;2006;85836.703;992;j
RS;tptinc992j;p10p11;2007;76302.398;992;j
RS;tptinc992j;p10p11;2008;66903.398;992;j
RS;tptinc992j;p10p11;2009;56882.699;992;j
RS;tptinc992j;p10p11;2010;52010.5;992;j
RS;tptinc992j;p10p11;2011;42879.699;992;j
RS;tptinc992j;p10p11;2012;37833.898;992;j
RS;tptinc992j;p10p11;2013;32148.801;992;j
RS;tptinc992j;p10p11;2014;32646.199;992;j
RS;tptinc992j;p10p11;2015;32754.699;992;j
RS;tptinc992j;p10p11;2016;33851.199;992;j
RS;tptinc992j;p10p11;2017;33703.699;992;j
RS;tptinc992j;p13p100;1990;189999.5;992;j
RS;tptinc992j;p13p100;1991;165041.3;992;j
RS;tptinc992j;p13p100;1992;112906.0;992;j
RS;tptinc992j;p13p100;1993;72992.5;992;j
RS;tptinc992j;p13p100;1994;74994.297;992;j
RS;tptinc992j;p13p100;1995;78887.898;992;j
RS;tptinc992j;p13p100;1996;79490.898;992;j
RS;tptinc992j;p13p100;1997;84154.898;992;j
RS;tptinc992j;p13p100;1998;93904.703;992;j
RS;tptinc992j;p13p100;1999;102590.4;992;j
RS;tptinc992j;p13p100;2000;111200.3;992;j
RS;tptinc992j;p13p100;2001;112135.5;992;j
RS;tptinc992j;p13p100;2002;108282.4;992;j
RS;tptinc992j;p13p100;2003;107967.8;992;j
RS;tptinc992j;p13p100;2004;110324.1;992;j
RS;tptinc992j;p13p100;2005;111211.0;992;j
RS;tptinc992j;p13p100;2006;102640.8;992;j
RS;tptinc992j;p13p100;2007;92050.797;992;j
RS;tptinc992j;p13p100;2008;84210.898;992;j
RS;tptinc992j;p13p100;2009;70349.703;992;j
RS;tptinc992j;p13p100;2010;62226.0;992;j
RS;tptinc992j;p13p100;2011;52624.699;992;j
RS;tptinc992j;p13p100;2012;49725.898;992;j
RS;tptinc992j;p13p100;2013;43959.398;992;j
RS;tptinc992j;p13p100;2014;44640.102;992;j
RS;tptinc992j;p13p100;2015;44787.801;992;j
RS;tptinc992j;p13p100;2016;46287.199;992;j
RS;tptinc992j;p13p100;2017;46085.398;992;j
RS;tptinc992j;p14p100;1990;194945.0;992;j
RS;tptinc992j;p14p100;1991;168877.41;992;j
RS;tptinc992j;p14p100;1992;115474.8;992;j
RS;tptinc992j;p14p100;1993;74700.898;992;j
RS;tptinc992j;p14p100;1994;76742.0;992;j
RS;tptinc992j;p14p100;1995;80694.297;992;j
RS;tptinc992j;p14p100;1996;81168.297;992;j
RS;tptinc992j;p14p100;1997;85908.602;992;j
RS;tptinc992j;p14p100;1998;96003.898;992;j
RS;tptinc992j;p14p100;1999;104884.1;992;j
RS;tptinc992j;p14p100;2000;113786.2;992;j
RS;tptinc992j;p14p100;2001;114508.4;992;j
RS;tptinc992j;p14p100;2002;110449.5;992;j
RS;tptinc992j;p14p100;2003;111067.4;992;j
RS;tptinc992j;p14p100;2004;114207.7;992;j
RS;tptinc992j;p14p100;2005;115514.7;992;j
RS;tptinc992j;p14p100;2006;106931.4;992;j
RS;tptinc992j;p14p100;2007;96592.102;992;j
RS;tptinc992j;p14p100;2008;87435.203;992;j
RS;tptinc992j;p14p100;2009;79201.602;992;j
RS;tptinc992j;p14p100;2010;67935.0;992;j
RS;tptinc992j;p14p100;2011;55642.602;992;j
RS;tptinc992j;p14p100;2012;52149.398;992;j
RS;tptinc992j;p14p100;2013;48223.301;992;j
RS;tptinc992j;p14p100;2014;47611.898;992;j
RS;tptinc992j;p14p100;2015;49132.0;992;j
RS;tptinc992j;p14p100;2016;50776.801;992;j
RS;tptinc992j;p14p100;2017;50555.5;992;j
RS;tptinc992j;p28p29;1990;359692.31;992;j
RS;tptinc992j;p28p29;1991;312293.0;992;j
RS;tptinc992j;p28p29;1992;213364.59;992;j
RS;tptinc992j;p28p29;1993;138054.8;992;j
RS;tptinc992j;p28p29;1994;141709.2;992;j
RS;tptinc992j;p28p29;1995;149287.5;992;j
RS;tptinc992j;p28p29;1996;150389.8;992;j
RS;tptinc992j;p28p29;1997;159222.41;992;j
RS;tptinc992j;p28p29;1998;170155.41;992;j
RS;tptinc992j;p28p29;1999;183909.8;992;j
RS;tptinc992j;p28p29;2000;199350.3;992;j
RS;tptinc992j;p28p29;2001;198447.91;992;j
RS;tptinc992j;p28p29;2002;205002.91;992;j
RS;tptinc992j;p28p29;2003;211660.8;992;j
RS;tptinc992j;p28p29;2004;228776.09;992;j
RS;tptinc992j;p28p29;2005;245440.41;992;j
RS;tptinc992j;p28p29;2006;246795.41;992;j
RS;tptinc992j;p28p29;2007;253160.3;992;j
RS;tptinc992j;p28p29;2008;260439.2;992;j
RS;tptinc992j;p28p29;2009;250036.3;992;j
RS;tptinc992j;p28p29;2010;236742.7;992;j
RS;tptinc992j;p28p29;2011;220391.0;992;j
RS;tptinc992j;p28p29;2012;214604.8;992;j
RS;tptinc992j;p28p29;2013;216641.2;992;j
RS;tptinc992j;p28p29;2014;206329.41;992;j
RS;tptinc992j;p28p29;2015;223015.91;992;j
RS;tptinc992j;p28p29;2016;229947.3;992;j
RS;tptinc992j;p28p29;2017;230959.41;992;j
RS;tptinc992j;p41p100;1990;503451.41;992;j
RS;tptinc992j;p41p100;1991;434073.0;992;j
RS;tptinc992j;p41p100;1992;294921.09;992;j
RS;tptinc992j;p41p100;1993;189624.91;992;j
RS;tptinc992j;p41p100;1994;193749.2;992;j
RS;tptinc992j;p41p100;1995;203043.09;992;j
RS;tptinc992j;p41p100;1996;203482.2;992;j
RS;tptinc992j;p41p100;1997;214545.7;992;j
RS;tptinc992j;p41p100;1998;220726.8;992;j
RS;tptinc992j;p41p100;1999;241761.8;992;j
RS;tptinc992j;p41p100;2000;262947.81;992;j
RS;tptinc992j;p41p100;2001;261490.41;992;j
RS;tptinc992j;p41p100;2002;278344.59;992;j
RS;tptinc992j;p41p100;2003;291056.69;992;j
RS;tptinc992j;p41p100;2004;321775.91;992;j
RS;tptinc992j;p41p100;2005;352196.5;992;j
RS;tptinc992j;p41p100;2006;367534.41;992;j
RS;tptinc992j;p41p100;2007;381296.41;992;j
RS;tptinc992j;p41p100;2008;401983.0;992;j
RS;tptinc992j;p41p100;2009;393284.31;992;j
RS;tptinc992j;p41p100;2010;386091.69;992;j
RS;tptinc992j;p41p100;2011;375387.81;992;j
RS;tptinc992j;p41p100;2012;371983.81;992;j
RS;tptinc992j;p41p100;2013;385739.41;992;j
RS;tptinc992j;p41p100;2014;366175.31;992;j
RS;tptinc992j;p41p100;2015;380979.59;992;j
RS;tptinc992j;p41p100;2016;392796.41;992;j
RS;tptinc992j;p41p100;2017;395069.09;992;j
RS;tptinc992j;p53p54;1990;630554.69;992;j
RS;tptinc992j;p53p54;1991;545389.13;992;j
RS;tptinc992j;p53p54;1992;372123.09;992;j
RS;tptinc992j;p53p54;1993;240323.7;992;j
RS;tptinc992j;p53p54;1994;246432.59;992;j
RS;tptinc992j;p53p54;1995;258975.7;992;j
RS;tptinc992j;p53p54;1996;260527.09;992;j
RS;tptinc992j;p53p54;1997;275622.09;992;j
RS;tptinc992j;p53p54;1998;286529.69;992;j
RS;tptinc992j;p53p54;1999;313011.91;992;j
RS;tptinc992j;p53p54;2000;339442.09;992;j
RS;tptinc992j;p53p54;2001;337236.0;992;j
RS;tptinc992j;p53p54;2002;360001.0;992;j
RS;tptinc992j;p53p54;2003;378053.69;992;j
RS;tptinc992j;p53p54;2004;418173.41;992;j
RS;tptinc992j;p53p54;2005;460993.41;992;j
RS;tptinc992j;p53p54;2006;485844.19;992;j
RS;tptinc992j;p53p54;2007;504004.31;992;j
RS;tptinc992j;p53p54;2008;535350.63;992;j
RS;tptinc992j;p53p54;2009;524694.88;992;j
RS;tptinc992j;p53p54;2010;515193.31;992;j
RS;tptinc992j;p53p54;2011;510125.09;992;j
RS;tptinc992j;p53p54;2012;514717.81;992;j
RS;tptinc992j;p53p54;2013;535599.81;992;j
RS;tptinc992j;p53p54;2014;505844.0;992;j
RS;tptinc992j;p53p54;2015;520552.41;992;j
RS;tptinc992j;p53p54;2016;536407.63;992;j
RS;tptinc992j;p53p54;2017;539401.63;992;j
RS;tptinc992j;p99.95p99.96;1990;13681058.0;992;j
RS;tptinc992j;p99.95p99.96;1991;12145291.0;992;j
RS;tptinc992j;p99.95p99.96;1992;8468258.0;992;j
RS;tptinc992j;p99.95p99.96;1993;5611573.5;992;j
RS;tptinc992j;p99.95p99.96;1994;5882199.0;992;j
RS;tptinc992j;p99.95p99.96;1995;6345071.0;992;j
RS;tptinc992j;p99.95p99.96;1996;6486732.5;992;j
RS;tptinc992j;p99.95p99.96;1997;6975342.5;992;j
RS;tptinc992j;p99.95p99.96;1998;7367250.0;992;j
RS;tptinc992j;p99.95p99.96;1999;8494334.0;992;j
RS;tptinc992j;p99.95p99.96;2000;9962832.0;992;j
RS;tptinc992j;p99.95p99.96;2001;10441711.0;992;j
RS;tptinc992j;p99.95p99.96;2002;11240104.0;992;j
RS;tptinc992j;p99.95p99.96;2003;11681788.0;992;j
RS;tptinc992j;p99.95p99.96;2004;13572784.0;992;j
RS;tptinc992j;p99.95p99.96;2005;15058990.0;992;j
RS;tptinc992j;p99.95p99.96;2006;16082623.0;992;j
RS;tptinc992j;p99.95p99.96;2007;15559782.0;992;j
RS;tptinc992j;p99.95p99.96;2008;16855114.0;992;j
RS;tptinc992j;p99.95p99.96;2009;16549517.0;992;j
RS;tptinc992j;p99.95p99.96;2010;16863066.0;992;j
RS;tptinc992j;p99.95p99.96;2011;17660898.0;992;j
RS;tptinc992j;p99.95p99.96;2012;15768446.0;992;j
RS;tptinc992j;p99.95p99.96;2013;16603223.0;992;j
RS;tptinc992j;p99.95p99.96;2014;20738756.0;992;j
RS;tptinc992j;p99.95p99.96;2015;20148812.0;992;j
RS;tptinc992j;p99.95p99.96;2016;20794232.0;992;j
RS;tptinc992j;p99.95p99.96;2017;20948924.0;992;j
RS;tptinc992j;p99.996p100;1990;50292224.0;992;j
RS;tptinc992j;p99.996p100;1991;45235836.0;992;j
RS;tptinc992j;p99.996p100;1992;31686984.0;992;j
RS;tptinc992j;p99.996p100;1993;21258256.0;992;j
RS;tptinc992j;p99.996p100;1994;22319676.0;992;j
RS;tptinc992j;p99.996p100;1995;24339064.0;992;j
RS;tptinc992j;p99.996p100;1996;25133250.0;992;j
RS;tptinc992j;p99.996p100;1997;27333814.0;992;j
RS;tptinc992j;p99.996p100;1998;28370242.0;992;j
RS;tptinc992j;p99.996p100;1999;33725392.0;992;j
RS;tptinc992j;p99.996p100;2000;39910008.0;992;j
RS;tptinc992j;p99.996p100;2001;43144640.0;992;j
RS;tptinc992j;p99.996p100;2002;45166464.0;992;j
RS;tptinc992j;p99.996p100;2003;46197308.0;992;j
RS;tptinc992j;p99.996p100;2004;53608204.0;992;j
RS;tptinc992j;p99.996p100;2005;57573688.0;992;j
RS;tptinc992j;p99.996p100;2006;61534536.0;992;j
RS;tptinc992j;p99.996p100;2007;58096500.0;992;j
RS;tptinc992j;p99.996p100;2008;63496172.0;992;j
RS;tptinc992j;p99.996p100;2009;61464292.0;992;j
RS;tptinc992j;p99.996p100;2010;59969444.0;992;j
RS;tptinc992j;p99.996p100;2011;63826740.0;992;j
RS;tptinc992j;p99.996p100;2012;49424388.0;992;j
RS;tptinc992j;p99.996p100;2013;55467456.0;992;j
RS;tptinc992j;p99.996p100;2014;86523408.0;992;j
RS;tptinc992j;p99.996p100;2015;84337392.0;992;j
RS;tptinc992j;p99.996p100;2016;87036832.0;992;j
RS;tptinc992j;p99.996p100;2017;87641048.0;992;j
RS;acainc992j;p0p10;1990;73038.703;992;j
RS;acainc992j;p0p10;1991;63079.602;992;j
RS;acainc992j;p0p10;1992;42988.102;992;j
RS;acainc992j;p0p10;1993;27782.801;992;j
RS;acainc992j;p0p10;1994;28564.5;992;j
RS;acainc992j;p0p10;1995;30109.5;992;j
RS;acainc992j;p0p10;1996;30279.199;992;j
RS;acainc992j;p0p10;1997;31806.699;992;j
RS;acainc992j;p0p10;1998;38160.0;992;j
RS;acainc992j;p0p10;1999;44920.801;992;j
RS;acainc992j;p0p10;2000;45591.801;992;j
RS;acainc992j;p0p10;2001;43613.102;992;j
RS;acainc992j;p0p10;2002;33400.0;992;j
RS;acainc992j;p0p10;2003;35737.5;992;j
RS;acainc992j;p0p10;2004;35547.898;992;j
RS;acainc992j;p0p10;2005;37690.398;992;j
RS;acainc992j;p0p10;2006;33428.0;992;j
RS;acainc992j;p0p10;2007;26753.199;992;j
RS;acainc992j;p0p10;2008;28956.5;992;j
RS;acainc992j;p0p10;2009;31550.0;992;j
RS;acainc992j;p0p10;2010;28362.4;992;j
RS;acainc992j;p0p10;2011;24382.0;992;j
RS;acainc992j;p0p10;2012;19176.6;992;j
RS;acainc992j;p0p10;2013;39954.898;992;j
RS;acainc992j;p0p10;2014;77485.703;992;j
RS;acainc992j;p0p10;2015;53409.199;992;j
RS;acainc992j;p0p10;2016;55464.699;992;j
RS;acainc992j;p0p10;2017;55409.699;992;j
RS;acainc992j;p10p11;1990;119251.1;992;j
RS;acainc992j;p10p11;1991;105364.2;992;j
RS;acainc992j;p10p11;1992;73459.898;992;j
RS;acainc992j;p10p11;1993;48689.602;992;j
RS;acainc992j;p10p11;1994;51251.102;992;j
RS;acainc992j;p10p11;1995;55269.301;992;j
RS;acainc992j;p10p11;1996;57131.301;992;j
RS;acainc992j;p10p11;1997;61690.5;992;j
RS;acainc992j;p10p11;1998;74961.102;992;j
RS;acainc992j;p10p11;1999;85768.797;992;j
RS;acainc992j;p10p11;2000;90492.703;992;j
RS;acainc992j;p10p11;2001;86193.797;992;j
RS;acainc992j;p10p11;2002;78410.602;992;j
RS;acainc992j;p10p11;2003;74456.102;992;j
RS;acainc992j;p10p11;2004;75397.102;992;j
RS;acainc992j;p10p11;2005;75339.297;992;j
RS;acainc992j;p10p11;2006;69806.602;992;j
RS;acainc992j;p10p11;2007;60705.602;992;j
RS;acainc992j;p10p11;2008;60513.301;992;j
RS;acainc992j;p10p11;2009;57069.301;992;j
RS;acainc992j;p10p11;2010;47557.699;992;j
RS;acainc992j;p10p11;2011;38821.0;992;j
RS;acainc992j;p10p11;2012;33239.0;992;j
RS;acainc992j;p10p11;2013;50134.0;992;j
RS;acainc992j;p10p11;2014;86778.102;992;j
RS;acainc992j;p10p11;2015;62479.699;992;j
RS;acainc992j;p10p11;2016;64915.699;992;j
RS;acainc992j;p10p11;2017;64838.699;992;j
RS;acainc992j;p25p100;1990;647079.0;992;j
RS;acainc992j;p25p100;1991;561162.31;992;j
RS;acainc992j;p25p100;1992;383768.0;992;j
RS;acainc992j;p25p100;1993;248534.2;992;j
RS;acainc992j;p25p100;1994;255615.41;992;j
RS;acainc992j;p25p100;1995;269416.31;992;j
RS;acainc992j;p25p100;1996;271198.09;992;j
RS;acainc992j;p25p100;1997;285739.19;992;j
RS;acainc992j;p25p100;1998;311862.41;992;j
RS;acainc992j;p25p100;1999;356018.41;992;j
RS;acainc992j;p25p100;2000;386993.41;992;j
RS;acainc992j;p25p100;2001;377538.5;992;j
RS;acainc992j;p25p100;2002;397982.41;992;j
RS;acainc992j;p25p100;2003;420096.59;992;j
RS;acainc992j;p25p100;2004;505829.31;992;j
RS;acainc992j;p25p100;2005;577384.88;992;j
RS;acainc992j;p25p100;2006;612260.81;992;j
RS;acainc992j;p25p100;2007;613234.19;992;j
RS;acainc992j;p25p100;2008;658188.19;992;j
RS;acainc992j;p25p100;2009;652407.0;992;j
RS;acainc992j;p25p100;2010;658562.69;992;j
RS;acainc992j;p25p100;2011;668476.38;992;j
RS;acainc992j;p25p100;2012;668439.63;992;j
RS;acainc992j;p25p100;2013;683481.13;992;j
RS;acainc992j;p25p100;2014;659180.88;992;j
RS;acainc992j;p25p100;2015;673483.88;992;j
RS;acainc992j;p25p100;2016;698438.38;992;j
RS;acainc992j;p25p100;2017;699092.63;992;j
RS;acainc992j;p99.4p99.5;1990;2755248.8;992;j
RS;acainc992j;p99.4p99.5;1991;2379424.5;992;j
RS;acainc992j;p99.4p99.5;1992;1626271.3;992;j
RS;acainc992j;p99.4p99.5;1993;1057365.6;992;j
RS;acainc992j;p99.4p99.5;1994;1089014.6;992;j
RS;acainc992j;p99.4p99.5;1995;1149893.5;992;j
RS;acainc992j;p99.4p99.5;1996;1150411.9;992;j
RS;acainc992j;p99.4p99.5;1997;1204608.6;992;j
RS;acainc992j;p99.4p99.5;1998;1345356.4;992;j
RS;acainc992j;p99.4p99.5;1999;1590487.4;992;j
RS;acainc992j;p99.4p99.5;2000;1820179.3;992;j
RS;acainc992j;p99.4p99.5;2001;1820405.3;992;j
RS;acainc992j;p99.4p99.5;2002;1964521.3;992;j
RS;acainc992j;p99.4p99.5;2003;2054219.3;992;j
RS;acainc992j;p99.4p99.5;2004;2489563.3;992;j
RS;acainc992j;p99.4p99.5;2005;2905777.0;992;j
RS;acainc992j;p99.4p99.5;2006;3166655.0;992;j
RS;acainc992j;p99.4p99.5;2007;3122173.0;992;j
RS;acainc992j;p99.4p99.5;2008;3373885.8;992;j
RS;acainc992j;p99.4p99.5;2009;3431040.5;992;j
RS;acainc992j;p99.4p99.5;2010;3561806.8;992;j
RS;acainc992j;p99.4p99.5;2011;3696962.3;992;j
RS;acainc992j;p99.4p99.5;2012;3824853.0;992;j
RS;acainc992j;p99.4p99.5;2013;3816534.5;992;j
RS;acainc992j;p99.4p99.5;2014;3784206.0;992;j
RS;acainc992j;p99.4p99.5;2015;4117049.5;992;j
RS;acainc992j;p99.4p99.5;2016;4269347.0;992;j
RS;acainc992j;p99.4p99.5;2017;4274332.5;992;j
RS;acainc992j;p99.91p99.92;1990;6819026.0;992;j
RS;acainc992j;p99.91p99.92;1991;5796633.0;992;j
RS;acainc992j;p99.91p99.92;1992;3879224.0;992;j
RS;acainc992j;p99.91p99.92;1993;2488412.8;992;j
RS;acainc992j;p99.91p99.92;1994;2539435.3;992;j
RS;acainc992j;p99.91p99.92;1995;2660568.5;992;j
RS;acainc992j;p99.91p99.92;1996;2633648.3;992;j
RS;acainc992j;p99.91p99.92;1997;2726247.3;992;j
RS;acainc992j;p99.91p99.92;1998;3089639.3;992;j
RS;acainc992j;p99.91p99.92;1999;3838345.5;992;j
RS;acainc992j;p99.91p99.92;2000;4446127.5;992;j
RS;acainc992j;p99.91p99.92;2001;4611712.0;992;j
RS;acainc992j;p99.91p99.92;2002;4871826.0;992;j
RS;acainc992j;p99.91p99.92;2003;5078027.5;992;j
RS;acainc992j;p99.91p99.92;2004;6147194.5;992;j
RS;acainc992j;p99.91p99.92;2005;7291042.5;992;j
RS;acainc992j;p99.91p99.92;2006;7731157.5;992;j
RS;acainc992j;p99.91p99.92;2007;7336743.5;992;j
RS;acainc992j;p99.91p99.92;2008;7646538.5;992;j
RS;acainc992j;p99.91p99.92;2009;8193176.5;992;j
RS;acainc992j;p99.91p99.92;2010;8329897.5;992;j
RS;acainc992j;p99.91p99.92;2011;8539878.0;992;j
RS;acainc992j;p99.91p99.92;2012;9938628.0;992;j
RS;acainc992j;p99.91p99.92;2013;9202101.0;992;j
RS;acainc992j;p99.91p99.92;2014;10919590.0;992;j
RS;acainc992j;p99.91p99.92;2015;13384596.0;992;j
RS;acainc992j;p99.91p99.92;2016;13882456.0;992;j
RS;acainc992j;p99.91p99.92;2017;13904653.0;992;j
RS;acainc992j;p99.99p99.991;1990;21371818.0;992;j
RS;acainc992j;p99.99p99.991;1991;17745082.0;992;j
RS;acainc992j;p99.99p99.991;1992;11486255.0;992;j
RS;acainc992j;p99.99p99.991;1993;7196741.0;992;j
RS;acainc992j;p99.99p99.991;1994;7230522.5;992;j
RS;acainc992j;p99.99p99.991;1995;7473152.5;992;j
RS;acainc992j;p99.99p99.991;1996;7286055.5;992;j
RS;acainc992j;p99.99p99.991;1997;7418083.0;992;j
RS;acainc992j;p99.99p99.991;1998;8560529.0;992;j
RS;acainc992j;p99.99p99.991;1999;11352971.0;992;j
RS;acainc992j;p99.99p99.991;2000;13169734.0;992;j
RS;acainc992j;p99.99p99.991;2001;14335808.0;992;j
RS;acainc992j;p99.99p99.991;2002;14584595.0;992;j
RS;acainc992j;p99.99p99.991;2003;15231641.0;992;j
RS;acainc992j;p99.99p99.991;2004;18473220.0;992;j
RS;acainc992j;p99.99p99.991;2005;22394250.0;992;j
RS;acainc992j;p99.99p99.991;2006;22649950.0;992;j
RS;acainc992j;p99.99p99.991;2007;20397362.0;992;j
RS;acainc992j;p99.99p99.991;2008;20097022.0;992;j
RS;acainc992j;p99.99p99.991;2009;23185814.0;992;j
RS;acainc992j;p99.99p99.991;2010;22792722.0;992;j
RS;acainc992j;p99.99p99.991;2011;22892968.0;992;j
RS;acainc992j;p99.99p99.991;2012;31348446.0;992;j
RS;acainc992j;p99.99p99.991;2013;26177578.0;992;j
RS;acainc992j;p99.99p99.991;2014;40026352.0;992;j
RS;acainc992j;p99.99p99.991;2015;57050564.0;992;j
RS;acainc992j;p99.99p99.991;2016;59191116.0;992;j
RS;acainc992j;p99.99p99.991;2017;59322172.0;992;j
RS;acainc992j;p9p100;1990;562713.19;992;j
RS;acainc992j;p9p100;1991;488486.41;992;j
RS;acainc992j;p9p100;1992;334422.69;992;j
RS;acainc992j;p9p100;1993;216804.59;992;j
RS;acainc992j;p9p100;1994;223223.8;992;j
RS;acainc992j;p9p100;1995;235530.09;992;j
RS;acainc992j;p9p100;1996;237368.0;992;j
RS;acainc992j;p9p100;1997;250385.8;992;j
RS;acainc992j;p9p100;1998;274446.59;992;j
RS;acainc992j;p9p100;1999;313287.81;992;j
RS;acainc992j;p9p100;2000;340166.41;992;j
RS;acainc992j;p9p100;2001;331647.69;992;j
RS;acainc992j;p9p100;2002;347478.91;992;j
RS;acainc992j;p9p100;2003;366079.41;992;j
RS;acainc992j;p9p100;2004;438066.09;992;j
RS;acainc992j;p9p100;2005;499120.91;992;j
RS;acainc992j;p9p100;2006;526900.19;992;j
RS;acainc992j;p9p100;2007;526698.5;992;j
RS;acainc992j;p9p100;2008;564074.0;992;j
RS;acainc992j;p9p100;2009;557792.81;992;j
RS;acainc992j;p9p100;2010;560406.31;992;j
RS;acainc992j;p9p100;2011;566518.88;992;j
RS;acainc992j;p9p100;2012;566221.31;992;j
RS;acainc992j;p9p100;2013;577532.5;992;j
RS;acainc992j;p9p100;2014;563237.19;992;j
RS;acainc992j;p9p100;2015;570952.63;992;j
RS;acainc992j;p9p100;2016;592140.13;992;j
RS;acainc992j;p9p100;2017;592660.88;992;j
RS;adiinc992j;p24p25;1990;360178.0;992;j
RS;adiinc992j;p24p25;1991;316625.91;992;j
RS;adiinc992j;p24p25;1992;219627.91;992;j
RS;adiinc992j;p24p25;1993;144172.0;992;j
RS;adiinc992j;p24p25;1994;150355.5;992;j
RS;adiinc992j;p24p25;1995;160662.41;992;j
RS;adiinc992j;p24p25;1996;164226.8;992;j
RS;adiinc992j;p24p25;1997;176803.0;992;j
RS;adiinc992j;p24p25;1998;187398.8;992;j
RS;adiinc992j;p24p25;1999;202544.3;992;j
RS;adiinc992j;p24p25;2000;225035.0;992;j
RS;adiinc992j;p24p25;2001;225432.09;992;j
RS;adiinc992j;p24p25;2002;235907.59;992;j
RS;adiinc992j;p24p25;2003;241843.09;992;j
RS;adiinc992j;p24p25;2004;259662.0;992;j
RS;adiinc992j;p24p25;2005;283621.0;992;j
RS;adiinc992j;p24p25;2006;285204.19;992;j
RS;adiinc992j;p24p25;2007;292982.31;992;j
RS;adiinc992j;p24p25;2008;302883.31;992;j
RS;adiinc992j;p24p25;2009;281276.0;992;j
RS;adiinc992j;p24p25;2010;261788.91;992;j
RS;adiinc992j;p24p25;2011;242161.91;992;j
RS;adiinc992j;p24p25;2012;250144.59;992;j
RS;adiinc992j;p24p25;2013;221248.09;992;j
RS;adiinc992j;p24p25;2014;247695.59;992;j
RS;adiinc992j;p24p25;2015;224916.7;992;j
RS;adiinc992j;p24p25;2016;225992.2;992;j
RS;adiinc992j;p24p25;2017;226569.41;992;j
RS;adiinc992j;p68p100;1990;1326113.3;992;j
RS;adiinc992j;p68p100;1991;1147553.6;992;j
RS;adiinc992j;p68p100;1992;783323.13;992;j
RS;adiinc992j;p68p100;1993;506630.31;992;j
RS;adiinc992j;p68p100;1994;520320.59;992;j
RS;adiinc992j;p68p100;1995;547690.38;992;j
RS;adiinc992j;p68p100;1996;549959.0;992;j
RS;adiinc992j;p68p100;1997;580303.13;992;j
RS;adiinc992j;p68p100;1998;613856.88;992;j
RS;adiinc992j;p68p100;1999;677764.88;992;j
RS;adiinc992j;p68p100;2000;748502.31;992;j
RS;adiinc992j;p68p100;2001;749593.69;992;j
RS;adiinc992j;p68p100;2002;816586.81;992;j
RS;adiinc992j;p68p100;2003;862311.38;992;j
RS;adiinc992j;p68p100;2004;987364.5;992;j
RS;adiinc992j;p68p100;2005;1114330.6;992;j
RS;adiinc992j;p68p100;2006;1191909.9;992;j
RS;adiinc992j;p68p100;2007;1230351.8;992;j
RS;adiinc992j;p68p100;2008;1317749.4;992;j
RS;adiinc992j;p68p100;2009;1307457.1;992;j
RS;adiinc992j;p68p100;2010;1333563.9;992;j
RS;adiinc992j;p68p100;2011;1360542.8;992;j
RS;adiinc992j;p68p100;2012;1365414.4;992;j
RS;adiinc992j;p68p100;2013;1402090.3;992;j
RS;adiinc992j;p68p100;2014;1344238.8;992;j
RS;adiinc992j;p68p100;2015;1392431.9;992;j
RS;adiinc992j;p68p100;2016;1444838.6;992;j
RS;adiinc992j;p68p100;2017;1454636.1;992;j
RS;aptinc992j;p19p20;1990;234383.2;992;j
RS;aptinc992j;p19p20;1991;202503.0;992;j
RS;aptinc992j;p19p20;1992;138071.8;992;j
RS;aptinc992j;p19p20;1993;89065.898;992;j
RS;aptinc992j;p19p20;1994;91166.102;992;j
RS;aptinc992j;p19p20;1995;95646.297;992;j
RS;aptinc992j;p19p20;1996;95951.602;992;j
RS;aptinc992j;p19p20;1997;101151.5;992;j
RS;aptinc992j;p19p20;1998;113646.4;992;j
RS;aptinc992j;p19p20;1999;124231.9;992;j
RS;aptinc992j;p19p20;2000;132119.2;992;j
RS;aptinc992j;p19p20;2001;131872.0;992;j
RS;aptinc992j;p19p20;2002;130863.3;992;j
RS;aptinc992j;p19p20;2003;134716.7;992;j
RS;aptinc992j;p19p20;2004;140719.5;992;j
RS;aptinc992j;p19p20;2005;147350.09;992;j
RS;aptinc992j;p19p20;2006;142270.2;992;j
RS;aptinc992j;p19p20;2007;138972.59;992;j
RS;aptinc992j;p19p20;2008;135501.09;992;j
RS;aptinc992j;p19p20;2009;117099.0;992;j
RS;aptinc992j;p19p20;2010;105924.2;992;j
RS;aptinc992j;p19p20;2011;91726.203;992;j
RS;aptinc992j;p19p20;2012;87618.398;992;j
RS;aptinc992j;p19p20;2013;85471.102;992;j
RS;aptinc992j;p19p20;2014;81013.703;992;j
RS;aptinc992j;p19p20;2015;84779.297;992;j
RS;aptinc992j;p19p20;2016;87664.203;992;j
RS;aptinc992j;p19p20;2017;87588.0;992;j
RS;aptinc992j;p20p30;1990;313062.19;992;j
RS;aptinc992j;p20p30;1991;270925.0;992;j
RS;aptinc992j;p20p30;1992;185087.8;992;j
RS;aptinc992j;p20p30;1993;119750.2;992;j
RS;aptinc992j;p20p30;1994;122993.3;992;j
RS;aptinc992j;p20p30;1995;129447.4;992;j
RS;aptinc992j;p20p30;1996;130306.2;992;j
RS;aptinc992j;p20p30;1997;137889.0;992;j
RS;aptinc992j;p20p30;1998;148746.2;992;j
RS;aptinc992j;p20p30;1999;161558.59;992;j
RS;aptinc992j;p20p30;2000;174428.3;992;j
RS;aptinc992j;p20p30;2001;173306.8;992;j
RS;aptinc992j;p20p30;2002;177524.09;992;j
RS;aptinc992j;p20p30;2003;181904.2;992;j
RS;aptinc992j;p20p30;2004;194808.5;992;j
RS;aptinc992j;p20p30;2005;208222.2;992;j
RS;aptinc992j;p20p30;2006;208641.09;992;j
RS;aptinc992j;p20p30;2007;211164.8;992;j
RS;aptinc992j;p20p30;2008;214108.09;992;j
RS;aptinc992j;p20p30;2009;202382.2;992;j
RS;aptinc992j;p20p30;2010;190580.59;992;j
RS;aptinc992j;p20p30;2011;172439.41;992;j
RS;aptinc992j;p20p30;2012;163378.7;992;j
RS;aptinc992j;p20p30;2013;165898.41;992;j
RS;aptinc992j;p20p30;2014;156038.5;992;j
RS;aptinc992j;p20p30;2015;168149.09;992;j
RS;aptinc992j;p20p30;2016;173459.5;992;j
RS;aptinc992j;p20p30;2017;174107.3;992;j
RS;aptinc992j;p39p100;1990;1042136.0;992;j
RS;aptinc992j;p39p100;1991;904872.63;992;j
RS;aptinc992j;p39p100;1992;619628.0;992;j
RS;aptinc992j;p39p100;1993;401789.91;992;j
RS;aptinc992j;p39p100;1994;413767.09;992;j
RS;aptinc992j;p39p100;1995;436678.09;992;j
RS;aptinc992j;p39p100;1996;440085.0;992;j
RS;aptinc992j;p39p100;1997;466455.19;992;j
RS;aptinc992j;p39p100;1998;488672.09;992;j
RS;aptinc992j;p39p100;1999;535129.63;992;j
RS;aptinc992j;p39p100;2000;589935.13;992;j
RS;aptinc992j;p39p100;2001;589075.0;992;j
RS;aptinc992j;p39p100;2002;639628.31;992;j
RS;aptinc992j;p39p100;2003;674513.31;992;j
RS;aptinc992j;p39p100;2004;764555.69;992;j
RS;aptinc992j;p39p100;2005;858052.88;992;j
RS;aptinc992j;p39p100;2006;912291.81;992;j
RS;aptinc992j;p39p100;2007;944368.88;992;j
RS;aptinc992j;p39p100;2008;1012363.3;992;j
RS;aptinc992j;p39p100;2009;999258.19;992;j
RS;aptinc992j;p39p100;2010;1007640.9;992;j
RS;aptinc992j;p39p100;2011;1019345.7;992;j
RS;aptinc992j;p39p100;2012;1020627.3;992;j
RS;aptinc992j;p39p100;2013;1046795.9;992;j
RS;aptinc992j;p39p100;2014;1029619.7;992;j
RS;aptinc992j;p39p100;2015;1032359.3;992;j
RS;aptinc992j;p39p100;2016;1064280.9;992;j
RS;aptinc992j;p39p100;2017;1070783.1;992;j
RS;assbfc999i;p0p100;1997;0.0;999;i
RS;assbfc999i;p0p100;1998;0.0;999;i
RS;assbfc999i;p0p100;1999;0.0;999;i
RS;assbfc999i;p0p100;2000;0.0;999;i
RS;assbfc999i;p0p100;2001;0.0;999;i
RS;assbfc999i;p0p100;2002;0.0;999;i
RS;assbfc999i;p0p100;2003;0.0;999;i
RS;assbfc999i;p0p100;2004;0.0;999;i
RS;assbfc999i;p0p100;2005;0.0;999;i
RS;assbfc999i;p0p100;2006;0.0;999;i
RS;assbfc999i;p0p100;2007;0.0;999;i
RS;assbfc999i;p0p100;2008;0.0;999;i
RS;assbfc999i;p0p100;2009;0.0;999;i
RS;assbfc999i;p0p100;2010;0.0;999;i
RS;assbfc999i;p0p100;2011;0.0;999;i
RS;ataxnx992i;p0p100;1997;448.89999;992;i
RS;ataxnx992i;p0p100;1998;362.29999;992;i
RS;ataxnx992i;p0p100;1999;139.0;992;i
RS;ataxnx992i;p0p100;2000;136.2;992;i
RS;ataxnx992i;p0p100;2001;179.89999;992;i
RS;ataxnx992i;p0p100;2002;-174.0;992;i
RS;ataxnx992i;p0p100;2003;-213.10001;992;i
RS;ataxnx992i;p0p100;2004;-280.39999;992;i
RS;ataxnx992i;p0p100;2005;-197.60001;992;i
RS;ataxnx992i;p0p100;2006;-224.7;992;i
RS;ataxnx992i;p0p100;2007;0.0;992;i
RS;ataxnx992i;p0p100;2008;0.0;992;i
RS;ataxnx992i;p0p100;2009;0.0;992;i
RS;ataxnx992i;p0p100;2010;0.0;992;i
RS;ataxnx992i;p0p100;2011;0.0;992;i
RS;ataxnx992i;p0p100;2012;0.0;992;i
RS;ataxnx992i;p0p100;2013;0.0;992;i
RS;ataxnx992i;p0p100;2014;0.0;992;i
RS;ataxnx992i;p0p100;2015;0.0;992;i
RS;ataxnx992i;p0p100;2016;0.0;992;i
RS;ataxnx992i;p0p100;2017;0.0;992;i
RS;ataxnx992i;p0p100;2018;0.0;992;i
RS;bcainc992j;p19p100;1990;3.3428831;992;j
RS;bcainc992j;p19p100;1991;3.2811413;992;j
RS;bcainc992j;p19p100;1992;3.2169666;992;j
RS;bcainc992j;p19p100;1993;3.1599514;992;j
RS;bcainc992j;p19p100;1994;3.1073897;992;j
RS;bcainc992j;p19p100;1995;3.0554214;992;j
RS;bcainc992j;p19p100;1996;3.0007341;992;j
RS;bcainc992j;p19p100;1997;2.9591587;992;j
RS;bcainc992j;p19p100;1998;2.751231;992;j
RS;bcainc992j;p19p100;1999;2.8191297;992;j
RS;bcainc992j;p19p100;2000;2.9155984;992;j
RS;bcainc992j;p19p100;2001;2.9341199;992;j
RS;bcainc992j;p19p100;2002;3.21363;992;j
RS;bcainc992j;p19p100;2003;3.238673;992;j
RS;bcainc992j;p19p100;2004;3.7145619;992;j
RS;bcainc992j;p19p100;2005;3.5867422;992;j
RS;bcainc992j;p19p100;2006;3.9863908;992;j
RS;bcainc992j;p19p100;2007;4.0523839;992;j
RS;bcainc992j;p19p100;2008;4.370646;992;j
RS;bcainc992j;p19p100;2009;4.7147918;992;j
RS;bcainc992j;p19p100;2010;5.4608121;992;j
RS;bcainc992j;p19p100;2011;6.2404666;992;j
RS;bcainc992j;p19p100;2012;6.1513891;992;j
RS;bcainc992j;p19p100;2013;7.5054564;992;j
RS;bcainc992j;p19p100;2014;5.1981001;992;j
RS;bcainc992j;p19p100;2015;6.5532908;992;j
RS;bcainc992j;p19p100;2016;6.5364933;992;j
RS;bcainc992j;p19p100;2017;6.5516548;992;j
RS;bcainc992j;p84p100;1990;1.5666883;992;j
RS;bcainc992j;p84p100;1991;1.5661346;992;j
RS;bcainc992j;p84p100;1992;1.5667007;992;j
RS;bcainc992j;p84p100;1993;1.5730098;992;j
RS;bcainc992j;p84p100;1994;1.577381;992;j
RS;bcainc992j;p84p100;1995;1.5824525;992;j
RS;bcainc992j;p84p100;1996;1.5800334;992;j
RS;bcainc992j;p84p100;1997;1.5785743;992;j
RS;bcainc992j;p84p100;1998;1.616176;992;j
RS;bcainc992j;p84p100;1999;1.6498649;992;j
RS;bcainc992j;p84p100;2000;1.6986483;992;j
RS;bcainc992j;p84p100;2001;1.7363127;992;j
RS;bcainc992j;p84p100;2002;1.7425098;992;j
RS;bcainc992j;p84p100;2003;1.7417945;992;j
RS;bcainc992j;p84p100;2004;1.7431327;992;j
RS;bcainc992j;p84p100;2005;1.7750999;992;j
RS;bcainc992j;p84p100;2006;1.7877511;992;j
RS;bcainc992j;p84p100;2007;1.7548501;992;j
RS;bcainc992j;p84p100;2008;1.7512163;992;j
RS;bcainc992j;p84p100;2009;1.7723998;992;j
RS;bcainc992j;p84p100;2010;1.796828;992;j
RS;bcainc992j;p84p100;2011;1.8139883;992;j
RS;bcainc992j;p84p100;2012;1.8327944;992;j
RS;bcainc992j;p84p100;2013;1.7748022;992;j
RS;bcainc992j;p84p100;2014;1.8930039;992;j
RS;bcainc992j;p84p100;2015;2.0511525;992;j
RS;bcainc992j;p84p100;2016;2.0503373;992;j
RS;bcainc992j;p84p100;2017;2.0520191;992;j
RS;bdiinc992j;p35p100;1990;2.0513532;992;j
RS;bdiinc992j;p35p100;1991;2.0408571;992;j
RS;bdiinc992j;p35p100;1992;2.0289013;992;j
RS;bdiinc992j;p35p100;1993;2.0171845;992;j
RS;bdiinc992j;p35p100;1994;2.0080149;992;j
RS;bdiinc992j;p35p100;1995;1.9984455;992;j
RS;bdiinc992j;p35p100;1996;1.9833583;992;j
RS;bdiinc992j;p35p100;1997;1.9655882;992;j
RS;bdiinc992j;p35p100;1998;2.0192246;992;j
RS;bdiinc992j;p35p100;1999;2.0436835;992;j
RS;bdiinc992j;p35p100;2000;2.0457361;992;j
RS;bdiinc992j;p35p100;2001;2.0683548;992;j
RS;bdiinc992j;p35p100;2002;2.0923054;992;j
RS;bdiinc992j;p35p100;2003;2.104512;992;j
RS;bdiinc992j;p35p100;2004;2.1685433;992;j
RS;bdiinc992j;p35p100;2005;2.2208602;992;j
RS;bdiinc992j;p35p100;2006;2.2729197;992;j
RS;bdiinc992j;p35p100;2007;2.2953305;992;j
RS;bdiinc992j;p35p100;2008;2.3333924;992;j
RS;bdiinc992j;p35p100;2009;2.3867679;992;j
RS;bdiinc992j;p35p100;2010;2.4698987;992;j
RS;bdiinc992j;p35p100;2011;2.558475;992;j
RS;bdiinc992j;p35p100;2012;2.6125183;992;j
RS;bdiinc992j;p35p100;2013;2.700721;992;j
RS;bdiinc992j;p35p100;2014;2.6037631;992;j
RS;bdiinc992j;p35p100;2015;2.6981966;992;j
RS;bdiinc992j;p35p100;2016;2.740253;992;j
RS;bdiinc992j;p35p100;2017;2.7465339;992;j
RS;bdiinc992j;p38p100;1990;1.9606287;992;j
RS;bdiinc992j;p38p100;1991;1.9536287;992;j
RS;bdiinc992j;p38p100;1992;1.9459622;992;j
RS;bdiinc992j;p38p100;1993;1.9388686;992;j
RS;bdiinc992j;p38p100;1994;1.9317731;992;j
RS;bdiinc992j;p38p100;1995;1.9260923;992;j
RS;bdiinc992j;p38p100;1996;1.9147724;992;j
RS;bdiinc992j;p38p100;1997;1.902199;992;j
RS;bdiinc992j;p38p100;1998;1.9655809;992;j
RS;bdiinc992j;p38p100;1999;1.9854492;992;j
RS;bdiinc992j;p38p100;2000;1.9967176;992;j
RS;bdiinc992j;p38p100;2001;1.9978434;992;j
RS;bdiinc992j;p38p100;2002;2.043365;992;j
RS;bdiinc992j;p38p100;2003;2.0518239;992;j
RS;bdiinc992j;p38p100;2004;2.1179895;992;j
RS;bdiinc992j;p38p100;2005;2.1717961;992;j
RS;bdiinc992j;p38p100;2006;2.2165103;992;j
RS;bdiinc992j;p38p100;2007;2.2184069;992;j
RS;bdiinc992j;p38p100;2008;2.2360113;992;j
RS;bdiinc992j;p38p100;2009;2.2838635;992;j
RS;bdiinc992j;p38p100;2010;2.3618524;992;j
RS;bdiinc992j;p38p100;2011;2.4464452;992;j
RS;bdiinc992j;p38p100;2012;2.489743;992;j
RS;bdiinc992j;p38p100;2013;2.5664592;992;j
RS;bdiinc992j;p38p100;2014;2.4782617;992;j
RS;bdiinc992j;p38p100;2015;2.5611899;992;j
RS;bdiinc992j;p38p100;2016;2.596452;992;j
RS;bdiinc992j;p38p100;2017;2.6015174;992;j
RS;bdiinc992j;p43p100;1990;1.8961773;992;j
RS;bdiinc992j;p43p100;1991;1.8872424;992;j
RS;bdiinc992j;p43p100;1992;1.8794893;992;j
RS;bdiinc992j;p43p100;1993;1.8746285;992;j
RS;bdiinc992j;p43p100;1994;1.8655405;992;j
RS;bdiinc992j;p43p100;1995;1.8582112;992;j
RS;bdiinc992j;p43p100;1996;1.8480844;992;j
RS;bdiinc992j;p43p100;1997;1.8352095;992;j
RS;bdiinc992j;p43p100;1998;1.8878918;992;j
RS;bdiinc992j;p43p100;1999;1.9063876;992;j
RS;bdiinc992j;p43p100;2000;1.9145101;992;j
RS;bdiinc992j;p43p100;2001;1.9243134;992;j
RS;bdiinc992j;p43p100;2002;1.948692;992;j
RS;bdiinc992j;p43p100;2003;1.9613519;992;j
RS;bdiinc992j;p43p100;2004;2.0027289;992;j
RS;bdiinc992j;p43p100;2005;2.0613015;992;j
RS;bdiinc992j;p43p100;2006;2.1023324;992;j
RS;bdiinc992j;p43p100;2007;2.1093161;992;j
RS;bdiinc992j;p43p100;2008;2.1359849;992;j
RS;bdiinc992j;p43p100;2009;2.1678538;992;j
RS;bdiinc992j;p43p100;2010;2.2405531;992;j
RS;bdiinc992j;p43p100;2011;2.3122561;992;j
RS;bdiinc992j;p43p100;2012;2.3434243;992;j
RS;bdiinc992j;p43p100;2013;2.3610783;992;j
RS;bdiinc992j;p43p100;2014;2.3203075;992;j
RS;bdiinc992j;p43p100;2015;2.4038558;992;j
RS;bdiinc992j;p43p100;2016;2.4324212;992;j
RS;bdiinc992j;p43p100;2017;2.4369111;992;j
RS;bptinc992j;p71p100;1990;1.6650774;992;j
RS;bptinc992j;p71p100;1991;1.6753225;992;j
RS;bptinc992j;p71p100;1992;1.6856414;992;j
RS;bptinc992j;p71p100;1993;1.6969874;992;j
RS;bptinc992j;p71p100;1994;1.7072008;992;j
RS;bptinc992j;p71p100;1995;1.7193986;992;j
RS;bptinc992j;p71p100;1996;1.7254698;992;j
RS;bptinc992j;p71p100;1997;1.732023;992;j
RS;bptinc992j;p71p100;1998;1.7405725;992;j
RS;bptinc992j;p71p100;1999;1.766489;992;j
RS;bptinc992j;p71p100;2000;1.8068246;992;j
RS;bptinc992j;p71p100;2001;1.8286334;992;j
RS;bptinc992j;p71p100;2002;1.8403924;992;j
RS;bptinc992j;p71p100;2003;1.8501095;992;j
RS;bptinc992j;p71p100;2004;1.8989202;992;j
RS;bptinc992j;p71p100;2005;1.9307214;992;j
RS;bptinc992j;p71p100;2006;1.9363786;992;j
RS;bptinc992j;p71p100;2007;1.9041592;992;j
RS;bptinc992j;p71p100;2008;1.9035114;992;j
RS;bptinc992j;p71p100;2009;1.9218981;992;j
RS;bptinc992j;p71p100;2010;1.9708215;992;j
RS;bptinc992j;p71p100;2011;2.0148687;992;j
RS;bptinc992j;p71p100;2012;1.977015;992;j
RS;bptinc992j;p71p100;2013;1.951846;992;j
RS;bptinc992j;p71p100;2014;2.0304317;992;j
RS;bptinc992j;p71p100;2015;2.0169179;992;j
RS;bptinc992j;p71p100;2016;2.0169439;992;j
RS;bptinc992j;p71p100;2017;2.0181468;992;j
RS;mptfrp999i;p0p100;1980;-93909024.0;999;i
RS;mptfrp999i;p0p100;1981;-104206704.0;999;i
RS;mptfrp999i;p0p100;1982;-114673328.0;999;i
RS;mptfrp999i;p0p100;1983;-125288008.0;999;i
RS;mptfrp999i;p0p100;1984;-136007664.0;999;i
RS;mptfrp999i;p0p100;1985;-146804048.0;999;i
RS;mptfrp999i;p0p100;1986;-157657232.0;999;i
RS;mptfrp999i;p0p100;1987;-168486640.0;999;i
RS;mptfrp999i;p0p100;1988;-179449616.0;999;i
RS;mptfrp999i;p0p100;1989;-190813248.0;999;i
RS;mptfrp999i;p0p100;1990;-202770144.0;999;i
RS;mptfrp999i;p0p100;1991;-188075040.0;999;i
RS;mptfrp999i;p0p100;1992;-141586656.0;999;i
RS;mptfrp999i;p0p100;1993;-102980000.0;999;i
RS;mptfrp999i;p0p100;1994;-110245744.0;999;i
RS;mptfrp999i;p0p100;1995;-121370384.0;999;i
RS;mptfrp999i;p0p100;1996;-129287576.0;999;i
RS;mptfrp999i;p0p100;1997;-143906416.0;999;i
RS;mptfrp999i;p0p100;1998;-15680957.0;999;i
RS;mptfrp999i;p0p100;1999;3712692.0;999;i
RS;mptfrp999i;p0p100;2000;45968208.0;999;i
RS;mptfrp999i;p0p100;2001;-50601256.0;999;i
RS;mptfrp999i;p0p100;2002;-61910232.0;999;i
RS;mptfrp999i;p0p100;2003;-72175784.0;999;i
RS;mptfrp999i;p0p100;2004;72130304.0;999;i
RS;mptfrp999i;p0p100;2005;587611008.0;999;i
RS;mptfrp999i;p0p100;2006;2303869440.0;999;i
RS;mptfrp999i;p0p100;2007;-972507136.0;999;i
RS;mptfrp999i;p0p100;2008;-1272915584.0;999;i
RS;mptfrp999i;p0p100;2009;1961677824.0;999;i
RS;mptfrp999i;p0p100;2010;2915044608.0;999;i
RS;mptfrp999i;p0p100;2011;3603922432.0;999;i
RS;mptfrp999i;p0p100;2012;4039345920.0;999;i
RS;mptfrp999i;p0p100;2013;4255693824.0;999;i
RS;mptfrp999i;p0p100;2014;3490929152.0;999;i
RS;mptfrp999i;p0p100;2015;2909372160.0;999;i
RS;mptfrp999i;p0p100;2016;344050240.0;999;i
RS;mptfrp999i;p0p100;2017;374451392.0;999;i
RS;mptfrp999i;p0p100;2018;263021936.0;999;i
RS;mptfrp999i;p0p100;2019;276004960.0;999;i
RS;npopul001i;p0p100;1950;754519.0;001;i
RS;npopul001i;p0p100;1951;820622.0;001;i
RS;npopul001i;p0p100;1952;852517.0;001;i
RS;npopul001i;p0p100;1953;864758.0;001;i
RS;npopul001i;p0p100;1954;860064.0;001;i
RS;npopul001i;p0p100;1955;843737.0;001;i
RS;npopul001i;p0p100;1956;820129.0;001;i
RS;npopul001i;p0p100;1957;792496.0;001;i
RS;npopul001i;p0p100;1958;764547.0;001;i
RS;npopul001i;p0p100;1959;739538.0;001;i
RS;npopul001i;p0p100;1960;717774.0;001;i
RS;npopul001i;p0p100;1961;683607.0;001;i
RS;npopul001i;p0p100;1962;673044.0;001;i
RS;npopul001i;p0p100;1963;677608.0;001;i
RS;npopul001i;p0p100;1964;685522.0;001;i
RS;npopul001i;p0p100;1965;688501.0;001;i
RS;npopul001i;p0p100;1966;706643.0;001;i
RS;npopul001i;p0p100;1967;709954.0;001;i
RS;npopul001i;p0p100;1968;703421.0;001;i
RS;npopul001i;p0p100;1969;697000.0;001;i
RS;npopul001i;p0p100;1970;698039.0;001;i
RS;npopul001i;p0p100;1971;702656.0;001;i
RS;npopul001i;p0p100;1972;711465.0;001;i
RS;npopul001i;p0p100;1973;723969.0;001;i
RS;npopul001i;p0p100;1974;736734.0;001;i
RS;npopul001i;p0p100;1975;747676.0;001;i
RS;npopul001i;p0p100;1976;761057.0;001;i
RS;npopul001i;p0p100;1977;771887.0;001;i
RS;npopul001i;p0p100;1978;780048.0;001;i
RS;npopul001i;p0p100;1979;785756.0;001;i
RS;npopul001i;p0p100;1980;788927.0;001;i
RS;npopul001i;p0p100;1981;792765.0;001;i
RS;npopul001i;p0p100;1982;791954.0;001;i
RS;npopul001i;p0p100;1983;787587.0;001;i
RS;npopul001i;p0p100;1984;781524.0;001;i
RS;npopul001i;p0p100;1985;775013.0;001;i
RS;npopul001i;p0p100;1986;766384.0;001;i
RS;npopul001i;p0p100;1987;760968.0;001;i
RS;npopul001i;p0p100;1988;757270.0;001;i
RS;npopul001i;p0p100;1989;752788.0;001;i
RS;npopul001i;p0p100;1990;745973.0;001;i
RS;npopul001i;p0p100;1991;743032.0;001;i
RS;npopul001i;p0p100;1992;733916.0;001;i
RS;npopul001i;p0p100;1993;719504.0;001;i
RS;npopul001i;p0p100;1994;701902.0;001;i
RS;npopul001i;p0p100;1995;682374.0;001;i
RS;npopul001i;p0p100;1996;664231.0;001;i
RS;npopul001i;p0p100;1997;650054.0;001;i
RS;npopul001i;p0p100;1998;638433.0;001;i
RS;npopul001i;p0p100;1999;493248.0;001;i
RS;npopul001i;p0p100;2000;485488.0;001;i
RS;npopul001i;p0p100;2001;476835.0;001;i
RS;npopul001i;p0p100;2002;469037.0;001;i
RS;npopul001i;p0p100;2003;459984.0;001;i
RS;npopul001i;p0p100;2004;451290.0;001;i
RS;npopul001i;p0p100;2005;443333.0;001;i
RS;npopul001i;p0p100;2006;439945.0;001;i
RS;npopul001i;p0p100;2007;434158.0;001;i
RS;npopul001i;p0p100;2008;426926.0;001;i
RS;npopul001i;p0p100;2009;419258.0;001;i
RS;npopul001i;p0p100;2010;411460.0;001;i
RS;npopul001i;p0p100;2011;401897.0;001;i
RS;npopul001i;p0p100;2012;392921.0;001;i
RS;npopul001i;p0p100;2013;383903.0;001;i
RS;npopul001i;p0p100;2014;375686.0;001;i
RS;npopul001i;p0p100;2015;368638.0;001;i
RS;npopul001i;p0p100;2016;361845.0;001;i
RS;npopul001i;p0p100;2017;360571.0;001;i
RS;npopul001i;p0p100;2018;361544.0;001;i
RS;npopul001i;p0p100;2019;361646.0;001;i
RS;scainc992j;p10p11;1990;0.0023000001;992;j
RS;scainc992j;p10p11;1991;0.0023000001;992;j
RS;scainc992j;p10p11;1992;0.0024000001;992;j
RS;scainc992j;p10p11;1993;0.0024000001;992;j
RS;scainc992j;p10p11;1994;0.0024999999;992;j
RS;scainc992j;p10p11;1995;0.0024999999;992;j
RS;scainc992j;p10p11;1996;0.0026;992;j
RS;scainc992j;p10p11;1997;0.0027000001;992;j
RS;scainc992j;p10p11;1998;0.003;992;j
RS;scainc992j;p10p11;1999;0.003;992;j
RS;scainc992j;p10p11;2000;0.0029;992;j
RS;scainc992j;p10p11;2001;0.0027999999;992;j
RS;scainc992j;p10p11;2002;0.0024999999;992;j
RS;scainc992j;p10p11;2003;0.0022;992;j
RS;scainc992j;p10p11;2004;0.0019;992;j
RS;scainc992j;p10p11;2005;0.0016;992;j
RS;scainc992j;p10p11;2006;0.0014;992;j
RS;scainc992j;p10p11;2007;0.0013;992;j
RS;scainc992j;p10p11;2008;0.0012000001;992;j
RS;scainc992j;p10p11;2009;0.0011;992;j
RS;scainc992j;p10p11;2010;0.0009;992;j
RS;scainc992j;p10p11;2011;0.0008;992;j
RS;scainc992j;p10p11;2012;0.0006;992;j
RS;scainc992j;p10p11;2013;0.0009;992;j
RS;scainc992j;p10p11;2014;0.0017;992;j
RS;scainc992j;p10p11;2015;0.0012000001;992;j
RS;scainc992j;p10p11;2016;0.0012000001;992;j
RS;scainc992j;p10p11;2017;0.0012000001;992;j
RS;scainc992j;p25p100;1990;0.9364;992;j
RS;scainc992j;p25p100;1991;0.93559998;992;j
RS;scainc992j;p25p100;1992;0.93470001;992;j
RS;scainc992j;p25p100;1993;0.93379998;992;j
RS;scainc992j;p25p100;1994;0.93279999;992;j
RS;scainc992j;p25p100;1995;0.93190002;992;j
RS;scainc992j;p25p100;1996;0.93089998;992;j
RS;scainc992j;p25p100;1997;0.92989999;992;j
RS;scainc992j;p25p100;1998;0.92500001;992;j
RS;scainc992j;p25p100;1999;0.92460001;992;j
RS;scainc992j;p25p100;2000;0.92650002;992;j
RS;scainc992j;p25p100;2001;0.92729998;992;j
RS;scainc992j;p25p100;2002;0.93610001;992;j
RS;scainc992j;p25p100;2003;0.93760002;992;j
RS;scainc992j;p25p100;2004;0.94480002;992;j
RS;scainc992j;p25p100;2005;0.94700003;992;j
RS;scainc992j;p25p100;2006;0.95230001;992;j
RS;scainc992j;p25p100;2007;0.95529997;992;j
RS;scainc992j;p25p100;2008;0.95730001;992;j
RS;scainc992j;p25p100;2009;0.95899999;992;j
RS;scainc992j;p25p100;2010;0.96399999;992;j
RS;scainc992j;p25p100;2011;0.96859998;992;j
RS;scainc992j;p25p100;2012;0.96990001;992;j
RS;scainc992j;p25p100;2013;0.96890002;992;j
RS;scainc992j;p25p100;2014;0.95179999;992;j
RS;scainc992j;p25p100;2015;0.96340001;992;j
RS;scainc992j;p25p100;2016;0.96329999;992;j
RS;scainc992j;p25p100;2017;0.96340001;992;j
RS;scainc992j;p8p9;1990;0.0019;992;j
RS;scainc992j;p8p9;1991;0.0020000001;992;j
RS;scainc992j;p8p9;1992;0.0020000001;992;j
RS;scainc992j;p8p9;1993;0.0020000001;992;j
RS;scainc992j;p8p9;1994;0.0020999999;992;j
RS;scainc992j;p8p9;1995;0.0020999999;992;j
RS;scainc992j;p8p9;1996;0.0022;992;j
RS;scainc992j;p8p9;1997;0.0022;992;j
RS;scainc992j;p8p9;1998;0.0024999999;992;j
RS;scainc992j;p8p9;1999;0.0024999999;992;j
RS;scainc992j;p8p9;2000;0.0024000001;992;j
RS;scainc992j;p8p9;2001;0.0024000001;992;j
RS;scainc992j;p8p9;2002;0.0019;992;j
RS;scainc992j;p8p9;2003;0.0018;992;j
RS;scainc992j;p8p9;2004;0.0014;992;j
RS;scainc992j;p8p9;2005;0.0014;992;j
RS;scainc992j;p8p9;2006;0.0012000001;992;j
RS;scainc992j;p8p9;2007;0.0009;992;j
RS;scainc992j;p8p9;2008;0.0009;992;j
RS;scainc992j;p8p9;2009;0.0009;992;j
RS;scainc992j;p8p9;2010;0.0008;992;j
RS;scainc992j;p8p9;2011;0.0007;992;j
RS;scainc992j;p8p9;2012;0.0005;992;j
RS;scainc992j;p8p9;2013;0.0009;992;j
RS;scainc992j;p8p9;2014;0.0016;992;j
RS;scainc992j;p8p9;2015;0.0011;992;j
RS;scainc992j;p8p9;2016;0.0011;992;j
RS;scainc992j;p8p9;2017;0.0011;992;j
RS;sdiinc992j;p73p100;1990;0.51859999;992;j
RS;sdiinc992j;p73p100;1991;0.51660001;992;j
RS;sdiinc992j;p73p100;1992;0.51499999;992;j
RS;sdiinc992j;p73p100;1993;0.51370001;992;j
RS;sdiinc992j;p73p100;1994;0.51239997;992;j
RS;sdiinc992j;p73p100;1995;0.51109999;992;j
RS;sdiinc992j;p73p100;1996;0.509;992;j
RS;sdiinc992j;p73p100;1997;0.50650001;992;j
RS;sdiinc992j;p73p100;1998;0.51010001;992;j
RS;sdiinc992j;p73p100;1999;0.51560003;992;j
RS;sdiinc992j;p73p100;2000;0.51880002;992;j
RS;sdiinc992j;p73p100;2001;0.52109998;992;j
RS;sdiinc992j;p73p100;2002;0.528;992;j
RS;sdiinc992j;p73p100;2003;0.53100002;992;j
RS;sdiinc992j;p73p100;2004;0.54070002;992;j
RS;sdiinc992j;p73p100;2005;0.54820001;992;j
RS;sdiinc992j;p73p100;2006;0.55620003;992;j
RS;sdiinc992j;p73p100;2007;0.55599999;992;j
RS;sdiinc992j;p73p100;2008;0.55940002;992;j
RS;sdiinc992j;p73p100;2009;0.56599998;992;j
RS;sdiinc992j;p73p100;2010;0.57669997;992;j
RS;sdiinc992j;p73p100;2011;0.58759999;992;j
RS;sdiinc992j;p73p100;2012;0.59100002;992;j
RS;sdiinc992j;p73p100;2013;0.59140003;992;j
RS;sdiinc992j;p73p100;2014;0.5794;992;j
RS;sdiinc992j;p73p100;2015;0.5995;992;j
RS;sdiinc992j;p73p100;2016;0.60360003;992;j
RS;sdiinc992j;p73p100;2017;0.60420001;992;j
RS;sdiinc992j;p77p100;1990;0.4675;992;j
RS;sdiinc992j;p77p100;1991;0.46560001;992;j
RS;sdiinc992j;p77p100;1992;0.46399999;992;j
RS;sdiinc992j;p77p100;1993;0.4628;992;j
RS;sdiinc992j;p77p100;1994;0.46160001;992;j
RS;sdiinc992j;p77p100;1995;0.46039999;992;j
RS;sdiinc992j;p77p100;1996;0.45829999;992;j
RS;sdiinc992j;p77p100;1997;0.45590001;992;j
RS;sdiinc992j;p77p100;1998;0.45989999;992;j
RS;sdiinc992j;p77p100;1999;0.4659;992;j
RS;sdiinc992j;p77p100;2000;0.46970001;992;j
RS;sdiinc992j;p77p100;2001;0.47240001;992;j
RS;sdiinc992j;p77p100;2002;0.4788;992;j
RS;sdiinc992j;p77p100;2003;0.4817;992;j
RS;sdiinc992j;p77p100;2004;0.491;992;j
RS;sdiinc992j;p77p100;2005;0.49869999;992;j
RS;sdiinc992j;p77p100;2006;0.50660002;992;j
RS;sdiinc992j;p77p100;2007;0.50590003;992;j
RS;sdiinc992j;p77p100;2008;0.50910002;992;j
RS;sdiinc992j;p77p100;2009;0.51590002;992;j
RS;sdiinc992j;p77p100;2010;0.5266;992;j
RS;sdiinc992j;p77p100;2011;0.53750002;992;j
RS;sdiinc992j;p77p100;2012;0.54100001;992;j
RS;sdiinc992j;p77p100;2013;0.54000002;992;j
RS;sdiinc992j;p77p100;2014;0.53060001;992;j
RS;sdiinc992j;p77p100;2015;0.55220002;992;j
RS;sdiinc992j;p77p100;2016;0.55629998;992;j
RS;sdiinc992j;p77p100;2017;0.55690002;992;j
RS;sdiinc992j;p99.4p99.5;1990;0.0049999999;992;j
RS;sdiinc992j;p99.4p99.5;1991;0.0049999999;992;j
RS;sdiinc992j;p99.4p99.5;1992;0.0049999999;992;j
RS;sdiinc992j;p99.4p99.5;1993;0.0049999999;992;j
RS;sdiinc992j;p99.4p99.5;1994;0.0049999999;992;j
RS;sdiinc992j;p99.4p99.5;1995;0.0049999999;992;j
RS;sdiinc992j;p99.4p99.5;1996;0.0049999999;992;j
RS;sdiinc992j;p99.4p99.5;1997;0.0049000001;992;j
RS;sdiinc992j;p99.4p99.5;1998;0.0051000002;992;j
RS;sdiinc992j;p99.4p99.5;1999;0.0052999998;992;j
RS;sdiinc992j;p99.4p99.5;2000;0.0055;992;j
RS;sdiinc992j;p99.4p99.5;2001;0.0057000001;992;j
RS;sdiinc992j;p99.4p99.5;2002;0.0057999999;992;j
RS;sdiinc992j;p99.4p99.5;2003;0.0057999999;992;j
RS;sdiinc992j;p99.4p99.5;2004;0.0057999999;992;j
RS;sdiinc992j;p99.4p99.5;2005;0.0060000001;992;j
RS;sdiinc992j;p99.4p99.5;2006;0.0062000002;992;j
RS;sdiinc992j;p99.4p99.5;2007;0.0060999999;992;j
RS;sdiinc992j;p99.4p99.5;2008;0.0060999999;992;j
RS;sdiinc992j;p99.4p99.5;2009;0.0063;992;j
RS;sdiinc992j;p99.4p99.5;2010;0.0065000001;992;j
RS;sdiinc992j;p99.4p99.5;2011;0.0066999998;992;j
RS;sdiinc992j;p99.4p99.5;2012;0.0068999999;992;j
RS;sdiinc992j;p99.4p99.5;2013;0.0066999998;992;j
RS;sdiinc992j;p99.4p99.5;2014;0.0068000001;992;j
RS;sdiinc992j;p99.4p99.5;2015;0.0073000002;992;j
RS;sdiinc992j;p99.4p99.5;2016;0.0074;992;j
RS;sdiinc992j;p99.4p99.5;2017;0.0074;992;j
RS;sptinc992j;p4p5;1990;0.0012000001;992;j
RS;sptinc992j;p4p5;1991;0.0012000001;992;j
RS;sptinc992j;p4p5;1992;0.0012000001;992;j
RS;sptinc992j;p4p5;1993;0.0012000001;992;j
RS;sptinc992j;p4p5;1994;0.0012000001;992;j
RS;sptinc992j;p4p5;1995;0.0013;992;j
RS;sptinc992j;p4p5;1996;0.0013;992;j
RS;sptinc992j;p4p5;1997;0.0013;992;j
RS;sptinc992j;p4p5;1998;0.0014;992;j
RS;sptinc992j;p4p5;1999;0.0014;992;j
RS;sptinc992j;p4p5;2000;0.0014;992;j
RS;sptinc992j;p4p5;2001;0.0014;992;j
RS;sptinc992j;p4p5;2002;0.0011;992;j
RS;sptinc992j;p4p5;2003;0.0011;992;j
RS;sptinc992j;p4p5;2004;0.001;992;j
RS;sptinc992j;p4p5;2005;0.0009;992;j
RS;sptinc992j;p4p5;2006;0.0008;992;j
RS;sptinc992j;p4p5;2007;0.0007;992;j
RS;sptinc992j;p4p5;2008;0.0006;992;j
RS;sptinc992j;p4p5;2009;0.0005;992;j
RS;sptinc992j;p4p5;2010;0.0005;992;j
RS;sptinc992j;p4p5;2011;0.0004;992;j
RS;sptinc992j;p4p5;2012;0.0004;992;j
RS;sptinc992j;p4p5;2013;0.0003;992;j
RS;sptinc992j;p4p5;2014;0.0003;992;j
RS;sptinc992j;p4p5;2015;0.0003;992;j
RS;sptinc992j;p4p5;2016;0.0003;992;j
RS;sptinc992j;p4p5;2017;0.0003;992;j
RS;sptinc992j;p95p96;1990;0.023600001;992;j
RS;sptinc992j;p95p96;1991;0.023600001;992;j
RS;sptinc992j;p95p96;1992;0.023700001;992;j
RS;sptinc992j;p95p96;1993;0.023800001;992;j
RS;sptinc992j;p95p96;1994;0.0239;992;j
RS;sptinc992j;p95p96;1995;0.0239;992;j
RS;sptinc992j;p95p96;1996;0.0239;992;j
RS;sptinc992j;p95p96;1997;0.024;992;j
RS;sptinc992j;p95p96;1998;0.0242;992;j
RS;sptinc992j;p95p96;1999;0.0241;992;j
RS;sptinc992j;p95p96;2000;0.0244;992;j
RS;sptinc992j;p95p96;2001;0.0244;992;j
RS;sptinc992j;p95p96;2002;0.024900001;992;j
RS;sptinc992j;p95p96;2003;0.0253;992;j
RS;sptinc992j;p95p96;2004;0.025900001;992;j
RS;sptinc992j;p95p96;2005;0.0266;992;j
RS;sptinc992j;p95p96;2006;0.026900001;992;j
RS;sptinc992j;p95p96;2007;0.026900001;992;j
RS;sptinc992j;p95p96;2008;0.027100001;992;j
RS;sptinc992j;p95p96;2009;0.0275;992;j
RS;sptinc992j;p95p96;2010;0.0284;992;j
RS;sptinc992j;p95p96;2011;0.028899999;992;j
RS;sptinc992j;p95p96;2012;0.0294;992;j
RS;sptinc992j;p95p96;2013;0.028899999;992;j
RS;sptinc992j;p95p96;2014;0.028200001;992;j
RS;sptinc992j;p95p96;2015;0.027899999;992;j
RS;sptinc992j;p95p96;2016;0.028000001;992;j
RS;sptinc992j;p95p96;2017;0.028000001;992;j
RS;tcainc992j;p25p26;1990;237591.2;992;j
RS;tcainc992j;p25p26;1991;209238.09;992;j
RS;tcainc992j;p25p26;1992;145413.5;992;j
RS;tcainc992j;p25p26;1993;95710.0;992;j
RS;tcainc992j;p25p26;1994;100030.7;992;j
RS;tcainc992j;p25p26;1995;106988.0;992;j
RS;tcainc992j;p25p26;1996;109587.0;992;j
RS;tcainc992j;p25p26;1997;117521.4;992;j
RS;tcainc992j;p25p26;1998;131401.2;992;j
RS;tcainc992j;p25p26;1999;149662.91;992;j
RS;tcainc992j;p25p26;2000;162612.59;992;j
RS;tcainc992j;p25p26;2001;158637.5;992;j
RS;tcainc992j;p25p26;2002;159532.0;992;j
RS;tcainc992j;p25p26;2003;163280.7;992;j
RS;tcainc992j;p25p26;2004;186088.91;992;j
RS;tcainc992j;p25p26;2005;206663.41;992;j
RS;tcainc992j;p25p26;2006;206411.2;992;j
RS;tcainc992j;p25p26;2007;204181.8;992;j
RS;tcainc992j;p25p26;2008;210452.91;992;j
RS;tcainc992j;p25p26;2009;196326.09;992;j
RS;tcainc992j;p25p26;2010;179020.3;992;j
RS;tcainc992j;p25p26;2011;165517.7;992;j
RS;tcainc992j;p25p26;2012;170673.7;992;j
RS;tcainc992j;p25p26;2013;145304.0;992;j
RS;tcainc992j;p25p26;2014;167172.0;992;j
RS;tcainc992j;p25p26;2015;149254.3;992;j
RS;tcainc992j;p25p26;2016;155157.5;992;j
RS;tcainc992j;p25p26;2017;154761.3;992;j
RS;tcainc992j;p50p60;1990;434297.59;992;j
RS;tcainc992j;p50p60;1991;378035.41;992;j
RS;tcainc992j;p50p60;1992;259286.0;992;j
RS;tcainc992j;p50p60;1993;168386.8;992;j
RS;tcainc992j;p50p60;1994;173662.2;992;j
RS;tcainc992j;p50p60;1995;183285.09;992;j
RS;tcainc992j;p50p60;1996;185189.3;992;j
RS;tcainc992j;p50p60;1997;195720.2;992;j
RS;tcainc992j;p50p60;1998;209541.0;992;j
RS;tcainc992j;p50p60;1999;238566.59;992;j
RS;tcainc992j;p50p60;2000;256755.09;992;j
RS;tcainc992j;p50p60;2001;248336.09;992;j
RS;tcainc992j;p50p60;2002;258826.91;992;j
RS;tcainc992j;p50p60;2003;269731.19;992;j
RS;tcainc992j;p50p60;2004;321512.0;992;j
RS;tcainc992j;p50p60;2005;357735.69;992;j
RS;tcainc992j;p50p60;2006;373978.59;992;j
RS;tcainc992j;p50p60;2007;374150.0;992;j
RS;tcainc992j;p50p60;2008;398989.5;992;j
RS;tcainc992j;p50p60;2009;391713.31;992;j
RS;tcainc992j;p50p60;2010;385367.5;992;j
RS;tcainc992j;p50p60;2011;384621.69;992;j
RS;tcainc992j;p50p60;2012;377160.31;992;j
RS;tcainc992j;p50p60;2013;389343.41;992;j
RS;tcainc992j;p50p60;2014;371716.19;992;j
RS;tcainc992j;p50p60;2015;371500.0;992;j
RS;tcainc992j;p50p60;2016;385287.91;992;j
RS;tcainc992j;p50p60;2017;385459.41;992;j
RS;tcainc992j;p67p68;1990;580976.38;992;j
RS;tcainc992j;p67p68;1991;504522.41;992;j
RS;tcainc992j;p67p68;1992;344888.31;992;j
RS;tcainc992j;p67p68;1993;223150.59;992;j
RS;tcainc992j;p67p68;1994;228974.41;992;j
RS;tcainc992j;p67p68;1995;241006.59;992;j
RS;tcainc992j;p67p68;1996;242761.2;992;j
RS;tcainc992j;p67p68;1997;255793.59;992;j
RS;tcainc992j;p67p68;1998;279316.19;992;j
RS;tcainc992j;p67p68;1999;315692.19;992;j
RS;tcainc992j;p67p68;2000;337008.31;992;j
RS;tcainc992j;p67p68;2001;327098.41;992;j
RS;tcainc992j;p67p68;2002;344970.69;992;j
RS;tcainc992j;p67p68;2003;363446.59;992;j
RS;tcainc992j;p67p68;2004;436030.69;992;j
RS;tcainc992j;p67p68;2005;491538.19;992;j
RS;tcainc992j;p67p68;2006;519380.31;992;j
RS;tcainc992j;p67p68;2007;522675.81;992;j
RS;tcainc992j;p67p68;2008;562728.63;992;j
RS;tcainc992j;p67p68;2009;551778.88;992;j
RS;tcainc992j;p67p68;2010;551612.63;992;j
RS;tcainc992j;p67p68;2011;555656.13;992;j
RS;tcainc992j;p67p68;2012;550883.63;992;j
RS;tcainc992j;p67p68;2013;577002.19;992;j
RS;tcainc992j;p67p68;2014;542402.63;992;j
RS;tcainc992j;p67p68;2015;526021.5;992;j
RS;tcainc992j;p67p68;2016;545420.81;992;j
RS;tcainc992j;p67p68;2017;545881.63;992;j
RS;tcainc992j;p86p87;1990;823689.0;992;j
RS;tcainc992j;p86p87;1991;712500.88;992;j
RS;tcainc992j;p86p87;1992;486247.5;992;j
RS;tcainc992j;p86p87;1993;314460.69;992;j
RS;tcainc992j;p86p87;1994;321973.69;992;j
RS;tcainc992j;p86p87;1995;338162.5;992;j
RS;tcainc992j;p86p87;1996;339720.59;992;j
RS;tcainc992j;p86p87;1997;356971.81;992;j
RS;tcainc992j;p86p87;1998;388923.59;992;j
RS;tcainc992j;p86p87;1999;439055.41;992;j
RS;tcainc992j;p86p87;2000;470250.19;992;j
RS;tcainc992j;p86p87;2001;452436.41;992;j
RS;tcainc992j;p86p87;2002;478634.19;992;j
RS;tcainc992j;p86p87;2003;514574.0;992;j
RS;tcainc992j;p86p87;2004;626792.13;992;j
RS;tcainc992j;p86p87;2005;717916.88;992;j
RS;tcainc992j;p86p87;2006;771839.69;992;j
RS;tcainc992j;p86p87;2007;787066.63;992;j
RS;tcainc992j;p86p87;2008;850156.63;992;j
RS;tcainc992j;p86p87;2009;844413.38;992;j
RS;tcainc992j;p86p87;2010;855088.69;992;j
RS;tcainc992j;p86p87;2011;874327.38;992;j
RS;tcainc992j;p86p87;2012;868683.31;992;j
RS;tcainc992j;p86p87;2013;904427.88;992;j
RS;tcainc992j;p86p87;2014;829827.5;992;j
RS;tcainc992j;p86p87;2015;821127.38;992;j
RS;tcainc992j;p86p87;2016;851642.88;992;j
RS;tcainc992j;p86p87;2017;852164.31;992;j
RS;tcainc992j;p95p96;1990;1131847.8;992;j
RS;tcainc992j;p95p96;1991;983147.81;992;j
RS;tcainc992j;p95p96;1992;674754.88;992;j
RS;tcainc992j;p95p96;1993;437944.5;992;j
RS;tcainc992j;p95p96;1994;450923.19;992;j
RS;tcainc992j;p95p96;1995;475670.19;992;j
RS;tcainc992j;p95p96;1996;478592.31;992;j
RS;tcainc992j;p95p96;1997;504063.69;992;j
RS;tcainc992j;p95p96;1998;555307.13;992;j
RS;tcainc992j;p95p96;1999;632289.63;992;j
RS;tcainc992j;p95p96;2000;694084.31;992;j
RS;tcainc992j;p95p96;2001;676009.63;992;j
RS;tcainc992j;p95p96;2002;724230.63;992;j
RS;tcainc992j;p95p96;2003;770447.81;992;j
RS;tcainc992j;p95p96;2004;942164.63;992;j
RS;tcainc992j;p95p96;2005;1088489.6;992;j
RS;tcainc992j;p95p96;2006;1178782.0;992;j
RS;tcainc992j;p95p96;2007;1191199.6;992;j
RS;tcainc992j;p95p96;2008;1297978.8;992;j
RS;tcainc992j;p95p96;2009;1281814.3;992;j
RS;tcainc992j;p95p96;2010;1332211.6;992;j
RS;tcainc992j;p95p96;2011;1381714.6;992;j
RS;tcainc992j;p95p96;2012;1330645.6;992;j
RS;tcainc992j;p95p96;2013;1388673.4;992;j
RS;tcainc992j;p95p96;2014;1262914.6;992;j
RS;tcainc992j;p95p96;2015;1254231.0;992;j
RS;tcainc992j;p95p96;2016;1300780.6;992;j
RS;tcainc992j;p95p96;2017;1302007.3;992;j
RS;tcainc992j;p99.92p99.93;1990;7020331.0;992;j
RS;tcainc992j;p99.92p99.93;1991;5964896.0;992;j
RS;tcainc992j;p99.92p99.93;1992;3989093.0;992;j
RS;tcainc992j;p99.92p99.93;1993;2557668.8;992;j
RS;tcainc992j;p99.92p99.93;1994;2609266.0;992;j
RS;tcainc992j;p99.92p99.93;1995;2732961.3;992;j
RS;tcainc992j;p99.92p99.93;1996;2704400.8;992;j
RS;tcainc992j;p99.92p99.93;1997;2798425.8;992;j
RS;tcainc992j;p99.92p99.93;1998;3173122.5;992;j
RS;tcainc992j;p99.92p99.93;1999;3948485.5;992;j
RS;tcainc992j;p99.92p99.93;2000;4574072.0;992;j
RS;tcainc992j;p99.92p99.93;2001;4748958.5;992;j
RS;tcainc992j;p99.92p99.93;2002;5012325.0;992;j
RS;tcainc992j;p99.92p99.93;2003;5224514.0;992;j
RS;tcainc992j;p99.92p99.93;2004;6326005.0;992;j
RS;tcainc992j;p99.92p99.93;2005;7507234.5;992;j
RS;tcainc992j;p99.92p99.93;2006;7952396.5;992;j
RS;tcainc992j;p99.92p99.93;2007;7536953.0;992;j
RS;tcainc992j;p99.92p99.93;2008;7845547.5;992;j
RS;tcainc992j;p99.92p99.93;2009;8420597.0;992;j
RS;tcainc992j;p99.92p99.93;2010;8554738.0;992;j
RS;tcainc992j;p99.92p99.93;2011;8766542.0;992;j
RS;tcainc992j;p99.92p99.93;2012;10238711.0;992;j
RS;tcainc992j;p99.92p99.93;2013;9459020.0;992;j
RS;tcainc992j;p99.92p99.93;2014;11281153.0;992;j
RS;tcainc992j;p99.92p99.93;2015;13851585.0;992;j
RS;tcainc992j;p99.92p99.93;2016;14368590.0;992;j
RS;tcainc992j;p99.92p99.93;2017;14390144.0;992;j
RS;tdiinc992j;p80p90;1990;1025158.3;992;j
RS;tdiinc992j;p80p90;1991;887924.31;992;j
RS;tdiinc992j;p80p90;1992;606286.13;992;j
RS;tdiinc992j;p80p90;1993;391780.41;992;j
RS;tdiinc992j;p80p90;1994;401965.81;992;j
RS;tdiinc992j;p80p90;1995;422610.31;992;j
RS;tdiinc992j;p80p90;1996;425128.81;992;j
RS;tdiinc992j;p80p90;1997;449247.59;992;j
RS;tdiinc992j;p80p90;1998;466784.0;992;j
RS;tdiinc992j;p80p90;1999;507340.69;992;j
RS;tdiinc992j;p80p90;2000;552699.38;992;j
RS;tdiinc992j;p80p90;2001;545603.38;992;j
RS;tdiinc992j;p80p90;2002;595779.63;992;j
RS;tdiinc992j;p80p90;2003;626646.38;992;j
RS;tdiinc992j;p80p90;2004;715283.5;992;j
RS;tdiinc992j;p80p90;2005;799498.63;992;j
RS;tdiinc992j;p80p90;2006;845776.0;992;j
RS;tdiinc992j;p80p90;2007;880887.13;992;j
RS;tdiinc992j;p80p90;2008;950735.31;992;j
RS;tdiinc992j;p80p90;2009;928362.81;992;j
RS;tdiinc992j;p80p90;2010;939632.69;992;j
RS;tdiinc992j;p80p90;2011;945779.38;992;j
RS;tdiinc992j;p80p90;2012;944813.88;992;j
RS;tdiinc992j;p80p90;2013;990353.88;992;j
RS;tdiinc992j;p80p90;2014;906205.81;992;j
RS;tdiinc992j;p80p90;2015;897138.31;992;j
RS;tdiinc992j;p80p90;2016;927514.0;992;j
RS;tdiinc992j;p80p90;2017;933111.31;992;j
RS;tdiinc992j;p82p83;1990;1062498.9;992;j
RS;tdiinc992j;p82p83;1991;919613.81;992;j
RS;tdiinc992j;p82p83;1992;627544.0;992;j
RS;tdiinc992j;p82p83;1993;404729.81;992;j
RS;tdiinc992j;p82p83;1994;414741.31;992;j
RS;tdiinc992j;p82p83;1995;435716.41;992;j
RS;tdiinc992j;p82p83;1996;437843.69;992;j
RS;tdiinc992j;p82p83;1997;462243.09;992;j
RS;tdiinc992j;p82p83;1998;480035.91;992;j
RS;tdiinc992j;p82p83;1999;522592.31;992;j
RS;tdiinc992j;p82p83;2000;567912.13;992;j
RS;tdiinc992j;p82p83;2001;562082.5;992;j
RS;tdiinc992j;p82p83;2002;613488.63;992;j
RS;tdiinc992j;p82p83;2003;647625.38;992;j
RS;tdiinc992j;p82p83;2004;738568.31;992;j
RS;tdiinc992j;p82p83;2005;827159.81;992;j
RS;tdiinc992j;p82p83;2006;878144.5;992;j
RS;tdiinc992j;p82p83;2007;914390.5;992;j
RS;tdiinc992j;p82p83;2008;985753.5;992;j
RS;tdiinc992j;p82p83;2009;969192.38;992;j
RS;tdiinc992j;p82p83;2010;983293.81;992;j
RS;tdiinc992j;p82p83;2011;996147.31;992;j
RS;tdiinc992j;p82p83;2012;987895.13;992;j
RS;tdiinc992j;p82p83;2013;1040554.1;992;j
RS;tdiinc992j;p82p83;2014;949874.31;992;j
RS;tdiinc992j;p82p83;2015;934294.81;992;j
RS;tdiinc992j;p82p83;2016;966292.31;992;j
RS;tdiinc992j;p82p83;2017;972420.13;992;j
RS;tdiinc992j;p99.5p100;1990;3842844.5;992;j
RS;tdiinc992j;p99.5p100;1991;3318162.3;992;j
RS;tdiinc992j;p99.5p100;1992;2267043.0;992;j
RS;tdiinc992j;p99.5p100;1993;1473768.6;992;j
RS;tdiinc992j;p99.5p100;1994;1517839.8;992;j
RS;tdiinc992j;p99.5p100;1995;1602728.6;992;j
RS;tdiinc992j;p99.5p100;1996;1603221.9;992;j
RS;tdiinc992j;p99.5p100;1997;1683975.9;992;j
RS;tdiinc992j;p99.5p100;1998;1822796.6;992;j
RS;tdiinc992j;p99.5p100;1999;2089208.3;992;j
RS;tdiinc992j;p99.5p100;2000;2406661.5;992;j
RS;tdiinc992j;p99.5p100;2001;2463836.0;992;j
RS;tdiinc992j;p99.5p100;2002;2712608.3;992;j
RS;tdiinc992j;p99.5p100;2003;2825814.5;992;j
RS;tdiinc992j;p99.5p100;2004;3226611.3;992;j
RS;tdiinc992j;p99.5p100;2005;3692833.3;992;j
RS;tdiinc992j;p99.5p100;2006;4020681.8;992;j
RS;tdiinc992j;p99.5p100;2007;4065519.5;992;j
RS;tdiinc992j;p99.5p100;2008;4355582.0;992;j
RS;tdiinc992j;p99.5p100;2009;4413692.5;992;j
RS;tdiinc992j;p99.5p100;2010;4562350.0;992;j
RS;tdiinc992j;p99.5p100;2011;4715706.0;992;j
RS;tdiinc992j;p99.5p100;2012;4887135.5;992;j
RS;tdiinc992j;p99.5p100;2013;4865063.5;992;j
RS;tdiinc992j;p99.5p100;2014;4850274.5;992;j
RS;tdiinc992j;p99.5p100;2015;5280022.5;992;j
RS;tdiinc992j;p99.5p100;2016;5503755.0;992;j
RS;tdiinc992j;p99.5p100;2017;5543965.0;992;j
RS;tdiinc992j;p99.8p99.9;1990;5914564.5;992;j
RS;tdiinc992j;p99.8p99.9;1991;5070982.5;992;j
RS;tdiinc992j;p99.8p99.9;1992;3432764.8;992;j
RS;tdiinc992j;p99.8p99.9;1993;2219028.3;992;j
RS;tdiinc992j;p99.8p99.9;1994;2276479.3;992;j
RS;tdiinc992j;p99.8p99.9;1995;2395951.0;992;j
RS;tdiinc992j;p99.8p99.9;1996;2385039.3;992;j
RS;tdiinc992j;p99.8p99.9;1997;2491779.5;992;j
RS;tdiinc992j;p99.8p99.9;1998;2718568.5;992;j
RS;tdiinc992j;p99.8p99.9;1999;3192087.0;992;j
RS;tdiinc992j;p99.8p99.9;2000;3702720.8;992;j
RS;tdiinc992j;p99.8p99.9;2001;3855876.0;992;j
RS;tdiinc992j;p99.8p99.9;2002;4205342.0;992;j
RS;tdiinc992j;p99.8p99.9;2003;4370969.0;992;j
RS;tdiinc992j;p99.8p99.9;2004;4986791.0;992;j
RS;tdiinc992j;p99.8p99.9;2005;5751000.5;992;j
RS;tdiinc992j;p99.8p99.9;2006;6189899.0;992;j
RS;tdiinc992j;p99.8p99.9;2007;6146041.0;992;j
RS;tdiinc992j;p99.8p99.9;2008;6479249.0;992;j
RS;tdiinc992j;p99.8p99.9;2009;6726914.5;992;j
RS;tdiinc992j;p99.8p99.9;2010;6890477.0;992;j
RS;tdiinc992j;p99.8p99.9;2011;7086177.0;992;j
RS;tdiinc992j;p99.8p99.9;2012;7755203.0;992;j
RS;tdiinc992j;p99.8p99.9;2013;7456379.0;992;j
RS;tdiinc992j;p99.8p99.9;2014;8072713.0;992;j
RS;tdiinc992j;p99.8p99.9;2015;9301800.0;992;j
RS;tdiinc992j;p99.8p99.9;2016;9703700.0;992;j
RS;tdiinc992j;p99.8p99.9;2017;9777180.0;992;j
RS;tptinc992j;p0p10;1990;38046.898;992;j
RS;tptinc992j;p0p10;1991;30647.9;992;j
RS;tptinc992j;p0p10;1992;19364.6;992;j
RS;tptinc992j;p0p10;1993;11503.2;992;j
RS;tptinc992j;p0p10;1994;10762.0;992;j
RS;tptinc992j;p0p10;1995;10210.7;992;j
RS;tptinc992j;p0p10;1996;9016.4004;992;j
RS;tptinc992j;p0p10;1997;8147.2002;992;j
RS;tptinc992j;p0p10;1998;8770.9004;992;j
RS;tptinc992j;p0p10;1999;9103.5;992;j
RS;tptinc992j;p0p10;2000;9704.2002;992;j
RS;tptinc992j;p0p10;2001;10561.1;992;j
RS;tptinc992j;p0p10;2002;9846.5;992;j
RS;tptinc992j;p0p10;2003;12200.0;992;j
RS;tptinc992j;p0p10;2004;12672.4;992;j
RS;tptinc992j;p0p10;2005;14174.7;992;j
RS;tptinc992j;p0p10;2006;14586.9;992;j
RS;tptinc992j;p0p10;2007;15579.1;992;j
RS;tptinc992j;p0p10;2008;-1704301.4;992;j
RS;tptinc992j;p0p10;2009;10488.7;992;j
RS;tptinc992j;p0p10;2010;10715.4;992;j
RS;tptinc992j;p0p10;2011;11320.7;992;j
RS;tptinc992j;p0p10;2012;758.90002;992;j
RS;tptinc992j;p0p10;2013;-8439.0996;992;j
RS;tptinc992j;p0p10;2014;-14804.0;992;j
RS;tptinc992j;p0p10;2015;-18647.0;992;j
RS;tptinc992j;p0p10;2016;-21941.1;992;j
RS;tptinc992j;p0p10;2017;-25010.6;992;j
RS;tptinc992j;p33p34;1990;415500.19;992;j
RS;tptinc992j;p33p34;1991;359797.91;992;j
RS;tptinc992j;p33p34;1992;246120.8;992;j
RS;tptinc992j;p33p34;1993;159311.59;992;j
RS;tptinc992j;p33p34;1994;163889.5;992;j
RS;tptinc992j;p33p34;1995;172471.0;992;j
RS;tptinc992j;p33p34;1996;173897.09;992;j
RS;tptinc992j;p33p34;1997;184262.5;992;j
RS;tptinc992j;p33p34;1998;191418.7;992;j
RS;tptinc992j;p33p34;1999;209002.2;992;j
RS;tptinc992j;p33p34;2000;227092.59;992;j
RS;tptinc992j;p33p34;2001;224978.8;992;j
RS;tptinc992j;p33p34;2002;239126.7;992;j
RS;tptinc992j;p33p34;2003;246849.0;992;j
RS;tptinc992j;p33p34;2004;269635.69;992;j
RS;tptinc992j;p33p34;2005;292907.91;992;j
RS;tptinc992j;p33p34;2006;300482.5;992;j
RS;tptinc992j;p33p34;2007;315871.09;992;j
RS;tptinc992j;p33p34;2008;325409.81;992;j
RS;tptinc992j;p33p34;2009;311662.0;992;j
RS;tptinc992j;p33p34;2010;300844.19;992;j
RS;tptinc992j;p33p34;2011;284012.41;992;j
RS;tptinc992j;p33p34;2012;283253.59;992;j
RS;tptinc992j;p33p34;2013;290786.69;992;j
RS;tptinc992j;p33p34;2014;271934.09;992;j
RS;tptinc992j;p33p34;2015;290566.69;992;j
RS;tptinc992j;p33p34;2016;299465.81;992;j
RS;tptinc992j;p33p34;2017;301024.69;992;j
RS;tptinc992j;p51p100;1990;609710.19;992;j
RS;tptinc992j;p51p100;1991;526525.19;992;j
RS;tptinc992j;p51p100;1992;358704.0;992;j
RS;tptinc992j;p51p100;1993;231552.7;992;j
RS;tptinc992j;p51p100;1994;237872.8;992;j
RS;tptinc992j;p51p100;1995;249738.91;992;j
RS;tptinc992j;p51p100;1996;251133.2;992;j
RS;tptinc992j;p51p100;1997;265086.31;992;j
RS;tptinc992j;p51p100;1998;274660.5;992;j
RS;tptinc992j;p51p100;1999;300259.81;992;j
RS;tptinc992j;p51p100;2000;325636.59;992;j
RS;tptinc992j;p51p100;2001;323013.31;992;j
RS;tptinc992j;p51p100;2002;346534.81;992;j
RS;tptinc992j;p51p100;2003;361637.91;992;j
RS;tptinc992j;p51p100;2004;400874.5;992;j
RS;tptinc992j;p51p100;2005;440659.31;992;j
RS;tptinc992j;p51p100;2006;464847.69;992;j
RS;tptinc992j;p51p100;2007;482921.81;992;j
RS;tptinc992j;p51p100;2008;512229.09;992;j
RS;tptinc992j;p51p100;2009;501726.69;992;j
RS;tptinc992j;p51p100;2010;492500.59;992;j
RS;tptinc992j;p51p100;2011;486846.81;992;j
RS;tptinc992j;p51p100;2012;490385.91;992;j
RS;tptinc992j;p51p100;2013;510050.5;992;j
RS;tptinc992j;p51p100;2014;480151.19;992;j
RS;tptinc992j;p51p100;2015;497016.5;992;j
RS;tptinc992j;p51p100;2016;512661.09;992;j
RS;tptinc992j;p51p100;2017;515253.81;992;j
RS;tptinc992j;p9p100;1990;136022.0;992;j
RS;tptinc992j;p9p100;1991;119598.5;992;j
RS;tptinc992j;p9p100;1992;82667.203;992;j
RS;tptinc992j;p9p100;1993;54372.602;992;j
RS;tptinc992j;p9p100;1994;56375.602;992;j
RS;tptinc992j;p9p100;1995;60108.0;992;j
RS;tptinc992j;p9p100;1996;61542.699;992;j
RS;tptinc992j;p9p100;1997;66348.898;992;j
RS;tptinc992j;p9p100;1998;78474.5;992;j
RS;tptinc992j;p9p100;1999;87272.0;992;j
RS;tptinc992j;p9p100;2000;94052.102;992;j
RS;tptinc992j;p9p100;2001;95326.203;992;j
RS;tptinc992j;p9p100;2002;85557.602;992;j
RS;tptinc992j;p9p100;2003;81266.703;992;j
RS;tptinc992j;p9p100;2004;82196.203;992;j
RS;tptinc992j;p9p100;2005;85216.5;992;j
RS;tptinc992j;p9p100;2006;78906.797;992;j
RS;tptinc992j;p9p100;2007;69326.297;992;j
RS;tptinc992j;p9p100;2008;60326.199;992;j
RS;tptinc992j;p9p100;2009;52545.102;992;j
RS;tptinc992j;p9p100;2010;46396.602;992;j
RS;tptinc992j;p9p100;2011;38076.199;992;j
RS;tptinc992j;p9p100;2012;35684.801;992;j
RS;tptinc992j;p9p100;2013;31206.199;992;j
RS;tptinc992j;p9p100;2014;30878.0;992;j
RS;tptinc992j;p9p100;2015;31794.301;992;j
RS;tptinc992j;p9p100;2016;32858.699;992;j
RS;tptinc992j;p9p100;2017;32715.4;992;j
RS;acainc992j;p30p40;1990;323034.09;992;j
RS;acainc992j;p30p40;1991;281716.19;992;j
RS;acainc992j;p30p40;1992;193806.41;992;j
RS;acainc992j;p30p40;1993;126176.5;992;j
RS;acainc992j;p30p40;1994;130483.6;992;j
RS;acainc992j;p30p40;1995;138272.59;992;j
RS;acainc992j;p30p40;1996;140240.5;992;j
RS;acainc992j;p30p40;1997;148871.59;992;j
RS;acainc992j;p30p40;1998;159684.7;992;j
RS;acainc992j;p30p40;1999;181968.0;992;j
RS;acainc992j;p30p40;2000;195602.59;992;j
RS;acainc992j;p30p40;2001;189911.3;992;j
RS;acainc992j;p30p40;2002;195011.91;992;j
RS;acainc992j;p30p40;2003;203967.7;992;j
RS;acainc992j;p30p40;2004;238419.3;992;j
RS;acainc992j;p30p40;2005;265923.59;992;j
RS;acainc992j;p30p40;2006;274258.59;992;j
RS;acainc992j;p30p40;2007;271857.41;992;j
RS;acainc992j;p30p40;2008;286903.19;992;j
RS;acainc992j;p30p40;2009;278150.41;992;j
RS;acainc992j;p30p40;2010;269217.69;992;j
RS;acainc992j;p30p40;2011;262555.69;992;j
RS;acainc992j;p30p40;2012;256567.3;992;j
RS;acainc992j;p30p40;2013;252268.3;992;j
RS;acainc992j;p30p40;2014;253655.5;992;j
RS;acainc992j;p30p40;2015;247221.2;992;j
RS;acainc992j;p30p40;2016;256428.41;992;j
RS;acainc992j;p30p40;2017;256512.5;992;j
RS;acainc992j;p38p39;1990;351259.81;992;j
RS;acainc992j;p38p39;1991;305796.19;992;j
RS;acainc992j;p38p39;1992;209913.8;992;j
RS;acainc992j;p38p39;1993;136328.7;992;j
RS;acainc992j;p38p39;1994;140666.59;992;j
RS;acainc992j;p38p39;1995;148684.59;992;j
RS;acainc992j;p38p39;1996;150465.41;992;j
RS;acainc992j;p38p39;1997;159371.3;992;j
RS;acainc992j;p38p39;1998;169625.91;992;j
RS;acainc992j;p38p39;1999;193425.5;992;j
RS;acainc992j;p38p39;2000;207345.3;992;j
RS;acainc992j;p38p39;2001;202158.2;992;j
RS;acainc992j;p38p39;2002;206564.59;992;j
RS;acainc992j;p38p39;2003;217421.59;992;j
RS;acainc992j;p38p39;2004;254111.91;992;j
RS;acainc992j;p38p39;2005;282867.19;992;j
RS;acainc992j;p38p39;2006;293605.69;992;j
RS;acainc992j;p38p39;2007;292474.41;992;j
RS;acainc992j;p38p39;2008;310782.41;992;j
RS;acainc992j;p38p39;2009;302794.0;992;j
RS;acainc992j;p38p39;2010;294877.81;992;j
RS;acainc992j;p38p39;2011;290036.09;992;j
RS;acainc992j;p38p39;2012;283192.0;992;j
RS;acainc992j;p38p39;2013;282315.31;992;j
RS;acainc992j;p38p39;2014;282446.69;992;j
RS;acainc992j;p38p39;2015;277972.59;992;j
RS;acainc992j;p38p39;2016;288326.91;992;j
RS;acainc992j;p38p39;2017;288429.69;992;j
RS;acainc992j;p39p40;1990;357524.69;992;j
RS;acainc992j;p39p40;1991;311204.5;992;j
RS;acainc992j;p39p40;1992;213619.59;992;j
RS;acainc992j;p39p40;1993;138708.41;992;j
RS;acainc992j;p39p40;1994;143061.5;992;j
RS;acainc992j;p39p40;1995;151241.0;992;j
RS;acainc992j;p39p40;1996;153041.59;992;j
RS;acainc992j;p39p40;1997;162098.0;992;j
RS;acainc992j;p39p40;1998;172937.3;992;j
RS;acainc992j;p39p40;1999;197119.41;992;j
RS;acainc992j;p39p40;2000;211613.91;992;j
RS;acainc992j;p39p40;2001;206034.91;992;j
RS;acainc992j;p39p40;2002;212055.2;992;j
RS;acainc992j;p39p40;2003;221255.2;992;j
RS;acainc992j;p39p40;2004;259257.5;992;j
RS;acainc992j;p39p40;2005;289531.09;992;j
RS;acainc992j;p39p40;2006;300040.91;992;j
RS;acainc992j;p39p40;2007;298899.31;992;j
RS;acainc992j;p39p40;2008;317698.0;992;j
RS;acainc992j;p39p40;2009;309521.31;992;j
RS;acainc992j;p39p40;2010;301963.19;992;j
RS;acainc992j;p39p40;2011;298153.31;992;j
RS;acainc992j;p39p40;2012;289818.91;992;j
RS;acainc992j;p39p40;2013;291611.69;992;j
RS;acainc992j;p39p40;2014;290344.91;992;j
RS;acainc992j;p39p40;2015;286351.0;992;j
RS;acainc992j;p39p40;2016;296996.81;992;j
RS;acainc992j;p39p40;2017;297139.5;992;j
RS;acainc992j;p61p100;1990;892814.81;992;j
RS;acainc992j;p61p100;1991;772614.88;992;j
RS;acainc992j;p61p100;1992;527324.38;992;j
RS;acainc992j;p61p100;1993;340984.31;992;j
RS;acainc992j;p61p100;1994;350140.91;992;j
RS;acainc992j;p61p100;1995;368487.31;992;j
RS;acainc992j;p61p100;1996;370063.41;992;j
RS;acainc992j;p61p100;1997;388999.91;992;j
RS;acainc992j;p61p100;1998;426588.31;992;j
RS;acainc992j;p61p100;1999;488137.41;992;j
RS;acainc992j;p61p100;2000;532705.31;992;j
RS;acainc992j;p61p100;2001;520910.59;992;j
RS;acainc992j;p61p100;2002;553134.69;992;j
RS;acainc992j;p61p100;2003;585867.13;992;j
RS;acainc992j;p61p100;2004;711134.13;992;j
RS;acainc992j;p61p100;2005;817550.31;992;j
RS;acainc992j;p61p100;2006;873221.0;992;j
RS;acainc992j;p61p100;2007;875667.0;992;j
RS;acainc992j;p61p100;2008;943907.81;992;j
RS;acainc992j;p61p100;2009;940994.19;992;j
RS;acainc992j;p61p100;2010;960320.88;992;j
RS;acainc992j;p61p100;2011;983171.31;992;j
RS;acainc992j;p61p100;2012;987455.0;992;j
RS;acainc992j;p61p100;2013;1014924.5;992;j
RS;acainc992j;p61p100;2014;973056.63;992;j
RS;acainc992j;p61p100;2015;1006251.7;992;j
RS;acainc992j;p61p100;2016;1043508.7;992;j
RS;acainc992j;p61p100;2017;1044623.7;992;j
RS;acainc992j;p78p100;1990;1111667.6;992;j
RS;acainc992j;p78p100;1991;960527.69;992;j
RS;acainc992j;p78p100;1992;655078.88;992;j
RS;acainc992j;p78p100;1993;423492.69;992;j
RS;acainc992j;p78p100;1994;434691.41;992;j
RS;acainc992j;p78p100;1995;457313.81;992;j
RS;acainc992j;p78p100;1996;458632.19;992;j
RS;acainc992j;p78p100;1997;481413.59;992;j
RS;acainc992j;p78p100;1998;529715.69;992;j
RS;acainc992j;p78p100;1999;609860.69;992;j
RS;acainc992j;p78p100;2000;670560.69;992;j
RS;acainc992j;p78p100;2001;658580.69;992;j
RS;acainc992j;p78p100;2002;701470.19;992;j
RS;acainc992j;p78p100;2003;744012.81;992;j
RS;acainc992j;p78p100;2004;906667.31;992;j
RS;acainc992j;p78p100;2005;1049238.5;992;j
RS;acainc992j;p78p100;2006;1125625.0;992;j
RS;acainc992j;p78p100;2007;1126410.5;992;j
RS;acainc992j;p78p100;2008;1215545.8;992;j
RS;acainc992j;p78p100;2009;1218344.4;992;j
RS;acainc992j;p78p100;2010;1251876.0;992;j
RS;acainc992j;p78p100;2011;1289343.3;992;j
RS;acainc992j;p78p100;2012;1299209.1;992;j
RS;acainc992j;p78p100;2013;1326265.8;992;j
RS;acainc992j;p78p100;2014;1280371.4;992;j
RS;acainc992j;p78p100;2015;1350336.5;992;j
RS;acainc992j;p78p100;2016;1400374.4;992;j
RS;acainc992j;p78p100;2017;1402022.8;992;j
RS;acainc992j;p82p83;1990;773514.88;992;j
RS;acainc992j;p82p83;1991;668507.13;992;j
RS;acainc992j;p82p83;1992;455801.31;992;j
RS;acainc992j;p82p83;1993;294050.19;992;j
RS;acainc992j;p82p83;1994;301206.91;992;j
RS;acainc992j;p82p83;1995;316290.31;992;j
RS;acainc992j;p82p83;1996;317542.41;992;j
RS;acainc992j;p82p83;1997;333673.09;992;j
RS;acainc992j;p82p83;1998;360352.09;992;j
RS;acainc992j;p82p83;1999;407398.09;992;j
RS;acainc992j;p82p83;2000;437569.19;992;j
RS;acainc992j;p82p83;2001;422873.59;992;j
RS;acainc992j;p82p83;2002;450162.31;992;j
RS;acainc992j;p82p83;2003;476812.09;992;j
RS;acainc992j;p82p83;2004;578500.31;992;j
RS;acainc992j;p82p83;2005;660975.5;992;j
RS;acainc992j;p82p83;2006;701564.0;992;j
RS;acainc992j;p82p83;2007;710130.5;992;j
RS;acainc992j;p82p83;2008;770593.63;992;j
RS;acainc992j;p82p83;2009;764563.88;992;j
RS;acainc992j;p82p83;2010;776339.88;992;j
RS;acainc992j;p82p83;2011;792548.13;992;j
RS;acainc992j;p82p83;2012;786524.0;992;j
RS;acainc992j;p82p83;2013;828323.0;992;j
RS;acainc992j;p82p83;2014;755094.19;992;j
RS;acainc992j;p82p83;2015;743364.13;992;j
RS;acainc992j;p82p83;2016;770846.63;992;j
RS;acainc992j;p82p83;2017;771492.19;992;j
RS;acainc992j;p99.98p100;1990;30954882.0;992;j
RS;acainc992j;p99.98p100;1991;25295658.0;992;j
RS;acainc992j;p99.98p100;1992;16015956.0;992;j
RS;acainc992j;p99.98p100;1993;9881044.0;992;j
RS;acainc992j;p99.98p100;1994;9829856.0;992;j
RS;acainc992j;p99.98p100;1995;10073883.0;992;j
RS;acainc992j;p99.98p100;1996;9736834.0;992;j
RS;acainc992j;p99.98p100;1997;9821373.0;992;j
RS;acainc992j;p99.98p100;1998;11442200.0;992;j
RS;acainc992j;p99.98p100;1999;15753195.0;992;j
RS;acainc992j;p99.98p100;2000;18224302.0;992;j
RS;acainc992j;p99.98p100;2001;20442130.0;992;j
RS;acainc992j;p99.98p100;2002;20265662.0;992;j
RS;acainc992j;p99.98p100;2003;21221726.0;992;j
RS;acainc992j;p99.98p100;2004;25788902.0;992;j
RS;acainc992j;p99.98p100;2005;31695048.0;992;j
RS;acainc992j;p99.98p100;2006;31062050.0;992;j
RS;acainc992j;p99.98p100;2007;27142376.0;992;j
RS;acainc992j;p99.98p100;2008;25917826.0;992;j
RS;acainc992j;p99.98p100;2009;31131670.0;992;j
RS;acainc992j;p99.98p100;2010;30006070.0;992;j
RS;acainc992j;p99.98p100;2011;29788206.0;992;j
RS;acainc992j;p99.98p100;2012;44913468.0;992;j
RS;acainc992j;p99.98p100;2013;35192008.0;992;j
RS;acainc992j;p99.98p100;2014;64242992.0;992;j
RS;acainc992j;p99.98p100;2015;105296024.0;992;j
RS;acainc992j;p99.98p100;2016;109283904.0;992;j
RS;acainc992j;p99.98p100;2017;109599704.0;992;j
RS;adiinc992j;p10p100;1990;800323.69;992;j
RS;adiinc992j;p10p100;1991;694816.5;992;j
RS;adiinc992j;p10p100;1992;475730.41;992;j
RS;adiinc992j;p10p100;1993;308434.09;992;j
RS;adiinc992j;p10p100;1994;317573.91;992;j
RS;adiinc992j;p10p100;1995;335083.19;992;j
RS;adiinc992j;p10p100;1996;337701.41;992;j
RS;adiinc992j;p10p100;1997;357862.31;992;j
RS;adiinc992j;p10p100;1998;376316.81;992;j
RS;adiinc992j;p10p100;1999;412248.31;992;j
RS;adiinc992j;p10p100;2000;453387.19;992;j
RS;adiinc992j;p10p100;2001;452671.5;992;j
RS;adiinc992j;p10p100;2002;488311.31;992;j
RS;adiinc992j;p10p100;2003;512881.59;992;j
RS;adiinc992j;p10p100;2004;578313.13;992;j
RS;adiinc992j;p10p100;2005;645402.88;992;j
RS;adiinc992j;p10p100;2006;682088.38;992;j
RS;adiinc992j;p10p100;2007;704264.0;992;j
RS;adiinc992j;p10p100;2008;749689.69;992;j
RS;adiinc992j;p10p100;2009;736212.13;992;j
RS;adiinc992j;p10p100;2010;738553.81;992;j
RS;adiinc992j;p10p100;2011;741874.63;992;j
RS;adiinc992j;p10p100;2012;741345.0;992;j
RS;adiinc992j;p10p100;2013;756446.31;992;j
RS;adiinc992j;p10p100;2014;736470.88;992;j
RS;adiinc992j;p10p100;2015;744848.5;992;j
RS;adiinc992j;p10p100;2016;768733.38;992;j
RS;adiinc992j;p10p100;2017;773372.88;992;j
RS;adiinc992j;p23p100;1990;890613.31;992;j
RS;adiinc992j;p23p100;1991;772642.0;992;j
RS;adiinc992j;p23p100;1992;528602.31;992;j
RS;adiinc992j;p23p100;1993;342446.59;992;j
RS;adiinc992j;p23p100;1994;352313.19;992;j
RS;adiinc992j;p23p100;1995;371448.31;992;j
RS;adiinc992j;p23p100;1996;374024.19;992;j
RS;adiinc992j;p23p100;1997;395952.91;992;j
RS;adiinc992j;p23p100;1998;415409.0;992;j
RS;adiinc992j;p23p100;1999;455539.31;992;j
RS;adiinc992j;p23p100;2000;501100.0;992;j
RS;adiinc992j;p23p100;2001;500495.09;992;j
RS;adiinc992j;p23p100;2002;541990.69;992;j
RS;adiinc992j;p23p100;2003;570014.88;992;j
RS;adiinc992j;p23p100;2004;645939.88;992;j
RS;adiinc992j;p23p100;2005;721958.63;992;j
RS;adiinc992j;p23p100;2006;765586.81;992;j
RS;adiinc992j;p23p100;2007;791108.69;992;j
RS;adiinc992j;p23p100;2008;843432.88;992;j
RS;adiinc992j;p23p100;2009;829830.13;992;j
RS;adiinc992j;p23p100;2010;835286.31;992;j
RS;adiinc992j;p23p100;2011;842009.38;992;j
RS;adiinc992j;p23p100;2012;841554.69;992;j
RS;adiinc992j;p23p100;2013;860056.38;992;j
RS;adiinc992j;p23p100;2014;830023.81;992;j
RS;adiinc992j;p23p100;2015;844401.5;992;j
RS;adiinc992j;p23p100;2016;872647.5;992;j
RS;adiinc992j;p23p100;2017;878072.38;992;j
RS;adiinc992j;p55p56;1990;675309.19;992;j
RS;adiinc992j;p55p56;1991;587661.88;992;j
RS;adiinc992j;p55p56;1992;402976.19;992;j
RS;adiinc992j;p55p56;1993;261495.0;992;j
RS;adiinc992j;p55p56;1994;269667.5;992;j
RS;adiinc992j;p55p56;1995;284811.5;992;j
RS;adiinc992j;p55p56;1996;287585.0;992;j
RS;adiinc992j;p55p56;1997;305369.91;992;j
RS;adiinc992j;p55p56;1998;318369.81;992;j
RS;adiinc992j;p55p56;1999;344257.09;992;j
RS;adiinc992j;p55p56;2000;376206.59;992;j
RS;adiinc992j;p55p56;2001;372947.81;992;j
RS;adiinc992j;p55p56;2002;400833.91;992;j
RS;adiinc992j;p55p56;2003;418818.31;992;j
RS;adiinc992j;p55p56;2004;468620.0;992;j
RS;adiinc992j;p55p56;2005;518242.41;992;j
RS;adiinc992j;p55p56;2006;544607.13;992;j
RS;adiinc992j;p55p56;2007;564709.88;992;j
RS;adiinc992j;p55p56;2008;597036.63;992;j
RS;adiinc992j;p55p56;2009;583465.88;992;j
RS;adiinc992j;p55p56;2010;576331.31;992;j
RS;adiinc992j;p55p56;2011;574197.88;992;j
RS;adiinc992j;p55p56;2012;570709.63;992;j
RS;adiinc992j;p55p56;2013;582292.19;992;j
RS;adiinc992j;p55p56;2014;559058.13;992;j
RS;adiinc992j;p55p56;2015;553602.13;992;j
RS;adiinc992j;p55p56;2016;568995.69;992;j
RS;adiinc992j;p55p56;2017;572043.5;992;j
RS;adiinc992j;p72p100;1990;1393533.9;992;j
RS;adiinc992j;p72p100;1991;1205119.1;992;j
RS;adiinc992j;p72p100;1992;822504.31;992;j
RS;adiinc992j;p72p100;1993;531942.63;992;j
RS;adiinc992j;p72p100;1994;546266.88;992;j
RS;adiinc992j;p72p100;1995;574930.63;992;j
RS;adiinc992j;p72p100;1996;577115.0;992;j
RS;adiinc992j;p72p100;1997;608714.38;992;j
RS;adiinc992j;p72p100;1998;644548.13;992;j
RS;adiinc992j;p72p100;1999;712985.0;992;j
RS;adiinc992j;p72p100;2000;788511.5;992;j
RS;adiinc992j;p72p100;2001;790438.81;992;j
RS;adiinc992j;p72p100;2002;861528.69;992;j
RS;adiinc992j;p72p100;2003;909964.81;992;j
RS;adiinc992j;p72p100;2004;1042920.8;992;j
RS;adiinc992j;p72p100;2005;1178770.4;992;j
RS;adiinc992j;p72p100;2006;1262069.0;992;j
RS;adiinc992j;p72p100;2007;1302080.3;992;j
RS;adiinc992j;p72p100;2008;1394598.8;992;j
RS;adiinc992j;p72p100;2009;1385667.6;992;j
RS;adiinc992j;p72p100;2010;1415160.0;992;j
RS;adiinc992j;p72p100;2011;1446117.1;992;j
RS;adiinc992j;p72p100;2012;1452244.8;992;j
RS;adiinc992j;p72p100;2013;1488911.8;992;j
RS;adiinc992j;p72p100;2014;1429514.4;992;j
RS;adiinc992j;p72p100;2015;1487501.5;992;j
RS;adiinc992j;p72p100;2016;1544111.8;992;j
RS;adiinc992j;p72p100;2017;1554678.5;992;j
RS;adiinc992j;p99.97p100;1990;32918480.0;992;j
RS;adiinc992j;p99.97p100;1991;27038856.0;992;j
RS;adiinc992j;p99.97p100;1992;17243018.0;992;j
RS;adiinc992j;p99.97p100;1993;10694143.0;992;j
RS;adiinc992j;p99.97p100;1994;10676698.0;992;j
RS;adiinc992j;p99.97p100;1995;10976412.0;992;j
RS;adiinc992j;p99.97p100;1996;10643824.0;992;j
RS;adiinc992j;p99.97p100;1997;10806647.0;992;j
RS;adiinc992j;p99.97p100;1998;12180482.0;992;j
RS;adiinc992j;p99.97p100;1999;16053528.0;992;j
RS;adiinc992j;p99.97p100;2000;18667692.0;992;j
RS;adiinc992j;p99.97p100;2001;21198644.0;992;j
RS;adiinc992j;p99.97p100;2002;21594684.0;992;j
RS;adiinc992j;p99.97p100;2003;22516896.0;992;j
RS;adiinc992j;p99.97p100;2004;25775916.0;992;j
RS;adiinc992j;p99.97p100;2005;30922018.0;992;j
RS;adiinc992j;p99.97p100;2006;30605338.0;992;j
RS;adiinc992j;p99.97p100;2007;27724430.0;992;j
RS;adiinc992j;p99.97p100;2008;26582116.0;992;j
RS;adiinc992j;p99.97p100;2009;31301602.0;992;j
RS;adiinc992j;p99.97p100;2010;30273016.0;992;j
RS;adiinc992j;p99.97p100;2011;30089448.0;992;j
RS;adiinc992j;p99.97p100;2012;43791412.0;992;j
RS;adiinc992j;p99.97p100;2013;35035716.0;992;j
RS;adiinc992j;p99.97p100;2014;60743124.0;992;j
RS;adiinc992j;p99.97p100;2015;96357168.0;992;j
RS;adiinc992j;p99.97p100;2016;100676128.0;992;j
RS;adiinc992j;p99.97p100;2017;101587808.0;992;j
RS;agninc999i;p0p100;1980;560581.19;999;i
RS;agninc999i;p0p100;1981;560699.5;999;i
RS;agninc999i;p0p100;1982;561016.5;999;i
RS;agninc999i;p0p100;1983;561476.38;999;i
RS;agninc999i;p0p100;1984;561962.88;999;i
RS;agninc999i;p0p100;1985;562433.31;999;i
RS;agninc999i;p0p100;1986;563041.63;999;i
RS;agninc999i;p0p100;1987;563547.88;999;i
RS;agninc999i;p0p100;1988;564146.81;999;i
RS;agninc999i;p0p100;1989;565084.63;999;i
RS;agninc999i;p0p100;1990;566459.63;999;i
RS;agninc999i;p0p100;1991;495947.59;999;i
RS;agninc999i;p0p100;1992;352778.5;999;i
RS;agninc999i;p0p100;1993;243072.0;999;i
RS;agninc999i;p0p100;1994;247701.0;999;i
RS;agninc999i;p0p100;1995;261191.7;999;i
RS;agninc999i;p0p100;1996;268290.69;999;i
RS;agninc999i;p0p100;1997;288629.41;999;i
RS;agninc999i;p0p100;1998;298583.59;999;i
RS;agninc999i;p0p100;1999;337472.81;999;i
RS;agninc999i;p0p100;2000;364738.31;999;i
RS;agninc999i;p0p100;2001;383635.41;999;i
RS;agninc999i;p0p100;2002;408557.81;999;i
RS;agninc999i;p0p100;2003;426526.31;999;i
RS;agninc999i;p0p100;2004;465104.09;999;i
RS;agninc999i;p0p100;2005;513067.41;999;i
RS;agninc999i;p0p100;2006;541187.13;999;i
RS;agninc999i;p0p100;2007;569067.63;999;i
RS;agninc999i;p0p100;2008;606114.69;999;i
RS;agninc999i;p0p100;2009;599762.81;999;i
RS;agninc999i;p0p100;2010;602838.38;999;i
RS;agninc999i;p0p100;2011;607177.0;999;i
RS;agninc999i;p0p100;2012;610337.38;999;i
RS;agninc999i;p0p100;2013;626615.5;999;i
RS;agninc999i;p0p100;2014;620505.81;999;i
RS;agninc999i;p0p100;2015;629013.88;999;i
RS;agninc999i;p0p100;2016;649573.63;999;i
RS;agninc999i;p0p100;2017;657527.63;999;i
RS;agninc999i;p0p100;2018;698220.81;999;i
RS;agninc999i;p0p100;2019;735234.81;999;i
RS;aptinc992j;p61p100;1990;1292452.5;992;j
RS;aptinc992j;p61p100;1991;1123648.3;992;j
RS;aptinc992j;p61p100;1992;770374.38;992;j
RS;aptinc992j;p61p100;1993;500157.41;992;j
RS;aptinc992j;p61p100;1994;515709.31;992;j
RS;aptinc992j;p61p100;1995;544948.31;992;j
RS;aptinc992j;p61p100;1996;549657.81;992;j
RS;aptinc992j;p61p100;1997;583090.38;992;j
RS;aptinc992j;p61p100;1998;612589.31;992;j
RS;aptinc992j;p61p100;1999;671374.19;992;j
RS;aptinc992j;p61p100;2000;742827.19;992;j
RS;aptinc992j;p61p100;2001;742908.38;992;j
RS;aptinc992j;p61p100;2002;809365.0;992;j
RS;aptinc992j;p61p100;2003;854986.88;992;j
RS;aptinc992j;p61p100;2004;974079.19;992;j
RS;aptinc992j;p61p100;2005;1098330.3;992;j
RS;aptinc992j;p61p100;2006;1170202.4;992;j
RS;aptinc992j;p61p100;2007;1210045.3;992;j
RS;aptinc992j;p61p100;2008;1300189.3;992;j
RS;aptinc992j;p61p100;2009;1285524.4;992;j
RS;aptinc992j;p61p100;2010;1303684.8;992;j
RS;aptinc992j;p61p100;2011;1325521.5;992;j
RS;aptinc992j;p61p100;2012;1327868.1;992;j
RS;aptinc992j;p61p100;2013;1357629.9;992;j
RS;aptinc992j;p61p100;2014;1344875.6;992;j
RS;aptinc992j;p61p100;2015;1340889.8;992;j
RS;aptinc992j;p61p100;2016;1382435.8;992;j
RS;aptinc992j;p61p100;2017;1391085.4;992;j
RS;aptinc992j;p74p75;1990;941691.0;992;j
RS;aptinc992j;p74p75;1991;815074.63;992;j
RS;aptinc992j;p74p75;1992;556432.69;992;j
RS;aptinc992j;p74p75;1993;359770.0;992;j
RS;aptinc992j;p74p75;1994;369385.31;992;j
RS;aptinc992j;p74p75;1995;388506.81;992;j
RS;aptinc992j;p74p75;1996;390884.91;992;j
RS;aptinc992j;p74p75;1997;413649.0;992;j
RS;aptinc992j;p74p75;1998;432218.09;992;j
RS;aptinc992j;p74p75;1999;467767.19;992;j
RS;aptinc992j;p74p75;2000;507740.5;992;j
RS;aptinc992j;p74p75;2001;503359.0;992;j
RS;aptinc992j;p74p75;2002;546203.5;992;j
RS;aptinc992j;p74p75;2003;573701.63;992;j
RS;aptinc992j;p74p75;2004;645772.19;992;j
RS;aptinc992j;p74p75;2005;716468.0;992;j
RS;aptinc992j;p74p75;2006;763509.81;992;j
RS;aptinc992j;p74p75;2007;804354.5;992;j
RS;aptinc992j;p74p75;2008;860567.38;992;j
RS;aptinc992j;p74p75;2009;846029.13;992;j
RS;aptinc992j;p74p75;2010;837767.13;992;j
RS;aptinc992j;p74p75;2011;839004.5;992;j
RS;aptinc992j;p74p75;2012;854345.5;992;j
RS;aptinc992j;p74p75;2013;881706.63;992;j
RS;aptinc992j;p74p75;2014;844140.0;992;j
RS;aptinc992j;p74p75;2015;839910.13;992;j
RS;aptinc992j;p74p75;2016;865610.5;992;j
RS;aptinc992j;p74p75;2017;870610.13;992;j
RS;asecho992i;p0p100;1997;312881.19;992;i
RS;asecho992i;p0p100;1998;295242.69;992;i
RS;asecho992i;p0p100;1999;319788.91;992;i
RS;asecho992i;p0p100;2000;339274.69;992;i
RS;asecho992i;p0p100;2001;349696.69;992;i
RS;asecho992i;p0p100;2002;368761.41;992;i
RS;asecho992i;p0p100;2003;392699.5;992;i
RS;asecho992i;p0p100;2004;388709.81;992;i
RS;asecho992i;p0p100;2005;435887.59;992;i
RS;asecho992i;p0p100;2006;464245.81;992;i
RS;asecho992i;p0p100;2007;492174.41;992;i
RS;asecho992i;p0p100;2008;533502.13;992;i
RS;asecho992i;p0p100;2009;524772.38;992;i
RS;asecho992i;p0p100;2010;519294.81;992;i
RS;asecho992i;p0p100;2011;514533.59;992;i
RS;assbnf992i;p0p100;1997;0.0;992;i
RS;assbnf992i;p0p100;1998;0.0;992;i
RS;assbnf992i;p0p100;1999;0.0;992;i
RS;assbnf992i;p0p100;2000;0.0;992;i
RS;assbnf992i;p0p100;2001;0.0;992;i
RS;assbnf992i;p0p100;2002;0.0;992;i
RS;assbnf992i;p0p100;2003;0.0;992;i
RS;assbnf992i;p0p100;2004;0.0;992;i
RS;assbnf992i;p0p100;2005;0.0;992;i
RS;assbnf992i;p0p100;2006;0.0;992;i
RS;assbnf992i;p0p100;2007;0.0;992;i
RS;assbnf992i;p0p100;2008;0.0;992;i
RS;assbnf992i;p0p100;2009;0.0;992;i
RS;assbnf992i;p0p100;2010;0.0;992;i
RS;assbnf992i;p0p100;2011;0.0;992;i
RS;bcainc992j;p61p100;1990;1.7140018;992;j
RS;bcainc992j;p61p100;1991;1.7085736;992;j
RS;bcainc992j;p61p100;1992;1.7051135;992;j
RS;bcainc992j;p61p100;1993;1.7031693;992;j
RS;bcainc992j;p61p100;1994;1.7016724;992;j
RS;bcainc992j;p61p100;1995;1.700503;992;j
RS;bcainc992j;p61p100;1996;1.6942267;992;j
RS;bcainc992j;p61p100;1997;1.687183;992;j
RS;bcainc992j;p61p100;1998;1.6927495;992;j
RS;bcainc992j;p61p100;1999;1.7134188;992;j
RS;bcainc992j;p61p100;2000;1.7470573;992;j
RS;bcainc992j;p61p100;2001;1.7691913;992;j
RS;bcainc992j;p61p100;2002;1.7951449;992;j
RS;bcainc992j;p61p100;2003;1.8054197;992;j
RS;bcainc992j;p61p100;2004;1.8406744;992;j
RS;bcainc992j;p61p100;2005;1.8736097;992;j
RS;bcainc992j;p61p100;2006;1.9009949;992;j
RS;bcainc992j;p61p100;2007;1.8917948;992;j
RS;bcainc992j;p61p100;2008;1.9059572;992;j
RS;bcainc992j;p61p100;2009;1.9390841;992;j
RS;bcainc992j;p61p100;2010;1.9953388;992;j
RS;bcainc992j;p61p100;2011;2.0352147;992;j
RS;bcainc992j;p61p100;2012;2.0589991;992;j
RS;bcainc992j;p61p100;2013;2.04579;992;j
RS;bcainc992j;p61p100;2014;2.0343935;992;j
RS;bcainc992j;p61p100;2015;2.1670396;992;j
RS;bcainc992j;p61p100;2016;2.1666784;992;j
RS;bcainc992j;p61p100;2017;2.1680365;992;j
RS;bcainc992j;p89p100;1990;1.6057998;992;j
RS;bcainc992j;p89p100;1991;1.6033845;992;j
RS;bcainc992j;p89p100;1992;1.6023052;992;j
RS;bcainc992j;p89p100;1993;1.6109309;992;j
RS;bcainc992j;p89p100;1994;1.6152298;992;j
RS;bcainc992j;p89p100;1995;1.6221684;992;j
RS;bcainc992j;p89p100;1996;1.6208639;992;j
RS;bcainc992j;p89p100;1997;1.6204342;992;j
RS;bcainc992j;p89p100;1998;1.6356111;992;j
RS;bcainc992j;p89p100;1999;1.6815317;992;j
RS;bcainc992j;p89p100;2000;1.7419307;992;j
RS;bcainc992j;p89p100;2001;1.7815502;992;j
RS;bcainc992j;p89p100;2002;1.7996162;992;j
RS;bcainc992j;p89p100;2003;1.7647494;992;j
RS;bcainc992j;p89p100;2004;1.7476765;992;j
RS;bcainc992j;p89p100;2005;1.7633959;992;j
RS;bcainc992j;p89p100;2006;1.7822391;992;j
RS;bcainc992j;p89p100;2007;1.7488719;992;j
RS;bcainc992j;p89p100;2008;1.7472533;992;j
RS;bcainc992j;p89p100;2009;1.7746676;992;j
RS;bcainc992j;p89p100;2010;1.7911445;992;j
RS;bcainc992j;p89p100;2011;1.8030293;992;j
RS;bcainc992j;p89p100;2012;1.8685837;992;j
RS;bcainc992j;p89p100;2013;1.811648;992;j
RS;bcainc992j;p89p100;2014;1.9303173;992;j
RS;bcainc992j;p89p100;2015;2.1358001;992;j
RS;bcainc992j;p89p100;2016;2.1355879;992;j
RS;bcainc992j;p89p100;2017;2.1364951;992;j
RS;bdiinc992j;p37p100;1990;1.9842452;992;j
RS;bdiinc992j;p37p100;1991;1.9757618;992;j
RS;bdiinc992j;p37p100;1992;1.9665494;992;j
RS;bdiinc992j;p37p100;1993;1.9605016;992;j
RS;bdiinc992j;p37p100;1994;1.9509054;992;j
RS;bdiinc992j;p37p100;1995;1.9421997;992;j
RS;bdiinc992j;p37p100;1996;1.9302176;992;j
RS;bdiinc992j;p37p100;1997;1.916854;992;j
RS;bdiinc992j;p37p100;1998;1.9792072;992;j
RS;bdiinc992j;p37p100;1999;2.0041502;992;j
RS;bdiinc992j;p37p100;2000;2.016736;992;j
RS;bdiinc992j;p37p100;2001;2.0154445;992;j
RS;bdiinc992j;p37p100;2002;2.0601676;992;j
RS;bdiinc992j;p37p100;2003;2.0747123;992;j
RS;bdiinc992j;p37p100;2004;2.1407855;992;j
RS;bdiinc992j;p37p100;2005;2.1927106;992;j
RS;bdiinc992j;p37p100;2006;2.2376609;992;j
RS;bdiinc992j;p37p100;2007;2.2406585;992;j
RS;bdiinc992j;p37p100;2008;2.2761912;992;j
RS;bdiinc992j;p37p100;2009;2.3204517;992;j
RS;bdiinc992j;p37p100;2010;2.3961895;992;j
RS;bdiinc992j;p37p100;2011;2.4780145;992;j
RS;bdiinc992j;p37p100;2012;2.521419;992;j
RS;bdiinc992j;p37p100;2013;2.6052778;992;j
RS;bdiinc992j;p37p100;2014;2.5072396;992;j
RS;bdiinc992j;p37p100;2015;2.606209;992;j
RS;bdiinc992j;p37p100;2016;2.6438046;992;j
RS;bdiinc992j;p37p100;2017;2.6496222;992;j
RS;bdiinc992j;p79p100;1990;1.522936;992;j
RS;bdiinc992j;p79p100;1991;1.5195177;992;j
RS;bdiinc992j;p79p100;1992;1.517647;992;j
RS;bdiinc992j;p79p100;1993;1.5198554;992;j
RS;bdiinc992j;p79p100;1994;1.5220872;992;j
RS;bdiinc992j;p79p100;1995;1.524488;992;j
RS;bdiinc992j;p79p100;1996;1.5201356;992;j
RS;bdiinc992j;p79p100;1997;1.5156897;992;j
RS;bdiinc992j;p79p100;1998;1.5495375;992;j
RS;bdiinc992j;p79p100;1999;1.5837247;992;j
RS;bdiinc992j;p79p100;2000;1.6142659;992;j
RS;bdiinc992j;p79p100;2001;1.6416456;992;j
RS;bdiinc992j;p79p100;2002;1.6388512;992;j
RS;bdiinc992j;p79p100;2003;1.6463169;992;j
RS;bdiinc992j;p79p100;2004;1.655965;992;j
RS;bdiinc992j;p79p100;2005;1.683665;992;j
RS;bdiinc992j;p79p100;2006;1.7090853;992;j
RS;bdiinc992j;p79p100;2007;1.6904498;992;j
RS;bdiinc992j;p79p100;2008;1.6795448;992;j
RS;bdiinc992j;p79p100;2009;1.7164392;992;j
RS;bdiinc992j;p79p100;2010;1.7453111;992;j
RS;bdiinc992j;p79p100;2011;1.7733508;992;j
RS;bdiinc992j;p79p100;2012;1.7921994;992;j
RS;bdiinc992j;p79p100;2013;1.7477525;992;j
RS;bdiinc992j;p79p100;2014;1.8349746;992;j
RS;bdiinc992j;p79p100;2015;1.9500974;992;j
RS;bdiinc992j;p79p100;2016;1.9605325;992;j
RS;bdiinc992j;p79p100;2017;1.9619192;992;j
RS;bdiinc992j;p99.95p100;1990;2.1206036;992;j
RS;bdiinc992j;p99.95p100;1991;2.0710268;992;j
RS;bdiinc992j;p99.95p100;1992;2.0039942;992;j
RS;bdiinc992j;p99.95p100;1993;1.9585316;992;j
RS;bdiinc992j;p99.95p100;1994;1.9296194;992;j
RS;bdiinc992j;p99.95p100;1995;1.9050539;992;j
RS;bdiinc992j;p99.95p100;1996;1.8791543;992;j
RS;bdiinc992j;p99.95p100;1997;1.8514714;992;j
RS;bdiinc992j;p99.95p100;1998;1.8815292;992;j
RS;bdiinc992j;p99.95p100;1999;1.9972699;992;j
RS;bdiinc992j;p99.95p100;2000;1.9941182;992;j
RS;bdiinc992j;p99.95p100;2001;2.0882347;992;j
RS;bdiinc992j;p99.95p100;2002;2.0100253;992;j
RS;bdiinc992j;p99.95p100;2003;2.0159903;992;j
RS;bdiinc992j;p99.95p100;2004;2.0209305;992;j
RS;bdiinc992j;p99.95p100;2005;2.0639734;992;j
RS;bdiinc992j;p99.95p100;2006;1.9698853;992;j
RS;bdiinc992j;p99.95p100;2007;1.8780454;992;j
RS;bdiinc992j;p99.95p100;2008;1.7871456;992;j
RS;bdiinc992j;p99.95p100;2009;1.9068179;992;j
RS;bdiinc992j;p99.95p100;2010;1.8493503;992;j
RS;bdiinc992j;p99.95p100;2011;1.8161095;992;j
RS;bdiinc992j;p99.95p100;2012;2.1104202;992;j
RS;bdiinc992j;p99.95p100;2013;1.9134887;992;j
RS;bdiinc992j;p99.95p100;2014;2.4846394;992;j
RS;bdiinc992j;p99.95p100;2015;3.0070529;992;j
RS;bdiinc992j;p99.95p100;2016;3.0091741;992;j
RS;bdiinc992j;p99.95p100;2017;3.0118935;992;j
RS;mgsrhn999i;p0p100;1997;270737047552.0;999;i
RS;mgsrhn999i;p0p100;1998;270471692288.0;999;i
RS;mgsrhn999i;p0p100;1999;285608869888.0;999;i
RS;mgsrhn999i;p0p100;2000;296567275520.0;999;i
RS;mgsrhn999i;p0p100;2001;299535335424.0;999;i
RS;mgsrhn999i;p0p100;2002;301308379136.0;999;i
RS;mgsrhn999i;p0p100;2003;339395608576.0;999;i
RS;mgsrhn999i;p0p100;2004;354973843456.0;999;i
RS;mgsrhn999i;p0p100;2005;379994210304.0;999;i
RS;mgsrhn999i;p0p100;2006;390596231168.0;999;i
RS;mgsrhn999i;p0p100;2007;391334690816.0;999;i
RS;mgsrhn999i;p0p100;2008;393579986944.0;999;i
RS;mgsrhn999i;p0p100;2009;443446558720.0;999;i
RS;mgsrhn999i;p0p100;2010;455320928256.0;999;i
RS;mgsrhn999i;p0p100;2011;443076575232.0;999;i
RS;mpinrx999i;p0p100;2002;18899159040.0;999;i
RS;mpinrx999i;p0p100;2003;15969390592.0;999;i
RS;mpinrx999i;p0p100;2004;16676775936.0;999;i
RS;mpinrx999i;p0p100;2005;21764227072.0;999;i
RS;mpinrx999i;p0p100;2006;33582030848.0;999;i
RS;mpinrx999i;p0p100;2007;69016887296.0;999;i
RS;mpinrx999i;p0p100;2008;65223323648.0;999;i
RS;mpinrx999i;p0p100;2009;53852049408.0;999;i
RS;mpinrx999i;p0p100;2010;50800136192.0;999;i
RS;mpinrx999i;p0p100;2011;58358104064.0;999;i
RS;mpinrx999i;p0p100;2012;77862723584.0;999;i
RS;mpinrx999i;p0p100;2013;66254913536.0;999;i
RS;mpinrx999i;p0p100;2014;71497637888.0;999;i
RS;mpinrx999i;p0p100;2015;78384267264.0;999;i
RS;mpinrx999i;p0p100;2016;62885322752.0;999;i
RS;mpinrx999i;p0p100;2017;51590369280.0;999;i
RS;mpinrx999i;p0p100;2018;44386529280.0;999;i
RS;npopul101m;p0p100;1950;313511.0;101;m
RS;npopul101m;p0p100;1951;301517.0;101;m
RS;npopul101m;p0p100;1952;288432.0;101;m
RS;npopul101m;p0p100;1953;275201.0;101;m
RS;npopul101m;p0p100;1954;266724.0;101;m
RS;npopul101m;p0p100;1955;268077.0;101;m
RS;npopul101m;p0p100;1956;279752.0;101;m
RS;npopul101m;p0p100;1957;300562.0;101;m
RS;npopul101m;p0p100;1958;327444.0;101;m
RS;npopul101m;p0p100;1959;354146.0;101;m
RS;npopul101m;p0p100;1960;375338.0;101;m
RS;npopul101m;p0p100;1961;392916.0;101;m
RS;npopul101m;p0p100;1962;404976.0;101;m
RS;npopul101m;p0p100;1963;412269.0;101;m
RS;npopul101m;p0p100;1964;415313.0;101;m
RS;npopul101m;p0p100;1965;413358.0;101;m
RS;npopul101m;p0p100;1966;405624.0;101;m
RS;npopul101m;p0p100;1967;393159.0;101;m
RS;npopul101m;p0p100;1968;377503.0;101;m
RS;npopul101m;p0p100;1969;362118.0;101;m
RS;npopul101m;p0p100;1970;350388.0;101;m
RS;npopul101m;p0p100;1971;343650.0;101;m
RS;npopul101m;p0p100;1972;340793.0;101;m
RS;npopul101m;p0p100;1973;340858.0;101;m
RS;npopul101m;p0p100;1974;341896.0;101;m
RS;npopul101m;p0p100;1975;342493.0;101;m
RS;npopul101m;p0p100;1976;343967.0;101;m
RS;npopul101m;p0p100;1977;345699.0;101;m
RS;npopul101m;p0p100;1978;347765.0;101;m
RS;npopul101m;p0p100;1979;350466.0;101;m
RS;npopul101m;p0p100;1980;353968.0;101;m
RS;npopul101m;p0p100;1981;358986.0;101;m
RS;npopul101m;p0p100;1982;364580.0;101;m
RS;npopul101m;p0p100;1983;370376.0;101;m
RS;npopul101m;p0p100;1984;375908.0;101;m
RS;npopul101m;p0p100;1985;380839.0;101;m
RS;npopul101m;p0p100;1986;386506.0;101;m
RS;npopul101m;p0p100;1987;391299.0;101;m
RS;npopul101m;p0p100;1988;395399.0;101;m
RS;npopul101m;p0p100;1989;398874.0;101;m
RS;npopul101m;p0p100;1990;401421.0;101;m
RS;npopul101m;p0p100;1991;404129.0;101;m
RS;npopul101m;p0p100;1992;405956.0;101;m
RS;npopul101m;p0p100;1993;406238.0;101;m
RS;npopul101m;p0p100;1994;404597.0;101;m
RS;npopul101m;p0p100;1995;401143.0;101;m
RS;npopul101m;p0p100;1996;393117.0;101;m
RS;npopul101m;p0p100;1997;385339.0;101;m
RS;npopul101m;p0p100;1998;378575.0;101;m
RS;npopul101m;p0p100;1999;293141.0;101;m
RS;npopul101m;p0p100;2000;290022.0;101;m
RS;npopul101m;p0p100;2001;287275.0;101;m
RS;npopul101m;p0p100;2002;282833.0;101;m
RS;npopul101m;p0p100;2003;276283.0;101;m
RS;npopul101m;p0p100;2004;269408.0;101;m
RS;npopul101m;p0p100;2005;262721.0;101;m
RS;npopul101m;p0p100;2006;256472.0;101;m
RS;npopul101m;p0p100;2007;250691.0;101;m
RS;npopul101m;p0p100;2008;245249.0;101;m
RS;npopul101m;p0p100;2009;240287.0;101;m
RS;npopul101m;p0p100;2010;235938.0;101;m
RS;npopul101m;p0p100;2011;232289.0;101;m
RS;npopul101m;p0p100;2012;229968.0;101;m
RS;npopul101m;p0p100;2013;228032.0;101;m
RS;npopul101m;p0p100;2014;226040.0;101;m
RS;npopul101m;p0p100;2015;223603.0;101;m
RS;npopul101m;p0p100;2016;223306.0;101;m
RS;npopul101m;p0p100;2017;222863.0;101;m
RS;npopul101m;p0p100;2018;221490.0;101;m
RS;npopul101m;p0p100;2019;219086.0;101;m
RS;npopul994m;p0p100;1950;709840.0;994;m
RS;npopul994m;p0p100;1951;724911.0;994;m
RS;npopul994m;p0p100;1952;740034.0;994;m
RS;npopul994m;p0p100;1953;751885.0;994;m
RS;npopul994m;p0p100;1954;758786.0;994;m
RS;npopul994m;p0p100;1955;760549.0;994;m
RS;npopul994m;p0p100;1956;755528.0;994;m
RS;npopul994m;p0p100;1957;745644.0;994;m
RS;npopul994m;p0p100;1958;733920.0;994;m
RS;npopul994m;p0p100;1959;724647.0;994;m
RS;npopul994m;p0p100;1960;720533.0;994;m
RS;npopul994m;p0p100;1961;721047.0;994;m
RS;npopul994m;p0p100;1962;725672.0;994;m
RS;npopul994m;p0p100;1963;734407.0;994;m
RS;npopul994m;p0p100;1964;746414.0;994;m
RS;npopul994m;p0p100;1965;760918.0;994;m
RS;npopul994m;p0p100;1966;773503.0;994;m
RS;npopul994m;p0p100;1967;789691.0;994;m
RS;npopul994m;p0p100;1968;809147.0;994;m
RS;npopul994m;p0p100;1969;831366.0;994;m
RS;npopul994m;p0p100;1970;856009.0;994;m
RS;npopul994m;p0p100;1971;881149.0;994;m
RS;npopul994m;p0p100;1972;907903.0;994;m
RS;npopul994m;p0p100;1973;935973.0;994;m
RS;npopul994m;p0p100;1974;965522.0;994;m
RS;npopul994m;p0p100;1975;996259.0;994;m
RS;npopul994m;p0p100;1976;1025136.0;994;m
RS;npopul994m;p0p100;1977;1055327.0;994;m
RS;npopul994m;p0p100;1978;1083928.0;994;m
RS;npopul994m;p0p100;1979;1106777.0;994;m
RS;npopul994m;p0p100;1980;1121649.0;994;m
RS;npopul994m;p0p100;1981;1126030.0;994;m
RS;npopul994m;p0p100;1982;1123439.0;994;m
RS;npopul994m;p0p100;1983;1116907.0;994;m
RS;npopul994m;p0p100;1984;1111070.0;994;m
RS;npopul994m;p0p100;1985;1108864.0;994;m
RS;npopul994m;p0p100;1986;1106609.0;994;m
RS;npopul994m;p0p100;1987;1107527.0;994;m
RS;npopul994m;p0p100;1988;1112319.0;994;m
RS;npopul994m;p0p100;1989;1121428.0;994;m
RS;npopul994m;p0p100;1990;1134834.0;994;m
RS;npopul994m;p0p100;1991;1149457.0;994;m
RS;npopul994m;p0p100;1992;1169619.0;994;m
RS;npopul994m;p0p100;1993;1191617.0;994;m
RS;npopul994m;p0p100;1994;1210088.0;994;m
RS;npopul994m;p0p100;1995;1221552.0;994;m
RS;npopul994m;p0p100;1996;1231902.0;994;m
RS;npopul994m;p0p100;1997;1234013.0;994;m
RS;npopul994m;p0p100;1998;1231510.0;994;m
RS;npopul994m;p0p100;1999;968295.0;994;m
RS;npopul994m;p0p100;2000;977691.0;994;m
RS;npopul994m;p0p100;2001;982996.0;994;m
RS;npopul994m;p0p100;2002;992047.0;994;m
RS;npopul994m;p0p100;2003;999713.0;994;m
RS;npopul994m;p0p100;2004;1005489.0;994;m
RS;npopul994m;p0p100;2005;1006680.0;994;m
RS;npopul994m;p0p100;2006;1002637.0;994;m
RS;npopul994m;p0p100;2007;996207.0;994;m
RS;npopul994m;p0p100;2008;987920.0;994;m
RS;npopul994m;p0p100;2009;979251.0;994;m
RS;npopul994m;p0p100;2010;970625.0;994;m
RS;npopul994m;p0p100;2011;957189.0;994;m
RS;npopul994m;p0p100;2012;946305.0;994;m
RS;npopul994m;p0p100;2013;936199.0;994;m
RS;npopul994m;p0p100;2014;928098.0;994;m
RS;npopul994m;p0p100;2015;922392.0;994;m
RS;npopul994m;p0p100;2016;916881.0;994;m
RS;npopul994m;p0p100;2017;916938.0;994;m
RS;npopul994m;p0p100;2018;918868.0;994;m
RS;npopul994m;p0p100;2019;921534.0;994;m
RS;scainc992j;p15p100;1990;0.97320002;992;j
RS;scainc992j;p15p100;1991;0.97299999;992;j
RS;scainc992j;p15p100;1992;0.97280002;992;j
RS;scainc992j;p15p100;1993;0.97259998;992;j
RS;scainc992j;p15p100;1994;0.97229999;992;j
RS;scainc992j;p15p100;1995;0.972;992;j
RS;scainc992j;p15p100;1996;0.97180003;992;j
RS;scainc992j;p15p100;1997;0.97149998;992;j
RS;scainc992j;p15p100;1998;0.96880001;992;j
RS;scainc992j;p15p100;1999;0.96829998;992;j
RS;scainc992j;p15p100;2000;0.9698;992;j
RS;scainc992j;p15p100;2001;0.97030002;992;j
RS;scainc992j;p15p100;2002;0.97600001;992;j
RS;scainc992j;p15p100;2003;0.97670001;992;j
RS;scainc992j;p15p100;2004;0.98040003;992;j
RS;scainc992j;p15p100;2005;0.98199999;992;j
RS;scainc992j;p15p100;2006;0.98439997;992;j
RS;scainc992j;p15p100;2007;0.98659998;992;j
RS;scainc992j;p15p100;2008;0.98710001;992;j
RS;scainc992j;p15p100;2009;0.98680001;992;j
RS;scainc992j;p15p100;2010;0.9885;992;j
RS;scainc992j;p15p100;2011;0.99040002;992;j
RS;scainc992j;p15p100;2012;0.99199998;992;j
RS;scainc992j;p15p100;2013;0.98720002;992;j
RS;scainc992j;p15p100;2014;0.97619998;992;j
RS;scainc992j;p15p100;2015;0.98339999;992;j
RS;scainc992j;p15p100;2016;0.98329997;992;j
RS;scainc992j;p15p100;2017;0.98339999;992;j
RS;scainc992j;p16p17;1990;0.003;992;j
RS;scainc992j;p16p17;1991;0.003;992;j
RS;scainc992j;p16p17;1992;0.0031000001;992;j
RS;scainc992j;p16p17;1993;0.0031000001;992;j
RS;scainc992j;p16p17;1994;0.0031999999;992;j
RS;scainc992j;p16p17;1995;0.0033;992;j
RS;scainc992j;p16p17;1996;0.0033;992;j
RS;scainc992j;p16p17;1997;0.0034;992;j
RS;scainc992j;p16p17;1998;0.0035999999;992;j
RS;scainc992j;p16p17;1999;0.0037;992;j
RS;scainc992j;p16p17;2000;0.0035999999;992;j
RS;scainc992j;p16p17;2001;0.0035000001;992;j
RS;scainc992j;p16p17;2002;0.0031999999;992;j
RS;scainc992j;p16p17;2003;0.0031000001;992;j
RS;scainc992j;p16p17;2004;0.0027999999;992;j
RS;scainc992j;p16p17;2005;0.0026;992;j
RS;scainc992j;p16p17;2006;0.0023000001;992;j
RS;scainc992j;p16p17;2007;0.0022;992;j
RS;scainc992j;p16p17;2008;0.0020999999;992;j
RS;scainc992j;p16p17;2009;0.0020000001;992;j
RS;scainc992j;p16p17;2010;0.0017;992;j
RS;scainc992j;p16p17;2011;0.0015;992;j
RS;scainc992j;p16p17;2012;0.0014;992;j
RS;scainc992j;p16p17;2013;0.0013;992;j
RS;scainc992j;p16p17;2014;0.0020000001;992;j
RS;scainc992j;p16p17;2015;0.0015;992;j
RS;scainc992j;p16p17;2016;0.0015;992;j
RS;scainc992j;p16p17;2017;0.0015;992;j
RS;scainc992j;p99.992p99.993;1990;0.0005;992;j
RS;scainc992j;p99.992p99.993;1991;0.0004;992;j
RS;scainc992j;p99.992p99.993;1992;0.0004;992;j
RS;scainc992j;p99.992p99.993;1993;0.0004;992;j
RS;scainc992j;p99.992p99.993;1994;0.0004;992;j
RS;scainc992j;p99.992p99.993;1995;0.0004;992;j
RS;scainc992j;p99.992p99.993;1996;0.0004;992;j
RS;scainc992j;p99.992p99.993;1997;0.0004;992;j
RS;scainc992j;p99.992p99.993;1998;0.0004;992;j
RS;scainc992j;p99.992p99.993;1999;0.0004;992;j
RS;scainc992j;p99.992p99.993;2000;0.0005;992;j
RS;scainc992j;p99.992p99.993;2001;0.0005;992;j
RS;scainc992j;p99.992p99.993;2002;0.0005;992;j
RS;scainc992j;p99.992p99.993;2003;0.0005;992;j
RS;scainc992j;p99.992p99.993;2004;0.0005;992;j
RS;scainc992j;p99.992p99.993;2005;0.0006;992;j
RS;scainc992j;p99.992p99.993;2006;0.0005;992;j
RS;scainc992j;p99.992p99.993;2007;0.0005;992;j
RS;scainc992j;p99.992p99.993;2008;0.0004;992;j
RS;scainc992j;p99.992p99.993;2009;0.0005;992;j
RS;scainc992j;p99.992p99.993;2010;0.0005;992;j
RS;scainc992j;p99.992p99.993;2011;0.0005;992;j
RS;scainc992j;p99.992p99.993;2012;0.0007;992;j
RS;scainc992j;p99.992p99.993;2013;0.0006;992;j
RS;scainc992j;p99.992p99.993;2014;0.0009;992;j
RS;scainc992j;p99.992p99.993;2015;0.0013;992;j
RS;scainc992j;p99.992p99.993;2016;0.0013;992;j
RS;scainc992j;p99.992p99.993;2017;0.0013;992;j
RS;sdiinc992j;p43p44;1990;0.0074999998;992;j
RS;sdiinc992j;p43p44;1991;0.0076000001;992;j
RS;sdiinc992j;p43p44;1992;0.0076000001;992;j
RS;sdiinc992j;p43p44;1993;0.0076000001;992;j
RS;sdiinc992j;p43p44;1994;0.0076000001;992;j
RS;sdiinc992j;p43p44;1995;0.0076000001;992;j
RS;sdiinc992j;p43p44;1996;0.0077;992;j
RS;sdiinc992j;p43p44;1997;0.0077;992;j
RS;sdiinc992j;p43p44;1998;0.0074999998;992;j
RS;sdiinc992j;p43p44;1999;0.0074;992;j
RS;sdiinc992j;p43p44;2000;0.0074;992;j
RS;sdiinc992j;p43p44;2001;0.0074;992;j
RS;sdiinc992j;p43p44;2002;0.0074;992;j
RS;sdiinc992j;p43p44;2003;0.0073000002;992;j
RS;sdiinc992j;p43p44;2004;0.0073000002;992;j
RS;sdiinc992j;p43p44;2005;0.0071;992;j
RS;sdiinc992j;p43p44;2006;0.0070000002;992;j
RS;sdiinc992j;p43p44;2007;0.0070000002;992;j
RS;sdiinc992j;p43p44;2008;0.0070000002;992;j
RS;sdiinc992j;p43p44;2009;0.0068999999;992;j
RS;sdiinc992j;p43p44;2010;0.0066999998;992;j
RS;sdiinc992j;p43p44;2011;0.0066;992;j
RS;sdiinc992j;p43p44;2012;0.0065000001;992;j
RS;sdiinc992j;p43p44;2013;0.0065000001;992;j
RS;sdiinc992j;p43p44;2014;0.0065000001;992;j
RS;sdiinc992j;p43p44;2015;0.0063;992;j
RS;sdiinc992j;p43p44;2016;0.0063;992;j
RS;sdiinc992j;p43p44;2017;0.0063;992;j
RS;sdiinc992j;p50p60;1990;0.091799997;992;j
RS;sdiinc992j;p50p60;1991;0.092;992;j
RS;sdiinc992j;p50p60;1992;0.092;992;j
RS;sdiinc992j;p50p60;1993;0.092;992;j
RS;sdiinc992j;p50p60;1994;0.092;992;j
RS;sdiinc992j;p50p60;1995;0.092;992;j
RS;sdiinc992j;p50p60;1996;0.092100002;992;j
RS;sdiinc992j;p50p60;1997;0.092299998;992;j
RS;sdiinc992j;p50p60;1998;0.091200002;992;j
RS;sdiinc992j;p50p60;1999;0.0902;992;j
RS;sdiinc992j;p50p60;2000;0.089599997;992;j
RS;sdiinc992j;p50p60;2001;0.089000002;992;j
RS;sdiinc992j;p50p60;2002;0.089100003;992;j
RS;sdiinc992j;p50p60;2003;0.088699996;992;j
RS;sdiinc992j;p50p60;2004;0.088399999;992;j
RS;sdiinc992j;p50p60;2005;0.087300003;992;j
RS;sdiinc992j;p50p60;2006;0.086800002;992;j
RS;sdiinc992j;p50p60;2007;0.087399997;992;j
RS;sdiinc992j;p50p60;2008;0.087099999;992;j
RS;sdiinc992j;p50p60;2009;0.086300001;992;j
RS;sdiinc992j;p50p60;2010;0.085100003;992;j
RS;sdiinc992j;p50p60;2011;0.084299996;992;j
RS;sdiinc992j;p50p60;2012;0.0836;992;j
RS;sdiinc992j;p50p60;2013;0.0836;992;j
RS;sdiinc992j;p50p60;2014;0.082099997;992;j
RS;sdiinc992j;p50p60;2015;0.080600001;992;j
RS;sdiinc992j;p50p60;2016;0.080399998;992;j
RS;sdiinc992j;p50p60;2017;0.080300003;992;j
RS;sdiinc992j;p7p8;1990;0.0023000001;992;j
RS;sdiinc992j;p7p8;1991;0.0023000001;992;j
RS;sdiinc992j;p7p8;1992;0.0024000001;992;j
RS;sdiinc992j;p7p8;1993;0.0024000001;992;j
RS;sdiinc992j;p7p8;1994;0.0024000001;992;j
RS;sdiinc992j;p7p8;1995;0.0024999999;992;j
RS;sdiinc992j;p7p8;1996;0.0024999999;992;j
RS;sdiinc992j;p7p8;1997;0.0024999999;992;j
RS;sdiinc992j;p7p8;1998;0.0026;992;j
RS;sdiinc992j;p7p8;1999;0.0026;992;j
RS;sdiinc992j;p7p8;2000;0.0024999999;992;j
RS;sdiinc992j;p7p8;2001;0.0024999999;992;j
RS;sdiinc992j;p7p8;2002;0.0020999999;992;j
RS;sdiinc992j;p7p8;2003;0.0022;992;j
RS;sdiinc992j;p7p8;2004;0.0019;992;j
RS;sdiinc992j;p7p8;2005;0.0018;992;j
RS;sdiinc992j;p7p8;2006;0.0016;992;j
RS;sdiinc992j;p7p8;2007;0.0015;992;j
RS;sdiinc992j;p7p8;2008;0.0015;992;j
RS;sdiinc992j;p7p8;2009;0.0015;992;j
RS;sdiinc992j;p7p8;2010;0.0014;992;j
RS;sdiinc992j;p7p8;2011;0.0013;992;j
RS;sdiinc992j;p7p8;2012;0.0012000001;992;j
RS;sdiinc992j;p7p8;2013;0.0015;992;j
RS;sdiinc992j;p7p8;2014;0.0022;992;j
RS;sdiinc992j;p7p8;2015;0.0018;992;j
RS;sdiinc992j;p7p8;2016;0.0017;992;j
RS;sdiinc992j;p7p8;2017;0.0017;992;j
RS;sdiinc992j;p99.996p99.997;1990;0.0007;992;j
RS;sdiinc992j;p99.996p99.997;1991;0.0006;992;j
RS;sdiinc992j;p99.996p99.997;1992;0.0006;992;j
RS;sdiinc992j;p99.996p99.997;1993;0.0006;992;j
RS;sdiinc992j;p99.996p99.997;1994;0.0005;992;j
RS;sdiinc992j;p99.996p99.997;1995;0.0005;992;j
RS;sdiinc992j;p99.996p99.997;1996;0.0005;992;j
RS;sdiinc992j;p99.996p99.997;1997;0.0005;992;j
RS;sdiinc992j;p99.996p99.997;1998;0.0005;992;j
RS;sdiinc992j;p99.996p99.997;1999;0.0006;992;j
RS;sdiinc992j;p99.996p99.997;2000;0.0007;992;j
RS;sdiinc992j;p99.996p99.997;2001;0.0007;992;j
RS;sdiinc992j;p99.996p99.997;2002;0.0007;992;j
RS;sdiinc992j;p99.996p99.997;2003;0.0007;992;j
RS;sdiinc992j;p99.996p99.997;2004;0.0007;992;j
RS;sdiinc992j;p99.996p99.997;2005;0.0008;992;j
RS;sdiinc992j;p99.996p99.997;2006;0.0007;992;j
RS;sdiinc992j;p99.996p99.997;2007;0.0006;992;j
RS;sdiinc992j;p99.996p99.997;2008;0.0006;992;j
RS;sdiinc992j;p99.996p99.997;2009;0.0007;992;j
RS;sdiinc992j;p99.996p99.997;2010;0.0007;992;j
RS;sdiinc992j;p99.996p99.997;2011;0.0006;992;j
RS;sdiinc992j;p99.996p99.997;2012;0.001;992;j
RS;sdiinc992j;p99.996p99.997;2013;0.0007;992;j
RS;sdiinc992j;p99.996p99.997;2014;0.0013;992;j
RS;sdiinc992j;p99.996p99.997;2015;0.0020000001;992;j
RS;sdiinc992j;p99.996p99.997;2016;0.0020000001;992;j
RS;sdiinc992j;p99.996p99.997;2017;0.0020000001;992;j
RS;sptinc992j;p18p100;1990;0.9666;992;j
RS;sptinc992j;p18p100;1991;0.96649998;992;j
RS;sptinc992j;p18p100;1992;0.96640003;992;j
RS;sptinc992j;p18p100;1993;0.96619999;992;j
RS;sptinc992j;p18p100;1994;0.96609998;992;j
RS;sptinc992j;p18p100;1995;0.96609998;992;j
RS;sptinc992j;p18p100;1996;0.9659;992;j
RS;sptinc992j;p18p100;1997;0.9659;992;j
RS;sptinc992j;p18p100;1998;0.963;992;j
RS;sptinc992j;p18p100;1999;0.96270001;992;j
RS;sptinc992j;p18p100;2000;0.96340001;992;j
RS;sptinc992j;p18p100;2001;0.963;992;j
RS;sptinc992j;p18p100;2002;0.96799999;992;j
RS;sptinc992j;p18p100;2003;0.96950001;992;j
RS;sptinc992j;p18p100;2004;0.97219998;992;j
RS;sptinc992j;p18p100;2005;0.97460002;992;j
RS;sptinc992j;p18p100;2006;0.97780001;992;j
RS;sptinc992j;p18p100;2007;0.98030001;992;j
RS;sptinc992j;p18p100;2008;0.98329997;992;j
RS;sptinc992j;p18p100;2009;0.98509997;992;j
RS;sptinc992j;p18p100;2010;0.98650002;992;j
RS;sptinc992j;p18p100;2011;0.98869997;992;j
RS;sptinc992j;p18p100;2012;0.98949999;992;j
RS;sptinc992j;p18p100;2013;0.99089998;992;j
RS;sptinc992j;p18p100;2014;0.991;992;j
RS;sptinc992j;p18p100;2015;0.99080002;992;j
RS;sptinc992j;p18p100;2016;0.99070001;992;j
RS;sptinc992j;p18p100;2017;0.99080002;992;j
RS;sptinc992j;p23p24;1990;0.0038999999;992;j
RS;sptinc992j;p23p24;1991;0.0038999999;992;j
RS;sptinc992j;p23p24;1992;0.0038999999;992;j
RS;sptinc992j;p23p24;1993;0.0038999999;992;j
RS;sptinc992j;p23p24;1994;0.0038999999;992;j
RS;sptinc992j;p23p24;1995;0.0038999999;992;j
RS;sptinc992j;p23p24;1996;0.0038999999;992;j
RS;sptinc992j;p23p24;1997;0.0038999999;992;j
RS;sptinc992j;p23p24;1998;0.0040000002;992;j
RS;sptinc992j;p23p24;1999;0.0040000002;992;j
RS;sptinc992j;p23p24;2000;0.0038999999;992;j
RS;sptinc992j;p23p24;2001;0.0038999999;992;j
RS;sptinc992j;p23p24;2002;0.0037;992;j
RS;sptinc992j;p23p24;2003;0.0035999999;992;j
RS;sptinc992j;p23p24;2004;0.0034;992;j
RS;sptinc992j;p23p24;2005;0.0031999999;992;j
RS;sptinc992j;p23p24;2006;0.0031000001;992;j
RS;sptinc992j;p23p24;2007;0.003;992;j
RS;sptinc992j;p23p24;2008;0.0027999999;992;j
RS;sptinc992j;p23p24;2009;0.0027000001;992;j
RS;sptinc992j;p23p24;2010;0.0026;992;j
RS;sptinc992j;p23p24;2011;0.0023000001;992;j
RS;sptinc992j;p23p24;2012;0.0020999999;992;j
RS;sptinc992j;p23p24;2013;0.0020999999;992;j
RS;sptinc992j;p23p24;2014;0.0019;992;j
RS;sptinc992j;p23p24;2015;0.0020999999;992;j
RS;sptinc992j;p23p24;2016;0.0020999999;992;j
RS;sptinc992j;p23p24;2017;0.0020999999;992;j
RS;sptinc992j;p36p100;1990;0.88380003;992;j
RS;sptinc992j;p36p100;1991;0.88389999;992;j
RS;sptinc992j;p36p100;1992;0.884;992;j
RS;sptinc992j;p36p100;1993;0.88410002;992;j
RS;sptinc992j;p36p100;1994;0.88410002;992;j
RS;sptinc992j;p36p100;1995;0.88429999;992;j
RS;sptinc992j;p36p100;1996;0.88419998;992;j
RS;sptinc992j;p36p100;1997;0.88429999;992;j
RS;sptinc992j;p36p100;1998;0.8804;992;j
RS;sptinc992j;p36p100;1999;0.88050002;992;j
RS;sptinc992j;p36p100;2000;0.88260001;992;j
RS;sptinc992j;p36p100;2001;0.88260001;992;j
RS;sptinc992j;p36p100;2002;0.89050001;992;j
RS;sptinc992j;p36p100;2003;0.89380002;992;j
RS;sptinc992j;p36p100;2004;0.89960003;992;j
RS;sptinc992j;p36p100;2005;0.90469998;992;j
RS;sptinc992j;p36p100;2006;0.9109;992;j
RS;sptinc992j;p36p100;2007;0.91390002;992;j
RS;sptinc992j;p36p100;2008;0.91979998;992;j
RS;sptinc992j;p36p100;2009;0.92390001;992;j
RS;sptinc992j;p36p100;2010;0.9285;992;j
RS;sptinc992j;p36p100;2011;0.93540001;992;j
RS;sptinc992j;p36p100;2012;0.93769997;992;j
RS;sptinc992j;p36p100;2013;0.9393;992;j
RS;sptinc992j;p36p100;2014;0.94169998;992;j
RS;sptinc992j;p36p100;2015;0.93830001;992;j
RS;sptinc992j;p36p100;2016;0.93830001;992;j
RS;sptinc992j;p36p100;2017;0.93839997;992;j
RS;sptinc992j;p66p100;1990;0.634;992;j
RS;sptinc992j;p66p100;1991;0.63529998;992;j
RS;sptinc992j;p66p100;1992;0.63639998;992;j
RS;sptinc992j;p66p100;1993;0.6376;992;j
RS;sptinc992j;p66p100;1994;0.63880002;992;j
RS;sptinc992j;p66p100;1995;0.63999999;992;j
RS;sptinc992j;p66p100;1996;0.64069998;992;j
RS;sptinc992j;p66p100;1997;0.6415;992;j
RS;sptinc992j;p66p100;1998;0.64090002;992;j
RS;sptinc992j;p66p100;1999;0.6419;992;j
RS;sptinc992j;p66p100;2000;0.64700001;992;j
RS;sptinc992j;p66p100;2001;0.64880002;992;j
RS;sptinc992j;p66p100;2002;0.65750003;992;j
RS;sptinc992j;p66p100;2003;0.66140002;992;j
RS;sptinc992j;p66p100;2004;0.67079997;992;j
RS;sptinc992j;p66p100;2005;0.67900002;992;j
RS;sptinc992j;p66p100;2006;0.68550003;992;j
RS;sptinc992j;p66p100;2007;0.6864;992;j
RS;sptinc992j;p66p100;2008;0.6929;992;j
RS;sptinc992j;p66p100;2009;0.69779998;992;j
RS;sptinc992j;p66p100;2010;0.7069;992;j
RS;sptinc992j;p66p100;2011;0.71740001;992;j
RS;sptinc992j;p66p100;2012;0.71939999;992;j
RS;sptinc992j;p66p100;2013;0.71740001;992;j
RS;sptinc992j;p66p100;2014;0.72640002;992;j
RS;sptinc992j;p66p100;2015;0.71820003;992;j
RS;sptinc992j;p66p100;2016;0.71829998;992;j
RS;sptinc992j;p66p100;2017;0.71850002;992;j
RS;sptinc992j;p95p100;1990;0.2015;992;j
RS;sptinc992j;p95p100;1991;0.2036;992;j
RS;sptinc992j;p95p100;1992;0.20559999;992;j
RS;sptinc992j;p95p100;1993;0.2077;992;j
RS;sptinc992j;p95p100;1994;0.2098;992;j
RS;sptinc992j;p95p100;1995;0.212;992;j
RS;sptinc992j;p95p100;1996;0.2133;992;j
RS;sptinc992j;p95p100;1997;0.2146;992;j
RS;sptinc992j;p95p100;1998;0.2166;992;j
RS;sptinc992j;p95p100;1999;0.2211;992;j
RS;sptinc992j;p95p100;2000;0.2299;992;j
RS;sptinc992j;p95p100;2001;0.23459999;992;j
RS;sptinc992j;p95p100;2002;0.23800001;992;j
RS;sptinc992j;p95p100;2003;0.23909999;992;j
RS;sptinc992j;p95p100;2004;0.24590001;992;j
RS;sptinc992j;p95p100;2005;0.24969999;992;j
RS;sptinc992j;p95p100;2006;0.2525;992;j
RS;sptinc992j;p95p100;2007;0.24529999;992;j
RS;sptinc992j;p95p100;2008;0.24789999;992;j
RS;sptinc992j;p95p100;2009;0.25029999;992;j
RS;sptinc992j;p95p100;2010;0.25830001;992;j
RS;sptinc992j;p95p100;2011;0.26570001;992;j
RS;sptinc992j;p95p100;2012;0.26089999;992;j
RS;sptinc992j;p95p100;2013;0.25850001;992;j
RS;sptinc992j;p95p100;2014;0.27849999;992;j
RS;sptinc992j;p95p100;2015;0.2719;992;j
RS;sptinc992j;p95p100;2016;0.2721;992;j
RS;sptinc992j;p95p100;2017;0.27239999;992;j
RS;sptinc992j;p99.7p99.8;1990;0.0083999997;992;j
RS;sptinc992j;p99.7p99.8;1991;0.0085000005;992;j
RS;sptinc992j;p99.7p99.8;1992;0.0087000001;992;j
RS;sptinc992j;p99.7p99.8;1993;0.0088;992;j
RS;sptinc992j;p99.7p99.8;1994;0.0088999998;992;j
RS;sptinc992j;p99.7p99.8;1995;0.0089999996;992;j
RS;sptinc992j;p99.7p99.8;1996;0.0091000004;992;j
RS;sptinc992j;p99.7p99.8;1997;0.0092000002;992;j
RS;sptinc992j;p99.7p99.8;1998;0.0093;992;j
RS;sptinc992j;p99.7p99.8;1999;0.0096000005;992;j
RS;sptinc992j;p99.7p99.8;2000;0.0101;992;j
RS;sptinc992j;p99.7p99.8;2001;0.0105;992;j
RS;sptinc992j;p99.7p99.8;2002;0.0106;992;j
RS;sptinc992j;p99.7p99.8;2003;0.0106;992;j
RS;sptinc992j;p99.7p99.8;2004;0.0109;992;j
RS;sptinc992j;p99.7p99.8;2005;0.0111;992;j
RS;sptinc992j;p99.7p99.8;2006;0.0112;992;j
RS;sptinc992j;p99.7p99.8;2007;0.0107;992;j
RS;sptinc992j;p99.7p99.8;2008;0.0108;992;j
RS;sptinc992j;p99.7p99.8;2009;0.0109;992;j
RS;sptinc992j;p99.7p99.8;2010;0.0113;992;j
RS;sptinc992j;p99.7p99.8;2011;0.0117;992;j
RS;sptinc992j;p99.7p99.8;2012;0.0113;992;j
RS;sptinc992j;p99.7p99.8;2013;0.0112;992;j
RS;sptinc992j;p99.7p99.8;2014;0.0126;992;j
RS;sptinc992j;p99.7p99.8;2015;0.0122;992;j
RS;sptinc992j;p99.7p99.8;2016;0.0122;992;j
RS;sptinc992j;p99.7p99.8;2017;0.0122;992;j
RS;sptinc992j;p9p100;1990;0.98940003;992;j
RS;sptinc992j;p9p100;1991;0.98930001;992;j
RS;sptinc992j;p9p100;1992;0.9892;992;j
RS;sptinc992j;p9p100;1993;0.98909998;992;j
RS;sptinc992j;p9p100;1994;0.98900002;992;j
RS;sptinc992j;p9p100;1995;0.98890001;992;j
RS;sptinc992j;p9p100;1996;0.98879999;992;j
RS;sptinc992j;p9p100;1997;0.98869997;992;j
RS;sptinc992j;p9p100;1998;0.98750001;992;j
RS;sptinc992j;p9p100;1999;0.98729998;992;j
RS;sptinc992j;p9p100;2000;0.98750001;992;j
RS;sptinc992j;p9p100;2001;0.9874;992;j
RS;sptinc992j;p9p100;2002;0.98970002;992;j
RS;sptinc992j;p9p100;2003;0.9903;992;j
RS;sptinc992j;p9p100;2004;0.99110001;992;j
RS;sptinc992j;p9p100;2005;0.99180001;992;j
RS;sptinc992j;p9p100;2006;0.99290001;992;j
RS;sptinc992j;p9p100;2007;0.99370003;992;j
RS;sptinc992j;p9p100;2008;0.99470001;992;j
RS;sptinc992j;p9p100;2009;0.99529999;992;j
RS;sptinc992j;p9p100;2010;0.99559999;992;j
RS;sptinc992j;p9p100;2011;0.99629998;992;j
RS;sptinc992j;p9p100;2012;0.9964;992;j
RS;sptinc992j;p9p100;2013;0.99699998;992;j
RS;sptinc992j;p9p100;2014;0.99699998;992;j
RS;sptinc992j;p9p100;2015;0.99690002;992;j
RS;sptinc992j;p9p100;2016;0.99690002;992;j
RS;sptinc992j;p9p100;2017;0.99699998;992;j
RS;tcainc992j;p1p2;1990;47305.398;992;j
RS;tcainc992j;p1p2;1991;38794.398;992;j
RS;tcainc992j;p1p2;1992;24242.801;992;j
RS;tcainc992j;p1p2;1993;14154.2;992;j
RS;tcainc992j;p1p2;1994;12614.6;992;j
RS;tcainc992j;p1p2;1995;11109.4;992;j
RS;tcainc992j;p1p2;1996;8972.7998;992;j
RS;tcainc992j;p1p2;1997;7095.2998;992;j
RS;tcainc992j;p1p2;1998;8884.2998;992;j
RS;tcainc992j;p1p2;1999;12081.5;992;j
RS;tcainc992j;p1p2;2000;9372.5996;992;j
RS;tcainc992j;p1p2;2001;8434.0996;992;j
RS;tcainc992j;p1p2;2002;3334.3;992;j
RS;tcainc992j;p1p2;2003;8704.4004;992;j
RS;tcainc992j;p1p2;2004;10366.5;992;j
RS;tcainc992j;p1p2;2005;12416.6;992;j
RS;tcainc992j;p1p2;2006;13036.0;992;j
RS;tcainc992j;p1p2;2007;11308.5;992;j
RS;tcainc992j;p1p2;2008;14748.9;992;j
RS;tcainc992j;p1p2;2009;17497.6;992;j
RS;tcainc992j;p1p2;2010;17069.6;992;j
RS;tcainc992j;p1p2;2011;14669.9;992;j
RS;tcainc992j;p1p2;2012;11348.7;992;j
RS;tcainc992j;p1p2;2013;31934.199;992;j
RS;tcainc992j;p1p2;2014;70244.5;992;j
RS;tcainc992j;p1p2;2015;46764.699;992;j
RS;tcainc992j;p1p2;2016;48537.0;992;j
RS;tcainc992j;p1p2;2017;48500.301;992;j
RS;tcainc992j;p91p92;1990;940635.0;992;j
RS;tcainc992j;p91p92;1991;815618.38;992;j
RS;tcainc992j;p91p92;1992;557472.88;992;j
RS;tcainc992j;p91p92;1993;360062.31;992;j
RS;tcainc992j;p91p92;1994;369634.69;992;j
RS;tcainc992j;p91p92;1995;388779.19;992;j
RS;tcainc992j;p91p92;1996;390978.41;992;j
RS;tcainc992j;p91p92;1997;411505.0;992;j
RS;tcainc992j;p91p92;1998;452254.09;992;j
RS;tcainc992j;p91p92;1999;513231.59;992;j
RS;tcainc992j;p91p92;2000;553509.69;992;j
RS;tcainc992j;p91p92;2001;538302.88;992;j
RS;tcainc992j;p91p92;2002;570132.38;992;j
RS;tcainc992j;p91p92;2003;611565.69;992;j
RS;tcainc992j;p91p92;2004;751113.31;992;j
RS;tcainc992j;p91p92;2005;867817.88;992;j
RS;tcainc992j;p91p92;2006;927514.0;992;j
RS;tcainc992j;p91p92;2007;937034.88;992;j
RS;tcainc992j;p91p92;2008;1011667.4;992;j
RS;tcainc992j;p91p92;2009;1002303.6;992;j
RS;tcainc992j;p91p92;2010;1033924.4;992;j
RS;tcainc992j;p91p92;2011;1066467.4;992;j
RS;tcainc992j;p91p92;2012;1031748.1;992;j
RS;tcainc992j;p91p92;2013;1073227.8;992;j
RS;tcainc992j;p91p92;2014;994666.13;992;j
RS;tcainc992j;p91p92;2015;982874.38;992;j
RS;tcainc992j;p91p92;2016;1019424.0;992;j
RS;tcainc992j;p91p92;2017;1020476.1;992;j
RS;tdiinc992j;p0p99;1990;101963.0;992;j
RS;tdiinc992j;p0p99;1991;81602.5;992;j
RS;tdiinc992j;p0p99;1992;51248.398;992;j
RS;tdiinc992j;p0p99;1993;30259.301;992;j
RS;tdiinc992j;p0p99;1994;28125.6;992;j
RS;tdiinc992j;p0p99;1995;26834.199;992;j
RS;tdiinc992j;p0p99;1996;23933.6;992;j
RS;tdiinc992j;p0p99;1997;22526.9;992;j
RS;tdiinc992j;p0p99;1998;20437.5;992;j
RS;tdiinc992j;p0p99;1999;19383.4;992;j
RS;tdiinc992j;p0p99;2000;19660.199;992;j
RS;tdiinc992j;p0p99;2001;20134.801;992;j
RS;tdiinc992j;p0p99;2002;22968.801;992;j
RS;tdiinc992j;p0p99;2003;33898.301;992;j
RS;tdiinc992j;p0p99;2004;38763.898;992;j
RS;tdiinc992j;p0p99;2005;42251.0;992;j
RS;tdiinc992j;p0p99;2006;47391.301;992;j
RS;tdiinc992j;p0p99;2007;-16191392.0;992;j
RS;tdiinc992j;p0p99;2008;-25787228.0;992;j
RS;tdiinc992j;p0p99;2009;61857.199;992;j
RS;tdiinc992j;p0p99;2010;63306.301;992;j
RS;tdiinc992j;p0p99;2011;59805.898;992;j
RS;tdiinc992j;p0p99;2012;59081.301;992;j
RS;tdiinc992j;p0p99;2013;35009.602;992;j
RS;tdiinc992j;p0p99;2014;77358.602;992;j
RS;tdiinc992j;p0p99;2015;68211.5;992;j
RS;tdiinc992j;p0p99;2016;60703.898;992;j
RS;tdiinc992j;p0p99;2017;58708.301;992;j
RS;tdiinc992j;p66p67;1990;807282.13;992;j
RS;tdiinc992j;p66p67;1991;699411.31;992;j
RS;tdiinc992j;p66p67;1992;478567.09;992;j
RS;tdiinc992j;p66p67;1993;309601.81;992;j
RS;tdiinc992j;p66p67;1994;318054.19;992;j
RS;tdiinc992j;p66p67;1995;334825.91;992;j
RS;tdiinc992j;p66p67;1996;337230.81;992;j
RS;tdiinc992j;p66p67;1997;357113.31;992;j
RS;tdiinc992j;p66p67;1998;374149.19;992;j
RS;tdiinc992j;p66p67;1999;406110.5;992;j
RS;tdiinc992j;p66p67;2000;439423.59;992;j
RS;tdiinc992j;p66p67;2001;436843.31;992;j
RS;tdiinc992j;p66p67;2002;473839.31;992;j
RS;tdiinc992j;p66p67;2003;498022.81;992;j
RS;tdiinc992j;p66p67;2004;561339.81;992;j
RS;tdiinc992j;p66p67;2005;619542.63;992;j
RS;tdiinc992j;p66p67;2006;655968.81;992;j
RS;tdiinc992j;p66p67;2007;680343.38;992;j
RS;tdiinc992j;p66p67;2008;726408.88;992;j
RS;tdiinc992j;p66p67;2009;707850.0;992;j
RS;tdiinc992j;p66p67;2010;705836.31;992;j
RS;tdiinc992j;p66p67;2011;706123.38;992;j
RS;tdiinc992j;p66p67;2012;701544.69;992;j
RS;tdiinc992j;p66p67;2013;731439.13;992;j
RS;tdiinc992j;p66p67;2014;693232.88;992;j
RS;tdiinc992j;p66p67;2015;675807.19;992;j
RS;tdiinc992j;p66p67;2016;696615.69;992;j
RS;tdiinc992j;p66p67;2017;700738.13;992;j
RS;tdiinc992j;p76p100;1990;957999.88;992;j
RS;tdiinc992j;p76p100;1991;829321.69;992;j
RS;tdiinc992j;p76p100;1992;566662.38;992;j
RS;tdiinc992j;p76p100;1993;366778.09;992;j
RS;tdiinc992j;p76p100;1994;376895.09;992;j
RS;tdiinc992j;p76p100;1995;396524.41;992;j
RS;tdiinc992j;p76p100;1996;399193.59;992;j
RS;tdiinc992j;p76p100;1997;422901.0;992;j
RS;tdiinc992j;p76p100;1998;440701.19;992;j
RS;tdiinc992j;p76p100;1999;478075.09;992;j
RS;tdiinc992j;p76p100;2000;519416.19;992;j
RS;tdiinc992j;p76p100;2001;514390.59;992;j
RS;tdiinc992j;p76p100;2002;559190.31;992;j
RS;tdiinc992j;p76p100;2003;588396.31;992;j
RS;tdiinc992j;p76p100;2004;668989.5;992;j
RS;tdiinc992j;p76p100;2005;743476.38;992;j
RS;tdiinc992j;p76p100;2006;784064.81;992;j
RS;tdiinc992j;p76p100;2007;820330.88;992;j
RS;tdiinc992j;p76p100;2008;874223.63;992;j
RS;tdiinc992j;p76p100;2009;857656.81;992;j
RS;tdiinc992j;p76p100;2010;860036.38;992;j
RS;tdiinc992j;p76p100;2011;863851.63;992;j
RS;tdiinc992j;p76p100;2012;858890.13;992;j
RS;tdiinc992j;p76p100;2013;903559.31;992;j
RS;tdiinc992j;p76p100;2014;842882.81;992;j
RS;tdiinc992j;p76p100;2015;821881.31;992;j
RS;tdiinc992j;p76p100;2016;849029.69;992;j
RS;tdiinc992j;p76p100;2017;854089.88;992;j
RS;tdiinc992j;p99.994p99.995;1990;36014244.0;992;j
RS;tdiinc992j;p99.994p99.995;1991;29763462.0;992;j
RS;tdiinc992j;p99.994p99.995;1992;19132392.0;992;j
RS;tdiinc992j;p99.994p99.995;1993;11928051.0;992;j
RS;tdiinc992j;p99.994p99.995;1994;11945828.0;992;j
RS;tdiinc992j;p99.994p99.995;1995;12312703.0;992;j
RS;tdiinc992j;p99.994p99.995;1996;11967864.0;992;j
RS;tdiinc992j;p99.994p99.995;1997;12179901.0;992;j
RS;tdiinc992j;p99.994p99.995;1998;13697529.0;992;j
RS;tdiinc992j;p99.994p99.995;1999;17857268.0;992;j
RS;tdiinc992j;p99.994p99.995;2000;20798314.0;992;j
RS;tdiinc992j;p99.994p99.995;2001;23373706.0;992;j
RS;tdiinc992j;p99.994p99.995;2002;24037418.0;992;j
RS;tdiinc992j;p99.994p99.995;2003;25034170.0;992;j
RS;tdiinc992j;p99.994p99.995;2004;28634020.0;992;j
RS;tdiinc992j;p99.994p99.995;2005;34186320.0;992;j
RS;tdiinc992j;p99.994p99.995;2006;34212380.0;992;j
RS;tdiinc992j;p99.994p99.995;2007;31258078.0;992;j
RS;tdiinc992j;p99.994p99.995;2008;30191770.0;992;j
RS;tdiinc992j;p99.994p99.995;2009;35214844.0;992;j
RS;tdiinc992j;p99.994p99.995;2010;34238064.0;992;j
RS;tdiinc992j;p99.994p99.995;2011;34126188.0;992;j
RS;tdiinc992j;p99.994p99.995;2012;48239484.0;992;j
RS;tdiinc992j;p99.994p99.995;2013;39417760.0;992;j
RS;tdiinc992j;p99.994p99.995;2014;63553740.0;992;j
RS;tdiinc992j;p99.994p99.995;2015;93097224.0;992;j
RS;tdiinc992j;p99.994p99.995;2016;97248496.0;992;j
RS;tdiinc992j;p99.994p99.995;2017;98087688.0;992;j
RS;tptinc992j;p31p32;1990;395094.31;992;j
RS;tptinc992j;p31p32;1991;342429.69;992;j
RS;tptinc992j;p31p32;1992;234037.59;992;j
RS;tptinc992j;p31p32;1993;151638.09;992;j
RS;tptinc992j;p31p32;1994;156200.3;992;j
RS;tptinc992j;p31p32;1995;164456.5;992;j
RS;tptinc992j;p31p32;1996;165801.59;992;j
RS;tptinc992j;p31p32;1997;175805.09;992;j
RS;tptinc992j;p31p32;1998;183309.5;992;j
RS;tptinc992j;p31p32;1999;199972.5;992;j
RS;tptinc992j;p31p32;2000;217182.91;992;j
RS;tptinc992j;p31p32;2001;215918.7;992;j
RS;tptinc992j;p31p32;2002;228001.0;992;j
RS;tptinc992j;p31p32;2003;233345.41;992;j
RS;tptinc992j;p31p32;2004;254528.2;992;j
RS;tptinc992j;p31p32;2005;275164.19;992;j
RS;tptinc992j;p31p32;2006;279507.69;992;j
RS;tptinc992j;p31p32;2007;292223.31;992;j
RS;tptinc992j;p31p32;2008;301475.09;992;j
RS;tptinc992j;p31p32;2009;288510.19;992;j
RS;tptinc992j;p31p32;2010;277134.31;992;j
RS;tptinc992j;p31p32;2011;260099.8;992;j
RS;tptinc992j;p31p32;2012;257976.7;992;j
RS;tptinc992j;p31p32;2013;268030.69;992;j
RS;tptinc992j;p31p32;2014;249465.59;992;j
RS;tptinc992j;p31p32;2015;267203.81;992;j
RS;tptinc992j;p31p32;2016;275382.81;992;j
RS;tptinc992j;p31p32;2017;276699.59;992;j
RS;tptinc992j;p41p42;1990;503451.41;992;j
RS;tptinc992j;p41p42;1991;434073.0;992;j
RS;tptinc992j;p41p42;1992;294921.09;992;j
RS;tptinc992j;p41p42;1993;189624.91;992;j
RS;tptinc992j;p41p42;1994;193749.2;992;j
RS;tptinc992j;p41p42;1995;203043.09;992;j
RS;tptinc992j;p41p42;1996;203482.2;992;j
RS;tptinc992j;p41p42;1997;214545.7;992;j
RS;tptinc992j;p41p42;1998;220726.8;992;j
RS;tptinc992j;p41p42;1999;241761.8;992;j
RS;tptinc992j;p41p42;2000;262947.81;992;j
RS;tptinc992j;p41p42;2001;261490.41;992;j
RS;tptinc992j;p41p42;2002;278344.59;992;j
RS;tptinc992j;p41p42;2003;291056.69;992;j
RS;tptinc992j;p41p42;2004;321775.91;992;j
RS;tptinc992j;p41p42;2005;352196.5;992;j
RS;tptinc992j;p41p42;2006;367534.41;992;j
RS;tptinc992j;p41p42;2007;381296.41;992;j
RS;tptinc992j;p41p42;2008;401983.0;992;j
RS;tptinc992j;p41p42;2009;393284.31;992;j
RS;tptinc992j;p41p42;2010;386091.69;992;j
RS;tptinc992j;p41p42;2011;375387.81;992;j
RS;tptinc992j;p41p42;2012;371983.81;992;j
RS;tptinc992j;p41p42;2013;385739.41;992;j
RS;tptinc992j;p41p42;2014;366175.31;992;j
RS;tptinc992j;p41p42;2015;380979.59;992;j
RS;tptinc992j;p41p42;2016;392796.41;992;j
RS;tptinc992j;p41p42;2017;395069.09;992;j
RS;tptinc992j;p59p60;1990;696095.5;992;j
RS;tptinc992j;p59p60;1991;602117.88;992;j
RS;tptinc992j;p59p60;1992;410669.0;992;j
RS;tptinc992j;p59p60;1993;265053.41;992;j
RS;tptinc992j;p59p60;1994;272296.59;992;j
RS;tptinc992j;p59p60;1995;285806.59;992;j
RS;tptinc992j;p59p60;1996;287108.81;992;j
RS;tptinc992j;p59p60;1997;303693.0;992;j
RS;tptinc992j;p59p60;1998;316796.81;992;j
RS;tptinc992j;p59p60;1999;345858.09;992;j
RS;tptinc992j;p59p60;2000;375446.09;992;j
RS;tptinc992j;p59p60;2001;370730.59;992;j
RS;tptinc992j;p59p60;2002;398738.19;992;j
RS;tptinc992j;p59p60;2003;419595.5;992;j
RS;tptinc992j;p59p60;2004;464677.5;992;j
RS;tptinc992j;p59p60;2005;514054.81;992;j
RS;tptinc992j;p59p60;2006;544133.38;992;j
RS;tptinc992j;p59p60;2007;566955.69;992;j
RS;tptinc992j;p59p60;2008;606116.31;992;j
RS;tptinc992j;p59p60;2009;593630.0;992;j
RS;tptinc992j;p59p60;2010;586518.38;992;j
RS;tptinc992j;p59p60;2011;580713.69;992;j
RS;tptinc992j;p59p60;2012;582117.38;992;j
RS;tptinc992j;p59p60;2013;606546.81;992;j
RS;tptinc992j;p59p60;2014;579280.63;992;j
RS;tptinc992j;p59p60;2015;595129.63;992;j
RS;tptinc992j;p59p60;2016;613286.38;992;j
RS;tptinc992j;p59p60;2017;616799.13;992;j
RS;tptinc992j;p68p69;1990;835703.5;992;j
RS;tptinc992j;p68p69;1991;722074.81;992;j
RS;tptinc992j;p68p69;1992;492414.09;992;j
RS;tptinc992j;p68p69;1993;317811.5;992;j
RS;tptinc992j;p68p69;1994;325859.81;992;j
RS;tptinc992j;p68p69;1995;342082.59;992;j
RS;tptinc992j;p68p69;1996;343702.41;992;j
RS;tptinc992j;p68p69;1997;363110.81;992;j
RS;tptinc992j;p68p69;1998;380113.41;992;j
RS;tptinc992j;p68p69;1999;411625.31;992;j
RS;tptinc992j;p68p69;2000;445819.69;992;j
RS;tptinc992j;p68p69;2001;442171.81;992;j
RS;tptinc992j;p68p69;2002;479076.59;992;j
RS;tptinc992j;p68p69;2003;503389.91;992;j
RS;tptinc992j;p68p69;2004;560284.81;992;j
RS;tptinc992j;p68p69;2005;620928.31;992;j
RS;tptinc992j;p68p69;2006;660253.19;992;j
RS;tptinc992j;p68p69;2007;693917.31;992;j
RS;tptinc992j;p68p69;2008;744213.31;992;j
RS;tptinc992j;p68p69;2009;728448.88;992;j
RS;tptinc992j;p68p69;2010;721466.19;992;j
RS;tptinc992j;p68p69;2011;722346.13;992;j
RS;tptinc992j;p68p69;2012;729557.38;992;j
RS;tptinc992j;p68p69;2013;756485.38;992;j
RS;tptinc992j;p68p69;2014;723333.31;992;j
RS;tptinc992j;p68p69;2015;731944.69;992;j
RS;tptinc992j;p68p69;2016;754358.31;992;j
RS;tptinc992j;p68p69;2017;758328.69;992;j
RS;tptinc992j;p99.1p100;1990;3377691.8;992;j
RS;tptinc992j;p99.1p100;1991;2956691.8;992;j
RS;tptinc992j;p99.1p100;1992;2044889.5;992;j
RS;tptinc992j;p99.1p100;1993;1336712.6;992;j
RS;tptinc992j;p99.1p100;1994;1392159.4;992;j
RS;tptinc992j;p99.1p100;1995;1482365.5;992;j
RS;tptinc992j;p99.1p100;1996;1500298.6;992;j
RS;tptinc992j;p99.1p100;1997;1595962.8;992;j
RS;tptinc992j;p99.1p100;1998;1702740.9;992;j
RS;tptinc992j;p99.1p100;1999;1894808.4;992;j
RS;tptinc992j;p99.1p100;2000;2170649.0;992;j
RS;tptinc992j;p99.1p100;2001;2198326.0;992;j
RS;tptinc992j;p99.1p100;2002;2418386.8;992;j
RS;tptinc992j;p99.1p100;2003;2559911.5;992;j
RS;tptinc992j;p99.1p100;2004;2966738.0;992;j
RS;tptinc992j;p99.1p100;2005;3386765.8;992;j
RS;tptinc992j;p99.1p100;2006;3614175.8;992;j
RS;tptinc992j;p99.1p100;2007;3625958.3;992;j
RS;tptinc992j;p99.1p100;2008;3894872.8;992;j
RS;tptinc992j;p99.1p100;2009;3874033.8;992;j
RS;tptinc992j;p99.1p100;2010;4058751.8;992;j
RS;tptinc992j;p99.1p100;2011;4178497.8;992;j
RS;tptinc992j;p99.1p100;2012;4209192.0;992;j
RS;tptinc992j;p99.1p100;2013;4216815.0;992;j
RS;tptinc992j;p99.1p100;2014;4261313.0;992;j
RS;tptinc992j;p99.1p100;2015;4173628.8;992;j
RS;tptinc992j;p99.1p100;2016;4305933.0;992;j
RS;tptinc992j;p99.1p100;2017;4337557.0;992;j
RS;tptinc992j;p99.91p99.92;1990;10173788.0;992;j
RS;tptinc992j;p99.91p99.92;1991;9004503.0;992;j
RS;tptinc992j;p99.91p99.92;1992;6270134.0;992;j
RS;tptinc992j;p99.91p99.92;1993;4143049.3;992;j
RS;tptinc992j;p99.91p99.92;1994;4339663.0;992;j
RS;tptinc992j;p99.91p99.92;1995;4668991.5;992;j
RS;tptinc992j;p99.91p99.92;1996;4762477.0;992;j
RS;tptinc992j;p99.91p99.92;1997;5108395.5;992;j
RS;tptinc992j;p99.91p99.92;1998;5413607.0;992;j
RS;tptinc992j;p99.91p99.92;1999;6196841.0;992;j
RS;tptinc992j;p99.91p99.92;2000;7245823.0;992;j
RS;tptinc992j;p99.91p99.92;2001;7539675.5;992;j
RS;tptinc992j;p99.91p99.92;2002;8163495.5;992;j
RS;tptinc992j;p99.91p99.92;2003;8516168.0;992;j
RS;tptinc992j;p99.91p99.92;2004;9894787.0;992;j
RS;tptinc992j;p99.91p99.92;2005;11055281.0;992;j
RS;tptinc992j;p99.91p99.92;2006;11804727.0;992;j
RS;tptinc992j;p99.91p99.92;2007;11493593.0;992;j
RS;tptinc992j;p99.91p99.92;2008;12426069.0;992;j
RS;tptinc992j;p99.91p99.92;2009;12238499.0;992;j
RS;tptinc992j;p99.91p99.92;2010;12577247.0;992;j
RS;tptinc992j;p99.91p99.92;2011;13124058.0;992;j
RS;tptinc992j;p99.91p99.92;2012;12074945.0;992;j
RS;tptinc992j;p99.91p99.92;2013;12548758.0;992;j
RS;tptinc992j;p99.91p99.92;2014;14926899.0;992;j
RS;tptinc992j;p99.91p99.92;2015;14503284.0;992;j
RS;tptinc992j;p99.91p99.92;2016;14967576.0;992;j
RS;tptinc992j;p99.91p99.92;2017;15079963.0;992;j
RS;acainc992j;p35p100;1990;703439.69;992;j
RS;acainc992j;p35p100;1991;609638.81;992;j
RS;acainc992j;p35p100;1992;416632.41;992;j
RS;acainc992j;p35p100;1993;269644.69;992;j
RS;acainc992j;p35p100;1994;277147.59;992;j
RS;acainc992j;p35p100;1995;291926.19;992;j
RS;acainc992j;p35p100;1996;293628.81;992;j
RS;acainc992j;p35p100;1997;309131.5;992;j
RS;acainc992j;p35p100;1998;337363.91;992;j
RS;acainc992j;p35p100;1999;385244.5;992;j
RS;acainc992j;p35p100;2000;418953.09;992;j
RS;acainc992j;p35p100;2001;408804.91;992;j
RS;acainc992j;p35p100;2002;431793.19;992;j
RS;acainc992j;p35p100;2003;456288.09;992;j
RS;acainc992j;p35p100;2004;550685.69;992;j
RS;acainc992j;p35p100;2005;629424.63;992;j
RS;acainc992j;p35p100;2006;669040.63;992;j
RS;acainc992j;p35p100;2007;670509.88;992;j
RS;acainc992j;p35p100;2008;720799.13;992;j
RS;acainc992j;p35p100;2009;715741.88;992;j
RS;acainc992j;p35p100;2010;724811.88;992;j
RS;acainc992j;p35p100;2011;737968.5;992;j
RS;acainc992j;p35p100;2012;738020.13;992;j
RS;acainc992j;p35p100;2013;757426.63;992;j
RS;acainc992j;p35p100;2014;727920.0;992;j
RS;acainc992j;p35p100;2015;746206.81;992;j
RS;acainc992j;p35p100;2016;773843.0;992;j
RS;acainc992j;p35p100;2017;774594.31;992;j
RS;acainc992j;p45p100;1990;765964.69;992;j
RS;acainc992j;p45p100;1991;663514.63;992;j
RS;acainc992j;p45p100;1992;453252.19;992;j
RS;acainc992j;p45p100;1993;293245.0;992;j
RS;acainc992j;p45p100;1994;301291.59;992;j
RS;acainc992j;p45p100;1995;317245.69;992;j
RS;acainc992j;p45p100;1996;318917.69;992;j
RS;acainc992j;p45p100;1997;335568.69;992;j
RS;acainc992j;p45p100;1998;366941.41;992;j
RS;acainc992j;p45p100;1999;419137.5;992;j
RS;acainc992j;p45p100;2000;456242.69;992;j
RS;acainc992j;p45p100;2001;445369.59;992;j
RS;acainc992j;p45p100;2002;471371.91;992;j
RS;acainc992j;p45p100;2003;498437.91;992;j
RS;acainc992j;p45p100;2004;602862.69;992;j
RS;acainc992j;p45p100;2005;690430.88;992;j
RS;acainc992j;p45p100;2006;735210.5;992;j
RS;acainc992j;p45p100;2007;737351.31;992;j
RS;acainc992j;p45p100;2008;793497.0;992;j
RS;acainc992j;p45p100;2009;788876.0;992;j
RS;acainc992j;p45p100;2010;801012.31;992;j
RS;acainc992j;p45p100;2011;817228.88;992;j
RS;acainc992j;p45p100;2012;818579.13;992;j
RS;acainc992j;p45p100;2013;841143.0;992;j
RS;acainc992j;p45p100;2014;806845.81;992;j
RS;acainc992j;p45p100;2015;829233.13;992;j
RS;acainc992j;p45p100;2016;859937.69;992;j
RS;acainc992j;p45p100;2017;860801.13;992;j
RS;acainc992j;p81p82;1990;760634.63;992;j
RS;acainc992j;p81p82;1991;657667.69;992;j
RS;acainc992j;p81p82;1992;448774.09;992;j
RS;acainc992j;p81p82;1993;289604.91;992;j
RS;acainc992j;p81p82;1994;296697.09;992;j
RS;acainc992j;p81p82;1995;311617.59;992;j
RS;acainc992j;p81p82;1996;312975.5;992;j
RS;acainc992j;p81p82;1997;328953.81;992;j
RS;acainc992j;p81p82;1998;354535.69;992;j
RS;acainc992j;p81p82;1999;401205.81;992;j
RS;acainc992j;p81p82;2000;431257.0;992;j
RS;acainc992j;p81p82;2001;416678.19;992;j
RS;acainc992j;p81p82;2002;442937.59;992;j
RS;acainc992j;p81p82;2003;468461.0;992;j
RS;acainc992j;p81p82;2004;568508.13;992;j
RS;acainc992j;p81p82;2005;649303.38;992;j
RS;acainc992j;p81p82;2006;688512.63;992;j
RS;acainc992j;p81p82;2007;696777.0;992;j
RS;acainc992j;p81p82;2008;755549.81;992;j
RS;acainc992j;p81p82;2009;745458.69;992;j
RS;acainc992j;p81p82;2010;758434.0;992;j
RS;acainc992j;p81p82;2011;771019.63;992;j
RS;acainc992j;p81p82;2012;767418.31;992;j
RS;acainc992j;p81p82;2013;810184.19;992;j
RS;acainc992j;p81p82;2014;736373.5;992;j
RS;acainc992j;p81p82;2015;725884.0;992;j
RS;acainc992j;p81p82;2016;752745.13;992;j
RS;acainc992j;p81p82;2017;753391.38;992;j
RS;acainc992j;p93p100;1990;1708103.9;992;j
RS;acainc992j;p93p100;1991;1473591.8;992;j
RS;acainc992j;p93p100;1992;1004190.7;992;j
RS;acainc992j;p93p100;1993;650269.88;992;j
RS;acainc992j;p93p100;1994;668276.13;992;j
RS;acainc992j;p93p100;1995;704101.81;992;j
RS;acainc992j;p93p100;1996;705001.63;992;j
RS;acainc992j;p93p100;1997;738825.88;992;j
RS;acainc992j;p93p100;1998;821520.19;992;j
RS;acainc992j;p93p100;1999;962631.63;992;j
RS;acainc992j;p93p100;2000;1081398.4;992;j
RS;acainc992j;p93p100;2001;1077272.1;992;j
RS;acainc992j;p93p100;2002;1151857.6;992;j
RS;acainc992j;p93p100;2003;1213946.0;992;j
RS;acainc992j;p93p100;2004;1477359.8;992;j
RS;acainc992j;p93p100;2005;1722530.8;992;j
RS;acainc992j;p93p100;2006;1858319.3;992;j
RS;acainc992j;p93p100;2007;1839274.4;992;j
RS;acainc992j;p93p100;2008;1981714.4;992;j
RS;acainc992j;p93p100;2009;2006921.8;992;j
RS;acainc992j;p93p100;2010;2075398.9;992;j
RS;acainc992j;p93p100;2011;2148032.0;992;j
RS;acainc992j;p93p100;2012;2207129.0;992;j
RS;acainc992j;p93p100;2013;2208125.5;992;j
RS;acainc992j;p93p100;2014;2220814.8;992;j
RS;acainc992j;p93p100;2015;2460248.5;992;j
RS;acainc992j;p93p100;2016;2551586.0;992;j
RS;acainc992j;p93p100;2017;2555121.0;992;j
RS;acainc992j;p99.6p100;1990;6452204.5;992;j
RS;acainc992j;p99.6p100;1991;5448853.5;992;j
RS;acainc992j;p99.6p100;1992;3614572.5;992;j
RS;acainc992j;p99.6p100;1993;2304808.0;992;j
RS;acainc992j;p99.6p100;1994;2343463.5;992;j
RS;acainc992j;p99.6p100;1995;2447687.3;992;j
RS;acainc992j;p99.6p100;1996;2416103.0;992;j
RS;acainc992j;p99.6p100;1997;2493764.8;992;j
RS;acainc992j;p99.6p100;1998;2833769.8;992;j
RS;acainc992j;p99.6p100;1999;3564759.5;992;j
RS;acainc992j;p99.6p100;2000;4119626.8;992;j
RS;acainc992j;p99.6p100;2001;4322847.0;992;j
RS;acainc992j;p99.6p100;2002;4517173.0;992;j
RS;acainc992j;p99.6p100;2003;4715683.0;992;j
RS;acainc992j;p99.6p100;2004;5714498.0;992;j
RS;acainc992j;p99.6p100;2005;6814263.5;992;j
RS;acainc992j;p99.6p100;2006;7133360.5;992;j
RS;acainc992j;p99.6p100;2007;6700276.0;992;j
RS;acainc992j;p99.6p100;2008;6914220.0;992;j
RS;acainc992j;p99.6p100;2009;7501167.0;992;j
RS;acainc992j;p99.6p100;2010;7574503.0;992;j
RS;acainc992j;p99.6p100;2011;7735648.5;992;j
RS;acainc992j;p99.6p100;2012;9320789.0;992;j
RS;acainc992j;p99.6p100;2013;8421851.0;992;j
RS;acainc992j;p99.6p100;2014;10819765.0;992;j
RS;acainc992j;p99.6p100;2015;14391067.0;992;j
RS;acainc992j;p99.6p100;2016;14929636.0;992;j
RS;acainc992j;p99.6p100;2017;14959873.0;992;j
RS;acainc992j;p99.997p99.998;1990;43826172.0;992;j
RS;acainc992j;p99.997p99.998;1991;35836796.0;992;j
RS;acainc992j;p99.997p99.998;1992;22690476.0;992;j
RS;acainc992j;p99.997p99.998;1993;13990548.0;992;j
RS;acainc992j;p99.997p99.998;1994;13908020.0;992;j
RS;acainc992j;p99.997p99.998;1995;14241640.0;992;j
RS;acainc992j;p99.997p99.998;1996;13748859.0;992;j
RS;acainc992j;p99.997p99.998;1997;13847247.0;992;j
RS;acainc992j;p99.997p99.998;1998;16159976.0;992;j
RS;acainc992j;p99.997p99.998;1999;22334074.0;992;j
RS;acainc992j;p99.997p99.998;2000;25854216.0;992;j
RS;acainc992j;p99.997p99.998;2001;29016772.0;992;j
RS;acainc992j;p99.997p99.998;2002;28770444.0;992;j
RS;acainc992j;p99.997p99.998;2003;30121410.0;992;j
RS;acainc992j;p99.997p99.998;2004;36600024.0;992;j
RS;acainc992j;p99.997p99.998;2005;44991168.0;992;j
RS;acainc992j;p99.997p99.998;2006;44063960.0;992;j
RS;acainc992j;p99.997p99.998;2007;38365952.0;992;j
RS;acainc992j;p99.997p99.998;2008;36403340.0;992;j
RS;acainc992j;p99.997p99.998;2009;44074004.0;992;j
RS;acainc992j;p99.997p99.998;2010;42353124.0;992;j
RS;acainc992j;p99.997p99.998;2011;41947940.0;992;j
RS;acainc992j;p99.997p99.998;2012;63805240.0;992;j
RS;acainc992j;p99.997p99.998;2013;49850900.0;992;j
RS;acainc992j;p99.997p99.998;2014;89761800.0;992;j
RS;acainc992j;p99.997p99.998;2015;140478352.0;992;j
RS;acainc992j;p99.997p99.998;2016;145777808.0;992;j
RS;acainc992j;p99.997p99.998;2017;146158032.0;992;j
RS;adiinc992j;p33p100;1990;963906.19;992;j
RS;adiinc992j;p33p100;1991;835672.38;992;j
RS;adiinc992j;p33p100;1992;571323.81;992;j
RS;adiinc992j;p33p100;1993;369878.5;992;j
RS;adiinc992j;p33p100;1994;380281.31;992;j
RS;adiinc992j;p33p100;1995;400673.69;992;j
RS;adiinc992j;p33p100;1996;403134.91;992;j
RS;adiinc992j;p33p100;1997;426387.0;992;j
RS;adiinc992j;p33p100;1998;447401.91;992;j
RS;adiinc992j;p33p100;1999;491109.19;992;j
RS;adiinc992j;p33p100;2000;540089.0;992;j
RS;adiinc992j;p33p100;2001;539402.69;992;j
RS;adiinc992j;p33p100;2002;585001.13;992;j
RS;adiinc992j;p33p100;2003;616000.88;992;j
RS;adiinc992j;p33p100;2004;699785.31;992;j
RS;adiinc992j;p33p100;2005;783126.19;992;j
RS;adiinc992j;p33p100;2006;832454.19;992;j
RS;adiinc992j;p33p100;2007;860272.19;992;j
RS;adiinc992j;p33p100;2008;918546.5;992;j
RS;adiinc992j;p33p100;2009;905601.0;992;j
RS;adiinc992j;p33p100;2010;914408.81;992;j
RS;adiinc992j;p33p100;2011;924878.69;992;j
RS;adiinc992j;p33p100;2012;923824.13;992;j
RS;adiinc992j;p33p100;2013;948079.5;992;j
RS;adiinc992j;p33p100;2014;911138.38;992;j
RS;adiinc992j;p33p100;2015;930220.13;992;j
RS;adiinc992j;p33p100;2016;962236.38;992;j
RS;adiinc992j;p33p100;2017;968337.69;992;j
RS;aptinc992j;p30p100;1990;963809.13;992;j
RS;aptinc992j;p30p100;1991;836683.81;992;j
RS;aptinc992j;p30p100;1992;572819.38;992;j
RS;aptinc992j;p30p100;1993;371363.91;992;j
RS;aptinc992j;p30p100;1994;382369.19;992;j
RS;aptinc992j;p30p100;1995;403456.31;992;j
RS;aptinc992j;p30p100;1996;406565.81;992;j
RS;aptinc992j;p30p100;1997;430882.69;992;j
RS;aptinc992j;p30p100;1998;451041.81;992;j
RS;aptinc992j;p30p100;1999;493866.31;992;j
RS;aptinc992j;p30p100;2000;544011.81;992;j
RS;aptinc992j;p30p100;2001;543033.38;992;j
RS;aptinc992j;p30p100;2002;588974.5;992;j
RS;aptinc992j;p30p100;2003;620481.5;992;j
RS;aptinc992j;p30p100;2004;702165.5;992;j
RS;aptinc992j;p30p100;2005;786682.19;992;j
RS;aptinc992j;p30p100;2006;835232.5;992;j
RS;aptinc992j;p30p100;2007;865010.13;992;j
RS;aptinc992j;p30p100;2008;925787.31;992;j
RS;aptinc992j;p30p100;2009;912738.88;992;j
RS;aptinc992j;p30p100;2010;918661.88;992;j
RS;aptinc992j;p30p100;2011;926989.38;992;j
RS;aptinc992j;p30p100;2012;927880.88;992;j
RS;aptinc992j;p30p100;2013;951945.31;992;j
RS;aptinc992j;p30p100;2014;934376.63;992;j
RS;aptinc992j;p30p100;2015;939045.13;992;j
RS;aptinc992j;p30p100;2016;968071.38;992;j
RS;aptinc992j;p30p100;2017;973940.5;992;j
RS;aptinc992j;p36p37;1990;453628.09;992;j
RS;aptinc992j;p36p37;1991;392100.41;992;j
RS;aptinc992j;p36p37;1992;267282.0;992;j
RS;aptinc992j;p36p37;1993;172542.2;992;j
RS;aptinc992j;p36p37;1994;176970.09;992;j
RS;aptinc992j;p36p37;1995;185928.3;992;j
RS;aptinc992j;p36p37;1996;186865.09;992;j
RS;aptinc992j;p36p37;1997;197482.59;992;j
RS;aptinc992j;p36p37;1998;203075.41;992;j
RS;aptinc992j;p36p37;1999;222348.5;992;j
RS;aptinc992j;p36p37;2000;241575.0;992;j
RS;aptinc992j;p36p37;2001;239726.3;992;j
RS;aptinc992j;p36p37;2002;255296.5;992;j
RS;aptinc992j;p36p37;2003;266361.0;992;j
RS;aptinc992j;p36p37;2004;293436.31;992;j
RS;aptinc992j;p36p37;2005;318871.69;992;j
RS;aptinc992j;p36p37;2006;331956.41;992;j
RS;aptinc992j;p36p37;2007;345267.81;992;j
RS;aptinc992j;p36p37;2008;358791.41;992;j
RS;aptinc992j;p36p37;2009;347531.09;992;j
RS;aptinc992j;p36p37;2010;337018.59;992;j
RS;aptinc992j;p36p37;2011;324107.91;992;j
RS;aptinc992j;p36p37;2012;321485.81;992;j
RS;aptinc992j;p36p37;2013;332800.81;992;j
RS;aptinc992j;p36p37;2014;311003.19;992;j
RS;aptinc992j;p36p37;2015;329218.0;992;j
RS;aptinc992j;p36p37;2016;339344.59;992;j
RS;aptinc992j;p36p37;2017;340954.5;992;j
RS;aptinc992j;p57p100;1990;1236995.9;992;j
RS;aptinc992j;p57p100;1991;1075130.8;992;j
RS;aptinc992j;p57p100;1992;736911.69;992;j
RS;aptinc992j;p57p100;1993;478302.0;992;j
RS;aptinc992j;p57p100;1994;493044.81;992;j
RS;aptinc992j;p57p100;1995;520859.41;992;j
RS;aptinc992j;p57p100;1996;525275.13;992;j
RS;aptinc992j;p57p100;1997;557132.5;992;j
RS;aptinc992j;p57p100;1998;585142.63;992;j
RS;aptinc992j;p57p100;1999;641134.69;992;j
RS;aptinc992j;p57p100;2000;708683.19;992;j
RS;aptinc992j;p57p100;2001;708297.69;992;j
RS;aptinc992j;p57p100;2002;771182.69;992;j
RS;aptinc992j;p57p100;2003;814459.81;992;j
RS;aptinc992j;p57p100;2004;926685.63;992;j
RS;aptinc992j;p57p100;2005;1044002.5;992;j
RS;aptinc992j;p57p100;2006;1112003.4;992;j
RS;aptinc992j;p57p100;2007;1150253.3;992;j
RS;aptinc992j;p57p100;2008;1235568.9;992;j
RS;aptinc992j;p57p100;2009;1221178.6;992;j
RS;aptinc992j;p57p100;2010;1236919.8;992;j
RS;aptinc992j;p57p100;2011;1256267.5;992;j
RS;aptinc992j;p57p100;2012;1258514.5;992;j
RS;aptinc992j;p57p100;2013;1287793.9;992;j
RS;aptinc992j;p57p100;2014;1273772.4;992;j
RS;aptinc992j;p57p100;2015;1271560.3;992;j
RS;aptinc992j;p57p100;2016;1310933.8;992;j
RS;aptinc992j;p57p100;2017;1319091.0;992;j
RS;aptinc992j;p86p100;1990;1933378.0;992;j
RS;aptinc992j;p86p100;1991;1687671.8;992;j
RS;aptinc992j;p86p100;1992;1161434.8;992;j
RS;aptinc992j;p86p100;1993;756963.88;992;j
RS;aptinc992j;p86p100;1994;783539.5;992;j
RS;aptinc992j;p86p100;1995;831314.38;992;j
RS;aptinc992j;p86p100;1996;840533.69;992;j
RS;aptinc992j;p86p100;1997;893775.19;992;j
RS;aptinc992j;p86p100;1998;945058.88;992;j
RS;aptinc992j;p86p100;1999;1043667.7;992;j
RS;aptinc992j;p86p100;2000;1172380.3;992;j
RS;aptinc992j;p86p100;2001;1181508.0;992;j
RS;aptinc992j;p86p100;2002;1289248.3;992;j
RS;aptinc992j;p86p100;2003;1367644.8;992;j
RS;aptinc992j;p86p100;2004;1575801.5;992;j
RS;aptinc992j;p86p100;2005;1790456.5;992;j
RS;aptinc992j;p86p100;2006;1911104.3;992;j
RS;aptinc992j;p86p100;2007;1951281.8;992;j
RS;aptinc992j;p86p100;2008;2097383.3;992;j
RS;aptinc992j;p86p100;2009;2083485.8;992;j
RS;aptinc992j;p86p100;2010;2140534.0;992;j
RS;aptinc992j;p86p100;2011;2197005.8;992;j
RS;aptinc992j;p86p100;2012;2179163.5;992;j
RS;aptinc992j;p86p100;2013;2213154.0;992;j
RS;aptinc992j;p86p100;2014;2246264.8;992;j
RS;aptinc992j;p86p100;2015;2231823.3;992;j
RS;aptinc992j;p86p100;2016;2301563.5;992;j
RS;aptinc992j;p86p100;2017;2316806.3;992;j
RS;aptinc992j;p99.94p99.95;1990;13050117.0;992;j
RS;aptinc992j;p99.94p99.95;1991;11579654.0;992;j
RS;aptinc992j;p99.94p99.95;1992;8072260.5;992;j
RS;aptinc992j;p99.94p99.95;1993;5346741.5;992;j
RS;aptinc992j;p99.94p99.95;1994;5604017.0;992;j
RS;aptinc992j;p99.94p99.95;1995;6042538.0;992;j
RS;aptinc992j;p99.94p99.95;1996;6175231.0;992;j
RS;aptinc992j;p99.94p99.95;1997;6637727.5;992;j
RS;aptinc992j;p99.94p99.95;1998;7014553.0;992;j
RS;aptinc992j;p99.94p99.95;1999;8078503.5;992;j
RS;aptinc992j;p99.94p99.95;2000;9470865.0;992;j
RS;aptinc992j;p99.94p99.95;2001;9914861.0;992;j
RS;aptinc992j;p99.94p99.95;2002;10682994.0;992;j
RS;aptinc992j;p99.94p99.95;2003;11109331.0;992;j
RS;aptinc992j;p99.94p99.95;2004;12907802.0;992;j
RS;aptinc992j;p99.94p99.95;2005;14337259.0;992;j
RS;aptinc992j;p99.94p99.95;2006;15311409.0;992;j
RS;aptinc992j;p99.94p99.95;2007;14828100.0;992;j
RS;aptinc992j;p99.94p99.95;2008;16057512.0;992;j
RS;aptinc992j;p99.94p99.95;2009;15774167.0;992;j
RS;aptinc992j;p99.94p99.95;2010;16095514.0;992;j
RS;aptinc992j;p99.94p99.95;2011;16847236.0;992;j
RS;aptinc992j;p99.94p99.95;2012;15114923.0;992;j
RS;aptinc992j;p99.94p99.95;2013;15881339.0;992;j
RS;aptinc992j;p99.94p99.95;2014;19683096.0;992;j
RS;aptinc992j;p99.94p99.95;2015;19122802.0;992;j
RS;aptinc992j;p99.94p99.95;2016;19735312.0;992;j
RS;aptinc992j;p99.94p99.95;2017;19882374.0;992;j
RS;bdiinc992j;p50p100;1990;1.7727995;992;j
RS;bdiinc992j;p50p100;1991;1.764599;992;j
RS;bdiinc992j;p50p100;1992;1.7577708;992;j
RS;bdiinc992j;p50p100;1993;1.7515094;992;j
RS;bdiinc992j;p50p100;1994;1.7452022;992;j
RS;bdiinc992j;p50p100;1995;1.7412615;992;j
RS;bdiinc992j;p50p100;1996;1.7326517;992;j
RS;bdiinc992j;p50p100;1997;1.7236078;992;j
RS;bdiinc992j;p50p100;1998;1.771642;992;j
RS;bdiinc992j;p50p100;1999;1.7880343;992;j
RS;bdiinc992j;p50p100;2000;1.7994839;992;j
RS;bdiinc992j;p50p100;2001;1.8128467;992;j
RS;bdiinc992j;p50p100;2002;1.8309594;992;j
RS;bdiinc992j;p50p100;2003;1.8564875;992;j
RS;bdiinc992j;p50p100;2004;1.8852663;992;j
RS;bdiinc992j;p50p100;2005;1.9393848;992;j
RS;bdiinc992j;p50p100;2006;1.973956;992;j
RS;bdiinc992j;p50p100;2007;1.9700168;992;j
RS;bdiinc992j;p50p100;2008;1.9862643;992;j
RS;bdiinc992j;p50p100;2009;2.0132442;992;j
RS;bdiinc992j;p50p100;2010;2.0730052;992;j
RS;bdiinc992j;p50p100;2011;2.1232166;992;j
RS;bdiinc992j;p50p100;2012;2.1602457;992;j
RS;bdiinc992j;p50p100;2013;2.1525776;992;j
RS;bdiinc992j;p50p100;2014;2.1556287;992;j
RS;bdiinc992j;p50p100;2015;2.2072668;992;j
RS;bdiinc992j;p50p100;2016;2.2285385;992;j
RS;bdiinc992j;p50p100;2017;2.2315564;992;j
RS;bptinc992j;p96p100;1990;1.8061377;992;j
RS;bptinc992j;p96p100;1991;1.8207595;992;j
RS;bptinc992j;p96p100;1992;1.8335218;992;j
RS;bptinc992j;p96p100;1993;1.8487452;992;j
RS;bptinc992j;p96p100;1994;1.8623327;992;j
RS;bptinc992j;p96p100;1995;1.8786014;992;j
RS;bptinc992j;p96p100;1996;1.8889499;992;j
RS;bptinc992j;p96p100;1997;1.8993946;992;j
RS;bptinc992j;p96p100;1998;1.9004314;992;j
RS;bptinc992j;p96p100;1999;1.9463556;992;j
RS;bptinc992j;p96p100;2000;1.9983722;992;j
RS;bptinc992j;p96p100;2001;2.0449448;992;j
RS;bptinc992j;p96p100;2002;2.0307007;992;j
RS;bptinc992j;p96p100;2003;2.0048234;992;j
RS;bptinc992j;p96p100;2004;2.0149505;992;j
RS;bptinc992j;p96p100;2005;1.9900141;992;j
RS;bptinc992j;p96p100;2006;1.9909028;992;j
RS;bptinc992j;p96p100;2007;1.9295619;992;j
RS;bptinc992j;p96p100;2008;1.9376912;992;j
RS;bptinc992j;p96p100;2009;1.9261925;992;j
RS;bptinc992j;p96p100;2010;1.9247938;992;j
RS;bptinc992j;p96p100;2011;1.9448551;992;j
RS;bptinc992j;p96p100;2012;1.8624972;992;j
RS;bptinc992j;p96p100;2013;1.8858542;992;j
RS;bptinc992j;p96p100;2014;2.1042295;992;j
RS;bptinc992j;p96p100;2015;2.0712595;992;j
RS;bptinc992j;p96p100;2016;2.0723379;992;j
RS;bptinc992j;p96p100;2017;2.0736074;992;j
RS;mcomnp999i;p0p100;1997;0.0;999;i
RS;mcomnp999i;p0p100;1998;1302260.0;999;i
RS;mcomnp999i;p0p100;1999;998744.0;999;i
RS;mcomnp999i;p0p100;2000;0.0;999;i
RS;mcomnp999i;p0p100;2001;0.0;999;i
RS;mcomnp999i;p0p100;2002;0.0;999;i
RS;mcomnp999i;p0p100;2003;0.0;999;i
RS;mcomnp999i;p0p100;2004;0.0;999;i
RS;mcomnp999i;p0p100;2005;0.0;999;i
RS;mcomnp999i;p0p100;2006;0.0;999;i
RS;mcomnp999i;p0p100;2007;0.0;999;i
RS;mcomnp999i;p0p100;2008;0.0;999;i
RS;mcomnp999i;p0p100;2009;0.0;999;i
RS;mcomnp999i;p0p100;2010;0.0;999;i
RS;mcomnp999i;p0p100;2011;0.0;999;i
RS;msecgo999i;p0p100;1997;457006940160.0;999;i
RS;msecgo999i;p0p100;1998;381817782272.0;999;i
RS;msecgo999i;p0p100;1999;306829393920.0;999;i
RS;msecgo999i;p0p100;2000;313998245888.0;999;i
RS;msecgo999i;p0p100;2001;461947109376.0;999;i
RS;msecgo999i;p0p100;2002;581917605888.0;999;i
RS;msecgo999i;p0p100;2003;639596625920.0;999;i
RS;msecgo999i;p0p100;2004;740177936384.0;999;i
RS;msecgo999i;p0p100;2005;763245428736.0;999;i
RS;msecgo999i;p0p100;2006;767017877504.0;999;i
RS;msecgo999i;p0p100;2007;844042928128.0;999;i
RS;msecgo999i;p0p100;2008;859494481920.0;999;i
RS;msecgo999i;p0p100;2009;748562874368.0;999;i
RS;msecgo999i;p0p100;2010;773415436288.0;999;i
RS;msecgo999i;p0p100;2011;765448486912.0;999;i
RS;msscco999i;p0p100;1997;0.0;999;i
RS;msscco999i;p0p100;1998;0.0;999;i
RS;msscco999i;p0p100;1999;0.0;999;i
RS;msscco999i;p0p100;2000;0.0;999;i
RS;msscco999i;p0p100;2001;0.0;999;i
RS;msscco999i;p0p100;2002;0.0;999;i
RS;msscco999i;p0p100;2003;0.0;999;i
RS;msscco999i;p0p100;2004;0.0;999;i
RS;msscco999i;p0p100;2005;0.0;999;i
RS;msscco999i;p0p100;2006;0.0;999;i
RS;msscco999i;p0p100;2007;0.0;999;i
RS;msscco999i;p0p100;2008;0.0;999;i
RS;msscco999i;p0p100;2009;0.0;999;i
RS;msscco999i;p0p100;2010;0.0;999;i
RS;msscco999i;p0p100;2011;0.0;999;i
RS;npopul602i;p0p100;1950;395281.0;602;i
RS;npopul602i;p0p100;1951;392965.0;602;i
RS;npopul602i;p0p100;1952;390588.0;602;i
RS;npopul602i;p0p100;1953;388723.0;602;i
RS;npopul602i;p0p100;1954;389825.0;602;i
RS;npopul602i;p0p100;1955;395595.0;602;i
RS;npopul602i;p0p100;1956;403269.0;602;i
RS;npopul602i;p0p100;1957;414670.0;602;i
RS;npopul602i;p0p100;1958;429569.0;602;i
RS;npopul602i;p0p100;1959;447529.0;602;i
RS;npopul602i;p0p100;1960;468067.0;602;i
RS;npopul602i;p0p100;1961;489669.0;602;i
RS;npopul602i;p0p100;1962;512182.0;602;i
RS;npopul602i;p0p100;1963;534905.0;602;i
RS;npopul602i;p0p100;1964;557133.0;602;i
RS;npopul602i;p0p100;1965;578379.0;602;i
RS;npopul602i;p0p100;1966;593673.0;602;i
RS;npopul602i;p0p100;1967;608554.0;602;i
RS;npopul602i;p0p100;1968;622240.0;602;i
RS;npopul602i;p0p100;1969;633393.0;602;i
RS;npopul602i;p0p100;1970;641197.0;602;i
RS;npopul602i;p0p100;1971;643037.0;602;i
RS;npopul602i;p0p100;1972;643483.0;602;i
RS;npopul602i;p0p100;1973;640959.0;602;i
RS;npopul602i;p0p100;1974;633273.0;602;i
RS;npopul602i;p0p100;1975;619693.0;602;i
RS;npopul602i;p0p100;1976;597159.0;602;i
RS;npopul602i;p0p100;1977;569914.0;602;i
RS;npopul602i;p0p100;1978;543762.0;602;i
RS;npopul602i;p0p100;1979;527074.0;602;i
RS;npopul602i;p0p100;1980;524795.0;602;i
RS;npopul602i;p0p100;1981;531965.0;602;i
RS;npopul602i;p0p100;1982;551234.0;602;i
RS;npopul602i;p0p100;1983;581351.0;602;i
RS;npopul602i;p0p100;1984;620586.0;602;i
RS;npopul602i;p0p100;1985;667373.0;602;i
RS;npopul602i;p0p100;1986;716984.0;602;i
RS;npopul602i;p0p100;1987;772748.0;602;i
RS;npopul602i;p0p100;1988;830088.0;602;i
RS;npopul602i;p0p100;1989;883375.0;602;i
RS;npopul602i;p0p100;1990;929544.0;602;i
RS;npopul602i;p0p100;1991;963919.0;602;i
RS;npopul602i;p0p100;1992;993180.0;602;i
RS;npopul602i;p0p100;1993;1016490.0;602;i
RS;npopul602i;p0p100;1994;1032440.0;602;i
RS;npopul602i;p0p100;1995;1039775.0;602;i
RS;npopul602i;p0p100;1996;1039695.0;602;i
RS;npopul602i;p0p100;1997;1031843.0;602;i
RS;npopul602i;p0p100;1998;1017440.0;602;i
RS;npopul602i;p0p100;1999;785471.0;602;i
RS;npopul602i;p0p100;2000;772706.0;602;i
RS;npopul602i;p0p100;2001;749815.0;602;i
RS;npopul602i;p0p100;2002;725206.0;602;i
RS;npopul602i;p0p100;2003;700493.0;602;i
RS;npopul602i;p0p100;2004;683559.0;602;i
RS;npopul602i;p0p100;2005;677488.0;602;i
RS;npopul602i;p0p100;2006;678524.0;602;i
RS;npopul602i;p0p100;2007;688176.0;602;i
RS;npopul602i;p0p100;2008;705674.0;602;i
RS;npopul602i;p0p100;2009;730789.0;602;i
RS;npopul602i;p0p100;2010;762651.0;602;i
RS;npopul602i;p0p100;2011;796890.0;602;i
RS;npopul602i;p0p100;2012;840224.0;602;i
RS;npopul602i;p0p100;2013;884455.0;602;i
RS;npopul602i;p0p100;2014;921306.0;602;i
RS;npopul602i;p0p100;2015;945881.0;602;i
RS;npopul602i;p0p100;2016;951502.0;602;i
RS;npopul602i;p0p100;2017;949535.0;602;i
RS;npopul602i;p0p100;2018;939668.0;602;i
RS;npopul602i;p0p100;2019;925991.0;602;i
RS;scainc992j;p23p100;1990;0.94529998;992;j
RS;scainc992j;p23p100;1991;0.94459999;992;j
RS;scainc992j;p23p100;1992;0.94379997;992;j
RS;scainc992j;p23p100;1993;0.94300002;992;j
RS;scainc992j;p23p100;1994;0.94220001;992;j
RS;scainc992j;p23p100;1995;0.94139999;992;j
RS;scainc992j;p23p100;1996;0.94059998;992;j
RS;scainc992j;p23p100;1997;0.93980002;992;j
RS;scainc992j;p23p100;1998;0.93510002;992;j
RS;scainc992j;p23p100;1999;0.93470001;992;j
RS;scainc992j;p23p100;2000;0.93660003;992;j
RS;scainc992j;p23p100;2001;0.9375;992;j
RS;scainc992j;p23p100;2002;0.94590002;992;j
RS;scainc992j;p23p100;2003;0.94709998;992;j
RS;scainc992j;p23p100;2004;0.95370001;992;j
RS;scainc992j;p23p100;2005;0.95569998;992;j
RS;scainc992j;p23p100;2006;0.9605;992;j
RS;scainc992j;p23p100;2007;0.96340001;992;j
RS;scainc992j;p23p100;2008;0.96509999;992;j
RS;scainc992j;p23p100;2009;0.96619999;992;j
RS;scainc992j;p23p100;2010;0.97049999;992;j
RS;scainc992j;p23p100;2011;0.97460002;992;j
RS;scainc992j;p23p100;2012;0.97610003;992;j
RS;scainc992j;p23p100;2013;0.97399998;992;j
RS;scainc992j;p23p100;2014;0.95789999;992;j
RS;scainc992j;p23p100;2015;0.96869999;992;j
RS;scainc992j;p23p100;2016;0.96859998;992;j
RS;scainc992j;p23p100;2017;0.96869999;992;j
RS;scainc992j;p28p100;1990;0.92199999;992;j
RS;scainc992j;p28p100;1991;0.92089999;992;j
RS;scainc992j;p28p100;1992;0.91979998;992;j
RS;scainc992j;p28p100;1993;0.91869998;992;j
RS;scainc992j;p28p100;1994;0.91750002;992;j
RS;scainc992j;p28p100;1995;0.91640002;992;j
RS;scainc992j;p28p100;1996;0.91509998;992;j
RS;scainc992j;p28p100;1997;0.91390002;992;j
RS;scainc992j;p28p100;1998;0.90880001;992;j
RS;scainc992j;p28p100;1999;0.90850002;992;j
RS;scainc992j;p28p100;2000;0.91039997;992;j
RS;scainc992j;p28p100;2001;0.91119999;992;j
RS;scainc992j;p28p100;2002;0.92049998;992;j
RS;scainc992j;p28p100;2003;0.92229998;992;j
RS;scainc992j;p28p100;2004;0.93019998;992;j
RS;scainc992j;p28p100;2005;0.93269998;992;j
RS;scainc992j;p28p100;2006;0.93870002;992;j
RS;scainc992j;p28p100;2007;0.94190001;992;j
RS;scainc992j;p28p100;2008;0.9443;992;j
RS;scainc992j;p28p100;2009;0.94660002;992;j
RS;scainc992j;p28p100;2010;0.95249999;992;j
RS;scainc992j;p28p100;2011;0.95810002;992;j
RS;scainc992j;p28p100;2012;0.95910001;992;j
RS;scainc992j;p28p100;2013;0.95959997;992;j
RS;scainc992j;p28p100;2014;0.94129997;992;j
RS;scainc992j;p28p100;2015;0.95389998;992;j
RS;scainc992j;p28p100;2016;0.95389998;992;j
RS;scainc992j;p28p100;2017;0.95389998;992;j
RS;scainc992j;p50p100;1990;0.773;992;j
RS;scainc992j;p50p100;1991;0.7712;992;j
RS;scainc992j;p50p100;1992;0.76929998;992;j
RS;scainc992j;p50p100;1993;0.7676;992;j
RS;scainc992j;p50p100;1994;0.7658;992;j
RS;scainc992j;p50p100;1995;0.76410002;992;j
RS;scainc992j;p50p100;1996;0.76200002;992;j
RS;scainc992j;p50p100;1997;0.75989997;992;j
RS;scainc992j;p50p100;1998;0.75840002;992;j
RS;scainc992j;p50p100;1999;0.75880003;992;j
RS;scainc992j;p50p100;2000;0.76179999;992;j
RS;scainc992j;p50p100;2001;0.76319999;992;j
RS;scainc992j;p50p100;2002;0.7744;992;j
RS;scainc992j;p50p100;2003;0.77749997;992;j
RS;scainc992j;p50p100;2004;0.78780001;992;j
RS;scainc992j;p50p100;2005;0.7931;992;j
RS;scainc992j;p50p100;2006;0.80159998;992;j
RS;scainc992j;p50p100;2007;0.8053;992;j
RS;scainc992j;p50p100;2008;0.80949998;992;j
RS;scainc992j;p50p100;2009;0.81389999;992;j
RS;scainc992j;p50p100;2010;0.82419997;992;j
RS;scainc992j;p50p100;2011;0.83319998;992;j
RS;scainc992j;p50p100;2012;0.83660001;992;j
RS;scainc992j;p50p100;2013;0.83969998;992;j
RS;scainc992j;p50p100;2014;0.8204;992;j
RS;scainc992j;p50p100;2015;0.83630002;992;j
RS;scainc992j;p50p100;2016;0.8362;992;j
RS;scainc992j;p50p100;2017;0.83630002;992;j
RS;scainc992j;p99.994p99.995;1990;0.0006;992;j
RS;scainc992j;p99.994p99.995;1991;0.0005;992;j
RS;scainc992j;p99.994p99.995;1992;0.0005;992;j
RS;scainc992j;p99.994p99.995;1993;0.0005;992;j
RS;scainc992j;p99.994p99.995;1994;0.0005;992;j
RS;scainc992j;p99.994p99.995;1995;0.0004;992;j
RS;scainc992j;p99.994p99.995;1996;0.0004;992;j
RS;scainc992j;p99.994p99.995;1997;0.0004;992;j
RS;scainc992j;p99.994p99.995;1998;0.0004;992;j
RS;scainc992j;p99.994p99.995;1999;0.0005;992;j
RS;scainc992j;p99.994p99.995;2000;0.0006;992;j
RS;scainc992j;p99.994p99.995;2001;0.0006;992;j
RS;scainc992j;p99.994p99.995;2002;0.0006;992;j
RS;scainc992j;p99.994p99.995;2003;0.0006;992;j
RS;scainc992j;p99.994p99.995;2004;0.0006;992;j
RS;scainc992j;p99.994p99.995;2005;0.0007;992;j
RS;scainc992j;p99.994p99.995;2006;0.0006;992;j
RS;scainc992j;p99.994p99.995;2007;0.0005;992;j
RS;scainc992j;p99.994p99.995;2008;0.0005;992;j
RS;scainc992j;p99.994p99.995;2009;0.0006;992;j
RS;scainc992j;p99.994p99.995;2010;0.0006;992;j
RS;scainc992j;p99.994p99.995;2011;0.0006;992;j
RS;scainc992j;p99.994p99.995;2012;0.0008;992;j
RS;scainc992j;p99.994p99.995;2013;0.0006;992;j
RS;scainc992j;p99.994p99.995;2014;0.0011;992;j
RS;scainc992j;p99.994p99.995;2015;0.0016;992;j
RS;scainc992j;p99.994p99.995;2016;0.0016;992;j
RS;scainc992j;p99.994p99.995;2017;0.0016;992;j
RS;sdiinc992j;p80p100;1990;0.42660001;992;j
RS;sdiinc992j;p80p100;1991;0.42469999;992;j
RS;sdiinc992j;p80p100;1992;0.42320001;992;j
RS;sdiinc992j;p80p100;1993;0.42219999;992;j
RS;sdiinc992j;p80p100;1994;0.42109999;992;j
RS;sdiinc992j;p80p100;1995;0.41999999;992;j
RS;sdiinc992j;p80p100;1996;0.41800001;992;j
RS;sdiinc992j;p80p100;1997;0.41569999;992;j
RS;sdiinc992j;p80p100;1998;0.42019999;992;j
RS;sdiinc992j;p80p100;1999;0.42649999;992;j
RS;sdiinc992j;p80p100;2000;0.43059999;992;j
RS;sdiinc992j;p80p100;2001;0.4337;992;j
RS;sdiinc992j;p80p100;2002;0.43970001;992;j
RS;sdiinc992j;p80p100;2003;0.44240001;992;j
RS;sdiinc992j;p80p100;2004;0.45120001;992;j
RS;sdiinc992j;p80p100;2005;0.45899999;992;j
RS;sdiinc992j;p80p100;2006;0.46689999;992;j
RS;sdiinc992j;p80p100;2007;0.4657;992;j
RS;sdiinc992j;p80p100;2008;0.4686;992;j
RS;sdiinc992j;p80p100;2009;0.4756;992;j
RS;sdiinc992j;p80p100;2010;0.48609999;992;j
RS;sdiinc992j;p80p100;2011;0.49680001;992;j
RS;sdiinc992j;p80p100;2012;0.50050002;992;j
RS;sdiinc992j;p80p100;2013;0.49860001;992;j
RS;sdiinc992j;p80p100;2014;0.49169999;992;j
RS;sdiinc992j;p80p100;2015;0.514;992;j
RS;sdiinc992j;p80p100;2016;0.51800001;992;j
RS;sdiinc992j;p80p100;2017;0.51859999;992;j
RS;sdiinc992j;p99.3p100;1990;0.061700001;992;j
RS;sdiinc992j;p99.3p100;1991;0.060400002;992;j
RS;sdiinc992j;p99.3p100;1992;0.059;992;j
RS;sdiinc992j;p99.3p100;1993;0.0583;992;j
RS;sdiinc992j;p99.3p100;1994;0.057799999;992;j
RS;sdiinc992j;p99.3p100;1995;0.057399999;992;j
RS;sdiinc992j;p99.3p100;1996;0.056499999;992;j
RS;sdiinc992j;p99.3p100;1997;0.055399999;992;j
RS;sdiinc992j;p99.3p100;1998;0.057799999;992;j
RS;sdiinc992j;p99.3p100;1999;0.063199997;992;j
RS;sdiinc992j;p99.3p100;2000;0.066600002;992;j
RS;sdiinc992j;p99.3p100;2001;0.070699997;992;j
RS;sdiinc992j;p99.3p100;2002;0.070600003;992;j
RS;sdiinc992j;p99.3p100;2003;0.07;992;j
RS;sdiinc992j;p99.3p100;2004;0.071000002;992;j
RS;sdiinc992j;p99.3p100;2005;0.074000001;992;j
RS;sdiinc992j;p99.3p100;2006;0.074100003;992;j
RS;sdiinc992j;p99.3p100;2007;0.070200004;992;j
RS;sdiinc992j;p99.3p100;2008;0.068400003;992;j
RS;sdiinc992j;p99.3p100;2009;0.073799998;992;j
RS;sdiinc992j;p99.3p100;2010;0.074600004;992;j
RS;sdiinc992j;p99.3p100;2011;0.075999998;992;j
RS;sdiinc992j;p99.3p100;2012;0.087899998;992;j
RS;sdiinc992j;p99.3p100;2013;0.079599999;992;j
RS;sdiinc992j;p99.3p100;2014;0.097900003;992;j
RS;sdiinc992j;p99.3p100;2015;0.1238;992;j
RS;sdiinc992j;p99.3p100;2016;0.12530001;992;j
RS;sdiinc992j;p99.3p100;2017;0.1256;992;j
RS;sptinc992j;p30p31;1990;0.0052999998;992;j
RS;sptinc992j;p30p31;1991;0.0052999998;992;j
RS;sptinc992j;p30p31;1992;0.0052999998;992;j
RS;sptinc992j;p30p31;1993;0.0052999998;992;j
RS;sptinc992j;p30p31;1994;0.0052999998;992;j
RS;sptinc992j;p30p31;1995;0.0052999998;992;j
RS;sptinc992j;p30p31;1996;0.0052999998;992;j
RS;sptinc992j;p30p31;1997;0.0052999998;992;j
RS;sptinc992j;p30p31;1998;0.0052;992;j
RS;sptinc992j;p30p31;1999;0.0052;992;j
RS;sptinc992j;p30p31;2000;0.0052;992;j
RS;sptinc992j;p30p31;2001;0.0051000002;992;j
RS;sptinc992j;p30p31;2002;0.0049999999;992;j
RS;sptinc992j;p30p31;2003;0.0049000001;992;j
RS;sptinc992j;p30p31;2004;0.0046999999;992;j
RS;sptinc992j;p30p31;2005;0.0046000001;992;j
RS;sptinc992j;p30p31;2006;0.0044;992;j
RS;sptinc992j;p30p31;2007;0.0044;992;j
RS;sptinc992j;p30p31;2008;0.0043000001;992;j
RS;sptinc992j;p30p31;2009;0.0041999999;992;j
RS;sptinc992j;p30p31;2010;0.0040000002;992;j
RS;sptinc992j;p30p31;2011;0.0037;992;j
RS;sptinc992j;p30p31;2012;0.0037;992;j
RS;sptinc992j;p30p31;2013;0.0037;992;j
RS;sptinc992j;p30p31;2014;0.0035999999;992;j
RS;sptinc992j;p30p31;2015;0.0038000001;992;j
RS;sptinc992j;p30p31;2016;0.0038000001;992;j
RS;sptinc992j;p30p31;2017;0.0038000001;992;j
RS;sptinc992j;p31p32;1990;0.0055;992;j
RS;sptinc992j;p31p32;1991;0.0054000001;992;j
RS;sptinc992j;p31p32;1992;0.0054000001;992;j
RS;sptinc992j;p31p32;1993;0.0054000001;992;j
RS;sptinc992j;p31p32;1994;0.0054000001;992;j
RS;sptinc992j;p31p32;1995;0.0054000001;992;j
RS;sptinc992j;p31p32;1996;0.0054000001;992;j
RS;sptinc992j;p31p32;1997;0.0054000001;992;j
RS;sptinc992j;p31p32;1998;0.0054000001;992;j
RS;sptinc992j;p31p32;1999;0.0052999998;992;j
RS;sptinc992j;p31p32;2000;0.0052999998;992;j
RS;sptinc992j;p31p32;2001;0.0052999998;992;j
RS;sptinc992j;p31p32;2002;0.0052;992;j
RS;sptinc992j;p31p32;2003;0.0049999999;992;j
RS;sptinc992j;p31p32;2004;0.0049000001;992;j
RS;sptinc992j;p31p32;2005;0.0046999999;992;j
RS;sptinc992j;p31p32;2006;0.0046000001;992;j
RS;sptinc992j;p31p32;2007;0.0046999999;992;j
RS;sptinc992j;p31p32;2008;0.0044999998;992;j
RS;sptinc992j;p31p32;2009;0.0044;992;j
RS;sptinc992j;p31p32;2010;0.0041999999;992;j
RS;sptinc992j;p31p32;2011;0.0038999999;992;j
RS;sptinc992j;p31p32;2012;0.0038999999;992;j
RS;sptinc992j;p31p32;2013;0.0040000002;992;j
RS;sptinc992j;p31p32;2014;0.0038000001;992;j
RS;sptinc992j;p31p32;2015;0.0040000002;992;j
RS;sptinc992j;p31p32;2016;0.0040000002;992;j
RS;sptinc992j;p31p32;2017;0.0040000002;992;j
RS;sptinc992j;p74p75;1990;0.0128;992;j
RS;sptinc992j;p74p75;1991;0.0128;992;j
RS;sptinc992j;p74p75;1992;0.0127;992;j
RS;sptinc992j;p74p75;1993;0.0127;992;j
RS;sptinc992j;p74p75;1994;0.0127;992;j
RS;sptinc992j;p74p75;1995;0.0126;992;j
RS;sptinc992j;p74p75;1996;0.0126;992;j
RS;sptinc992j;p74p75;1997;0.0126;992;j
RS;sptinc992j;p74p75;1998;0.0125;992;j
RS;sptinc992j;p74p75;1999;0.0124;992;j
RS;sptinc992j;p74p75;2000;0.0122;992;j
RS;sptinc992j;p74p75;2001;0.0121;992;j
RS;sptinc992j;p74p75;2002;0.0122;992;j
RS;sptinc992j;p74p75;2003;0.0122;992;j
RS;sptinc992j;p74p75;2004;0.0122;992;j
RS;sptinc992j;p74p75;2005;0.0122;992;j
RS;sptinc992j;p74p75;2006;0.0123;992;j
RS;sptinc992j;p74p75;2007;0.0125;992;j
RS;sptinc992j;p74p75;2008;0.0126;992;j
RS;sptinc992j;p74p75;2009;0.0126;992;j
RS;sptinc992j;p74p75;2010;0.0124;992;j
RS;sptinc992j;p74p75;2011;0.0124;992;j
RS;sptinc992j;p74p75;2012;0.0127;992;j
RS;sptinc992j;p74p75;2013;0.0128;992;j
RS;sptinc992j;p74p75;2014;0.0125;992;j
RS;sptinc992j;p74p75;2015;0.0123;992;j
RS;sptinc992j;p74p75;2016;0.0123;992;j
RS;sptinc992j;p74p75;2017;0.0123;992;j
RS;sptinc992j;p82p100;1990;0.43000001;992;j
RS;sptinc992j;p82p100;1991;0.43180001;992;j
RS;sptinc992j;p82p100;1992;0.43360001;992;j
RS;sptinc992j;p82p100;1993;0.43529999;992;j
RS;sptinc992j;p82p100;1994;0.43720001;992;j
RS;sptinc992j;p82p100;1995;0.43900001;992;j
RS;sptinc992j;p82p100;1996;0.44010001;992;j
RS;sptinc992j;p82p100;1997;0.4413;992;j
RS;sptinc992j;p82p100;1998;0.44240001;992;j
RS;sptinc992j;p82p100;1999;0.44549999;992;j
RS;sptinc992j;p82p100;2000;0.4531;992;j
RS;sptinc992j;p82p100;2001;0.45629999;992;j
RS;sptinc992j;p82p100;2002;0.463;992;j
RS;sptinc992j;p82p100;2003;0.46700001;992;j
RS;sptinc992j;p82p100;2004;0.477;992;j
RS;sptinc992j;p82p100;2005;0.48550001;992;j
RS;sptinc992j;p82p100;2006;0.49070001;992;j
RS;sptinc992j;p82p100;2007;0.4876;992;j
RS;sptinc992j;p82p100;2008;0.49259999;992;j
RS;sptinc992j;p82p100;2009;0.49759999;992;j
RS;sptinc992j;p82p100;2010;0.5086;992;j
RS;sptinc992j;p82p100;2011;0.51929998;992;j
RS;sptinc992j;p82p100;2012;0.51730001;992;j
RS;sptinc992j;p82p100;2013;0.51389998;992;j
RS;sptinc992j;p82p100;2014;0.52810001;992;j
RS;sptinc992j;p82p100;2015;0.52130002;992;j
RS;sptinc992j;p82p100;2016;0.52139997;992;j
RS;sptinc992j;p82p100;2017;0.52170002;992;j
RS;sptinc992j;p99.1p100;1990;0.080499999;992;j
RS;sptinc992j;p99.1p100;1991;0.082000002;992;j
RS;sptinc992j;p99.1p100;1992;0.083300002;992;j
RS;sptinc992j;p99.1p100;1993;0.084799998;992;j
RS;sptinc992j;p99.1p100;1994;0.086199999;992;j
RS;sptinc992j;p99.1p100;1995;0.087800004;992;j
RS;sptinc992j;p99.1p100;1996;0.088799998;992;j
RS;sptinc992j;p99.1p100;1997;0.089900002;992;j
RS;sptinc992j;p99.1p100;1998;0.090400003;992;j
RS;sptinc992j;p99.1p100;1999;0.094300002;992;j
RS;sptinc992j;p99.1p100;2000;0.0999;992;j
RS;sptinc992j;p99.1p100;2001;0.104;992;j
RS;sptinc992j;p99.1p100;2002;0.1045;992;j
RS;sptinc992j;p99.1p100;2003;0.1038;992;j
RS;sptinc992j;p99.1p100;2004;0.1071;992;j
RS;sptinc992j;p99.1p100;2005;0.1072;992;j
RS;sptinc992j;p99.1p100;2006;0.1085;992;j
RS;sptinc992j;p99.1p100;2007;0.1028;992;j
RS;sptinc992j;p99.1p100;2008;0.1044;992;j
RS;sptinc992j;p99.1p100;2009;0.1047;992;j
RS;sptinc992j;p99.1p100;2010;0.1071;992;j
RS;sptinc992j;p99.1p100;2011;0.1112;992;j
RS;sptinc992j;p99.1p100;2012;0.1034;992;j
RS;sptinc992j;p99.1p100;2013;0.1045;992;j
RS;sptinc992j;p99.1p100;2014;0.1258;992;j
RS;sptinc992j;p99.1p100;2015;0.1218;992;j
RS;sptinc992j;p99.1p100;2016;0.1219;992;j
RS;sptinc992j;p99.1p100;2017;0.1221;992;j
RS;sptinc992j;p99.998p99.999;1990;0.0012000001;992;j
RS;sptinc992j;p99.998p99.999;1991;0.0012000001;992;j
RS;sptinc992j;p99.998p99.999;1992;0.0012000001;992;j
RS;sptinc992j;p99.998p99.999;1993;0.0013;992;j
RS;sptinc992j;p99.998p99.999;1994;0.0013;992;j
RS;sptinc992j;p99.998p99.999;1995;0.0014;992;j
RS;sptinc992j;p99.998p99.999;1996;0.0014;992;j
RS;sptinc992j;p99.998p99.999;1997;0.0014;992;j
RS;sptinc992j;p99.998p99.999;1998;0.0014;992;j
RS;sptinc992j;p99.998p99.999;1999;0.0016;992;j
RS;sptinc992j;p99.998p99.999;2000;0.0017;992;j
RS;sptinc992j;p99.998p99.999;2001;0.0018;992;j
RS;sptinc992j;p99.998p99.999;2002;0.0018;992;j
RS;sptinc992j;p99.998p99.999;2003;0.0017;992;j
RS;sptinc992j;p99.998p99.999;2004;0.0018;992;j
RS;sptinc992j;p99.998p99.999;2005;0.0017;992;j
RS;sptinc992j;p99.998p99.999;2006;0.0017;992;j
RS;sptinc992j;p99.998p99.999;2007;0.0015;992;j
RS;sptinc992j;p99.998p99.999;2008;0.0016;992;j
RS;sptinc992j;p99.998p99.999;2009;0.0016;992;j
RS;sptinc992j;p99.998p99.999;2010;0.0015;992;j
RS;sptinc992j;p99.998p99.999;2011;0.0016;992;j
RS;sptinc992j;p99.998p99.999;2012;0.0012000001;992;j
RS;sptinc992j;p99.998p99.999;2013;0.0013;992;j
RS;sptinc992j;p99.998p99.999;2014;0.0023000001;992;j
RS;sptinc992j;p99.998p99.999;2015;0.0022;992;j
RS;sptinc992j;p99.998p99.999;2016;0.0022;992;j
RS;sptinc992j;p99.998p99.999;2017;0.0022;992;j
RS;sptinc992j;p99.99p99.991;1990;0.0004;992;j
RS;sptinc992j;p99.99p99.991;1991;0.0005;992;j
RS;sptinc992j;p99.99p99.991;1992;0.0005;992;j
RS;sptinc992j;p99.99p99.991;1993;0.0005;992;j
RS;sptinc992j;p99.99p99.991;1994;0.0005;992;j
RS;sptinc992j;p99.99p99.991;1995;0.0005;992;j
RS;sptinc992j;p99.99p99.991;1996;0.0005;992;j
RS;sptinc992j;p99.99p99.991;1997;0.0005;992;j
RS;sptinc992j;p99.99p99.991;1998;0.0005;992;j
RS;sptinc992j;p99.99p99.991;1999;0.0006;992;j
RS;sptinc992j;p99.99p99.991;2000;0.0006;992;j
RS;sptinc992j;p99.99p99.991;2001;0.0006;992;j
RS;sptinc992j;p99.99p99.991;2002;0.0006;992;j
RS;sptinc992j;p99.99p99.991;2003;0.0006;992;j
RS;sptinc992j;p99.99p99.991;2004;0.0006;992;j
RS;sptinc992j;p99.99p99.991;2005;0.0006;992;j
RS;sptinc992j;p99.99p99.991;2006;0.0006;992;j
RS;sptinc992j;p99.99p99.991;2007;0.0006;992;j
RS;sptinc992j;p99.99p99.991;2008;0.0006;992;j
RS;sptinc992j;p99.99p99.991;2009;0.0006;992;j
RS;sptinc992j;p99.99p99.991;2010;0.0006;992;j
RS;sptinc992j;p99.99p99.991;2011;0.0006;992;j
RS;sptinc992j;p99.99p99.991;2012;0.0005;992;j
RS;sptinc992j;p99.99p99.991;2013;0.0005;992;j
RS;sptinc992j;p99.99p99.991;2014;0.0008;992;j
RS;sptinc992j;p99.99p99.991;2015;0.0008;992;j
RS;sptinc992j;p99.99p99.991;2016;0.0008;992;j
RS;sptinc992j;p99.99p99.991;2017;0.0008;992;j
RS;tcainc992j;p10p11;1990;115457.5;992;j
RS;tcainc992j;p10p11;1991;102092.5;992;j
RS;tcainc992j;p10p11;1992;71325.398;992;j
RS;tcainc992j;p10p11;1993;47144.801;992;j
RS;tcainc992j;p10p11;1994;49693.801;992;j
RS;tcainc992j;p10p11;1995;53564.602;992;j
RS;tcainc992j;p10p11;1996;55353.801;992;j
RS;tcainc992j;p10p11;1997;59743.5;992;j
RS;tcainc992j;p10p11;1998;72198.0;992;j
RS;tcainc992j;p10p11;1999;83203.102;992;j
RS;tcainc992j;p10p11;2000;87597.0;992;j
RS;tcainc992j;p10p11;2001;83722.0;992;j
RS;tcainc992j;p10p11;2002;74079.5;992;j
RS;tcainc992j;p10p11;2003;70731.297;992;j
RS;tcainc992j;p10p11;2004;69990.102;992;j
RS;tcainc992j;p10p11;2005;72664.898;992;j
RS;tcainc992j;p10p11;2006;66788.602;992;j
RS;tcainc992j;p10p11;2007;57461.699;992;j
RS;tcainc992j;p10p11;2008;56385.5;992;j
RS;tcainc992j;p10p11;2009;53383.199;992;j
RS;tcainc992j;p10p11;2010;44489.602;992;j
RS;tcainc992j;p10p11;2011;37210.199;992;j
RS;tcainc992j;p10p11;2012;32814.898;992;j
RS;tcainc992j;p10p11;2013;49256.699;992;j
RS;tcainc992j;p10p11;2014;85746.398;992;j
RS;tcainc992j;p10p11;2015;61189.898;992;j
RS;tcainc992j;p10p11;2016;63573.301;992;j
RS;tcainc992j;p10p11;2017;63493.801;992;j
RS;tcainc992j;p49p50;1990;425122.0;992;j
RS;tcainc992j;p49p50;1991;370738.91;992;j
RS;tcainc992j;p49p50;1992;254676.2;992;j
RS;tcainc992j;p49p50;1993;165449.0;992;j
RS;tcainc992j;p49p50;1994;170581.91;992;j
RS;tcainc992j;p49p50;1995;180547.0;992;j
RS;tcainc992j;p49p50;1996;182403.3;992;j
RS;tcainc992j;p49p50;1997;192987.41;992;j
RS;tcainc992j;p49p50;1998;206002.8;992;j
RS;tcainc992j;p49p50;1999;234505.8;992;j
RS;tcainc992j;p49p50;2000;252726.09;992;j
RS;tcainc992j;p49p50;2001;244513.3;992;j
RS;tcainc992j;p49p50;2002;253090.5;992;j
RS;tcainc992j;p49p50;2003;264859.91;992;j
RS;tcainc992j;p49p50;2004;314083.31;992;j
RS;tcainc992j;p49p50;2005;350909.31;992;j
RS;tcainc992j;p49p50;2006;366417.0;992;j
RS;tcainc992j;p49p50;2007;366030.59;992;j
RS;tcainc992j;p49p50;2008;390879.31;992;j
RS;tcainc992j;p49p50;2009;382832.31;992;j
RS;tcainc992j;p49p50;2010;376690.31;992;j
RS;tcainc992j;p49p50;2011;377217.69;992;j
RS;tcainc992j;p49p50;2012;368380.81;992;j
RS;tcainc992j;p49p50;2013;379539.19;992;j
RS;tcainc992j;p49p50;2014;363530.59;992;j
RS;tcainc992j;p49p50;2015;363930.41;992;j
RS;tcainc992j;p49p50;2016;377400.09;992;j
RS;tcainc992j;p49p50;2017;377604.69;992;j
RS;tcainc992j;p87p88;1990;843909.88;992;j
RS;tcainc992j;p87p88;1991;729539.13;992;j
RS;tcainc992j;p87p88;1992;497652.91;992;j
RS;tcainc992j;p87p88;1993;321370.5;992;j
RS;tcainc992j;p87p88;1994;329450.0;992;j
RS;tcainc992j;p87p88;1995;345838.0;992;j
RS;tcainc992j;p87p88;1996;346902.09;992;j
RS;tcainc992j;p87p88;1997;364288.31;992;j
RS;tcainc992j;p87p88;1998;399435.81;992;j
RS;tcainc992j;p87p88;1999;449515.0;992;j
RS;tcainc992j;p87p88;2000;481985.09;992;j
RS;tcainc992j;p87p88;2001;464431.09;992;j
RS;tcainc992j;p87p88;2002;490983.0;992;j
RS;tcainc992j;p87p88;2003;530546.63;992;j
RS;tcainc992j;p87p88;2004;647952.81;992;j
RS;tcainc992j;p87p88;2005;745699.19;992;j
RS;tcainc992j;p87p88;2006;796959.0;992;j
RS;tcainc992j;p87p88;2007;812029.38;992;j
RS;tcainc992j;p87p88;2008;873760.63;992;j
RS;tcainc992j;p87p88;2009;868362.63;992;j
RS;tcainc992j;p87p88;2010;883395.38;992;j
RS;tcainc992j;p87p88;2011;904821.19;992;j
RS;tcainc992j;p87p88;2012;892852.63;992;j
RS;tcainc992j;p87p88;2013;931180.0;992;j
RS;tcainc992j;p87p88;2014;854558.31;992;j
RS;tcainc992j;p87p88;2015;852561.88;992;j
RS;tcainc992j;p87p88;2016;883963.0;992;j
RS;tcainc992j;p87p88;2017;884849.81;992;j
RS;tcainc992j;p99.7p99.8;1990;3650465.0;992;j
RS;tcainc992j;p99.7p99.8;1991;3139178.8;992;j
RS;tcainc992j;p99.7p99.8;1992;2133901.3;992;j
RS;tcainc992j;p99.7p99.8;1993;1382981.0;992;j
RS;tcainc992j;p99.7p99.8;1994;1421171.3;992;j
RS;tcainc992j;p99.7p99.8;1995;1497818.0;992;j
RS;tcainc992j;p99.7p99.8;1996;1494013.4;992;j
RS;tcainc992j;p99.7p99.8;1997;1559352.8;992;j
RS;tcainc992j;p99.7p99.8;1998;1749596.8;992;j
RS;tcainc992j;p99.7p99.8;1999;2099350.8;992;j
RS;tcainc992j;p99.7p99.8;2000;2415809.8;992;j
RS;tcainc992j;p99.7p99.8;2001;2441916.5;992;j
RS;tcainc992j;p99.7p99.8;2002;2621860.0;992;j
RS;tcainc992j;p99.7p99.8;2003;2736642.8;992;j
RS;tcainc992j;p99.7p99.8;2004;3314654.8;992;j
RS;tcainc992j;p99.7p99.8;2005;3887117.0;992;j
RS;tcainc992j;p99.7p99.8;2006;4208346.0;992;j
RS;tcainc992j;p99.7p99.8;2007;4102948.5;992;j
RS;tcainc992j;p99.7p99.8;2008;4391095.5;992;j
RS;tcainc992j;p99.7p99.8;2009;4532784.0;992;j
RS;tcainc992j;p99.7p99.8;2010;4680203.5;992;j
RS;tcainc992j;p99.7p99.8;2011;4842695.0;992;j
RS;tcainc992j;p99.7p99.8;2012;5183036.5;992;j
RS;tcainc992j;p99.7p99.8;2013;5061781.0;992;j
RS;tcainc992j;p99.7p99.8;2014;5277075.0;992;j
RS;tcainc992j;p99.7p99.8;2015;5940417.5;992;j
RS;tcainc992j;p99.7p99.8;2016;6161182.0;992;j
RS;tcainc992j;p99.7p99.8;2017;6168411.0;992;j
RS;tdiinc992j;p17p100;1990;259936.7;992;j
RS;tdiinc992j;p17p100;1991;228201.7;992;j
RS;tdiinc992j;p17p100;1992;158585.91;992;j
RS;tdiinc992j;p17p100;1993;104187.8;992;j
RS;tdiinc992j;p17p100;1994;108598.6;992;j
RS;tdiinc992j;p17p100;1995;116111.5;992;j
RS;tdiinc992j;p17p100;1996;118970.7;992;j
RS;tdiinc992j;p17p100;1997;128295.8;992;j
RS;tdiinc992j;p17p100;1998;140763.91;992;j
RS;tdiinc992j;p17p100;1999;154377.41;992;j
RS;tdiinc992j;p17p100;2000;167425.59;992;j
RS;tdiinc992j;p17p100;2001;163846.5;992;j
RS;tdiinc992j;p17p100;2002;165588.2;992;j
RS;tdiinc992j;p17p100;2003;173899.3;992;j
RS;tdiinc992j;p17p100;2004;176724.91;992;j
RS;tdiinc992j;p17p100;2005;189371.09;992;j
RS;tdiinc992j;p17p100;2006;181587.8;992;j
RS;tdiinc992j;p17p100;2007;184911.09;992;j
RS;tdiinc992j;p17p100;2008;188828.8;992;j
RS;tdiinc992j;p17p100;2009;182534.7;992;j
RS;tdiinc992j;p17p100;2010;164008.0;992;j
RS;tdiinc992j;p17p100;2011;147206.09;992;j
RS;tdiinc992j;p17p100;2012;143926.41;992;j
RS;tdiinc992j;p17p100;2013;139817.5;992;j
RS;tdiinc992j;p17p100;2014;178783.09;992;j
RS;tdiinc992j;p17p100;2015;150391.2;992;j
RS;tdiinc992j;p17p100;2016;148129.91;992;j
RS;tdiinc992j;p17p100;2017;148112.3;992;j
RS;tdiinc992j;p39p100;1990;518626.91;992;j
RS;tdiinc992j;p39p100;1991;451475.69;992;j
RS;tdiinc992j;p39p100;1992;309880.69;992;j
RS;tdiinc992j;p39p100;1993;201408.59;992;j
RS;tdiinc992j;p39p100;1994;207670.41;992;j
RS;tdiinc992j;p39p100;1995;219353.8;992;j
RS;tdiinc992j;p39p100;1996;221914.2;992;j
RS;tdiinc992j;p39p100;1997;236204.3;992;j
RS;tdiinc992j;p39p100;1998;240436.7;992;j
RS;tdiinc992j;p39p100;1999;261688.5;992;j
RS;tdiinc992j;p39p100;2000;285667.59;992;j
RS;tdiinc992j;p39p100;2001;285766.31;992;j
RS;tdiinc992j;p39p100;2002;303144.5;992;j
RS;tdiinc992j;p39p100;2003;317370.41;992;j
RS;tdiinc992j;p39p100;2004;350374.81;992;j
RS;tdiinc992j;p39p100;2005;382900.69;992;j
RS;tdiinc992j;p39p100;2006;398743.31;992;j
RS;tdiinc992j;p39p100;2007;412744.31;992;j
RS;tdiinc992j;p39p100;2008;436815.59;992;j
RS;tdiinc992j;p39p100;2009;423042.91;992;j
RS;tdiinc992j;p39p100;2010;413418.5;992;j
RS;tdiinc992j;p39p100;2011;404766.41;992;j
RS;tdiinc992j;p39p100;2012;397062.31;992;j
RS;tdiinc992j;p39p100;2013;399062.5;992;j
RS;tdiinc992j;p39p100;2014;396775.59;992;j
RS;tdiinc992j;p39p100;2015;391739.91;992;j
RS;tdiinc992j;p39p100;2016;400027.41;992;j
RS;tdiinc992j;p39p100;2017;401918.31;992;j
RS;tdiinc992j;p68p100;1990;828123.69;992;j
RS;tdiinc992j;p68p100;1991;721853.38;992;j
RS;tdiinc992j;p68p100;1992;493086.5;992;j
RS;tdiinc992j;p68p100;1993;319289.31;992;j
RS;tdiinc992j;p68p100;1994;328047.81;992;j
RS;tdiinc992j;p68p100;1995;345399.59;992;j
RS;tdiinc992j;p68p100;1996;347776.31;992;j
RS;tdiinc992j;p68p100;1997;368079.59;992;j
RS;tdiinc992j;p68p100;1998;385958.69;992;j
RS;tdiinc992j;p68p100;1999;418022.91;992;j
RS;tdiinc992j;p68p100;2000;453628.31;992;j
RS;tdiinc992j;p68p100;2001;450208.5;992;j
RS;tdiinc992j;p68p100;2002;488689.09;992;j
RS;tdiinc992j;p68p100;2003;512525.09;992;j
RS;tdiinc992j;p68p100;2004;579350.5;992;j
RS;tdiinc992j;p68p100;2005;641463.38;992;j
RS;tdiinc992j;p68p100;2006;678627.81;992;j
RS;tdiinc992j;p68p100;2007;703650.81;992;j
RS;tdiinc992j;p68p100;2008;752983.38;992;j
RS;tdiinc992j;p68p100;2009;733828.81;992;j
RS;tdiinc992j;p68p100;2010;733093.13;992;j
RS;tdiinc992j;p68p100;2011;735475.81;992;j
RS;tdiinc992j;p68p100;2012;730311.81;992;j
RS;tdiinc992j;p68p100;2013;763944.0;992;j
RS;tdiinc992j;p68p100;2014;719836.81;992;j
RS;tdiinc992j;p68p100;2015;699342.31;992;j
RS;tdiinc992j;p68p100;2016;721385.13;992;j
RS;tdiinc992j;p68p100;2017;725822.19;992;j
RS;tdiinc992j;p69p100;1990;839061.13;992;j
RS;tdiinc992j;p69p100;1991;734255.31;992;j
RS;tdiinc992j;p69p100;1992;501669.59;992;j
RS;tdiinc992j;p69p100;1993;324345.09;992;j
RS;tdiinc992j;p69p100;1994;333209.0;992;j
RS;tdiinc992j;p69p100;1995;351089.0;992;j
RS;tdiinc992j;p69p100;1996;353816.31;992;j
RS;tdiinc992j;p69p100;1997;374728.41;992;j
RS;tdiinc992j;p69p100;1998;391965.81;992;j
RS;tdiinc992j;p69p100;1999;423347.19;992;j
RS;tdiinc992j;p69p100;2000;459648.0;992;j
RS;tdiinc992j;p69p100;2001;455823.59;992;j
RS;tdiinc992j;p69p100;2002;494170.91;992;j
RS;tdiinc992j;p69p100;2003;520182.19;992;j
RS;tdiinc992j;p69p100;2004;588077.88;992;j
RS;tdiinc992j;p69p100;2005;651763.88;992;j
RS;tdiinc992j;p69p100;2006;688863.81;992;j
RS;tdiinc992j;p69p100;2007;716675.38;992;j
RS;tdiinc992j;p69p100;2008;767239.13;992;j
RS;tdiinc992j;p69p100;2009;746099.88;992;j
RS;tdiinc992j;p69p100;2010;747718.38;992;j
RS;tdiinc992j;p69p100;2011;748560.38;992;j
RS;tdiinc992j;p69p100;2012;743409.38;992;j
RS;tdiinc992j;p69p100;2013;779258.13;992;j
RS;tdiinc992j;p69p100;2014;732096.81;992;j
RS;tdiinc992j;p69p100;2015;712404.31;992;j
RS;tdiinc992j;p69p100;2016;734779.88;992;j
RS;tdiinc992j;p69p100;2017;739004.31;992;j
RS;tptinc992j;p27p100;1990;349247.5;992;j
RS;tptinc992j;p27p100;1991;302160.5;992;j
RS;tptinc992j;p27p100;1992;206090.7;992;j
RS;tptinc992j;p27p100;1993;133349.0;992;j
RS;tptinc992j;p27p100;1994;136826.5;992;j
RS;tptinc992j;p27p100;1995;143706.5;992;j
RS;tptinc992j;p27p100;1996;144579.0;992;j
RS;tptinc992j;p27p100;1997;152804.8;992;j
RS;tptinc992j;p27p100;1998;162010.91;992;j
RS;tptinc992j;p27p100;1999;177191.5;992;j
RS;tptinc992j;p27p100;2000;192151.91;992;j
RS;tptinc992j;p27p100;2001;191037.5;992;j
RS;tptinc992j;p27p100;2002;197381.0;992;j
RS;tptinc992j;p27p100;2003;201491.2;992;j
RS;tptinc992j;p27p100;2004;216666.41;992;j
RS;tptinc992j;p27p100;2005;231463.5;992;j
RS;tptinc992j;p27p100;2006;234067.7;992;j
RS;tptinc992j;p27p100;2007;239130.3;992;j
RS;tptinc992j;p27p100;2008;244906.8;992;j
RS;tptinc992j;p27p100;2009;234284.8;992;j
RS;tptinc992j;p27p100;2010;219738.5;992;j
RS;tptinc992j;p27p100;2011;204409.5;992;j
RS;tptinc992j;p27p100;2012;196842.91;992;j
RS;tptinc992j;p27p100;2013;197972.59;992;j
RS;tptinc992j;p27p100;2014;190221.09;992;j
RS;tptinc992j;p27p100;2015;204620.0;992;j
RS;tptinc992j;p27p100;2016;210942.2;992;j
RS;tptinc992j;p27p100;2017;211931.7;992;j
RS;tptinc992j;p87p88;1990;1209306.6;992;j
RS;tptinc992j;p87p88;1991;1046121.4;992;j
RS;tptinc992j;p87p88;1992;713613.0;992;j
RS;tptinc992j;p87p88;1993;461529.5;992;j
RS;tptinc992j;p87p88;1994;474318.09;992;j
RS;tptinc992j;p87p88;1995;499170.19;992;j
RS;tptinc992j;p87p88;1996;501841.0;992;j
RS;tptinc992j;p87p88;1997;530460.0;992;j
RS;tptinc992j;p87p88;1998;554053.31;992;j
RS;tptinc992j;p87p88;1999;601753.69;992;j
RS;tptinc992j;p87p88;2000;654219.13;992;j
RS;tptinc992j;p87p88;2001;645797.19;992;j
RS;tptinc992j;p87p88;2002;704061.31;992;j
RS;tptinc992j;p87p88;2003;746052.38;992;j
RS;tptinc992j;p87p88;2004;848465.19;992;j
RS;tptinc992j;p87p88;2005;964676.81;992;j
RS;tptinc992j;p87p88;2006;1031211.3;992;j
RS;tptinc992j;p87p88;2007;1090275.5;992;j
RS;tptinc992j;p87p88;2008;1176610.8;992;j
RS;tptinc992j;p87p88;2009;1165073.6;992;j
RS;tptinc992j;p87p88;2010;1172591.3;992;j
RS;tptinc992j;p87p88;2011;1191483.5;992;j
RS;tptinc992j;p87p88;2012;1209720.3;992;j
RS;tptinc992j;p87p88;2013;1239512.4;992;j
RS;tptinc992j;p87p88;2014;1184040.8;992;j
RS;tptinc992j;p87p88;2015;1196103.9;992;j
RS;tptinc992j;p87p88;2016;1232978.5;992;j
RS;tptinc992j;p87p88;2017;1240861.8;992;j
RS;tptinc992j;p94p95;1990;1558094.5;992;j
RS;tptinc992j;p94p95;1991;1355285.8;992;j
RS;tptinc992j;p94p95;1992;929531.63;992;j
RS;tptinc992j;p94p95;1993;603527.88;992;j
RS;tptinc992j;p94p95;1994;622217.63;992;j
RS;tptinc992j;p94p95;1995;657329.38;992;j
RS;tptinc992j;p94p95;1996;663011.31;992;j
RS;tptinc992j;p94p95;1997;703353.13;992;j
RS;tptinc992j;p94p95;1998;743567.13;992;j
RS;tptinc992j;p94p95;1999;810702.63;992;j
RS;tptinc992j;p94p95;2000;897253.63;992;j
RS;tptinc992j;p94p95;2001;892984.69;992;j
RS;tptinc992j;p94p95;2002;977691.13;992;j
RS;tptinc992j;p94p95;2003;1046017.4;992;j
RS;tptinc992j;p94p95;2004;1202348.4;992;j
RS;tptinc992j;p94p95;2005;1375196.3;992;j
RS;tptinc992j;p94p95;2006;1467118.1;992;j
RS;tptinc992j;p94p95;2007;1524871.5;992;j
RS;tptinc992j;p94p95;2008;1634601.0;992;j
RS;tptinc992j;p94p95;2009;1629356.4;992;j
RS;tptinc992j;p94p95;2010;1674010.5;992;j
RS;tptinc992j;p94p95;2011;1709012.6;992;j
RS;tptinc992j;p94p95;2012;1727975.1;992;j
RS;tptinc992j;p94p95;2013;1745035.3;992;j
RS;tptinc992j;p94p95;2014;1668501.6;992;j
RS;tptinc992j;p94p95;2015;1675786.8;992;j
RS;tptinc992j;p94p95;2016;1727563.9;992;j
RS;tptinc992j;p94p95;2017;1738203.1;992;j
RS;tptinc992j;p99.4p99.5;1990;4062928.0;992;j
RS;tptinc992j;p99.4p99.5;1991;3562852.5;992;j
RS;tptinc992j;p99.4p99.5;1992;2467673.8;992;j
RS;tptinc992j;p99.4p99.5;1993;1615957.9;992;j
RS;tptinc992j;p99.4p99.5;1994;1685425.9;992;j
RS;tptinc992j;p99.4p99.5;1995;1797905.1;992;j
RS;tptinc992j;p99.4p99.5;1996;1821804.9;992;j
RS;tptinc992j;p99.4p99.5;1997;1940277.1;992;j
RS;tptinc992j;p99.4p99.5;1998;2069861.6;992;j
RS;tptinc992j;p99.4p99.5;1999;2314605.8;992;j
RS;tptinc992j;p99.4p99.5;2000;2664725.5;992;j
RS;tptinc992j;p99.4p99.5;2001;2710925.3;992;j
RS;tptinc992j;p99.4p99.5;2002;2977516.0;992;j
RS;tptinc992j;p99.4p99.5;2003;3143837.3;992;j
RS;tptinc992j;p99.4p99.5;2004;3646664.0;992;j
RS;tptinc992j;p99.4p99.5;2005;4151484.5;992;j
RS;tptinc992j;p99.4p99.5;2006;4430655.5;992;j
RS;tptinc992j;p99.4p99.5;2007;4418139.0;992;j
RS;tptinc992j;p99.4p99.5;2008;4750201.0;992;j
RS;tptinc992j;p99.4p99.5;2009;4718450.0;992;j
RS;tptinc992j;p99.4p99.5;2010;4938443.5;992;j
RS;tptinc992j;p99.4p99.5;2011;5095394.5;992;j
RS;tptinc992j;p99.4p99.5;2012;5074596.5;992;j
RS;tptinc992j;p99.4p99.5;2013;5104243.0;992;j
RS;tptinc992j;p99.4p99.5;2014;5281938.5;992;j
RS;tptinc992j;p99.4p99.5;2015;5159250.5;992;j
RS;tptinc992j;p99.4p99.5;2016;5323285.5;992;j
RS;tptinc992j;p99.4p99.5;2017;5362929.0;992;j
RS;acainc992j;p16p100;1990;598726.63;992;j
RS;acainc992j;p16p100;1991;519549.31;992;j
RS;acainc992j;p16p100;1992;355547.59;992;j
RS;acainc992j;p16p100;1993;230408.2;992;j
RS;acainc992j;p16p100;1994;237132.3;992;j
RS;acainc992j;p16p100;1995;250104.41;992;j
RS;acainc992j;p16p100;1996;251943.7;992;j
RS;acainc992j;p16p100;1997;265647.59;992;j
RS;acainc992j;p16p100;1998;290578.0;992;j
RS;acainc992j;p16p100;1999;331677.09;992;j
RS;acainc992j;p16p100;2000;360384.09;992;j
RS;acainc992j;p16p100;2001;351500.69;992;j
RS;acainc992j;p16p100;2002;369344.81;992;j
RS;acainc992j;p16p100;2003;389533.59;992;j
RS;acainc992j;p16p100;2004;467428.19;992;j
RS;acainc992j;p16p100;2005;533198.13;992;j
RS;acainc992j;p16p100;2006;563808.19;992;j
RS;acainc992j;p16p100;2007;564301.81;992;j
RS;acainc992j;p16p100;2008;604774.81;992;j
RS;acainc992j;p16p100;2009;598283.63;992;j
RS;acainc992j;p16p100;2010;602017.19;992;j
RS;acainc992j;p16p100;2011;609428.19;992;j
RS;acainc992j;p16p100;2012;609625.13;992;j
RS;acainc992j;p16p100;2013;621021.88;992;j
RS;acainc992j;p16p100;2014;602497.38;992;j
RS;acainc992j;p16p100;2015;612889.88;992;j
RS;acainc992j;p16p100;2016;635620.63;992;j
RS;acainc992j;p16p100;2017;636193.81;992;j
RS;acainc992j;p46p47;1990;403689.19;992;j
RS;acainc992j;p46p47;1991;352771.09;992;j
RS;acainc992j;p46p47;1992;243024.09;992;j
RS;acainc992j;p46p47;1993;158177.8;992;j
RS;acainc992j;p46p47;1994;163442.8;992;j
RS;acainc992j;p46p47;1995;173028.7;992;j
RS;acainc992j;p46p47;1996;175255.41;992;j
RS;acainc992j;p46p47;1997;185741.8;992;j
RS;acainc992j;p46p47;1998;196820.5;992;j
RS;acainc992j;p46p47;1999;223584.3;992;j
RS;acainc992j;p46p47;2000;240629.09;992;j
RS;acainc992j;p46p47;2001;233810.7;992;j
RS;acainc992j;p46p47;2002;241626.8;992;j
RS;acainc992j;p46p47;2003;253311.7;992;j
RS;acainc992j;p46p47;2004;298635.0;992;j
RS;acainc992j;p46p47;2005;335957.91;992;j
RS;acainc992j;p46p47;2006;350907.0;992;j
RS;acainc992j;p46p47;2007;351225.81;992;j
RS;acainc992j;p46p47;2008;373428.81;992;j
RS;acainc992j;p46p47;2009;364130.19;992;j
RS;acainc992j;p46p47;2010;357598.91;992;j
RS;acainc992j;p46p47;2011;356158.0;992;j
RS;acainc992j;p46p47;2012;348086.41;992;j
RS;acainc992j;p46p47;2013;358005.09;992;j
RS;acainc992j;p46p47;2014;344158.5;992;j
RS;acainc992j;p46p47;2015;343511.81;992;j
RS;acainc992j;p46p47;2016;356240.59;992;j
RS;acainc992j;p46p47;2017;356470.09;992;j
RS;acainc992j;p96p100;1990;2160366.5;992;j
RS;acainc992j;p96p100;1991;1859083.5;992;j
RS;acainc992j;p96p100;1992;1263693.0;992;j
RS;acainc992j;p96p100;1993;817791.5;992;j
RS;acainc992j;p96p100;1994;839946.5;992;j
RS;acainc992j;p96p100;1995;884691.38;992;j
RS;acainc992j;p96p100;1996;884164.88;992;j
RS;acainc992j;p96p100;1997;924791.13;992;j
RS;acainc992j;p96p100;1998;1032224.3;992;j
RS;acainc992j;p96p100;1999;1223144.4;992;j
RS;acainc992j;p96p100;2000;1386925.8;992;j
RS;acainc992j;p96p100;2001;1392831.0;992;j
RS;acainc992j;p96p100;2002;1488934.3;992;j
RS;acainc992j;p96p100;2003;1563423.5;992;j
RS;acainc992j;p96p100;2004;1899159.6;992;j
RS;acainc992j;p96p100;2005;2221633.8;992;j
RS;acainc992j;p96p100;2006;2394913.5;992;j
RS;acainc992j;p96p100;2007;2352578.5;992;j
RS;acainc992j;p96p100;2008;2525311.5;992;j
RS;acainc992j;p96p100;2009;2580715.8;992;j
RS;acainc992j;p96p100;2010;2664816.8;992;j
RS;acainc992j;p96p100;2011;2756659.0;992;j
RS;acainc992j;p96p100;2012;2896208.3;992;j
RS;acainc992j;p96p100;2013;2856518.8;992;j
RS;acainc992j;p96p100;2014;2966871.0;992;j
RS;acainc992j;p96p100;2015;3390798.3;992;j
RS;acainc992j;p96p100;2016;3516792.5;992;j
RS;acainc992j;p96p100;2017;3521967.0;992;j
RS;acainc992j;p99.997p100;1990;85756800.0;992;j
RS;acainc992j;p99.997p100;1991;68569704.0;992;j
RS;acainc992j;p99.997p100;1992;42065704.0;992;j
RS;acainc992j;p99.997p100;1993;25359804.0;992;j
RS;acainc992j;p99.997p100;1994;24846584.0;992;j
RS;acainc992j;p99.997p100;1995;25124140.0;992;j
RS;acainc992j;p99.997p100;1996;23944762.0;992;j
RS;acainc992j;p99.997p100;1997;23782328.0;992;j
RS;acainc992j;p99.997p100;1998;28148202.0;992;j
RS;acainc992j;p99.997p100;1999;41084176.0;992;j
RS;acainc992j;p99.997p100;2000;47341228.0;992;j
RS;acainc992j;p99.997p100;2001;55451004.0;992;j
RS;acainc992j;p99.997p100;2002;52972376.0;992;j
RS;acainc992j;p99.997p100;2003;55689344.0;992;j
RS;acainc992j;p99.997p100;2004;67868888.0;992;j
RS;acainc992j;p99.997p100;2005;85077368.0;992;j
RS;acainc992j;p99.997p100;2006;79604248.0;992;j
RS;acainc992j;p99.997p100;2007;66301288.0;992;j
RS;acainc992j;p99.997p100;2008;59974616.0;992;j
RS;acainc992j;p99.997p100;2009;77176568.0;992;j
RS;acainc992j;p99.997p100;2010;71993128.0;992;j
RS;acainc992j;p99.997p100;2011;70041840.0;992;j
RS;acainc992j;p99.997p100;2012;122646360.0;992;j
RS;acainc992j;p99.997p100;2013;87421464.0;992;j
RS;acainc992j;p99.997p100;2014;201344720.0;992;j
RS;acainc992j;p99.997p100;2015;376389920.0;992;j
RS;acainc992j;p99.997p100;2016;390755168.0;992;j
RS;acainc992j;p99.997p100;2017;392101952.0;992;j
RS;acomnp992i;p0p100;1997;0.0;992;i
RS;acomnp992i;p0p100;1998;0.2;992;i
RS;acomnp992i;p0p100;1999;0.2;992;i
RS;acomnp992i;p0p100;2000;0.0;992;i
RS;acomnp992i;p0p100;2001;0.0;992;i
RS;acomnp992i;p0p100;2002;0.0;992;i
RS;acomnp992i;p0p100;2003;0.0;992;i
RS;acomnp992i;p0p100;2004;0.0;992;i
RS;acomnp992i;p0p100;2005;0.0;992;i
RS;acomnp992i;p0p100;2006;0.0;992;i
RS;acomnp992i;p0p100;2007;0.0;992;i
RS;acomnp992i;p0p100;2008;0.0;992;i
RS;acomnp992i;p0p100;2009;0.0;992;i
RS;acomnp992i;p0p100;2010;0.0;992;i
RS;acomnp992i;p0p100;2011;0.0;992;i
RS;acompx999i;p0p100;2002;-10.8;999;i
RS;acompx999i;p0p100;2003;-10.5;999;i
RS;acompx999i;p0p100;2004;-9.8999996;999;i
RS;acompx999i;p0p100;2005;99.300003;999;i
RS;acompx999i;p0p100;2006;150.10001;999;i
RS;acompx999i;p0p100;2007;253.10001;999;i
RS;acompx999i;p0p100;2008;234.3;999;i
RS;acompx999i;p0p100;2009;162.2;999;i
RS;acompx999i;p0p100;2010;184.89999;999;i
RS;acompx999i;p0p100;2011;465.10001;999;i
RS;acompx999i;p0p100;2012;620.0;999;i
RS;acompx999i;p0p100;2013;703.79999;999;i
RS;acompx999i;p0p100;2014;780.09998;999;i
RS;acompx999i;p0p100;2015;720.0;999;i
RS;acompx999i;p0p100;2016;699.09998;999;i
RS;acompx999i;p0p100;2017;740.5;999;i
RS;acompx999i;p0p100;2018;765.70001;999;i
RS;adiinc992j;p30p100;1990;941491.0;992;j
RS;adiinc992j;p30p100;1991;816359.31;992;j
RS;adiinc992j;p30p100;1992;558208.5;992;j
RS;adiinc992j;p30p100;1993;361442.41;992;j
RS;adiinc992j;p30p100;1994;371665.41;992;j
RS;adiinc992j;p30p100;1995;391654.69;992;j
RS;adiinc992j;p30p100;1996;394138.09;992;j
RS;adiinc992j;p30p100;1997;416967.69;992;j
RS;adiinc992j;p30p100;1998;437374.69;992;j
RS;adiinc992j;p30p100;1999;479985.59;992;j
RS;adiinc992j;p30p100;2000;527836.81;992;j
RS;adiinc992j;p30p100;2001;527146.19;992;j
RS;adiinc992j;p30p100;2002;571526.88;992;j
RS;adiinc992j;p30p100;2003;601630.81;992;j
RS;adiinc992j;p30p100;2004;683056.5;992;j
RS;adiinc992j;p30p100;2005;764089.31;992;j
RS;adiinc992j;p30p100;2006;811695.5;992;j
RS;adiinc992j;p30p100;2007;838828.19;992;j
RS;adiinc992j;p30p100;2008;895316.5;992;j
RS;adiinc992j;p30p100;2009;882249.31;992;j
RS;adiinc992j;p30p100;2010;890101.19;992;j
RS;adiinc992j;p30p100;2011;899447.81;992;j
RS;adiinc992j;p30p100;2012;898319.19;992;j
RS;adiinc992j;p30p100;2013;921063.31;992;j
RS;adiinc992j;p30p100;2014;885927.69;992;j
RS;adiinc992j;p30p100;2015;903666.38;992;j
RS;adiinc992j;p30p100;2016;934513.81;992;j
RS;adiinc992j;p30p100;2017;940405.19;992;j
RS;adiinc992j;p63p64;1990;767414.13;992;j
RS;adiinc992j;p63p64;1991;666902.13;992;j
RS;adiinc992j;p63p64;1992;456760.19;992;j
RS;adiinc992j;p63p64;1993;295817.69;992;j
RS;adiinc992j;p63p64;1994;304527.91;992;j
RS;adiinc992j;p63p64;1995;321033.19;992;j
RS;adiinc992j;p63p64;1996;323596.59;992;j
RS;adiinc992j;p63p64;1997;343082.09;992;j
RS;adiinc992j;p63p64;1998;359009.59;992;j
RS;adiinc992j;p63p64;1999;389928.59;992;j
RS;adiinc992j;p63p64;2000;422379.31;992;j
RS;adiinc992j;p63p64;2001;419888.81;992;j
RS;adiinc992j;p63p64;2002;453633.09;992;j
RS;adiinc992j;p63p64;2003;477158.0;992;j
RS;adiinc992j;p63p64;2004;535951.31;992;j
RS;adiinc992j;p63p64;2005;592116.0;992;j
RS;adiinc992j;p63p64;2006;625685.63;992;j
RS;adiinc992j;p63p64;2007;648745.5;992;j
RS;adiinc992j;p63p64;2008;690569.88;992;j
RS;adiinc992j;p63p64;2009;673592.19;992;j
RS;adiinc992j;p63p64;2010;670694.38;992;j
RS;adiinc992j;p63p64;2011;669451.31;992;j
RS;adiinc992j;p63p64;2012;666104.69;992;j
RS;adiinc992j;p63p64;2013;690377.69;992;j
RS;adiinc992j;p63p64;2014;660878.19;992;j
RS;adiinc992j;p63p64;2015;645443.0;992;j
RS;adiinc992j;p63p64;2016;664782.5;992;j
RS;adiinc992j;p63p64;2017;668523.13;992;j
RS;aflcin999i;p0p100;1997;-1350.7;999;i
RS;aflcin999i;p0p100;1998;-1419.3;999;i
RS;aflcin999i;p0p100;1999;-874.79999;999;i
RS;aflcin999i;p0p100;2000;-1019.4;999;i
RS;aflcin999i;p0p100;2001;-1072.2;999;i
RS;aflcin999i;p0p100;2002;-3446.3999;999;i
RS;aflcin999i;p0p100;2003;-4764.3999;999;i
RS;aflcin999i;p0p100;2004;-6266.7002;999;i
RS;aflcin999i;p0p100;2005;-7811.5;999;i
RS;aflcin999i;p0p100;2006;-8440.5;999;i
RS;aflcin999i;p0p100;2007;-18507.301;999;i
RS;aflcin999i;p0p100;2008;-17340.1;999;i
RS;aflcin999i;p0p100;2009;-9096.7998;999;i
RS;aflcin999i;p0p100;2010;-12942.9;999;i
RS;aflcin999i;p0p100;2011;-25911.9;999;i
RS;aflcin999i;p0p100;2012;-21495.199;999;i
RS;aflcin999i;p0p100;2013;-26663.1;999;i
RS;aflcin999i;p0p100;2014;-25522.199;999;i
RS;aflcin999i;p0p100;2015;-31863.9;999;i
RS;aflcin999i;p0p100;2016;-36964.699;999;i
RS;aflcin999i;p0p100;2017;-44876.5;999;i
RS;aflcin999i;p0p100;2018;-37273.801;999;i
RS;ansmhn999i;p0p100;1997;53647.398;999;i
RS;ansmhn999i;p0p100;1998;51253.699;999;i
RS;ansmhn999i;p0p100;1999;70487.297;999;i
RS;ansmhn999i;p0p100;2000;79838.898;999;i
RS;ansmhn999i;p0p100;2001;79923.102;999;i
RS;ansmhn999i;p0p100;2002;69556.898;999;i
RS;ansmhn999i;p0p100;2003;66149.297;999;i
RS;ansmhn999i;p0p100;2004;71638.102;999;i
RS;ansmhn999i;p0p100;2005;77200.797;999;i
RS;ansmhn999i;p0p100;2006;96033.0;999;i
RS;ansmhn999i;p0p100;2007;100724.2;999;i
RS;ansmhn999i;p0p100;2008;107685.8;999;i
RS;ansmhn999i;p0p100;2009;106009.9;999;i
RS;ansmhn999i;p0p100;2010;108926.1;999;i
RS;ansmhn999i;p0p100;2011;119643.7;999;i
RS;aptfrr999i;p0p100;1980;0.0;999;i
RS;aptfrr999i;p0p100;1981;0.0;999;i
RS;aptfrr999i;p0p100;1982;0.0;999;i
RS;aptfrr999i;p0p100;1983;0.0;999;i
RS;aptfrr999i;p0p100;1984;0.0;999;i
RS;aptfrr999i;p0p100;1985;0.0;999;i
RS;aptfrr999i;p0p100;1986;0.0;999;i
RS;aptfrr999i;p0p100;1987;0.0;999;i
RS;aptfrr999i;p0p100;1988;0.0;999;i
RS;aptfrr999i;p0p100;1989;0.0;999;i
RS;aptfrr999i;p0p100;1990;0.0;999;i
RS;aptfrr999i;p0p100;1991;0.0;999;i
RS;aptfrr999i;p0p100;1992;0.0;999;i
RS;aptfrr999i;p0p100;1993;0.0;999;i
RS;aptfrr999i;p0p100;1994;0.0;999;i
RS;aptfrr999i;p0p100;1995;0.0;999;i
RS;aptfrr999i;p0p100;1996;0.0;999;i
RS;aptfrr999i;p0p100;1997;0.0;999;i
RS;aptfrr999i;p0p100;1998;0.0;999;i
RS;aptfrr999i;p0p100;1999;0.0;999;i
RS;aptfrr999i;p0p100;2000;0.0;999;i
RS;aptfrr999i;p0p100;2001;0.0;999;i
RS;aptfrr999i;p0p100;2002;0.0;999;i
RS;aptfrr999i;p0p100;2003;0.0;999;i
RS;aptfrr999i;p0p100;2004;0.0;999;i
RS;aptfrr999i;p0p100;2005;0.0;999;i
RS;aptfrr999i;p0p100;2006;0.0;999;i
RS;aptfrr999i;p0p100;2007;0.0;999;i
RS;aptfrr999i;p0p100;2008;0.0;999;i
RS;aptfrr999i;p0p100;2009;0.0;999;i
RS;aptfrr999i;p0p100;2010;0.0;999;i
RS;aptfrr999i;p0p100;2011;0.0;999;i
RS;aptfrr999i;p0p100;2012;0.0;999;i
RS;aptfrr999i;p0p100;2013;0.0;999;i
RS;aptfrr999i;p0p100;2014;0.0;999;i
RS;aptfrr999i;p0p100;2015;0.0;999;i
RS;aptfrr999i;p0p100;2016;0.0;999;i
RS;aptfrr999i;p0p100;2017;0.0;999;i
RS;aptfrr999i;p0p100;2018;0.0;999;i
RS;aptfrr999i;p0p100;2019;0.0;999;i
RS;aptinc992j;p70p80;1990;952569.13;992;j
RS;aptinc992j;p70p80;1991;824609.81;992;j
RS;aptinc992j;p70p80;1992;563040.5;992;j
RS;aptinc992j;p70p80;1993;363996.41;992;j
RS;aptinc992j;p70p80;1994;373756.0;992;j
RS;aptinc992j;p70p80;1995;393206.19;992;j
RS;aptinc992j;p70p80;1996;395625.19;992;j
RS;aptinc992j;p70p80;1997;418664.31;992;j
RS;aptinc992j;p70p80;1998;436505.31;992;j
RS;aptinc992j;p70p80;1999;472789.69;992;j
RS;aptinc992j;p70p80;2000;513716.41;992;j
RS;aptinc992j;p70p80;2001;508983.81;992;j
RS;aptinc992j;p70p80;2002;552867.19;992;j
RS;aptinc992j;p70p80;2003;580765.38;992;j
RS;aptinc992j;p70p80;2004;652441.13;992;j
RS;aptinc992j;p70p80;2005;726412.63;992;j
RS;aptinc992j;p70p80;2006;772437.13;992;j
RS;aptinc992j;p70p80;2007;813338.88;992;j
RS;aptinc992j;p70p80;2008;871940.5;992;j
RS;aptinc992j;p70p80;2009;857008.69;992;j
RS;aptinc992j;p70p80;2010;850378.0;992;j
RS;aptinc992j;p70p80;2011;852148.0;992;j
RS;aptinc992j;p70p80;2012;869516.81;992;j
RS;aptinc992j;p70p80;2013;895966.69;992;j
RS;aptinc992j;p70p80;2014;855807.63;992;j
RS;aptinc992j;p70p80;2015;854176.31;992;j
RS;aptinc992j;p70p80;2016;880304.63;992;j
RS;aptinc992j;p70p80;2017;885338.38;992;j
RS;aptinc992j;p77p100;1990;1600573.4;992;j
RS;aptinc992j;p77p100;1991;1394038.4;992;j
RS;aptinc992j;p77p100;1992;957375.81;992;j
RS;aptinc992j;p77p100;1993;622638.5;992;j
RS;aptinc992j;p77p100;1994;643100.0;992;j
RS;aptinc992j;p77p100;1995;680783.81;992;j
RS;aptinc992j;p77p100;1996;687423.81;992;j
RS;aptinc992j;p77p100;1997;730026.63;992;j
RS;aptinc992j;p77p100;1998;768174.88;992;j
RS;aptinc992j;p77p100;1999;845188.63;992;j
RS;aptinc992j;p77p100;2000;941695.69;992;j
RS;aptinc992j;p77p100;2001;944984.5;992;j
RS;aptinc992j;p77p100;2002;1031382.5;992;j
RS;aptinc992j;p77p100;2003;1091503.1;992;j
RS;aptinc992j;p77p100;2004;1251995.1;992;j
RS;aptinc992j;p77p100;2005;1418740.6;992;j
RS;aptinc992j;p77p100;2006;1512495.9;992;j
RS;aptinc992j;p77p100;2007;1556674.6;992;j
RS;aptinc992j;p77p100;2008;1674273.8;992;j
RS;aptinc992j;p77p100;2009;1658891.6;992;j
RS;aptinc992j;p77p100;2010;1694630.1;992;j
RS;aptinc992j;p77p100;2011;1732433.5;992;j
RS;aptinc992j;p77p100;2012;1729217.1;992;j
RS;aptinc992j;p77p100;2013;1761406.5;992;j
RS;aptinc992j;p77p100;2014;1762639.8;992;j
RS;aptinc992j;p77p100;2015;1752730.5;992;j
RS;aptinc992j;p77p100;2016;1807244.9;992;j
RS;aptinc992j;p77p100;2017;1818879.4;992;j
RS;aptinc992j;p8p9;1990;128480.7;992;j
RS;aptinc992j;p8p9;1991;113544.7;992;j
RS;aptinc992j;p8p9;1992;78806.297;992;j
RS;aptinc992j;p8p9;1993;51741.602;992;j
RS;aptinc992j;p8p9;1994;54058.301;992;j
RS;aptinc992j;p8p9;1995;57874.898;992;j
RS;aptinc992j;p8p9;1996;59230.199;992;j
RS;aptinc992j;p8p9;1997;63644.898;992;j
RS;aptinc992j;p8p9;1998;75060.398;992;j
RS;aptinc992j;p8p9;1999;83628.797;992;j
RS;aptinc992j;p8p9;2000;90133.0;992;j
RS;aptinc992j;p8p9;2001;90318.898;992;j
RS;aptinc992j;p8p9;2002;81755.898;992;j
RS;aptinc992j;p8p9;2003;76651.203;992;j
RS;aptinc992j;p8p9;2004;79221.5;992;j
RS;aptinc992j;p8p9;2005;81029.102;992;j
RS;aptinc992j;p8p9;2006;73335.898;992;j
RS;aptinc992j;p8p9;2007;64724.602;992;j
RS;aptinc992j;p8p9;2008;57896.102;992;j
RS;aptinc992j;p8p9;2009;50667.801;992;j
RS;aptinc992j;p8p9;2010;43925.102;992;j
RS;aptinc992j;p8p9;2011;36535.898;992;j
RS;aptinc992j;p8p9;2012;34991.102;992;j
RS;aptinc992j;p8p9;2013;30520.4;992;j
RS;aptinc992j;p8p9;2014;30878.699;992;j
RS;aptinc992j;p8p9;2015;31120.4;992;j
RS;aptinc992j;p8p9;2016;32176.199;992;j
RS;aptinc992j;p8p9;2017;32054.5;992;j
RS;asecnf999i;p0p100;1997;-48914.0;999;i
RS;asecnf999i;p0p100;1998;-17492.0;999;i
RS;asecnf999i;p0p100;1999;-4164.5;999;i
RS;asecnf999i;p0p100;2000;9936.4004;999;i
RS;asecnf999i;p0p100;2001;-17861.9;999;i
RS;asecnf999i;p0p100;2002;-28422.301;999;i
RS;asecnf999i;p0p100;2003;-34466.398;999;i
RS;asecnf999i;p0p100;2004;-40.5;999;i
RS;asecnf999i;p0p100;2005;6899.6001;999;i
RS;asecnf999i;p0p100;2006;10274.8;999;i
RS;asecnf999i;p0p100;2007;-2043.4;999;i
RS;asecnf999i;p0p100;2008;-10857.4;999;i
RS;asecnf999i;p0p100;2009;-542.40002;999;i
RS;asecnf999i;p0p100;2010;499.29999;999;i
RS;asecnf999i;p0p100;2011;5613.0;999;i
RS;assbco992i;p0p100;1997;0.0;992;i
RS;assbco992i;p0p100;1998;0.0;992;i
RS;assbco992i;p0p100;1999;0.0;992;i
RS;assbco992i;p0p100;2000;0.0;992;i
RS;assbco992i;p0p100;2001;0.0;992;i
RS;assbco992i;p0p100;2002;0.0;992;i
RS;assbco992i;p0p100;2003;0.0;992;i
RS;assbco992i;p0p100;2004;0.0;992;i
RS;assbco992i;p0p100;2005;0.0;992;i
RS;assbco992i;p0p100;2006;0.0;992;i
RS;assbco992i;p0p100;2007;0.0;992;i
RS;assbco992i;p0p100;2008;0.0;992;i
RS;assbco992i;p0p100;2009;0.0;992;i
RS;assbco992i;p0p100;2010;0.0;992;i
RS;assbco992i;p0p100;2011;0.0;992;i
RS;bcainc992j;p72p100;1990;1.6063575;992;j
RS;bcainc992j;p72p100;1991;1.5991418;992;j
RS;bcainc992j;p72p100;1992;1.5944589;992;j
RS;bcainc992j;p72p100;1993;1.5927601;992;j
RS;bcainc992j;p72p100;1994;1.5902721;992;j
RS;bcainc992j;p72p100;1995;1.588958;992;j
RS;bcainc992j;p72p100;1996;1.5819603;992;j
RS;bcainc992j;p72p100;1997;1.5742787;992;j
RS;bcainc992j;p72p100;1998;1.5906293;992;j
RS;bcainc992j;p72p100;1999;1.623053;992;j
RS;bcainc992j;p72p100;2000;1.659158;992;j
RS;bcainc992j;p72p100;2001;1.677621;992;j
RS;bcainc992j;p72p100;2002;1.6977848;992;j
RS;bcainc992j;p72p100;2003;1.7038227;992;j
RS;bcainc992j;p72p100;2004;1.7175205;992;j
RS;bcainc992j;p72p100;2005;1.7544421;992;j
RS;bcainc992j;p72p100;2006;1.7810595;992;j
RS;bcainc992j;p72p100;2007;1.7704873;992;j
RS;bcainc992j;p72p100;2008;1.768209;992;j
RS;bcainc992j;p72p100;2009;1.8015975;992;j
RS;bcainc992j;p72p100;2010;1.8405304;992;j
RS;bcainc992j;p72p100;2011;1.8851198;992;j
RS;bcainc992j;p72p100;2012;1.9011455;992;j
RS;bcainc992j;p72p100;2013;1.8554487;992;j
RS;bcainc992j;p72p100;2014;1.9033395;992;j
RS;bcainc992j;p72p100;2015;2.0484049;992;j
RS;bcainc992j;p72p100;2016;2.0488565;992;j
RS;bcainc992j;p72p100;2017;2.050051;992;j
RS;bcainc992j;p78p100;1990;1.5558032;992;j
RS;bcainc992j;p78p100;1991;1.5517592;992;j
RS;bcainc992j;p78p100;1992;1.5485076;992;j
RS;bcainc992j;p78p100;1993;1.5484477;992;j
RS;bcainc992j;p78p100;1994;1.549284;992;j
RS;bcainc992j;p78p100;1995;1.550572;992;j
RS;bcainc992j;p78p100;1996;1.5458025;992;j
RS;bcainc992j;p78p100;1997;1.5402107;992;j
RS;bcainc992j;p78p100;1998;1.5694282;992;j
RS;bcainc992j;p78p100;1999;1.5999752;992;j
RS;bcainc992j;p78p100;2000;1.633611;992;j
RS;bcainc992j;p78p100;2001;1.6652073;992;j
RS;bcainc992j;p78p100;2002;1.6703106;992;j
RS;bcainc992j;p78p100;2003;1.6770638;992;j
RS;bcainc992j;p78p100;2004;1.6900195;992;j
RS;bcainc992j;p78p100;2005;1.7196051;992;j
RS;bcainc992j;p78p100;2006;1.7452463;992;j
RS;bcainc992j;p78p100;2007;1.7300118;992;j
RS;bcainc992j;p78p100;2008;1.7259401;992;j
RS;bcainc992j;p78p100;2009;1.7582482;992;j
RS;bcainc992j;p78p100;2010;1.7955688;992;j
RS;bcainc992j;p78p100;2011;1.8198584;992;j
RS;bcainc992j;p78p100;2012;1.8472825;992;j
RS;bcainc992j;p78p100;2013;1.7976825;992;j
RS;bcainc992j;p78p100;2014;1.8879541;992;j
RS;bcainc992j;p78p100;2015;2.0169508;992;j
RS;bcainc992j;p78p100;2016;2.0170629;992;j
RS;bcainc992j;p78p100;2017;2.0181484;992;j
RS;bdiinc992j;p90p100;1990;1.598473;992;j
RS;bdiinc992j;p90p100;1991;1.593117;992;j
RS;bdiinc992j;p90p100;1992;1.5912392;992;j
RS;bdiinc992j;p90p100;1993;1.5963926;992;j
RS;bdiinc992j;p90p100;1994;1.5989594;992;j
RS;bdiinc992j;p90p100;1995;1.6023126;992;j
RS;bdiinc992j;p90p100;1996;1.5972255;992;j
RS;bdiinc992j;p90p100;1997;1.5916604;992;j
RS;bdiinc992j;p90p100;1998;1.611751;992;j
RS;bdiinc992j;p90p100;1999;1.6577867;992;j
RS;bdiinc992j;p90p100;2000;1.7150487;992;j
RS;bdiinc992j;p90p100;2001;1.7468582;992;j
RS;bdiinc992j;p90p100;2002;1.7605835;992;j
RS;bdiinc992j;p90p100;2003;1.7331744;992;j
RS;bdiinc992j;p90p100;2004;1.7202693;992;j
RS;bdiinc992j;p90p100;2005;1.7333676;992;j
RS;bdiinc992j;p90p100;2006;1.7520816;992;j
RS;bdiinc992j;p90p100;2007;1.7217821;992;j
RS;bdiinc992j;p90p100;2008;1.7231315;992;j
RS;bdiinc992j;p90p100;2009;1.7519535;992;j
RS;bdiinc992j;p90p100;2010;1.7589221;992;j
RS;bdiinc992j;p90p100;2011;1.7684803;992;j
RS;bdiinc992j;p90p100;2012;1.8487265;992;j
RS;bdiinc992j;p90p100;2013;1.7954149;992;j
RS;bdiinc992j;p90p100;2014;1.9026825;992;j
RS;bdiinc992j;p90p100;2015;2.084718;992;j
RS;bdiinc992j;p90p100;2016;2.0927098;992;j
RS;bdiinc992j;p90p100;2017;2.0938549;992;j
RS;bptinc992j;p24p100;1990;3.0588834;992;j
RS;bptinc992j;p24p100;1991;3.074043;992;j
RS;bptinc992j;p24p100;1992;3.0813096;992;j
RS;bptinc992j;p24p100;1993;3.092344;992;j
RS;bptinc992j;p24p100;1994;3.0797014;992;j
RS;bptinc992j;p24p100;1995;3.0814364;992;j
RS;bptinc992j;p24p100;1996;3.0855658;992;j
RS;bptinc992j;p24p100;1997;3.0921361;992;j
RS;bptinc992j;p24p100;1998;2.9966009;992;j
RS;bptinc992j;p24p100;1999;3.0211639;992;j
RS;bptinc992j;p24p100;2000;3.0918741;992;j
RS;bptinc992j;p24p100;2001;3.1101427;992;j
RS;bptinc992j;p24p100;2002;3.2897909;992;j
RS;bptinc992j;p24p100;2003;3.4199607;992;j
RS;bptinc992j;p24p100;2004;3.6233084;992;j
RS;bptinc992j;p24p100;2005;3.8089213;992;j
RS;bptinc992j;p24p100;2006;4.0141816;992;j
RS;bptinc992j;p24p100;2007;4.1011252;992;j
RS;bptinc992j;p24p100;2008;4.3355317;992;j
RS;bptinc992j;p24p100;2009;4.5425229;992;j
RS;bptinc992j;p24p100;2010;4.8350711;992;j
RS;bptinc992j;p24p100;2011;5.501091;992;j
RS;bptinc992j;p24p100;2012;5.9387012;992;j
RS;bptinc992j;p24p100;2013;6.0094666;992;j
RS;bptinc992j;p24p100;2014;6.3632307;992;j
RS;bptinc992j;p24p100;2015;5.8571234;992;j
RS;bptinc992j;p24p100;2016;5.8592625;992;j
RS;bptinc992j;p24p100;2017;5.870944;992;j
RS;mflcir999i;p0p100;2002;18182326272.0;999;i
RS;mflcir999i;p0p100;2003;15156592640.0;999;i
RS;mflcir999i;p0p100;2004;15697698816.0;999;i
RS;mflcir999i;p0p100;2005;29098315776.0;999;i
RS;mflcir999i;p0p100;2006;44724224000.0;999;i
RS;mflcir999i;p0p100;2007;82694733824.0;999;i
RS;mflcir999i;p0p100;2008;86229368832.0;999;i
RS;mflcir999i;p0p100;2009;79148466176.0;999;i
RS;mflcir999i;p0p100;2010;74434887680.0;999;i
RS;mflcir999i;p0p100;2011;74189488128.0;999;i
RS;mflcir999i;p0p100;2012;101413937152.0;999;i
RS;mflcir999i;p0p100;2013;90268459008.0;999;i
RS;mflcir999i;p0p100;2014;96229629952.0;999;i
RS;mflcir999i;p0p100;2015;104170201088.0;999;i
RS;mflcir999i;p0p100;2016;90030374912.0;999;i
RS;mflcir999i;p0p100;2017;78478303232.0;999;i
RS;mflcir999i;p0p100;2018;73125044224.0;999;i
RS;mnsrfc999i;p0p100;1997;44198649856.0;999;i
RS;mnsrfc999i;p0p100;1998;45697495040.0;999;i
RS;mnsrfc999i;p0p100;1999;2965278976.0;999;i
RS;mnsrfc999i;p0p100;2000;-8390291456.0;999;i
RS;mnsrfc999i;p0p100;2001;6533866496.0;999;i
RS;mnsrfc999i;p0p100;2002;28432269312.0;999;i
RS;mnsrfc999i;p0p100;2003;7448079872.0;999;i
RS;mnsrfc999i;p0p100;2004;2846792192.0;999;i
RS;mnsrfc999i;p0p100;2005;-5953664000.0;999;i
RS;mnsrfc999i;p0p100;2006;-11125211136.0;999;i
RS;mnsrfc999i;p0p100;2007;-1758605824.0;999;i
RS;mnsrfc999i;p0p100;2008;1403091968.0;999;i
RS;mnsrfc999i;p0p100;2009;3080535296.0;999;i
RS;mnsrfc999i;p0p100;2010;5094283264.0;999;i
RS;mnsrfc999i;p0p100;2011;13095183360.0;999;i
RS;mprgfc999i;p0p100;1997;133356789760.0;999;i
RS;mprgfc999i;p0p100;1998;138833182720.0;999;i
RS;mprgfc999i;p0p100;1999;45622132736.0;999;i
RS;mprgfc999i;p0p100;2000;31581011968.0;999;i
RS;mprgfc999i;p0p100;2001;34507280384.0;999;i
RS;mprgfc999i;p0p100;2002;63063363584.0;999;i
RS;mprgfc999i;p0p100;2003;44098502656.0;999;i
RS;mprgfc999i;p0p100;2004;31824496640.0;999;i
RS;mprgfc999i;p0p100;2005;36627689472.0;999;i
RS;mprgfc999i;p0p100;2006;37445066752.0;999;i
RS;mprgfc999i;p0p100;2007;9933479936.0;999;i
RS;mprgfc999i;p0p100;2008;62346584064.0;999;i
RS;mprgfc999i;p0p100;2009;79726608384.0;999;i
RS;mprgfc999i;p0p100;2010;89248858112.0;999;i
RS;mprgfc999i;p0p100;2011;95378481152.0;999;i
RS;msavnp999i;p0p100;1997;-7087372800.0;999;i
RS;msavnp999i;p0p100;1998;-6820549120.0;999;i
RS;msavnp999i;p0p100;1999;-7055642624.0;999;i
RS;msavnp999i;p0p100;2000;-11460860928.0;999;i
RS;msavnp999i;p0p100;2001;-8013193728.0;999;i
RS;msavnp999i;p0p100;2002;-8388267520.0;999;i
RS;msavnp999i;p0p100;2003;-8193486336.0;999;i
RS;msavnp999i;p0p100;2004;-10441741312.0;999;i
RS;msavnp999i;p0p100;2005;-11001569280.0;999;i
RS;msavnp999i;p0p100;2006;-11425254400.0;999;i
RS;msavnp999i;p0p100;2007;-13509177344.0;999;i
RS;msavnp999i;p0p100;2008;-12973808640.0;999;i
RS;msavnp999i;p0p100;2009;-11728392192.0;999;i
RS;msavnp999i;p0p100;2010;-11925688320.0;999;i
RS;msavnp999i;p0p100;2011;-12352748544.0;999;i
RS;npopul351f;p0p100;1950;204671.0;351;f
RS;npopul351f;p0p100;1951;194218.0;351;f
RS;npopul351f;p0p100;1952;181383.0;351;f
RS;npopul351f;p0p100;1953;169529.0;351;f
RS;npopul351f;p0p100;1954;164482.0;351;f
RS;npopul351f;p0p100;1955;169646.0;351;f
RS;npopul351f;p0p100;1956;184048.0;351;f
RS;npopul351f;p0p100;1957;208559.0;351;f
RS;npopul351f;p0p100;1958;238728.0;351;f
RS;npopul351f;p0p100;1959;267402.0;351;f
RS;npopul351f;p0p100;1960;290020.0;351;f
RS;npopul351f;p0p100;1961;307759.0;351;f
RS;npopul351f;p0p100;1962;319279.0;351;f
RS;npopul351f;p0p100;1963;325946.0;351;f
RS;npopul351f;p0p100;1964;330381.0;351;f
RS;npopul351f;p0p100;1965;334115.0;351;f
RS;npopul351f;p0p100;1966;335209.0;351;f
RS;npopul351f;p0p100;1967;335055.0;351;f
RS;npopul351f;p0p100;1968;333618.0;351;f
RS;npopul351f;p0p100;1969;330731.0;351;f
RS;npopul351f;p0p100;1970;326428.0;351;f
RS;npopul351f;p0p100;1971;321375.0;351;f
RS;npopul351f;p0p100;1972;315996.0;351;f
RS;npopul351f;p0p100;1973;309737.0;351;f
RS;npopul351f;p0p100;1974;301699.0;351;f
RS;npopul351f;p0p100;1975;291589.0;351;f
RS;npopul351f;p0p100;1976;279576.0;351;f
RS;npopul351f;p0p100;1977;265190.0;351;f
RS;npopul351f;p0p100;1978;251756.0;351;f
RS;npopul351f;p0p100;1979;244403.0;351;f
RS;npopul351f;p0p100;1980;246138.0;351;f
RS;npopul351f;p0p100;1981;256299.0;351;f
RS;npopul351f;p0p100;1982;275321.0;351;f
RS;npopul351f;p0p100;1983;299683.0;351;f
RS;npopul351f;p0p100;1984;323676.0;351;f
RS;npopul351f;p0p100;1985;343502.0;351;f
RS;npopul351f;p0p100;1986;359850.0;351;f
RS;npopul351f;p0p100;1987;372595.0;351;f
RS;npopul351f;p0p100;1988;381277.0;351;f
RS;npopul351f;p0p100;1989;385694.0;351;f
RS;npopul351f;p0p100;1990;385825.0;351;f
RS;npopul351f;p0p100;1991;381511.0;351;f
RS;npopul351f;p0p100;1992;372287.0;351;f
RS;npopul351f;p0p100;1993;359914.0;351;f
RS;npopul351f;p0p100;1994;347539.0;351;f
RS;npopul351f;p0p100;1995;337320.0;351;f
RS;npopul351f;p0p100;1996;329572.0;351;f
RS;npopul351f;p0p100;1997;323502.0;351;f
RS;npopul351f;p0p100;1998;318689.0;351;f
RS;npopul351f;p0p100;1999;247233.0;351;f
RS;npopul351f;p0p100;2000;245085.0;351;f
RS;npopul351f;p0p100;2001;243579.0;351;f
RS;npopul351f;p0p100;2002;242838.0;351;f
RS;npopul351f;p0p100;2003;242163.0;351;f
RS;npopul351f;p0p100;2004;242402.0;351;f
RS;npopul351f;p0p100;2005;243446.0;351;f
RS;npopul351f;p0p100;2006;245007.0;351;f
RS;npopul351f;p0p100;2007;246994.0;351;f
RS;npopul351f;p0p100;2008;249049.0;351;f
RS;npopul351f;p0p100;2009;250842.0;351;f
RS;npopul351f;p0p100;2010;252029.0;351;f
RS;npopul351f;p0p100;2011;252343.0;351;f
RS;npopul351f;p0p100;2012;252847.0;351;f
RS;npopul351f;p0p100;2013;252626.0;351;f
RS;npopul351f;p0p100;2014;251403.0;351;f
RS;npopul351f;p0p100;2015;248999.0;351;f
RS;npopul351f;p0p100;2016;246303.0;351;f
RS;npopul351f;p0p100;2017;243158.0;351;f
RS;npopul351f;p0p100;2018;239548.0;351;f
RS;npopul351f;p0p100;2019;236676.0;351;f
RS;scainc992j;p67p100;1990;0.6081;992;j
RS;scainc992j;p67p100;1991;0.60610002;992;j
RS;scainc992j;p67p100;1992;0.60409999;992;j
RS;scainc992j;p67p100;1993;0.60259998;992;j
RS;scainc992j;p67p100;1994;0.60100001;992;j
RS;scainc992j;p67p100;1995;0.59939998;992;j
RS;scainc992j;p67p100;1996;0.59710002;992;j
RS;scainc992j;p67p100;1997;0.59490001;992;j
RS;scainc992j;p67p100;1998;0.59490001;992;j
RS;scainc992j;p67p100;1999;0.59680003;992;j
RS;scainc992j;p67p100;2000;0.60170001;992;j
RS;scainc992j;p67p100;2001;0.60420001;992;j
RS;scainc992j;p67p100;2002;0.61500001;992;j
RS;scainc992j;p67p100;2003;0.61839998;992;j
RS;scainc992j;p67p100;2004;0.62910002;992;j
RS;scainc992j;p67p100;2005;0.63639998;992;j
RS;scainc992j;p67p100;2006;0.64529997;992;j
RS;scainc992j;p67p100;2007;0.648;992;j
RS;scainc992j;p67p100;2008;0.65240002;992;j
RS;scainc992j;p67p100;2009;0.65829998;992;j
RS;scainc992j;p67p100;2010;0.67049998;992;j
RS;scainc992j;p67p100;2011;0.68059999;992;j
RS;scainc992j;p67p100;2012;0.68519998;992;j
RS;scainc992j;p67p100;2013;0.68739998;992;j
RS;scainc992j;p67p100;2014;0.67150003;992;j
RS;scainc992j;p67p100;2015;0.69139999;992;j
RS;scainc992j;p67p100;2016;0.69139999;992;j
RS;scainc992j;p67p100;2017;0.69160002;992;j
RS;sdiinc992j;p14p100;1990;0.96780002;992;j
RS;sdiinc992j;p14p100;1991;0.9677;992;j
RS;sdiinc992j;p14p100;1992;0.96759999;992;j
RS;sdiinc992j;p14p100;1993;0.96749997;992;j
RS;sdiinc992j;p14p100;1994;0.9673;992;j
RS;sdiinc992j;p14p100;1995;0.96710002;992;j
RS;sdiinc992j;p14p100;1996;0.96689999;992;j
RS;sdiinc992j;p14p100;1997;0.9666;992;j
RS;sdiinc992j;p14p100;1998;0.96569997;992;j
RS;sdiinc992j;p14p100;1999;0.96649998;992;j
RS;sdiinc992j;p14p100;2000;0.96679997;992;j
RS;sdiinc992j;p14p100;2001;0.96700001;992;j
RS;sdiinc992j;p14p100;2002;0.97079998;992;j
RS;sdiinc992j;p14p100;2003;0.97130001;992;j
RS;sdiinc992j;p14p100;2004;0.9745;992;j
RS;sdiinc992j;p14p100;2005;0.97589999;992;j
RS;sdiinc992j;p14p100;2006;0.97780001;992;j
RS;sdiinc992j;p14p100;2007;0.97899997;992;j
RS;sdiinc992j;p14p100;2008;0.97909999;992;j
RS;sdiinc992j;p14p100;2009;0.97899997;992;j
RS;sdiinc992j;p14p100;2010;0.98009998;992;j
RS;sdiinc992j;p14p100;2011;0.98210001;992;j
RS;sdiinc992j;p14p100;2012;0.9831;992;j
RS;sdiinc992j;p14p100;2013;0.97869998;992;j
RS;sdiinc992j;p14p100;2014;0.9691;992;j
RS;sdiinc992j;p14p100;2015;0.97509998;992;j
RS;sdiinc992j;p14p100;2016;0.97649997;992;j
RS;sdiinc992j;p14p100;2017;0.97670001;992;j
RS;sdiinc992j;p32p33;1990;0.0060999999;992;j
RS;sdiinc992j;p32p33;1991;0.0062000002;992;j
RS;sdiinc992j;p32p33;1992;0.0062000002;992;j
RS;sdiinc992j;p32p33;1993;0.0062000002;992;j
RS;sdiinc992j;p32p33;1994;0.0063;992;j
RS;sdiinc992j;p32p33;1995;0.0063;992;j
RS;sdiinc992j;p32p33;1996;0.0063;992;j
RS;sdiinc992j;p32p33;1997;0.0063999998;992;j
RS;sdiinc992j;p32p33;1998;0.0063;992;j
RS;sdiinc992j;p32p33;1999;0.0062000002;992;j
RS;sdiinc992j;p32p33;2000;0.0062000002;992;j
RS;sdiinc992j;p32p33;2001;0.0062000002;992;j
RS;sdiinc992j;p32p33;2002;0.0060999999;992;j
RS;sdiinc992j;p32p33;2003;0.0060999999;992;j
RS;sdiinc992j;p32p33;2004;0.0060000001;992;j
RS;sdiinc992j;p32p33;2005;0.0059000002;992;j
RS;sdiinc992j;p32p33;2006;0.0057000001;992;j
RS;sdiinc992j;p32p33;2007;0.0057000001;992;j
RS;sdiinc992j;p32p33;2008;0.0055999998;992;j
RS;sdiinc992j;p32p33;2009;0.0055;992;j
RS;sdiinc992j;p32p33;2010;0.0052999998;992;j
RS;sdiinc992j;p32p33;2011;0.0051000002;992;j
RS;sdiinc992j;p32p33;2012;0.0049999999;992;j
RS;sdiinc992j;p32p33;2013;0.0048000002;992;j
RS;sdiinc992j;p32p33;2014;0.0049000001;992;j
RS;sdiinc992j;p32p33;2015;0.0046999999;992;j
RS;sdiinc992j;p32p33;2016;0.0046000001;992;j
RS;sdiinc992j;p32p33;2017;0.0046000001;992;j
RS;sdiinc992j;p62p63;1990;0.0103;992;j
RS;sdiinc992j;p62p63;1991;0.0103;992;j
RS;sdiinc992j;p62p63;1992;0.0103;992;j
RS;sdiinc992j;p62p63;1993;0.0103;992;j
RS;sdiinc992j;p62p63;1994;0.0103;992;j
RS;sdiinc992j;p62p63;1995;0.0102;992;j
RS;sdiinc992j;p62p63;1996;0.0103;992;j
RS;sdiinc992j;p62p63;1997;0.0103;992;j
RS;sdiinc992j;p62p63;1998;0.0102;992;j
RS;sdiinc992j;p62p63;1999;0.0101;992;j
RS;sdiinc992j;p62p63;2000;0.0099999998;992;j
RS;sdiinc992j;p62p63;2001;0.0098999999;992;j
RS;sdiinc992j;p62p63;2002;0.0099999998;992;j
RS;sdiinc992j;p62p63;2003;0.0099999998;992;j
RS;sdiinc992j;p62p63;2004;0.0099999998;992;j
RS;sdiinc992j;p62p63;2005;0.0098999999;992;j
RS;sdiinc992j;p62p63;2006;0.0098999999;992;j
RS;sdiinc992j;p62p63;2007;0.0098999999;992;j
RS;sdiinc992j;p62p63;2008;0.0098999999;992;j
RS;sdiinc992j;p62p63;2009;0.0098000001;992;j
RS;sdiinc992j;p62p63;2010;0.0098000001;992;j
RS;sdiinc992j;p62p63;2011;0.0097000003;992;j
RS;sdiinc992j;p62p63;2012;0.0097000003;992;j
RS;sdiinc992j;p62p63;2013;0.0098000001;992;j
RS;sdiinc992j;p62p63;2014;0.0096000005;992;j
RS;sdiinc992j;p62p63;2015;0.0093;992;j
RS;sdiinc992j;p62p63;2016;0.0093;992;j
RS;sdiinc992j;p62p63;2017;0.0093;992;j
RS;sdiinc992j;p81p82;1990;0.0143;992;j
RS;sdiinc992j;p81p82;1991;0.0143;992;j
RS;sdiinc992j;p81p82;1992;0.0143;992;j
RS;sdiinc992j;p81p82;1993;0.0142;992;j
RS;sdiinc992j;p81p82;1994;0.0141;992;j
RS;sdiinc992j;p81p82;1995;0.0141;992;j
RS;sdiinc992j;p81p82;1996;0.014;992;j
RS;sdiinc992j;p81p82;1997;0.014;992;j
RS;sdiinc992j;p81p82;1998;0.0138;992;j
RS;sdiinc992j;p81p82;1999;0.0137;992;j
RS;sdiinc992j;p81p82;2000;0.0136;992;j
RS;sdiinc992j;p81p82;2001;0.0134;992;j
RS;sdiinc992j;p81p82;2002;0.0136;992;j
RS;sdiinc992j;p81p82;2003;0.0137;992;j
RS;sdiinc992j;p81p82;2004;0.0139;992;j
RS;sdiinc992j;p81p82;2005;0.0139;992;j
RS;sdiinc992j;p81p82;2006;0.014;992;j
RS;sdiinc992j;p81p82;2007;0.0141;992;j
RS;sdiinc992j;p81p82;2008;0.0143;992;j
RS;sdiinc992j;p81p82;2009;0.0143;992;j
RS;sdiinc992j;p81p82;2010;0.0144;992;j
RS;sdiinc992j;p81p82;2011;0.0145;992;j
RS;sdiinc992j;p81p82;2012;0.0145;992;j
RS;sdiinc992j;p81p82;2013;0.0149;992;j
RS;sdiinc992j;p81p82;2014;0.0139;992;j
RS;sdiinc992j;p81p82;2015;0.0135;992;j
RS;sdiinc992j;p81p82;2016;0.0136;992;j
RS;sdiinc992j;p81p82;2017;0.0136;992;j
RS;sdiinc992j;p99.3p99.4;1990;0.0046000001;992;j
RS;sdiinc992j;p99.3p99.4;1991;0.0046000001;992;j
RS;sdiinc992j;p99.3p99.4;1992;0.0046000001;992;j
RS;sdiinc992j;p99.3p99.4;1993;0.0046999999;992;j
RS;sdiinc992j;p99.3p99.4;1994;0.0046999999;992;j
RS;sdiinc992j;p99.3p99.4;1995;0.0046999999;992;j
RS;sdiinc992j;p99.3p99.4;1996;0.0046000001;992;j
RS;sdiinc992j;p99.3p99.4;1997;0.0046000001;992;j
RS;sdiinc992j;p99.3p99.4;1998;0.0046999999;992;j
RS;sdiinc992j;p99.3p99.4;1999;0.0049000001;992;j
RS;sdiinc992j;p99.3p99.4;2000;0.0051000002;992;j
RS;sdiinc992j;p99.3p99.4;2001;0.0052;992;j
RS;sdiinc992j;p99.3p99.4;2002;0.0054000001;992;j
RS;sdiinc992j;p99.3p99.4;2003;0.0052999998;992;j
RS;sdiinc992j;p99.3p99.4;2004;0.0054000001;992;j
RS;sdiinc992j;p99.3p99.4;2005;0.0055;992;j
RS;sdiinc992j;p99.3p99.4;2006;0.0057000001;992;j
RS;sdiinc992j;p99.3p99.4;2007;0.0055999998;992;j
RS;sdiinc992j;p99.3p99.4;2008;0.0057000001;992;j
RS;sdiinc992j;p99.3p99.4;2009;0.0057999999;992;j
RS;sdiinc992j;p99.3p99.4;2010;0.0060000001;992;j
RS;sdiinc992j;p99.3p99.4;2011;0.0062000002;992;j
RS;sdiinc992j;p99.3p99.4;2012;0.0063999998;992;j
RS;sdiinc992j;p99.3p99.4;2013;0.0062000002;992;j
RS;sdiinc992j;p99.3p99.4;2014;0.0062000002;992;j
RS;sdiinc992j;p99.3p99.4;2015;0.0066;992;j
RS;sdiinc992j;p99.3p99.4;2016;0.0066999998;992;j
RS;sdiinc992j;p99.3p99.4;2017;0.0066999998;992;j
RS;sptinc992j;p10p100;1990;0.9874;992;j
RS;sptinc992j;p10p100;1991;0.98729998;992;j
RS;sptinc992j;p10p100;1992;0.98720002;992;j
RS;sptinc992j;p10p100;1993;0.98710001;992;j
RS;sptinc992j;p10p100;1994;0.98689997;992;j
RS;sptinc992j;p10p100;1995;0.98680001;992;j
RS;sptinc992j;p10p100;1996;0.9867;992;j
RS;sptinc992j;p10p100;1997;0.98659998;992;j
RS;sptinc992j;p10p100;1998;0.98519999;992;j
RS;sptinc992j;p10p100;1999;0.9849;992;j
RS;sptinc992j;p10p100;2000;0.98519999;992;j
RS;sptinc992j;p10p100;2001;0.98500001;992;j
RS;sptinc992j;p10p100;2002;0.98769999;992;j
RS;sptinc992j;p10p100;2003;0.9885;992;j
RS;sptinc992j;p10p100;2004;0.98940003;992;j
RS;sptinc992j;p10p100;2005;0.9903;992;j
RS;sptinc992j;p10p100;2006;0.99159998;992;j
RS;sptinc992j;p10p100;2007;0.99250001;992;j
RS;sptinc992j;p10p100;2008;0.99370003;992;j
RS;sptinc992j;p10p100;2009;0.99449998;992;j
RS;sptinc992j;p10p100;2010;0.99489999;992;j
RS;sptinc992j;p10p100;2011;0.9957;992;j
RS;sptinc992j;p10p100;2012;0.99580002;992;j
RS;sptinc992j;p10p100;2013;0.99659997;992;j
RS;sptinc992j;p10p100;2014;0.99650002;992;j
RS;sptinc992j;p10p100;2015;0.99650002;992;j
RS;sptinc992j;p10p100;2016;0.99650002;992;j
RS;sptinc992j;p10p100;2017;0.99650002;992;j
RS;sptinc992j;p34p35;1990;0.0059000002;992;j
RS;sptinc992j;p34p35;1991;0.0059000002;992;j
RS;sptinc992j;p34p35;1992;0.0059000002;992;j
RS;sptinc992j;p34p35;1993;0.0057999999;992;j
RS;sptinc992j;p34p35;1994;0.0057999999;992;j
RS;sptinc992j;p34p35;1995;0.0057999999;992;j
RS;sptinc992j;p34p35;1996;0.0057999999;992;j
RS;sptinc992j;p34p35;1997;0.0057999999;992;j
RS;sptinc992j;p34p35;1998;0.0057000001;992;j
RS;sptinc992j;p34p35;1999;0.0057000001;992;j
RS;sptinc992j;p34p35;2000;0.0055999998;992;j
RS;sptinc992j;p34p35;2001;0.0055999998;992;j
RS;sptinc992j;p34p35;2002;0.0055;992;j
RS;sptinc992j;p34p35;2003;0.0054000001;992;j
RS;sptinc992j;p34p35;2004;0.0052999998;992;j
RS;sptinc992j;p34p35;2005;0.0052;992;j
RS;sptinc992j;p34p35;2006;0.0051000002;992;j
RS;sptinc992j;p34p35;2007;0.0051000002;992;j
RS;sptinc992j;p34p35;2008;0.0049999999;992;j
RS;sptinc992j;p34p35;2009;0.0049000001;992;j
RS;sptinc992j;p34p35;2010;0.0046999999;992;j
RS;sptinc992j;p34p35;2011;0.0044999998;992;j
RS;sptinc992j;p34p35;2012;0.0044;992;j
RS;sptinc992j;p34p35;2013;0.0044999998;992;j
RS;sptinc992j;p34p35;2014;0.0041999999;992;j
RS;sptinc992j;p34p35;2015;0.0044999998;992;j
RS;sptinc992j;p34p35;2016;0.0044999998;992;j
RS;sptinc992j;p34p35;2017;0.0044999998;992;j
RS;sptinc992j;p73p74;1990;0.0125;992;j
RS;sptinc992j;p73p74;1991;0.0125;992;j
RS;sptinc992j;p73p74;1992;0.0125;992;j
RS;sptinc992j;p73p74;1993;0.0124;992;j
RS;sptinc992j;p73p74;1994;0.0124;992;j
RS;sptinc992j;p73p74;1995;0.0124;992;j
RS;sptinc992j;p73p74;1996;0.0123;992;j
RS;sptinc992j;p73p74;1997;0.0123;992;j
RS;sptinc992j;p73p74;1998;0.0122;992;j
RS;sptinc992j;p73p74;1999;0.0121;992;j
RS;sptinc992j;p73p74;2000;0.0119;992;j
RS;sptinc992j;p73p74;2001;0.0119;992;j
RS;sptinc992j;p73p74;2002;0.0119;992;j
RS;sptinc992j;p73p74;2003;0.0119;992;j
RS;sptinc992j;p73p74;2004;0.0119;992;j
RS;sptinc992j;p73p74;2005;0.0119;992;j
RS;sptinc992j;p73p74;2006;0.012;992;j
RS;sptinc992j;p73p74;2007;0.0122;992;j
RS;sptinc992j;p73p74;2008;0.0123;992;j
RS;sptinc992j;p73p74;2009;0.0123;992;j
RS;sptinc992j;p73p74;2010;0.0121;992;j
RS;sptinc992j;p73p74;2011;0.0121;992;j
RS;sptinc992j;p73p74;2012;0.0124;992;j
RS;sptinc992j;p73p74;2013;0.0124;992;j
RS;sptinc992j;p73p74;2014;0.0121;992;j
RS;sptinc992j;p73p74;2015;0.012;992;j
RS;sptinc992j;p73p74;2016;0.012;992;j
RS;sptinc992j;p73p74;2017;0.012;992;j
RS;sptinc992j;p8p9;1990;0.0017;992;j
RS;sptinc992j;p8p9;1991;0.0018;992;j
RS;sptinc992j;p8p9;1992;0.0018;992;j
RS;sptinc992j;p8p9;1993;0.0018;992;j
RS;sptinc992j;p8p9;1994;0.0019;992;j
RS;sptinc992j;p8p9;1995;0.0019;992;j
RS;sptinc992j;p8p9;1996;0.0019;992;j
RS;sptinc992j;p8p9;1997;0.0019;992;j
RS;sptinc992j;p8p9;1998;0.0022;992;j
RS;sptinc992j;p8p9;1999;0.0022;992;j
RS;sptinc992j;p8p9;2000;0.0022;992;j
RS;sptinc992j;p8p9;2001;0.0022;992;j
RS;sptinc992j;p8p9;2002;0.0018;992;j
RS;sptinc992j;p8p9;2003;0.0016;992;j
RS;sptinc992j;p8p9;2004;0.0015;992;j
RS;sptinc992j;p8p9;2005;0.0014;992;j
RS;sptinc992j;p8p9;2006;0.0012000001;992;j
RS;sptinc992j;p8p9;2007;0.001;992;j
RS;sptinc992j;p8p9;2008;0.0008;992;j
RS;sptinc992j;p8p9;2009;0.0008;992;j
RS;sptinc992j;p8p9;2010;0.0007;992;j
RS;sptinc992j;p8p9;2011;0.0005;992;j
RS;sptinc992j;p8p9;2012;0.0005;992;j
RS;sptinc992j;p8p9;2013;0.0004;992;j
RS;sptinc992j;p8p9;2014;0.0005;992;j
RS;sptinc992j;p8p9;2015;0.0005;992;j
RS;sptinc992j;p8p9;2016;0.0005;992;j
RS;sptinc992j;p8p9;2017;0.0005;992;j
RS;sptinc992j;p99.8p100;1990;0.037900001;992;j
RS;sptinc992j;p99.8p100;1991;0.038899999;992;j
RS;sptinc992j;p99.8p100;1992;0.0396;992;j
RS;sptinc992j;p99.8p100;1993;0.040600002;992;j
RS;sptinc992j;p99.8p100;1994;0.0414;992;j
RS;sptinc992j;p99.8p100;1995;0.042399999;992;j
RS;sptinc992j;p99.8p100;1996;0.043200001;992;j
RS;sptinc992j;p99.8p100;1997;0.044;992;j
RS;sptinc992j;p99.8p100;1998;0.043900002;992;j
RS;sptinc992j;p99.8p100;1999;0.046700001;992;j
RS;sptinc992j;p99.8p100;2000;0.049899999;992;j
RS;sptinc992j;p99.8p100;2001;0.052900001;992;j
RS;sptinc992j;p99.8p100;2002;0.0524;992;j
RS;sptinc992j;p99.8p100;2003;0.051600002;992;j
RS;sptinc992j;p99.8p100;2004;0.053199999;992;j
RS;sptinc992j;p99.8p100;2005;0.0524;992;j
RS;sptinc992j;p99.8p100;2006;0.052999999;992;j
RS;sptinc992j;p99.8p100;2007;0.049400002;992;j
RS;sptinc992j;p99.8p100;2008;0.050299998;992;j
RS;sptinc992j;p99.8p100;2009;0.050099999;992;j
RS;sptinc992j;p99.8p100;2010;0.050299998;992;j
RS;sptinc992j;p99.8p100;2011;0.052700002;992;j
RS;sptinc992j;p99.8p100;2012;0.045499999;992;j
RS;sptinc992j;p99.8p100;2013;0.047499999;992;j
RS;sptinc992j;p99.8p100;2014;0.064599998;992;j
RS;sptinc992j;p99.8p100;2015;0.0625;992;j
RS;sptinc992j;p99.8p100;2016;0.0625;992;j
RS;sptinc992j;p99.8p100;2017;0.062600002;992;j
RS;tcainc992j;p24p25;1990;229270.59;992;j
RS;tcainc992j;p24p25;1991;202261.59;992;j
RS;tcainc992j;p24p25;1992;140511.3;992;j
RS;tcainc992j;p24p25;1993;92502.898;992;j
RS;tcainc992j;p24p25;1994;96737.297;992;j
RS;tcainc992j;p24p25;1995;103620.0;992;j
RS;tcainc992j;p24p25;1996;106137.2;992;j
RS;tcainc992j;p24p25;1997;113798.8;992;j
RS;tcainc992j;p24p25;1998;128342.1;992;j
RS;tcainc992j;p24p25;1999;146090.2;992;j
RS;tcainc992j;p24p25;2000;159084.3;992;j
RS;tcainc992j;p24p25;2001;155100.09;992;j
RS;tcainc992j;p24p25;2002;154745.8;992;j
RS;tcainc992j;p24p25;2003;157986.3;992;j
RS;tcainc992j;p24p25;2004;178123.5;992;j
RS;tcainc992j;p24p25;2005;198474.91;992;j
RS;tcainc992j;p24p25;2006;197185.3;992;j
RS;tcainc992j;p24p25;2007;192998.8;992;j
RS;tcainc992j;p24p25;2008;199780.3;992;j
RS;tcainc992j;p24p25;2009;184009.8;992;j
RS;tcainc992j;p24p25;2010;167852.41;992;j
RS;tcainc992j;p24p25;2011;153832.09;992;j
RS;tcainc992j;p24p25;2012;159184.41;992;j
RS;tcainc992j;p24p25;2013;133837.59;992;j
RS;tcainc992j;p24p25;2014;158507.91;992;j
RS;tcainc992j;p24p25;2015;136578.5;992;j
RS;tcainc992j;p24p25;2016;141712.59;992;j
RS;tcainc992j;p24p25;2017;141838.5;992;j
RS;tcainc992j;p60p100;1990;513927.41;992;j
RS;tcainc992j;p60p100;1991;445369.09;992;j
RS;tcainc992j;p60p100;1992;304586.09;992;j
RS;tcainc992j;p60p100;1993;197137.0;992;j
RS;tcainc992j;p60p100;1994;202763.09;992;j
RS;tcainc992j;p60p100;1995;213483.91;992;j
RS;tcainc992j;p60p100;1996;215103.5;992;j
RS;tcainc992j;p60p100;1997;226979.7;992;j
RS;tcainc992j;p60p100;1998;248000.59;992;j
RS;tcainc992j;p60p100;1999;280695.59;992;j
RS;tcainc992j;p60p100;2000;299674.81;992;j
RS;tcainc992j;p60p100;2001;289749.09;992;j
RS;tcainc992j;p60p100;2002;303290.31;992;j
RS;tcainc992j;p60p100;2003;319867.0;992;j
RS;tcainc992j;p60p100;2004;379980.81;992;j
RS;tcainc992j;p60p100;2005;428899.59;992;j
RS;tcainc992j;p60p100;2006;451662.19;992;j
RS;tcainc992j;p60p100;2007;455428.5;992;j
RS;tcainc992j;p60p100;2008;487481.59;992;j
RS;tcainc992j;p60p100;2009;476729.59;992;j
RS;tcainc992j;p60p100;2010;473290.41;992;j
RS;tcainc992j;p60p100;2011;474601.0;992;j
RS;tcainc992j;p60p100;2012;469006.19;992;j
RS;tcainc992j;p60p100;2013;486464.59;992;j
RS;tcainc992j;p60p100;2014;467237.59;992;j
RS;tcainc992j;p60p100;2015;454272.81;992;j
RS;tcainc992j;p60p100;2016;471187.41;992;j
RS;tcainc992j;p60p100;2017;471410.41;992;j
RS;tcainc992j;p60p61;1990;513927.41;992;j
RS;tcainc992j;p60p61;1991;445369.09;992;j
RS;tcainc992j;p60p61;1992;304586.09;992;j
RS;tcainc992j;p60p61;1993;197137.0;992;j
RS;tcainc992j;p60p61;1994;202763.09;992;j
RS;tcainc992j;p60p61;1995;213483.91;992;j
RS;tcainc992j;p60p61;1996;215103.5;992;j
RS;tcainc992j;p60p61;1997;226979.7;992;j
RS;tcainc992j;p60p61;1998;248000.59;992;j
RS;tcainc992j;p60p61;1999;280695.59;992;j
RS;tcainc992j;p60p61;2000;299674.81;992;j
RS;tcainc992j;p60p61;2001;289749.09;992;j
RS;tcainc992j;p60p61;2002;303290.31;992;j
RS;tcainc992j;p60p61;2003;319867.0;992;j
RS;tcainc992j;p60p61;2004;379980.81;992;j
RS;tcainc992j;p60p61;2005;428899.59;992;j
RS;tcainc992j;p60p61;2006;451662.19;992;j
RS;tcainc992j;p60p61;2007;455428.5;992;j
RS;tcainc992j;p60p61;2008;487481.59;992;j
RS;tcainc992j;p60p61;2009;476729.59;992;j
RS;tcainc992j;p60p61;2010;473290.41;992;j
RS;tcainc992j;p60p61;2011;474601.0;992;j
RS;tcainc992j;p60p61;2012;469006.19;992;j
RS;tcainc992j;p60p61;2013;486464.59;992;j
RS;tcainc992j;p60p61;2014;467237.59;992;j
RS;tcainc992j;p60p61;2015;454272.81;992;j
RS;tcainc992j;p60p61;2016;471187.41;992;j
RS;tcainc992j;p60p61;2017;471410.41;992;j
RS;tdiinc992j;p10p100;1990;204251.2;992;j
RS;tdiinc992j;p10p100;1991;179620.5;992;j
RS;tdiinc992j;p10p100;1992;124776.1;992;j
RS;tdiinc992j;p10p100;1993;82031.297;992;j
RS;tdiinc992j;p10p100;1994;85926.797;992;j
RS;tdiinc992j;p10p100;1995;92096.297;992;j
RS;tdiinc992j;p10p100;1996;94589.703;992;j
RS;tdiinc992j;p10p100;1997;102419.3;992;j
RS;tdiinc992j;p10p100;1998;113139.7;992;j
RS;tdiinc992j;p10p100;1999;121904.9;992;j
RS;tdiinc992j;p10p100;2000;133249.09;992;j
RS;tdiinc992j;p10p100;2001;131593.09;992;j
RS;tdiinc992j;p10p100;2002;127330.5;992;j
RS;tdiinc992j;p10p100;2003;124317.6;992;j
RS;tdiinc992j;p10p100;2004;121844.1;992;j
RS;tdiinc992j;p10p100;2005;126961.5;992;j
RS;tdiinc992j;p10p100;2006;122617.8;992;j
RS;tdiinc992j;p10p100;2007;118919.1;992;j
RS;tdiinc992j;p10p100;2008;121044.3;992;j
RS;tdiinc992j;p10p100;2009;114785.3;992;j
RS;tdiinc992j;p10p100;2010;105150.4;992;j
RS;tdiinc992j;p10p100;2011;93928.898;992;j
RS;tdiinc992j;p10p100;2012;90581.602;992;j
RS;tdiinc992j;p10p100;2013;111618.9;992;j
RS;tdiinc992j;p10p100;2014;154847.0;992;j
RS;tdiinc992j;p10p100;2015;126603.5;992;j
RS;tdiinc992j;p10p100;2016;123293.5;992;j
RS;tdiinc992j;p10p100;2017;123153.0;992;j
RS;tdiinc992j;p48p100;1990;602984.13;992;j
RS;tdiinc992j;p48p100;1991;525193.69;992;j
RS;tdiinc992j;p48p100;1992;361042.91;992;j
RS;tdiinc992j;p48p100;1993;234735.5;992;j
RS;tdiinc992j;p48p100;1994;242370.91;992;j
RS;tdiinc992j;p48p100;1995;256150.5;992;j
RS;tdiinc992j;p48p100;1996;259001.41;992;j
RS;tdiinc992j;p48p100;1997;275484.81;992;j
RS;tdiinc992j;p48p100;1998;281204.41;992;j
RS;tdiinc992j;p48p100;1999;305774.09;992;j
RS;tdiinc992j;p48p100;2000;334688.31;992;j
RS;tdiinc992j;p48p100;2001;332536.5;992;j
RS;tdiinc992j;p48p100;2002;356043.09;992;j
RS;tdiinc992j;p48p100;2003;369628.91;992;j
RS;tdiinc992j;p48p100;2004;414135.09;992;j
RS;tdiinc992j;p48p100;2005;452634.81;992;j
RS;tdiinc992j;p48p100;2006;474426.59;992;j
RS;tdiinc992j;p48p100;2007;491306.0;992;j
RS;tdiinc992j;p48p100;2008;522228.31;992;j
RS;tdiinc992j;p48p100;2009;507903.5;992;j
RS;tdiinc992j;p48p100;2010;498883.31;992;j
RS;tdiinc992j;p48p100;2011;495702.41;992;j
RS;tdiinc992j;p48p100;2012;486339.41;992;j
RS;tdiinc992j;p48p100;2013;501520.5;992;j
RS;tdiinc992j;p48p100;2014;481530.31;992;j
RS;tdiinc992j;p48p100;2015;482604.69;992;j
RS;tdiinc992j;p48p100;2016;494897.69;992;j
RS;tdiinc992j;p48p100;2017;497465.09;992;j
RS;tdiinc992j;p99.1p99.2;1990;2963949.0;992;j
RS;tdiinc992j;p99.1p99.2;1991;2567931.5;992;j
RS;tdiinc992j;p99.1p99.2;1992;1761585.4;992;j
RS;tdiinc992j;p99.1p99.2;1993;1147502.1;992;j
RS;tdiinc992j;p99.1p99.2;1994;1183599.4;992;j
RS;tdiinc992j;p99.1p99.2;1995;1251284.3;992;j
RS;tdiinc992j;p99.1p99.2;1996;1254830.1;992;j
RS;tdiinc992j;p99.1p99.2;1997;1321709.5;992;j
RS;tdiinc992j;p99.1p99.2;1998;1423618.0;992;j
RS;tdiinc992j;p99.1p99.2;1999;1609234.1;992;j
RS;tdiinc992j;p99.1p99.2;2000;1841297.6;992;j
RS;tdiinc992j;p99.1p99.2;2001;1867214.9;992;j
RS;tdiinc992j;p99.1p99.2;2002;2062806.6;992;j
RS;tdiinc992j;p99.1p99.2;2003;2154464.5;992;j
RS;tdiinc992j;p99.1p99.2;2004;2462852.3;992;j
RS;tdiinc992j;p99.1p99.2;2005;2806959.5;992;j
RS;tdiinc992j;p99.1p99.2;2006;3068695.8;992;j
RS;tdiinc992j;p99.1p99.2;2007;3134232.3;992;j
RS;tdiinc992j;p99.1p99.2;2008;3383033.0;992;j
RS;tdiinc992j;p99.1p99.2;2009;3384300.3;992;j
RS;tdiinc992j;p99.1p99.2;2010;3511918.8;992;j
RS;tdiinc992j;p99.1p99.2;2011;3636929.5;992;j
RS;tdiinc992j;p99.1p99.2;2012;3660271.0;992;j
RS;tdiinc992j;p99.1p99.2;2013;3712430.8;992;j
RS;tdiinc992j;p99.1p99.2;2014;3547739.0;992;j
RS;tdiinc992j;p99.1p99.2;2015;3739133.3;992;j
RS;tdiinc992j;p99.1p99.2;2016;3894793.5;992;j
RS;tdiinc992j;p99.1p99.2;2017;3922627.5;992;j
RS;tdiinc992j;p99.992p100;1990;30905778.0;992;j
RS;tdiinc992j;p99.992p100;1991;25624884.0;992;j
RS;tdiinc992j;p99.992p100;1992;16549404.0;992;j
RS;tdiinc992j;p99.992p100;1993;10352741.0;992;j
RS;tdiinc992j;p99.992p100;1994;10391435.0;992;j
RS;tdiinc992j;p99.992p100;1995;10731636.0;992;j
RS;tdiinc992j;p99.992p100;1996;10452988.0;992;j
RS;tdiinc992j;p99.992p100;1997;10662792.0;992;j
RS;tdiinc992j;p99.992p100;1998;11961991.0;992;j
RS;tdiinc992j;p99.992p100;1999;15457264.0;992;j
RS;tdiinc992j;p99.992p100;2000;18009996.0;992;j
RS;tdiinc992j;p99.992p100;2001;20108726.0;992;j
RS;tdiinc992j;p99.992p100;2002;20793004.0;992;j
RS;tdiinc992j;p99.992p100;2003;21644540.0;992;j
RS;tdiinc992j;p99.992p100;2004;24747440.0;992;j
RS;tdiinc992j;p99.992p100;2005;29458306.0;992;j
RS;tdiinc992j;p99.992p100;2006;29681850.0;992;j
RS;tdiinc992j;p99.992p100;2007;27314696.0;992;j
RS;tdiinc992j;p99.992p100;2008;26594194.0;992;j
RS;tdiinc992j;p99.992p100;2009;30702188.0;992;j
RS;tdiinc992j;p99.992p100;2010;29994372.0;992;j
RS;tdiinc992j;p99.992p100;2011;29984366.0;992;j
RS;tdiinc992j;p99.992p100;2012;41448572.0;992;j
RS;tdiinc992j;p99.992p100;2013;34351560.0;992;j
RS;tdiinc992j;p99.992p100;2014;53492668.0;992;j
RS;tdiinc992j;p99.992p100;2015;76809672.0;992;j
RS;tdiinc992j;p99.992p100;2016;80229640.0;992;j
RS;tdiinc992j;p99.992p100;2017;80915056.0;992;j
RS;tptinc992j;p56p100;1990;659578.31;992;j
RS;tptinc992j;p56p100;1991;571068.81;992;j
RS;tptinc992j;p56p100;1992;390351.5;992;j
RS;tptinc992j;p56p100;1993;252487.8;992;j
RS;tptinc992j;p56p100;1994;259382.5;992;j
RS;tptinc992j;p56p100;1995;272799.91;992;j
RS;tptinc992j;p56p100;1996;274572.09;992;j
RS;tptinc992j;p56p100;1997;290625.5;992;j
RS;tptinc992j;p56p100;1998;302849.41;992;j
RS;tptinc992j;p56p100;1999;328742.5;992;j
RS;tptinc992j;p56p100;2000;357931.0;992;j
RS;tptinc992j;p56p100;2001;353983.19;992;j
RS;tptinc992j;p56p100;2002;379736.81;992;j
RS;tptinc992j;p56p100;2003;398160.69;992;j
RS;tptinc992j;p56p100;2004;441626.5;992;j
RS;tptinc992j;p56p100;2005;487173.19;992;j
RS;tptinc992j;p56p100;2006;514597.81;992;j
RS;tptinc992j;p56p100;2007;534933.31;992;j
RS;tptinc992j;p56p100;2008;567797.81;992;j
RS;tptinc992j;p56p100;2009;558951.81;992;j
RS;tptinc992j;p56p100;2010;549508.81;992;j
RS;tptinc992j;p56p100;2011;543873.81;992;j
RS;tptinc992j;p56p100;2012;547232.31;992;j
RS;tptinc992j;p56p100;2013;567534.13;992;j
RS;tptinc992j;p56p100;2014;540570.5;992;j
RS;tptinc992j;p56p100;2015;556819.19;992;j
RS;tptinc992j;p56p100;2016;573654.63;992;j
RS;tptinc992j;p56p100;2017;576840.81;992;j
RS;tptinc992j;p61p100;1990;722871.81;992;j
RS;tptinc992j;p61p100;1991;624307.81;992;j
RS;tptinc992j;p61p100;1992;425984.59;992;j
RS;tptinc992j;p61p100;1993;275019.19;992;j
RS;tptinc992j;p61p100;1994;282080.69;992;j
RS;tptinc992j;p61p100;1995;296581.31;992;j
RS;tptinc992j;p61p100;1996;298024.91;992;j
RS;tptinc992j;p61p100;1997;314963.91;992;j
RS;tptinc992j;p61p100;1998;330030.09;992;j
RS;tptinc992j;p61p100;1999;359921.19;992;j
RS;tptinc992j;p61p100;2000;389419.69;992;j
RS;tptinc992j;p61p100;2001;383591.81;992;j
RS;tptinc992j;p61p100;2002;413987.19;992;j
RS;tptinc992j;p61p100;2003;435167.91;992;j
RS;tptinc992j;p61p100;2004;482211.91;992;j
RS;tptinc992j;p61p100;2005;533921.5;992;j
RS;tptinc992j;p61p100;2006;565711.69;992;j
RS;tptinc992j;p61p100;2007;590871.19;992;j
RS;tptinc992j;p61p100;2008;631062.88;992;j
RS;tptinc992j;p61p100;2009;619072.13;992;j
RS;tptinc992j;p61p100;2010;611475.31;992;j
RS;tptinc992j;p61p100;2011;607098.88;992;j
RS;tptinc992j;p61p100;2012;607536.38;992;j
RS;tptinc992j;p61p100;2013;634640.69;992;j
RS;tptinc992j;p61p100;2014;610237.0;992;j
RS;tptinc992j;p61p100;2015;622647.63;992;j
RS;tptinc992j;p61p100;2016;641640.81;992;j
RS;tptinc992j;p61p100;2017;644916.63;992;j
RS;tptinc992j;p64p100;1990;765801.19;992;j
RS;tptinc992j;p64p100;1991;663344.81;992;j
RS;tptinc992j;p64p100;1992;452777.69;992;j
RS;tptinc992j;p64p100;1993;292575.31;992;j
RS;tptinc992j;p64p100;1994;300045.31;992;j
RS;tptinc992j;p64p100;1995;315365.69;992;j
RS;tptinc992j;p64p100;1996;317164.09;992;j
RS;tptinc992j;p64p100;1997;335520.81;992;j
RS;tptinc992j;p64p100;1998;351957.31;992;j
RS;tptinc992j;p64p100;1999;381656.81;992;j
RS;tptinc992j;p64p100;2000;413023.0;992;j
RS;tptinc992j;p64p100;2001;408193.91;992;j
RS;tptinc992j;p64p100;2002;441413.5;992;j
RS;tptinc992j;p64p100;2003;463940.19;992;j
RS;tptinc992j;p64p100;2004;514326.31;992;j
RS;tptinc992j;p64p100;2005;569238.63;992;j
RS;tptinc992j;p64p100;2006;604817.38;992;j
RS;tptinc992j;p64p100;2007;632919.88;992;j
RS;tptinc992j;p64p100;2008;677316.81;992;j
RS;tptinc992j;p64p100;2009;665123.81;992;j
RS;tptinc992j;p64p100;2010;657935.38;992;j
RS;tptinc992j;p64p100;2011;653328.81;992;j
RS;tptinc992j;p64p100;2012;659077.0;992;j
RS;tptinc992j;p64p100;2013;686101.81;992;j
RS;tptinc992j;p64p100;2014;656411.31;992;j
RS;tptinc992j;p64p100;2015;668540.69;992;j
RS;tptinc992j;p64p100;2016;689128.63;992;j
RS;tptinc992j;p64p100;2017;693158.31;992;j
RS;tptinc992j;p99.9p99.91;1990;9651916.0;992;j
RS;tptinc992j;p99.9p99.91;1991;8538024.0;992;j
RS;tptinc992j;p99.9p99.91;1992;5943829.5;992;j
RS;tptinc992j;p99.9p99.91;1993;3925426.0;992;j
RS;tptinc992j;p99.9p99.91;1994;4111077.8;992;j
RS;tptinc992j;p99.9p99.91;1995;4420984.0;992;j
RS;tptinc992j;p99.9p99.91;1996;4507710.0;992;j
RS;tptinc992j;p99.9p99.91;1997;4833000.5;992;j
RS;tptinc992j;p99.9p99.91;1998;5124608.5;992;j
RS;tptinc992j;p99.9p99.91;1999;5858410.0;992;j
RS;tptinc992j;p99.9p99.91;2000;6845884.5;992;j
RS;tptinc992j;p99.9p99.91;2001;7114370.0;992;j
RS;tptinc992j;p99.9p99.91;2002;7710666.5;992;j
RS;tptinc992j;p99.9p99.91;2003;8049192.0;992;j
RS;tptinc992j;p99.9p99.91;2004;9352049.0;992;j
RS;tptinc992j;p99.9p99.91;2005;10461566.0;992;j
RS;tptinc992j;p99.9p99.91;2006;11170424.0;992;j
RS;tptinc992j;p99.9p99.91;2007;10888814.0;992;j
RS;tptinc992j;p99.9p99.91;2008;11768191.0;992;j
RS;tptinc992j;p99.9p99.91;2009;11596786.0;992;j
RS;tptinc992j;p99.9p99.91;2010;11934783.0;992;j
RS;tptinc992j;p99.9p99.91;2011;12445547.0;992;j
RS;tptinc992j;p99.9p99.91;2012;11510178.0;992;j
RS;tptinc992j;p99.9p99.91;2013;11935089.0;992;j
RS;tptinc992j;p99.9p99.91;2014;14075894.0;992;j
RS;tptinc992j;p99.9p99.91;2015;13677365.0;992;j
RS;tptinc992j;p99.9p99.91;2016;14115144.0;992;j
RS;tptinc992j;p99.9p99.91;2017;14221262.0;992;j
RS;acainc992j;p36p100;1990;709330.31;992;j
RS;acainc992j;p36p100;1991;614717.31;992;j
RS;acainc992j;p36p100;1992;420084.5;992;j
RS;acainc992j;p36p100;1993;271867.0;992;j
RS;acainc992j;p36p100;1994;279419.31;992;j
RS;acainc992j;p36p100;1995;294305.09;992;j
RS;acainc992j;p36p100;1996;296003.19;992;j
RS;acainc992j;p36p100;1997;311611.91;992;j
RS;acainc992j;p36p100;1998;340124.41;992;j
RS;acainc992j;p36p100;1999;388404.91;992;j
RS;acainc992j;p36p100;2000;422421.5;992;j
RS;acainc992j;p36p100;2001;412219.5;992;j
RS;acainc992j;p36p100;2002;435483.09;992;j
RS;acainc992j;p36p100;2003;460205.91;992;j
RS;acainc992j;p36p100;2004;555535.0;992;j
RS;acainc992j;p36p100;2005;635070.19;992;j
RS;acainc992j;p36p100;2006;675160.88;992;j
RS;acainc992j;p36p100;2007;676724.88;992;j
RS;acainc992j;p36p100;2008;727564.5;992;j
RS;acainc992j;p36p100;2009;722556.81;992;j
RS;acainc992j;p36p100;2010;731884.0;992;j
RS;acainc992j;p36p100;2011;745323.81;992;j
RS;acainc992j;p36p100;2012;745491.13;992;j
RS;acainc992j;p36p100;2013;765237.5;992;j
RS;acainc992j;p36p100;2014;735258.19;992;j
RS;acainc992j;p36p100;2015;753903.5;992;j
RS;acainc992j;p36p100;2016;781824.0;992;j
RS;acainc992j;p36p100;2017;782585.19;992;j
RS;acainc992j;p49p50;1990;430061.41;992;j
RS;acainc992j;p49p50;1991;374878.91;992;j
RS;acainc992j;p49p50;1992;257368.5;992;j
RS;acainc992j;p49p50;1993;167111.09;992;j
RS;acainc992j;p49p50;1994;172295.8;992;j
RS;acainc992j;p49p50;1995;181964.59;992;j
RS;acainc992j;p49p50;1996;183912.5;992;j
RS;acainc992j;p49p50;1997;194574.5;992;j
RS;acainc992j;p49p50;1998;207806.59;992;j
RS;acainc992j;p49p50;1999;236723.0;992;j
RS;acainc992j;p49p50;2000;255063.0;992;j
RS;acainc992j;p49p50;2001;246727.5;992;j
RS;acainc992j;p49p50;2002;256300.59;992;j
RS;acainc992j;p49p50;2003;267458.19;992;j
RS;acainc992j;p49p50;2004;318324.91;992;j
RS;acainc992j;p49p50;2005;354330.81;992;j
RS;acainc992j;p49p50;2006;370370.59;992;j
RS;acainc992j;p49p50;2007;370170.59;992;j
RS;acainc992j;p49p50;2008;394858.09;992;j
RS;acainc992j;p49p50;2009;387620.91;992;j
RS;acainc992j;p49p50;2010;381011.31;992;j
RS;acainc992j;p49p50;2011;380929.0;992;j
RS;acainc992j;p49p50;2012;373167.31;992;j
RS;acainc992j;p49p50;2013;384629.91;992;j
RS;acainc992j;p49p50;2014;368063.69;992;j
RS;acainc992j;p49p50;2015;369509.31;992;j
RS;acainc992j;p49p50;2016;383157.81;992;j
RS;acainc992j;p49p50;2017;383361.91;992;j
RS;acainc992j;p8p100;1990;557681.69;992;j
RS;acainc992j;p8p100;1991;484130.91;992;j
RS;acainc992j;p8p100;1992;331454.09;992;j
RS;acainc992j;p8p100;1993;214890.3;992;j
RS;acainc992j;p8p100;1994;221262.09;992;j
RS;acainc992j;p8p100;1995;233471.7;992;j
RS;acainc992j;p8p100;1996;235305.91;992;j
RS;acainc992j;p8p100;1997;248222.8;992;j
RS;acainc992j;p8p100;1998;272149.09;992;j
RS;acainc992j;p8p100;1999;310676.0;992;j
RS;acainc992j;p8p100;2000;337291.09;992;j
RS;acainc992j;p8p100;2001;328839.69;992;j
RS;acainc992j;p8p100;2002;344357.81;992;j
RS;acainc992j;p8p100;2003;362752.91;992;j
RS;acainc992j;p8p100;2004;433937.0;992;j
RS;acainc992j;p8p100;2005;494376.59;992;j
RS;acainc992j;p8p100;2006;521776.91;992;j
RS;acainc992j;p8p100;2007;521464.41;992;j
RS;acainc992j;p8p100;2008;558445.69;992;j
RS;acainc992j;p8p100;2009;552210.69;992;j
RS;acainc992j;p8p100;2010;554739.69;992;j
RS;acainc992j;p8p100;2011;560731.38;992;j
RS;acainc992j;p8p100;2012;560335.5;992;j
RS;acainc992j;p8p100;2013;571761.31;992;j
RS;acainc992j;p8p100;2014;558023.88;992;j
RS;acainc992j;p8p100;2015;565387.31;992;j
RS;acainc992j;p8p100;2016;586369.19;992;j
RS;acainc992j;p8p100;2017;586883.63;992;j
RS;adiinc992j;p55p100;1990;1159362.6;992;j
RS;adiinc992j;p55p100;1991;1003928.4;992;j
RS;adiinc992j;p55p100;1992;685597.0;992;j
RS;adiinc992j;p55p100;1993;443499.69;992;j
RS;adiinc992j;p55p100;1994;455587.91;992;j
RS;adiinc992j;p55p100;1995;479646.59;992;j
RS;adiinc992j;p55p100;1996;481981.91;992;j
RS;adiinc992j;p55p100;1997;509023.81;992;j
RS;adiinc992j;p55p100;1998;537318.13;992;j
RS;adiinc992j;p55p100;1999;591290.88;992;j
RS;adiinc992j;p55p100;2000;650952.31;992;j
RS;adiinc992j;p55p100;2001;650743.0;992;j
RS;adiinc992j;p55p100;2002;707912.5;992;j
RS;adiinc992j;p55p100;2003;746827.0;992;j
RS;adiinc992j;p55p100;2004;852293.81;992;j
RS;adiinc992j;p55p100;2005;958230.81;992;j
RS;adiinc992j;p55p100;2006;1022510.9;992;j
RS;adiinc992j;p55p100;2007;1056737.8;992;j
RS;adiinc992j;p55p100;2008;1130656.3;992;j
RS;adiinc992j;p55p100;2009;1118374.0;992;j
RS;adiinc992j;p55p100;2010;1135660.6;992;j
RS;adiinc992j;p55p100;2011;1154430.3;992;j
RS;adiinc992j;p55p100;2012;1156522.1;992;j
RS;adiinc992j;p55p100;2013;1188968.3;992;j
RS;adiinc992j;p55p100;2014;1139500.0;992;j
RS;adiinc992j;p55p100;2015;1169802.8;992;j
RS;adiinc992j;p55p100;2016;1212377.8;992;j
RS;adiinc992j;p55p100;2017;1220384.6;992;j
RS;adiinc992j;p96p100;1990;2899896.0;992;j
RS;adiinc992j;p96p100;1991;2496754.5;992;j
RS;adiinc992j;p96p100;1992;1697936.3;992;j
RS;adiinc992j;p96p100;1993;1099160.1;992;j
RS;adiinc992j;p96p100;1994;1129274.8;992;j
RS;adiinc992j;p96p100;1995;1189772.5;992;j
RS;adiinc992j;p96p100;1996;1189454.3;992;j
RS;adiinc992j;p96p100;1997;1248760.0;992;j
RS;adiinc992j;p96p100;1998;1348697.5;992;j
RS;adiinc992j;p96p100;1999;1544666.3;992;j
RS;adiinc992j;p96p100;2000;1762192.4;992;j
RS;adiinc992j;p96p100;2001;1808637.4;992;j
RS;adiinc992j;p96p100;2002;1975017.5;992;j
RS;adiinc992j;p96p100;2003;2066717.5;992;j
RS;adiinc992j;p96p100;2004;2365400.5;992;j
RS;adiinc992j;p96p100;2005;2710890.5;992;j
RS;adiinc992j;p96p100;2006;2922346.0;992;j
RS;adiinc992j;p96p100;2007;2950432.5;992;j
RS;adiinc992j;p96p100;2008;3144559.8;992;j
RS;adiinc992j;p96p100;2009;3194229.8;992;j
RS;adiinc992j;p96p100;2010;3286819.0;992;j
RS;adiinc992j;p96p100;2011;3386351.0;992;j
RS;adiinc992j;p96p100;2012;3545603.5;992;j
RS;adiinc992j;p96p100;2013;3500723.0;992;j
RS;adiinc992j;p96p100;2014;3626857.5;992;j
RS;adiinc992j;p96p100;2015;4122196.8;992;j
RS;adiinc992j;p96p100;2016;4295554.0;992;j
RS;adiinc992j;p96p100;2017;4327976.0;992;j
RS;afinpx992i;p0p100;2002;7742.6001;992;i
RS;afinpx992i;p0p100;2003;8963.0;992;i
RS;afinpx992i;p0p100;2004;11073.6;992;i
RS;afinpx992i;p0p100;2005;15507.6;992;i
RS;afinpx992i;p0p100;2006;19179.4;992;i
RS;afinpx992i;p0p100;2007;40089.199;992;i
RS;afinpx992i;p0p100;2008;39030.699;992;i
RS;afinpx992i;p0p100;2009;26596.0;992;i
RS;afinpx992i;p0p100;2010;30782.801;992;i
RS;afinpx992i;p0p100;2011;47900.898;992;i
RS;afinpx992i;p0p100;2012;46945.699;992;i
RS;afinpx992i;p0p100;2013;51607.602;992;i
RS;afinpx992i;p0p100;2014;51096.602;992;i
RS;afinpx992i;p0p100;2015;60740.301;992;i
RS;afinpx992i;p0p100;2016;64825.398;992;i
RS;afinpx992i;p0p100;2017;72994.703;992;i
RS;afinpx992i;p0p100;2018;62078.102;992;i
RS;agsrfc999i;p0p100;1997;4809.3999;999;i
RS;agsrfc999i;p0p100;1998;5274.2998;999;i
RS;agsrfc999i;p0p100;1999;986.09998;999;i
RS;agsrfc999i;p0p100;2000;-476.10001;999;i
RS;agsrfc999i;p0p100;2001;1710.3;999;i
RS;agsrfc999i;p0p100;2002;4709.2998;999;i
RS;agsrfc999i;p0p100;2003;1976.7;999;i
RS;agsrfc999i;p0p100;2004;1516.8;999;i
RS;agsrfc999i;p0p100;2005;672.90002;999;i
RS;agsrfc999i;p0p100;2006;375.29999;999;i
RS;agsrfc999i;p0p100;2007;1847.6;999;i
RS;agsrfc999i;p0p100;2008;2330.0;999;i
RS;agsrfc999i;p0p100;2009;2572.3999;999;i
RS;agsrfc999i;p0p100;2010;2906.8999;999;i
RS;agsrfc999i;p0p100;2011;3967.8999;999;i
RS;agsrnp999i;p0p100;1997;39.400002;999;i
RS;agsrnp999i;p0p100;1998;41.599998;999;i
RS;agsrnp999i;p0p100;1999;50.900002;999;i
RS;agsrnp999i;p0p100;2000;57.0;999;i
RS;agsrnp999i;p0p100;2001;66.400002;999;i
RS;agsrnp999i;p0p100;2002;81.800003;999;i
RS;agsrnp999i;p0p100;2003;87.800003;999;i
RS;agsrnp999i;p0p100;2004;118.6;999;i
RS;agsrnp999i;p0p100;2005;118.2;999;i
RS;agsrnp999i;p0p100;2006;101.2;999;i
RS;agsrnp999i;p0p100;2007;96.800003;999;i
RS;agsrnp999i;p0p100;2008;96.300003;999;i
RS;agsrnp999i;p0p100;2009;90.0;999;i
RS;agsrnp999i;p0p100;2010;90.0;999;i
RS;agsrnp999i;p0p100;2011;98.199997;999;i
RS;annfin992i;p0p100;1997;-1470.8;992;i
RS;annfin992i;p0p100;1998;-1641.6;992;i
RS;annfin992i;p0p100;1999;-1088.2;992;i
RS;annfin992i;p0p100;2000;-1284.9;992;i
RS;annfin992i;p0p100;2001;-1308.3;992;i
RS;annfin992i;p0p100;2002;-4936.3999;992;i
RS;annfin992i;p0p100;2003;-6766.0;992;i
RS;annfin992i;p0p100;2004;-8857.2998;992;i
RS;annfin992i;p0p100;2005;-10832.8;992;i
RS;annfin992i;p0p100;2006;-11668.1;992;i
RS;annfin992i;p0p100;2007;-24972.699;992;i
RS;annfin992i;p0p100;2008;-23280.301;992;i
RS;annfin992i;p0p100;2009;-12152.6;992;i
RS;annfin992i;p0p100;2010;-17209.301;992;i
RS;annfin992i;p0p100;2011;-34321.5;992;i
RS;annfin992i;p0p100;2012;-28363.6;992;i
RS;annfin992i;p0p100;2013;-35049.801;992;i
RS;annfin992i;p0p100;2014;-33425.301;992;i
RS;annfin992i;p0p100;2015;-41581.5;992;i
RS;annfin992i;p0p100;2016;-48195.0;992;i
RS;annfin992i;p0p100;2017;-58470.898;992;i
RS;annfin992i;p0p100;2018;-48517.102;992;i
RS;annfin992i;p0p100;2019;-50993.5;992;i
RS;aprggo992i;p0p100;1997;50211.199;992;i
RS;aprggo992i;p0p100;1998;54907.699;992;i
RS;aprggo992i;p0p100;1999;56119.199;992;i
RS;aprggo992i;p0p100;2000;59631.898;992;i
RS;aprggo992i;p0p100;2001;83454.797;992;i
RS;aprggo992i;p0p100;2002;109234.0;992;i
RS;aprggo992i;p0p100;2003;120561.3;992;i
RS;aprggo992i;p0p100;2004;119819.2;992;i
RS;aprggo992i;p0p100;2005;132692.5;992;i
RS;aprggo992i;p0p100;2006;131999.3;992;i
RS;aprggo992i;p0p100;2007;145332.8;992;i
RS;aprggo992i;p0p100;2008;157800.3;992;i
RS;aprggo992i;p0p100;2009;159879.59;992;i
RS;aprggo992i;p0p100;2010;161428.5;992;i
RS;aprggo992i;p0p100;2011;138825.91;992;i
RS;aptinc992j;p34p35;1990;433183.69;992;j
RS;aptinc992j;p34p35;1991;374828.41;992;j
RS;aptinc992j;p34p35;1992;255845.0;992;j
RS;aptinc992j;p34p35;1993;165358.91;992;j
RS;aptinc992j;p34p35;1994;169781.0;992;j
RS;aptinc992j;p34p35;1995;178530.3;992;j
RS;aptinc992j;p34p35;1996;179646.09;992;j
RS;aptinc992j;p34p35;1997;190090.59;992;j
RS;aptinc992j;p34p35;1998;196273.3;992;j
RS;aptinc992j;p34p35;1999;214607.2;992;j
RS;aptinc992j;p34p35;2000;233184.7;992;j
RS;aptinc992j;p34p35;2001;231097.3;992;j
RS;aptinc992j;p34p35;2002;245979.0;992;j
RS;aptinc992j;p34p35;2003;255498.41;992;j
RS;aptinc992j;p34p35;2004;280796.5;992;j
RS;aptinc992j;p34p35;2005;304732.81;992;j
RS;aptinc992j;p34p35;2006;314873.0;992;j
RS;aptinc992j;p34p35;2007;329840.41;992;j
RS;aptinc992j;p34p35;2008;340516.59;992;j
RS;aptinc992j;p34p35;2009;327325.69;992;j
RS;aptinc992j;p34p35;2010;315902.69;992;j
RS;aptinc992j;p34p35;2011;301068.69;992;j
RS;aptinc992j;p34p35;2012;299535.0;992;j
RS;aptinc992j;p34p35;2013;308045.09;992;j
RS;aptinc992j;p34p35;2014;286938.91;992;j
RS;aptinc992j;p34p35;2015;306317.69;992;j
RS;aptinc992j;p34p35;2016;315726.91;992;j
RS;aptinc992j;p34p35;2017;317294.19;992;j
RS;aptinc992j;p37p38;1990;466816.59;992;j
RS;aptinc992j;p37p38;1991;403047.19;992;j
RS;aptinc992j;p37p38;1992;274490.0;992;j
RS;aptinc992j;p37p38;1993;176988.91;992;j
RS;aptinc992j;p37p38;1994;181301.5;992;j
RS;aptinc992j;p37p38;1995;190159.2;992;j
RS;aptinc992j;p37p38;1996;190851.59;992;j
RS;aptinc992j;p37p38;1997;201458.7;992;j
RS;aptinc992j;p37p38;1998;206406.41;992;j
RS;aptinc992j;p37p38;1999;225971.0;992;j
RS;aptinc992j;p37p38;2000;245533.3;992;j
RS;aptinc992j;p37p38;2001;243918.3;992;j
RS;aptinc992j;p37p38;2002;259915.3;992;j
RS;aptinc992j;p37p38;2003;271311.0;992;j
RS;aptinc992j;p37p38;2004;299603.41;992;j
RS;aptinc992j;p37p38;2005;325475.69;992;j
RS;aptinc992j;p37p38;2006;339687.91;992;j
RS;aptinc992j;p37p38;2007;354202.0;992;j
RS;aptinc992j;p37p38;2008;370250.91;992;j
RS;aptinc992j;p37p38;2009;358764.41;992;j
RS;aptinc992j;p37p38;2010;350012.31;992;j
RS;aptinc992j;p37p38;2011;336690.59;992;j
RS;aptinc992j;p37p38;2012;334015.41;992;j
RS;aptinc992j;p37p38;2013;347064.5;992;j
RS;aptinc992j;p37p38;2014;325281.91;992;j
RS;aptinc992j;p37p38;2015;342076.69;992;j
RS;aptinc992j;p37p38;2016;352597.31;992;j
RS;aptinc992j;p37p38;2017;354386.81;992;j
RS;aptinc992j;p45p100;1990;1099709.8;992;j
RS;aptinc992j;p45p100;1991;955234.13;992;j
RS;aptinc992j;p45p100;1992;654351.38;992;j
RS;aptinc992j;p45p100;1993;424463.69;992;j
RS;aptinc992j;p45p100;1994;437278.69;992;j
RS;aptinc992j;p45p100;1995;461657.31;992;j
RS;aptinc992j;p45p100;1996;465391.81;992;j
RS;aptinc992j;p45p100;1997;493423.69;992;j
RS;aptinc992j;p45p100;1998;517365.19;992;j
RS;aptinc992j;p45p100;1999;566578.63;992;j
RS;aptinc992j;p45p100;2000;625006.38;992;j
RS;aptinc992j;p45p100;2001;624192.38;992;j
RS;aptinc992j;p45p100;2002;678297.31;992;j
RS;aptinc992j;p45p100;2003;715653.38;992;j
RS;aptinc992j;p45p100;2004;811917.31;992;j
RS;aptinc992j;p45p100;2005;912370.0;992;j
RS;aptinc992j;p45p100;2006;970740.19;992;j
RS;aptinc992j;p45p100;2007;1004660.5;992;j
RS;aptinc992j;p45p100;2008;1077705.9;992;j
RS;aptinc992j;p45p100;2009;1064260.8;992;j
RS;aptinc992j;p45p100;2010;1074435.3;992;j
RS;aptinc992j;p45p100;2011;1088345.3;992;j
RS;aptinc992j;p45p100;2012;1090295.5;992;j
RS;aptinc992j;p45p100;2013;1117484.8;992;j
RS;aptinc992j;p45p100;2014;1100673.3;992;j
RS;aptinc992j;p45p100;2015;1102313.1;992;j
RS;aptinc992j;p45p100;2016;1136409.0;992;j
RS;aptinc992j;p45p100;2017;1143389.4;992;j
RS;aptinc992j;p48p100;1990;1130922.0;992;j
RS;aptinc992j;p48p100;1991;982500.88;992;j
RS;aptinc992j;p48p100;1992;673133.0;992;j
RS;aptinc992j;p48p100;1993;436718.59;992;j
RS;aptinc992j;p48p100;1994;449978.5;992;j
RS;aptinc992j;p48p100;1995;475139.5;992;j
RS;aptinc992j;p48p100;1996;479039.19;992;j
RS;aptinc992j;p48p100;1997;507953.69;992;j
RS;aptinc992j;p48p100;1998;532878.19;992;j
RS;aptinc992j;p48p100;1999;583613.0;992;j
RS;aptinc992j;p48p100;2000;644046.0;992;j
RS;aptinc992j;p48p100;2001;643267.69;992;j
RS;aptinc992j;p48p100;2002;699340.88;992;j
RS;aptinc992j;p48p100;2003;738020.81;992;j
RS;aptinc992j;p48p100;2004;837800.69;992;j
RS;aptinc992j;p48p100;2005;942027.13;992;j
RS;aptinc992j;p48p100;2006;1002567.9;992;j
RS;aptinc992j;p48p100;2007;1037416.3;992;j
RS;aptinc992j;p48p100;2008;1113252.9;992;j
RS;aptinc992j;p48p100;2009;1099635.9;992;j
RS;aptinc992j;p48p100;2010;1110922.9;992;j
RS;aptinc992j;p48p100;2011;1126029.8;992;j
RS;aptinc992j;p48p100;2012;1128407.0;992;j
RS;aptinc992j;p48p100;2013;1156014.5;992;j
RS;aptinc992j;p48p100;2014;1139527.8;992;j
RS;aptinc992j;p48p100;2015;1140471.3;992;j
RS;aptinc992j;p48p100;2016;1175754.3;992;j
RS;aptinc992j;p48p100;2017;1182999.3;992;j
RS;asavgo999i;p0p100;1997;-21283.5;999;i
RS;asavgo999i;p0p100;1998;-24058.6;999;i
RS;asavgo999i;p0p100;1999;-22503.6;999;i
RS;asavgo999i;p0p100;2000;-29288.6;999;i
RS;asavgo999i;p0p100;2001;-18955.1;999;i
RS;asavgo999i;p0p100;2002;-15259.8;999;i
RS;asavgo999i;p0p100;2003;-11767.7;999;i
RS;asavgo999i;p0p100;2004;7162.6001;999;i
RS;asavgo999i;p0p100;2005;6161.7002;999;i
RS;asavgo999i;p0p100;2006;1212.9;999;i
RS;asavgo999i;p0p100;2007;-2356.3;999;i
RS;asavgo999i;p0p100;2008;-8972.0996;999;i
RS;asavgo999i;p0p100;2009;-19178.5;999;i
RS;asavgo999i;p0p100;2010;-15883.3;999;i
RS;asavgo999i;p0p100;2011;-11809.0;999;i
RS;ataxgo999i;p0p100;1997;53347.4;999;i
RS;ataxgo999i;p0p100;1998;54008.7;999;i
RS;ataxgo999i;p0p100;1999;53831.5;999;i
RS;ataxgo999i;p0p100;2000;55692.9;999;i
RS;ataxgo999i;p0p100;2001;66489.1;999;i
RS;ataxgo999i;p0p100;2002;81138.3;999;i
RS;ataxgo999i;p0p100;2003;78344.5;999;i
RS;ataxgo999i;p0p100;2004;90348.3;999;i
RS;ataxgo999i;p0p100;2005;96514.5;999;i
RS;ataxgo999i;p0p100;2006;109880.0;999;i
RS;ataxgo999i;p0p100;2007;114495.2;999;i
RS;ataxgo999i;p0p100;2008;119954.0;999;i
RS;ataxgo999i;p0p100;2009;111829.6;999;i
RS;ataxgo999i;p0p100;2010;113669.9;999;i
RS;ataxgo999i;p0p100;2011;120919.5;999;i
RS;bcainc992j;p20p100;1990;3.2239506;992;j
RS;bcainc992j;p20p100;1991;3.1651964;992;j
RS;bcainc992j;p20p100;1992;3.0930233;992;j
RS;bcainc992j;p20p100;1993;3.0328918;992;j
RS;bcainc992j;p20p100;1994;2.9757953;992;j
RS;bcainc992j;p20p100;1995;2.9253759;992;j
RS;bcainc992j;p20p100;1996;2.8671687;992;j
RS;bcainc992j;p20p100;1997;2.8185012;992;j
RS;bcainc992j;p20p100;1998;2.6429696;992;j
RS;bcainc992j;p20p100;1999;2.6766984;992;j
RS;bcainc992j;p20p100;2000;2.6900823;992;j
RS;bcainc992j;p20p100;2001;2.6860626;992;j
RS;bcainc992j;p20p100;2002;2.9281912;992;j
RS;bcainc992j;p20p100;2003;3.0134525;992;j
RS;bcainc992j;p20p100;2004;3.2963595;992;j
RS;bcainc992j;p20p100;2005;3.3592;992;j
RS;bcainc992j;p20p100;2006;3.6817753;992;j
RS;bcainc992j;p20p100;2007;3.7415009;992;j
RS;bcainc992j;p20p100;2008;3.9361892;992;j
RS;bcainc992j;p20p100;2009;4.3873568;992;j
RS;bcainc992j;p20p100;2010;4.9642072;992;j
RS;bcainc992j;p20p100;2011;5.6769986;992;j
RS;bcainc992j;p20p100;2012;5.5484738;992;j
RS;bcainc992j;p20p100;2013;7.1052938;992;j
RS;bcainc992j;p20p100;2014;5.0126929;992;j
RS;bcainc992j;p20p100;2015;6.2666144;992;j
RS;bcainc992j;p20p100;2016;6.2528019;992;j
RS;bcainc992j;p20p100;2017;6.2714901;992;j
RS;bcainc992j;p26p100;1990;2.6716447;992;j
RS;bcainc992j;p26p100;1991;2.627553;992;j
RS;bcainc992j;p26p100;1992;2.5819449;992;j
RS;bcainc992j;p26p100;1993;2.5382597;992;j
RS;bcainc992j;p26p100;1994;2.4991498;992;j
RS;bcainc992j;p26p100;1995;2.4623079;992;j
RS;bcainc992j;p26p100;1996;2.4204023;992;j
RS;bcainc992j;p26p100;1997;2.3802669;992;j
RS;bcainc992j;p26p100;1998;2.3401558;992;j
RS;bcainc992j;p26p100;1999;2.3435938;992;j
RS;bcainc992j;p26p100;2000;2.3452981;992;j
RS;bcainc992j;p26p100;2001;2.3437967;992;j
RS;bcainc992j;p26p100;2002;2.4523633;992;j
RS;bcainc992j;p26p100;2003;2.5098479;992;j
RS;bcainc992j;p26p100;2004;2.6454406;992;j
RS;bcainc992j;p26p100;2005;2.7110617;992;j
RS;bcainc992j;p26p100;2006;2.877264;992;j
RS;bcainc992j;p26p100;2007;2.9238708;992;j
RS;bcainc992j;p26p100;2008;3.0389125;992;j
RS;bcainc992j;p26p100;2009;3.1986308;992;j
RS;bcainc992j;p26p100;2010;3.4996243;992;j
RS;bcainc992j;p26p100;2011;3.8373806;992;j
RS;bcainc992j;p26p100;2012;3.736573;992;j
RS;bcainc992j;p26p100;2013;4.4036403;992;j
RS;bcainc992j;p26p100;2014;3.7893038;992;j
RS;bcainc992j;p26p100;2015;4.2621956;992;j
RS;bcainc992j;p26p100;2016;4.2598562;992;j
RS;bcainc992j;p26p100;2017;4.2653151;992;j
RS;bcainc992j;p38p100;1990;2.071615;992;j
RS;bcainc992j;p38p100;1991;2.0628169;992;j
RS;bcainc992j;p38p100;1992;2.0533009;992;j
RS;bcainc992j;p38p100;1993;2.0445716;992;j
RS;bcainc992j;p38p100;1994;2.0359254;992;j
RS;bcainc992j;p38p100;1995;2.0289421;992;j
RS;bcainc992j;p38p100;1996;2.015573;992;j
RS;bcainc992j;p38p100;1997;2.0034685;992;j
RS;bcainc992j;p38p100;1998;2.0568705;992;j
RS;bcainc992j;p38p100;1999;2.061049;992;j
RS;bcainc992j;p38p100;2000;2.0886285;992;j
RS;bcainc992j;p38p100;2001;2.0943868;992;j
RS;bcainc992j;p38p100;2002;2.1646883;992;j
RS;bcainc992j;p38p100;2003;2.1749554;992;j
RS;bcainc992j;p38p100;2004;2.2502384;992;j
RS;bcainc992j;p38p100;2005;2.3114693;992;j
RS;bcainc992j;p38p100;2006;2.365273;992;j
RS;bcainc992j;p38p100;2007;2.3839386;992;j
RS;bcainc992j;p38p100;2008;2.4076624;992;j
RS;bcainc992j;p38p100;2009;2.4606347;992;j
RS;bcainc992j;p38p100;2010;2.5601428;992;j
RS;bcainc992j;p38p100;2011;2.6516235;992;j
RS;bcainc992j;p38p100;2012;2.717634;992;j
RS;bcainc992j;p38p100;2013;2.8119981;992;j
RS;bcainc992j;p38p100;2014;2.7112389;992;j
RS;bcainc992j;p38p100;2015;2.8252709;992;j
RS;bcainc992j;p38p100;2016;2.8237543;992;j
RS;bcainc992j;p38p100;2017;2.8259306;992;j
RS;bcainc992j;p47p100;1990;1.9191952;992;j
RS;bcainc992j;p47p100;1991;1.9004911;992;j
RS;bcainc992j;p47p100;1992;1.8832604;992;j
RS;bcainc992j;p47p100;1993;1.8729559;992;j
RS;bcainc992j;p47p100;1994;1.8624423;992;j
RS;bcainc992j;p47p100;1995;1.8508695;992;j
RS;bcainc992j;p47p100;1996;1.8355823;992;j
RS;bcainc992j;p47p100;1997;1.8235451;992;j
RS;bcainc992j;p47p100;1998;1.8806635;992;j
RS;bcainc992j;p47p100;1999;1.8869139;992;j
RS;bcainc992j;p47p100;2000;1.9089057;992;j
RS;bcainc992j;p47p100;2001;1.9226063;992;j
RS;bcainc992j;p47p100;2002;1.9739853;992;j
RS;bcainc992j;p47p100;2003;1.9902;992;j
RS;bcainc992j;p47p100;2004;2.0405312;992;j
RS;bcainc992j;p47p100;2005;2.0817425;992;j
RS;bcainc992j;p47p100;2006;2.1227462;992;j
RS;bcainc992j;p47p100;2007;2.1253376;992;j
RS;bcainc992j;p47p100;2008;2.1481543;992;j
RS;bcainc992j;p47p100;2009;2.1882424;992;j
RS;bcainc992j;p47p100;2010;2.2653279;992;j
RS;bcainc992j;p47p100;2011;2.3161962;992;j
RS;bcainc992j;p47p100;2012;2.3810148;992;j
RS;bcainc992j;p47p100;2013;2.3760509;992;j
RS;bcainc992j;p47p100;2014;2.368341;992;j
RS;bcainc992j;p47p100;2015;2.4460182;992;j
RS;bcainc992j;p47p100;2016;2.4465547;992;j
RS;bcainc992j;p47p100;2017;2.4480052;992;j
RS;bdiinc992j;p4p100;1990;5.6815791;992;j
RS;bdiinc992j;p4p100;1991;5.7117209;992;j
RS;bdiinc992j;p4p100;1992;5.6983595;992;j
RS;bdiinc992j;p4p100;1993;5.6695137;992;j
RS;bdiinc992j;p4p100;1994;5.6599832;992;j
RS;bdiinc992j;p4p100;1995;5.7143927;992;j
RS;bdiinc992j;p4p100;1996;5.7191739;992;j
RS;bdiinc992j;p4p100;1997;5.6590023;992;j
RS;bdiinc992j;p4p100;1998;5.9367652;992;j
RS;bdiinc992j;p4p100;1999;6.1428475;992;j
RS;bdiinc992j;p4p100;2000;6.115006;992;j
RS;bdiinc992j;p4p100;2001;6.0892472;992;j
RS;bdiinc992j;p4p100;2002;6.9962339;992;j
RS;bdiinc992j;p4p100;2003;7.3038883;992;j
RS;bdiinc992j;p4p100;2004;8.0798235;992;j
RS;bdiinc992j;p4p100;2005;8.3929958;992;j
RS;bdiinc992j;p4p100;2006;8.7135601;992;j
RS;bdiinc992j;p4p100;2007;9.0709925;992;j
RS;bdiinc992j;p4p100;2008;8.7317972;992;j
RS;bdiinc992j;p4p100;2009;8.4213629;992;j
RS;bdiinc992j;p4p100;2010;8.4008751;992;j
RS;bdiinc992j;p4p100;2011;9.1306372;992;j
RS;bdiinc992j;p4p100;2012;9.8025436;992;j
RS;bdiinc992j;p4p100;2013;7.2461958;992;j
RS;bdiinc992j;p4p100;2014;4.8845916;992;j
RS;bdiinc992j;p4p100;2015;6.0936995;992;j
RS;bdiinc992j;p4p100;2016;6.5019746;992;j
RS;bdiinc992j;p4p100;2017;6.5502481;992;j
RS;bptinc992j;p64p100;1990;1.7474544;992;j
RS;bptinc992j;p64p100;1991;1.7542745;992;j
RS;bptinc992j;p64p100;1992;1.762441;992;j
RS;bptinc992j;p64p100;1993;1.7711997;992;j
RS;bptinc992j;p64p100;1994;1.7812228;992;j
RS;bptinc992j;p64p100;1995;1.791201;992;j
RS;bptinc992j;p64p100;1996;1.796706;992;j
RS;bptinc992j;p64p100;1997;1.8019751;992;j
RS;bptinc992j;p64p100;1998;1.8048295;992;j
RS;bptinc992j;p64p100;1999;1.8246611;992;j
RS;bptinc992j;p64p100;2000;1.8674223;992;j
RS;bptinc992j;p64p100;2001;1.8908705;992;j
RS;bptinc992j;p64p100;2002;1.9057201;992;j
RS;bptinc992j;p64p100;2003;1.9157451;992;j
RS;bptinc992j;p64p100;2004;1.9710625;992;j
RS;bptinc992j;p64p100;2005;2.0095799;992;j
RS;bptinc992j;p64p100;2006;2.0154738;992;j
RS;bptinc992j;p64p100;2007;1.9906151;992;j
RS;bptinc992j;p64p100;2008;1.9990845;992;j
RS;bptinc992j;p64p100;2009;2.0133567;992;j
RS;bptinc992j;p64p100;2010;2.0662127;992;j
RS;bptinc992j;p64p100;2011;2.1176121;992;j
RS;bptinc992j;p64p100;2012;2.1024411;992;j
RS;bptinc992j;p64p100;2013;2.0633707;992;j
RS;bptinc992j;p64p100;2014;2.1390984;992;j
RS;bptinc992j;p64p100;2015;2.0923505;992;j
RS;bptinc992j;p64p100;2016;2.092762;992;j
RS;bptinc992j;p64p100;2017;2.0936747;992;j
RS;bptinc992j;p99.8p100;1990;2.0299265;992;j
RS;bptinc992j;p99.8p100;1991;2.0517023;992;j
RS;bptinc992j;p99.8p100;1992;2.0607133;992;j
RS;bptinc992j;p99.8p100;1993;2.0819714;992;j
RS;bptinc992j;p99.8p100;1994;2.086592;992;j
RS;bptinc992j;p99.8p100;1995;2.1061208;992;j
RS;bptinc992j;p99.8p100;1996;2.1237266;992;j
RS;bptinc992j;p99.8p100;1997;2.1437483;992;j
RS;bptinc992j;p99.8p100;1998;2.1155624;992;j
RS;bptinc992j;p99.8p100;1999;2.1724865;992;j
RS;bptinc992j;p99.8p100;2000;2.1948304;992;j
RS;bptinc992j;p99.8p100;2001;2.2561264;992;j
RS;bptinc992j;p99.8p100;2002;2.2043657;992;j
RS;bptinc992j;p99.8p100;2003;2.1736102;992;j
RS;bptinc992j;p99.8p100;2004;2.1727653;992;j
RS;bptinc992j;p99.8p100;2005;2.1161389;992;j
RS;bptinc992j;p99.8p100;2006;2.1174784;992;j
RS;bptinc992j;p99.8p100;2007;2.0713844;992;j
RS;bptinc992j;p99.8p100;2008;2.0861652;992;j
RS;bptinc992j;p99.8p100;2009;2.0628626;992;j
RS;bptinc992j;p99.8p100;2010;1.99935;992;j
RS;bptinc992j;p99.8p100;2011;2.0248911;992;j
RS;bptinc992j;p99.8p100;2012;1.8303777;992;j
RS;bptinc992j;p99.8p100;2013;1.9106907;992;j
RS;bptinc992j;p99.8p100;2014;2.2813504;992;j
RS;bptinc992j;p99.8p100;2015;2.2835143;992;j
RS;bptinc992j;p99.8p100;2016;2.283602;992;j
RS;bptinc992j;p99.8p100;2017;2.2828288;992;j
RS;mptfpx999i;p0p100;2007;93409239040.0;999;i
RS;mptfpx999i;p0p100;2008;106733158400.0;999;i
RS;mptfpx999i;p0p100;2009;97209409536.0;999;i
RS;mptfpx999i;p0p100;2010;101904236544.0;999;i
RS;mptfpx999i;p0p100;2011;102074228736.0;999;i
RS;mptfpx999i;p0p100;2012;112088219648.0;999;i
RS;mptfpx999i;p0p100;2013;114037981184.0;999;i
RS;mptfpx999i;p0p100;2014;117988966400.0;999;i
RS;mptfpx999i;p0p100;2015;132215611392.0;999;i
RS;mptfpx999i;p0p100;2016;125692624896.0;999;i
RS;mptfpx999i;p0p100;2017;106080452608.0;999;i
RS;mptfpx999i;p0p100;2018;81609949184.0;999;i
RS;msagnp999i;p0p100;1997;-6701367808.0;999;i
RS;msagnp999i;p0p100;1998;-6418053632.0;999;i
RS;msagnp999i;p0p100;1999;-6671557120.0;999;i
RS;msagnp999i;p0p100;2000;-11032407040.0;999;i
RS;msagnp999i;p0p100;2001;-7514746880.0;999;i
RS;msagnp999i;p0p100;2002;-7768297472.0;999;i
RS;msagnp999i;p0p100;2003;-7536688128.0;999;i
RS;msagnp999i;p0p100;2004;-9556160512.0;999;i
RS;msagnp999i;p0p100;2005;-10110908416.0;999;i
RS;msagnp999i;p0p100;2006;-10645031936.0;999;i
RS;msagnp999i;p0p100;2007;-12760075264.0;999;i
RS;msagnp999i;p0p100;2008;-12230531072.0;999;i
RS;msagnp999i;p0p100;2009;-11022128128.0;999;i
RS;msagnp999i;p0p100;2010;-11221693440.0;999;i
RS;msagnp999i;p0p100;2011;-11614630912.0;999;i
RS;npopul802m;p0p100;1950;26141.0;802;m
RS;npopul802m;p0p100;1951;27567.0;802;m
RS;npopul802m;p0p100;1952;28625.0;802;m
RS;npopul802m;p0p100;1953;29007.0;802;m
RS;npopul802m;p0p100;1954;28595.0;802;m
RS;npopul802m;p0p100;1955;27481.0;802;m
RS;npopul802m;p0p100;1956;28827.0;802;m
RS;npopul802m;p0p100;1957;29513.0;802;m
RS;npopul802m;p0p100;1958;29496.0;802;m
RS;npopul802m;p0p100;1959;28876.0;802;m
RS;npopul802m;p0p100;1960;27768.0;802;m
RS;npopul802m;p0p100;1961;29047.0;802;m
RS;npopul802m;p0p100;1962;29723.0;802;m
RS;npopul802m;p0p100;1963;29852.0;802;m
RS;npopul802m;p0p100;1964;29610.0;802;m
RS;npopul802m;p0p100;1965;29115.0;802;m
RS;npopul802m;p0p100;1966;30588.0;802;m
RS;npopul802m;p0p100;1967;31780.0;802;m
RS;npopul802m;p0p100;1968;32377.0;802;m
RS;npopul802m;p0p100;1969;32103.0;802;m
RS;npopul802m;p0p100;1970;30973.0;802;m
RS;npopul802m;p0p100;1971;31594.0;802;m
RS;npopul802m;p0p100;1972;31506.0;802;m
RS;npopul802m;p0p100;1973;31128.0;802;m
RS;npopul802m;p0p100;1974;31052.0;802;m
RS;npopul802m;p0p100;1975;31493.0;802;m
RS;npopul802m;p0p100;1976;34410.0;802;m
RS;npopul802m;p0p100;1977;37132.0;802;m
RS;npopul802m;p0p100;1978;39502.0;802;m
RS;npopul802m;p0p100;1979;41467.0;802;m
RS;npopul802m;p0p100;1980;43063.0;802;m
RS;npopul802m;p0p100;1981;47086.0;802;m
RS;npopul802m;p0p100;1982;50194.0;802;m
RS;npopul802m;p0p100;1983;52327.0;802;m
RS;npopul802m;p0p100;1984;53756.0;802;m
RS;npopul802m;p0p100;1985;54646.0;802;m
RS;npopul802m;p0p100;1986;58516.0;802;m
RS;npopul802m;p0p100;1987;61352.0;802;m
RS;npopul802m;p0p100;1988;62690.0;802;m
RS;npopul802m;p0p100;1989;62354.0;802;m
RS;npopul802m;p0p100;1990;60493.0;802;m
RS;npopul802m;p0p100;1991;61988.0;802;m
RS;npopul802m;p0p100;1992;62663.0;802;m
RS;npopul802m;p0p100;1993;61978.0;802;m
RS;npopul802m;p0p100;1994;59449.0;802;m
RS;npopul802m;p0p100;1995;55113.0;802;m
RS;npopul802m;p0p100;1996;53770.0;802;m
RS;npopul802m;p0p100;1997;50877.0;802;m
RS;npopul802m;p0p100;1998;47628.0;802;m
RS;npopul802m;p0p100;1999;35744.0;802;m
RS;npopul802m;p0p100;2000;35476.0;802;m
RS;npopul802m;p0p100;2001;38682.0;802;m
RS;npopul802m;p0p100;2002;41997.0;802;m
RS;npopul802m;p0p100;2003;45291.0;802;m
RS;npopul802m;p0p100;2004;48729.0;802;m
RS;npopul802m;p0p100;2005;52151.0;802;m
RS;npopul802m;p0p100;2006;58460.0;802;m
RS;npopul802m;p0p100;2007;64312.0;802;m
RS;npopul802m;p0p100;2008;69326.0;802;m
RS;npopul802m;p0p100;2009;73492.0;802;m
RS;npopul802m;p0p100;2010;76881.0;802;m
RS;npopul802m;p0p100;2011;82077.0;802;m
RS;npopul802m;p0p100;2012;86586.0;802;m
RS;npopul802m;p0p100;2013;90087.0;802;m
RS;npopul802m;p0p100;2014;92755.0;802;m
RS;npopul802m;p0p100;2015;94674.0;802;m
RS;npopul802m;p0p100;2016;97463.0;802;m
RS;npopul802m;p0p100;2017;99160.0;802;m
RS;npopul802m;p0p100;2018;99101.0;802;m
RS;npopul802m;p0p100;2019;97136.0;802;m
RS;scainc992j;p91p92;1990;0.0185;992;j
RS;scainc992j;p91p92;1991;0.0185;992;j
RS;scainc992j;p91p92;1992;0.0184;992;j
RS;scainc992j;p91p92;1993;0.0184;992;j
RS;scainc992j;p91p92;1994;0.018300001;992;j
RS;scainc992j;p91p92;1995;0.018300001;992;j
RS;scainc992j;p91p92;1996;0.018300001;992;j
RS;scainc992j;p91p92;1997;0.018200001;992;j
RS;scainc992j;p91p92;1998;0.018300001;992;j
RS;scainc992j;p91p92;1999;0.018100001;992;j
RS;scainc992j;p91p92;2000;0.018100001;992;j
RS;scainc992j;p91p92;2001;0.017999999;992;j
RS;scainc992j;p91p92;2002;0.018300001;992;j
RS;scainc992j;p91p92;2003;0.0186;992;j
RS;scainc992j;p91p92;2004;0.019099999;992;j
RS;scainc992j;p91p92;2005;0.019400001;992;j
RS;scainc992j;p91p92;2006;0.0197;992;j
RS;scainc992j;p91p92;2007;0.0199;992;j
RS;scainc992j;p91p92;2008;0.020099999;992;j
RS;scainc992j;p91p92;2009;0.020099999;992;j
RS;scainc992j;p91p92;2010;0.0207;992;j
RS;scainc992j;p91p92;2011;0.0211;992;j
RS;scainc992j;p91p92;2012;0.020500001;992;j
RS;scainc992j;p91p92;2013;0.0208;992;j
RS;scainc992j;p91p92;2014;0.0196;992;j
RS;scainc992j;p91p92;2015;0.019300001;992;j
RS;scainc992j;p91p92;2016;0.019300001;992;j
RS;scainc992j;p91p92;2017;0.019300001;992;j
RS;scainc992j;p99.3p99.4;1990;0.0049000001;992;j
RS;scainc992j;p99.3p99.4;1991;0.0049000001;992;j
RS;scainc992j;p99.3p99.4;1992;0.0049000001;992;j
RS;scainc992j;p99.3p99.4;1993;0.0049000001;992;j
RS;scainc992j;p99.3p99.4;1994;0.0049000001;992;j
RS;scainc992j;p99.3p99.4;1995;0.0049000001;992;j
RS;scainc992j;p99.3p99.4;1996;0.0049000001;992;j
RS;scainc992j;p99.3p99.4;1997;0.0049000001;992;j
RS;scainc992j;p99.3p99.4;1998;0.0049999999;992;j
RS;scainc992j;p99.3p99.4;1999;0.0051000002;992;j
RS;scainc992j;p99.3p99.4;2000;0.0054000001;992;j
RS;scainc992j;p99.3p99.4;2001;0.0055;992;j
RS;scainc992j;p99.3p99.4;2002;0.0057000001;992;j
RS;scainc992j;p99.3p99.4;2003;0.0055999998;992;j
RS;scainc992j;p99.3p99.4;2004;0.0057000001;992;j
RS;scainc992j;p99.3p99.4;2005;0.0059000002;992;j
RS;scainc992j;p99.3p99.4;2006;0.0060999999;992;j
RS;scainc992j;p99.3p99.4;2007;0.0060000001;992;j
RS;scainc992j;p99.3p99.4;2008;0.0060999999;992;j
RS;scainc992j;p99.3p99.4;2009;0.0062000002;992;j
RS;scainc992j;p99.3p99.4;2010;0.0063999998;992;j
RS;scainc992j;p99.3p99.4;2011;0.0066;992;j
RS;scainc992j;p99.3p99.4;2012;0.0068000001;992;j
RS;scainc992j;p99.3p99.4;2013;0.0066999998;992;j
RS;scainc992j;p99.3p99.4;2014;0.0066999998;992;j
RS;scainc992j;p99.3p99.4;2015;0.0071;992;j
RS;scainc992j;p99.3p99.4;2016;0.0071;992;j
RS;scainc992j;p99.3p99.4;2017;0.0071;992;j
RS;scainc992j;p99.91p100;1990;0.0242;992;j
RS;scainc992j;p99.91p100;1991;0.0232;992;j
RS;scainc992j;p99.91p100;1992;0.022;992;j
RS;scainc992j;p99.91p100;1993;0.021299999;992;j
RS;scainc992j;p99.91p100;1994;0.0208;992;j
RS;scainc992j;p99.91p100;1995;0.020400001;992;j
RS;scainc992j;p99.91p100;1996;0.0198;992;j
RS;scainc992j;p99.91p100;1997;0.019200001;992;j
RS;scainc992j;p99.91p100;1998;0.020099999;992;j
RS;scainc992j;p99.91p100;1999;0.0231;992;j
RS;scainc992j;p99.91p100;2000;0.024700001;992;j
RS;scainc992j;p99.91p100;2001;0.0275;992;j
RS;scainc992j;p99.91p100;2002;0.026799999;992;j
RS;scainc992j;p99.91p100;2003;0.0266;992;j
RS;scainc992j;p99.91p100;2004;0.027000001;992;j
RS;scainc992j;p99.91p100;2005;0.0287;992;j
RS;scainc992j;p99.91p100;2006;0.0276;992;j
RS;scainc992j;p99.91p100;2007;0.0251;992;j
RS;scainc992j;p99.91p100;2008;0.0233;992;j
RS;scainc992j;p99.91p100;2009;0.026799999;992;j
RS;scainc992j;p99.91p100;2010;0.0264;992;j
RS;scainc992j;p99.91p100;2011;0.0263;992;j
RS;scainc992j;p99.91p100;2012;0.035399999;992;j
RS;scainc992j;p99.91p100;2013;0.029200001;992;j
RS;scainc992j;p99.91p100;2014;0.045200001;992;j
RS;scainc992j;p99.91p100;2015;0.066100001;992;j
RS;scainc992j;p99.91p100;2016;0.066200003;992;j
RS;scainc992j;p99.91p100;2017;0.066299997;992;j
RS;sdiinc992j;p15p100;1990;0.96450001;992;j
RS;sdiinc992j;p15p100;1991;0.96439999;992;j
RS;sdiinc992j;p15p100;1992;0.96420002;992;j
RS;sdiinc992j;p15p100;1993;0.96399999;992;j
RS;sdiinc992j;p15p100;1994;0.96380001;992;j
RS;sdiinc992j;p15p100;1995;0.96359998;992;j
RS;sdiinc992j;p15p100;1996;0.96340001;992;j
RS;sdiinc992j;p15p100;1997;0.96289998;992;j
RS;sdiinc992j;p15p100;1998;0.9619;992;j
RS;sdiinc992j;p15p100;1999;0.96270001;992;j
RS;sdiinc992j;p15p100;2000;0.96310002;992;j
RS;sdiinc992j;p15p100;2001;0.96329999;992;j
RS;sdiinc992j;p15p100;2002;0.96740001;992;j
RS;sdiinc992j;p15p100;2003;0.96799999;992;j
RS;sdiinc992j;p15p100;2004;0.9716;992;j
RS;sdiinc992j;p15p100;2005;0.97310001;992;j
RS;sdiinc992j;p15p100;2006;0.9752;992;j
RS;sdiinc992j;p15p100;2007;0.97640002;992;j
RS;sdiinc992j;p15p100;2008;0.97670001;992;j
RS;sdiinc992j;p15p100;2009;0.97670001;992;j
RS;sdiinc992j;p15p100;2010;0.97799999;992;j
RS;sdiinc992j;p15p100;2011;0.98019999;992;j
RS;sdiinc992j;p15p100;2012;0.9813;992;j
RS;sdiinc992j;p15p100;2013;0.97689998;992;j
RS;sdiinc992j;p15p100;2014;0.96670002;992;j
RS;sdiinc992j;p15p100;2015;0.97299999;992;j
RS;sdiinc992j;p15p100;2016;0.97460002;992;j
RS;sdiinc992j;p15p100;2017;0.97479999;992;j
RS;sdiinc992j;p31p32;1990;0.0060000001;992;j
RS;sdiinc992j;p31p32;1991;0.0060000001;992;j
RS;sdiinc992j;p31p32;1992;0.0060999999;992;j
RS;sdiinc992j;p31p32;1993;0.0060999999;992;j
RS;sdiinc992j;p31p32;1994;0.0062000002;992;j
RS;sdiinc992j;p31p32;1995;0.0062000002;992;j
RS;sdiinc992j;p31p32;1996;0.0062000002;992;j
RS;sdiinc992j;p31p32;1997;0.0063;992;j
RS;sdiinc992j;p31p32;1998;0.0062000002;992;j
RS;sdiinc992j;p31p32;1999;0.0060999999;992;j
RS;sdiinc992j;p31p32;2000;0.0060999999;992;j
RS;sdiinc992j;p31p32;2001;0.0060999999;992;j
RS;sdiinc992j;p31p32;2002;0.0060999999;992;j
RS;sdiinc992j;p31p32;2003;0.0060000001;992;j
RS;sdiinc992j;p31p32;2004;0.0059000002;992;j
RS;sdiinc992j;p31p32;2005;0.0057999999;992;j
RS;sdiinc992j;p31p32;2006;0.0055999998;992;j
RS;sdiinc992j;p31p32;2007;0.0055999998;992;j
RS;sdiinc992j;p31p32;2008;0.0055;992;j
RS;sdiinc992j;p31p32;2009;0.0054000001;992;j
RS;sdiinc992j;p31p32;2010;0.0052;992;j
RS;sdiinc992j;p31p32;2011;0.0049000001;992;j
RS;sdiinc992j;p31p32;2012;0.0049000001;992;j
RS;sdiinc992j;p31p32;2013;0.0046000001;992;j
RS;sdiinc992j;p31p32;2014;0.0048000002;992;j
RS;sdiinc992j;p31p32;2015;0.0044999998;992;j
RS;sdiinc992j;p31p32;2016;0.0044999998;992;j
RS;sdiinc992j;p31p32;2017;0.0044999998;992;j
RS;sptinc992j;p53p100;1990;0.75889999;992;j
RS;sptinc992j;p53p100;1991;0.7597;992;j
RS;sptinc992j;p53p100;1992;0.76050001;992;j
RS;sptinc992j;p53p100;1993;0.76120001;992;j
RS;sptinc992j;p53p100;1994;0.76200002;992;j
RS;sptinc992j;p53p100;1995;0.76279998;992;j
RS;sptinc992j;p53p100;1996;0.76319999;992;j
RS;sptinc992j;p53p100;1997;0.76380002;992;j
RS;sptinc992j;p53p100;1998;0.76239997;992;j
RS;sptinc992j;p53p100;1999;0.76270002;992;j
RS;sptinc992j;p53p100;2000;0.76620001;992;j
RS;sptinc992j;p53p100;2001;0.76679999;992;j
RS;sptinc992j;p53p100;2002;0.77539998;992;j
RS;sptinc992j;p53p100;2003;0.77939999;992;j
RS;sptinc992j;p53p100;2004;0.78689998;992;j
RS;sptinc992j;p53p100;2005;0.7942;992;j
RS;sptinc992j;p53p100;2006;0.80110002;992;j
RS;sptinc992j;p53p100;2007;0.80320001;992;j
RS;sptinc992j;p53p100;2008;0.80989999;992;j
RS;sptinc992j;p53p100;2009;0.81470001;992;j
RS;sptinc992j;p53p100;2010;0.82200003;992;j
RS;sptinc992j;p53p100;2011;0.8312;992;j
RS;sptinc992j;p53p100;2012;0.83399999;992;j
RS;sptinc992j;p53p100;2013;0.83389997;992;j
RS;sptinc992j;p53p100;2014;0.83999997;992;j
RS;sptinc992j;p53p100;2015;0.83359998;992;j
RS;sptinc992j;p53p100;2016;0.83359998;992;j
RS;sptinc992j;p53p100;2017;0.83380002;992;j
RS;sptinc992j;p87p88;1990;0.0167;992;j
RS;sptinc992j;p87p88;1991;0.0166;992;j
RS;sptinc992j;p87p88;1992;0.0166;992;j
RS;sptinc992j;p87p88;1993;0.0165;992;j
RS;sptinc992j;p87p88;1994;0.0165;992;j
RS;sptinc992j;p87p88;1995;0.0164;992;j
RS;sptinc992j;p87p88;1996;0.0164;992;j
RS;sptinc992j;p87p88;1997;0.0163;992;j
RS;sptinc992j;p87p88;1998;0.0163;992;j
RS;sptinc992j;p87p88;1999;0.016100001;992;j
RS;sptinc992j;p87p88;2000;0.015900001;992;j
RS;sptinc992j;p87p88;2001;0.015799999;992;j
RS;sptinc992j;p87p88;2002;0.016000001;992;j
RS;sptinc992j;p87p88;2003;0.0162;992;j
RS;sptinc992j;p87p88;2004;0.0163;992;j
RS;sptinc992j;p87p88;2005;0.0167;992;j
RS;sptinc992j;p87p88;2006;0.016899999;992;j
RS;sptinc992j;p87p88;2007;0.0173;992;j
RS;sptinc992j;p87p88;2008;0.0175;992;j
RS;sptinc992j;p87p88;2009;0.0177;992;j
RS;sptinc992j;p87p88;2010;0.0178;992;j
RS;sptinc992j;p87p88;2011;0.017999999;992;j
RS;sptinc992j;p87p88;2012;0.018300001;992;j
RS;sptinc992j;p87p88;2013;0.018200001;992;j
RS;sptinc992j;p87p88;2014;0.0178;992;j
RS;sptinc992j;p87p88;2015;0.017899999;992;j
RS;sptinc992j;p87p88;2016;0.017899999;992;j
RS;sptinc992j;p87p88;2017;0.017899999;992;j
RS;tcainc992j;p2p100;1990;54037.801;992;j
RS;tcainc992j;p2p100;1991;44868.199;992;j
RS;tcainc992j;p2p100;1992;28800.199;992;j
RS;tcainc992j;p2p100;1993;17375.6;992;j
RS;tcainc992j;p2p100;1994;16534.9;992;j
RS;tcainc992j;p2p100;1995;16224.0;992;j
RS;tcainc992j;p2p100;1996;14619.7;992;j
RS;tcainc992j;p2p100;1997;13777.0;992;j
RS;tcainc992j;p2p100;1998;16108.8;992;j
RS;tcainc992j;p2p100;1999;20282.5;992;j
RS;tcainc992j;p2p100;2000;20229.801;992;j
RS;tcainc992j;p2p100;2001;18878.0;992;j
RS;tcainc992j;p2p100;2002;8540.5;992;j
RS;tcainc992j;p2p100;2003;14094.9;992;j
RS;tcainc992j;p2p100;2004;14974.9;992;j
RS;tcainc992j;p2p100;2005;17207.699;992;j
RS;tcainc992j;p2p100;2006;17236.4;992;j
RS;tcainc992j;p2p100;2007;14769.4;992;j
RS;tcainc992j;p2p100;2008;17536.801;992;j
RS;tcainc992j;p2p100;2009;20831.5;992;j
RS;tcainc992j;p2p100;2010;19842.1;992;j
RS;tcainc992j;p2p100;2011;17616.301;992;j
RS;tcainc992j;p2p100;2012;14720.5;992;j
RS;tcainc992j;p2p100;2013;35096.199;992;j
RS;tcainc992j;p2p100;2014;72535.898;992;j
RS;tcainc992j;p2p100;2015;48844.898;992;j
RS;tcainc992j;p2p100;2016;50703.301;992;j
RS;tcainc992j;p2p100;2017;50679.102;992;j
RS;tcainc992j;p48p49;1990;417531.91;992;j
RS;tcainc992j;p48p49;1991;363808.5;992;j
RS;tcainc992j;p48p49;1992;250210.41;992;j
RS;tcainc992j;p48p49;1993;162730.0;992;j
RS;tcainc992j;p48p49;1994;168077.3;992;j
RS;tcainc992j;p48p49;1995;177671.2;992;j
RS;tcainc992j;p48p49;1996;179709.41;992;j
RS;tcainc992j;p48p49;1997;190238.0;992;j
RS;tcainc992j;p48p49;1998;202686.3;992;j
RS;tcainc992j;p48p49;1999;230399.59;992;j
RS;tcainc992j;p48p49;2000;248125.91;992;j
RS;tcainc992j;p48p49;2001;240383.0;992;j
RS;tcainc992j;p48p49;2002;248998.5;992;j
RS;tcainc992j;p48p49;2003;259018.5;992;j
RS;tcainc992j;p48p49;2004;308060.91;992;j
RS;tcainc992j;p48p49;2005;343247.5;992;j
RS;tcainc992j;p48p49;2006;359085.41;992;j
RS;tcainc992j;p48p49;2007;359063.59;992;j
RS;tcainc992j;p48p49;2008;383773.59;992;j
RS;tcainc992j;p48p49;2009;375750.5;992;j
RS;tcainc992j;p48p49;2010;368512.41;992;j
RS;tcainc992j;p48p49;2011;368833.91;992;j
RS;tcainc992j;p48p49;2012;360370.59;992;j
RS;tcainc992j;p48p49;2013;371936.31;992;j
RS;tcainc992j;p48p49;2014;356188.91;992;j
RS;tcainc992j;p48p49;2015;356464.81;992;j
RS;tcainc992j;p48p49;2016;369732.19;992;j
RS;tcainc992j;p48p49;2017;369925.69;992;j
RS;tcainc992j;p75p100;1990;672163.88;992;j
RS;tcainc992j;p75p100;1991;582425.38;992;j
RS;tcainc992j;p75p100;1992;398591.41;992;j
RS;tcainc992j;p75p100;1993;257766.5;992;j
RS;tcainc992j;p75p100;1994;264748.81;992;j
RS;tcainc992j;p75p100;1995;278748.41;992;j
RS;tcainc992j;p75p100;1996;280775.41;992;j
RS;tcainc992j;p75p100;1997;295931.0;992;j
RS;tcainc992j;p75p100;1998;321374.69;992;j
RS;tcainc992j;p75p100;1999;361525.69;992;j
RS;tcainc992j;p75p100;2000;388883.09;992;j
RS;tcainc992j;p75p100;2001;375211.5;992;j
RS;tcainc992j;p75p100;2002;397140.59;992;j
RS;tcainc992j;p75p100;2003;419225.5;992;j
RS;tcainc992j;p75p100;2004;506824.91;992;j
RS;tcainc992j;p75p100;2005;573242.5;992;j
RS;tcainc992j;p75p100;2006;605445.81;992;j
RS;tcainc992j;p75p100;2007;612870.69;992;j
RS;tcainc992j;p75p100;2008;658485.13;992;j
RS;tcainc992j;p75p100;2009;648370.38;992;j
RS;tcainc992j;p75p100;2010;651562.31;992;j
RS;tcainc992j;p75p100;2011;657861.88;992;j
RS;tcainc992j;p75p100;2012;655217.31;992;j
RS;tcainc992j;p75p100;2013;690748.13;992;j
RS;tcainc992j;p75p100;2014;641633.88;992;j
RS;tcainc992j;p75p100;2015;623698.88;992;j
RS;tcainc992j;p75p100;2016;646730.69;992;j
RS;tcainc992j;p75p100;2017;647026.81;992;j
RS;tdiinc992j;p28p100;1990;400145.59;992;j
RS;tdiinc992j;p28p100;1991;351403.19;992;j
RS;tdiinc992j;p28p100;1992;243331.41;992;j
RS;tdiinc992j;p28p100;1993;159480.0;992;j
RS;tdiinc992j;p28p100;1994;165691.91;992;j
RS;tdiinc992j;p28p100;1995;176472.8;992;j
RS;tdiinc992j;p28p100;1996;179902.91;992;j
RS;tdiinc992j;p28p100;1997;192968.7;992;j
RS;tdiinc992j;p28p100;1998;202709.41;992;j
RS;tdiinc992j;p28p100;1999;217023.0;992;j
RS;tdiinc992j;p28p100;2000;239883.41;992;j
RS;tdiinc992j;p28p100;2001;240033.0;992;j
RS;tdiinc992j;p28p100;2002;255244.5;992;j
RS;tdiinc992j;p28p100;2003;262761.31;992;j
RS;tdiinc992j;p28p100;2004;286531.81;992;j
RS;tdiinc992j;p28p100;2005;313321.31;992;j
RS;tdiinc992j;p28p100;2006;319608.0;992;j
RS;tdiinc992j;p28p100;2007;331543.0;992;j
RS;tdiinc992j;p28p100;2008;342186.91;992;j
RS;tdiinc992j;p28p100;2009;325866.19;992;j
RS;tdiinc992j;p28p100;2010;306940.69;992;j
RS;tdiinc992j;p28p100;2011;288384.19;992;j
RS;tdiinc992j;p28p100;2012;293007.81;992;j
RS;tdiinc992j;p28p100;2013;271659.19;992;j
RS;tdiinc992j;p28p100;2014;288637.81;992;j
RS;tdiinc992j;p28p100;2015;270983.09;992;j
RS;tdiinc992j;p28p100;2016;273999.5;992;j
RS;tdiinc992j;p28p100;2017;274982.59;992;j
RS;tdiinc992j;p37p38;1990;501347.5;992;j
RS;tdiinc992j;p37p38;1991;436446.69;992;j
RS;tdiinc992j;p37p38;1992;299730.5;992;j
RS;tdiinc992j;p37p38;1993;194615.3;992;j
RS;tdiinc992j;p37p38;1994;201039.5;992;j
RS;tdiinc992j;p37p38;1995;212733.59;992;j
RS;tdiinc992j;p37p38;1996;215319.0;992;j
RS;tdiinc992j;p37p38;1997;229263.7;992;j
RS;tdiinc992j;p37p38;1998;233184.09;992;j
RS;tdiinc992j;p37p38;1999;252861.8;992;j
RS;tdiinc992j;p37p38;2000;276369.5;992;j
RS;tdiinc992j;p37p38;2001;276240.69;992;j
RS;tdiinc992j;p37p38;2002;293232.69;992;j
RS;tdiinc992j;p37p38;2003;306661.41;992;j
RS;tdiinc992j;p37p38;2004;337904.59;992;j
RS;tdiinc992j;p37p38;2005;369433.0;992;j
RS;tdiinc992j;p37p38;2006;385076.19;992;j
RS;tdiinc992j;p37p38;2007;397497.09;992;j
RS;tdiinc992j;p37p38;2008;417965.81;992;j
RS;tdiinc992j;p37p38;2009;404455.5;992;j
RS;tdiinc992j;p37p38;2010;395828.41;992;j
RS;tdiinc992j;p37p38;2011;387508.0;992;j
RS;tdiinc992j;p37p38;2012;380582.81;992;j
RS;tdiinc992j;p37p38;2013;378281.91;992;j
RS;tdiinc992j;p37p38;2014;377445.69;992;j
RS;tdiinc992j;p37p38;2015;371033.09;992;j
RS;tdiinc992j;p37p38;2016;378479.31;992;j
RS;tdiinc992j;p37p38;2017;380060.5;992;j
RS;tdiinc992j;p47p100;1990;588156.38;992;j
RS;tdiinc992j;p47p100;1991;514030.81;992;j
RS;tdiinc992j;p47p100;1992;354063.31;992;j
RS;tdiinc992j;p47p100;1993;230224.7;992;j
RS;tdiinc992j;p47p100;1994;237766.41;992;j
RS;tdiinc992j;p47p100;1995;251792.0;992;j
RS;tdiinc992j;p47p100;1996;255057.3;992;j
RS;tdiinc992j;p47p100;1997;271393.91;992;j
RS;tdiinc992j;p47p100;1998;275894.0;992;j
RS;tdiinc992j;p47p100;1999;300383.81;992;j
RS;tdiinc992j;p47p100;2000;328653.19;992;j
RS;tdiinc992j;p47p100;2001;326714.5;992;j
RS;tdiinc992j;p47p100;2002;348487.31;992;j
RS;tdiinc992j;p47p100;2003;364572.31;992;j
RS;tdiinc992j;p47p100;2004;405611.41;992;j
RS;tdiinc992j;p47p100;2005;446491.19;992;j
RS;tdiinc992j;p47p100;2006;467391.0;992;j
RS;tdiinc992j;p47p100;2007;484862.81;992;j
RS;tdiinc992j;p47p100;2008;513728.31;992;j
RS;tdiinc992j;p47p100;2009;498327.5;992;j
RS;tdiinc992j;p47p100;2010;489822.0;992;j
RS;tdiinc992j;p47p100;2011;485511.69;992;j
RS;tdiinc992j;p47p100;2012;475402.19;992;j
RS;tdiinc992j;p47p100;2013;489212.41;992;j
RS;tdiinc992j;p47p100;2014;471776.91;992;j
RS;tdiinc992j;p47p100;2015;470692.41;992;j
RS;tdiinc992j;p47p100;2016;482282.09;992;j
RS;tdiinc992j;p47p100;2017;484715.19;992;j
RS;tdiinc992j;p99.6p99.7;1990;4256980.5;992;j
RS;tdiinc992j;p99.6p99.7;1991;3670086.0;992;j
RS;tdiinc992j;p99.6p99.7;1992;2502591.0;992;j
RS;tdiinc992j;p99.6p99.7;1993;1625070.3;992;j
RS;tdiinc992j;p99.6p99.7;1994;1672338.8;992;j
RS;tdiinc992j;p99.6p99.7;1995;1764716.0;992;j
RS;tdiinc992j;p99.6p99.7;1996;1763331.4;992;j
RS;tdiinc992j;p99.6p99.7;1997;1849922.6;992;j
RS;tdiinc992j;p99.6p99.7;1998;2006244.5;992;j
RS;tdiinc992j;p99.6p99.7;1999;2312462.3;992;j
RS;tdiinc992j;p99.6p99.7;2000;2669321.5;992;j
RS;tdiinc992j;p99.6p99.7;2001;2743510.8;992;j
RS;tdiinc992j;p99.6p99.7;2002;3014816.8;992;j
RS;tdiinc992j;p99.6p99.7;2003;3138345.0;992;j
RS;tdiinc992j;p99.6p99.7;2004;3582401.0;992;j
RS;tdiinc992j;p99.6p99.7;2005;4107205.8;992;j
RS;tdiinc992j;p99.6p99.7;2006;4461603.0;992;j
RS;tdiinc992j;p99.6p99.7;2007;4492529.5;992;j
RS;tdiinc992j;p99.6p99.7;2008;4796336.0;992;j
RS;tdiinc992j;p99.6p99.7;2009;4887100.5;992;j
RS;tdiinc992j;p99.6p99.7;2010;5042039.0;992;j
RS;tdiinc992j;p99.6p99.7;2011;5206176.5;992;j
RS;tdiinc992j;p99.6p99.7;2012;5462810.5;992;j
RS;tdiinc992j;p99.6p99.7;2013;5395269.0;992;j
RS;tdiinc992j;p99.6p99.7;2014;5479193.0;992;j
RS;tdiinc992j;p99.6p99.7;2015;6044251.0;992;j
RS;tdiinc992j;p99.6p99.7;2016;6301792.5;992;j
RS;tdiinc992j;p99.6p99.7;2017;6348232.0;992;j
RS;tptinc992j;p91p100;1990;1354055.5;992;j
RS;tptinc992j;p91p100;1991;1176900.6;992;j
RS;tptinc992j;p91p100;1992;805518.31;992;j
RS;tptinc992j;p91p100;1993;522510.5;992;j
RS;tptinc992j;p91p100;1994;537146.81;992;j
RS;tptinc992j;p91p100;1995;566655.88;992;j
RS;tptinc992j;p91p100;1996;571469.88;992;j
RS;tptinc992j;p91p100;1997;606343.31;992;j
RS;tptinc992j;p91p100;1998;638256.19;992;j
RS;tptinc992j;p91p100;1999;693475.13;992;j
RS;tptinc992j;p91p100;2000;759916.38;992;j
RS;tptinc992j;p91p100;2001;754415.31;992;j
RS;tptinc992j;p91p100;2002;822361.63;992;j
RS;tptinc992j;p91p100;2003;881470.19;992;j
RS;tptinc992j;p91p100;2004;1010345.9;992;j
RS;tptinc992j;p91p100;2005;1152379.0;992;j
RS;tptinc992j;p91p100;2006;1229389.4;992;j
RS;tptinc992j;p91p100;2007;1289629.9;992;j
RS;tptinc992j;p91p100;2008;1382737.0;992;j
RS;tptinc992j;p91p100;2009;1377304.4;992;j
RS;tptinc992j;p91p100;2010;1399381.4;992;j
RS;tptinc992j;p91p100;2011;1426990.3;992;j
RS;tptinc992j;p91p100;2012;1421239.6;992;j
RS;tptinc992j;p91p100;2013;1450385.3;992;j
RS;tptinc992j;p91p100;2014;1394131.6;992;j
RS;tptinc992j;p91p100;2015;1412310.9;992;j
RS;tptinc992j;p91p100;2016;1455578.0;992;j
RS;tptinc992j;p91p100;2017;1463911.3;992;j
RS;tptinc992j;p94p100;1990;1558094.5;992;j
RS;tptinc992j;p94p100;1991;1355285.8;992;j
RS;tptinc992j;p94p100;1992;929531.63;992;j
RS;tptinc992j;p94p100;1993;603527.88;992;j
RS;tptinc992j;p94p100;1994;622217.63;992;j
RS;tptinc992j;p94p100;1995;657329.38;992;j
RS;tptinc992j;p94p100;1996;663011.31;992;j
RS;tptinc992j;p94p100;1997;703353.13;992;j
RS;tptinc992j;p94p100;1998;743567.13;992;j
RS;tptinc992j;p94p100;1999;810702.63;992;j
RS;tptinc992j;p94p100;2000;897253.63;992;j
RS;tptinc992j;p94p100;2001;892984.69;992;j
RS;tptinc992j;p94p100;2002;977691.13;992;j
RS;tptinc992j;p94p100;2003;1046017.4;992;j
RS;tptinc992j;p94p100;2004;1202348.4;992;j
RS;tptinc992j;p94p100;2005;1375196.3;992;j
RS;tptinc992j;p94p100;2006;1467118.1;992;j
RS;tptinc992j;p94p100;2007;1524871.5;992;j
RS;tptinc992j;p94p100;2008;1634601.0;992;j
RS;tptinc992j;p94p100;2009;1629356.4;992;j
RS;tptinc992j;p94p100;2010;1674010.5;992;j
RS;tptinc992j;p94p100;2011;1709012.6;992;j
RS;tptinc992j;p94p100;2012;1727975.1;992;j
RS;tptinc992j;p94p100;2013;1745035.3;992;j
RS;tptinc992j;p94p100;2014;1668501.6;992;j
RS;tptinc992j;p94p100;2015;1675786.8;992;j
RS;tptinc992j;p94p100;2016;1727563.9;992;j
RS;tptinc992j;p94p100;2017;1738203.1;992;j
RS;tptinc992j;p97p98;1990;2025484.1;992;j
RS;tptinc992j;p97p98;1991;1765086.4;992;j
RS;tptinc992j;p97p98;1992;1214653.1;992;j
RS;tptinc992j;p97p98;1993;790296.38;992;j
RS;tptinc992j;p97p98;1994;818338.69;992;j
RS;tptinc992j;p97p98;1995;866849.38;992;j
RS;tptinc992j;p97p98;1996;875013.81;992;j
RS;tptinc992j;p97p98;1997;928599.13;992;j
RS;tptinc992j;p97p98;1998;987014.19;992;j
RS;tptinc992j;p97p98;1999;1083486.6;992;j
RS;tptinc992j;p97p98;2000;1217191.9;992;j
RS;tptinc992j;p97p98;2001;1218005.1;992;j
RS;tptinc992j;p97p98;2002;1339595.4;992;j
RS;tptinc992j;p97p98;2003;1428062.3;992;j
RS;tptinc992j;p97p98;2004;1647909.5;992;j
RS;tptinc992j;p97p98;2005;1888317.9;992;j
RS;tptinc992j;p97p98;2006;2014675.1;992;j
RS;tptinc992j;p97p98;2007;2064095.6;992;j
RS;tptinc992j;p97p98;2008;2213117.5;992;j
RS;tptinc992j;p97p98;2009;2206384.0;992;j
RS;tptinc992j;p97p98;2010;2295867.8;992;j
RS;tptinc992j;p97p98;2011;2349933.8;992;j
RS;tptinc992j;p97p98;2012;2401348.5;992;j
RS;tptinc992j;p97p98;2013;2402264.8;992;j
RS;tptinc992j;p97p98;2014;2312927.5;992;j
RS;tptinc992j;p97p98;2015;2295477.8;992;j
RS;tptinc992j;p97p98;2016;2367254.0;992;j
RS;tptinc992j;p97p98;2017;2383223.5;992;j
RS;tptinc992j;p99.994p100;1990;40725996.0;992;j
RS;tptinc992j;p99.994p100;1991;36554408.0;992;j
RS;tptinc992j;p99.994p100;1992;25588598.0;992;j
RS;tptinc992j;p99.994p100;1993;17133164.0;992;j
RS;tptinc992j;p99.994p100;1994;17985844.0;992;j
RS;tptinc992j;p99.994p100;1995;19579504.0;992;j
RS;tptinc992j;p99.994p100;1996;20185540.0;992;j
RS;tptinc992j;p99.994p100;1997;21912440.0;992;j
RS;tptinc992j;p99.994p100;1998;22811438.0;992;j
RS;tptinc992j;p99.994p100;1999;26986068.0;992;j
RS;tptinc992j;p99.994p100;2000;31898494.0;992;j
RS;tptinc992j;p99.994p100;2001;34313060.0;992;j
RS;tptinc992j;p99.994p100;2002;36088644.0;992;j
RS;tptinc992j;p99.994p100;2003;37006496.0;992;j
RS;tptinc992j;p99.994p100;2004;42955172.0;992;j
RS;tptinc992j;p99.994p100;2005;46381536.0;992;j
RS;tptinc992j;p99.994p100;2006;49566208.0;992;j
RS;tptinc992j;p99.994p100;2007;46971504.0;992;j
RS;tptinc992j;p99.994p100;2008;51262264.0;992;j
RS;tptinc992j;p99.994p100;2009;49738292.0;992;j
RS;tptinc992j;p99.994p100;2010;48889756.0;992;j
RS;tptinc992j;p99.994p100;2011;51898972.0;992;j
RS;tptinc992j;p99.994p100;2012;41155448.0;992;j
RS;tptinc992j;p99.994p100;2013;45692756.0;992;j
RS;tptinc992j;p99.994p100;2014;68724608.0;992;j
RS;tptinc992j;p99.994p100;2015;66937596.0;992;j
RS;tptinc992j;p99.994p100;2016;69080864.0;992;j
RS;tptinc992j;p99.994p100;2017;69566816.0;992;j
RS;xlcusx999i;p0p100;1997;5.9123001;999;i
RS;xlcusx999i;p0p100;1998;10.0308;999;i
RS;xlcusx999i;p0p100;1999;11.6615;999;i
RS;xlcusx999i;p0p100;2000;63.165901;999;i
RS;xlcusx999i;p0p100;2001;66.913658;999;i
RS;xlcusx999i;p0p100;2002;64.398254;999;i
RS;xlcusx999i;p0p100;2003;57.585426;999;i
RS;xlcusx999i;p0p100;2004;58.381401;999;i
RS;xlcusx999i;p0p100;2005;66.713806;999;i
RS;xlcusx999i;p0p100;2006;67.145813;999;i
RS;xlcusx999i;p0p100;2007;58.453526;999;i
RS;xlcusx999i;p0p100;2008;55.723484;999;i
RS;xlcusx999i;p0p100;2009;67.580597;999;i
RS;xlcusx999i;p0p100;2010;77.728935;999;i
RS;xlcusx999i;p0p100;2011;73.333397;999;i
RS;xlcusx999i;p0p100;2012;87.973297;999;i
RS;xlcusx999i;p0p100;2013;85.158852;999;i
RS;xlcusx999i;p0p100;2014;88.405312;999;i
RS;xlcusx999i;p0p100;2015;108.81142;999;i
RS;xlcusx999i;p0p100;2016;111.27785;999;i
RS;xlcusx999i;p0p100;2017;107.75885;999;i
RS;xlcusx999i;p0p100;2018;100.17507;999;i
RS;xlcusx999i;p0p100;2019;104.805;999;i
RS;acainc992j;p28p29;1990;268476.41;992;j
RS;acainc992j;p28p29;1991;235893.09;992;j
RS;acainc992j;p28p29;1992;163442.91;992;j
RS;acainc992j;p28p29;1993;107169.2;992;j
RS;acainc992j;p28p29;1994;111535.2;992;j
RS;acainc992j;p28p29;1995;118891.6;992;j
RS;acainc992j;p28p29;1996;121328.1;992;j
RS;acainc992j;p28p29;1997;129576.2;992;j
RS;acainc992j;p28p29;1998;142892.5;992;j
RS;acainc992j;p28p29;1999;161326.8;992;j
RS;acainc992j;p28p29;2000;174623.59;992;j
RS;acainc992j;p28p29;2001;170278.2;992;j
RS;acainc992j;p28p29;2002;173781.09;992;j
RS;acainc992j;p28p29;2003;179017.91;992;j
RS;acainc992j;p28p29;2004;206431.91;992;j
RS;acainc992j;p28p29;2005;230643.09;992;j
RS;acainc992j;p28p29;2006;233847.0;992;j
RS;acainc992j;p28p29;2007;232862.09;992;j
RS;acainc992j;p28p29;2008;240141.5;992;j
RS;acainc992j;p28p29;2009;230369.41;992;j
RS;acainc992j;p28p29;2010;214693.7;992;j
RS;acainc992j;p28p29;2011;201639.09;992;j
RS;acainc992j;p28p29;2012;204264.5;992;j
RS;acainc992j;p28p29;2013;188127.09;992;j
RS;acainc992j;p28p29;2014;202548.2;992;j
RS;acainc992j;p28p29;2015;188479.8;992;j
RS;acainc992j;p28p29;2016;195563.8;992;j
RS;acainc992j;p28p29;2017;195602.8;992;j
RS;acainc992j;p99p100;1990;4095983.0;992;j
RS;acainc992j;p99p100;1991;3489312.8;992;j
RS;acainc992j;p99p100;1992;2342107.3;992;j
RS;acainc992j;p99p100;1993;1505010.3;992;j
RS;acainc992j;p99p100;1994;1538193.6;992;j
RS;acainc992j;p99p100;1995;1613693.5;992;j
RS;acainc992j;p99p100;1996;1601834.6;992;j
RS;acainc992j;p99p100;1997;1663379.8;992;j
RS;acainc992j;p99p100;1998;1876211.5;992;j
RS;acainc992j;p99p100;1999;2300383.5;992;j
RS;acainc992j;p99p100;2000;2646345.0;992;j
RS;acainc992j;p99p100;2001;2724861.5;992;j
RS;acainc992j;p99p100;2002;2882311.0;992;j
RS;acainc992j;p99p100;2003;3011746.5;992;j
RS;acainc992j;p99p100;2004;3650336.3;992;j
RS;acainc992j;p99p100;2005;4316416.5;992;j
RS;acainc992j;p99p100;2006;4588910.0;992;j
RS;acainc992j;p99p100;2007;4396341.5;992;j
RS;acainc992j;p99p100;2008;4624430.5;992;j
RS;acainc992j;p99p100;2009;4883391.5;992;j
RS;acainc992j;p99p100;2010;4986743.5;992;j
RS;acainc992j;p99p100;2011;5126751.0;992;j
RS;acainc992j;p99p100;2012;5812527.0;992;j
RS;acainc992j;p99p100;2013;5460108.5;992;j
RS;acainc992j;p99p100;2014;6375638.5;992;j
RS;acainc992j;p99p100;2015;7963334.0;992;j
RS;acainc992j;p99p100;2016;8260374.5;992;j
RS;acainc992j;p99p100;2017;8275080.0;992;j
RS;aconnp999i;p0p100;1997;724.09998;999;i
RS;aconnp999i;p0p100;1998;739.40002;999;i
RS;aconnp999i;p0p100;1999;932.79999;999;i
RS;aconnp999i;p0p100;2000;1522.3;999;i
RS;aconnp999i;p0p100;2001;1080.4;999;i
RS;aconnp999i;p0p100;2002;1116.5;999;i
RS;aconnp999i;p0p100;2003;1095.1;999;i
RS;aconnp999i;p0p100;2004;1399.1;999;i
RS;aconnp999i;p0p100;2005;1516.0;999;i
RS;aconnp999i;p0p100;2006;1621.2;999;i
RS;aconnp999i;p0p100;2007;1926.0;999;i
RS;aconnp999i;p0p100;2008;1880.0;999;i
RS;aconnp999i;p0p100;2009;1714.5;999;i
RS;aconnp999i;p0p100;2010;1733.1;999;i
RS;aconnp999i;p0p100;2011;1804.0;999;i
RS;adiinc992j;p42p100;1990;1035450.9;992;j
RS;adiinc992j;p42p100;1991;897398.88;992;j
RS;adiinc992j;p42p100;1992;613308.38;992;j
RS;adiinc992j;p42p100;1993;396943.91;992;j
RS;adiinc992j;p42p100;1994;407980.31;992;j
RS;adiinc992j;p42p100;1995;429727.19;992;j
RS;adiinc992j;p42p100;1996;432160.69;992;j
RS;adiinc992j;p42p100;1997;456828.09;992;j
RS;adiinc992j;p42p100;1998;480353.81;992;j
RS;adiinc992j;p42p100;1999;527693.88;992;j
RS;adiinc992j;p42p100;2000;580500.19;992;j
RS;adiinc992j;p42p100;2001;579903.81;992;j
RS;adiinc992j;p42p100;2002;629686.0;992;j
RS;adiinc992j;p42p100;2003;663394.81;992;j
RS;adiinc992j;p42p100;2004;755109.38;992;j
RS;adiinc992j;p42p100;2005;846399.63;992;j
RS;adiinc992j;p42p100;2006;901118.13;992;j
RS;adiinc992j;p42p100;2007;931474.63;992;j
RS;adiinc992j;p42p100;2008;995363.31;992;j
RS;adiinc992j;p42p100;2009;982599.0;992;j
RS;adiinc992j;p42p100;2010;994226.5;992;j
RS;adiinc992j;p42p100;2011;1007646.8;992;j
RS;adiinc992j;p42p100;2012;1007685.9;992;j
RS;adiinc992j;p42p100;2013;1035619.1;992;j
RS;adiinc992j;p42p100;2014;993343.19;992;j
RS;adiinc992j;p42p100;2015;1016182.0;992;j
RS;adiinc992j;p42p100;2016;1051983.0;992;j
RS;adiinc992j;p42p100;2017;1058763.8;992;j
RS;adiinc992j;p85p100;1990;1733039.3;992;j
RS;adiinc992j;p85p100;1991;1497851.6;992;j
RS;adiinc992j;p85p100;1992;1021846.2;992;j
RS;adiinc992j;p85p100;1993;661127.19;992;j
RS;adiinc992j;p85p100;1994;679097.69;992;j
RS;adiinc992j;p85p100;1995;714962.5;992;j
RS;adiinc992j;p85p100;1996;716949.5;992;j
RS;adiinc992j;p85p100;1997;755280.81;992;j
RS;adiinc992j;p85p100;1998;806610.63;992;j
RS;adiinc992j;p85p100;1999;900302.38;992;j
RS;adiinc992j;p85p100;2000;1003622.0;992;j
RS;adiinc992j;p85p100;2001;1012371.8;992;j
RS;adiinc992j;p85p100;2002;1103867.5;992;j
RS;adiinc992j;p85p100;2003;1167216.3;992;j
RS;adiinc992j;p85p100;2004;1340949.3;992;j
RS;adiinc992j;p85p100;2005;1525137.6;992;j
RS;adiinc992j;p85p100;2006;1640407.5;992;j
RS;adiinc992j;p85p100;2007;1684166.3;992;j
RS;adiinc992j;p85p100;2008;1802643.4;992;j
RS;adiinc992j;p85p100;2009;1801573.4;992;j
RS;adiinc992j;p85p100;2010;1850641.1;992;j
RS;adiinc992j;p85p100;2011;1901805.3;992;j
RS;adiinc992j;p85p100;2012;1916748.1;992;j
RS;adiinc992j;p85p100;2013;1944911.1;992;j
RS;adiinc992j;p85p100;2014;1898794.9;992;j
RS;adiinc992j;p85p100;2015;2020965.5;992;j
RS;adiinc992j;p85p100;2016;2101202.0;992;j
RS;adiinc992j;p85p100;2017;2116166.3;992;j
RS;agmxho999i;p0p100;1997;43674.801;999;i
RS;agmxho999i;p0p100;1998;42984.898;999;i
RS;agmxho999i;p0p100;1999;56829.801;999;i
RS;agmxho999i;p0p100;2000;66401.0;999;i
RS;agmxho999i;p0p100;2001;66030.703;999;i
RS;agmxho999i;p0p100;2002;55837.801;999;i
RS;agmxho999i;p0p100;2003;46295.5;999;i
RS;agmxho999i;p0p100;2004;51512.801;999;i
RS;agmxho999i;p0p100;2005;55083.398;999;i
RS;agmxho999i;p0p100;2006;72555.102;999;i
RS;agmxho999i;p0p100;2007;75735.602;999;i
RS;agmxho999i;p0p100;2008;83418.297;999;i
RS;agmxho999i;p0p100;2009;77052.102;999;i
RS;agmxho999i;p0p100;2010;79011.297;999;i
RS;agmxho999i;p0p100;2011;90002.797;999;i
RS;aprgho992i;p0p100;1997;360812.69;992;i
RS;aprgho992i;p0p100;1998;329946.41;992;i
RS;aprgho992i;p0p100;1999;362306.19;992;i
RS;aprgho992i;p0p100;2000;381367.59;992;i
RS;aprgho992i;p0p100;2001;397468.0;992;i
RS;aprgho992i;p0p100;2002;412116.41;992;i
RS;aprgho992i;p0p100;2003;434005.69;992;i
RS;aprgho992i;p0p100;2004;448954.41;992;i
RS;aprgho992i;p0p100;2005;488044.59;992;i
RS;aprgho992i;p0p100;2006;516712.41;992;i
RS;aprgho992i;p0p100;2007;543833.13;992;i
RS;aprgho992i;p0p100;2008;578033.63;992;i
RS;aprgho992i;p0p100;2009;549848.88;992;i
RS;aprgho992i;p0p100;2010;547392.31;992;i
RS;aprgho992i;p0p100;2011;560763.38;992;i
RS;aprifc992i;p0p100;1997;18955.199;992;i
RS;aprifc992i;p0p100;1998;19453.699;992;i
RS;aprifc992i;p0p100;1999;7656.2002;992;i
RS;aprifc992i;p0p100;2000;4964.6001;992;i
RS;aprifc992i;p0p100;2001;5218.1001;992;i
RS;aprifc992i;p0p100;2002;10350.0;992;i
RS;aprifc992i;p0p100;2003;6758.7002;992;i
RS;aprifc992i;p0p100;2004;4282.2002;992;i
RS;aprifc992i;p0p100;2005;4696.3999;992;i
RS;aprifc992i;p0p100;2006;4305.7998;992;i
RS;aprifc992i;p0p100;2007;-998.70001;992;i
RS;aprifc992i;p0p100;2008;8516.2002;992;i
RS;aprifc992i;p0p100;2009;11674.5;992;i
RS;aprifc992i;p0p100;2010;13338.8;992;i
RS;aprifc992i;p0p100;2011;14598.9;992;i
RS;aprinf992i;p0p100;1997;-68111.898;992;i
RS;aprinf992i;p0p100;1998;-23454.1;992;i
RS;aprinf992i;p0p100;1999;-4244.3999;992;i
RS;aprinf992i;p0p100;2000;15560.6;992;i
RS;aprinf992i;p0p100;2001;-23003.1;992;i
RS;aprinf992i;p0p100;2002;-36598.898;992;i
RS;aprinf992i;p0p100;2003;-45172.301;992;i
RS;aprinf992i;p0p100;2004;3581.0;992;i
RS;aprinf992i;p0p100;2005;14032.8;992;i
RS;aprinf992i;p0p100;2006;19634.199;992;i
RS;aprinf992i;p0p100;2007;3912.6001;992;i
RS;aprinf992i;p0p100;2008;-8840.0996;992;i
RS;aprinf992i;p0p100;2009;4941.7998;992;i
RS;aprinf992i;p0p100;2010;6918.0;992;i
RS;aprinf992i;p0p100;2011;15781.1;992;i
RS;aptinc992j;p0p1;1990;50414.301;992;j
RS;aptinc992j;p0p1;1991;41713.898;992;j
RS;aptinc992j;p0p1;1992;27089.9;992;j
RS;aptinc992j;p0p1;1993;16554.5;992;j
RS;aptinc992j;p0p1;1994;15992.7;992;j
RS;aptinc992j;p0p1;1995;15718.5;992;j
RS;aptinc992j;p0p1;1996;14687.4;992;j
RS;aptinc992j;p0p1;1997;14233.6;992;j
RS;aptinc992j;p0p1;1998;15746.7;992;j
RS;aptinc992j;p0p1;1999;17918.5;992;j
RS;aptinc992j;p0p1;2000;18903.6;992;j
RS;aptinc992j;p0p1;2001;19498.9;992;j
RS;aptinc992j;p0p1;2002;18294.1;992;j
RS;aptinc992j;p0p1;2003;22967.699;992;j
RS;aptinc992j;p0p1;2004;24148.801;992;j
RS;aptinc992j;p0p1;2005;27332.9;992;j
RS;aptinc992j;p0p1;2006;27592.301;992;j
RS;aptinc992j;p0p1;2007;27162.4;992;j
RS;aptinc992j;p0p1;2008;22996.301;992;j
RS;aptinc992j;p0p1;2009;19997.4;992;j
RS;aptinc992j;p0p1;2010;19984.199;992;j
RS;aptinc992j;p0p1;2011;17196.9;992;j
RS;aptinc992j;p0p1;2012;17101.5;992;j
RS;aptinc992j;p0p1;2013;13049.0;992;j
RS;aptinc992j;p0p1;2014;13338.1;992;j
RS;aptinc992j;p0p1;2015;13415.7;992;j
RS;aptinc992j;p0p1;2016;13864.7;992;j
RS;aptinc992j;p0p1;2017;13811.7;992;j
RS;aptinc992j;p23p100;1990;906793.63;992;j
RS;aptinc992j;p23p100;1991;787111.38;992;j
RS;aptinc992j;p23p100;1992;538838.31;992;j
RS;aptinc992j;p23p100;1993;349313.81;992;j
RS;aptinc992j;p23p100;1994;359637.5;992;j
RS;aptinc992j;p23p100;1995;379442.31;992;j
RS;aptinc992j;p23p100;1996;382356.81;992;j
RS;aptinc992j;p23p100;1997;405209.69;992;j
RS;aptinc992j;p23p100;1998;424481.0;992;j
RS;aptinc992j;p23p100;1999;464660.69;992;j
RS;aptinc992j;p23p100;2000;511531.19;992;j
RS;aptinc992j;p23p100;2001;510529.91;992;j
RS;aptinc992j;p23p100;2002;552856.63;992;j
RS;aptinc992j;p23p100;2003;581862.0;992;j
RS;aptinc992j;p23p100;2004;657464.88;992;j
RS;aptinc992j;p23p100;2005;735666.69;992;j
RS;aptinc992j;p23p100;2006;779950.5;992;j
RS;aptinc992j;p23p100;2007;807409.0;992;j
RS;aptinc992j;p23p100;2008;863129.63;992;j
RS;aptinc992j;p23p100;2009;850256.13;992;j
RS;aptinc992j;p23p100;2010;854585.38;992;j
RS;aptinc992j;p23p100;2011;860544.69;992;j
RS;aptinc992j;p23p100;2012;860602.19;992;j
RS;aptinc992j;p23p100;2013;882692.13;992;j
RS;aptinc992j;p23p100;2014;865789.81;992;j
RS;aptinc992j;p23p100;2015;871361.63;992;j
RS;aptinc992j;p23p100;2016;898303.63;992;j
RS;aptinc992j;p23p100;2017;903717.38;992;j
RS;aptinc992j;p67p68;1990;827713.19;992;j
RS;aptinc992j;p67p68;1991;714975.63;992;j
RS;aptinc992j;p67p68;1992;487162.5;992;j
RS;aptinc992j;p67p68;1993;314450.31;992;j
RS;aptinc992j;p67p68;1994;322354.41;992;j
RS;aptinc992j;p67p68;1995;338772.69;992;j
RS;aptinc992j;p67p68;1996;340376.19;992;j
RS;aptinc992j;p67p68;1997;359689.69;992;j
RS;aptinc992j;p67p68;1998;376402.31;992;j
RS;aptinc992j;p67p68;1999;407914.81;992;j
RS;aptinc992j;p67p68;2000;441826.0;992;j
RS;aptinc992j;p67p68;2001;437785.69;992;j
RS;aptinc992j;p67p68;2002;474633.5;992;j
RS;aptinc992j;p67p68;2003;497380.69;992;j
RS;aptinc992j;p67p68;2004;552906.19;992;j
RS;aptinc992j;p67p68;2005;613845.88;992;j
RS;aptinc992j;p67p68;2006;653489.31;992;j
RS;aptinc992j;p67p68;2007;684501.63;992;j
RS;aptinc992j;p67p68;2008;733755.69;992;j
RS;aptinc992j;p67p68;2009;718845.38;992;j
RS;aptinc992j;p67p68;2010;712745.5;992;j
RS;aptinc992j;p67p68;2011;713713.88;992;j
RS;aptinc992j;p67p68;2012;719512.13;992;j
RS;aptinc992j;p67p68;2013;746543.13;992;j
RS;aptinc992j;p67p68;2014;715861.63;992;j
RS;aptinc992j;p67p68;2015;723364.0;992;j
RS;aptinc992j;p67p68;2016;745455.69;992;j
RS;aptinc992j;p67p68;2017;749639.63;992;j
RS;aptinc992j;p99.8p100;1990;13913145.0;992;j
RS;aptinc992j;p99.8p100;1991;12396222.0;992;j
RS;aptinc992j;p99.8p100;1992;8652386.0;992;j
RS;aptinc992j;p99.8p100;1993;5753854.5;992;j
RS;aptinc992j;p99.8p100;1994;6031970.0;992;j
RS;aptinc992j;p99.8p100;1995;6527070.5;992;j
RS;aptinc992j;p99.8p100;1996;6693652.5;992;j
RS;aptinc992j;p99.8p100;1997;7224173.0;992;j
RS;aptinc992j;p99.8p100;1998;7583614.5;992;j
RS;aptinc992j;p99.8p100;1999;8826853.0;992;j
RS;aptinc992j;p99.8p100;2000;10372312.0;992;j
RS;aptinc992j;p99.8p100;2001;10987516.0;992;j
RS;aptinc992j;p99.8p100;2002;11706116.0;992;j
RS;aptinc992j;p99.8p100;2003;12103034.0;992;j
RS;aptinc992j;p99.8p100;2004;14052388.0;992;j
RS;aptinc992j;p99.8p100;2005;15426296.0;992;j
RS;aptinc992j;p99.8p100;2006;16478759.0;992;j
RS;aptinc992j;p99.8p100;2007;15841693.0;992;j
RS;aptinc992j;p99.8p100;2008;17205812.0;992;j
RS;aptinc992j;p99.8p100;2009;16822644.0;992;j
RS;aptinc992j;p99.8p100;2010;16921344.0;992;j
RS;aptinc992j;p99.8p100;2011;17795506.0;992;j
RS;aptinc992j;p99.8p100;2012;15364056.0;992;j
RS;aptinc992j;p99.8p100;2013;16404078.0;992;j
RS;aptinc992j;p99.8p100;2014;21876612.0;992;j
RS;aptinc992j;p99.8p100;2015;21298456.0;992;j
RS;aptinc992j;p99.8p100;2016;21979924.0;992;j
RS;aptinc992j;p99.8p100;2017;22138350.0;992;j
RS;asscho999i;p0p100;1997;41136.699;999;i
RS;asscho999i;p0p100;1998;43704.801;999;i
RS;asscho999i;p0p100;1999;45568.398;999;i
RS;asscho999i;p0p100;2000;47012.301;999;i
RS;asscho999i;p0p100;2001;46733.398;999;i
RS;asscho999i;p0p100;2002;54484.898;999;i
RS;asscho999i;p0p100;2003;55169.102;999;i
RS;asscho999i;p0p100;2004;62400.801;999;i
RS;asscho999i;p0p100;2005;66817.297;999;i
RS;asscho999i;p0p100;2006;75485.797;999;i
RS;asscho999i;p0p100;2007;81853.797;999;i
RS;asscho999i;p0p100;2008;85308.0;999;i
RS;asscho999i;p0p100;2009;83609.398;999;i
RS;asscho999i;p0p100;2010;86334.797;999;i
RS;asscho999i;p0p100;2011;84387.203;999;i
RS;bcainc992j;p36p100;1990;2.1504216;992;j
RS;bcainc992j;p36p100;1991;2.1371784;992;j
RS;bcainc992j;p36p100;1992;2.1247282;992;j
RS;bcainc992j;p36p100;1993;2.1110158;992;j
RS;bcainc992j;p36p100;1994;2.0993564;992;j
RS;bcainc992j;p36p100;1995;2.0863864;992;j
RS;bcainc992j;p36p100;1996;2.0669918;992;j
RS;bcainc992j;p36p100;1997;2.0493748;992;j
RS;bcainc992j;p36p100;1998;2.0971761;992;j
RS;bcainc992j;p36p100;1999;2.1040637;992;j
RS;bcainc992j;p36p100;2000;2.1260562;992;j
RS;bcainc992j;p36p100;2001;2.1472435;992;j
RS;bcainc992j;p36p100;2002;2.2085176;992;j
RS;bcainc992j;p36p100;2003;2.2207456;992;j
RS;bcainc992j;p36p100;2004;2.2929902;992;j
RS;bcainc992j;p36p100;2005;2.3486469;992;j
RS;bcainc992j;p36p100;2006;2.4074938;992;j
RS;bcainc992j;p36p100;2007;2.4603043;992;j
RS;bcainc992j;p36p100;2008;2.5069377;992;j
RS;bcainc992j;p36p100;2009;2.549058;992;j
RS;bcainc992j;p36p100;2010;2.6556702;992;j
RS;bcainc992j;p36p100;2011;2.7561116;992;j
RS;bcainc992j;p36p100;2012;2.8290236;992;j
RS;bcainc992j;p36p100;2013;2.9250419;992;j
RS;bcainc992j;p36p100;2014;2.8004675;992;j
RS;bcainc992j;p36p100;2015;2.9384933;992;j
RS;bcainc992j;p36p100;2016;2.9377685;992;j
RS;bcainc992j;p36p100;2017;2.9403841;992;j
RS;bcainc992j;p4p100;1990;8.6512928;992;j
RS;bcainc992j;p4p100;1991;8.7035542;992;j
RS;bcainc992j;p4p100;1992;8.6507988;992;j
RS;bcainc992j;p4p100;1993;8.5608397;992;j
RS;bcainc992j;p4p100;1994;8.5191431;992;j
RS;bcainc992j;p4p100;1995;8.6321859;992;j
RS;bcainc992j;p4p100;1996;8.6312723;992;j
RS;bcainc992j;p4p100;1997;8.5853901;992;j
RS;bcainc992j;p4p100;1998;8.4173403;992;j
RS;bcainc992j;p4p100;1999;8.1627722;992;j
RS;bcainc992j;p4p100;2000;8.6492376;992;j
RS;bcainc992j;p4p100;2001;8.7470207;992;j
RS;bcainc992j;p4p100;2002;12.112335;992;j
RS;bcainc992j;p4p100;2003;13.19638;992;j
RS;bcainc992j;p4p100;2004;16.058218;992;j
RS;bcainc992j;p4p100;2005;17.16819;992;j
RS;bcainc992j;p4p100;2006;18.959246;992;j
RS;bcainc992j;p4p100;2007;24.301912;992;j
RS;bcainc992j;p4p100;2008;22.476892;992;j
RS;bcainc992j;p4p100;2009;19.613945;992;j
RS;bcainc992j;p4p100;2010;20.224812;992;j
RS;bcainc992j;p4p100;2011;23.380751;992;j
RS;bcainc992j;p4p100;2012;31.74699;992;j
RS;bcainc992j;p4p100;2013;14.23103;992;j
RS;bcainc992j;p4p100;2014;7.0659542;992;j
RS;bcainc992j;p4p100;2015;10.412647;992;j
RS;bcainc992j;p4p100;2016;10.403604;992;j
RS;bcainc992j;p4p100;2017;10.420048;992;j
RS;bdiinc992j;p89p100;1990;1.5782903;992;j
RS;bdiinc992j;p89p100;1991;1.5761797;992;j
RS;bdiinc992j;p89p100;1992;1.5753719;992;j
RS;bdiinc992j;p89p100;1993;1.5836749;992;j
RS;bdiinc992j;p89p100;1994;1.5878482;992;j
RS;bdiinc992j;p89p100;1995;1.5945041;992;j
RS;bdiinc992j;p89p100;1996;1.59328;992;j
RS;bdiinc992j;p89p100;1997;1.5921998;992;j
RS;bdiinc992j;p89p100;1998;1.6117256;992;j
RS;bdiinc992j;p89p100;1999;1.6602628;992;j
RS;bdiinc992j;p89p100;2000;1.7144394;992;j
RS;bdiinc992j;p89p100;2001;1.7508453;992;j
RS;bdiinc992j;p89p100;2002;1.7635027;992;j
RS;bdiinc992j;p89p100;2003;1.7307466;992;j
RS;bdiinc992j;p89p100;2004;1.715903;992;j
RS;bdiinc992j;p89p100;2005;1.7317426;992;j
RS;bdiinc992j;p89p100;2006;1.7499392;992;j
RS;bdiinc992j;p89p100;2007;1.7153939;992;j
RS;bdiinc992j;p89p100;2008;1.713764;992;j
RS;bdiinc992j;p89p100;2009;1.7406492;992;j
RS;bdiinc992j;p89p100;2010;1.7563037;992;j
RS;bdiinc992j;p89p100;2011;1.7699467;992;j
RS;bdiinc992j;p89p100;2012;1.8294885;992;j
RS;bdiinc992j;p89p100;2013;1.7763709;992;j
RS;bdiinc992j;p89p100;2014;1.885078;992;j
RS;bdiinc992j;p89p100;2015;2.0738177;992;j
RS;bdiinc992j;p89p100;2016;2.082056;992;j
RS;bdiinc992j;p89p100;2017;2.0834866;992;j
RS;bptinc992j;p18p100;1990;3.9661515;992;j
RS;bptinc992j;p18p100;1991;3.9696887;992;j
RS;bptinc992j;p18p100;1992;3.9901011;992;j
RS;bptinc992j;p18p100;1993;3.9995232;992;j
RS;bptinc992j;p18p100;1994;4.0133319;992;j
RS;bptinc992j;p18p100;1995;4.0320787;992;j
RS;bptinc992j;p18p100;1996;4.0496397;992;j
RS;bptinc992j;p18p100;1997;4.0697279;992;j
RS;bptinc992j;p18p100;1998;3.8135169;992;j
RS;bptinc992j;p18p100;1999;3.8012376;992;j
RS;bptinc992j;p18p100;2000;3.8871958;992;j
RS;bptinc992j;p18p100;2001;3.888732;992;j
RS;bptinc992j;p18p100;2002;4.3112264;992;j
RS;bptinc992j;p18p100;2003;4.3842845;992;j
RS;bptinc992j;p18p100;2004;4.7887416;992;j
RS;bptinc992j;p18p100;2005;5.1266913;992;j
RS;bptinc992j;p18p100;2006;5.6843853;992;j
RS;bptinc992j;p18p100;2007;6.2630558;992;j
RS;bptinc992j;p18p100;2008;7.003818;992;j
RS;bptinc992j;p18p100;2009;7.754663;992;j
RS;bptinc992j;p18p100;2010;8.4737043;992;j
RS;bptinc992j;p18p100;2011;10.067674;992;j
RS;bptinc992j;p18p100;2012;10.738019;992;j
RS;bptinc992j;p18p100;2013;11.335923;992;j
RS;bptinc992j;p18p100;2014;13.006477;992;j
RS;bptinc992j;p18p100;2015;11.930426;992;j
RS;bptinc992j;p18p100;2016;11.897888;992;j
RS;bptinc992j;p18p100;2017;11.939244;992;j
RS;bptinc992j;p21p100;1990;3.5827515;992;j
RS;bptinc992j;p21p100;1991;3.6008976;992;j
RS;bptinc992j;p21p100;1992;3.5906177;992;j
RS;bptinc992j;p21p100;1993;3.6004133;992;j
RS;bptinc992j;p21p100;1994;3.6128383;992;j
RS;bptinc992j;p21p100;1995;3.6274624;992;j
RS;bptinc992j;p21p100;1996;3.6391573;992;j
RS;bptinc992j;p21p100;1997;3.6533866;992;j
RS;bptinc992j;p21p100;1998;3.4297972;992;j
RS;bptinc992j;p21p100;1999;3.4599924;992;j
RS;bptinc992j;p21p100;2000;3.5397305;992;j
RS;bptinc992j;p21p100;2001;3.5555859;992;j
RS;bptinc992j;p21p100;2002;3.8943875;992;j
RS;bptinc992j;p21p100;2003;3.9184866;992;j
RS;bptinc992j;p21p100;2004;4.2006431;992;j
RS;bptinc992j;p21p100;2005;4.4538846;992;j
RS;bptinc992j;p21p100;2006;4.8082876;992;j
RS;bptinc992j;p21p100;2007;5.0851202;992;j
RS;bptinc992j;p21p100;2008;5.563663;992;j
RS;bptinc992j;p21p100;2009;5.8966827;992;j
RS;bptinc992j;p21p100;2010;6.5772285;992;j
RS;bptinc992j;p21p100;2011;7.8478012;992;j
RS;bptinc992j;p21p100;2012;8.4634638;992;j
RS;bptinc992j;p21p100;2013;8.9094601;992;j
RS;bptinc992j;p21p100;2014;8.8128519;992;j
RS;bptinc992j;p21p100;2015;8.6720428;992;j
RS;bptinc992j;p21p100;2016;8.6506128;992;j
RS;bptinc992j;p21p100;2017;8.7407541;992;j
RS;bptinc992j;p65p100;1990;1.7279299;992;j
RS;bptinc992j;p65p100;1991;1.7382741;992;j
RS;bptinc992j;p65p100;1992;1.7456056;992;j
RS;bptinc992j;p65p100;1993;1.7564812;992;j
RS;bptinc992j;p65p100;1994;1.765517;992;j
RS;bptinc992j;p65p100;1995;1.7739937;992;j
RS;bptinc992j;p65p100;1996;1.7808995;992;j
RS;bptinc992j;p65p100;1997;1.7874475;992;j
RS;bptinc992j;p65p100;1998;1.7913593;992;j
RS;bptinc992j;p65p100;1999;1.8120873;992;j
RS;bptinc992j;p65p100;2000;1.8547614;992;j
RS;bptinc992j;p65p100;2001;1.8770521;992;j
RS;bptinc992j;p65p100;2002;1.8899844;992;j
RS;bptinc992j;p65p100;2003;1.9023948;992;j
RS;bptinc992j;p65p100;2004;1.9589154;992;j
RS;bptinc992j;p65p100;2005;1.9950026;992;j
RS;bptinc992j;p65p100;2006;1.9980989;992;j
RS;bptinc992j;p65p100;2007;1.9766877;992;j
RS;bptinc992j;p65p100;2008;1.9826276;992;j
RS;bptinc992j;p65p100;2009;1.9978851;992;j
RS;bptinc992j;p65p100;2010;2.0483172;992;j
RS;bptinc992j;p65p100;2011;2.0907209;992;j
RS;bptinc992j;p65p100;2012;2.0791342;992;j
RS;bptinc992j;p65p100;2013;2.0444818;992;j
RS;bptinc992j;p65p100;2014;2.117768;992;j
RS;bptinc992j;p65p100;2015;2.0720046;992;j
RS;bptinc992j;p65p100;2016;2.073472;992;j
RS;bptinc992j;p65p100;2017;2.0745618;992;j
RS;mnsrnp999i;p0p100;1997;0.0;999;i
RS;mnsrnp999i;p0p100;1998;0.0;999;i
RS;mnsrnp999i;p0p100;1999;0.0;999;i
RS;mnsrnp999i;p0p100;2000;0.0;999;i
RS;mnsrnp999i;p0p100;2001;0.0;999;i
RS;mnsrnp999i;p0p100;2002;-6345579.0;999;i
RS;mnsrnp999i;p0p100;2003;-361296.0;999;i
RS;mnsrnp999i;p0p100;2004;0.0;999;i
RS;mnsrnp999i;p0p100;2005;-10856605.0;999;i
RS;mnsrnp999i;p0p100;2006;-29919036.0;999;i
RS;mnsrnp999i;p0p100;2007;-34773116.0;999;i
RS;mnsrnp999i;p0p100;2008;-35307476.0;999;i
RS;mnsrnp999i;p0p100;2009;-47199956.0;999;i
RS;mnsrnp999i;p0p100;2010;-47659608.0;999;i
RS;mnsrnp999i;p0p100;2011;-27201208.0;999;i
RS;mprpho999i;p0p100;1997;14389615616.0;999;i
RS;mprpho999i;p0p100;1998;29921939456.0;999;i
RS;mprpho999i;p0p100;1999;20115122176.0;999;i
RS;mprpho999i;p0p100;2000;36086038528.0;999;i
RS;mprpho999i;p0p100;2001;29687029760.0;999;i
RS;mprpho999i;p0p100;2002;7910457344.0;999;i
RS;mprpho999i;p0p100;2003;19083268096.0;999;i
RS;mprpho999i;p0p100;2004;5214590976.0;999;i
RS;mprpho999i;p0p100;2005;60559810560.0;999;i
RS;mprpho999i;p0p100;2006;22004400128.0;999;i
RS;mprpho999i;p0p100;2007;25470334976.0;999;i
RS;mprpho999i;p0p100;2008;86513426432.0;999;i
RS;mprpho999i;p0p100;2009;5453605888.0;999;i
RS;mprpho999i;p0p100;2010;25251196928.0;999;i
RS;mprpho999i;p0p100;2011;37289570304.0;999;i
RS;scainc992j;p1p100;1990;0.99910003;992;j
RS;scainc992j;p1p100;1991;0.99919999;992;j
RS;scainc992j;p1p100;1992;0.9993;992;j
RS;scainc992j;p1p100;1993;0.99940002;992;j
RS;scainc992j;p1p100;1994;0.99949998;992;j
RS;scainc992j;p1p100;1995;0.99959999;992;j
RS;scainc992j;p1p100;1996;0.99970001;992;j
RS;scainc992j;p1p100;1997;0.99980003;992;j
RS;scainc992j;p1p100;1998;0.99980003;992;j
RS;scainc992j;p1p100;1999;0.99980003;992;j
RS;scainc992j;p1p100;2000;0.99989998;992;j
RS;scainc992j;p1p100;2001;0.99989998;992;j
RS;scainc992j;p1p100;2002;1.0;992;j
RS;scainc992j;p1p100;2003;0.99980003;992;j
RS;scainc992j;p1p100;2004;0.99980003;992;j
RS;scainc992j;p1p100;2005;0.99980003;992;j
RS;scainc992j;p1p100;2006;0.99980003;992;j
RS;scainc992j;p1p100;2007;0.99989998;992;j
RS;scainc992j;p1p100;2008;1.0;992;j
RS;scainc992j;p1p100;2009;0.99970001;992;j
RS;scainc992j;p1p100;2010;0.99970001;992;j
RS;scainc992j;p1p100;2011;0.99980003;992;j
RS;scainc992j;p1p100;2012;0.99980003;992;j
RS;scainc992j;p1p100;2013;0.99949998;992;j
RS;scainc992j;p1p100;2014;0.99870002;992;j
RS;scainc992j;p1p100;2015;0.99919999;992;j
RS;scainc992j;p1p100;2016;0.99919999;992;j
RS;scainc992j;p1p100;2017;0.99919999;992;j
RS;scainc992j;p20p100;1990;0.95719999;992;j
RS;scainc992j;p20p100;1991;0.95670003;992;j
RS;scainc992j;p20p100;1992;0.9562;992;j
RS;scainc992j;p20p100;1993;0.95569998;992;j
RS;scainc992j;p20p100;1994;0.9551;992;j
RS;scainc992j;p20p100;1995;0.95450002;992;j
RS;scainc992j;p20p100;1996;0.95389998;992;j
RS;scainc992j;p20p100;1997;0.95340002;992;j
RS;scainc992j;p20p100;1998;0.94940001;992;j
RS;scainc992j;p20p100;1999;0.94880003;992;j
RS;scainc992j;p20p100;2000;0.9508;992;j
RS;scainc992j;p20p100;2001;0.95160002;992;j
RS;scainc992j;p20p100;2002;0.95910001;992;j
RS;scainc992j;p20p100;2003;0.95990002;992;j
RS;scainc992j;p20p100;2004;0.96560001;992;j
RS;scainc992j;p20p100;2005;0.96740001;992;j
RS;scainc992j;p20p100;2006;0.97140002;992;j
RS;scainc992j;p20p100;2007;0.97409999;992;j
RS;scainc992j;p20p100;2008;0.97530001;992;j
RS;scainc992j;p20p100;2009;0.97549999;992;j
RS;scainc992j;p20p100;2010;0.97890002;992;j
RS;scainc992j;p20p100;2011;0.98199999;992;j
RS;scainc992j;p20p100;2012;0.98369998;992;j
RS;scainc992j;p20p100;2013;0.98000002;992;j
RS;scainc992j;p20p100;2014;0.96560001;992;j
RS;scainc992j;p20p100;2015;0.97509998;992;j
RS;scainc992j;p20p100;2016;0.97509998;992;j
RS;scainc992j;p20p100;2017;0.97509998;992;j
RS;scainc992j;p62p63;1990;0.0103;992;j
RS;scainc992j;p62p63;1991;0.0103;992;j
RS;scainc992j;p62p63;1992;0.0103;992;j
RS;scainc992j;p62p63;1993;0.0103;992;j
RS;scainc992j;p62p63;1994;0.0103;992;j
RS;scainc992j;p62p63;1995;0.0103;992;j
RS;scainc992j;p62p63;1996;0.0103;992;j
RS;scainc992j;p62p63;1997;0.0103;992;j
RS;scainc992j;p62p63;1998;0.0102;992;j
RS;scainc992j;p62p63;1999;0.0102;992;j
RS;scainc992j;p62p63;2000;0.0099999998;992;j
RS;scainc992j;p62p63;2001;0.0098999999;992;j
RS;scainc992j;p62p63;2002;0.0099999998;992;j
RS;scainc992j;p62p63;2003;0.0099999998;992;j
RS;scainc992j;p62p63;2004;0.0098999999;992;j
RS;scainc992j;p62p63;2005;0.0098000001;992;j
RS;scainc992j;p62p63;2006;0.0098000001;992;j
RS;scainc992j;p62p63;2007;0.0098999999;992;j
RS;scainc992j;p62p63;2008;0.0098999999;992;j
RS;scainc992j;p62p63;2009;0.0098000001;992;j
RS;scainc992j;p62p63;2010;0.0097000003;992;j
RS;scainc992j;p62p63;2011;0.0097000003;992;j
RS;scainc992j;p62p63;2012;0.0096000005;992;j
RS;scainc992j;p62p63;2013;0.0098000001;992;j
RS;scainc992j;p62p63;2014;0.0094999997;992;j
RS;scainc992j;p62p63;2015;0.0092000002;992;j
RS;scainc992j;p62p63;2016;0.0092000002;992;j
RS;scainc992j;p62p63;2017;0.0092000002;992;j
RS;scainc992j;p99.92p99.93;1990;0.0014;992;j
RS;scainc992j;p99.92p99.93;1991;0.0014;992;j
RS;scainc992j;p99.92p99.93;1992;0.0013;992;j
RS;scainc992j;p99.92p99.93;1993;0.0013;992;j
RS;scainc992j;p99.92p99.93;1994;0.0013;992;j
RS;scainc992j;p99.92p99.93;1995;0.0013;992;j
RS;scainc992j;p99.92p99.93;1996;0.0013;992;j
RS;scainc992j;p99.92p99.93;1997;0.0013;992;j
RS;scainc992j;p99.92p99.93;1998;0.0013;992;j
RS;scainc992j;p99.92p99.93;1999;0.0014;992;j
RS;scainc992j;p99.92p99.93;2000;0.0015;992;j
RS;scainc992j;p99.92p99.93;2001;0.0016;992;j
RS;scainc992j;p99.92p99.93;2002;0.0016;992;j
RS;scainc992j;p99.92p99.93;2003;0.0016;992;j
RS;scainc992j;p99.92p99.93;2004;0.0016;992;j
RS;scainc992j;p99.92p99.93;2005;0.0017;992;j
RS;scainc992j;p99.92p99.93;2006;0.0017;992;j
RS;scainc992j;p99.92p99.93;2007;0.0016;992;j
RS;scainc992j;p99.92p99.93;2008;0.0016;992;j
RS;scainc992j;p99.92p99.93;2009;0.0017;992;j
RS;scainc992j;p99.92p99.93;2010;0.0017;992;j
RS;scainc992j;p99.92p99.93;2011;0.0017;992;j
RS;scainc992j;p99.92p99.93;2012;0.0020999999;992;j
RS;scainc992j;p99.92p99.93;2013;0.0018;992;j
RS;scainc992j;p99.92p99.93;2014;0.0023000001;992;j
RS;scainc992j;p99.92p99.93;2015;0.0027999999;992;j
RS;scainc992j;p99.92p99.93;2016;0.0027999999;992;j
RS;scainc992j;p99.92p99.93;2017;0.0027999999;992;j
RS;sdiinc992j;p99.993p99.994;1990;0.0005;992;j
RS;sdiinc992j;p99.993p99.994;1991;0.0004;992;j
RS;sdiinc992j;p99.993p99.994;1992;0.0004;992;j
RS;sdiinc992j;p99.993p99.994;1993;0.0004;992;j
RS;sdiinc992j;p99.993p99.994;1994;0.0004;992;j
RS;sdiinc992j;p99.993p99.994;1995;0.0004;992;j
RS;sdiinc992j;p99.993p99.994;1996;0.0004;992;j
RS;sdiinc992j;p99.993p99.994;1997;0.0004;992;j
RS;sdiinc992j;p99.993p99.994;1998;0.0004;992;j
RS;sdiinc992j;p99.993p99.994;1999;0.0005;992;j
RS;sdiinc992j;p99.993p99.994;2000;0.0005;992;j
RS;sdiinc992j;p99.993p99.994;2001;0.0005;992;j
RS;sdiinc992j;p99.993p99.994;2002;0.0005;992;j
RS;sdiinc992j;p99.993p99.994;2003;0.0005;992;j
RS;sdiinc992j;p99.993p99.994;2004;0.0005;992;j
RS;sdiinc992j;p99.993p99.994;2005;0.0006;992;j
RS;sdiinc992j;p99.993p99.994;2006;0.0005;992;j
RS;sdiinc992j;p99.993p99.994;2007;0.0005;992;j
RS;sdiinc992j;p99.993p99.994;2008;0.0004;992;j
RS;sdiinc992j;p99.993p99.994;2009;0.0005;992;j
RS;sdiinc992j;p99.993p99.994;2010;0.0005;992;j
RS;sdiinc992j;p99.993p99.994;2011;0.0005;992;j
RS;sdiinc992j;p99.993p99.994;2012;0.0007;992;j
RS;sdiinc992j;p99.993p99.994;2013;0.0005;992;j
RS;sdiinc992j;p99.993p99.994;2014;0.0009;992;j
RS;sdiinc992j;p99.993p99.994;2015;0.0013;992;j
RS;sdiinc992j;p99.993p99.994;2016;0.0013;992;j
RS;sdiinc992j;p99.993p99.994;2017;0.0013;992;j
RS;sptinc992j;p0p100;1990;1.0;992;j
RS;sptinc992j;p0p100;1991;1.0;992;j
RS;sptinc992j;p0p100;1992;1.0;992;j
RS;sptinc992j;p0p100;1993;1.0;992;j
RS;sptinc992j;p0p100;1994;1.0;992;j
RS;sptinc992j;p0p100;1995;1.0;992;j
RS;sptinc992j;p0p100;1996;1.0;992;j
RS;sptinc992j;p0p100;1997;1.0;992;j
RS;sptinc992j;p0p100;1998;1.0;992;j
RS;sptinc992j;p0p100;1999;1.0;992;j
RS;sptinc992j;p0p100;2000;1.0;992;j
RS;sptinc992j;p0p100;2001;1.0;992;j
RS;sptinc992j;p0p100;2002;1.0;992;j
RS;sptinc992j;p0p100;2003;1.0;992;j
RS;sptinc992j;p0p100;2004;1.0;992;j
RS;sptinc992j;p0p100;2005;1.0;992;j
RS;sptinc992j;p0p100;2006;1.0;992;j
RS;sptinc992j;p0p100;2007;1.0;992;j
RS;sptinc992j;p0p100;2008;1.0;992;j
RS;sptinc992j;p0p100;2009;1.0;992;j
RS;sptinc992j;p0p100;2010;1.0;992;j
RS;sptinc992j;p0p100;2011;1.0;992;j
RS;sptinc992j;p0p100;2012;1.0;992;j
RS;sptinc992j;p0p100;2013;1.0;992;j
RS;sptinc992j;p0p100;2014;1.0;992;j
RS;sptinc992j;p0p100;2015;1.0;992;j
RS;sptinc992j;p0p100;2016;1.0;992;j
RS;sptinc992j;p0p100;2017;1.0;992;j
RS;sptinc992j;p14p15;1990;0.0027000001;992;j
RS;sptinc992j;p14p15;1991;0.0027000001;992;j
RS;sptinc992j;p14p15;1992;0.0027000001;992;j
RS;sptinc992j;p14p15;1993;0.0027000001;992;j
RS;sptinc992j;p14p15;1994;0.0027000001;992;j
RS;sptinc992j;p14p15;1995;0.0027000001;992;j
RS;sptinc992j;p14p15;1996;0.0026;992;j
RS;sptinc992j;p14p15;1997;0.0026;992;j
RS;sptinc992j;p14p15;1998;0.0027999999;992;j
RS;sptinc992j;p14p15;1999;0.0027999999;992;j
RS;sptinc992j;p14p15;2000;0.0027999999;992;j
RS;sptinc992j;p14p15;2001;0.0027999999;992;j
RS;sptinc992j;p14p15;2002;0.0024999999;992;j
RS;sptinc992j;p14p15;2003;0.0024000001;992;j
RS;sptinc992j;p14p15;2004;0.0022;992;j
RS;sptinc992j;p14p15;2005;0.0020000001;992;j
RS;sptinc992j;p14p15;2006;0.0018;992;j
RS;sptinc992j;p14p15;2007;0.0015;992;j
RS;sptinc992j;p14p15;2008;0.0013;992;j
RS;sptinc992j;p14p15;2009;0.0012000001;992;j
RS;sptinc992j;p14p15;2010;0.0011;992;j
RS;sptinc992j;p14p15;2011;0.0009;992;j
RS;sptinc992j;p14p15;2012;0.0008;992;j
RS;sptinc992j;p14p15;2013;0.0007;992;j
RS;sptinc992j;p14p15;2014;0.0007;992;j
RS;sptinc992j;p14p15;2015;0.0007;992;j
RS;sptinc992j;p14p15;2016;0.0007;992;j
RS;sptinc992j;p14p15;2017;0.0007;992;j
RS;sptinc992j;p27p100;1990;0.93260002;992;j
RS;sptinc992j;p27p100;1991;0.93260002;992;j
RS;sptinc992j;p27p100;1992;0.93260002;992;j
RS;sptinc992j;p27p100;1993;0.93260002;992;j
RS;sptinc992j;p27p100;1994;0.93260002;992;j
RS;sptinc992j;p27p100;1995;0.93269998;992;j
RS;sptinc992j;p27p100;1996;0.93260002;992;j
RS;sptinc992j;p27p100;1997;0.93260002;992;j
RS;sptinc992j;p27p100;1998;0.9285;992;j
RS;sptinc992j;p27p100;1999;0.92830002;992;j
RS;sptinc992j;p27p100;2000;0.92979997;992;j
RS;sptinc992j;p27p100;2001;0.9296;992;j
RS;sptinc992j;p27p100;2002;0.93660003;992;j
RS;sptinc992j;p27p100;2003;0.93889999;992;j
RS;sptinc992j;p27p100;2004;0.94330001;992;j
RS;sptinc992j;p27p100;2005;0.94709998;992;j
RS;sptinc992j;p27p100;2006;0.95190001;992;j
RS;sptinc992j;p27p100;2007;0.95529997;992;j
RS;sptinc992j;p27p100;2008;0.95990002;992;j
RS;sptinc992j;p27p100;2009;0.963;992;j
RS;sptinc992j;p27p100;2010;0.9659;992;j
RS;sptinc992j;p27p100;2011;0.97060001;992;j
RS;sptinc992j;p27p100;2012;0.97259998;992;j
RS;sptinc992j;p27p100;2013;0.97430003;992;j
RS;sptinc992j;p27p100;2014;0.97509998;992;j
RS;sptinc992j;p27p100;2015;0.97390002;992;j
RS;sptinc992j;p27p100;2016;0.9738;992;j
RS;sptinc992j;p27p100;2017;0.97399998;992;j
RS;sptinc992j;p48p100;1990;0.80000001;992;j
RS;sptinc992j;p48p100;1991;0.80059999;992;j
RS;sptinc992j;p48p100;1992;0.80119997;992;j
RS;sptinc992j;p48p100;1993;0.80180001;992;j
RS;sptinc992j;p48p100;1994;0.80239999;992;j
RS;sptinc992j;p48p100;1995;0.80299997;992;j
RS;sptinc992j;p48p100;1996;0.80339998;992;j
RS;sptinc992j;p48p100;1997;0.80379999;992;j
RS;sptinc992j;p48p100;1998;0.80180001;992;j
RS;sptinc992j;p48p100;1999;0.80190003;992;j
RS;sptinc992j;p48p100;2000;0.80489999;992;j
RS;sptinc992j;p48p100;2001;0.80519998;992;j
RS;sptinc992j;p48p100;2002;0.81379998;992;j
RS;sptinc992j;p48p100;2003;0.8175;992;j
RS;sptinc992j;p48p100;2004;0.82440001;992;j
RS;sptinc992j;p48p100;2005;0.8312;992;j
RS;sptinc992j;p48p100;2006;0.838;992;j
RS;sptinc992j;p48p100;2007;0.84039998;992;j
RS;sptinc992j;p48p100;2008;0.847;992;j
RS;sptinc992j;p48p100;2009;0.85170001;992;j
RS;sptinc992j;p48p100;2010;0.85799998;992;j
RS;sptinc992j;p48p100;2011;0.86680001;992;j
RS;sptinc992j;p48p100;2012;0.86979997;992;j
RS;sptinc992j;p48p100;2013;0.87010002;992;j
RS;sptinc992j;p48p100;2014;0.87489998;992;j
RS;sptinc992j;p48p100;2015;0.86949998;992;j
RS;sptinc992j;p48p100;2016;0.86949998;992;j
RS;sptinc992j;p48p100;2017;0.86970001;992;j
RS;tcainc992j;p24p100;1990;229270.59;992;j
RS;tcainc992j;p24p100;1991;202261.59;992;j
RS;tcainc992j;p24p100;1992;140511.3;992;j
RS;tcainc992j;p24p100;1993;92502.898;992;j
RS;tcainc992j;p24p100;1994;96737.297;992;j
RS;tcainc992j;p24p100;1995;103620.0;992;j
RS;tcainc992j;p24p100;1996;106137.2;992;j
RS;tcainc992j;p24p100;1997;113798.8;992;j
RS;tcainc992j;p24p100;1998;128342.1;992;j
RS;tcainc992j;p24p100;1999;146090.2;992;j
RS;tcainc992j;p24p100;2000;159084.3;992;j
RS;tcainc992j;p24p100;2001;155100.09;992;j
RS;tcainc992j;p24p100;2002;154745.8;992;j
RS;tcainc992j;p24p100;2003;157986.3;992;j
RS;tcainc992j;p24p100;2004;178123.5;992;j
RS;tcainc992j;p24p100;2005;198474.91;992;j
RS;tcainc992j;p24p100;2006;197185.3;992;j
RS;tcainc992j;p24p100;2007;192998.8;992;j
RS;tcainc992j;p24p100;2008;199780.3;992;j
RS;tcainc992j;p24p100;2009;184009.8;992;j
RS;tcainc992j;p24p100;2010;167852.41;992;j
RS;tcainc992j;p24p100;2011;153832.09;992;j
RS;tcainc992j;p24p100;2012;159184.41;992;j
RS;tcainc992j;p24p100;2013;133837.59;992;j
RS;tcainc992j;p24p100;2014;158507.91;992;j
RS;tcainc992j;p24p100;2015;136578.5;992;j
RS;tcainc992j;p24p100;2016;141712.59;992;j
RS;tcainc992j;p24p100;2017;141838.5;992;j
RS;tcainc992j;p42p100;1990;372097.91;992;j
RS;tcainc992j;p42p100;1991;324017.31;992;j
RS;tcainc992j;p42p100;1992;222504.7;992;j
RS;tcainc992j;p42p100;1993;144504.41;992;j
RS;tcainc992j;p42p100;1994;149205.09;992;j
RS;tcainc992j;p42p100;1995;157627.2;992;j
RS;tcainc992j;p42p100;1996;159450.41;992;j
RS;tcainc992j;p42p100;1997;168803.59;992;j
RS;tcainc992j;p42p100;1998;180746.2;992;j
RS;tcainc992j;p42p100;1999;205520.0;992;j
RS;tcainc992j;p42p100;2000;221435.3;992;j
RS;tcainc992j;p42p100;2001;215037.8;992;j
RS;tcainc992j;p42p100;2002;222440.0;992;j
RS;tcainc992j;p42p100;2003;233424.8;992;j
RS;tcainc992j;p42p100;2004;275054.41;992;j
RS;tcainc992j;p42p100;2005;305772.19;992;j
RS;tcainc992j;p42p100;2006;317634.5;992;j
RS;tcainc992j;p42p100;2007;315256.81;992;j
RS;tcainc992j;p42p100;2008;334905.09;992;j
RS;tcainc992j;p42p100;2009;327482.81;992;j
RS;tcainc992j;p42p100;2010;319783.09;992;j
RS;tcainc992j;p42p100;2011;316988.91;992;j
RS;tcainc992j;p42p100;2012;309356.59;992;j
RS;tcainc992j;p42p100;2013;314322.59;992;j
RS;tcainc992j;p42p100;2014;309108.0;992;j
RS;tcainc992j;p42p100;2015;304112.31;992;j
RS;tcainc992j;p42p100;2016;315475.81;992;j
RS;tcainc992j;p42p100;2017;315652.5;992;j
RS;tcainc992j;p81p100;1990;751428.63;992;j
RS;tcainc992j;p81p100;1991;650724.63;992;j
RS;tcainc992j;p81p100;1992;444143.69;992;j
RS;tcainc992j;p81p100;1993;286688.59;992;j
RS;tcainc992j;p81p100;1994;293639.19;992;j
RS;tcainc992j;p81p100;1995;309189.0;992;j
RS;tcainc992j;p81p100;1996;310565.69;992;j
RS;tcainc992j;p81p100;1997;326370.81;992;j
RS;tcainc992j;p81p100;1998;351786.0;992;j
RS;tcainc992j;p81p100;1999;397725.31;992;j
RS;tcainc992j;p81p100;2000;427644.59;992;j
RS;tcainc992j;p81p100;2001;413213.31;992;j
RS;tcainc992j;p81p100;2002;439229.09;992;j
RS;tcainc992j;p81p100;2003;463566.09;992;j
RS;tcainc992j;p81p100;2004;563052.88;992;j
RS;tcainc992j;p81p100;2005;642566.69;992;j
RS;tcainc992j;p81p100;2006;681437.13;992;j
RS;tcainc992j;p81p100;2007;689443.5;992;j
RS;tcainc992j;p81p100;2008;747850.5;992;j
RS;tcainc992j;p81p100;2009;736221.31;992;j
RS;tcainc992j;p81p100;2010;748669.31;992;j
RS;tcainc992j;p81p100;2011;760202.88;992;j
RS;tcainc992j;p81p100;2012;757455.63;992;j
RS;tcainc992j;p81p100;2013;800314.31;992;j
RS;tcainc992j;p81p100;2014;725891.13;992;j
RS;tcainc992j;p81p100;2015;714919.38;992;j
RS;tcainc992j;p81p100;2016;741376.38;992;j
RS;tcainc992j;p81p100;2017;741825.19;992;j
RS;tcainc992j;p99.2p100;1990;2323129.0;992;j
RS;tcainc992j;p99.2p100;1991;2010948.3;992;j
RS;tcainc992j;p99.2p100;1992;1378309.0;992;j
RS;tcainc992j;p99.2p100;1993;897449.13;992;j
RS;tcainc992j;p99.2p100;1994;925295.88;992;j
RS;tcainc992j;p99.2p100;1995;977852.13;992;j
RS;tcainc992j;p99.2p100;1996;979953.81;992;j
RS;tcainc992j;p99.2p100;1997;1027963.3;992;j
RS;tcainc992j;p99.2p100;1998;1144995.8;992;j
RS;tcainc992j;p99.2p100;1999;1341948.6;992;j
RS;tcainc992j;p99.2p100;2000;1528626.9;992;j
RS;tcainc992j;p99.2p100;2001;1518847.9;992;j
RS;tcainc992j;p99.2p100;2002;1642363.4;992;j
RS;tcainc992j;p99.2p100;2003;1720184.4;992;j
RS;tcainc992j;p99.2p100;2004;2086824.3;992;j
RS;tcainc992j;p99.2p100;2005;2429224.3;992;j
RS;tcainc992j;p99.2p100;2006;2654992.3;992;j
RS;tcainc992j;p99.2p100;2007;2634433.0;992;j
RS;tcainc992j;p99.2p100;2008;2861258.8;992;j
RS;tcainc992j;p99.2p100;2009;2885074.3;992;j
RS;tcainc992j;p99.2p100;2010;3003009.0;992;j
RS;tcainc992j;p99.2p100;2011;3121617.3;992;j
RS;tcainc992j;p99.2p100;2012;3166199.3;992;j
RS;tcainc992j;p99.2p100;2013;3199428.0;992;j
RS;tcainc992j;p99.2p100;2014;3081016.8;992;j
RS;tcainc992j;p99.2p100;2015;3274715.3;992;j
RS;tcainc992j;p99.2p100;2016;3396152.3;992;j
RS;tcainc992j;p99.2p100;2017;3399521.5;992;j
RS;tdiinc992j;p12p100;1990;223079.8;992;j
RS;tdiinc992j;p12p100;1991;195982.3;992;j
RS;tdiinc992j;p12p100;1992;136321.41;992;j
RS;tdiinc992j;p12p100;1993;89731.5;992;j
RS;tdiinc992j;p12p100;1994;93824.0;992;j
RS;tdiinc992j;p12p100;1995;100089.7;992;j
RS;tdiinc992j;p12p100;1996;102939.9;992;j
RS;tdiinc992j;p12p100;1997;111104.2;992;j
RS;tdiinc992j;p12p100;1998;123290.8;992;j
RS;tdiinc992j;p12p100;1999;132145.5;992;j
RS;tdiinc992j;p12p100;2000;144040.8;992;j
RS;tdiinc992j;p12p100;2001;143200.41;992;j
RS;tdiinc992j;p12p100;2002;141859.41;992;j
RS;tdiinc992j;p12p100;2003;140605.91;992;j
RS;tdiinc992j;p12p100;2004;138861.0;992;j
RS;tdiinc992j;p12p100;2005;142509.5;992;j
RS;tdiinc992j;p12p100;2006;137560.2;992;j
RS;tdiinc992j;p12p100;2007;133840.09;992;j
RS;tdiinc992j;p12p100;2008;137356.09;992;j
RS;tdiinc992j;p12p100;2009;132493.41;992;j
RS;tdiinc992j;p12p100;2010;118026.2;992;j
RS;tdiinc992j;p12p100;2011;105162.4;992;j
RS;tdiinc992j;p12p100;2012;97023.297;992;j
RS;tdiinc992j;p12p100;2013;117172.6;992;j
RS;tdiinc992j;p12p100;2014;160863.0;992;j
RS;tdiinc992j;p12p100;2015;132822.2;992;j
RS;tdiinc992j;p12p100;2016;129858.9;992;j
RS;tdiinc992j;p12p100;2017;129743.2;992;j
RS;tdiinc992j;p22p100;1990;331469.81;992;j
RS;tdiinc992j;p22p100;1991;291667.91;992;j
RS;tdiinc992j;p22p100;1992;202253.59;992;j
RS;tdiinc992j;p22p100;1993;133123.5;992;j
RS;tdiinc992j;p22p100;1994;139299.2;992;j
RS;tdiinc992j;p22p100;1995;149260.5;992;j
RS;tdiinc992j;p22p100;1996;153074.2;992;j
RS;tdiinc992j;p22p100;1997;165045.3;992;j
RS;tdiinc992j;p22p100;1998;176966.8;992;j
RS;tdiinc992j;p22p100;1999;190377.0;992;j
RS;tdiinc992j;p22p100;2000;212180.3;992;j
RS;tdiinc992j;p22p100;2001;212394.2;992;j
RS;tdiinc992j;p22p100;2002;218678.7;992;j
RS;tdiinc992j;p22p100;2003;224782.3;992;j
RS;tdiinc992j;p22p100;2004;237369.2;992;j
RS;tdiinc992j;p22p100;2005;260151.41;992;j
RS;tdiinc992j;p22p100;2006;259315.91;992;j
RS;tdiinc992j;p22p100;2007;266307.19;992;j
RS;tdiinc992j;p22p100;2008;274738.19;992;j
RS;tdiinc992j;p22p100;2009;249766.0;992;j
RS;tdiinc992j;p22p100;2010;230663.5;992;j
RS;tdiinc992j;p22p100;2011;210424.59;992;j
RS;tdiinc992j;p22p100;2012;218285.91;992;j
RS;tdiinc992j;p22p100;2013;187616.7;992;j
RS;tdiinc992j;p22p100;2014;216685.0;992;j
RS;tdiinc992j;p22p100;2015;192133.91;992;j
RS;tdiinc992j;p22p100;2016;191788.59;992;j
RS;tdiinc992j;p22p100;2017;192013.41;992;j
RS;tdiinc992j;p36p37;1990;487253.91;992;j
RS;tdiinc992j;p36p37;1991;424607.0;992;j
RS;tdiinc992j;p36p37;1992;291704.41;992;j
RS;tdiinc992j;p36p37;1993;189889.3;992;j
RS;tdiinc992j;p36p37;1994;196145.09;992;j
RS;tdiinc992j;p36p37;1995;207754.5;992;j
RS;tdiinc992j;p36p37;1996;210738.3;992;j
RS;tdiinc992j;p36p37;1997;224841.8;992;j
RS;tdiinc992j;p36p37;1998;229036.2;992;j
RS;tdiinc992j;p36p37;1999;248560.8;992;j
RS;tdiinc992j;p36p37;2000;272651.09;992;j
RS;tdiinc992j;p36p37;2001;270446.81;992;j
RS;tdiinc992j;p36p37;2002;288293.19;992;j
RS;tdiinc992j;p36p37;2003;302156.31;992;j
RS;tdiinc992j;p36p37;2004;333367.0;992;j
RS;tdiinc992j;p36p37;2005;364953.59;992;j
RS;tdiinc992j;p36p37;2006;379770.5;992;j
RS;tdiinc992j;p36p37;2007;387583.81;992;j
RS;tdiinc992j;p36p37;2008;407587.5;992;j
RS;tdiinc992j;p36p37;2009;395358.09;992;j
RS;tdiinc992j;p36p37;2010;385973.19;992;j
RS;tdiinc992j;p36p37;2011;376477.59;992;j
RS;tdiinc992j;p36p37;2012;369317.31;992;j
RS;tdiinc992j;p36p37;2013;368217.69;992;j
RS;tdiinc992j;p36p37;2014;368416.41;992;j
RS;tdiinc992j;p36p37;2015;362154.91;992;j
RS;tdiinc992j;p36p37;2016;369147.41;992;j
RS;tdiinc992j;p36p37;2017;370702.09;992;j
RS;tdiinc992j;p53p100;1990;651445.88;992;j
RS;tdiinc992j;p53p100;1991;566971.63;992;j
RS;tdiinc992j;p53p100;1992;388668.19;992;j
RS;tdiinc992j;p53p100;1993;252234.41;992;j
RS;tdiinc992j;p53p100;1994;260127.59;992;j
RS;tdiinc992j;p53p100;1995;274668.41;992;j
RS;tdiinc992j;p53p100;1996;277308.69;992;j
RS;tdiinc992j;p53p100;1997;294572.31;992;j
RS;tdiinc992j;p53p100;1998;305217.69;992;j
RS;tdiinc992j;p53p100;1999;331160.91;992;j
RS;tdiinc992j;p53p100;2000;362099.5;992;j
RS;tdiinc992j;p53p100;2001;360433.09;992;j
RS;tdiinc992j;p53p100;2002;385549.19;992;j
RS;tdiinc992j;p53p100;2003;402713.31;992;j
RS;tdiinc992j;p53p100;2004;451479.5;992;j
RS;tdiinc992j;p53p100;2005;496829.31;992;j
RS;tdiinc992j;p53p100;2006;520334.59;992;j
RS;tdiinc992j;p53p100;2007;538836.13;992;j
RS;tdiinc992j;p53p100;2008;572527.38;992;j
RS;tdiinc992j;p53p100;2009;556379.69;992;j
RS;tdiinc992j;p53p100;2010;551255.31;992;j
RS;tdiinc992j;p53p100;2011;546699.63;992;j
RS;tdiinc992j;p53p100;2012;541656.31;992;j
RS;tdiinc992j;p53p100;2013;553489.13;992;j
RS;tdiinc992j;p53p100;2014;534697.81;992;j
RS;tdiinc992j;p53p100;2015;527946.88;992;j
RS;tdiinc992j;p53p100;2016;542249.5;992;j
RS;tdiinc992j;p53p100;2017;545049.0;992;j
RS;tptinc992j;p0p1;1990;38046.898;992;j
RS;tptinc992j;p0p1;1991;30647.9;992;j
RS;tptinc992j;p0p1;1992;19364.6;992;j
RS;tptinc992j;p0p1;1993;11503.2;992;j
RS;tptinc992j;p0p1;1994;10762.0;992;j
RS;tptinc992j;p0p1;1995;10210.7;992;j
RS;tptinc992j;p0p1;1996;9016.4004;992;j
RS;tptinc992j;p0p1;1997;8147.2002;992;j
RS;tptinc992j;p0p1;1998;8770.9004;992;j
RS;tptinc992j;p0p1;1999;9103.5;992;j
RS;tptinc992j;p0p1;2000;9704.2002;992;j
RS;tptinc992j;p0p1;2001;10561.1;992;j
RS;tptinc992j;p0p1;2002;9846.5;992;j
RS;tptinc992j;p0p1;2003;12200.0;992;j
RS;tptinc992j;p0p1;2004;12672.4;992;j
RS;tptinc992j;p0p1;2005;14174.7;992;j
RS;tptinc992j;p0p1;2006;14586.9;992;j
RS;tptinc992j;p0p1;2007;15579.1;992;j
RS;tptinc992j;p0p1;2008;-1704301.4;992;j
RS;tptinc992j;p0p1;2009;10488.7;992;j
RS;tptinc992j;p0p1;2010;10715.4;992;j
RS;tptinc992j;p0p1;2011;11320.7;992;j
RS;tptinc992j;p0p1;2012;758.90002;992;j
RS;tptinc992j;p0p1;2013;-8439.0996;992;j
RS;tptinc992j;p0p1;2014;-14804.0;992;j
RS;tptinc992j;p0p1;2015;-18647.0;992;j
RS;tptinc992j;p0p1;2016;-21941.1;992;j
RS;tptinc992j;p0p1;2017;-25010.6;992;j
RS;tptinc992j;p22p23;1990;265851.0;992;j
RS;tptinc992j;p22p23;1991;230007.7;992;j
RS;tptinc992j;p22p23;1992;157518.7;992;j
RS;tptinc992j;p22p23;1993;101771.4;992;j
RS;tptinc992j;p22p23;1994;104506.6;992;j
RS;tptinc992j;p22p23;1995;109940.0;992;j
RS;tptinc992j;p22p23;1996;110792.1;992;j
RS;tptinc992j;p22p23;1997;117330.1;992;j
RS;tptinc992j;p22p23;1998;128689.2;992;j
RS;tptinc992j;p22p23;1999;138999.3;992;j
RS;tptinc992j;p22p23;2000;149556.5;992;j
RS;tptinc992j;p22p23;2001;148649.41;992;j
RS;tptinc992j;p22p23;2002;148355.7;992;j
RS;tptinc992j;p22p23;2003;154445.7;992;j
RS;tptinc992j;p22p23;2004;163400.91;992;j
RS;tptinc992j;p22p23;2005;174429.09;992;j
RS;tptinc992j;p22p23;2006;172145.3;992;j
RS;tptinc992j;p22p23;2007;171497.09;992;j
RS;tptinc992j;p22p23;2008;168648.41;992;j
RS;tptinc992j;p22p23;2009;158113.59;992;j
RS;tptinc992j;p22p23;2010;146592.8;992;j
RS;tptinc992j;p22p23;2011;125499.2;992;j
RS;tptinc992j;p22p23;2012;109636.5;992;j
RS;tptinc992j;p22p23;2013;116610.9;992;j
RS;tptinc992j;p22p23;2014;102306.5;992;j
RS;tptinc992j;p22p23;2015;112183.5;992;j
RS;tptinc992j;p22p23;2016;115740.6;992;j
RS;tptinc992j;p22p23;2017;115982.0;992;j
RS;tptinc992j;p26p100;1990;334209.81;992;j
RS;tptinc992j;p26p100;1991;288376.5;992;j
RS;tptinc992j;p26p100;1992;196332.59;992;j
RS;tptinc992j;p26p100;1993;126676.1;992;j
RS;tptinc992j;p26p100;1994;129930.2;992;j
RS;tptinc992j;p26p100;1995;136458.7;992;j
RS;tptinc992j;p26p100;1996;137308.41;992;j
RS;tptinc992j;p26p100;1997;145132.3;992;j
RS;tptinc992j;p26p100;1998;155285.8;992;j
RS;tptinc992j;p26p100;1999;169648.8;992;j
RS;tptinc992j;p26p100;2000;183811.2;992;j
RS;tptinc992j;p26p100;2001;182287.5;992;j
RS;tptinc992j;p26p100;2002;188284.0;992;j
RS;tptinc992j;p26p100;2003;190749.2;992;j
RS;tptinc992j;p26p100;2004;204443.09;992;j
RS;tptinc992j;p26p100;2005;217876.91;992;j
RS;tptinc992j;p26p100;2006;220448.09;992;j
RS;tptinc992j;p26p100;2007;224076.09;992;j
RS;tptinc992j;p26p100;2008;228355.5;992;j
RS;tptinc992j;p26p100;2009;218544.7;992;j
RS;tptinc992j;p26p100;2010;205366.5;992;j
RS;tptinc992j;p26p100;2011;186958.2;992;j
RS;tptinc992j;p26p100;2012;178543.5;992;j
RS;tptinc992j;p26p100;2013;179441.8;992;j
RS;tptinc992j;p26p100;2014;171164.41;992;j
RS;tptinc992j;p26p100;2015;185154.7;992;j
RS;tptinc992j;p26p100;2016;191006.0;992;j
RS;tptinc992j;p26p100;2017;191990.2;992;j
RS;tptinc992j;p31p100;1990;395094.31;992;j
RS;tptinc992j;p31p100;1991;342429.69;992;j
RS;tptinc992j;p31p100;1992;234037.59;992;j
RS;tptinc992j;p31p100;1993;151638.09;992;j
RS;tptinc992j;p31p100;1994;156200.3;992;j
RS;tptinc992j;p31p100;1995;164456.5;992;j
RS;tptinc992j;p31p100;1996;165801.59;992;j
RS;tptinc992j;p31p100;1997;175805.09;992;j
RS;tptinc992j;p31p100;1998;183309.5;992;j
RS;tptinc992j;p31p100;1999;199972.5;992;j
RS;tptinc992j;p31p100;2000;217182.91;992;j
RS;tptinc992j;p31p100;2001;215918.7;992;j
RS;tptinc992j;p31p100;2002;228001.0;992;j
RS;tptinc992j;p31p100;2003;233345.41;992;j
RS;tptinc992j;p31p100;2004;254528.2;992;j
RS;tptinc992j;p31p100;2005;275164.19;992;j
RS;tptinc992j;p31p100;2006;279507.69;992;j
RS;tptinc992j;p31p100;2007;292223.31;992;j
RS;tptinc992j;p31p100;2008;301475.09;992;j
RS;tptinc992j;p31p100;2009;288510.19;992;j
RS;tptinc992j;p31p100;2010;277134.31;992;j
RS;tptinc992j;p31p100;2011;260099.8;992;j
RS;tptinc992j;p31p100;2012;257976.7;992;j
RS;tptinc992j;p31p100;2013;268030.69;992;j
RS;tptinc992j;p31p100;2014;249465.59;992;j
RS;tptinc992j;p31p100;2015;267203.81;992;j
RS;tptinc992j;p31p100;2016;275382.81;992;j
RS;tptinc992j;p31p100;2017;276699.59;992;j
RS;tptinc992j;p57p58;1990;670395.0;992;j
RS;tptinc992j;p57p58;1991;579671.63;992;j
RS;tptinc992j;p57p58;1992;395412.19;992;j
RS;tptinc992j;p57p58;1993;255744.09;992;j
RS;tptinc992j;p57p58;1994;262640.31;992;j
RS;tptinc992j;p57p58;1995;276305.81;992;j
RS;tptinc992j;p57p58;1996;278068.91;992;j
RS;tptinc992j;p57p58;1997;294172.31;992;j
RS;tptinc992j;p57p58;1998;306927.41;992;j
RS;tptinc992j;p57p58;1999;334127.69;992;j
RS;tptinc992j;p57p58;2000;363349.81;992;j
RS;tptinc992j;p57p58;2001;358830.69;992;j
RS;tptinc992j;p57p58;2002;384785.0;992;j
RS;tptinc992j;p57p58;2003;404212.09;992;j
RS;tptinc992j;p57p58;2004;447704.81;992;j
RS;tptinc992j;p57p58;2005;495522.81;992;j
RS;tptinc992j;p57p58;2006;524582.69;992;j
RS;tptinc992j;p57p58;2007;543491.81;992;j
RS;tptinc992j;p57p58;2008;579465.31;992;j
RS;tptinc992j;p57p58;2009;569193.5;992;j
RS;tptinc992j;p57p58;2010;560009.63;992;j
RS;tptinc992j;p57p58;2011;555632.0;992;j
RS;tptinc992j;p57p58;2012;558746.31;992;j
RS;tptinc992j;p57p58;2013;579276.69;992;j
RS;tptinc992j;p57p58;2014;552465.88;992;j
RS;tptinc992j;p57p58;2015;568947.63;992;j
RS;tptinc992j;p57p58;2016;586656.63;992;j
RS;tptinc992j;p57p58;2017;589882.88;992;j
RS;tptinc992j;p60p61;1990;710247.38;992;j
RS;tptinc992j;p60p61;1991;614415.81;992;j
RS;tptinc992j;p60p61;1992;418654.19;992;j
RS;tptinc992j;p60p61;1993;270215.09;992;j
RS;tptinc992j;p60p61;1994;277239.09;992;j
RS;tptinc992j;p60p61;1995;291112.41;992;j
RS;tptinc992j;p60p61;1996;292429.09;992;j
RS;tptinc992j;p60p61;1997;309252.0;992;j
RS;tptinc992j;p60p61;1998;323369.91;992;j
RS;tptinc992j;p60p61;1999;352587.09;992;j
RS;tptinc992j;p60p61;2000;381682.91;992;j
RS;tptinc992j;p60p61;2001;376603.5;992;j
RS;tptinc992j;p60p61;2002;406136.81;992;j
RS;tptinc992j;p60p61;2003;425907.81;992;j
RS;tptinc992j;p60p61;2004;471755.09;992;j
RS;tptinc992j;p60p61;2005;522079.41;992;j
RS;tptinc992j;p60p61;2006;553728.5;992;j
RS;tptinc992j;p60p61;2007;579065.88;992;j
RS;tptinc992j;p60p61;2008;618761.31;992;j
RS;tptinc992j;p60p61;2009;604593.0;992;j
RS;tptinc992j;p60p61;2010;596456.38;992;j
RS;tptinc992j;p60p61;2011;592386.63;992;j
RS;tptinc992j;p60p61;2012;593670.81;992;j
RS;tptinc992j;p60p61;2013;619360.31;992;j
RS;tptinc992j;p60p61;2014;594274.81;992;j
RS;tptinc992j;p60p61;2015;607648.88;992;j
RS;tptinc992j;p60p61;2016;626211.38;992;j
RS;tptinc992j;p60p61;2017;629817.5;992;j
RS;tptinc992j;p99.991p100;1990;32997514.0;992;j
RS;tptinc992j;p99.991p100;1991;29555242.0;992;j
RS;tptinc992j;p99.991p100;1992;20674772.0;992;j
RS;tptinc992j;p99.991p100;1993;13815741.0;992;j
RS;tptinc992j;p99.991p100;1994;14500656.0;992;j
RS;tptinc992j;p99.991p100;1995;15758298.0;992;j
RS;tptinc992j;p99.991p100;1996;16219713.0;992;j
RS;tptinc992j;p99.991p100;1997;17574988.0;992;j
RS;tptinc992j;p99.991p100;1998;18349940.0;992;j
RS;tptinc992j;p99.991p100;1999;21602626.0;992;j
RS;tptinc992j;p99.991p100;2000;25503992.0;992;j
RS;tptinc992j;p99.991p100;2001;27298522.0;992;j
RS;tptinc992j;p99.991p100;2002;28843794.0;992;j
RS;tptinc992j;p99.991p100;2003;29653032.0;992;j
RS;tptinc992j;p99.991p100;2004;34428652.0;992;j
RS;tptinc992j;p99.991p100;2005;37373968.0;992;j
RS;tptinc992j;p99.991p100;2006;39935180.0;992;j
RS;tptinc992j;p99.991p100;2007;37988016.0;992;j
RS;tptinc992j;p99.991p100;2008;41397956.0;992;j
RS;tptinc992j;p99.991p100;2009;40260872.0;992;j
RS;tptinc992j;p99.991p100;2010;39863688.0;992;j
RS;tptinc992j;p99.991p100;2011;42207404.0;992;j
RS;tptinc992j;p99.991p100;2012;34266880.0;992;j
RS;tptinc992j;p99.991p100;2013;37642936.0;992;j
RS;tptinc992j;p99.991p100;2014;54601656.0;992;j
RS;tptinc992j;p99.991p100;2015;53144900.0;992;j
RS;tptinc992j;p99.991p100;2016;54847036.0;992;j
RS;tptinc992j;p99.991p100;2017;55237756.0;992;j
RS;acainc992j;p21p22;1990;206081.41;992;j
RS;acainc992j;p21p22;1991;182273.8;992;j
RS;acainc992j;p21p22;1992;127212.2;992;j
RS;acainc992j;p21p22;1993;84006.5;992;j
RS;acainc992j;p21p22;1994;88155.102;992;j
RS;acainc992j;p21p22;1995;94721.898;992;j
RS;acainc992j;p21p22;1996;97436.797;992;j
RS;acainc992j;p21p22;1997;104856.9;992;j
RS;acainc992j;p21p22;1998;120010.1;992;j
RS;acainc992j;p21p22;1999;135756.91;992;j
RS;acainc992j;p21p22;2000;148024.59;992;j
RS;acainc992j;p21p22;2001;144624.7;992;j
RS;acainc992j;p21p22;2002;141258.0;992;j
RS;acainc992j;p21p22;2003;144365.59;992;j
RS;acainc992j;p21p22;2004;160013.3;992;j
RS;acainc992j;p21p22;2005;178926.09;992;j
RS;acainc992j;p21p22;2006;175312.7;992;j
RS;acainc992j;p21p22;2007;171662.91;992;j
RS;acainc992j;p21p22;2008;176308.7;992;j
RS;acainc992j;p21p22;2009;158656.5;992;j
RS;acainc992j;p21p22;2010;142780.0;992;j
RS;acainc992j;p21p22;2011;128066.4;992;j
RS;acainc992j;p21p22;2012;132096.3;992;j
RS;acainc992j;p21p22;2013;105717.3;992;j
RS;acainc992j;p21p22;2014;133284.91;992;j
RS;acainc992j;p21p22;2015;111727.8;992;j
RS;acainc992j;p21p22;2016;116102.1;992;j
RS;acainc992j;p21p22;2017;115968.7;992;j
RS;acainc992j;p41p100;1990;739724.69;992;j
RS;acainc992j;p41p100;1991;640936.63;992;j
RS;acainc992j;p41p100;1992;437915.41;992;j
RS;acainc992j;p41p100;1993;283362.69;992;j
RS;acainc992j;p41p100;1994;291185.5;992;j
RS;acainc992j;p41p100;1995;306649.09;992;j
RS;acainc992j;p41p100;1996;308337.19;992;j
RS;acainc992j;p41p100;1997;324510.41;992;j
RS;acainc992j;p41p100;1998;354540.41;992;j
RS;acainc992j;p41p100;1999;404914.81;992;j
RS;acainc992j;p41p100;2000;440598.09;992;j
RS;acainc992j;p41p100;2001;430011.19;992;j
RS;acainc992j;p41p100;2002;454786.59;992;j
RS;acainc992j;p41p100;2003;480763.09;992;j
RS;acainc992j;p41p100;2004;581024.63;992;j
RS;acainc992j;p41p100;2005;664818.13;992;j
RS;acainc992j;p41p100;2006;707418.88;992;j
RS;acainc992j;p41p100;2007;709276.31;992;j
RS;acainc992j;p41p100;2008;762922.81;992;j
RS;acainc992j;p41p100;2009;758155.63;992;j
RS;acainc992j;p41p100;2010;768929.13;992;j
RS;acainc992j;p41p100;2011;783835.81;992;j
RS;acainc992j;p41p100;2012;784657.5;992;j
RS;acainc992j;p41p100;2013;806097.81;992;j
RS;acainc992j;p41p100;2014;773636.0;992;j
RS;acainc992j;p41p100;2015;794236.5;992;j
RS;acainc992j;p41p100;2016;823646.63;992;j
RS;acainc992j;p41p100;2017;824461.88;992;j
RS;acomhn992i;p0p100;1997;257379.09;992;i
RS;acomhn992i;p0p100;1998;225523.0;992;i
RS;acomhn992i;p0p100;1999;225774.59;992;i
RS;acomhn992i;p0p100;2000;227191.5;992;i
RS;acomhn992i;p0p100;2001;245007.0;992;i
RS;acomhn992i;p0p100;2002;278098.69;992;i
RS;acomhn992i;p0p100;2003;304541.31;992;i
RS;acomhn992i;p0p100;2004;312560.59;992;i
RS;acomhn992i;p0p100;2005;332600.59;992;i
RS;acomhn992i;p0p100;2006;343006.31;992;i
RS;acomhn992i;p0p100;2007;365578.81;992;i
RS;acomhn992i;p0p100;2008;378475.69;992;i
RS;acomhn992i;p0p100;2009;365115.69;992;i
RS;acomhn992i;p0p100;2010;354821.81;992;i
RS;acomhn992i;p0p100;2011;353756.5;992;i
RS;adiinc992j;p22p23;1990;337350.09;992;j
RS;adiinc992j;p22p23;1991;296531.5;992;j
RS;adiinc992j;p22p23;1992;206000.91;992;j
RS;adiinc992j;p22p23;1993;135444.09;992;j
RS;adiinc992j;p22p23;1994;141438.7;992;j
RS;adiinc992j;p22p23;1995;151344.3;992;j
RS;adiinc992j;p22p23;1996;154997.0;992;j
RS;adiinc992j;p22p23;1997;167152.7;992;j
RS;adiinc992j;p22p23;1998;179212.3;992;j
RS;adiinc992j;p22p23;1999;192849.7;992;j
RS;adiinc992j;p22p23;2000;214782.09;992;j
RS;adiinc992j;p22p23;2001;215223.3;992;j
RS;adiinc992j;p22p23;2002;222578.7;992;j
RS;adiinc992j;p22p23;2003;227798.91;992;j
RS;adiinc992j;p22p23;2004;241655.09;992;j
RS;adiinc992j;p22p23;2005;264448.31;992;j
RS;adiinc992j;p22p23;2006;264123.41;992;j
RS;adiinc992j;p22p23;2007;271218.69;992;j
RS;adiinc992j;p22p23;2008;280652.81;992;j
RS;adiinc992j;p22p23;2009;255872.09;992;j
RS;adiinc992j;p22p23;2010;236684.3;992;j
RS;adiinc992j;p22p23;2011;216139.09;992;j
RS;adiinc992j;p22p23;2012;223931.5;992;j
RS;adiinc992j;p22p23;2013;195323.09;992;j
RS;adiinc992j;p22p23;2014;223126.7;992;j
RS;adiinc992j;p22p23;2015;198215.41;992;j
RS;adiinc992j;p22p23;2016;198112.0;992;j
RS;adiinc992j;p22p23;2017;198499.09;992;j
RS;adiinc992j;p27p100;1990;919438.13;992;j
RS;adiinc992j;p27p100;1991;797412.81;992;j
RS;adiinc992j;p27p100;1992;545376.0;992;j
RS;adiinc992j;p27p100;1993;353207.09;992;j
RS;adiinc992j;p27p100;1994;363274.5;992;j
RS;adiinc992j;p27p100;1995;382888.69;992;j
RS;adiinc992j;p27p100;1996;385408.19;992;j
RS;adiinc992j;p27p100;1997;407842.5;992;j
RS;adiinc992j;p27p100;1998;427784.59;992;j
RS;adiinc992j;p27p100;1999;469278.31;992;j
RS;adiinc992j;p27p100;2000;516098.81;992;j
RS;adiinc992j;p27p100;2001;515442.0;992;j
RS;adiinc992j;p27p100;2002;558621.88;992;j
RS;adiinc992j;p27p100;2003;587812.69;992;j
RS;adiinc992j;p27p100;2004;666884.88;992;j
RS;adiinc992j;p27p100;2005;745726.63;992;j
RS;adiinc992j;p27p100;2006;791638.81;992;j
RS;adiinc992j;p27p100;2007;818111.0;992;j
RS;adiinc992j;p27p100;2008;872743.19;992;j
RS;adiinc992j;p27p100;2009;859546.38;992;j
RS;adiinc992j;p27p100;2010;866345.0;992;j
RS;adiinc992j;p27p100;2011;874523.5;992;j
RS;adiinc992j;p27p100;2012;873629.88;992;j
RS;adiinc992j;p27p100;2013;894664.81;992;j
RS;adiinc992j;p27p100;2014;861639.81;992;j
RS;adiinc992j;p27p100;2015;877964.38;992;j
RS;adiinc992j;p27p100;2016;907682.5;992;j
RS;adiinc992j;p27p100;2017;913372.63;992;j
RS;adiinc992j;p67p68;1990;823520.13;992;j
RS;adiinc992j;p67p68;1991;716257.38;992;j
RS;adiinc992j;p67p68;1992;489553.0;992;j
RS;adiinc992j;p67p68;1993;316704.09;992;j
RS;adiinc992j;p67p68;1994;325425.69;992;j
RS;adiinc992j;p67p68;1995;342475.41;992;j
RS;adiinc992j;p67p68;1996;344798.81;992;j
RS;adiinc992j;p67p68;1997;365032.91;992;j
RS;adiinc992j;p67p68;1998;382658.5;992;j
RS;adiinc992j;p67p68;1999;415010.91;992;j
RS;adiinc992j;p67p68;2000;449777.31;992;j
RS;adiinc992j;p67p68;2001;446541.0;992;j
RS;adiinc992j;p67p68;2002;484632.91;992;j
RS;adiinc992j;p67p68;2003;509147.09;992;j
RS;adiinc992j;p67p68;2004;575625.0;992;j
RS;adiinc992j;p67p68;2005;635537.31;992;j
RS;adiinc992j;p67p68;2006;672374.81;992;j
RS;adiinc992j;p67p68;2007;698765.81;992;j
RS;adiinc992j;p67p68;2008;747777.5;992;j
RS;adiinc992j;p67p68;2009;728225.81;992;j
RS;adiinc992j;p67p68;2010;726766.5;992;j
RS;adiinc992j;p67p68;2011;728031.88;992;j
RS;adiinc992j;p67p68;2012;722652.5;992;j
RS;adiinc992j;p67p68;2013;756540.88;992;j
RS;adiinc992j;p67p68;2014;713096.31;992;j
RS;adiinc992j;p67p68;2015;693223.31;992;j
RS;adiinc992j;p67p68;2016;714712.88;992;j
RS;adiinc992j;p67p68;2017;718875.19;992;j
RS;adiinc992j;p75p100;1990;1451236.9;992;j
RS;adiinc992j;p75p100;1991;1254701.4;992;j
RS;adiinc992j;p75p100;1992;856196.81;992;j
RS;adiinc992j;p75p100;1993;553694.69;992;j
RS;adiinc992j;p75p100;1994;568547.13;992;j
RS;adiinc992j;p75p100;1995;598337.5;992;j
RS;adiinc992j;p75p100;1996;600429.0;992;j
RS;adiinc992j;p75p100;1997;633082.31;992;j
RS;adiinc992j;p75p100;1998;671035.81;992;j
RS;adiinc992j;p75p100;1999;743550.69;992;j
RS;adiinc992j;p75p100;2000;823332.19;992;j
RS;adiinc992j;p75p100;2001;826076.63;992;j
RS;adiinc992j;p75p100;2002;900709.0;992;j
RS;adiinc992j;p75p100;2003;951613.63;992;j
RS;adiinc992j;p75p100;2004;1091251.1;992;j
RS;adiinc992j;p75p100;2005;1235142.8;992;j
RS;adiinc992j;p75p100;2006;1323597.9;992;j
RS;adiinc992j;p75p100;2007;1364566.8;992;j
RS;adiinc992j;p75p100;2008;1461898.9;992;j
RS;adiinc992j;p75p100;2009;1454113.6;992;j
RS;adiinc992j;p75p100;2010;1486930.5;992;j
RS;adiinc992j;p75p100;2011;1521553.3;992;j
RS;adiinc992j;p75p100;2012;1528709.5;992;j
RS;adiinc992j;p75p100;2013;1564642.5;992;j
RS;adiinc992j;p75p100;2014;1504959.3;992;j
RS;adiinc992j;p75p100;2015;1572339.5;992;j
RS;adiinc992j;p75p100;2016;1632703.6;992;j
RS;adiinc992j;p75p100;2017;1643964.8;992;j
RS;adiinc992j;p94p100;1990;2450309.5;992;j
RS;adiinc992j;p94p100;1991;2113685.0;992;j
RS;adiinc992j;p94p100;1992;1440263.6;992;j
RS;adiinc992j;p94p100;1993;932906.38;992;j
RS;adiinc992j;p94p100;1994;958947.38;992;j
RS;adiinc992j;p94p100;1995;1010629.1;992;j
RS;adiinc992j;p94p100;1996;1011780.4;992;j
RS;adiinc992j;p94p100;1997;1063867.4;992;j
RS;adiinc992j;p94p100;1998;1145122.9;992;j
RS;adiinc992j;p94p100;1999;1300042.9;992;j
RS;adiinc992j;p94p100;2000;1474078.8;992;j
RS;adiinc992j;p94p100;2001;1504070.1;992;j
RS;adiinc992j;p94p100;2002;1643844.3;992;j
RS;adiinc992j;p94p100;2003;1724525.4;992;j
RS;adiinc992j;p94p100;2004;1976071.5;992;j
RS;adiinc992j;p94p100;2005;2258944.0;992;j
RS;adiinc992j;p94p100;2006;2437252.0;992;j
RS;adiinc992j;p94p100;2007;2475244.3;992;j
RS;adiinc992j;p94p100;2008;2646092.0;992;j
RS;adiinc992j;p94p100;2009;2669328.5;992;j
RS;adiinc992j;p94p100;2010;2750185.0;992;j
RS;adiinc992j;p94p100;2011;2834281.0;992;j
RS;adiinc992j;p94p100;2012;2919100.5;992;j
RS;adiinc992j;p94p100;2013;2913003.5;992;j
RS;adiinc992j;p94p100;2014;2945896.3;992;j
RS;adiinc992j;p94p100;2015;3272361.5;992;j
RS;adiinc992j;p94p100;2016;3408032.8;992;j
RS;adiinc992j;p94p100;2017;3433350.3;992;j
RS;adiinc992j;p99p99.1;1990;2897175.0;992;j
RS;adiinc992j;p99p99.1;1991;2510705.5;992;j
RS;adiinc992j;p99p99.1;1992;1722804.8;992;j
RS;adiinc992j;p99p99.1;1993;1122364.1;992;j
RS;adiinc992j;p99p99.1;1994;1157772.9;992;j
RS;adiinc992j;p99p99.1;1995;1224059.3;992;j
RS;adiinc992j;p99p99.1;1996;1227773.6;992;j
RS;adiinc992j;p99p99.1;1997;1293496.5;992;j
RS;adiinc992j;p99p99.1;1998;1392615.8;992;j
RS;adiinc992j;p99p99.1;1999;1572348.0;992;j
RS;adiinc992j;p99p99.1;2000;1797805.9;992;j
RS;adiinc992j;p99p99.1;2001;1821677.5;992;j
RS;adiinc992j;p99p99.1;2002;2012866.4;992;j
RS;adiinc992j;p99p99.1;2003;2102909.3;992;j
RS;adiinc992j;p99p99.1;2004;2404235.8;992;j
RS;adiinc992j;p99p99.1;2005;2739213.8;992;j
RS;adiinc992j;p99p99.1;2006;2995264.0;992;j
RS;adiinc992j;p99p99.1;2007;3061766.0;992;j
RS;adiinc992j;p99p99.1;2008;3306581.3;992;j
RS;adiinc992j;p99p99.1;2009;3304406.3;992;j
RS;adiinc992j;p99p99.1;2010;3429892.5;992;j
RS;adiinc992j;p99p99.1;2011;3552368.3;992;j
RS;adiinc992j;p99p99.1;2012;3566709.0;992;j
RS;adiinc992j;p99p99.1;2013;3622989.3;992;j
RS;adiinc992j;p99p99.1;2014;3450882.3;992;j
RS;adiinc992j;p99p99.1;2015;3627257.8;992;j
RS;adiinc992j;p99p99.1;2016;3777982.3;992;j
RS;adiinc992j;p99p99.1;2017;3804924.5;992;j
RS;aptinc992j;p31p100;1990;972161.88;992;j
RS;aptinc992j;p31p100;1991;843937.88;992;j
RS;aptinc992j;p31p100;1992;577787.19;992;j
RS;aptinc992j;p31p100;1993;374584.0;992;j
RS;aptinc992j;p31p100;1994;385685.0;992;j
RS;aptinc992j;p31p100;1995;406957.59;992;j
RS;aptinc992j;p31p100;1996;410090.91;992;j
RS;aptinc992j;p31p100;1997;434616.81;992;j
RS;aptinc992j;p31p100;1998;454950.81;992;j
RS;aptinc992j;p31p100;1999;498163.91;992;j
RS;aptinc992j;p31p100;2000;548787.69;992;j
RS;aptinc992j;p31p100;2001;547813.38;992;j
RS;aptinc992j;p31p100;2002;594252.0;992;j
RS;aptinc992j;p31p100;2003;626152.13;992;j
RS;aptinc992j;p31p100;2004;708726.63;992;j
RS;aptinc992j;p31p100;2005;794176.88;992;j
RS;aptinc992j;p31p100;2006;843366.13;992;j
RS;aptinc992j;p31p100;2007;873426.38;992;j
RS;aptinc992j;p31p100;2008;934954.19;992;j
RS;aptinc992j;p31p100;2009;921895.19;992;j
RS;aptinc992j;p31p100;2010;928074.81;992;j
RS;aptinc992j;p31p100;2011;936756.0;992;j
RS;aptinc992j;p31p100;2012;937694.69;992;j
RS;aptinc992j;p31p100;2013;961990.5;992;j
RS;aptinc992j;p31p100;2014;944406.88;992;j
RS;aptinc992j;p31p100;2015;948876.19;992;j
RS;aptinc992j;p31p100;2016;978207.31;992;j
RS;aptinc992j;p31p100;2017;984141.69;992;j
RS;aptinc992j;p66p100;1990;1370831.3;992;j
RS;aptinc992j;p66p100;1991;1192288.8;992;j
RS;aptinc992j;p66p100;1992;817737.69;992;j
RS;aptinc992j;p66p100;1993;531113.5;992;j
RS;aptinc992j;p66p100;1994;547848.88;992;j
RS;aptinc992j;p66p100;1995;579151.5;992;j
RS;aptinc992j;p66p100;1996;584311.13;992;j
RS;aptinc992j;p66p100;1997;620012.0;992;j
RS;aptinc992j;p66p100;1998;651452.38;992;j
RS;aptinc992j;p66p100;1999;714449.69;992;j
RS;aptinc992j;p66p100;2000;791869.13;992;j
RS;aptinc992j;p66p100;2001;792724.5;992;j
RS;aptinc992j;p66p100;2002;864142.63;992;j
RS;aptinc992j;p66p100;2003;913193.81;992;j
RS;aptinc992j;p66p100;2004;1042500.0;992;j
RS;aptinc992j;p66p100;2005;1176956.1;992;j
RS;aptinc992j;p66p100;2006;1254262.6;992;j
RS;aptinc992j;p66p100;2007;1295945.9;992;j
RS;aptinc992j;p66p100;2008;1392905.3;992;j
RS;aptinc992j;p66p100;2009;1377877.0;992;j
RS;aptinc992j;p66p100;2010;1399758.9;992;j
RS;aptinc992j;p66p100;2011;1425349.8;992;j
RS;aptinc992j;p66p100;2012;1427369.8;992;j
RS;aptinc992j;p66p100;2013;1457612.3;992;j
RS;aptinc992j;p66p100;2014;1447078.3;992;j
RS;aptinc992j;p66p100;2015;1440810.9;992;j
RS;aptinc992j;p66p100;2016;1485490.8;992;j
RS;aptinc992j;p66p100;2017;1494852.9;992;j
RS;aptinc992j;p99.6p99.7;1990;5245498.0;992;j
RS;aptinc992j;p99.6p99.7;1991;4611562.5;992;j
RS;aptinc992j;p99.6p99.7;1992;3199634.8;992;j
RS;aptinc992j;p99.6p99.7;1993;2100535.0;992;j
RS;aptinc992j;p99.6p99.7;1994;2194353.0;992;j
RS;aptinc992j;p99.6p99.7;1995;2346578.8;992;j
RS;aptinc992j;p99.6p99.7;1996;2381945.0;992;j
RS;aptinc992j;p99.6p99.7;1997;2541494.5;992;j
RS;aptinc992j;p99.6p99.7;1998;2708464.0;992;j
RS;aptinc992j;p99.6p99.7;1999;3049013.3;992;j
RS;aptinc992j;p99.6p99.7;2000;3529922.3;992;j
RS;aptinc992j;p99.6p99.7;2001;3613877.5;992;j
RS;aptinc992j;p99.6p99.7;2002;3956750.5;992;j
RS;aptinc992j;p99.6p99.7;2003;4163410.0;992;j
RS;aptinc992j;p99.6p99.7;2004;4833334.5;992;j
RS;aptinc992j;p99.6p99.7;2005;5477308.0;992;j
RS;aptinc992j;p99.6p99.7;2006;5846434.5;992;j
RS;aptinc992j;p99.6p99.7;2007;5786058.0;992;j
RS;aptinc992j;p99.6p99.7;2008;6229802.5;992;j
RS;aptinc992j;p99.6p99.7;2009;6174978.5;992;j
RS;aptinc992j;p99.6p99.7;2010;6441468.5;992;j
RS;aptinc992j;p99.6p99.7;2011;6666922.0;992;j
RS;aptinc992j;p99.6p99.7;2012;6514023.0;992;j
RS;aptinc992j;p99.6p99.7;2013;6600840.5;992;j
RS;aptinc992j;p99.6p99.7;2014;7081914.0;992;j
RS;aptinc992j;p99.6p99.7;2015;6899573.0;992;j
RS;aptinc992j;p99.6p99.7;2016;7119592.5;992;j
RS;aptinc992j;p99.6p99.7;2017;7173168.5;992;j
RS;aptinc992j;p99.998p100;1990;151822352.0;992;j
RS;aptinc992j;p99.998p100;1991;138550800.0;992;j
RS;aptinc992j;p99.998p100;1992;97470640.0;992;j
RS;aptinc992j;p99.998p100;1993;66291232.0;992;j
RS;aptinc992j;p99.998p100;1994;69640296.0;992;j
RS;aptinc992j;p99.998p100;1995;76850016.0;992;j
RS;aptinc992j;p99.998p100;1996;80280488.0;992;j
RS;aptinc992j;p99.998p100;1997;88475584.0;992;j
RS;aptinc992j;p99.998p100;1998;89818272.0;992;j
RS;aptinc992j;p99.998p100;1999;110498528.0;992;j
RS;aptinc992j;p99.998p100;2000;131652640.0;992;j
RS;aptinc992j;p99.998p100;2001;147572064.0;992;j
RS;aptinc992j;p99.998p100;2002;149188400.0;992;j
RS;aptinc992j;p99.998p100;2003;149831008.0;992;j
RS;aptinc992j;p99.998p100;2004;173446736.0;992;j
RS;aptinc992j;p99.998p100;2005;179186752.0;992;j
RS;aptinc992j;p99.998p100;2006;191683216.0;992;j
RS;aptinc992j;p99.998p100;2007;176516864.0;992;j
RS;aptinc992j;p99.998p100;2008;194910000.0;992;j
RS;aptinc992j;p99.998p100;2009;185591328.0;992;j
RS;aptinc992j;p99.998p100;2010;171840192.0;992;j
RS;aptinc992j;p99.998p100;2011;186138736.0;992;j
RS;aptinc992j;p99.998p100;2012;123058936.0;992;j
RS;aptinc992j;p99.998p100;2013;148193136.0;992;j
RS;aptinc992j;p99.998p100;2014;298354208.0;992;j
RS;aptinc992j;p99.998p100;2015;292788096.0;992;j
RS;aptinc992j;p99.998p100;2016;302124704.0;992;j
RS;aptinc992j;p99.998p100;2017;303995104.0;992;j
RS;asavgo992i;p0p100;1997;-30249.6;992;i
RS;asavgo992i;p0p100;1998;-33968.898;992;i
RS;asavgo992i;p0p100;1999;-31569.5;992;i
RS;asavgo992i;p0p100;2000;-40827.801;992;i
RS;asavgo992i;p0p100;2001;-26310.1;992;i
RS;asavgo992i;p0p100;2002;-21086.6;992;i
RS;asavgo992i;p0p100;2003;-16185.2;992;i
RS;asavgo992i;p0p100;2004;9803.0996;992;i
RS;asavgo992i;p0p100;2005;8389.0;992;i
RS;asavgo992i;p0p100;2006;1644.4;992;i
RS;asavgo992i;p0p100;2007;-3179.3999;992;i
RS;asavgo992i;p0p100;2008;-12045.7;992;i
RS;asavgo992i;p0p100;2009;-25621.199;992;i
RS;asavgo992i;p0p100;2010;-21118.801;992;i
RS;asavgo992i;p0p100;2011;-15641.6;992;i
RS;asavnp992i;p0p100;1997;-1029.5;992;i
RS;asavnp992i;p0p100;1998;-994.29999;992;i
RS;asavnp992i;p0p100;1999;-1312.7;992;i
RS;asavnp992i;p0p100;2000;-2125.5;992;i
RS;asavnp992i;p0p100;2001;-1482.3;992;i
RS;asavnp992i;p0p100;2002;-1545.5;992;i
RS;asavnp992i;p0p100;2003;-1506.5;992;i
RS;asavnp992i;p0p100;2004;-1914.9;992;i
RS;asavnp992i;p0p100;2005;-2013.0;992;i
RS;asavnp992i;p0p100;2006;-2090.0;992;i
RS;asavnp992i;p0p100;2007;-2469.5;992;i
RS;asavnp992i;p0p100;2008;-2369.8;992;i
RS;asavnp992i;p0p100;2009;-2140.2;992;i
RS;asavnp992i;p0p100;2010;-2174.7;992;i
RS;asavnp992i;p0p100;2011;-2261.0;992;i
RS;asegnp992i;p0p100;1997;55.799999;992;i
RS;asegnp992i;p0p100;1998;108.4;992;i
RS;asegnp992i;p0p100;1999;67.400002;992;i
RS;asegnp992i;p0p100;2000;76.099998;992;i
RS;asegnp992i;p0p100;2001;109.5;992;i
RS;asegnp992i;p0p100;2002;111.6;992;i
RS;asegnp992i;p0p100;2003;120.5;992;i
RS;asegnp992i;p0p100;2004;162.39999;992;i
RS;asegnp992i;p0p100;2005;214.0;992;i
RS;asegnp992i;p0p100;2006;250.8;992;i
RS;asegnp992i;p0p100;2007;266.29999;992;i
RS;asegnp992i;p0p100;2008;290.0;992;i
RS;asegnp992i;p0p100;2009;279.10001;992;i
RS;asegnp992i;p0p100;2010;258.0;992;i
RS;asegnp992i;p0p100;2011;263.60001;992;i
RS;ataxco999i;p0p100;1997;1053.0;999;i
RS;ataxco999i;p0p100;1998;949.79999;999;i
RS;ataxco999i;p0p100;1999;1321.2;999;i
RS;ataxco999i;p0p100;2000;1386.7;999;i
RS;ataxco999i;p0p100;2001;1419.1;999;i
RS;ataxco999i;p0p100;2002;2052.3;999;i
RS;ataxco999i;p0p100;2003;1761.2;999;i
RS;ataxco999i;p0p100;2004;2833.6001;999;i
RS;ataxco999i;p0p100;2005;3656.1001;999;i
RS;ataxco999i;p0p100;2006;4778.6001;999;i
RS;ataxco999i;p0p100;2007;5611.7998;999;i
RS;ataxco999i;p0p100;2008;5112.0;999;i
RS;ataxco999i;p0p100;2009;5042.2002;999;i
RS;ataxco999i;p0p100;2010;5615.0;999;i
RS;ataxco999i;p0p100;2011;7265.2002;999;i
RS;atiwnp999i;p0p100;1997;0.0;999;i
RS;atiwnp999i;p0p100;1998;0.0;999;i
RS;atiwnp999i;p0p100;1999;0.0;999;i
RS;atiwnp999i;p0p100;2000;0.0;999;i
RS;atiwnp999i;p0p100;2001;0.0;999;i
RS;atiwnp999i;p0p100;2002;0.0;999;i
RS;atiwnp999i;p0p100;2003;0.0;999;i
RS;atiwnp999i;p0p100;2004;0.0;999;i
RS;atiwnp999i;p0p100;2005;0.0;999;i
RS;atiwnp999i;p0p100;2006;0.0;999;i
RS;atiwnp999i;p0p100;2007;0.0;999;i
RS;atiwnp999i;p0p100;2008;0.0;999;i
RS;atiwnp999i;p0p100;2009;0.0;999;i
RS;atiwnp999i;p0p100;2010;0.0;999;i
RS;atiwnp999i;p0p100;2011;0.0;999;i
RS;bcainc992j;p74p100;1990;1.5902225;992;j
RS;bcainc992j;p74p100;1991;1.5821491;992;j
RS;bcainc992j;p74p100;1992;1.5771829;992;j
RS;bcainc992j;p74p100;1993;1.5746168;992;j
RS;bcainc992j;p74p100;1994;1.5738357;992;j
RS;bcainc992j;p74p100;1995;1.5730484;992;j
RS;bcainc992j;p74p100;1996;1.5661834;992;j
RS;bcainc992j;p74p100;1997;1.5587411;992;j
RS;bcainc992j;p74p100;1998;1.5763378;992;j
RS;bcainc992j;p74p100;1999;1.6107025;992;j
RS;bcainc992j;p74p100;2000;1.6454508;992;j
RS;bcainc992j;p74p100;2001;1.6687061;992;j
RS;bcainc992j;p74p100;2002;1.6813933;992;j
RS;bcainc992j;p74p100;2003;1.6882036;992;j
RS;bcainc992j;p74p100;2004;1.7032036;992;j
RS;bcainc992j;p74p100;2005;1.7398109;992;j
RS;bcainc992j;p74p100;2006;1.7631828;992;j
RS;bcainc992j;p74p100;2007;1.7483957;992;j
RS;bcainc992j;p74p100;2008;1.757208;992;j
RS;bcainc992j;p74p100;2009;1.7861575;992;j
RS;bcainc992j;p74p100;2010;1.8217497;992;j
RS;bcainc992j;p74p100;2011;1.857779;992;j
RS;bcainc992j;p74p100;2012;1.8750978;992;j
RS;bcainc992j;p74p100;2013;1.8184149;992;j
RS;bcainc992j;p74p100;2014;1.8865436;992;j
RS;bcainc992j;p74p100;2015;2.0352008;992;j
RS;bcainc992j;p74p100;2016;2.033931;992;j
RS;bcainc992j;p74p100;2017;2.034821;992;j
RS;bcainc992j;p99.95p100;1990;2.1283669;992;j
RS;bcainc992j;p99.95p100;1991;2.0783718;992;j
RS;bcainc992j;p99.95p100;1992;2.0107965;992;j
RS;bcainc992j;p99.95p100;1993;1.9649603;992;j
RS;bcainc992j;p99.95p100;1994;1.935817;992;j
RS;bcainc992j;p99.95p100;1995;1.911054;992;j
RS;bcainc992j;p99.95p100;1996;1.8849912;992;j
RS;bcainc992j;p99.95p100;1997;1.8572732;992;j
RS;bcainc992j;p99.95p100;1998;1.8864409;992;j
RS;bcainc992j;p99.95p100;1999;2.0017946;992;j
RS;bcainc992j;p99.95p100;2000;1.9991542;992;j
RS;bcainc992j;p99.95p100;2001;2.0941939;992;j
RS;bcainc992j;p99.95p100;2002;2.0162132;992;j
RS;bcainc992j;p99.95p100;2003;2.0222452;992;j
RS;bcainc992j;p99.95p100;2004;2.0266881;992;j
RS;bcainc992j;p99.95p100;2005;2.0697327;992;j
RS;bcainc992j;p99.95p100;2006;1.9750308;992;j
RS;bcainc992j;p99.95p100;2007;1.8832502;992;j
RS;bcainc992j;p99.95p100;2008;1.7918117;992;j
RS;bcainc992j;p99.95p100;2009;1.9119887;992;j
RS;bcainc992j;p99.95p100;2010;1.8541777;992;j
RS;bcainc992j;p99.95p100;2011;1.8204738;992;j
RS;bcainc992j;p99.95p100;2012;2.1168664;992;j
RS;bcainc992j;p99.95p100;2013;1.918559;992;j
RS;bcainc992j;p99.95p100;2014;2.4947507;992;j
RS;bcainc992j;p99.95p100;2015;3.0257659;992;j
RS;bcainc992j;p99.95p100;2016;3.0267646;992;j
RS;bcainc992j;p99.95p100;2017;3.029767;992;j
RS;bcainc992j;p99p100;1990;1.9434197;992;j
RS;bcainc992j;p99p100;1991;1.9104766;992;j
RS;bcainc992j;p99p100;1992;1.8686265;992;j
RS;bcainc992j;p99p100;1993;1.8431728;992;j
RS;bcainc992j;p99p100;1994;1.826357;992;j
RS;bcainc992j;p99p100;1995;1.8124583;992;j
RS;bcainc992j;p99p100;1996;1.7937342;992;j
RS;bcainc992j;p99p100;1997;1.7740407;992;j
RS;bcainc992j;p99p100;1998;1.7993013;992;j
RS;bcainc992j;p99p100;1999;1.8912331;992;j
RS;bcainc992j;p99p100;2000;1.9159595;992;j
RS;bcainc992j;p99p100;2001;1.9923016;992;j
RS;bcainc992j;p99p100;2002;1.9476522;992;j
RS;bcainc992j;p99p100;2003;1.9407532;992;j
RS;bcainc992j;p99p100;2004;1.9378527;992;j
RS;bcainc992j;p99p100;2005;1.97128;992;j
RS;bcainc992j;p99p100;2006;1.9155657;992;j
RS;bcainc992j;p99p100;2007;1.8432096;992;j
RS;bcainc992j;p99p100;2008;1.7809358;992;j
RS;bcainc992j;p99p100;2009;1.8733768;992;j
RS;bcainc992j;p99p100;2010;1.8357688;992;j
RS;bcainc992j;p99p100;2011;1.8144926;992;j
RS;bcainc992j;p99p100;2012;2.0492108;992;j
RS;bcainc992j;p99p100;2013;1.8926234;992;j
RS;bcainc992j;p99p100;2014;2.3281386;992;j
RS;bcainc992j;p99p100;2015;2.7677822;992;j
RS;bcainc992j;p99p100;2016;2.7683918;992;j
RS;bcainc992j;p99p100;2017;2.770653;992;j
RS;bdiinc992j;p21p100;1990;2.7679496;992;j
RS;bdiinc992j;p21p100;1991;2.724277;992;j
RS;bdiinc992j;p21p100;1992;2.6745734;992;j
RS;bdiinc992j;p21p100;1993;2.6331677;992;j
RS;bdiinc992j;p21p100;1994;2.5896413;992;j
RS;bdiinc992j;p21p100;1995;2.5456378;992;j
RS;bdiinc992j;p21p100;1996;2.5035539;992;j
RS;bdiinc992j;p21p100;1997;2.4526577;992;j
RS;bdiinc992j;p21p100;1998;2.3782222;992;j
RS;bdiinc992j;p21p100;1999;2.4382584;992;j
RS;bdiinc992j;p21p100;2000;2.4018698;992;j
RS;bdiinc992j;p21p100;2001;2.3911619;992;j
RS;bdiinc992j;p21p100;2002;2.5386767;992;j
RS;bdiinc992j;p21p100;2003;2.6025176;992;j
RS;bdiinc992j;p21p100;2004;2.8036494;992;j
RS;bdiinc992j;p21p100;2005;2.850122;992;j
RS;bdiinc992j;p21p100;2006;3.0554049;992;j
RS;bdiinc992j;p21p100;2007;3.0763652;992;j
RS;bdiinc992j;p21p100;2008;3.184299;992;j
RS;bdiinc992j;p21p100;2009;3.4624276;992;j
RS;bdiinc992j;p21p100;2010;3.7820649;992;j
RS;bdiinc992j;p21p100;2011;4.2022104;992;j
RS;bdiinc992j;p21p100;2012;4.0864906;992;j
RS;bdiinc992j;p21p100;2013;4.9133191;992;j
RS;bdiinc992j;p21p100;2014;3.9213653;992;j
RS;bdiinc992j;p21p100;2015;4.5363293;992;j
RS;bdiinc992j;p21p100;2016;4.7047796;992;j
RS;bdiinc992j;p21p100;2017;4.7313981;992;j
RS;bdiinc992j;p57p100;1990;1.6937231;992;j
RS;bdiinc992j;p57p100;1991;1.6869867;992;j
RS;bdiinc992j;p57p100;1992;1.6830708;992;j
RS;bdiinc992j;p57p100;1993;1.6798804;992;j
RS;bdiinc992j;p57p100;1994;1.6758838;992;j
RS;bdiinc992j;p57p100;1995;1.6725341;992;j
RS;bdiinc992j;p57p100;1996;1.6653013;992;j
RS;bdiinc992j;p57p100;1997;1.6574857;992;j
RS;bdiinc992j;p57p100;1998;1.6803249;992;j
RS;bdiinc992j;p57p100;1999;1.7109004;992;j
RS;bdiinc992j;p57p100;2000;1.7272376;992;j
RS;bdiinc992j;p57p100;2001;1.7466973;992;j
RS;bdiinc992j;p57p100;2002;1.7586598;992;j
RS;bdiinc992j;p57p100;2003;1.7660745;992;j
RS;bdiinc992j;p57p100;2004;1.8004253;992;j
RS;bdiinc992j;p57p100;2005;1.8347309;992;j
RS;bdiinc992j;p57p100;2006;1.8618964;992;j
RS;bdiinc992j;p57p100;2007;1.8502399;992;j
RS;bdiinc992j;p57p100;2008;1.8631314;992;j
RS;bdiinc992j;p57p100;2009;1.8888434;992;j
RS;bdiinc992j;p57p100;2010;1.9451526;992;j
RS;bdiinc992j;p57p100;2011;1.9891473;992;j
RS;bdiinc992j;p57p100;2012;2.0119858;992;j
RS;bdiinc992j;p57p100;2013;2.0240495;992;j
RS;bdiinc992j;p57p100;2014;2.0227423;992;j
RS;bdiinc992j;p57p100;2015;2.0973437;992;j
RS;bdiinc992j;p57p100;2016;2.1139123;992;j
RS;bdiinc992j;p57p100;2017;2.1162384;992;j
RS;bptinc992j;p2p100;1990;10.99991;992;j
RS;bptinc992j;p2p100;1991;11.024789;992;j
RS;bptinc992j;p2p100;1992;11.139035;992;j
RS;bptinc992j;p2p100;1993;11.231945;992;j
RS;bptinc992j;p2p100;1994;11.214489;992;j
RS;bptinc992j;p2p100;1995;11.376055;992;j
RS;bptinc992j;p2p100;1996;11.634201;992;j
RS;bptinc992j;p2p100;1997;11.955406;992;j
RS;bptinc992j;p2p100;1998;11.245993;992;j
RS;bptinc992j;p2p100;1999;10.903086;992;j
RS;bptinc992j;p2p100;2000;11.131761;992;j
RS;bptinc992j;p2p100;2001;10.95738;992;j
RS;bptinc992j;p2p100;2002;14.079243;992;j
RS;bptinc992j;p2p100;2003;13.536718;992;j
RS;bptinc992j;p2p100;2004;14.70026;992;j
RS;bptinc992j;p2p100;2005;15.55383;992;j
RS;bptinc992j;p2p100;2006;16.887754;992;j
RS;bptinc992j;p2p100;2007;18.530344;992;j
RS;bptinc992j;p2p100;2008;21.67527;992;j
RS;bptinc992j;p2p100;2009;24.798864;992;j
RS;bptinc992j;p2p100;2010;25.647676;992;j
RS;bptinc992j;p2p100;2011;29.953039;992;j
RS;bptinc992j;p2p100;2012;31.166689;992;j
RS;bptinc992j;p2p100;2013;40.07333;992;j
RS;bptinc992j;p2p100;2014;38.685871;992;j
RS;bptinc992j;p2p100;2015;38.831631;992;j
RS;bptinc992j;p2p100;2016;38.737106;992;j
RS;bptinc992j;p2p100;2017;39.136906;992;j
RS;bptinc992j;p51p100;1990;1.9089113;992;j
RS;bptinc992j;p51p100;1991;1.9206902;992;j
RS;bptinc992j;p51p100;1992;1.931833;992;j
RS;bptinc992j;p51p100;1993;1.9418495;992;j
RS;bptinc992j;p51p100;1994;1.9479316;992;j
RS;bptinc992j;p51p100;1995;1.9594232;992;j
RS;bptinc992j;p51p100;1996;1.9647247;992;j
RS;bptinc992j;p51p100;1997;1.9738531;992;j
RS;bptinc992j;p51p100;1998;1.999567;992;j
RS;bptinc992j;p51p100;1999;2.0034404;992;j
RS;bptinc992j;p51p100;2000;2.0396245;992;j
RS;bptinc992j;p51p100;2001;2.0541213;992;j
RS;bptinc992j;p51p100;2002;2.0823605;992;j
RS;bptinc992j;p51p100;2003;2.1065586;992;j
RS;bptinc992j;p51p100;2004;2.1586823;992;j
RS;bptinc992j;p51p100;2005;2.2096021;992;j
RS;bptinc992j;p51p100;2006;2.2297702;992;j
RS;bptinc992j;p51p100;2007;2.2206423;992;j
RS;bptinc992j;p51p100;2008;2.247349;992;j
RS;bptinc992j;p51p100;2009;2.2667572;992;j
RS;bptinc992j;p51p100;2010;2.3349791;992;j
RS;bptinc992j;p51p100;2011;2.3955803;992;j
RS;bptinc992j;p51p100;2012;2.3833191;992;j
RS;bptinc992j;p51p100;2013;2.3467376;992;j
RS;bptinc992j;p51p100;2014;2.4598987;992;j
RS;bptinc992j;p51p100;2015;2.3763287;992;j
RS;bptinc992j;p51p100;2016;2.3750994;992;j
RS;bptinc992j;p51p100;2017;2.3777468;992;j
RS;bptinc992j;p67p100;1990;1.690101;992;j
RS;bptinc992j;p67p100;1991;1.7039961;992;j
RS;bptinc992j;p67p100;1992;1.7154672;992;j
RS;bptinc992j;p67p100;1993;1.7260436;992;j
RS;bptinc992j;p67p100;1994;1.7383072;992;j
RS;bptinc992j;p67p100;1995;1.749728;992;j
RS;bptinc992j;p67p100;1996;1.7570416;992;j
RS;bptinc992j;p67p100;1997;1.7633575;992;j
RS;bptinc992j;p67p100;1998;1.7731283;992;j
RS;bptinc992j;p67p100;1999;1.7947373;992;j
RS;bptinc992j;p67p100;2000;1.8374227;992;j
RS;bptinc992j;p67p100;2001;1.8572832;992;j
RS;bptinc992j;p67p100;2002;1.865049;992;j
RS;bptinc992j;p67p100;2003;1.8834062;992;j
RS;bptinc992j;p67p100;2004;1.9349667;992;j
RS;bptinc992j;p67p100;2005;1.9709375;992;j
RS;bptinc992j;p67p100;2006;1.9726648;992;j
RS;bptinc992j;p67p100;2007;1.942763;992;j
RS;bptinc992j;p67p100;2008;1.9477918;992;j
RS;bptinc992j;p67p100;2009;1.9684702;992;j
RS;bptinc992j;p67p100;2010;2.0169501;992;j
RS;bptinc992j;p67p100;2011;2.0572708;992;j
RS;bptinc992j;p67p100;2012;2.0448527;992;j
RS;bptinc992j;p67p100;2013;2.0141089;992;j
RS;bptinc992j;p67p100;2014;2.0815241;992;j
RS;bptinc992j;p67p100;2015;2.0467184;992;j
RS;bptinc992j;p67p100;2016;2.0477626;992;j
RS;bptinc992j;p67p100;2017;2.0492699;992;j
RS;bptinc992j;p70p100;1990;1.6762124;992;j
RS;bptinc992j;p70p100;1991;1.6856177;992;j
RS;bptinc992j;p70p100;1992;1.6942457;992;j
RS;bptinc992j;p70p100;1993;1.7033983;992;j
RS;bptinc992j;p70p100;1994;1.7139477;992;j
RS;bptinc992j;p70p100;1995;1.725988;992;j
RS;bptinc992j;p70p100;1996;1.7324542;992;j
RS;bptinc992j;p70p100;1997;1.7387027;992;j
RS;bptinc992j;p70p100;1998;1.7484938;992;j
RS;bptinc992j;p70p100;1999;1.770896;992;j
RS;bptinc992j;p70p100;2000;1.8116399;992;j
RS;bptinc992j;p70p100;2001;1.8342104;992;j
RS;bptinc992j;p70p100;2002;1.8463761;992;j
RS;bptinc992j;p70p100;2003;1.8550709;992;j
RS;bptinc992j;p70p100;2004;1.9040316;992;j
RS;bptinc992j;p70p100;2005;1.9370692;992;j
RS;bptinc992j;p70p100;2006;1.9423727;992;j
RS;bptinc992j;p70p100;2007;1.9116259;992;j
RS;bptinc992j;p70p100;2008;1.9134185;992;j
RS;bptinc992j;p70p100;2009;1.9320484;992;j
RS;bptinc992j;p70p100;2010;1.9819385;992;j
RS;bptinc992j;p70p100;2011;2.0195258;992;j
RS;bptinc992j;p70p100;2012;1.9906477;992;j
RS;bptinc992j;p70p100;2013;1.9630436;992;j
RS;bptinc992j;p70p100;2014;2.0423181;992;j
RS;bptinc992j;p70p100;2015;2.0215096;992;j
RS;bptinc992j;p70p100;2016;2.0224028;992;j
RS;bptinc992j;p70p100;2017;2.0239506;992;j
RS;bptinc992j;p79p100;1990;1.6073756;992;j
RS;bptinc992j;p79p100;1991;1.6174368;992;j
RS;bptinc992j;p79p100;1992;1.625861;992;j
RS;bptinc992j;p79p100;1993;1.6351836;992;j
RS;bptinc992j;p79p100;1994;1.6449602;992;j
RS;bptinc992j;p79p100;1995;1.6556931;992;j
RS;bptinc992j;p79p100;1996;1.6617695;992;j
RS;bptinc992j;p79p100;1997;1.6673416;992;j
RS;bptinc992j;p79p100;1998;1.6902068;992;j
RS;bptinc992j;p79p100;1999;1.7127575;992;j
RS;bptinc992j;p79p100;2000;1.7574854;992;j
RS;bptinc992j;p79p100;2001;1.7839464;992;j
RS;bptinc992j;p79p100;2002;1.7869344;992;j
RS;bptinc992j;p79p100;2003;1.7988224;992;j
RS;bptinc992j;p79p100;2004;1.8355467;992;j
RS;bptinc992j;p79p100;2005;1.8590139;992;j
RS;bptinc992j;p79p100;2006;1.8676342;992;j
RS;bptinc992j;p79p100;2007;1.8221885;992;j
RS;bptinc992j;p79p100;2008;1.8219067;992;j
RS;bptinc992j;p79p100;2009;1.8407499;992;j
RS;bptinc992j;p79p100;2010;1.8898499;992;j
RS;bptinc992j;p79p100;2011;1.9238552;992;j
RS;bptinc992j;p79p100;2012;1.8751885;992;j
RS;bptinc992j;p79p100;2013;1.8567889;992;j
RS;bptinc992j;p79p100;2014;1.956758;992;j
RS;bptinc992j;p79p100;2015;1.9478073;992;j
RS;bptinc992j;p79p100;2016;1.9488406;992;j
RS;bptinc992j;p79p100;2017;1.9506565;992;j
RS;bptinc992j;p92p100;1990;1.7194166;992;j
RS;bptinc992j;p92p100;1991;1.731027;992;j
RS;bptinc992j;p92p100;1992;1.7442284;992;j
RS;bptinc992j;p92p100;1993;1.7567254;992;j
RS;bptinc992j;p92p100;1994;1.772393;992;j
RS;bptinc992j;p92p100;1995;1.7867455;992;j
RS;bptinc992j;p92p100;1996;1.7942061;992;j
RS;bptinc992j;p92p100;1997;1.801021;992;j
RS;bptinc992j;p92p100;1998;1.8115019;992;j
RS;bptinc992j;p92p100;1999;1.8514229;992;j
RS;bptinc992j;p92p100;2000;1.9114757;992;j
RS;bptinc992j;p92p100;2001;1.9506204;992;j
RS;bptinc992j;p92p100;2002;1.9511479;992;j
RS;bptinc992j;p92p100;2003;1.9281031;992;j
RS;bptinc992j;p92p100;2004;1.9421751;992;j
RS;bptinc992j;p92p100;2005;1.9308383;992;j
RS;bptinc992j;p92p100;2006;1.9315159;992;j
RS;bptinc992j;p92p100;2007;1.8658637;992;j
RS;bptinc992j;p92p100;2008;1.8711511;992;j
RS;bptinc992j;p92p100;2009;1.8646116;992;j
RS;bptinc992j;p92p100;2010;1.8891073;992;j
RS;bptinc992j;p92p100;2011;1.9064037;992;j
RS;bptinc992j;p92p100;2012;1.8793274;992;j
RS;bptinc992j;p92p100;2013;1.8735439;992;j
RS;bptinc992j;p92p100;2014;2.0206664;992;j
RS;bptinc992j;p92p100;2015;1.9753839;992;j
RS;bptinc992j;p92p100;2016;1.9767855;992;j
RS;bptinc992j;p92p100;2017;1.9787654;992;j
RS;bptinc992j;p99.94p100;1990;2.066128;992;j
RS;bptinc992j;p99.94p100;1991;2.0887136;992;j
RS;bptinc992j;p99.94p100;1992;2.0967054;992;j
RS;bptinc992j;p99.94p100;1993;2.1185563;992;j
RS;bptinc992j;p99.94p100;1994;2.1212945;992;j
RS;bptinc992j;p99.94p100;1995;2.1409345;992;j
RS;bptinc992j;p99.94p100;1996;2.159461;992;j
RS;bptinc992j;p99.94p100;1997;2.1807714;992;j
RS;bptinc992j;p99.94p100;1998;2.1478164;992;j
RS;bptinc992j;p99.94p100;1999;2.2054172;992;j
RS;bptinc992j;p99.94p100;2000;2.2221937;992;j
RS;bptinc992j;p99.94p100;2001;2.2848113;992;j
RS;bptinc992j;p99.94p100;2002;2.2278903;992;j
RS;bptinc992j;p99.94p100;2003;2.1968155;992;j
RS;bptinc992j;p99.94p100;2004;2.1942472;992;j
RS;bptinc992j;p99.94p100;2005;2.1334028;992;j
RS;bptinc992j;p99.94p100;2006;2.1347966;992;j
RS;bptinc992j;p99.94p100;2007;2.0916994;992;j
RS;bptinc992j;p99.94p100;2008;2.107363;992;j
RS;bptinc992j;p99.94p100;2009;2.0824504;992;j
RS;bptinc992j;p99.94p100;2010;2.0098131;992;j
RS;bptinc992j;p99.94p100;2011;2.0359962;992;j
RS;bptinc992j;p99.94p100;2012;1.8258687;992;j
RS;bptinc992j;p99.94p100;2013;1.9142033;992;j
RS;bptinc992j;p99.94p100;2014;2.3043272;992;j
RS;bptinc992j;p99.94p100;2015;2.3118913;992;j
RS;bptinc992j;p99.94p100;2016;2.3118198;992;j
RS;bptinc992j;p99.94p100;2017;2.3107352;992;j
RS;inyixx999i;p0p100;1990;0.0;999;i
RS;inyixx999i;p0p100;1991;0.0;999;i
RS;inyixx999i;p0p100;1992;0.0;999;i
RS;inyixx999i;p0p100;1993;0.012849011;999;i
RS;inyixx999i;p0p100;1994;0.013234474;999;i
RS;inyixx999i;p0p100;1995;0.022967832;999;i
RS;inyixx999i;p0p100;1996;0.042542353;999;i
RS;inyixx999i;p0p100;1997;0.050372694;999;i
RS;inyixx999i;p0p100;1998;0.063174158;999;i
RS;inyixx999i;p0p100;1999;0.084171146;999;i
RS;inyixx999i;p0p100;2000;0.15031168;999;i
RS;inyixx999i;p0p100;2001;0.28445634;999;i
RS;inyixx999i;p0p100;2002;0.33578193;999;i
RS;inyixx999i;p0p100;2003;0.37805507;999;i
RS;inyixx999i;p0p100;2004;0.41240877;999;i
RS;inyixx999i;p0p100;2005;0.47638384;999;i
RS;inyixx999i;p0p100;2006;0.53524512;999;i
RS;inyixx999i;p0p100;2007;0.58182144;999;i
RS;inyixx999i;p0p100;2008;0.63468039;999;i
RS;inyixx999i;p0p100;2009;0.68474299;999;i
RS;inyixx999i;p0p100;2010;0.72397113;999;i
RS;inyixx999i;p0p100;2011;0.78847116;999;i
RS;inyixx999i;p0p100;2012;0.83735001;999;i
RS;inyixx999i;p0p100;2013;0.88026774;999;i
RS;inyixx999i;p0p100;2014;0.90302676;999;i
RS;inyixx999i;p0p100;2015;0.91957188;999;i
RS;inyixx999i;p0p100;2016;0.93302566;999;i
RS;inyixx999i;p0p100;2017;0.9614265;999;i
RS;inyixx999i;p0p100;2018;0.98184294;999;i
RS;inyixx999i;p0p100;2019;1.0;999;i
RS;mprgco999i;p0p100;1997;-5914173952.0;999;i
RS;mprgco999i;p0p100;1998;251166720000.0;999;i
RS;mprgco999i;p0p100;1999;295277953024.0;999;i
RS;mprgco999i;p0p100;2000;363218960384.0;999;i
RS;mprgco999i;p0p100;2001;278195273728.0;999;i
RS;mprgco999i;p0p100;2002;233923510272.0;999;i
RS;mprgco999i;p0p100;2003;173796065280.0;999;i
RS;mprgco999i;p0p100;2004;368755343360.0;999;i
RS;mprgco999i;p0p100;2005;423977025536.0;999;i
RS;mprgco999i;p0p100;2006;463367733248.0;999;i
RS;mprgco999i;p0p100;2007;429082902528.0;999;i
RS;mprgco999i;p0p100;2008;424986378240.0;999;i
RS;mprgco999i;p0p100;2009;499958153216.0;999;i
RS;mprgco999i;p0p100;2010;507096498176.0;999;i
RS;mprgco999i;p0p100;2011;570269761536.0;999;i
RS;msecnf999i;p0p100;1997;-478608326656.0;999;i
RS;msecnf999i;p0p100;1998;-169417015296.0;999;i
RS;msecnf999i;p0p100;1999;-31401633792.0;999;i
RS;msecnf999i;p0p100;2000;74685628416.0;999;i
RS;msecnf999i;p0p100;2001;-134025592832.0;999;i
RS;msecnf999i;p0p100;2002;-213168422912.0;999;i
RS;msecnf999i;p0p100;2003;-257828978688.0;999;i
RS;msecnf999i;p0p100;2004;-302161344.0;999;i
RS;msecnf999i;p0p100;2005;51338371072.0;999;i
RS;msecnf999i;p0p100;2006;76152283136.0;999;i
RS;msecnf999i;p0p100;2007;-15083191296.0;999;i
RS;msecnf999i;p0p100;2008;-79803949056.0;999;i
RS;msecnf999i;p0p100;2009;-3970643968.0;999;i
RS;msecnf999i;p0p100;2010;3640412160.0;999;i
RS;msecnf999i;p0p100;2011;40618229760.0;999;i
RS;msscgo999i;p0p100;1997;402509791232.0;999;i
RS;msscgo999i;p0p100;1998;423298990080.0;999;i
RS;msscgo999i;p0p100;1999;343603675136.0;999;i
RS;msscgo999i;p0p100;2000;353360478208.0;999;i
RS;msscgo999i;p0p100;2001;350660820992.0;999;i
RS;msscgo999i;p0p100;2002;408638455808.0;999;i
RS;msscgo999i;p0p100;2003;412697198592.0;999;i
RS;msscgo999i;p0p100;2004;465706909696.0;999;i
RS;msscgo999i;p0p100;2005;497171759104.0;999;i
RS;msscgo999i;p0p100;2006;559468118016.0;999;i
RS;msscgo999i;p0p100;2007;604210397184.0;999;i
RS;msscgo999i;p0p100;2008;627032522752.0;999;i
RS;msscgo999i;p0p100;2009;612088086528.0;999;i
RS;msscgo999i;p0p100;2010;629504344064.0;999;i
RS;msscgo999i;p0p100;2011;610669887488.0;999;i
RS;msscnp999i;p0p100;1997;0.0;999;i
RS;msscnp999i;p0p100;1998;0.0;999;i
RS;msscnp999i;p0p100;1999;0.0;999;i
RS;msscnp999i;p0p100;2000;0.0;999;i
RS;msscnp999i;p0p100;2001;0.0;999;i
RS;msscnp999i;p0p100;2002;0.0;999;i
RS;msscnp999i;p0p100;2003;0.0;999;i
RS;msscnp999i;p0p100;2004;0.0;999;i
RS;msscnp999i;p0p100;2005;0.0;999;i
RS;msscnp999i;p0p100;2006;0.0;999;i
RS;msscnp999i;p0p100;2007;0.0;999;i
RS;msscnp999i;p0p100;2008;0.0;999;i
RS;msscnp999i;p0p100;2009;0.0;999;i
RS;msscnp999i;p0p100;2010;0.0;999;i
RS;msscnp999i;p0p100;2011;0.0;999;i
RS;mtiwhn999i;p0p100;1997;109174505472.0;999;i
RS;mtiwhn999i;p0p100;1998;90598064128.0;999;i
RS;mtiwhn999i;p0p100;1999;52345409536.0;999;i
RS;mtiwhn999i;p0p100;2000;54824087552.0;999;i
RS;mtiwhn999i;p0p100;2001;137587982336.0;999;i
RS;mtiwhn999i;p0p100;2002;184509251584.0;999;i
RS;mtiwhn999i;p0p100;2003;160191086592.0;999;i
RS;mtiwhn999i;p0p100;2004;187429273600.0;999;i
RS;mtiwhn999i;p0p100;2005;193766146048.0;999;i
RS;mtiwhn999i;p0p100;2006;219498201088.0;999;i
RS;mtiwhn999i;p0p100;2007;199521075200.0;999;i
RS;mtiwhn999i;p0p100;2008;217081757696.0;999;i
RS;mtiwhn999i;p0p100;2009;169681797120.0;999;i
RS;mtiwhn999i;p0p100;2010;158371332096.0;999;i
RS;mtiwhn999i;p0p100;2011;211791331328.0;999;i
RS;npopul401i;p0p100;1950;456644.0;401;i
RS;npopul401i;p0p100;1951;450235.0;401;i
RS;npopul401i;p0p100;1952;439834.0;401;i
RS;npopul401i;p0p100;1953;424991.0;401;i
RS;npopul401i;p0p100;1954;406803.0;401;i
RS;npopul401i;p0p100;1955;386764.0;401;i
RS;npopul401i;p0p100;1956;364071.0;401;i
RS;npopul401i;p0p100;1957;338357.0;401;i
RS;npopul401i;p0p100;1958;316006.0;401;i
RS;npopul401i;p0p100;1959;306509.0;401;i
RS;npopul401i;p0p100;1960;315278.0;401;i
RS;npopul401i;p0p100;1961;341402.0;401;i
RS;npopul401i;p0p100;1962;384873.0;401;i
RS;npopul401i;p0p100;1963;438564.0;401;i
RS;npopul401i;p0p100;1964;491233.0;401;i
RS;npopul401i;p0p100;1965;535640.0;401;i
RS;npopul401i;p0p100;1966;570382.0;401;i
RS;npopul401i;p0p100;1967;597895.0;401;i
RS;npopul401i;p0p100;1968;618814.0;401;i
RS;npopul401i;p0p100;1969;634917.0;401;i
RS;npopul401i;p0p100;1970;647383.0;401;i
RS;npopul401i;p0p100;1971;655239.0;401;i
RS;npopul401i;p0p100;1972;658400.0;401;i
RS;npopul401i;p0p100;1973;657360.0;401;i
RS;npopul401i;p0p100;1974;653039.0;401;i
RS;npopul401i;p0p100;1975;646042.0;401;i
RS;npopul401i;p0p100;1976;636296.0;401;i
RS;npopul401i;p0p100;1977;625650.0;401;i
RS;npopul401i;p0p100;1978;613170.0;401;i
RS;npopul401i;p0p100;1979;597122.0;401;i
RS;npopul401i;p0p100;1980;577064.0;401;i
RS;npopul401i;p0p100;1981;552976.0;401;i
RS;npopul401i;p0p100;1982;524482.0;401;i
RS;npopul401i;p0p100;1983;498230.0;401;i
RS;npopul401i;p0p100;1984;484374.0;401;i
RS;npopul401i;p0p100;1985;488797.0;401;i
RS;npopul401i;p0p100;1986;509793.0;401;i
RS;npopul401i;p0p100;1987;548077.0;401;i
RS;npopul401i;p0p100;1988;596849.0;401;i
RS;npopul401i;p0p100;1989;645399.0;401;i
RS;npopul401i;p0p100;1990;686762.0;401;i
RS;npopul401i;p0p100;1991;720932.0;401;i
RS;npopul401i;p0p100;1992;750204.0;401;i
RS;npopul401i;p0p100;1993;771895.0;401;i
RS;npopul401i;p0p100;1994;782639.0;401;i
RS;npopul401i;p0p100;1995;780476.0;401;i
RS;npopul401i;p0p100;1996;769106.0;401;i
RS;npopul401i;p0p100;1997;742583.0;401;i
RS;npopul401i;p0p100;1998;707543.0;401;i
RS;npopul401i;p0p100;1999;530328.0;401;i
RS;npopul401i;p0p100;2000;512954.0;401;i
RS;npopul401i;p0p100;2001;497813.0;401;i
RS;npopul401i;p0p100;2002;488944.0;401;i
RS;npopul401i;p0p100;2003;483604.0;401;i
RS;npopul401i;p0p100;2004;480380.0;401;i
RS;npopul401i;p0p100;2005;477086.0;401;i
RS;npopul401i;p0p100;2006;475361.0;401;i
RS;npopul401i;p0p100;2007;474178.0;401;i
RS;npopul401i;p0p100;2008;473558.0;401;i
RS;npopul401i;p0p100;2009;474115.0;401;i
RS;npopul401i;p0p100;2010;475923.0;401;i
RS;npopul401i;p0p100;2011;477443.0;401;i
RS;npopul401i;p0p100;2012;481249.0;401;i
RS;npopul401i;p0p100;2013;485412.0;401;i
RS;npopul401i;p0p100;2014;489055.0;401;i
RS;npopul401i;p0p100;2015;491439.0;401;i
RS;npopul401i;p0p100;2016;493393.0;401;i
RS;npopul401i;p0p100;2017;496007.0;401;i
RS;npopul401i;p0p100;2018;497446.0;401;i
RS;npopul401i;p0p100;2019;497376.0;401;i
RS;npopul995i;p0p100;1950;708928.0;995;i
RS;npopul995i;p0p100;1951;703830.0;995;i
RS;npopul995i;p0p100;1952;697453.0;995;i
RS;npopul995i;p0p100;1953;690505.0;995;i
RS;npopul995i;p0p100;1954;686578.0;995;i
RS;npopul995i;p0p100;1955;688424.0;995;i
RS;npopul995i;p0p100;1956;696698.0;995;i
RS;npopul995i;p0p100;1957;709118.0;995;i
RS;npopul995i;p0p100;1958;725009.0;995;i
RS;npopul995i;p0p100;1959;742846.0;995;i
RS;npopul995i;p0p100;1960;761833.0;995;i
RS;npopul995i;p0p100;1961;783733.0;995;i
RS;npopul995i;p0p100;1962;803896.0;995;i
RS;npopul995i;p0p100;1963;824282.0;995;i
RS;npopul995i;p0p100;1964;847353.0;995;i
RS;npopul995i;p0p100;1965;874214.0;995;i
RS;npopul995i;p0p100;1966;899010.0;995;i
RS;npopul995i;p0p100;1967;926553.0;995;i
RS;npopul995i;p0p100;1968;954982.0;995;i
RS;npopul995i;p0p100;1969;981332.0;995;i
RS;npopul995i;p0p100;1970;1004205.0;995;i
RS;npopul995i;p0p100;1971;1020655.0;995;i
RS;npopul995i;p0p100;1972;1034547.0;995;i
RS;npopul995i;p0p100;1973;1045704.0;995;i
RS;npopul995i;p0p100;1974;1053658.0;995;i
RS;npopul995i;p0p100;1975;1058306.0;995;i
RS;npopul995i;p0p100;1976;1053597.0;995;i
RS;npopul995i;p0p100;1977;1044557.0;995;i
RS;npopul995i;p0p100;1978;1035490.0;995;i
RS;npopul995i;p0p100;1979;1032769.0;995;i
RS;npopul995i;p0p100;1980;1040686.0;995;i
RS;npopul995i;p0p100;1981;1053425.0;995;i
RS;npopul995i;p0p100;1982;1075766.0;995;i
RS;npopul995i;p0p100;1983;1106261.0;995;i
RS;npopul995i;p0p100;1984;1142094.0;995;i
RS;npopul995i;p0p100;1985;1181562.0;995;i
RS;npopul995i;p0p100;1986;1219343.0;995;i
RS;npopul995i;p0p100;1987;1258948.0;995;i
RS;npopul995i;p0p100;1988;1300722.0;995;i
RS;npopul995i;p0p100;1989;1345196.0;995;i
RS;npopul995i;p0p100;1990;1392849.0;995;i
RS;npopul995i;p0p100;1991;1437268.0;995;i
RS;npopul995i;p0p100;1992;1484758.0;995;i
RS;npopul995i;p0p100;1993;1533001.0;995;i
RS;npopul995i;p0p100;1994;1577825.0;995;i
RS;npopul995i;p0p100;1995;1615965.0;995;i
RS;npopul995i;p0p100;1996;1648047.0;995;i
RS;npopul995i;p0p100;1997;1670446.0;995;i
RS;npopul995i;p0p100;1998;1685794.0;995;i
RS;npopul995i;p0p100;1999;1336167.0;995;i
RS;npopul995i;p0p100;2000;1354032.0;995;i
RS;npopul995i;p0p100;2001;1355538.0;995;i
RS;npopul995i;p0p100;2002;1354866.0;995;i
RS;npopul995i;p0p100;2003;1350414.0;995;i
RS;npopul995i;p0p100;2004;1350255.0;995;i
RS;npopul995i;p0p100;2005;1356746.0;995;i
RS;npopul995i;p0p100;2006;1368283.0;995;i
RS;npopul995i;p0p100;2007;1387068.0;995;i
RS;npopul995i;p0p100;2008;1411931.0;995;i
RS;npopul995i;p0p100;2009;1441439.0;995;i
RS;npopul995i;p0p100;2010;1474017.0;995;i
RS;npopul995i;p0p100;2011;1499344.0;995;i
RS;npopul995i;p0p100;2012;1532670.0;995;i
RS;npopul995i;p0p100;2013;1568205.0;995;i
RS;npopul995i;p0p100;2014;1602607.0;995;i
RS;npopul995i;p0p100;2015;1633235.0;995;i
RS;npopul995i;p0p100;2016;1638387.0;995;i
RS;npopul995i;p0p100;2017;1643249.0;995;i
RS;npopul995i;p0p100;2018;1645631.0;995;i
RS;npopul995i;p0p100;2019;1649229.0;995;i
RS;scainc992j;p50p60;1990;0.091200002;992;j
RS;scainc992j;p50p60;1991;0.091399997;992;j
RS;scainc992j;p50p60;1992;0.091399997;992;j
RS;scainc992j;p50p60;1993;0.091399997;992;j
RS;scainc992j;p50p60;1994;0.091399997;992;j
RS;scainc992j;p50p60;1995;0.091399997;992;j
RS;scainc992j;p50p60;1996;0.091499999;992;j
RS;scainc992j;p50p60;1997;0.091700003;992;j
RS;scainc992j;p50p60;1998;0.090599999;992;j
RS;scainc992j;p50p60;1999;0.089699998;992;j
RS;scainc992j;p50p60;2000;0.089000002;992;j
RS;scainc992j;p50p60;2001;0.088299997;992;j
RS;scainc992j;p50p60;2002;0.088299997;992;j
RS;scainc992j;p50p60;2003;0.087899998;992;j
RS;scainc992j;p50p60;2004;0.087499999;992;j
RS;scainc992j;p50p60;2005;0.086300001;992;j
RS;scainc992j;p50p60;2006;0.085900001;992;j
RS;scainc992j;p50p60;2007;0.086400002;992;j
RS;scainc992j;p50p60;2008;0.086099997;992;j
RS;scainc992j;p50p60;2009;0.085199997;992;j
RS;scainc992j;p50p60;2010;0.083899997;992;j
RS;scainc992j;p50p60;2011;0.083099999;992;j
RS;scainc992j;p50p60;2012;0.0823;992;j
RS;scainc992j;p50p60;2013;0.0823;992;j
RS;scainc992j;p50p60;2014;0.080700003;992;j
RS;scainc992j;p50p60;2015;0.079000004;992;j
RS;scainc992j;p50p60;2016;0.079000004;992;j
RS;scainc992j;p50p60;2017;0.079000004;992;j
RS;scainc992j;p80p81;1990;0.0144;992;j
RS;scainc992j;p80p81;1991;0.0143;992;j
RS;scainc992j;p80p81;1992;0.0143;992;j
RS;scainc992j;p80p81;1993;0.0142;992;j
RS;scainc992j;p80p81;1994;0.0142;992;j
RS;scainc992j;p80p81;1995;0.0141;992;j
RS;scainc992j;p80p81;1996;0.0141;992;j
RS;scainc992j;p80p81;1997;0.0141;992;j
RS;scainc992j;p80p81;1998;0.0138;992;j
RS;scainc992j;p80p81;1999;0.0137;992;j
RS;scainc992j;p80p81;2000;0.0136;992;j
RS;scainc992j;p80p81;2001;0.0134;992;j
RS;scainc992j;p80p81;2002;0.0137;992;j
RS;scainc992j;p80p81;2003;0.0137;992;j
RS;scainc992j;p80p81;2004;0.0139;992;j
RS;scainc992j;p80p81;2005;0.0139;992;j
RS;scainc992j;p80p81;2006;0.014;992;j
RS;scainc992j;p80p81;2007;0.0142;992;j
RS;scainc992j;p80p81;2008;0.0144;992;j
RS;scainc992j;p80p81;2009;0.0143;992;j
RS;scainc992j;p80p81;2010;0.0144;992;j
RS;scainc992j;p80p81;2011;0.0145;992;j
RS;scainc992j;p80p81;2012;0.0145;992;j
RS;scainc992j;p80p81;2013;0.0149;992;j
RS;scainc992j;p80p81;2014;0.0138;992;j
RS;scainc992j;p80p81;2015;0.0136;992;j
RS;scainc992j;p80p81;2016;0.0136;992;j
RS;scainc992j;p80p81;2017;0.0136;992;j
RS;sdiinc992j;p2p100;1990;0.99690002;992;j
RS;sdiinc992j;p2p100;1991;0.99699998;992;j
RS;sdiinc992j;p2p100;1992;0.99720001;992;j
RS;sdiinc992j;p2p100;1993;0.99730003;992;j
RS;sdiinc992j;p2p100;1994;0.9975;992;j
RS;sdiinc992j;p2p100;1995;0.99769998;992;j
RS;sdiinc992j;p2p100;1996;0.99790001;992;j
RS;sdiinc992j;p2p100;1997;0.99800003;992;j
RS;sdiinc992j;p2p100;1998;0.9982;992;j
RS;sdiinc992j;p2p100;1999;0.99830002;992;j
RS;sdiinc992j;p2p100;2000;0.99830002;992;j
RS;sdiinc992j;p2p100;2001;0.99830002;992;j
RS;sdiinc992j;p2p100;2002;0.99849999;992;j
RS;sdiinc992j;p2p100;2003;0.9982;992;j
RS;sdiinc992j;p2p100;2004;0.9982;992;j
RS;sdiinc992j;p2p100;2005;0.9982;992;j
RS;sdiinc992j;p2p100;2006;0.9982;992;j
RS;sdiinc992j;p2p100;2007;0.9982;992;j
RS;sdiinc992j;p2p100;2008;0.9982;992;j
RS;sdiinc992j;p2p100;2009;0.99790001;992;j
RS;sdiinc992j;p2p100;2010;0.99790001;992;j
RS;sdiinc992j;p2p100;2011;0.99800003;992;j
RS;sdiinc992j;p2p100;2012;0.99809998;992;j
RS;sdiinc992j;p2p100;2013;0.99739999;992;j
RS;sdiinc992j;p2p100;2014;0.99599999;992;j
RS;sdiinc992j;p2p100;2015;0.99680001;992;j
RS;sdiinc992j;p2p100;2016;0.99699998;992;j
RS;sdiinc992j;p2p100;2017;0.9971;992;j
RS;sdiinc992j;p45p46;1990;0.0077999998;992;j
RS;sdiinc992j;p45p46;1991;0.0078999996;992;j
RS;sdiinc992j;p45p46;1992;0.0078999996;992;j
RS;sdiinc992j;p45p46;1993;0.0078999996;992;j
RS;sdiinc992j;p45p46;1994;0.0080000004;992;j
RS;sdiinc992j;p45p46;1995;0.0080000004;992;j
RS;sdiinc992j;p45p46;1996;0.0080000004;992;j
RS;sdiinc992j;p45p46;1997;0.0081000002;992;j
RS;sdiinc992j;p45p46;1998;0.0077999998;992;j
RS;sdiinc992j;p45p46;1999;0.0077;992;j
RS;sdiinc992j;p45p46;2000;0.0077;992;j
RS;sdiinc992j;p45p46;2001;0.0077;992;j
RS;sdiinc992j;p45p46;2002;0.0076000001;992;j
RS;sdiinc992j;p45p46;2003;0.0076000001;992;j
RS;sdiinc992j;p45p46;2004;0.0074999998;992;j
RS;sdiinc992j;p45p46;2005;0.0074;992;j
RS;sdiinc992j;p45p46;2006;0.0073000002;992;j
RS;sdiinc992j;p45p46;2007;0.0074;992;j
RS;sdiinc992j;p45p46;2008;0.0073000002;992;j
RS;sdiinc992j;p45p46;2009;0.0071999999;992;j
RS;sdiinc992j;p45p46;2010;0.0071;992;j
RS;sdiinc992j;p45p46;2011;0.0068999999;992;j
RS;sdiinc992j;p45p46;2012;0.0068000001;992;j
RS;sdiinc992j;p45p46;2013;0.0068999999;992;j
RS;sdiinc992j;p45p46;2014;0.0066999998;992;j
RS;sdiinc992j;p45p46;2015;0.0066;992;j
RS;sdiinc992j;p45p46;2016;0.0066;992;j
RS;sdiinc992j;p45p46;2017;0.0066;992;j
RS;sdiinc992j;p81p100;1990;0.41249999;992;j
RS;sdiinc992j;p81p100;1991;0.41069999;992;j
RS;sdiinc992j;p81p100;1992;0.40920001;992;j
RS;sdiinc992j;p81p100;1993;0.40830001;992;j
RS;sdiinc992j;p81p100;1994;0.40720001;992;j
RS;sdiinc992j;p81p100;1995;0.40619999;992;j
RS;sdiinc992j;p81p100;1996;0.40419999;992;j
RS;sdiinc992j;p81p100;1997;0.40189999;992;j
RS;sdiinc992j;p81p100;1998;0.4066;992;j
RS;sdiinc992j;p81p100;1999;0.41299999;992;j
RS;sdiinc992j;p81p100;2000;0.41729999;992;j
RS;sdiinc992j;p81p100;2001;0.42050001;992;j
RS;sdiinc992j;p81p100;2002;0.4262;992;j
RS;sdiinc992j;p81p100;2003;0.42899999;992;j
RS;sdiinc992j;p81p100;2004;0.43759999;992;j
RS;sdiinc992j;p81p100;2005;0.44530001;992;j
RS;sdiinc992j;p81p100;2006;0.4531;992;j
RS;sdiinc992j;p81p100;2007;0.45190001;992;j
RS;sdiinc992j;p81p100;2008;0.45449999;992;j
RS;sdiinc992j;p81p100;2009;0.46160001;992;j
RS;sdiinc992j;p81p100;2010;0.472;992;j
RS;sdiinc992j;p81p100;2011;0.48269999;992;j
RS;sdiinc992j;p81p100;2012;0.48629999;992;j
RS;sdiinc992j;p81p100;2013;0.484;992;j
RS;sdiinc992j;p81p100;2014;0.4781;992;j
RS;sdiinc992j;p81p100;2015;0.5007;992;j
RS;sdiinc992j;p81p100;2016;0.50470001;992;j
RS;sdiinc992j;p81p100;2017;0.50529999;992;j
RS;sdiinc992j;p96p100;1990;0.1578;992;j
RS;sdiinc992j;p96p100;1991;0.1565;992;j
RS;sdiinc992j;p96p100;1992;0.15549999;992;j
RS;sdiinc992j;p96p100;1993;0.1552;992;j
RS;sdiinc992j;p96p100;1994;0.1549;992;j
RS;sdiinc992j;p96p100;1995;0.1547;992;j
RS;sdiinc992j;p96p100;1996;0.1534;992;j
RS;sdiinc992j;p96p100;1997;0.152;992;j
RS;sdiinc992j;p96p100;1998;0.1561;992;j
RS;sdiinc992j;p96p100;1999;0.16329999;992;j
RS;sdiinc992j;p96p100;2000;0.16940001;992;j
RS;sdiinc992j;p96p100;2001;0.1742;992;j
RS;sdiinc992j;p96p100;2002;0.1768;992;j
RS;sdiinc992j;p96p100;2003;0.1761;992;j
RS;sdiinc992j;p96p100;2004;0.17910001;992;j
RS;sdiinc992j;p96p100;2005;0.184;992;j
RS;sdiinc992j;p96p100;2006;0.18790001;992;j
RS;sdiinc992j;p96p100;2007;0.1838;992;j
RS;sdiinc992j;p96p100;2008;0.184;992;j
RS;sdiinc992j;p96p100;2009;0.1903;992;j
RS;sdiinc992j;p96p100;2010;0.1953;992;j
RS;sdiinc992j;p96p100;2011;0.2005;992;j
RS;sdiinc992j;p96p100;2012;0.2102;992;j
RS;sdiinc992j;p96p100;2013;0.2027;992;j
RS;sdiinc992j;p96p100;2014;0.2142;992;j
RS;sdiinc992j;p96p100;2015;0.2418;992;j
RS;sdiinc992j;p96p100;2016;0.24439999;992;j
RS;sdiinc992j;p96p100;2017;0.2447;992;j
RS;sdiinc992j;p99.991p99.992;1990;0.0004;992;j
RS;sdiinc992j;p99.991p99.992;1991;0.0004;992;j
RS;sdiinc992j;p99.991p99.992;1992;0.0004;992;j
RS;sdiinc992j;p99.991p99.992;1993;0.0004;992;j
RS;sdiinc992j;p99.991p99.992;1994;0.0003;992;j
RS;sdiinc992j;p99.991p99.992;1995;0.0003;992;j
RS;sdiinc992j;p99.991p99.992;1996;0.0003;992;j
RS;sdiinc992j;p99.991p99.992;1997;0.0003;992;j
RS;sdiinc992j;p99.991p99.992;1998;0.0003;992;j
RS;sdiinc992j;p99.991p99.992;1999;0.0004;992;j
RS;sdiinc992j;p99.991p99.992;2000;0.0004;992;j
RS;sdiinc992j;p99.991p99.992;2001;0.0005;992;j
RS;sdiinc992j;p99.991p99.992;2002;0.0005;992;j
RS;sdiinc992j;p99.991p99.992;2003;0.0004;992;j
RS;sdiinc992j;p99.991p99.992;2004;0.0005;992;j
RS;sdiinc992j;p99.991p99.992;2005;0.0005;992;j
RS;sdiinc992j;p99.991p99.992;2006;0.0005;992;j
RS;sdiinc992j;p99.991p99.992;2007;0.0004;992;j
RS;sdiinc992j;p99.991p99.992;2008;0.0004;992;j
RS;sdiinc992j;p99.991p99.992;2009;0.0004;992;j
RS;sdiinc992j;p99.991p99.992;2010;0.0004;992;j
RS;sdiinc992j;p99.991p99.992;2011;0.0004;992;j
RS;sdiinc992j;p99.991p99.992;2012;0.0006;992;j
RS;sdiinc992j;p99.991p99.992;2013;0.0005;992;j
RS;sdiinc992j;p99.991p99.992;2014;0.0008;992;j
RS;sdiinc992j;p99.991p99.992;2015;0.0011;992;j
RS;sdiinc992j;p99.991p99.992;2016;0.0011;992;j
RS;sdiinc992j;p99.991p99.992;2017;0.0011;992;j
RS;sdiinc992j;p99p100;1990;0.074199997;992;j
RS;sdiinc992j;p99p100;1991;0.072800003;992;j
RS;sdiinc992j;p99p100;1992;0.071400002;992;j
RS;sdiinc992j;p99p100;1993;0.070799999;992;j
RS;sdiinc992j;p99p100;1994;0.070299998;992;j
RS;sdiinc992j;p99p100;1995;0.07;992;j
RS;sdiinc992j;p99p100;1996;0.068899997;992;j
RS;sdiinc992j;p99p100;1997;0.0678;992;j
RS;sdiinc992j;p99p100;1998;0.070500001;992;j
RS;sdiinc992j;p99p100;1999;0.076300003;992;j
RS;sdiinc992j;p99p100;2000;0.080300003;992;j
RS;sdiinc992j;p99p100;2001;0.084600002;992;j
RS;sdiinc992j;p99p100;2002;0.084899999;992;j
RS;sdiinc992j;p99p100;2003;0.084200002;992;j
RS;sdiinc992j;p99p100;2004;0.0854;992;j
RS;sdiinc992j;p99p100;2005;0.088699996;992;j
RS;sdiinc992j;p99p100;2006;0.089400001;992;j
RS;sdiinc992j;p99p100;2007;0.085199997;992;j
RS;sdiinc992j;p99p100;2008;0.0836;992;j
RS;sdiinc992j;p99p100;2009;0.089400001;992;j
RS;sdiinc992j;p99p100;2010;0.090700001;992;j
RS;sdiinc992j;p99p100;2011;0.092600003;992;j
RS;sdiinc992j;p99p100;2012;0.1047;992;j
RS;sdiinc992j;p99p100;2013;0.096199997;992;j
RS;sdiinc992j;p99p100;2014;0.1142;992;j
RS;sdiinc992j;p99p100;2015;0.1409;992;j
RS;sdiinc992j;p99p100;2016;0.1426;992;j
RS;sdiinc992j;p99p100;2017;0.1429;992;j
RS;sptinc992j;p10p11;1990;0.0022;992;j
RS;sptinc992j;p10p11;1991;0.0022;992;j
RS;sptinc992j;p10p11;1992;0.0022;992;j
RS;sptinc992j;p10p11;1993;0.0022;992;j
RS;sptinc992j;p10p11;1994;0.0022;992;j
RS;sptinc992j;p10p11;1995;0.0022;992;j
RS;sptinc992j;p10p11;1996;0.0023000001;992;j
RS;sptinc992j;p10p11;1997;0.0023000001;992;j
RS;sptinc992j;p10p11;1998;0.0024999999;992;j
RS;sptinc992j;p10p11;1999;0.0024999999;992;j
RS;sptinc992j;p10p11;2000;0.0024999999;992;j
RS;sptinc992j;p10p11;2001;0.0024999999;992;j
RS;sptinc992j;p10p11;2002;0.0022;992;j
RS;sptinc992j;p10p11;2003;0.0020999999;992;j
RS;sptinc992j;p10p11;2004;0.0018;992;j
RS;sptinc992j;p10p11;2005;0.0016;992;j
RS;sptinc992j;p10p11;2006;0.0014;992;j
RS;sptinc992j;p10p11;2007;0.0013;992;j
RS;sptinc992j;p10p11;2008;0.001;992;j
RS;sptinc992j;p10p11;2009;0.0009;992;j
RS;sptinc992j;p10p11;2010;0.0008;992;j
RS;sptinc992j;p10p11;2011;0.0007;992;j
RS;sptinc992j;p10p11;2012;0.0006;992;j
RS;sptinc992j;p10p11;2013;0.0005;992;j
RS;sptinc992j;p10p11;2014;0.0005;992;j
RS;sptinc992j;p10p11;2015;0.0005;992;j
RS;sptinc992j;p10p11;2016;0.0005;992;j
RS;sptinc992j;p10p11;2017;0.0005;992;j
RS;sptinc992j;p33p34;1990;0.0057000001;992;j
RS;sptinc992j;p33p34;1991;0.0057000001;992;j
RS;sptinc992j;p33p34;1992;0.0057000001;992;j
RS;sptinc992j;p33p34;1993;0.0057000001;992;j
RS;sptinc992j;p33p34;1994;0.0057000001;992;j
RS;sptinc992j;p33p34;1995;0.0057000001;992;j
RS;sptinc992j;p33p34;1996;0.0057000001;992;j
RS;sptinc992j;p33p34;1997;0.0057000001;992;j
RS;sptinc992j;p33p34;1998;0.0055999998;992;j
RS;sptinc992j;p33p34;1999;0.0055999998;992;j
RS;sptinc992j;p33p34;2000;0.0055;992;j
RS;sptinc992j;p33p34;2001;0.0055;992;j
RS;sptinc992j;p33p34;2002;0.0054000001;992;j
RS;sptinc992j;p33p34;2003;0.0052999998;992;j
RS;sptinc992j;p33p34;2004;0.0052;992;j
RS;sptinc992j;p33p34;2005;0.0049999999;992;j
RS;sptinc992j;p33p34;2006;0.0049000001;992;j
RS;sptinc992j;p33p34;2007;0.0049999999;992;j
RS;sptinc992j;p33p34;2008;0.0048000002;992;j
RS;sptinc992j;p33p34;2009;0.0046999999;992;j
RS;sptinc992j;p33p34;2010;0.0044999998;992;j
RS;sptinc992j;p33p34;2011;0.0043000001;992;j
RS;sptinc992j;p33p34;2012;0.0043000001;992;j
RS;sptinc992j;p33p34;2013;0.0043000001;992;j
RS;sptinc992j;p33p34;2014;0.0041;992;j
RS;sptinc992j;p33p34;2015;0.0043000001;992;j
RS;sptinc992j;p33p34;2016;0.0043000001;992;j
RS;sptinc992j;p33p34;2017;0.0043000001;992;j
RS;sptinc992j;p4p100;1990;0.9964;992;j
RS;sptinc992j;p4p100;1991;0.9964;992;j
RS;sptinc992j;p4p100;1992;0.99650002;992;j
RS;sptinc992j;p4p100;1993;0.99650002;992;j
RS;sptinc992j;p4p100;1994;0.99659997;992;j
RS;sptinc992j;p4p100;1995;0.99659997;992;j
RS;sptinc992j;p4p100;1996;0.99669999;992;j
RS;sptinc992j;p4p100;1997;0.99680001;992;j
RS;sptinc992j;p4p100;1998;0.99650002;992;j
RS;sptinc992j;p4p100;1999;0.9964;992;j
RS;sptinc992j;p4p100;2000;0.99650002;992;j
RS;sptinc992j;p4p100;2001;0.9964;992;j
RS;sptinc992j;p4p100;2002;0.99720001;992;j
RS;sptinc992j;p4p100;2003;0.9971;992;j
RS;sptinc992j;p4p100;2004;0.99730003;992;j
RS;sptinc992j;p4p100;2005;0.99739999;992;j
RS;sptinc992j;p4p100;2006;0.99769998;992;j
RS;sptinc992j;p4p100;2007;0.99779999;992;j
RS;sptinc992j;p4p100;2008;0.9982;992;j
RS;sptinc992j;p4p100;2009;0.99839997;992;j
RS;sptinc992j;p4p100;2010;0.99849999;992;j
RS;sptinc992j;p4p100;2011;0.99870002;992;j
RS;sptinc992j;p4p100;2012;0.99870002;992;j
RS;sptinc992j;p4p100;2013;0.99900001;992;j
RS;sptinc992j;p4p100;2014;0.99900001;992;j
RS;sptinc992j;p4p100;2015;0.99900001;992;j
RS;sptinc992j;p4p100;2016;0.99900001;992;j
RS;sptinc992j;p4p100;2017;0.99900001;992;j
RS;sptinc992j;p89p100;1990;0.31810001;992;j
RS;sptinc992j;p89p100;1991;0.32030001;992;j
RS;sptinc992j;p89p100;1992;0.3224;992;j
RS;sptinc992j;p89p100;1993;0.32449999;992;j
RS;sptinc992j;p89p100;1994;0.3267;992;j
RS;sptinc992j;p89p100;1995;0.32890001;992;j
RS;sptinc992j;p89p100;1996;0.3303;992;j
RS;sptinc992j;p89p100;1997;0.3317;992;j
RS;sptinc992j;p89p100;1998;0.3339;992;j
RS;sptinc992j;p89p100;1999;0.33770001;992;j
RS;sptinc992j;p89p100;2000;0.3466;992;j
RS;sptinc992j;p89p100;2001;0.35069999;992;j
RS;sptinc992j;p89p100;2002;0.35589999;992;j
RS;sptinc992j;p89p100;2003;0.35929999;992;j
RS;sptinc992j;p89p100;2004;0.36829999;992;j
RS;sptinc992j;p89p100;2005;0.37509999;992;j
RS;sptinc992j;p89p100;2006;0.3793;992;j
RS;sptinc992j;p89p100;2007;0.37360001;992;j
RS;sptinc992j;p89p100;2008;0.37709999;992;j
RS;sptinc992j;p89p100;2009;0.3813;992;j
RS;sptinc992j;p89p100;2010;0.3917;992;j
RS;sptinc992j;p89p100;2011;0.40130001;992;j
RS;sptinc992j;p89p100;2012;0.39719999;992;j
RS;sptinc992j;p89p100;2013;0.3937;992;j
RS;sptinc992j;p89p100;2014;0.41080001;992;j
RS;sptinc992j;p89p100;2015;0.40439999;992;j
RS;sptinc992j;p89p100;2016;0.40450001;992;j
RS;sptinc992j;p89p100;2017;0.40490001;992;j
RS;sptinc992j;p91p100;1990;0.28240001;992;j
RS;sptinc992j;p91p100;1991;0.28459999;992;j
RS;sptinc992j;p91p100;1992;0.28670001;992;j
RS;sptinc992j;p91p100;1993;0.28889999;992;j
RS;sptinc992j;p91p100;1994;0.2911;992;j
RS;sptinc992j;p91p100;1995;0.29339999;992;j
RS;sptinc992j;p91p100;1996;0.2947;992;j
RS;sptinc992j;p91p100;1997;0.29609999;992;j
RS;sptinc992j;p91p100;1998;0.2983;992;j
RS;sptinc992j;p91p100;1999;0.30239999;992;j
RS;sptinc992j;p91p100;2000;0.31150001;992;j
RS;sptinc992j;p91p100;2001;0.3159;992;j
RS;sptinc992j;p91p100;2002;0.3206;992;j
RS;sptinc992j;p91p100;2003;0.3233;992;j
RS;sptinc992j;p91p100;2004;0.33180001;992;j
RS;sptinc992j;p91p100;2005;0.3378;992;j
RS;sptinc992j;p91p100;2006;0.34150001;992;j
RS;sptinc992j;p91p100;2007;0.3351;992;j
RS;sptinc992j;p91p100;2008;0.33840001;992;j
RS;sptinc992j;p91p100;2009;0.34209999;992;j
RS;sptinc992j;p91p100;2010;0.35210001;992;j
RS;sptinc992j;p91p100;2011;0.361;992;j
RS;sptinc992j;p91p100;2012;0.35699999;992;j
RS;sptinc992j;p91p100;2013;0.35350001;992;j
RS;sptinc992j;p91p100;2014;0.37130001;992;j
RS;sptinc992j;p91p100;2015;0.36469999;992;j
RS;sptinc992j;p91p100;2016;0.36489999;992;j
RS;sptinc992j;p91p100;2017;0.36520001;992;j
RS;sptinc992j;p93p100;1990;0.244;992;j
RS;sptinc992j;p93p100;1991;0.2462;992;j
RS;sptinc992j;p93p100;1992;0.2483;992;j
RS;sptinc992j;p93p100;1993;0.25040001;992;j
RS;sptinc992j;p93p100;1994;0.25260001;992;j
RS;sptinc992j;p93p100;1995;0.25490001;992;j
RS;sptinc992j;p93p100;1996;0.25619999;992;j
RS;sptinc992j;p93p100;1997;0.25749999;992;j
RS;sptinc992j;p93p100;1998;0.2597;992;j
RS;sptinc992j;p93p100;1999;0.26409999;992;j
RS;sptinc992j;p93p100;2000;0.27309999;992;j
RS;sptinc992j;p93p100;2001;0.27770001;992;j
RS;sptinc992j;p93p100;2002;0.28189999;992;j
RS;sptinc992j;p93p100;2003;0.28380001;992;j
RS;sptinc992j;p93p100;2004;0.2915;992;j
RS;sptinc992j;p93p100;2005;0.29660001;992;j
RS;sptinc992j;p93p100;2006;0.29980001;992;j
RS;sptinc992j;p93p100;2007;0.2929;992;j
RS;sptinc992j;p93p100;2008;0.29589999;992;j
RS;sptinc992j;p93p100;2009;0.29890001;992;j
RS;sptinc992j;p93p100;2010;0.3082;992;j
RS;sptinc992j;p93p100;2011;0.31639999;992;j
RS;sptinc992j;p93p100;2012;0.3123;992;j
RS;sptinc992j;p93p100;2013;0.30919999;992;j
RS;sptinc992j;p93p100;2014;0.32789999;992;j
RS;sptinc992j;p93p100;2015;0.32120001;992;j
RS;sptinc992j;p93p100;2016;0.3213;992;j
RS;sptinc992j;p93p100;2017;0.32170001;992;j
RS;tcainc992j;p34p100;1990;313941.69;992;j
RS;tcainc992j;p34p100;1991;273915.19;992;j
RS;tcainc992j;p34p100;1992;188466.8;992;j
RS;tcainc992j;p34p100;1993;122728.3;992;j
RS;tcainc992j;p34p100;1994;127150.5;992;j
RS;tcainc992j;p34p100;1995;134786.8;992;j
RS;tcainc992j;p34p100;1996;136773.09;992;j
RS;tcainc992j;p34p100;1997;145234.3;992;j
RS;tcainc992j;p34p100;1998;156023.5;992;j
RS;tcainc992j;p34p100;1999;177836.3;992;j
RS;tcainc992j;p34p100;2000;191407.8;992;j
RS;tcainc992j;p34p100;2001;185155.2;992;j
RS;tcainc992j;p34p100;2002;190675.0;992;j
RS;tcainc992j;p34p100;2003;199643.59;992;j
RS;tcainc992j;p34p100;2004;233484.09;992;j
RS;tcainc992j;p34p100;2005;260512.91;992;j
RS;tcainc992j;p34p100;2006;268332.59;992;j
RS;tcainc992j;p34p100;2007;264412.09;992;j
RS;tcainc992j;p34p100;2008;279364.09;992;j
RS;tcainc992j;p34p100;2009;269880.41;992;j
RS;tcainc992j;p34p100;2010;261302.8;992;j
RS;tcainc992j;p34p100;2011;255229.8;992;j
RS;tcainc992j;p34p100;2012;247675.8;992;j
RS;tcainc992j;p34p100;2013;245895.3;992;j
RS;tcainc992j;p34p100;2014;244226.09;992;j
RS;tcainc992j;p34p100;2015;238942.7;992;j
RS;tcainc992j;p34p100;2016;247988.5;992;j
RS;tcainc992j;p34p100;2017;248015.8;992;j
RS;tcainc992j;p46p100;1990;399959.69;992;j
RS;tcainc992j;p46p100;1991;349522.09;992;j
RS;tcainc992j;p46p100;1992;240790.59;992;j
RS;tcainc992j;p46p100;1993;156783.91;992;j
RS;tcainc992j;p46p100;1994;161960.09;992;j
RS;tcainc992j;p46p100;1995;171348.2;992;j
RS;tcainc992j;p46p100;1996;173620.8;992;j
RS;tcainc992j;p46p100;1997;184041.8;992;j
RS;tcainc992j;p46p100;1998;195023.3;992;j
RS;tcainc992j;p46p100;1999;221107.3;992;j
RS;tcainc992j;p46p100;2000;238117.5;992;j
RS;tcainc992j;p46p100;2001;231488.59;992;j
RS;tcainc992j;p46p100;2002;239593.2;992;j
RS;tcainc992j;p46p100;2003;250638.41;992;j
RS;tcainc992j;p46p100;2004;295117.69;992;j
RS;tcainc992j;p46p100;2005;332187.0;992;j
RS;tcainc992j;p46p100;2006;347301.81;992;j
RS;tcainc992j;p46p100;2007;347944.09;992;j
RS;tcainc992j;p46p100;2008;369103.91;992;j
RS;tcainc992j;p46p100;2009;360242.81;992;j
RS;tcainc992j;p46p100;2010;353174.5;992;j
RS;tcainc992j;p46p100;2011;351408.5;992;j
RS;tcainc992j;p46p100;2012;343507.91;992;j
RS;tcainc992j;p46p100;2013;353498.5;992;j
RS;tcainc992j;p46p100;2014;339094.19;992;j
RS;tcainc992j;p46p100;2015;337167.69;992;j
RS;tcainc992j;p46p100;2016;349842.09;992;j
RS;tcainc992j;p46p100;2017;350102.19;992;j
RS;tcainc992j;p60p70;1990;513927.41;992;j
RS;tcainc992j;p60p70;1991;445369.09;992;j
RS;tcainc992j;p60p70;1992;304586.09;992;j
RS;tcainc992j;p60p70;1993;197137.0;992;j
RS;tcainc992j;p60p70;1994;202763.09;992;j
RS;tcainc992j;p60p70;1995;213483.91;992;j
RS;tcainc992j;p60p70;1996;215103.5;992;j
RS;tcainc992j;p60p70;1997;226979.7;992;j
RS;tcainc992j;p60p70;1998;248000.59;992;j
RS;tcainc992j;p60p70;1999;280695.59;992;j
RS;tcainc992j;p60p70;2000;299674.81;992;j
RS;tcainc992j;p60p70;2001;289749.09;992;j
RS;tcainc992j;p60p70;2002;303290.31;992;j
RS;tcainc992j;p60p70;2003;319867.0;992;j
RS;tcainc992j;p60p70;2004;379980.81;992;j
RS;tcainc992j;p60p70;2005;428899.59;992;j
RS;tcainc992j;p60p70;2006;451662.19;992;j
RS;tcainc992j;p60p70;2007;455428.5;992;j
RS;tcainc992j;p60p70;2008;487481.59;992;j
RS;tcainc992j;p60p70;2009;476729.59;992;j
RS;tcainc992j;p60p70;2010;473290.41;992;j
RS;tcainc992j;p60p70;2011;474601.0;992;j
RS;tcainc992j;p60p70;2012;469006.19;992;j
RS;tcainc992j;p60p70;2013;486464.59;992;j
RS;tcainc992j;p60p70;2014;467237.59;992;j
RS;tcainc992j;p60p70;2015;454272.81;992;j
RS;tcainc992j;p60p70;2016;471187.41;992;j
RS;tcainc992j;p60p70;2017;471410.41;992;j
RS;tcainc992j;p85p100;1990;808208.5;992;j
RS;tcainc992j;p85p100;1991;699086.31;992;j
RS;tcainc992j;p85p100;1992;477075.41;992;j
RS;tcainc992j;p85p100;1993;307719.19;992;j
RS;tcainc992j;p85p100;1994;315476.0;992;j
RS;tcainc992j;p85p100;1995;331187.41;992;j
RS;tcainc992j;p85p100;1996;332502.0;992;j
RS;tcainc992j;p85p100;1997;349439.5;992;j
RS;tcainc992j;p85p100;1998;378029.31;992;j
RS;tcainc992j;p85p100;1999;427738.5;992;j
RS;tcainc992j;p85p100;2000;458108.41;992;j
RS;tcainc992j;p85p100;2001;442510.41;992;j
RS;tcainc992j;p85p100;2002;468415.19;992;j
RS;tcainc992j;p85p100;2003;500709.69;992;j
RS;tcainc992j;p85p100;2004;607342.38;992;j
RS;tcainc992j;p85p100;2005;696289.38;992;j
RS;tcainc992j;p85p100;2006;745127.81;992;j
RS;tcainc992j;p85p100;2007;755571.88;992;j
RS;tcainc992j;p85p100;2008;817319.69;992;j
RS;tcainc992j;p85p100;2009;816793.13;992;j
RS;tcainc992j;p85p100;2010;825089.81;992;j
RS;tcainc992j;p85p100;2011;845102.19;992;j
RS;tcainc992j;p85p100;2012;842204.88;992;j
RS;tcainc992j;p85p100;2013;881155.0;992;j
RS;tcainc992j;p85p100;2014;808203.0;992;j
RS;tcainc992j;p85p100;2015;795153.88;992;j
RS;tcainc992j;p85p100;2016;824520.31;992;j
RS;tcainc992j;p85p100;2017;825074.31;992;j
RS;tcainc992j;p99.998p99.999;1990;49065592.0;992;j
RS;tcainc992j;p99.998p99.999;1991;40029836.0;992;j
RS;tcainc992j;p99.998p99.999;1992;25261042.0;992;j
RS;tcainc992j;p99.998p99.999;1993;15537287.0;992;j
RS;tcainc992j;p99.998p99.999;1994;15420534.0;992;j
RS;tcainc992j;p99.998p99.999;1995;15767795.0;992;j
RS;tcainc992j;p99.998p99.999;1996;15199408.0;992;j
RS;tcainc992j;p99.998p99.999;1997;15282699.0;992;j
RS;tcainc992j;p99.998p99.999;1998;17867150.0;992;j
RS;tcainc992j;p99.998p99.999;1999;24851058.0;992;j
RS;tcainc992j;p99.998p99.999;2000;28753002.0;992;j
RS;tcainc992j;p99.998p99.999;2001;32414428.0;992;j
RS;tcainc992j;p99.998p99.999;2002;32008670.0;992;j
RS;tcainc992j;p99.998p99.999;2003;33526464.0;992;j
RS;tcainc992j;p99.998p99.999;2004;40759032.0;992;j
RS;tcainc992j;p99.998p99.999;2005;50212028.0;992;j
RS;tcainc992j;p99.998p99.999;2006;48933436.0;992;j
RS;tcainc992j;p99.998p99.999;2007;42383104.0;992;j
RS;tcainc992j;p99.998p99.999;2008;39981208.0;992;j
RS;tcainc992j;p99.998p99.999;2009;48766512.0;992;j
RS;tcainc992j;p99.998p99.999;2010;46697012.0;992;j
RS;tcainc992j;p99.998p99.999;2011;46149648.0;992;j
RS;tcainc992j;p99.998p99.999;2012;71320480.0;992;j
RS;tcainc992j;p99.998p99.999;2013;55168588.0;992;j
RS;tcainc992j;p99.998p99.999;2014;101760448.0;992;j
RS;tcainc992j;p99.998p99.999;2015;161192240.0;992;j
RS;tcainc992j;p99.998p99.999;2016;167297184.0;992;j
RS;tcainc992j;p99.998p99.999;2017;167724640.0;992;j
RS;tcainc992j;p99.9p100;1990;6269860.0;992;j
RS;tcainc992j;p99.9p100;1991;5339016.0;992;j
RS;tcainc992j;p99.9p100;1992;3581446.0;992;j
RS;tcainc992j;p99.9p100;1993;2301081.5;992;j
RS;tcainc992j;p99.9p100;1994;2350771.5;992;j
RS;tcainc992j;p99.9p100;1995;2465167.8;992;j
RS;tcainc992j;p99.9p100;1996;2442916.0;992;j
RS;tcainc992j;p99.9p100;1997;2531805.8;992;j
RS;tcainc992j;p99.9p100;1998;2865596.8;992;j
RS;tcainc992j;p99.9p100;1999;3543096.0;992;j
RS;tcainc992j;p99.9p100;2000;4101593.8;992;j
RS;tcainc992j;p99.9p100;2001;4238390.5;992;j
RS;tcainc992j;p99.9p100;2002;4488338.0;992;j
RS;tcainc992j;p99.9p100;2003;4678537.5;992;j
RS;tcainc992j;p99.9p100;2004;5664605.5;992;j
RS;tcainc992j;p99.9p100;2005;6708159.5;992;j
RS;tcainc992j;p99.9p100;2006;7135827.0;992;j
RS;tcainc992j;p99.9p100;2007;6797172.0;992;j
RS;tcainc992j;p99.9p100;2008;7111973.5;992;j
RS;tcainc992j;p99.9p100;2009;7579976.5;992;j
RS;tcainc992j;p99.9p100;2010;7724203.0;992;j
RS;tcainc992j;p99.9p100;2011;7929979.0;992;j
RS;tcainc992j;p99.9p100;2012;9118519.0;992;j
RS;tcainc992j;p99.9p100;2013;8507990.0;992;j
RS;tcainc992j;p99.9p100;2014;9904365.0;992;j
RS;tcainc992j;p99.9p100;2015;11979144.0;992;j
RS;tcainc992j;p99.9p100;2016;12425901.0;992;j
RS;tcainc992j;p99.9p100;2017;12443806.0;992;j
RS;tdiinc992j;p99.9p100;1990;8327695.0;992;j
RS;tdiinc992j;p99.9p100;1991;7094290.5;992;j
RS;tdiinc992j;p99.9p100;1992;4760686.5;992;j
RS;tdiinc992j;p99.9p100;1993;3059686.0;992;j
RS;tdiinc992j;p99.9p100;1994;3126689.8;992;j
RS;tdiinc992j;p99.9p100;1995;3279825.0;992;j
RS;tdiinc992j;p99.9p100;1996;3251082.3;992;j
RS;tdiinc992j;p99.9p100;1997;3380800.5;992;j
RS;tdiinc992j;p99.9p100;1998;3710826.0;992;j
RS;tdiinc992j;p99.9p100;1999;4443702.5;992;j
RS;tdiinc992j;p99.9p100;2000;5170068.0;992;j
RS;tdiinc992j;p99.9p100;2001;5460508.0;992;j
RS;tdiinc992j;p99.9p100;2002;5898958.5;992;j
RS;tdiinc992j;p99.9p100;2003;6127451.0;992;j
RS;tdiinc992j;p99.9p100;2004;6990425.0;992;j
RS;tdiinc992j;p99.9p100;2005;8113236.0;992;j
RS;tdiinc992j;p99.9p100;2006;8630678.0;992;j
RS;tdiinc992j;p99.9p100;2007;8440127.0;992;j
RS;tdiinc992j;p99.9p100;2008;8766686.0;992;j
RS;tdiinc992j;p99.9p100;2009;9292965.0;992;j
RS;tdiinc992j;p99.9p100;2010;9436760.0;992;j
RS;tdiinc992j;p99.9p100;2011;9655983.0;992;j
RS;tdiinc992j;p99.9p100;2012;11067804.0;992;j
RS;tdiinc992j;p99.9p100;2013;10332225.0;992;j
RS;tdiinc992j;p99.9p100;2014;12015162.0;992;j
RS;tdiinc992j;p99.9p100;2015;14495537.0;992;j
RS;tdiinc992j;p99.9p100;2016;15128170.0;992;j
RS;tdiinc992j;p99.9p100;2017;15245875.0;992;j
RS;tptinc992j;p21p100;1990;248565.8;992;j
RS;tptinc992j;p21p100;1991;214667.59;992;j
RS;tptinc992j;p21p100;1992;147377.0;992;j
RS;tptinc992j;p21p100;1993;95279.0;992;j
RS;tptinc992j;p21p100;1994;97756.0;992;j
RS;tptinc992j;p21p100;1995;102721.5;992;j
RS;tptinc992j;p21p100;1996;103176.9;992;j
RS;tptinc992j;p21p100;1997;108916.4;992;j
RS;tptinc992j;p21p100;1998;121578.7;992;j
RS;tptinc992j;p21p100;1999;131913.3;992;j
RS;tptinc992j;p21p100;2000;141923.0;992;j
RS;tptinc992j;p21p100;2001;141008.5;992;j
RS;tptinc992j;p21p100;2002;139334.8;992;j
RS;tptinc992j;p21p100;2003;145727.91;992;j
RS;tptinc992j;p21p100;2004;153536.5;992;j
RS;tptinc992j;p21p100;2005;161981.09;992;j
RS;tptinc992j;p21p100;2006;159008.09;992;j
RS;tptinc992j;p21p100;2007;155613.8;992;j
RS;tptinc992j;p21p100;2008;151979.5;992;j
RS;tptinc992j;p21p100;2009;141218.8;992;j
RS;tptinc992j;p21p100;2010;127205.4;992;j
RS;tptinc992j;p21p100;2011;107283.1;992;j
RS;tptinc992j;p21p100;2012;99443.398;992;j
RS;tptinc992j;p21p100;2013;96896.102;992;j
RS;tptinc992j;p21p100;2014;96056.602;992;j
RS;tptinc992j;p21p100;2015;98264.0;992;j
RS;tptinc992j;p21p100;2016;101553.7;992;j
RS;tptinc992j;p21p100;2017;101111.0;992;j
RS;tptinc992j;p2p3;1990;68086.5;992;j
RS;tptinc992j;p2p3;1991;58974.602;992;j
RS;tptinc992j;p2p3;1992;39963.699;992;j
RS;tptinc992j;p2p3;1993;25695.5;992;j
RS;tptinc992j;p2p3;1994;26498.5;992;j
RS;tptinc992j;p2p3;1995;27563.0;992;j
RS;tptinc992j;p2p3;1996;27162.5;992;j
RS;tptinc992j;p2p3;1997;28014.801;992;j
RS;tptinc992j;p2p3;1998;31321.199;992;j
RS;tptinc992j;p2p3;1999;35372.301;992;j
RS;tptinc992j;p2p3;2000;38095.699;992;j
RS;tptinc992j;p2p3;2001;38637.199;992;j
RS;tptinc992j;p2p3;2002;32355.199;992;j
RS;tptinc992j;p2p3;2003;35346.5;992;j
RS;tptinc992j;p2p3;2004;36640.5;992;j
RS;tptinc992j;p2p3;2005;38622.398;992;j
RS;tptinc992j;p2p3;2006;37552.801;992;j
RS;tptinc992j;p2p3;2007;35315.898;992;j
RS;tptinc992j;p2p3;2008;32150.301;992;j
RS;tptinc992j;p2p3;2009;27607.9;992;j
RS;tptinc992j;p2p3;2010;26767.9;992;j
RS;tptinc992j;p2p3;2011;22999.801;992;j
RS;tptinc992j;p2p3;2012;22074.801;992;j
RS;tptinc992j;p2p3;2013;17583.801;992;j
RS;tptinc992j;p2p3;2014;17856.9;992;j
RS;tptinc992j;p2p3;2015;17915.1;992;j
RS;tptinc992j;p2p3;2016;18514.9;992;j
RS;tptinc992j;p2p3;2017;18434.199;992;j
RS;tptinc992j;p42p43;1990;515526.91;992;j
RS;tptinc992j;p42p43;1991;443557.19;992;j
RS;tptinc992j;p42p43;1992;301485.5;992;j
RS;tptinc992j;p42p43;1993;194127.91;992;j
RS;tptinc992j;p42p43;1994;198199.5;992;j
RS;tptinc992j;p42p43;1995;207433.0;992;j
RS;tptinc992j;p42p43;1996;207764.7;992;j
RS;tptinc992j;p42p43;1997;218929.09;992;j
RS;tptinc992j;p42p43;1998;225805.59;992;j
RS;tptinc992j;p42p43;1999;246899.3;992;j
RS;tptinc992j;p42p43;2000;268424.19;992;j
RS;tptinc992j;p42p43;2001;267252.59;992;j
RS;tptinc992j;p42p43;2002;285229.91;992;j
RS;tptinc992j;p42p43;2003;297303.41;992;j
RS;tptinc992j;p42p43;2004;330652.5;992;j
RS;tptinc992j;p42p43;2005;360229.09;992;j
RS;tptinc992j;p42p43;2006;376480.81;992;j
RS;tptinc992j;p42p43;2007;391223.81;992;j
RS;tptinc992j;p42p43;2008;413355.41;992;j
RS;tptinc992j;p42p43;2009;402632.0;992;j
RS;tptinc992j;p42p43;2010;394661.69;992;j
RS;tptinc992j;p42p43;2011;387362.59;992;j
RS;tptinc992j;p42p43;2012;382760.19;992;j
RS;tptinc992j;p42p43;2013;399787.91;992;j
RS;tptinc992j;p42p43;2014;378476.69;992;j
RS;tptinc992j;p42p43;2015;391723.59;992;j
RS;tptinc992j;p42p43;2016;403649.31;992;j
RS;tptinc992j;p42p43;2017;405547.19;992;j
RS;tptinc992j;p50p100;1990;598921.0;992;j
RS;tptinc992j;p50p100;1991;517593.91;992;j
RS;tptinc992j;p50p100;1992;352926.19;992;j
RS;tptinc992j;p50p100;1993;227801.41;992;j
RS;tptinc992j;p50p100;1994;233657.0;992;j
RS;tptinc992j;p50p100;1995;245398.3;992;j
RS;tptinc992j;p50p100;1996;246721.8;992;j
RS;tptinc992j;p50p100;1997;260681.5;992;j
RS;tptinc992j;p50p100;1998;268978.91;992;j
RS;tptinc992j;p50p100;1999;293452.91;992;j
RS;tptinc992j;p50p100;2000;317930.41;992;j
RS;tptinc992j;p50p100;2001;315508.0;992;j
RS;tptinc992j;p50p100;2002;339783.81;992;j
RS;tptinc992j;p50p100;2003;353380.0;992;j
RS;tptinc992j;p50p100;2004;392324.91;992;j
RS;tptinc992j;p50p100;2005;429941.31;992;j
RS;tptinc992j;p50p100;2006;452700.09;992;j
RS;tptinc992j;p50p100;2007;471300.5;992;j
RS;tptinc992j;p50p100;2008;500551.41;992;j
RS;tptinc992j;p50p100;2009;490387.69;992;j
RS;tptinc992j;p50p100;2010;477746.5;992;j
RS;tptinc992j;p50p100;2011;472858.31;992;j
RS;tptinc992j;p50p100;2012;476121.0;992;j
RS;tptinc992j;p50p100;2013;494060.91;992;j
RS;tptinc992j;p50p100;2014;464700.41;992;j
RS;tptinc992j;p50p100;2015;483118.41;992;j
RS;tptinc992j;p50p100;2016;497984.41;992;j
RS;tptinc992j;p50p100;2017;500555.91;992;j
RS;tptinc992j;p50p60;1990;598921.0;992;j
RS;tptinc992j;p50p60;1991;517593.91;992;j
RS;tptinc992j;p50p60;1992;352926.19;992;j
RS;tptinc992j;p50p60;1993;227801.41;992;j
RS;tptinc992j;p50p60;1994;233657.0;992;j
RS;tptinc992j;p50p60;1995;245398.3;992;j
RS;tptinc992j;p50p60;1996;246721.8;992;j
RS;tptinc992j;p50p60;1997;260681.5;992;j
RS;tptinc992j;p50p60;1998;268978.91;992;j
RS;tptinc992j;p50p60;1999;293452.91;992;j
RS;tptinc992j;p50p60;2000;317930.41;992;j
RS;tptinc992j;p50p60;2001;315508.0;992;j
RS;tptinc992j;p50p60;2002;339783.81;992;j
RS;tptinc992j;p50p60;2003;353380.0;992;j
RS;tptinc992j;p50p60;2004;392324.91;992;j
RS;tptinc992j;p50p60;2005;429941.31;992;j
RS;tptinc992j;p50p60;2006;452700.09;992;j
RS;tptinc992j;p50p60;2007;471300.5;992;j
RS;tptinc992j;p50p60;2008;500551.41;992;j
RS;tptinc992j;p50p60;2009;490387.69;992;j
RS;tptinc992j;p50p60;2010;477746.5;992;j
RS;tptinc992j;p50p60;2011;472858.31;992;j
RS;tptinc992j;p50p60;2012;476121.0;992;j
RS;tptinc992j;p50p60;2013;494060.91;992;j
RS;tptinc992j;p50p60;2014;464700.41;992;j
RS;tptinc992j;p50p60;2015;483118.41;992;j
RS;tptinc992j;p50p60;2016;497984.41;992;j
RS;tptinc992j;p50p60;2017;500555.91;992;j
RS;wcapsh999i;p0p100;1997;-0.029578645;999;i
RS;wcapsh999i;p0p100;1998;0.12076999;999;i
RS;wcapsh999i;p0p100;1999;0.17034179;999;i
RS;wcapsh999i;p0p100;2000;0.22174911;999;i
RS;wcapsh999i;p0p100;2001;0.12110537;999;i
RS;wcapsh999i;p0p100;2002;0.071269587;999;i
RS;wcapsh999i;p0p100;2003;0.044760812;999;i
RS;wcapsh999i;p0p100;2004;0.14816813;999;i
RS;wcapsh999i;p0p100;2005;0.18763977;999;i
RS;wcapsh999i;p0p100;2006;0.19018587;999;i
RS;wcapsh999i;p0p100;2007;0.15624218;999;i
RS;wcapsh999i;p0p100;2008;0.16801003;999;i
RS;wcapsh999i;p0p100;2009;0.1813623;999;i
RS;wcapsh999i;p0p100;2010;0.19820032;999;i
RS;wcapsh999i;p0p100;2011;0.21796155;999;i
RS;acainc992j;p0p90;1990;411003.5;992;j
RS;acainc992j;p0p90;1991;357473.81;992;j
RS;acainc992j;p0p90;1992;245077.3;992;j
RS;acainc992j;p0p90;1993;158961.91;992;j
RS;acainc992j;p0p90;1994;163782.7;992;j
RS;acainc992j;p0p90;1995;172911.0;992;j
RS;acainc992j;p0p90;1996;174625.59;992;j
RS;acainc992j;p0p90;1997;184580.41;992;j
RS;acainc992j;p0p90;1998;201648.8;992;j
RS;acainc992j;p0p90;1999;228497.0;992;j
RS;acainc992j;p0p90;2000;245052.8;992;j
RS;acainc992j;p0p90;2001;237087.09;992;j
RS;acainc992j;p0p90;2002;245165.41;992;j
RS;acainc992j;p0p90;2003;258030.0;992;j
RS;acainc992j;p0p90;2004;305567.5;992;j
RS;acainc992j;p0p90;2005;344438.19;992;j
RS;acainc992j;p0p90;2006;359484.69;992;j
RS;acainc992j;p0p90;2007;359787.09;992;j
RS;acainc992j;p0p90;2008;384152.81;992;j
RS;acainc992j;p0p90;2009;376495.41;992;j
RS;acainc992j;p0p90;2010;372437.41;992;j
RS;acainc992j;p0p90;2011;371452.91;992;j
RS;acainc992j;p0p90;2012;367245.0;992;j
RS;acainc992j;p0p90;2013;379281.19;992;j
RS;acainc992j;p0p90;2014;370346.91;992;j
RS;acainc992j;p0p90;2015;357440.81;992;j
RS;acainc992j;p0p90;2016;370710.5;992;j
RS;acainc992j;p0p90;2017;370917.19;992;j
RS;acainc992j;p51p52;1990;445918.09;992;j
RS;acainc992j;p51p52;1991;387939.81;992;j
RS;acainc992j;p51p52;1992;266019.09;992;j
RS;acainc992j;p51p52;1993;172496.41;992;j
RS;acainc992j;p51p52;1994;177641.7;992;j
RS;acainc992j;p51p52;1995;187444.5;992;j
RS;acainc992j;p51p52;1996;189254.91;992;j
RS;acainc992j;p51p52;1997;200018.41;992;j
RS;acainc992j;p51p52;1998;215404.41;992;j
RS;acainc992j;p51p52;1999;244114.2;992;j
RS;acainc992j;p51p52;2000;263155.69;992;j
RS;acainc992j;p51p52;2001;254559.2;992;j
RS;acainc992j;p51p52;2002;265833.41;992;j
RS;acainc992j;p51p52;2003;277775.19;992;j
RS;acainc992j;p51p52;2004;331198.59;992;j
RS;acainc992j;p51p52;2005;370157.91;992;j
RS;acainc992j;p51p52;2006;387215.81;992;j
RS;acainc992j;p51p52;2007;387726.59;992;j
RS;acainc992j;p51p52;2008;413290.5;992;j
RS;acainc992j;p51p52;2009;404445.09;992;j
RS;acainc992j;p51p52;2010;398770.59;992;j
RS;acainc992j;p51p52;2011;397123.19;992;j
RS;acainc992j;p51p52;2012;392095.91;992;j
RS;acainc992j;p51p52;2013;400883.0;992;j
RS;acainc992j;p51p52;2014;387940.81;992;j
RS;acainc992j;p51p52;2015;385394.09;992;j
RS;acainc992j;p51p52;2016;399661.41;992;j
RS;acainc992j;p51p52;2017;399892.69;992;j
RS;acainc992j;p73p100;1990;1031707.1;992;j
RS;acainc992j;p73p100;1991;891750.5;992;j
RS;acainc992j;p73p100;1992;608357.31;992;j
RS;acainc992j;p73p100;1993;393314.31;992;j
RS;acainc992j;p73p100;1994;403776.81;992;j
RS;acainc992j;p73p100;1995;424835.5;992;j
RS;acainc992j;p73p100;1996;426282.19;992;j
RS;acainc992j;p73p100;1997;447693.91;992;j
RS;acainc992j;p73p100;1998;491687.5;992;j
RS;acainc992j;p73p100;1999;564608.69;992;j
RS;acainc992j;p73p100;2000;619137.88;992;j
RS;acainc992j;p73p100;2001;606904.19;992;j
RS;acainc992j;p73p100;2002;645883.31;992;j
RS;acainc992j;p73p100;2003;684712.38;992;j
RS;acainc992j;p73p100;2004;833504.69;992;j
RS;acainc992j;p73p100;2005;962355.31;992;j
RS;acainc992j;p73p100;2006;1030596.3;992;j
RS;acainc992j;p73p100;2007;1032613.9;992;j
RS;acainc992j;p73p100;2008;1113775.5;992;j
RS;acainc992j;p73p100;2009;1114263.3;992;j
RS;acainc992j;p73p100;2010;1142157.3;992;j
RS;acainc992j;p73p100;2011;1173902.4;992;j
RS;acainc992j;p73p100;2012;1181466.0;992;j
RS;acainc992j;p73p100;2013;1210119.6;992;j
RS;acainc992j;p73p100;2014;1163444.0;992;j
RS;acainc992j;p73p100;2015;1217766.3;992;j
RS;acainc992j;p73p100;2016;1262874.8;992;j
RS;acainc992j;p73p100;2017;1264311.3;992;j
RS;acainc992j;p77p78;1990;707606.0;992;j
RS;acainc992j;p77p78;1991;612815.19;992;j
RS;acainc992j;p77p78;1992;418894.19;992;j
RS;acainc992j;p77p78;1993;270788.19;992;j
RS;acainc992j;p77p78;1994;278186.31;992;j
RS;acainc992j;p77p78;1995;292727.5;992;j
RS;acainc992j;p77p78;1996;294671.5;992;j
RS;acainc992j;p77p78;1997;310399.59;992;j
RS;acainc992j;p77p78;1998;335120.59;992;j
RS;acainc992j;p77p78;1999;378594.0;992;j
RS;acainc992j;p77p78;2000;407306.59;992;j
RS;acainc992j;p77p78;2001;393126.81;992;j
RS;acainc992j;p77p78;2002;416270.81;992;j
RS;acainc992j;p77p78;2003;440231.0;992;j
RS;acainc992j;p77p78;2004;531072.81;992;j
RS;acainc992j;p77p78;2005;604164.38;992;j
RS;acainc992j;p77p78;2006;638051.69;992;j
RS;acainc992j;p77p78;2007;645447.69;992;j
RS;acainc992j;p77p78;2008;695777.19;992;j
RS;acainc992j;p77p78;2009;685880.38;992;j
RS;acainc992j;p77p78;2010;689482.69;992;j
RS;acainc992j;p77p78;2011;697636.69;992;j
RS;acainc992j;p77p78;2012;694709.38;992;j
RS;acainc992j;p77p78;2013;730487.81;992;j
RS;acainc992j;p77p78;2014;674239.0;992;j
RS;acainc992j;p77p78;2015;664029.31;992;j
RS;acainc992j;p77p78;2016;688523.0;992;j
RS;acainc992j;p77p78;2017;689078.19;992;j
RS;acfcho992i;p0p100;1997;25096.0;992;i
RS;acfcho992i;p0p100;1998;27695.199;992;i
RS;acfcho992i;p0p100;1999;33905.398;992;i
RS;acfcho992i;p0p100;2000;36189.699;992;i
RS;acfcho992i;p0p100;2001;36034.398;992;i
RS;acfcho992i;p0p100;2002;36442.602;992;i
RS;acfcho992i;p0p100;2003;34974.301;992;i
RS;acfcho992i;p0p100;2004;37390.602;992;i
RS;acfcho992i;p0p100;2005;39254.102;992;i
RS;acfcho992i;p0p100;2006;39476.898;992;i
RS;acfcho992i;p0p100;2007;37680.398;992;i
RS;acfcho992i;p0p100;2008;39173.5;992;i
RS;acfcho992i;p0p100;2009;42107.398;992;i
RS;acfcho992i;p0p100;2010;43126.102;992;i
RS;acfcho992i;p0p100;2011;41703.102;992;i
RS;adiinc992j;p34p35;1990;471684.59;992;j
RS;adiinc992j;p34p35;1991;411304.81;992;j
RS;adiinc992j;p34p35;1992;282903.59;992;j
RS;adiinc992j;p34p35;1993;184155.3;992;j
RS;adiinc992j;p34p35;1994;190336.41;992;j
RS;adiinc992j;p34p35;1995;201678.0;992;j
RS;adiinc992j;p34p35;1996;204439.3;992;j
RS;adiinc992j;p34p35;1997;218125.0;992;j
RS;adiinc992j;p34p35;1998;223067.8;992;j
RS;adiinc992j;p34p35;1999;242073.7;992;j
RS;adiinc992j;p34p35;2000;265669.5;992;j
RS;adiinc992j;p34p35;2001;263238.91;992;j
RS;adiinc992j;p34p35;2002;281797.31;992;j
RS;adiinc992j;p34p35;2003;294852.31;992;j
RS;adiinc992j;p34p35;2004;325402.69;992;j
RS;adiinc992j;p34p35;2005;356082.41;992;j
RS;adiinc992j;p34p35;2006;369045.19;992;j
RS;adiinc992j;p34p35;2007;377243.59;992;j
RS;adiinc992j;p34p35;2008;397023.59;992;j
RS;adiinc992j;p34p35;2009;382579.59;992;j
RS;adiinc992j;p34p35;2010;372913.91;992;j
RS;adiinc992j;p34p35;2011;363333.5;992;j
RS;adiinc992j;p34p35;2012;355274.59;992;j
RS;adiinc992j;p34p35;2013;353796.91;992;j
RS;adiinc992j;p34p35;2014;351070.0;992;j
RS;adiinc992j;p34p35;2015;346337.19;992;j
RS;adiinc992j;p34p35;2016;352643.41;992;j
RS;adiinc992j;p34p35;2017;354154.91;992;j
RS;aflcir999i;p0p100;2002;2424.3;999;i
RS;aflcir999i;p0p100;2003;2026.1;999;i
RS;aflcir999i;p0p100;2004;2103.3999;999;i
RS;aflcir999i;p0p100;2005;3910.7;999;i
RS;aflcir999i;p0p100;2006;6034.3999;999;i
RS;aflcir999i;p0p100;2007;11202.9;999;i
RS;aflcir999i;p0p100;2008;11731.5;999;i
RS;aflcir999i;p0p100;2009;10811.4;999;i
RS;aflcir999i;p0p100;2010;10208.5;999;i
RS;aflcir999i;p0p100;2011;10252.1;999;i
RS;aflcir999i;p0p100;2012;14082.3;999;i
RS;aflcir999i;p0p100;2013;12595.8;999;i
RS;aflcir999i;p0p100;2014;13493.1;999;i
RS;aflcir999i;p0p100;2015;14681.4;999;i
RS;aflcir999i;p0p100;2016;12755.2;999;i
RS;aflcir999i;p0p100;2017;11147.1;999;i
RS;aflcir999i;p0p100;2018;10418.4;999;i
RS;aptinc992j;p20p100;1990;882465.69;992;j
RS;aptinc992j;p20p100;1991;765963.88;992;j
RS;aptinc992j;p20p100;1992;524353.0;992;j
RS;aptinc992j;p20p100;1993;339912.19;992;j
RS;aptinc992j;p20p100;1994;349947.19;992;j
RS;aptinc992j;p20p100;1995;369205.19;992;j
RS;aptinc992j;p20p100;1996;372033.41;992;j
RS;aptinc992j;p20p100;1997;394258.5;992;j
RS;aptinc992j;p20p100;1998;413254.91;992;j
RS;aptinc992j;p20p100;1999;452327.81;992;j
RS;aptinc992j;p20p100;2000;497813.81;992;j
RS;aptinc992j;p20p100;2001;496817.59;992;j
RS;aptinc992j;p20p100;2002;537543.19;992;j
RS;aptinc992j;p20p100;2003;565659.31;992;j
RS;aptinc992j;p20p100;2004;638745.88;992;j
RS;aptinc992j;p20p100;2005;714374.69;992;j
RS;aptinc992j;p20p100;2006;756908.63;992;j
RS;aptinc992j;p20p100;2007;783279.38;992;j
RS;aptinc992j;p20p100;2008;836827.38;992;j
RS;aptinc992j;p20p100;2009;823944.31;992;j
RS;aptinc992j;p20p100;2010;827651.81;992;j
RS;aptinc992j;p20p100;2011;832670.63;992;j
RS;aptinc992j;p20p100;2012;832318.13;992;j
RS;aptinc992j;p20p100;2013;853689.38;992;j
RS;aptinc992j;p20p100;2014;837084.31;992;j
RS;aptinc992j;p20p100;2015;842683.13;992;j
RS;aptinc992j;p20p100;2016;868745.0;992;j
RS;aptinc992j;p20p100;2017;873961.31;992;j
RS;aptinc992j;p22p23;1990;272980.41;992;j
RS;aptinc992j;p22p23;1991;236377.8;992;j
RS;aptinc992j;p22p23;1992;161802.5;992;j
RS;aptinc992j;p22p23;1993;104722.2;992;j
RS;aptinc992j;p22p23;1994;107685.5;992;j
RS;aptinc992j;p22p23;1995;113442.6;992;j
RS;aptinc992j;p22p23;1996;114250.4;992;j
RS;aptinc992j;p22p23;1997;121006.5;992;j
RS;aptinc992j;p22p23;1998;132139.09;992;j
RS;aptinc992j;p22p23;1999;142815.8;992;j
RS;aptinc992j;p22p23;2000;153542.59;992;j
RS;aptinc992j;p22p23;2001;152269.7;992;j
RS;aptinc992j;p22p23;2002;153608.3;992;j
RS;aptinc992j;p22p23;2003;158204.8;992;j
RS;aptinc992j;p22p23;2004;167901.5;992;j
RS;aptinc992j;p22p23;2005;179196.91;992;j
RS;aptinc992j;p22p23;2006;178005.59;992;j
RS;aptinc992j;p22p23;2007;178864.91;992;j
RS;aptinc992j;p22p23;2008;176980.0;992;j
RS;aptinc992j;p22p23;2009;165149.5;992;j
RS;aptinc992j;p22p23;2010;155868.7;992;j
RS;aptinc992j;p22p23;2011;134607.8;992;j
RS;aptinc992j;p22p23;2012;118861.8;992;j
RS;aptinc992j;p22p23;2013;126046.9;992;j
RS;aptinc992j;p22p23;2014;111755.1;992;j
RS;aptinc992j;p22p23;2015;121469.3;992;j
RS;aptinc992j;p22p23;2016;125343.5;992;j
RS;aptinc992j;p22p23;2017;125789.5;992;j
RS;aptinc992j;p2p3;1990;71520.297;992;j
RS;aptinc992j;p2p3;1991;62477.699;992;j
RS;aptinc992j;p2p3;1992;42932.898;992;j
RS;aptinc992j;p2p3;1993;27855.301;992;j
RS;aptinc992j;p2p3;1994;28648.199;992;j
RS;aptinc992j;p2p3;1995;30125.801;992;j
RS;aptinc992j;p2p3;1996;30232.4;992;j
RS;aptinc992j;p2p3;1997;31656.0;992;j
RS;aptinc992j;p2p3;1998;35753.5;992;j
RS;aptinc992j;p2p3;1999;40467.801;992;j
RS;aptinc992j;p2p3;2000;43588.398;992;j
RS;aptinc992j;p2p3;2001;44200.0;992;j
RS;aptinc992j;p2p3;2002;36265.801;992;j
RS;aptinc992j;p2p3;2003;38173.102;992;j
RS;aptinc992j;p2p3;2004;38851.699;992;j
RS;aptinc992j;p2p3;2005;41668.5;992;j
RS;aptinc992j;p2p3;2006;39714.199;992;j
RS;aptinc992j;p2p3;2007;37745.801;992;j
RS;aptinc992j;p2p3;2008;33551.398;992;j
RS;aptinc992j;p2p3;2009;29197.699;992;j
RS;aptinc992j;p2p3;2010;28367.1;992;j
RS;aptinc992j;p2p3;2011;24255.199;992;j
RS;aptinc992j;p2p3;2012;23257.699;992;j
RS;aptinc992j;p2p3;2013;19188.5;992;j
RS;aptinc992j;p2p3;2014;19442.0;992;j
RS;aptinc992j;p2p3;2015;19615.4;992;j
RS;aptinc992j;p2p3;2016;20281.5;992;j
RS;aptinc992j;p2p3;2017;20199.0;992;j
RS;aptinc992j;p58p59;1990;688339.88;992;j
RS;aptinc992j;p58p59;1991;595550.5;992;j
RS;aptinc992j;p58p59;1992;406338.09;992;j
RS;aptinc992j;p58p59;1993;262626.09;992;j
RS;aptinc992j;p58p59;1994;269493.69;992;j
RS;aptinc992j;p58p59;1995;283371.81;992;j
RS;aptinc992j;p58p59;1996;285010.41;992;j
RS;aptinc992j;p58p59;1997;301438.91;992;j
RS;aptinc992j;p58p59;1998;314418.69;992;j
RS;aptinc992j;p58p59;1999;343059.41;992;j
RS;aptinc992j;p58p59;2000;372449.19;992;j
RS;aptinc992j;p58p59;2001;367886.81;992;j
RS;aptinc992j;p58p59;2002;395221.59;992;j
RS;aptinc992j;p58p59;2003;416036.91;992;j
RS;aptinc992j;p58p59;2004;461117.41;992;j
RS;aptinc992j;p58p59;2005;510177.09;992;j
RS;aptinc992j;p58p59;2006;539723.5;992;j
RS;aptinc992j;p58p59;2007;561955.0;992;j
RS;aptinc992j;p58p59;2008;599134.5;992;j
RS;aptinc992j;p58p59;2009;588564.31;992;j
RS;aptinc992j;p58p59;2010;581010.31;992;j
RS;aptinc992j;p58p59;2011;575075.69;992;j
RS;aptinc992j;p58p59;2012;576548.19;992;j
RS;aptinc992j;p58p59;2013;600657.13;992;j
RS;aptinc992j;p58p59;2014;573462.0;992;j
RS;aptinc992j;p58p59;2015;589052.19;992;j
RS;aptinc992j;p58p59;2016;607060.63;992;j
RS;aptinc992j;p58p59;2017;610337.69;992;j
RS;aptinc992j;p99.99p99.991;1990;32097724.0;992;j
RS;aptinc992j;p99.99p99.991;1991;28741336.0;992;j
RS;aptinc992j;p99.99p99.991;1992;20103608.0;992;j
RS;aptinc992j;p99.99p99.991;1993;13430584.0;992;j
RS;aptinc992j;p99.99p99.991;1994;14096014.0;992;j
RS;aptinc992j;p99.99p99.991;1995;15315096.0;992;j
RS;aptinc992j;p99.99p99.991;1996;15760208.0;992;j
RS;aptinc992j;p99.99p99.991;1997;17072968.0;992;j
RS;aptinc992j;p99.99p99.991;1998;17832572.0;992;j
RS;aptinc992j;p99.99p99.991;1999;20980116.0;992;j
RS;aptinc992j;p99.99p99.991;2000;24764914.0;992;j
RS;aptinc992j;p99.99p99.991;2001;26490230.0;992;j
RS;aptinc992j;p99.99p99.991;2002;28006542.0;992;j
RS;aptinc992j;p99.99p99.991;2003;28801908.0;992;j
RS;aptinc992j;p99.99p99.991;2004;33441492.0;992;j
RS;aptinc992j;p99.99p99.991;2005;36327636.0;992;j
RS;aptinc992j;p99.99p99.991;2006;38816520.0;992;j
RS;aptinc992j;p99.99p99.991;2007;36942400.0;992;j
RS;aptinc992j;p99.99p99.991;2008;40250876.0;992;j
RS;aptinc992j;p99.99p99.991;2009;39157132.0;992;j
RS;aptinc992j;p99.99p99.991;2010;38807532.0;992;j
RS;aptinc992j;p99.99p99.991;2011;41075180.0;992;j
RS;aptinc992j;p99.99p99.991;2012;33449930.0;992;j
RS;aptinc992j;p99.99p99.991;2013;36694820.0;992;j
RS;aptinc992j;p99.99p99.991;2014;52975232.0;992;j
RS;aptinc992j;p99.99p99.991;2015;51557312.0;992;j
RS;aptinc992j;p99.99p99.991;2016;53208836.0;992;j
RS;aptinc992j;p99.99p99.991;2017;53588500.0;992;j
RS;asegho999i;p0p100;1997;237799.2;999;i
RS;asegho999i;p0p100;1998;228722.0;999;i
RS;asegho999i;p0p100;1999;252123.1;999;i
RS;asegho999i;p0p100;2000;269346.9;999;i
RS;asegho999i;p0p100;2001;277899.9;999;i
RS;asegho999i;p0p100;2002;293235.3;999;i
RS;asegho999i;p0p100;2003;310946.3;999;i
RS;asegho999i;p0p100;2004;311331.1;999;i
RS;asegho999i;p0p100;2005;348990.4;999;i
RS;asegho999i;p0p100;2006;371540.3;999;i
RS;asegho999i;p0p100;2007;392675.8;999;i
RS;asegho999i;p0p100;2008;426552.3;999;i
RS;asegho999i;p0p100;2009;424333.0;999;i
RS;asegho999i;p0p100;2010;422991.5;999;i
RS;asegho999i;p0p100;2011;419945.7;999;i
RS;assbnf999i;p0p100;1997;0.0;999;i
RS;assbnf999i;p0p100;1998;0.0;999;i
RS;assbnf999i;p0p100;1999;0.0;999;i
RS;assbnf999i;p0p100;2000;0.0;999;i
RS;assbnf999i;p0p100;2001;0.0;999;i
RS;assbnf999i;p0p100;2002;0.0;999;i
RS;assbnf999i;p0p100;2003;0.0;999;i
RS;assbnf999i;p0p100;2004;0.0;999;i
RS;assbnf999i;p0p100;2005;0.0;999;i
RS;assbnf999i;p0p100;2006;0.0;999;i
RS;assbnf999i;p0p100;2007;0.0;999;i
RS;assbnf999i;p0p100;2008;0.0;999;i
RS;assbnf999i;p0p100;2009;0.0;999;i
RS;assbnf999i;p0p100;2010;0.0;999;i
RS;assbnf999i;p0p100;2011;0.0;999;i
RS;bcainc992j;p35p100;1990;2.1822073;992;j
RS;bcainc992j;p35p100;1991;2.1690285;992;j
RS;bcainc992j;p35p100;1992;2.154207;992;j
RS;bcainc992j;p35p100;1993;2.1398072;992;j
RS;bcainc992j;p35p100;1994;2.1285348;992;j
RS;bcainc992j;p35p100;1995;2.1168034;992;j
RS;bcainc992j;p35p100;1996;2.0987892;992;j
RS;bcainc992j;p35p100;1997;2.0807443;992;j
RS;bcainc992j;p35p100;1998;2.1209407;992;j
RS;bcainc992j;p35p100;1999;2.1282861;992;j
RS;bcainc992j;p35p100;2000;2.1472347;992;j
RS;bcainc992j;p35p100;2001;2.1783407;992;j
RS;bcainc992j;p35p100;2002;2.2261338;992;j
RS;bcainc992j;p35p100;2003;2.2410271;992;j
RS;bcainc992j;p35p100;2004;2.3143759;992;j
RS;bcainc992j;p35p100;2005;2.3742754;992;j
RS;bcainc992j;p35p100;2006;2.437674;992;j
RS;bcainc992j;p35p100;2007;2.4836683;992;j
RS;bcainc992j;p35p100;2008;2.5336494;992;j
RS;bcainc992j;p35p100;2009;2.5936167;992;j
RS;bcainc992j;p35p100;2010;2.7022913;992;j
RS;bcainc992j;p35p100;2011;2.7986727;992;j
RS;bcainc992j;p35p100;2012;2.8817015;992;j
RS;bcainc992j;p35p100;2013;2.9930723;992;j
RS;bcainc992j;p35p100;2014;2.8796737;992;j
RS;bcainc992j;p35p100;2015;3.0124226;992;j
RS;bcainc992j;p35p100;2016;3.011096;992;j
RS;bcainc992j;p35p100;2017;3.0140371;992;j
RS;bcainc992j;p41p100;1990;2.0184612;992;j
RS;bcainc992j;p41p100;1991;2.0092766;992;j
RS;bcainc992j;p41p100;1992;1.9985095;992;j
RS;bcainc992j;p41p100;1993;1.9913332;992;j
RS;bcainc992j;p41p100;1994;1.9845694;992;j
RS;bcainc992j;p41p100;1995;1.9783919;992;j
RS;bcainc992j;p41p100;1996;1.9659176;992;j
RS;bcainc992j;p41p100;1997;1.9553418;992;j
RS;bcainc992j;p41p100;1998;1.9901973;992;j
RS;bcainc992j;p41p100;1999;1.9990771;992;j
RS;bcainc992j;p41p100;2000;2.0201595;992;j
RS;bcainc992j;p41p100;2001;2.0318937;992;j
RS;bcainc992j;p41p100;2002;2.0735147;992;j
RS;bcainc992j;p41p100;2003;2.0960009;992;j
RS;bcainc992j;p41p100;2004;2.1525426;992;j
RS;bcainc992j;p41p100;2005;2.209446;992;j
RS;bcainc992j;p41p100;2006;2.2722449;992;j
RS;bcainc992j;p41p100;2007;2.2957449;992;j
RS;bcainc992j;p41p100;2008;2.32162;992;j
RS;bcainc992j;p41p100;2009;2.3661947;992;j
RS;bcainc992j;p41p100;2010;2.4574897;992;j
RS;bcainc992j;p41p100;2011;2.523417;992;j
RS;bcainc992j;p41p100;2012;2.5992882;992;j
RS;bcainc992j;p41p100;2013;2.6393011;992;j
RS;bcainc992j;p41p100;2014;2.5620329;992;j
RS;bcainc992j;p41p100;2015;2.662657;992;j
RS;bcainc992j;p41p100;2016;2.6622062;992;j
RS;bcainc992j;p41p100;2017;2.6635799;992;j
RS;bdiinc992j;p66p100;1990;1.6056705;992;j
RS;bdiinc992j;p66p100;1991;1.6040194;992;j
RS;bdiinc992j;p66p100;1992;1.6002647;992;j
RS;bdiinc992j;p66p100;1993;1.5998795;992;j
RS;bdiinc992j;p66p100;1994;1.5994552;992;j
RS;bdiinc992j;p66p100;1995;1.5992435;992;j
RS;bdiinc992j;p66p100;1996;1.594581;992;j
RS;bdiinc992j;p66p100;1997;1.5890927;992;j
RS;bdiinc992j;p66p100;1998;1.6038818;992;j
RS;bdiinc992j;p66p100;1999;1.6304516;992;j
RS;bdiinc992j;p66p100;2000;1.6629453;992;j
RS;bdiinc992j;p66p100;2001;1.6746978;992;j
RS;bdiinc992j;p66p100;2002;1.6817217;992;j
RS;bdiinc992j;p66p100;2003;1.6893258;992;j
RS;bdiinc992j;p66p100;2004;1.7153392;992;j
RS;bdiinc992j;p66p100;2005;1.7526946;992;j
RS;bdiinc992j;p66p100;2006;1.7699543;992;j
RS;bdiinc992j;p66p100;2007;1.7619557;992;j
RS;bdiinc992j;p66p100;2008;1.7673514;992;j
RS;bdiinc992j;p66p100;2009;1.7984436;992;j
RS;bdiinc992j;p66p100;2010;1.8382494;992;j
RS;bdiinc992j;p66p100;2011;1.8735247;992;j
RS;bdiinc992j;p66p100;2012;1.8918537;992;j
RS;bdiinc992j;p66p100;2013;1.8643211;992;j
RS;bdiinc992j;p66p100;2014;1.8849684;992;j
RS;bdiinc992j;p66p100;2015;1.9990027;992;j
RS;bdiinc992j;p66p100;2016;2.0118861;992;j
RS;bdiinc992j;p66p100;2017;2.0135565;992;j
RS;bdiinc992j;p99.5p100;1990;1.9916418;992;j
RS;bdiinc992j;p99.5p100;1991;1.9533553;992;j
RS;bdiinc992j;p99.5p100;1992;1.9034736;992;j
RS;bdiinc992j;p99.5p100;1993;1.8716811;992;j
RS;bdiinc992j;p99.5p100;1994;1.851037;992;j
RS;bdiinc992j;p99.5p100;1995;1.8337662;992;j
RS;bdiinc992j;p99.5p100;1996;1.8127544;992;j
RS;bdiinc992j;p99.5p100;1997;1.7902657;992;j
RS;bdiinc992j;p99.5p100;1998;1.8190186;992;j
RS;bdiinc992j;p99.5p100;1999;1.9206893;992;j
RS;bdiinc992j;p99.5p100;2000;1.934896;992;j
RS;bdiinc992j;p99.5p100;2001;2.0167477;992;j
RS;bdiinc992j;p99.5p100;2002;1.9592828;992;j
RS;bdiinc992j;p99.5p100;2003;1.9568031;992;j
RS;bdiinc992j;p99.5p100;2004;1.957119;992;j
RS;bdiinc992j;p99.5p100;2005;1.994135;992;j
RS;bdiinc992j;p99.5p100;2006;1.9255762;992;j
RS;bdiinc992j;p99.5p100;2007;1.8459234;992;j
RS;bdiinc992j;p99.5p100;2008;1.7742846;992;j
RS;bdiinc992j;p99.5p100;2009;1.875733;992;j
RS;bdiinc992j;p99.5p100;2010;1.8315566;992;j
RS;bdiinc992j;p99.5p100;2011;1.8068973;992;j
RS;bdiinc992j;p99.5p100;2012;2.0604229;992;j
RS;bdiinc992j;p99.5p100;2013;1.8907303;992;j
RS;bdiinc992j;p99.5p100;2014;2.3713319;992;j
RS;bdiinc992j;p99.5p100;2015;2.8383131;992;j
RS;bdiinc992j;p99.5p100;2016;2.8424263;992;j
RS;bdiinc992j;p99.5p100;2017;2.8449309;992;j
RS;bptinc992j;p52p100;1990;1.8944474;992;j
RS;bptinc992j;p52p100;1991;1.9037499;992;j
RS;bptinc992j;p52p100;1992;1.9140129;992;j
RS;bptinc992j;p52p100;1993;1.925404;992;j
RS;bptinc992j;p52p100;1994;1.9359372;992;j
RS;bptinc992j;p52p100;1995;1.9459958;992;j
RS;bptinc992j;p52p100;1996;1.9530133;992;j
RS;bptinc992j;p52p100;1997;1.959691;992;j
RS;bptinc992j;p52p100;1998;1.9813911;992;j
RS;bptinc992j;p52p100;1999;1.9844317;992;j
RS;bptinc992j;p52p100;2000;2.0226824;992;j
RS;bptinc992j;p52p100;2001;2.0345294;992;j
RS;bptinc992j;p52p100;2002;2.06633;992;j
RS;bptinc992j;p52p100;2003;2.0770538;992;j
RS;bptinc992j;p52p100;2004;2.1324708;992;j
RS;bptinc992j;p52p100;2005;2.1786582;992;j
RS;bptinc992j;p52p100;2006;2.2013769;992;j
RS;bptinc992j;p52p100;2007;2.1909997;992;j
RS;bptinc992j;p52p100;2008;2.2155674;992;j
RS;bptinc992j;p52p100;2009;2.2380838;992;j
RS;bptinc992j;p52p100;2010;2.3105855;992;j
RS;bptinc992j;p52p100;2011;2.3658819;992;j
RS;bptinc992j;p52p100;2012;2.3551137;992;j
RS;bptinc992j;p52p100;2013;2.3174827;992;j
RS;bptinc992j;p52p100;2014;2.4226084;992;j
RS;bptinc992j;p52p100;2015;2.3469222;992;j
RS;bptinc992j;p52p100;2016;2.347944;992;j
RS;bptinc992j;p52p100;2017;2.3501863;992;j
RS;mcfcnf999i;p0p100;1997;329642999808.0;999;i
RS;mcfcnf999i;p0p100;1998;273222254592.0;999;i
RS;mcfcnf999i;p0p100;1999;272469688320.0;999;i
RS;mcfcnf999i;p0p100;2000;247735320576.0;999;i
RS;mcfcnf999i;p0p100;2001;368039362560.0;999;i
RS;mcfcnf999i;p0p100;2002;369503371264.0;999;i
RS;mcfcnf999i;p0p100;2003;375383654400.0;999;i
RS;mcfcnf999i;p0p100;2004;317403660288.0;999;i
RS;mcfcnf999i;p0p100;2005;310656892928.0;999;i
RS;mcfcnf999i;p0p100;2006;318588256256.0;999;i
RS;mcfcnf999i;p0p100;2007;397745586176.0;999;i
RS;mcfcnf999i;p0p100;2008;411036909568.0;999;i
RS;mcfcnf999i;p0p100;2009;393150693376.0;999;i
RS;mcfcnf999i;p0p100;2010;379910848512.0;999;i
RS;mcfcnf999i;p0p100;2011;388672552960.0;999;i
RS;mftaxx999i;p0p100;1997;-4086655232.0;999;i
RS;mftaxx999i;p0p100;1998;-3733441280.0;999;i
RS;mftaxx999i;p0p100;1999;-2394541568.0;999;i
RS;mftaxx999i;p0p100;2000;-2533452288.0;999;i
RS;mftaxx999i;p0p100;2001;-2784109056.0;999;i
RS;mftaxx999i;p0p100;2002;-2006716416.0;999;i
RS;mftaxx999i;p0p100;2003;-2048285184.0;999;i
RS;mftaxx999i;p0p100;2004;-2083568768.0;999;i
RS;mftaxx999i;p0p100;2005;-2469779712.0;999;i
RS;mftaxx999i;p0p100;2006;-2433786624.0;999;i
RS;mftaxx999i;p0p100;2007;0.0;999;i
RS;mftaxx999i;p0p100;2008;0.0;999;i
RS;mftaxx999i;p0p100;2009;0.0;999;i
RS;mftaxx999i;p0p100;2010;0.0;999;i
RS;mftaxx999i;p0p100;2011;0.0;999;i
RS;mftaxx999i;p0p100;2012;0.0;999;i
RS;mftaxx999i;p0p100;2013;0.0;999;i
RS;mftaxx999i;p0p100;2014;0.0;999;i
RS;mftaxx999i;p0p100;2015;0.0;999;i
RS;mftaxx999i;p0p100;2016;0.0;999;i
RS;mftaxx999i;p0p100;2017;0.0;999;i
RS;mftaxx999i;p0p100;2018;0.0;999;i
RS;motpgo999i;p0p100;1997;61393022976.0;999;i
RS;motpgo999i;p0p100;1998;64542404608.0;999;i
RS;motpgo999i;p0p100;1999;52438540288.0;999;i
RS;motpgo999i;p0p100;2000;53763325952.0;999;i
RS;motpgo999i;p0p100;2001;71222427648.0;999;i
RS;motpgo999i;p0p100;2002;87250280448.0;999;i
RS;motpgo999i;p0p100;2003;88968216576.0;999;i
RS;motpgo999i;p0p100;2004;69120016384.0;999;i
RS;motpgo999i;p0p100;2005;53419560960.0;999;i
RS;motpgo999i;p0p100;2006;63843635200.0;999;i
RS;motpgo999i;p0p100;2007;64293580800.0;999;i
RS;motpgo999i;p0p100;2008;75658706944.0;999;i
RS;motpgo999i;p0p100;2009;90975272960.0;999;i
RS;motpgo999i;p0p100;2010;98323169280.0;999;i
RS;motpgo999i;p0p100;2011;87946420224.0;999;i
RS;npopul101f;p0p100;1950;311241.0;101;f
RS;npopul101f;p0p100;1951;299244.0;101;f
RS;npopul101f;p0p100;1952;285716.0;101;f
RS;npopul101f;p0p100;1953;271820.0;101;f
RS;npopul101f;p0p100;1954;262476.0;101;f
RS;npopul101f;p0p100;1955;262664.0;101;f
RS;npopul101f;p0p100;1956;272550.0;101;f
RS;npopul101f;p0p100;1957;291293.0;101;f
RS;npopul101f;p0p100;1958;315980.0;101;f
RS;npopul101f;p0p100;1959;340820.0;101;f
RS;npopul101f;p0p100;1960;360956.0;101;f
RS;npopul101f;p0p100;1961;378119.0;101;f
RS;npopul101f;p0p100;1962;390526.0;101;f
RS;npopul101f;p0p100;1963;398726.0;101;f
RS;npopul101f;p0p100;1964;402848.0;101;f
RS;npopul101f;p0p100;1965;401845.0;101;f
RS;npopul101f;p0p100;1966;394694.0;101;f
RS;npopul101f;p0p100;1967;382676.0;101;f
RS;npopul101f;p0p100;1968;367346.0;101;f
RS;npopul101f;p0p100;1969;352199.0;101;f
RS;npopul101f;p0p100;1970;340601.0;101;f
RS;npopul101f;p0p100;1971;333777.0;101;f
RS;npopul101f;p0p100;1972;330661.0;101;f
RS;npopul101f;p0p100;1973;330345.0;101;f
RS;npopul101f;p0p100;1974;330933.0;101;f
RS;npopul101f;p0p100;1975;331015.0;101;f
RS;npopul101f;p0p100;1976;331800.0;101;f
RS;npopul101f;p0p100;1977;332788.0;101;f
RS;npopul101f;p0p100;1978;334090.0;101;f
RS;npopul101f;p0p100;1979;336079.0;101;f
RS;npopul101f;p0p100;1980;339012.0;101;f
RS;npopul101f;p0p100;1981;343629.0;101;f
RS;npopul101f;p0p100;1982;348949.0;101;f
RS;npopul101f;p0p100;1983;354605.0;101;f
RS;npopul101f;p0p100;1984;360108.0;101;f
RS;npopul101f;p0p100;1985;365100.0;101;f
RS;npopul101f;p0p100;1986;370682.0;101;f
RS;npopul101f;p0p100;1987;375501.0;101;f
RS;npopul101f;p0p100;1988;379693.0;101;f
RS;npopul101f;p0p100;1989;383246.0;101;f
RS;npopul101f;p0p100;1990;385800.0;101;f
RS;npopul101f;p0p100;1991;388787.0;101;f
RS;npopul101f;p0p100;1992;390769.0;101;f
RS;npopul101f;p0p100;1993;391167.0;101;f
RS;npopul101f;p0p100;1994;389619.0;101;f
RS;npopul101f;p0p100;1995;386151.0;101;f
RS;npopul101f;p0p100;1996;377120.0;101;f
RS;npopul101f;p0p100;1997;368154.0;101;f
RS;npopul101f;p0p100;1998;360129.0;101;f
RS;npopul101f;p0p100;1999;277799.0;101;f
RS;npopul101f;p0p100;2000;274164.0;101;f
RS;npopul101f;p0p100;2001;271896.0;101;f
RS;npopul101f;p0p100;2002;268095.0;101;f
RS;npopul101f;p0p100;2003;262259.0;101;f
RS;npopul101f;p0p100;2004;255865.0;101;f
RS;npopul101f;p0p100;2005;249243.0;101;f
RS;npopul101f;p0p100;2006;243173.0;101;f
RS;npopul101f;p0p100;2007;237384.0;101;f
RS;npopul101f;p0p100;2008;231831.0;101;f
RS;npopul101f;p0p100;2009;226766.0;101;f
RS;npopul101f;p0p100;2010;222391.0;101;f
RS;npopul101f;p0p100;2011;218538.0;101;f
RS;npopul101f;p0p100;2012;215981.0;101;f
RS;npopul101f;p0p100;2013;213846.0;101;f
RS;npopul101f;p0p100;2014;211702.0;101;f
RS;npopul101f;p0p100;2015;209170.0;101;f
RS;npopul101f;p0p100;2016;208867.0;101;f
RS;npopul101f;p0p100;2017;208412.0;101;f
RS;npopul101f;p0p100;2018;207077.0;101;f
RS;npopul101f;p0p100;2019;204769.0;101;f
RS;scainc992j;p31p100;1990;0.9059;992;j
RS;scainc992j;p31p100;1991;0.90469998;992;j
RS;scainc992j;p31p100;1992;0.9034;992;j
RS;scainc992j;p31p100;1993;0.90210003;992;j
RS;scainc992j;p31p100;1994;0.90079999;992;j
RS;scainc992j;p31p100;1995;0.89950001;992;j
RS;scainc992j;p31p100;1996;0.898;992;j
RS;scainc992j;p31p100;1997;0.89660001;992;j
RS;scainc992j;p31p100;1998;0.8915;992;j
RS;scainc992j;p31p100;1999;0.89139998;992;j
RS;scainc992j;p31p100;2000;0.89340001;992;j
RS;scainc992j;p31p100;2001;0.89420003;992;j
RS;scainc992j;p31p100;2002;0.90380001;992;j
RS;scainc992j;p31p100;2003;0.90600002;992;j
RS;scainc992j;p31p100;2004;0.91430002;992;j
RS;scainc992j;p31p100;2005;0.91710001;992;j
RS;scainc992j;p31p100;2006;0.92369998;992;j
RS;scainc992j;p31p100;2007;0.92690003;992;j
RS;scainc992j;p31p100;2008;0.92979997;992;j
RS;scainc992j;p31p100;2009;0.9325;992;j
RS;scainc992j;p31p100;2010;0.93940002;992;j
RS;scainc992j;p31p100;2011;0.94580001;992;j
RS;scainc992j;p31p100;2012;0.94679999;992;j
RS;scainc992j;p31p100;2013;0.9483;992;j
RS;scainc992j;p31p100;2014;0.92909998;992;j
RS;scainc992j;p31p100;2015;0.94260001;992;j
RS;scainc992j;p31p100;2016;0.9425;992;j
RS;scainc992j;p31p100;2017;0.94260001;992;j
RS;scainc992j;p42p43;1990;0.0071999999;992;j
RS;scainc992j;p42p43;1991;0.0073000002;992;j
RS;scainc992j;p42p43;1992;0.0073000002;992;j
RS;scainc992j;p42p43;1993;0.0073000002;992;j
RS;scainc992j;p42p43;1994;0.0073000002;992;j
RS;scainc992j;p42p43;1995;0.0073000002;992;j
RS;scainc992j;p42p43;1996;0.0074;992;j
RS;scainc992j;p42p43;1997;0.0074;992;j
RS;scainc992j;p42p43;1998;0.0071999999;992;j
RS;scainc992j;p42p43;1999;0.0071999999;992;j
RS;scainc992j;p42p43;2000;0.0071;992;j
RS;scainc992j;p42p43;2001;0.0071;992;j
RS;scainc992j;p42p43;2002;0.0070000002;992;j
RS;scainc992j;p42p43;2003;0.0070000002;992;j
RS;scainc992j;p42p43;2004;0.0068999999;992;j
RS;scainc992j;p42p43;2005;0.0068000001;992;j
RS;scainc992j;p42p43;2006;0.0066999998;992;j
RS;scainc992j;p42p43;2007;0.0066;992;j
RS;scainc992j;p42p43;2008;0.0066;992;j
RS;scainc992j;p42p43;2009;0.0065000001;992;j
RS;scainc992j;p42p43;2010;0.0063;992;j
RS;scainc992j;p42p43;2011;0.0062000002;992;j
RS;scainc992j;p42p43;2012;0.0060999999;992;j
RS;scainc992j;p42p43;2013;0.0060000001;992;j
RS;scainc992j;p42p43;2014;0.0060000001;992;j
RS;scainc992j;p42p43;2015;0.0059000002;992;j
RS;scainc992j;p42p43;2016;0.0059000002;992;j
RS;scainc992j;p42p43;2017;0.0059000002;992;j
RS;scainc992j;p81p100;1990;0.4294;992;j
RS;scainc992j;p81p100;1991;0.42739999;992;j
RS;scainc992j;p81p100;1992;0.42570001;992;j
RS;scainc992j;p81p100;1993;0.42460001;992;j
RS;scainc992j;p81p100;1994;0.42340001;992;j
RS;scainc992j;p81p100;1995;0.42219999;992;j
RS;scainc992j;p81p100;1996;0.4201;992;j
RS;scainc992j;p81p100;1997;0.41800001;992;j
RS;scainc992j;p81p100;1998;0.41999999;992;j
RS;scainc992j;p81p100;1999;0.42410001;992;j
RS;scainc992j;p81p100;2000;0.43079999;992;j
RS;scainc992j;p81p100;2001;0.4348;992;j
RS;scainc992j;p81p100;2002;0.44350001;992;j
RS;scainc992j;p81p100;2003;0.44659999;992;j
RS;scainc992j;p81p100;2004;0.45570001;992;j
RS;scainc992j;p81p100;2005;0.4637;992;j
RS;scainc992j;p81p100;2006;0.47229999;992;j
RS;scainc992j;p81p100;2007;0.47299999;992;j
RS;scainc992j;p81p100;2008;0.4763;992;j
RS;scainc992j;p81p100;2009;0.4833;992;j
RS;scainc992j;p81p100;2010;0.49520001;992;j
RS;scainc992j;p81p100;2011;0.50550002;992;j
RS;scainc992j;p81p100;2012;0.51050001;992;j
RS;scainc992j;p81p100;2013;0.50800002;992;j
RS;scainc992j;p81p100;2014;0.50169998;992;j
RS;scainc992j;p81p100;2015;0.52679998;992;j
RS;scainc992j;p81p100;2016;0.52679998;992;j
RS;scainc992j;p81p100;2017;0.52700001;992;j
RS;scainc992j;p99.99p100;1990;0.0087000001;992;j
RS;scainc992j;p99.99p100;1991;0.0081000002;992;j
RS;scainc992j;p99.99p100;1992;0.0074;992;j
RS;scainc992j;p99.99p100;1993;0.0070000002;992;j
RS;scainc992j;p99.99p100;1994;0.0066999998;992;j
RS;scainc992j;p99.99p100;1995;0.0065000001;992;j
RS;scainc992j;p99.99p100;1996;0.0062000002;992;j
RS;scainc992j;p99.99p100;1997;0.0059000002;992;j
RS;scainc992j;p99.99p100;1998;0.0063;992;j
RS;scainc992j;p99.99p100;1999;0.0077;992;j
RS;scainc992j;p99.99p100;2000;0.0082;992;j
RS;scainc992j;p99.99p100;2001;0.0096000005;992;j
RS;scainc992j;p99.99p100;2002;0.0089999996;992;j
RS;scainc992j;p99.99p100;2003;0.0089999996;992;j
RS;scainc992j;p99.99p100;2004;0.0091000004;992;j
RS;scainc992j;p99.99p100;2005;0.0098999999;992;j
RS;scainc992j;p99.99p100;2006;0.0091000004;992;j
RS;scainc992j;p99.99p100;2007;0.0077999998;992;j
RS;scainc992j;p99.99p100;2008;0.0068000001;992;j
RS;scainc992j;p99.99p100;2009;0.0085000005;992;j
RS;scainc992j;p99.99p100;2010;0.0081000002;992;j
RS;scainc992j;p99.99p100;2011;0.0078999996;992;j
RS;scainc992j;p99.99p100;2012;0.0125;992;j
RS;scainc992j;p99.99p100;2013;0.0093;992;j
RS;scainc992j;p99.99p100;2014;0.0188;992;j
RS;scainc992j;p99.99p100;2015;0.032000002;992;j
RS;scainc992j;p99.99p100;2016;0.032000002;992;j
RS;scainc992j;p99.99p100;2017;0.032099999;992;j
RS;sdiinc992j;p1p100;1990;0.99849999;992;j
RS;sdiinc992j;p1p100;1991;0.99860001;992;j
RS;sdiinc992j;p1p100;1992;0.99870002;992;j
RS;sdiinc992j;p1p100;1993;0.99879998;992;j
RS;sdiinc992j;p1p100;1994;0.9989;992;j
RS;sdiinc992j;p1p100;1995;0.99900001;992;j
RS;sdiinc992j;p1p100;1996;0.99910003;992;j
RS;sdiinc992j;p1p100;1997;0.99910003;992;j
RS;sdiinc992j;p1p100;1998;0.99919999;992;j
RS;sdiinc992j;p1p100;1999;0.9993;992;j
RS;sdiinc992j;p1p100;2000;0.9993;992;j
RS;sdiinc992j;p1p100;2001;0.9993;992;j
RS;sdiinc992j;p1p100;2002;0.9993;992;j
RS;sdiinc992j;p1p100;2003;0.99910003;992;j
RS;sdiinc992j;p1p100;2004;0.99919999;992;j
RS;sdiinc992j;p1p100;2005;0.99910003;992;j
RS;sdiinc992j;p1p100;2006;0.99910003;992;j
RS;sdiinc992j;p1p100;2007;0.99919999;992;j
RS;sdiinc992j;p1p100;2008;0.99919999;992;j
RS;sdiinc992j;p1p100;2009;0.99900001;992;j
RS;sdiinc992j;p1p100;2010;0.99900001;992;j
RS;sdiinc992j;p1p100;2011;0.99910003;992;j
RS;sdiinc992j;p1p100;2012;0.99910003;992;j
RS;sdiinc992j;p1p100;2013;0.99870002;992;j
RS;sdiinc992j;p1p100;2014;0.99800003;992;j
RS;sdiinc992j;p1p100;2015;0.99839997;992;j
RS;sdiinc992j;p1p100;2016;0.99860001;992;j
RS;sdiinc992j;p1p100;2017;0.99860001;992;j
RS;sdiinc992j;p20p100;1990;0.9461;992;j
RS;sdiinc992j;p20p100;1991;0.94569999;992;j
RS;sdiinc992j;p20p100;1992;0.94529998;992;j
RS;sdiinc992j;p20p100;1993;0.94480002;992;j
RS;sdiinc992j;p20p100;1994;0.9443;992;j
RS;sdiinc992j;p20p100;1995;0.94379997;992;j
RS;sdiinc992j;p20p100;1996;0.94330001;992;j
RS;sdiinc992j;p20p100;1997;0.94260001;992;j
RS;sdiinc992j;p20p100;1998;0.94059998;992;j
RS;sdiinc992j;p20p100;1999;0.94169998;992;j
RS;sdiinc992j;p20p100;2000;0.94230002;992;j
RS;sdiinc992j;p20p100;2001;0.94279999;992;j
RS;sdiinc992j;p20p100;2002;0.9483;992;j
RS;sdiinc992j;p20p100;2003;0.949;992;j
RS;sdiinc992j;p20p100;2004;0.9544;992;j
RS;sdiinc992j;p20p100;2005;0.9562;992;j
RS;sdiinc992j;p20p100;2006;0.95969999;992;j
RS;sdiinc992j;p20p100;2007;0.96109998;992;j
RS;sdiinc992j;p20p100;2008;0.96200001;992;j
RS;sdiinc992j;p20p100;2009;0.96249998;992;j
RS;sdiinc992j;p20p100;2010;0.96530002;992;j
RS;sdiinc992j;p20p100;2011;0.96880001;992;j
RS;sdiinc992j;p20p100;2012;0.96990001;992;j
RS;sdiinc992j;p20p100;2013;0.96649998;992;j
RS;sdiinc992j;p20p100;2014;0.95310003;992;j
RS;sdiinc992j;p20p100;2015;0.96160001;992;j
RS;sdiinc992j;p20p100;2016;0.96359998;992;j
RS;sdiinc992j;p20p100;2017;0.96380001;992;j
RS;sdiinc992j;p75p100;1990;0.49349999;992;j
RS;sdiinc992j;p75p100;1991;0.49149999;992;j
RS;sdiinc992j;p75p100;1992;0.48989999;992;j
RS;sdiinc992j;p75p100;1993;0.4887;992;j
RS;sdiinc992j;p75p100;1994;0.4874;992;j
RS;sdiinc992j;p75p100;1995;0.4862;992;j
RS;sdiinc992j;p75p100;1996;0.48410001;992;j
RS;sdiinc992j;p75p100;1997;0.48159999;992;j
RS;sdiinc992j;p75p100;1998;0.48539999;992;j
RS;sdiinc992j;p75p100;1999;0.4912;992;j
RS;sdiinc992j;p75p100;2000;0.49470001;992;j
RS;sdiinc992j;p75p100;2001;0.4971;992;j
RS;sdiinc992j;p75p100;2002;0.50389999;992;j
RS;sdiinc992j;p75p100;2003;0.5068;992;j
RS;sdiinc992j;p75p100;2004;0.51630002;992;j
RS;sdiinc992j;p75p100;2005;0.52389997;992;j
RS;sdiinc992j;p75p100;2006;0.53189999;992;j
RS;sdiinc992j;p75p100;2007;0.53140002;992;j
RS;sdiinc992j;p75p100;2008;0.53469998;992;j
RS;sdiinc992j;p75p100;2009;0.54140002;992;j
RS;sdiinc992j;p75p100;2010;0.5521;992;j
RS;sdiinc992j;p75p100;2011;0.56309998;992;j
RS;sdiinc992j;p75p100;2012;0.56650001;992;j
RS;sdiinc992j;p75p100;2013;0.56620002;992;j
RS;sdiinc992j;p75p100;2014;0.55549997;992;j
RS;sdiinc992j;p75p100;2015;0.57630002;992;j
RS;sdiinc992j;p75p100;2016;0.58050001;992;j
RS;sdiinc992j;p75p100;2017;0.58099997;992;j
RS;sdiinc992j;p90p91;1990;0.0173;992;j
RS;sdiinc992j;p90p91;1991;0.0173;992;j
RS;sdiinc992j;p90p91;1992;0.0173;992;j
RS;sdiinc992j;p90p91;1993;0.017200001;992;j
RS;sdiinc992j;p90p91;1994;0.017200001;992;j
RS;sdiinc992j;p90p91;1995;0.017100001;992;j
RS;sdiinc992j;p90p91;1996;0.017100001;992;j
RS;sdiinc992j;p90p91;1997;0.017000001;992;j
RS;sdiinc992j;p90p91;1998;0.017100001;992;j
RS;sdiinc992j;p90p91;1999;0.017100001;992;j
RS;sdiinc992j;p90p91;2000;0.016899999;992;j
RS;sdiinc992j;p90p91;2001;0.016899999;992;j
RS;sdiinc992j;p90p91;2002;0.017000001;992;j
RS;sdiinc992j;p90p91;2003;0.0173;992;j
RS;sdiinc992j;p90p91;2004;0.0178;992;j
RS;sdiinc992j;p90p91;2005;0.017999999;992;j
RS;sdiinc992j;p90p91;2006;0.018200001;992;j
RS;sdiinc992j;p90p91;2007;0.0184;992;j
RS;sdiinc992j;p90p91;2008;0.0185;992;j
RS;sdiinc992j;p90p91;2009;0.0186;992;j
RS;sdiinc992j;p90p91;2010;0.018999999;992;j
RS;sdiinc992j;p90p91;2011;0.019400001;992;j
RS;sdiinc992j;p90p91;2012;0.0188;992;j
RS;sdiinc992j;p90p91;2013;0.019099999;992;j
RS;sdiinc992j;p90p91;2014;0.018100001;992;j
RS;sdiinc992j;p90p91;2015;0.0178;992;j
RS;sdiinc992j;p90p91;2016;0.017899999;992;j
RS;sdiinc992j;p90p91;2017;0.017899999;992;j
RS;sdiinc992j;p99.91p99.92;1990;0.0012000001;992;j
RS;sdiinc992j;p99.91p99.92;1991;0.0012000001;992;j
RS;sdiinc992j;p99.91p99.92;1992;0.0012000001;992;j
RS;sdiinc992j;p99.91p99.92;1993;0.0012000001;992;j
RS;sdiinc992j;p99.91p99.92;1994;0.0012000001;992;j
RS;sdiinc992j;p99.91p99.92;1995;0.0011;992;j
RS;sdiinc992j;p99.91p99.92;1996;0.0011;992;j
RS;sdiinc992j;p99.91p99.92;1997;0.0011;992;j
RS;sdiinc992j;p99.91p99.92;1998;0.0012000001;992;j
RS;sdiinc992j;p99.91p99.92;1999;0.0013;992;j
RS;sdiinc992j;p99.91p99.92;2000;0.0013;992;j
RS;sdiinc992j;p99.91p99.92;2001;0.0014;992;j
RS;sdiinc992j;p99.91p99.92;2002;0.0014;992;j
RS;sdiinc992j;p99.91p99.92;2003;0.0014;992;j
RS;sdiinc992j;p99.91p99.92;2004;0.0014;992;j
RS;sdiinc992j;p99.91p99.92;2005;0.0015;992;j
RS;sdiinc992j;p99.91p99.92;2006;0.0015;992;j
RS;sdiinc992j;p99.91p99.92;2007;0.0014;992;j
RS;sdiinc992j;p99.91p99.92;2008;0.0014;992;j
RS;sdiinc992j;p99.91p99.92;2009;0.0015;992;j
RS;sdiinc992j;p99.91p99.92;2010;0.0015;992;j
RS;sdiinc992j;p99.91p99.92;2011;0.0015;992;j
RS;sdiinc992j;p99.91p99.92;2012;0.0018;992;j
RS;sdiinc992j;p99.91p99.92;2013;0.0016;992;j
RS;sdiinc992j;p99.91p99.92;2014;0.0020000001;992;j
RS;sdiinc992j;p99.91p99.92;2015;0.0024000001;992;j
RS;sdiinc992j;p99.91p99.92;2016;0.0024000001;992;j
RS;sdiinc992j;p99.91p99.92;2017;0.0024000001;992;j
RS;sptinc992j;p25p26;1990;0.0044;992;j
RS;sptinc992j;p25p26;1991;0.0044;992;j
RS;sptinc992j;p25p26;1992;0.0044;992;j
RS;sptinc992j;p25p26;1993;0.0044;992;j
RS;sptinc992j;p25p26;1994;0.0044;992;j
RS;sptinc992j;p25p26;1995;0.0044;992;j
RS;sptinc992j;p25p26;1996;0.0043000001;992;j
RS;sptinc992j;p25p26;1997;0.0043000001;992;j
RS;sptinc992j;p25p26;1998;0.0044;992;j
RS;sptinc992j;p25p26;1999;0.0044;992;j
RS;sptinc992j;p25p26;2000;0.0043000001;992;j
RS;sptinc992j;p25p26;2001;0.0043000001;992;j
RS;sptinc992j;p25p26;2002;0.0041;992;j
RS;sptinc992j;p25p26;2003;0.0040000002;992;j
RS;sptinc992j;p25p26;2004;0.0038000001;992;j
RS;sptinc992j;p25p26;2005;0.0035999999;992;j
RS;sptinc992j;p25p26;2006;0.0034;992;j
RS;sptinc992j;p25p26;2007;0.0034;992;j
RS;sptinc992j;p25p26;2008;0.0031999999;992;j
RS;sptinc992j;p25p26;2009;0.0031000001;992;j
RS;sptinc992j;p25p26;2010;0.003;992;j
RS;sptinc992j;p25p26;2011;0.0027000001;992;j
RS;sptinc992j;p25p26;2012;0.0024999999;992;j
RS;sptinc992j;p25p26;2013;0.0024999999;992;j
RS;sptinc992j;p25p26;2014;0.0024000001;992;j
RS;sptinc992j;p25p26;2015;0.0026;992;j
RS;sptinc992j;p25p26;2016;0.0026;992;j
RS;sptinc992j;p25p26;2017;0.0026;992;j
RS;sptinc992j;p50p51;1990;0.0082;992;j
RS;sptinc992j;p50p51;1991;0.0082;992;j
RS;sptinc992j;p50p51;1992;0.0081000002;992;j
RS;sptinc992j;p50p51;1993;0.0081000002;992;j
RS;sptinc992j;p50p51;1994;0.0081000002;992;j
RS;sptinc992j;p50p51;1995;0.0080000004;992;j
RS;sptinc992j;p50p51;1996;0.0080000004;992;j
RS;sptinc992j;p50p51;1997;0.0080000004;992;j
RS;sptinc992j;p50p51;1998;0.0078999996;992;j
RS;sptinc992j;p50p51;1999;0.0077999998;992;j
RS;sptinc992j;p50p51;2000;0.0077;992;j
RS;sptinc992j;p50p51;2001;0.0077;992;j
RS;sptinc992j;p50p51;2002;0.0077;992;j
RS;sptinc992j;p50p51;2003;0.0076000001;992;j
RS;sptinc992j;p50p51;2004;0.0074999998;992;j
RS;sptinc992j;p50p51;2005;0.0074;992;j
RS;sptinc992j;p50p51;2006;0.0074;992;j
RS;sptinc992j;p50p51;2007;0.0074;992;j
RS;sptinc992j;p50p51;2008;0.0074;992;j
RS;sptinc992j;p50p51;2009;0.0074;992;j
RS;sptinc992j;p50p51;2010;0.0071999999;992;j
RS;sptinc992j;p50p51;2011;0.0071;992;j
RS;sptinc992j;p50p51;2012;0.0071999999;992;j
RS;sptinc992j;p50p51;2013;0.0073000002;992;j
RS;sptinc992j;p50p51;2014;0.0070000002;992;j
RS;sptinc992j;p50p51;2015;0.0071999999;992;j
RS;sptinc992j;p50p51;2016;0.0071999999;992;j
RS;sptinc992j;p50p51;2017;0.0071999999;992;j
RS;sptinc992j;p99.94p99.95;1990;0.0018;992;j
RS;sptinc992j;p99.94p99.95;1991;0.0018;992;j
RS;sptinc992j;p99.94p99.95;1992;0.0018;992;j
RS;sptinc992j;p99.94p99.95;1993;0.0019;992;j
RS;sptinc992j;p99.94p99.95;1994;0.0019;992;j
RS;sptinc992j;p99.94p99.95;1995;0.0020000001;992;j
RS;sptinc992j;p99.94p99.95;1996;0.0020000001;992;j
RS;sptinc992j;p99.94p99.95;1997;0.0020000001;992;j
RS;sptinc992j;p99.94p99.95;1998;0.0020000001;992;j
RS;sptinc992j;p99.94p99.95;1999;0.0020999999;992;j
RS;sptinc992j;p99.94p99.95;2000;0.0023000001;992;j
RS;sptinc992j;p99.94p99.95;2001;0.0024000001;992;j
RS;sptinc992j;p99.94p99.95;2002;0.0024000001;992;j
RS;sptinc992j;p99.94p99.95;2003;0.0024000001;992;j
RS;sptinc992j;p99.94p99.95;2004;0.0024000001;992;j
RS;sptinc992j;p99.94p99.95;2005;0.0024000001;992;j
RS;sptinc992j;p99.94p99.95;2006;0.0024999999;992;j
RS;sptinc992j;p99.94p99.95;2007;0.0023000001;992;j
RS;sptinc992j;p99.94p99.95;2008;0.0023000001;992;j
RS;sptinc992j;p99.94p99.95;2009;0.0023000001;992;j
RS;sptinc992j;p99.94p99.95;2010;0.0024000001;992;j
RS;sptinc992j;p99.94p99.95;2011;0.0024999999;992;j
RS;sptinc992j;p99.94p99.95;2012;0.0022;992;j
RS;sptinc992j;p99.94p99.95;2013;0.0023000001;992;j
RS;sptinc992j;p99.94p99.95;2014;0.0029;992;j
RS;sptinc992j;p99.94p99.95;2015;0.0027999999;992;j
RS;sptinc992j;p99.94p99.95;2016;0.0027999999;992;j
RS;sptinc992j;p99.94p99.95;2017;0.0027999999;992;j
RS;sptinc992j;p99.991p100;1990;0.0085000005;992;j
RS;sptinc992j;p99.991p100;1991;0.0088;992;j
RS;sptinc992j;p99.991p100;1992;0.0089999996;992;j
RS;sptinc992j;p99.991p100;1993;0.0093999999;992;j
RS;sptinc992j;p99.991p100;1994;0.0096000005;992;j
RS;sptinc992j;p99.991p100;1995;0.0099999998;992;j
RS;sptinc992j;p99.991p100;1996;0.0103;992;j
RS;sptinc992j;p99.991p100;1997;0.0106;992;j
RS;sptinc992j;p99.991p100;1998;0.0104;992;j
RS;sptinc992j;p99.991p100;1999;0.0115;992;j
RS;sptinc992j;p99.991p100;2000;0.0124;992;j
RS;sptinc992j;p99.991p100;2001;0.0136;992;j
RS;sptinc992j;p99.991p100;2002;0.013;992;j
RS;sptinc992j;p99.991p100;2003;0.0126;992;j
RS;sptinc992j;p99.991p100;2004;0.013;992;j
RS;sptinc992j;p99.991p100;2005;0.0122;992;j
RS;sptinc992j;p99.991p100;2006;0.0124;992;j
RS;sptinc992j;p99.991p100;2007;0.0112;992;j
RS;sptinc992j;p99.991p100;2008;0.0116;992;j
RS;sptinc992j;p99.991p100;2009;0.0113;992;j
RS;sptinc992j;p99.991p100;2010;0.0108;992;j
RS;sptinc992j;p99.991p100;2011;0.0115;992;j
RS;sptinc992j;p99.991p100;2012;0.0082999999;992;j
RS;sptinc992j;p99.991p100;2013;0.0093999999;992;j
RS;sptinc992j;p99.991p100;2014;0.016799999;992;j
RS;sptinc992j;p99.991p100;2015;0.0164;992;j
RS;sptinc992j;p99.991p100;2016;0.0164;992;j
RS;sptinc992j;p99.991p100;2017;0.0164;992;j
RS;tcainc992j;p4p100;1990;62150.5;992;j
RS;tcainc992j;p4p100;1991;53630.699;992;j
RS;tcainc992j;p4p100;1992;36943.102;992;j
RS;tcainc992j;p4p100;1993;24204.801;992;j
RS;tcainc992j;p4p100;1994;25047.699;992;j
RS;tcainc992j;p4p100;1995;26087.1;992;j
RS;tcainc992j;p4p100;1996;26298.199;992;j
RS;tcainc992j;p4p100;1997;27893.5;992;j
RS;tcainc992j;p4p100;1998;31210.6;992;j
RS;tcainc992j;p4p100;1999;36746.898;992;j
RS;tcainc992j;p4p100;2000;37634.0;992;j
RS;tcainc992j;p4p100;2001;36276.5;992;j
RS;tcainc992j;p4p100;2002;27387.1;992;j
RS;tcainc992j;p4p100;2003;26480.1;992;j
RS;tcainc992j;p4p100;2004;26006.6;992;j
RS;tcainc992j;p4p100;2005;27702.199;992;j
RS;tcainc992j;p4p100;2006;26456.4;992;j
RS;tcainc992j;p4p100;2007;20613.801;992;j
RS;tcainc992j;p4p100;2008;23870.9;992;j
RS;tcainc992j;p4p100;2009;27054.1;992;j
RS;tcainc992j;p4p100;2010;26349.4;992;j
RS;tcainc992j;p4p100;2011;23030.1;992;j
RS;tcainc992j;p4p100;2012;16942.1;992;j
RS;tcainc992j;p4p100;2013;38626.102;992;j
RS;tcainc992j;p4p100;2014;76150.398;992;j
RS;tcainc992j;p4p100;2015;52256.398;992;j
RS;tcainc992j;p4p100;2016;54243.102;992;j
RS;tcainc992j;p4p100;2017;54204.602;992;j
RS;tcainc992j;p69p100;1990;596380.63;992;j
RS;tcainc992j;p69p100;1991;522138.91;992;j
RS;tcainc992j;p69p100;1992;356683.41;992;j
RS;tcainc992j;p69p100;1993;230557.41;992;j
RS;tcainc992j;p69p100;1994;236815.8;992;j
RS;tcainc992j;p69p100;1995;249492.0;992;j
RS;tcainc992j;p69p100;1996;251424.3;992;j
RS;tcainc992j;p69p100;1997;265069.41;992;j
RS;tcainc992j;p69p100;1998;288683.41;992;j
RS;tcainc992j;p69p100;1999;324522.69;992;j
RS;tcainc992j;p69p100;2000;347707.69;992;j
RS;tcainc992j;p69p100;2001;336501.09;992;j
RS;tcainc992j;p69p100;2002;354638.31;992;j
RS;tcainc992j;p69p100;2003;374574.81;992;j
RS;tcainc992j;p69p100;2004;449737.19;992;j
RS;tcainc992j;p69p100;2005;508692.0;992;j
RS;tcainc992j;p69p100;2006;537248.5;992;j
RS;tcainc992j;p69p100;2007;541593.69;992;j
RS;tcainc992j;p69p100;2008;583715.88;992;j
RS;tcainc992j;p69p100;2009;571077.88;992;j
RS;tcainc992j;p69p100;2010;573291.38;992;j
RS;tcainc992j;p69p100;2011;577542.81;992;j
RS;tcainc992j;p69p100;2012;573139.13;992;j
RS;tcainc992j;p69p100;2013;601789.81;992;j
RS;tcainc992j;p69p100;2014;563618.69;992;j
RS;tcainc992j;p69p100;2015;547065.5;992;j
RS;tcainc992j;p69p100;2016;567367.38;992;j
RS;tcainc992j;p69p100;2017;567662.5;992;j
RS;tcainc992j;p72p100;1990;633557.63;992;j
RS;tcainc992j;p72p100;1991;550137.38;992;j
RS;tcainc992j;p72p100;1992;376429.31;992;j
RS;tcainc992j;p72p100;1993;243634.09;992;j
RS;tcainc992j;p72p100;1994;250514.7;992;j
RS;tcainc992j;p72p100;1995;263804.69;992;j
RS;tcainc992j;p72p100;1996;265902.09;992;j
RS;tcainc992j;p72p100;1997;280651.81;992;j
RS;tcainc992j;p72p100;1998;304991.0;992;j
RS;tcainc992j;p72p100;1999;343071.09;992;j
RS;tcainc992j;p72p100;2000;367843.81;992;j
RS;tcainc992j;p72p100;2001;356503.31;992;j
RS;tcainc992j;p72p100;2002;374803.91;992;j
RS;tcainc992j;p72p100;2003;395891.91;992;j
RS;tcainc992j;p72p100;2004;478001.91;992;j
RS;tcainc992j;p72p100;2005;540033.13;992;j
RS;tcainc992j;p72p100;2006;569510.31;992;j
RS;tcainc992j;p72p100;2007;574139.88;992;j
RS;tcainc992j;p72p100;2008;620035.19;992;j
RS;tcainc992j;p72p100;2009;608587.38;992;j
RS;tcainc992j;p72p100;2010;610360.88;992;j
RS;tcainc992j;p72p100;2011;612210.13;992;j
RS;tcainc992j;p72p100;2012;610858.81;992;j
RS;tcainc992j;p72p100;2013;641416.63;992;j
RS;tcainc992j;p72p100;2014;600841.31;992;j
RS;tcainc992j;p72p100;2015;583593.38;992;j
RS;tcainc992j;p72p100;2016;605076.5;992;j
RS;tcainc992j;p72p100;2017;605407.0;992;j
RS;tcainc992j;p77p100;1990;699860.31;992;j
RS;tcainc992j;p77p100;1991;605888.31;992;j
RS;tcainc992j;p77p100;1992;413912.31;992;j
RS;tcainc992j;p77p100;1993;267646.31;992;j
RS;tcainc992j;p77p100;1994;274939.09;992;j
RS;tcainc992j;p77p100;1995;289930.31;992;j
RS;tcainc992j;p77p100;1996;291978.81;992;j
RS;tcainc992j;p77p100;1997;307571.81;992;j
RS;tcainc992j;p77p100;1998;332348.59;992;j
RS;tcainc992j;p77p100;1999;375345.09;992;j
RS;tcainc992j;p77p100;2000;403648.31;992;j
RS;tcainc992j;p77p100;2001;389718.69;992;j
RS;tcainc992j;p77p100;2002;412048.19;992;j
RS;tcainc992j;p77p100;2003;436086.59;992;j
RS;tcainc992j;p77p100;2004;524902.5;992;j
RS;tcainc992j;p77p100;2005;597263.38;992;j
RS;tcainc992j;p77p100;2006;630643.38;992;j
RS;tcainc992j;p77p100;2007;638122.38;992;j
RS;tcainc992j;p77p100;2008;686738.31;992;j
RS;tcainc992j;p77p100;2009;677593.63;992;j
RS;tcainc992j;p77p100;2010;680824.69;992;j
RS;tcainc992j;p77p100;2011;689005.31;992;j
RS;tcainc992j;p77p100;2012;685415.69;992;j
RS;tcainc992j;p77p100;2013;722445.0;992;j
RS;tcainc992j;p77p100;2014;666861.81;992;j
RS;tcainc992j;p77p100;2015;651989.81;992;j
RS;tcainc992j;p77p100;2016;676069.0;992;j
RS;tcainc992j;p77p100;2017;676696.13;992;j
RS;tcainc992j;p99.4p99.5;1990;2642343.3;992;j
RS;tcainc992j;p99.4p99.5;1991;2283480.8;992;j
RS;tcainc992j;p99.4p99.5;1992;1562008.9;992;j
RS;tcainc992j;p99.4p99.5;1993;1016056.4;992;j
RS;tcainc992j;p99.4p99.5;1994;1046811.8;992;j
RS;tcainc992j;p99.4p99.5;1995;1105626.3;992;j
RS;tcainc992j;p99.4p99.5;1996;1106636.9;992;j
RS;tcainc992j;p99.4p99.5;1997;1159328.6;992;j
RS;tcainc992j;p99.4p99.5;1998;1293993.1;992;j
RS;tcainc992j;p99.4p99.5;1999;1526426.9;992;j
RS;tcainc992j;p99.4p99.5;2000;1744965.6;992;j
RS;tcainc992j;p99.4p99.5;2001;1741973.8;992;j
RS;tcainc992j;p99.4p99.5;2002;1880965.4;992;j
RS;tcainc992j;p99.4p99.5;2003;1967557.6;992;j
RS;tcainc992j;p99.4p99.5;2004;2385441.5;992;j
RS;tcainc992j;p99.4p99.5;2005;2782373.8;992;j
RS;tcainc992j;p99.4p99.5;2006;3034912.5;992;j
RS;tcainc992j;p99.4p99.5;2007;2997133.0;992;j
RS;tcainc992j;p99.4p99.5;2008;3243379.8;992;j
RS;tcainc992j;p99.4p99.5;2009;3290854.5;992;j
RS;tcainc992j;p99.4p99.5;2010;3418877.0;992;j
RS;tcainc992j;p99.4p99.5;2011;3550180.0;992;j
RS;tcainc992j;p99.4p99.5;2012;3653243.8;992;j
RS;tcainc992j;p99.4p99.5;2013;3657968.5;992;j
RS;tcainc992j;p99.4p99.5;2014;3596520.3;992;j
RS;tcainc992j;p99.4p99.5;2015;3883768.8;992;j
RS;tcainc992j;p99.4p99.5;2016;4027862.8;992;j
RS;tcainc992j;p99.4p99.5;2017;4032040.8;992;j
RS;tdiinc992j;p21p100;1990;316635.69;992;j
RS;tdiinc992j;p21p100;1991;279136.59;992;j
RS;tdiinc992j;p21p100;1992;194550.41;992;j
RS;tdiinc992j;p21p100;1993;128037.8;992;j
RS;tdiinc992j;p21p100;1994;133962.2;992;j
RS;tdiinc992j;p21p100;1995;143702.09;992;j
RS;tdiinc992j;p21p100;1996;147157.8;992;j
RS;tdiinc992j;p21p100;1997;159050.8;992;j
RS;tdiinc992j;p21p100;1998;172133.3;992;j
RS;tdiinc992j;p21p100;1999;184074.09;992;j
RS;tdiinc992j;p21p100;2000;205580.3;992;j
RS;tdiinc992j;p21p100;2001;206259.8;992;j
RS;tdiinc992j;p21p100;2002;210270.09;992;j
RS;tdiinc992j;p21p100;2003;215657.7;992;j
RS;tdiinc992j;p21p100;2004;226699.09;992;j
RS;tdiinc992j;p21p100;2005;249200.59;992;j
RS;tdiinc992j;p21p100;2006;246367.2;992;j
RS;tdiinc992j;p21p100;2007;252831.41;992;j
RS;tdiinc992j;p21p100;2008;260347.2;992;j
RS;tdiinc992j;p21p100;2009;235423.5;992;j
RS;tdiinc992j;p21p100;2010;216806.7;992;j
RS;tdiinc992j;p21p100;2011;196565.5;992;j
RS;tdiinc992j;p21p100;2012;202067.41;992;j
RS;tdiinc992j;p21p100;2013;171580.59;992;j
RS;tdiinc992j;p21p100;2014;207712.7;992;j
RS;tdiinc992j;p21p100;2015;182504.2;992;j
RS;tdiinc992j;p21p100;2016;181819.91;992;j
RS;tdiinc992j;p21p100;2017;181916.09;992;j
RS;tdiinc992j;p51p52;1990;634773.38;992;j
RS;tdiinc992j;p51p52;1991;552828.5;992;j
RS;tdiinc992j;p51p52;1992;379550.09;992;j
RS;tdiinc992j;p51p52;1993;246010.41;992;j
RS;tdiinc992j;p51p52;1994;253386.41;992;j
RS;tdiinc992j;p51p52;1995;267271.19;992;j
RS;tdiinc992j;p51p52;1996;269744.91;992;j
RS;tdiinc992j;p51p52;1997;286641.59;992;j
RS;tdiinc992j;p51p52;1998;294766.41;992;j
RS;tdiinc992j;p51p52;1999;320532.59;992;j
RS;tdiinc992j;p51p52;2000;350782.31;992;j
RS;tdiinc992j;p51p52;2001;347832.81;992;j
RS;tdiinc992j;p51p52;2002;375183.5;992;j
RS;tdiinc992j;p51p52;2003;390559.59;992;j
RS;tdiinc992j;p51p52;2004;439302.31;992;j
RS;tdiinc992j;p51p52;2005;479210.59;992;j
RS;tdiinc992j;p51p52;2006;503277.19;992;j
RS;tdiinc992j;p51p52;2007;521650.81;992;j
RS;tdiinc992j;p51p52;2008;552765.63;992;j
RS;tdiinc992j;p51p52;2009;538048.81;992;j
RS;tdiinc992j;p51p52;2010;530108.88;992;j
RS;tdiinc992j;p51p52;2011;524426.31;992;j
RS;tdiinc992j;p51p52;2012;516825.0;992;j
RS;tdiinc992j;p51p52;2013;531535.88;992;j
RS;tdiinc992j;p51p52;2014;512926.81;992;j
RS;tdiinc992j;p51p52;2015;510727.69;992;j
RS;tdiinc992j;p51p52;2016;524101.09;992;j
RS;tdiinc992j;p51p52;2017;526906.13;992;j
RS;tdiinc992j;p71p72;1990;866537.0;992;j
RS;tdiinc992j;p71p72;1991;754902.81;992;j
RS;tdiinc992j;p71p72;1992;516068.59;992;j
RS;tdiinc992j;p71p72;1993;334557.41;992;j
RS;tdiinc992j;p71p72;1994;344163.31;992;j
RS;tdiinc992j;p71p72;1995;362871.59;992;j
RS;tdiinc992j;p71p72;1996;365916.5;992;j
RS;tdiinc992j;p71p72;1997;387787.31;992;j
RS;tdiinc992j;p71p72;1998;405826.09;992;j
RS;tdiinc992j;p71p72;1999;439565.91;992;j
RS;tdiinc992j;p71p72;2000;477153.41;992;j
RS;tdiinc992j;p71p72;2001;471003.31;992;j
RS;tdiinc992j;p71p72;2002;509108.09;992;j
RS;tdiinc992j;p71p72;2003;536771.0;992;j
RS;tdiinc992j;p71p72;2004;608634.69;992;j
RS;tdiinc992j;p71p72;2005;675142.13;992;j
RS;tdiinc992j;p71p72;2006;712802.81;992;j
RS;tdiinc992j;p71p72;2007;741417.81;992;j
RS;tdiinc992j;p71p72;2008;793187.63;992;j
RS;tdiinc992j;p71p72;2009;774334.88;992;j
RS;tdiinc992j;p71p72;2010;776239.38;992;j
RS;tdiinc992j;p71p72;2011;774167.5;992;j
RS;tdiinc992j;p71p72;2012;771544.31;992;j
RS;tdiinc992j;p71p72;2013;809345.19;992;j
RS;tdiinc992j;p71p72;2014;762056.13;992;j
RS;tdiinc992j;p71p72;2015;741118.13;992;j
RS;tdiinc992j;p71p72;2016;764757.38;992;j
RS;tdiinc992j;p71p72;2017;769369.63;992;j
RS;tdiinc992j;p94p95;1990;1458835.5;992;j
RS;tdiinc992j;p94p95;1991;1266864.4;992;j
RS;tdiinc992j;p94p95;1992;868639.88;992;j
RS;tdiinc992j;p94p95;1993;563124.0;992;j
RS;tdiinc992j;p94p95;1994;579451.19;992;j
RS;tdiinc992j;p94p95;1995;610882.13;992;j
RS;tdiinc992j;p94p95;1996;614692.81;992;j
RS;tdiinc992j;p94p95;1997;649933.63;992;j
RS;tdiinc992j;p94p95;1998;690147.13;992;j
RS;tdiinc992j;p94p95;1999;756824.88;992;j
RS;tdiinc992j;p94p95;2000;833880.0;992;j
RS;tdiinc992j;p94p95;2001;830540.63;992;j
RS;tdiinc992j;p94p95;2002;908381.19;992;j
RS;tdiinc992j;p94p95;2003;964981.88;992;j
RS;tdiinc992j;p94p95;2004;1112213.1;992;j
RS;tdiinc992j;p94p95;2005;1258342.3;992;j
RS;tdiinc992j;p94p95;2006;1357586.8;992;j
RS;tdiinc992j;p94p95;2007;1411941.9;992;j
RS;tdiinc992j;p94p95;2008;1523772.3;992;j
RS;tdiinc992j;p94p95;2009;1496652.5;992;j
RS;tdiinc992j;p94p95;2010;1546798.4;992;j
RS;tdiinc992j;p94p95;2011;1593388.8;992;j
RS;tdiinc992j;p94p95;2012;1534358.6;992;j
RS;tdiinc992j;p94p95;2013;1600144.8;992;j
RS;tdiinc992j;p94p95;2014;1463760.1;992;j
RS;tdiinc992j;p94p95;2015;1449384.5;992;j
RS;tdiinc992j;p94p95;2016;1504276.9;992;j
RS;tdiinc992j;p94p95;2017;1514473.6;992;j
RS;tptinc992j;p42p100;1990;515526.91;992;j
RS;tptinc992j;p42p100;1991;443557.19;992;j
RS;tptinc992j;p42p100;1992;301485.5;992;j
RS;tptinc992j;p42p100;1993;194127.91;992;j
RS;tptinc992j;p42p100;1994;198199.5;992;j
RS;tptinc992j;p42p100;1995;207433.0;992;j
RS;tptinc992j;p42p100;1996;207764.7;992;j
RS;tptinc992j;p42p100;1997;218929.09;992;j
RS;tptinc992j;p42p100;1998;225805.59;992;j
RS;tptinc992j;p42p100;1999;246899.3;992;j
RS;tptinc992j;p42p100;2000;268424.19;992;j
RS;tptinc992j;p42p100;2001;267252.59;992;j
RS;tptinc992j;p42p100;2002;285229.91;992;j
RS;tptinc992j;p42p100;2003;297303.41;992;j
RS;tptinc992j;p42p100;2004;330652.5;992;j
RS;tptinc992j;p42p100;2005;360229.09;992;j
RS;tptinc992j;p42p100;2006;376480.81;992;j
RS;tptinc992j;p42p100;2007;391223.81;992;j
RS;tptinc992j;p42p100;2008;413355.41;992;j
RS;tptinc992j;p42p100;2009;402632.0;992;j
RS;tptinc992j;p42p100;2010;394661.69;992;j
RS;tptinc992j;p42p100;2011;387362.59;992;j
RS;tptinc992j;p42p100;2012;382760.19;992;j
RS;tptinc992j;p42p100;2013;399787.91;992;j
RS;tptinc992j;p42p100;2014;378476.69;992;j
RS;tptinc992j;p42p100;2015;391723.59;992;j
RS;tptinc992j;p42p100;2016;403649.31;992;j
RS;tptinc992j;p42p100;2017;405547.19;992;j
RS;tptinc992j;p66p100;1990;803385.63;992;j
RS;tptinc992j;p66p100;1991;693587.19;992;j
RS;tptinc992j;p66p100;1992;472602.41;992;j
RS;tptinc992j;p66p100;1993;305247.81;992;j
RS;tptinc992j;p66p100;1994;313550.31;992;j
RS;tptinc992j;p66p100;1995;329105.91;992;j
RS;tptinc992j;p66p100;1996;330774.31;992;j
RS;tptinc992j;p66p100;1997;349522.31;992;j
RS;tptinc992j;p66p100;1998;366713.81;992;j
RS;tptinc992j;p66p100;1999;397408.19;992;j
RS;tptinc992j;p66p100;2000;430001.0;992;j
RS;tptinc992j;p66p100;2001;425895.5;992;j
RS;tptinc992j;p66p100;2002;461035.59;992;j
RS;tptinc992j;p66p100;2003;484600.5;992;j
RS;tptinc992j;p66p100;2004;537669.31;992;j
RS;tptinc992j;p66p100;2005;595916.38;992;j
RS;tptinc992j;p66p100;2006;633229.81;992;j
RS;tptinc992j;p66p100;2007;663828.88;992;j
RS;tptinc992j;p66p100;2008;709823.31;992;j
RS;tptinc992j;p66p100;2009;697371.5;992;j
RS;tptinc992j;p66p100;2010;690894.88;992;j
RS;tptinc992j;p66p100;2011;689297.88;992;j
RS;tptinc992j;p66p100;2012;693959.81;992;j
RS;tptinc992j;p66p100;2013;719740.81;992;j
RS;tptinc992j;p66p100;2014;690286.31;992;j
RS;tptinc992j;p66p100;2015;701450.13;992;j
RS;tptinc992j;p66p100;2016;722895.31;992;j
RS;tptinc992j;p66p100;2017;726900.19;992;j
RS;tptinc992j;p91p92;1990;1354055.5;992;j
RS;tptinc992j;p91p92;1991;1176900.6;992;j
RS;tptinc992j;p91p92;1992;805518.31;992;j
RS;tptinc992j;p91p92;1993;522510.5;992;j
RS;tptinc992j;p91p92;1994;537146.81;992;j
RS;tptinc992j;p91p92;1995;566655.88;992;j
RS;tptinc992j;p91p92;1996;571469.88;992;j
RS;tptinc992j;p91p92;1997;606343.31;992;j
RS;tptinc992j;p91p92;1998;638256.19;992;j
RS;tptinc992j;p91p92;1999;693475.13;992;j
RS;tptinc992j;p91p92;2000;759916.38;992;j
RS;tptinc992j;p91p92;2001;754415.31;992;j
RS;tptinc992j;p91p92;2002;822361.63;992;j
RS;tptinc992j;p91p92;2003;881470.19;992;j
RS;tptinc992j;p91p92;2004;1010345.9;992;j
RS;tptinc992j;p91p92;2005;1152379.0;992;j
RS;tptinc992j;p91p92;2006;1229389.4;992;j
RS;tptinc992j;p91p92;2007;1289629.9;992;j
RS;tptinc992j;p91p92;2008;1382737.0;992;j
RS;tptinc992j;p91p92;2009;1377304.4;992;j
RS;tptinc992j;p91p92;2010;1399381.4;992;j
RS;tptinc992j;p91p92;2011;1426990.3;992;j
RS;tptinc992j;p91p92;2012;1421239.6;992;j
RS;tptinc992j;p91p92;2013;1450385.3;992;j
RS;tptinc992j;p91p92;2014;1394131.6;992;j
RS;tptinc992j;p91p92;2015;1412310.9;992;j
RS;tptinc992j;p91p92;2016;1455578.0;992;j
RS;tptinc992j;p91p92;2017;1463911.3;992;j
RS;tptinc992j;p99.98p100;1990;21848524.0;992;j
RS;tptinc992j;p99.98p100;1991;19488252.0;992;j
RS;tptinc992j;p99.98p100;1992;13612986.0;992;j
RS;tptinc992j;p99.98p100;1993;9061345.0;992;j
RS;tptinc992j;p99.98p100;1994;9506042.0;992;j
RS;tptinc992j;p99.98p100;1995;10295135.0;992;j
RS;tptinc992j;p99.98p100;1996;10562936.0;992;j
RS;tptinc992j;p99.98p100;1997;11404515.0;992;j
RS;tptinc992j;p99.98p100;1998;11974176.0;992;j
RS;tptinc992j;p99.98p100;1999;13961306.0;992;j
RS;tptinc992j;p99.98p100;2000;16438065.0;992;j
RS;tptinc992j;p99.98p100;2001;17423092.0;992;j
RS;tptinc992j;p99.98p100;2002;18573776.0;992;j
RS;tptinc992j;p99.98p100;2003;19191528.0;992;j
RS;tptinc992j;p99.98p100;2004;22291864.0;992;j
RS;tptinc992j;p99.98p100;2005;24450774.0;992;j
RS;tptinc992j;p99.98p100;2006;26120002.0;992;j
RS;tptinc992j;p99.98p100;2007;25037488.0;992;j
RS;tptinc992j;p99.98p100;2008;27207832.0;992;j
RS;tptinc992j;p99.98p100;2009;26580460.0;992;j
RS;tptinc992j;p99.98p100;2010;26686290.0;992;j
RS;tptinc992j;p99.98p100;2011;28111460.0;992;j
RS;tptinc992j;p99.98p100;2012;23881490.0;992;j
RS;tptinc992j;p99.98p100;2013;25706130.0;992;j
RS;tptinc992j;p99.98p100;2014;34746496.0;992;j
RS;tptinc992j;p99.98p100;2015;33781432.0;992;j
RS;tptinc992j;p99.98p100;2016;34863752.0;992;j
RS;tptinc992j;p99.98p100;2017;35117776.0;992;j
RS;xlceup999i;p0p100;1995;1.8878007;999;i
RS;xlceup999i;p0p100;1996;3.4081829;999;i
RS;xlceup999i;p0p100;1997;4.0442009;999;i
RS;xlceup999i;p0p100;1998;5.019176;999;i
RS;xlceup999i;p0p100;1999;6.5816598;999;i
RS;xlceup999i;p0p100;2000;11.592571;999;i
RS;xlceup999i;p0p100;2001;21.411512;999;i
RS;xlceup999i;p0p100;2002;24.667908;999;i
RS;xlceup999i;p0p100;2003;27.166664;999;i
RS;xlceup999i;p0p100;2004;29.072741;999;i
RS;xlceup999i;p0p100;2005;32.96492;999;i
RS;xlceup999i;p0p100;2006;36.301598;999;i
RS;xlceup999i;p0p100;2007;38.501583;999;i
RS;xlceup999i;p0p100;2008;41.145741;999;i
RS;xlceup999i;p0p100;2009;43.987534;999;i
RS;xlceup999i;p0p100;2010;46.207146;999;i
RS;xlceup999i;p0p100;2011;49.787758;999;i
RS;xlceup999i;p0p100;2012;52.201996;999;i
RS;xlceup999i;p0p100;2013;54.209583;999;i
RS;xlceup999i;p0p100;2014;55.09417;999;i
RS;xlceup999i;p0p100;2015;55.348335;999;i
RS;xlceup999i;p0p100;2016;55.684582;999;i
RS;xlceup999i;p0p100;2017;56.824512;999;i
RS;xlceup999i;p0p100;2018;57.29269;999;i
RS;xlceup999i;p0p100;2019;57.365589;999;i
RS;acainc992j;p11p12;1990;126059.6;992;j
RS;acainc992j;p11p12;1991;111190.8;992;j
RS;acainc992j;p11p12;1992;77668.703;992;j
RS;acainc992j;p11p12;1993;51378.602;992;j
RS;acainc992j;p11p12;1994;54045.301;992;j
RS;acainc992j;p11p12;1995;58112.699;992;j
RS;acainc992j;p11p12;1996;60026.5;992;j
RS;acainc992j;p11p12;1997;64771.602;992;j
RS;acainc992j;p11p12;1998;78352.297;992;j
RS;acainc992j;p11p12;1999;89634.797;992;j
RS;acainc992j;p11p12;2000;94180.5;992;j
RS;acainc992j;p11p12;2001;91175.297;992;j
RS;acainc992j;p11p12;2002;83857.398;992;j
RS;acainc992j;p11p12;2003;80767.203;992;j
RS;acainc992j;p11p12;2004;81696.297;992;j
RS;acainc992j;p11p12;2005;82172.203;992;j
RS;acainc992j;p11p12;2006;75787.703;992;j
RS;acainc992j;p11p12;2007;66249.602;992;j
RS;acainc992j;p11p12;2008;66934.102;992;j
RS;acainc992j;p11p12;2009;63781.301;992;j
RS;acainc992j;p11p12;2010;52593.801;992;j
RS;acainc992j;p11p12;2011;43794.301;992;j
RS;acainc992j;p11p12;2012;36273.602;992;j
RS;acainc992j;p11p12;2013;52205.898;992;j
RS;acainc992j;p11p12;2014;89310.703;992;j
RS;acainc992j;p11p12;2015;64895.398;992;j
RS;acainc992j;p11p12;2016;67472.898;992;j
RS;acainc992j;p11p12;2017;67365.703;992;j
RS;acainc992j;p13p100;1990;582980.0;992;j
RS;acainc992j;p13p100;1991;505988.31;992;j
RS;acainc992j;p13p100;1992;346336.0;992;j
RS;acainc992j;p13p100;1993;224482.5;992;j
RS;acainc992j;p13p100;1994;231077.7;992;j
RS;acainc992j;p13p100;1995;243762.5;992;j
RS;acainc992j;p13p100;1996;245603.8;992;j
RS;acainc992j;p13p100;1997;259011.7;992;j
RS;acainc992j;p13p100;1998;283562.31;992;j
RS;acainc992j;p13p100;1999;323688.0;992;j
RS;acainc992j;p13p100;2000;351597.91;992;j
RS;acainc992j;p13p100;2001;342838.19;992;j
RS;acainc992j;p13p100;2002;359793.0;992;j
RS;acainc992j;p13p100;2003;379367.09;992;j
RS;acainc992j;p13p100;2004;454653.91;992;j
RS;acainc992j;p13p100;2005;518429.91;992;j
RS;acainc992j;p13p100;2006;547774.5;992;j
RS;acainc992j;p13p100;2007;547989.13;992;j
RS;acainc992j;p13p100;2008;587073.88;992;j
RS;acainc992j;p13p100;2009;580635.31;992;j
RS;acainc992j;p13p100;2010;583838.81;992;j
RS;acainc992j;p13p100;2011;590635.5;992;j
RS;acainc992j;p13p100;2012;590636.38;992;j
RS;acainc992j;p13p100;2013;601712.13;992;j
RS;acainc992j;p13p100;2014;585068.88;992;j
RS;acainc992j;p13p100;2015;594261.5;992;j
RS;acainc992j;p13p100;2016;616307.19;992;j
RS;acainc992j;p13p100;2017;616856.38;992;j
RS;acainc992j;p56p57;1990;483914.81;992;j
RS;acainc992j;p56p57;1991;420824.09;992;j
RS;acainc992j;p56p57;1992;288318.5;992;j
RS;acainc992j;p56p57;1993;186809.0;992;j
RS;acainc992j;p56p57;1994;192419.91;992;j
RS;acainc992j;p56p57;1995;203151.3;992;j
RS;acainc992j;p56p57;1996;205063.5;992;j
RS;acainc992j;p56p57;1997;216650.91;992;j
RS;acainc992j;p56p57;1998;235824.09;992;j
RS;acainc992j;p56p57;1999;265830.09;992;j
RS;acainc992j;p56p57;2000;285898.81;992;j
RS;acainc992j;p56p57;2001;276052.19;992;j
RS;acainc992j;p56p57;2002;288584.19;992;j
RS;acainc992j;p56p57;2003;304077.41;992;j
RS;acainc992j;p56p57;2004;360718.0;992;j
RS;acainc992j;p56p57;2005;406552.0;992;j
RS;acainc992j;p56p57;2006;427002.19;992;j
RS;acainc992j;p56p57;2007;429051.19;992;j
RS;acainc992j;p56p57;2008;457572.09;992;j
RS;acainc992j;p56p57;2009;450255.69;992;j
RS;acainc992j;p56p57;2010;444159.91;992;j
RS;acainc992j;p56p57;2011;444629.09;992;j
RS;acainc992j;p56p57;2012;440455.5;992;j
RS;acainc992j;p56p57;2013;449178.5;992;j
RS;acainc992j;p56p57;2014;431339.09;992;j
RS;acainc992j;p56p57;2015;426670.19;992;j
RS;acainc992j;p56p57;2016;442498.81;992;j
RS;acainc992j;p56p57;2017;442776.81;992;j
RS;acainc992j;p99.3p100;1990;4877310.5;992;j
RS;acainc992j;p99.3p100;1991;4141423.3;992;j
RS;acainc992j;p99.3p100;1992;2767779.0;992;j
RS;acainc992j;p99.3p100;1993;1773596.0;992;j
RS;acainc992j;p99.3p100;1994;1809305.5;992;j
RS;acainc992j;p99.3p100;1995;1895106.9;992;j
RS;acainc992j;p99.3p100;1996;1877224.8;992;j
RS;acainc992j;p99.3p100;1997;1944933.6;992;j
RS;acainc992j;p99.3p100;1998;2200066.0;992;j
RS;acainc992j;p99.3p100;1999;2723976.5;992;j
RS;acainc992j;p99.3p100;2000;3140387.8;992;j
RS;acainc992j;p99.3p100;2001;3256943.3;992;j
RS;acainc992j;p99.3p100;2002;3430079.0;992;j
RS;acainc992j;p99.3p100;2003;3582225.3;992;j
RS;acainc992j;p99.3p100;2004;4341050.0;992;j
RS;acainc992j;p99.3p100;2005;5149545.5;992;j
RS;acainc992j;p99.3p100;2006;5444220.5;992;j
RS;acainc992j;p99.3p100;2007;5176944.0;992;j
RS;acainc992j;p99.3p100;2008;5407322.5;992;j
RS;acainc992j;p99.3p100;2009;5768252.5;992;j
RS;acainc992j;p99.3p100;2010;5866290.0;992;j
RS;acainc992j;p99.3p100;2011;6016524.5;992;j
RS;acainc992j;p99.3p100;2012;6979766.0;992;j
RS;acainc992j;p99.3p100;2013;6461061.0;992;j
RS;acainc992j;p99.3p100;2014;7820783.5;992;j
RS;acainc992j;p99.3p100;2015;10008351.0;992;j
RS;acainc992j;p99.3p100;2016;10382134.0;992;j
RS;acainc992j;p99.3p100;2017;10401582.0;992;j
RS;acainc992j;p99.95p99.96;1990;9458468.0;992;j
RS;acainc992j;p99.95p99.96;1991;7987810.5;992;j
RS;acainc992j;p99.95p99.96;1992;5296892.0;992;j
RS;acainc992j;p99.95p99.96;1993;3376361.5;992;j
RS;acainc992j;p99.95p99.96;1994;3431083.3;992;j
RS;acainc992j;p99.95p99.96;1995;3581646.5;992;j
RS;acainc992j;p99.95p99.96;1996;3530377.8;992;j
RS;acainc992j;p99.95p99.96;1997;3637637.0;992;j
RS;acainc992j;p99.95p99.96;1998;4144158.5;992;j
RS;acainc992j;p99.95p99.96;1999;5245212.0;992;j
RS;acainc992j;p99.95p99.96;2000;6084046.5;992;j
RS;acainc992j;p99.95p99.96;2001;6398015.0;992;j
RS;acainc992j;p99.95p99.96;2002;6690770.5;992;j
RS;acainc992j;p99.95p99.96;2003;6975087.5;992;j
RS;acainc992j;p99.95p99.96;2004;8446355.0;992;j
RS;acainc992j;p99.95p99.96;2005;10080153.0;992;j
RS;acainc992j;p99.95p99.96;2006;10553229.0;992;j
RS;acainc992j;p99.95p99.96;2007;9868011.0;992;j
RS;acainc992j;p99.95p99.96;2008;10127541.0;992;j
RS;acainc992j;p99.95p99.96;2009;11078078.0;992;j
RS;acainc992j;p99.95p99.96;2010;11160240.0;992;j
RS;acainc992j;p99.95p99.96;2011;11378315.0;992;j
RS;acainc992j;p99.95p99.96;2012;13862119.0;992;j
RS;acainc992j;p99.95p99.96;2013;12466790.0;992;j
RS;acainc992j;p99.95p99.96;2014;15886541.0;992;j
RS;acainc992j;p99.95p99.96;2015;20340904.0;992;j
RS;acainc992j;p99.95p99.96;2016;21099400.0;992;j
RS;acainc992j;p99.95p99.96;2017;21136804.0;992;j
RS;acainc992j;p99.994p100;1990;59040068.0;992;j
RS;acainc992j;p99.994p100;1991;47585148.0;992;j
RS;acainc992j;p99.994p100;1992;29532500.0;992;j
RS;acainc992j;p99.994p100;1993;17956204.0;992;j
RS;acainc992j;p99.994p100;1994;17691972.0;992;j
RS;acainc992j;p99.994p100;1995;17978376.0;992;j
RS;acainc992j;p99.994p100;1996;17222978.0;992;j
RS;acainc992j;p99.994p100;1997;17203476.0;992;j
RS;acainc992j;p99.994p100;1998;20244686.0;992;j
RS;acainc992j;p99.994p100;1999;28924232.0;992;j
RS;acainc992j;p99.994p100;2000;33383766.0;992;j
RS;acainc992j;p99.994p100;2001;38488412.0;992;j
RS;acainc992j;p99.994p100;2002;37274112.0;992;j
RS;acainc992j;p99.994p100;2003;39126776.0;992;j
RS;acainc992j;p99.994p100;2004;47631992.0;992;j
RS;acainc992j;p99.994p100;2005;59278732.0;992;j
RS;acainc992j;p99.994p100;2006;56421140.0;992;j
RS;acainc992j;p99.994p100;2007;47826900.0;992;j
RS;acainc992j;p99.994p100;2008;44136296.0;992;j
RS;acainc992j;p99.994p100;2009;55374092.0;992;j
RS;acainc992j;p99.994p100;2010;52282656.0;992;j
RS;acainc992j;p99.994p100;2011;51247140.0;992;j
RS;acainc992j;p99.994p100;2012;84939048.0;992;j
RS;acainc992j;p99.994p100;2013;62683804.0;992;j
RS;acainc992j;p99.994p100;2014;132576984.0;992;j
RS;acainc992j;p99.994p100;2015;236230240.0;992;j
RS;acainc992j;p99.994p100;2016;245220864.0;992;j
RS;acainc992j;p99.994p100;2017;246016144.0;992;j
RS;acolgo999i;p0p100;1997;36809.199;999;i
RS;acolgo999i;p0p100;1998;36001.301;999;i
RS;acolgo999i;p0p100;1999;37375.301;999;i
RS;acolgo999i;p0p100;2000;38835.398;999;i
RS;acolgo999i;p0p100;2001;45228.398;999;i
RS;acolgo999i;p0p100;2002;48288.699;999;i
RS;acolgo999i;p0p100;2003;49908.699;999;i
RS;acolgo999i;p0p100;2004;39849.102;999;i
RS;acolgo999i;p0p100;2005;37001.0;999;i
RS;acolgo999i;p0p100;2006;38249.898;999;i
RS;acolgo999i;p0p100;2007;44339.0;999;i
RS;acolgo999i;p0p100;2008;44250.801;999;i
RS;acolgo999i;p0p100;2009;40042.699;999;i
RS;acolgo999i;p0p100;2010;40971.801;999;i
RS;acolgo999i;p0p100;2011;39723.898;999;i
RS;adiinc992j;p14p15;1990;238773.5;992;j
RS;adiinc992j;p14p15;1991;211076.3;992;j
RS;adiinc992j;p14p15;1992;147014.09;992;j
RS;adiinc992j;p14p15;1993;96909.297;992;j
RS;adiinc992j;p14p15;1994;101428.2;992;j
RS;adiinc992j;p14p15;1995;108679.9;992;j
RS;adiinc992j;p14p15;1996;111228.6;992;j
RS;adiinc992j;p14p15;1997;120085.9;992;j
RS;adiinc992j;p14p15;1998;132314.2;992;j
RS;adiinc992j;p14p15;1999;142576.8;992;j
RS;adiinc992j;p14p15;2000;155712.7;992;j
RS;adiinc992j;p14p15;2001;152680.8;992;j
RS;adiinc992j;p14p15;2002;151053.91;992;j
RS;adiinc992j;p14p15;2003;155126.8;992;j
RS;adiinc992j;p14p15;2004;154556.2;992;j
RS;adiinc992j;p14p15;2005;165556.8;992;j
RS;adiinc992j;p14p15;2006;161634.09;992;j
RS;adiinc992j;p14p15;2007;161754.0;992;j
RS;adiinc992j;p14p15;2008;163544.8;992;j
RS;adiinc992j;p14p15;2009;154948.7;992;j
RS;adiinc992j;p14p15;2010;142397.41;992;j
RS;adiinc992j;p14p15;2011;126913.3;992;j
RS;adiinc992j;p14p15;2012;122943.2;992;j
RS;adiinc992j;p14p15;2013;125672.2;992;j
RS;adiinc992j;p14p15;2014;168179.7;992;j
RS;adiinc992j;p14p15;2015;139942.3;992;j
RS;adiinc992j;p14p15;2016;137292.8;992;j
RS;adiinc992j;p14p15;2017;137181.2;992;j
RS;adiinc992j;p16p17;1990;253631.41;992;j
RS;adiinc992j;p16p17;1991;223559.7;992;j
RS;adiinc992j;p16p17;1992;155495.41;992;j
RS;adiinc992j;p16p17;1993;102242.3;992;j
RS;adiinc992j;p16p17;1994;106773.0;992;j
RS;adiinc992j;p16p17;1995;114381.6;992;j
RS;adiinc992j;p16p17;1996;117068.8;992;j
RS;adiinc992j;p16p17;1997;126318.4;992;j
RS;adiinc992j;p16p17;1998;138333.5;992;j
RS;adiinc992j;p16p17;1999;152054.8;992;j
RS;adiinc992j;p16p17;2000;164963.59;992;j
RS;adiinc992j;p16p17;2001;161651.5;992;j
RS;adiinc992j;p16p17;2002;161791.09;992;j
RS;adiinc992j;p16p17;2003;169498.41;992;j
RS;adiinc992j;p16p17;2004;172197.7;992;j
RS;adiinc992j;p16p17;2005;184768.2;992;j
RS;adiinc992j;p16p17;2006;177964.8;992;j
RS;adiinc992j;p16p17;2007;178734.8;992;j
RS;adiinc992j;p16p17;2008;184170.2;992;j
RS;adiinc992j;p16p17;2009;176118.7;992;j
RS;adiinc992j;p16p17;2010;158637.59;992;j
RS;adiinc992j;p16p17;2011;142515.7;992;j
RS;adiinc992j;p16p17;2012;139405.3;992;j
RS;adiinc992j;p16p17;2013;135513.5;992;j
RS;adiinc992j;p16p17;2014;175369.5;992;j
RS;adiinc992j;p16p17;2015;147117.7;992;j
RS;adiinc992j;p16p17;2016;144816.09;992;j
RS;adiinc992j;p16p17;2017;144744.7;992;j
RS;adiinc992j;p30p31;1990;429906.31;992;j
RS;adiinc992j;p30p31;1991;375916.19;992;j
RS;adiinc992j;p30p31;1992;259386.5;992;j
RS;adiinc992j;p30p31;1993;169393.7;992;j
RS;adiinc992j;p30p31;1994;175617.8;992;j
RS;adiinc992j;p30p31;1995;186550.0;992;j
RS;adiinc992j;p30p31;1996;189618.8;992;j
RS;adiinc992j;p30p31;1997;202914.0;992;j
RS;adiinc992j;p30p31;1998;210273.09;992;j
RS;adiinc992j;p30p31;1999;227644.59;992;j
RS;adiinc992j;p30p31;2000;250049.59;992;j
RS;adiinc992j;p30p31;2001;249724.59;992;j
RS;adiinc992j;p30p31;2002;266529.19;992;j
RS;adiinc992j;p30p31;2003;275382.41;992;j
RS;adiinc992j;p30p31;2004;303030.31;992;j
RS;adiinc992j;p30p31;2005;331781.09;992;j
RS;adiinc992j;p30p31;2006;340277.5;992;j
RS;adiinc992j;p30p31;2007;352564.41;992;j
RS;adiinc992j;p30p31;2008;368030.69;992;j
RS;adiinc992j;p30p31;2009;351485.0;992;j
RS;adiinc992j;p30p31;2010;336292.19;992;j
RS;adiinc992j;p30p31;2011;318736.69;992;j
RS;adiinc992j;p30p31;2012;318868.09;992;j
RS;adiinc992j;p30p31;2013;305681.59;992;j
RS;adiinc992j;p30p31;2014;315520.5;992;j
RS;adiinc992j;p30p31;2015;300488.0;992;j
RS;adiinc992j;p30p31;2016;304762.59;992;j
RS;adiinc992j;p30p31;2017;305898.19;992;j
RS;adiinc992j;p43p100;1990;1044027.3;992;j
RS;adiinc992j;p43p100;1991;904792.5;992;j
RS;adiinc992j;p43p100;1992;618336.81;992;j
RS;adiinc992j;p43p100;1993;400187.09;992;j
RS;adiinc992j;p43p100;1994;411299.91;992;j
RS;adiinc992j;p43p100;1995;433210.31;992;j
RS;adiinc992j;p43p100;1996;435640.81;992;j
RS;adiinc992j;p43p100;1997;460476.69;992;j
RS;adiinc992j;p43p100;1998;484316.0;992;j
RS;adiinc992j;p43p100;1999;532097.5;992;j
RS;adiinc992j;p43p100;2000;585362.81;992;j
RS;adiinc992j;p43p100;2001;584782.19;992;j
RS;adiinc992j;p43p100;2002;635056.19;992;j
RS;adiinc992j;p43p100;2003;669094.88;992;j
RS;adiinc992j;p43p100;2004;761740.88;992;j
RS;adiinc992j;p43p100;2005;854032.69;992;j
RS;adiinc992j;p43p100;2006;909410.88;992;j
RS;adiinc992j;p43p100;2007;940077.31;992;j
RS;adiinc992j;p43p100;2008;1004654.3;992;j
RS;adiinc992j;p43p100;2009;991888.5;992;j
RS;adiinc992j;p43p100;2010;1003882.8;992;j
RS;adiinc992j;p43p100;2011;1017661.1;992;j
RS;adiinc992j;p43p100;2012;1017832.3;992;j
RS;adiinc992j;p43p100;2013;1046112.1;992;j
RS;adiinc992j;p43p100;2014;1003250.0;992;j
RS;adiinc992j;p43p100;2015;1026588.4;992;j
RS;adiinc992j;p43p100;2016;1062848.9;992;j
RS;adiinc992j;p43p100;2017;1069712.0;992;j
RS;adiinc992j;p52p100;1990;1127925.1;992;j
RS;adiinc992j;p52p100;1991;976880.13;992;j
RS;adiinc992j;p52p100;1992;667231.38;992;j
RS;adiinc992j;p52p100;1993;431666.41;992;j
RS;adiinc992j;p52p100;1994;443478.31;992;j
RS;adiinc992j;p52p100;1995;466936.91;992;j
RS;adiinc992j;p52p100;1996;469293.09;992;j
RS;adiinc992j;p52p100;1997;495725.81;992;j
RS;adiinc992j;p52p100;1998;522956.19;992;j
RS;adiinc992j;p52p100;1999;575162.38;992;j
RS;adiinc992j;p52p100;2000;633041.63;992;j
RS;adiinc992j;p52p100;2001;632723.69;992;j
RS;adiinc992j;p52p100;2002;687950.0;992;j
RS;adiinc992j;p52p100;2003;725522.5;992;j
RS;adiinc992j;p52p100;2004;827439.81;992;j
RS;adiinc992j;p52p100;2005;929649.0;992;j
RS;adiinc992j;p52p100;2006;991427.38;992;j
RS;adiinc992j;p52p100;2007;1024727.3;992;j
RS;adiinc992j;p52p100;2008;1096076.3;992;j
RS;adiinc992j;p52p100;2009;1083555.1;992;j
RS;adiinc992j;p52p100;2010;1099426.1;992;j
RS;adiinc992j;p52p100;2011;1116777.5;992;j
RS;adiinc992j;p52p100;2012;1118450.3;992;j
RS;adiinc992j;p52p100;2013;1149557.3;992;j
RS;adiinc992j;p52p100;2014;1101993.8;992;j
RS;adiinc992j;p52p100;2015;1130029.8;992;j
RS;adiinc992j;p52p100;2016;1170849.9;992;j
RS;adiinc992j;p52p100;2017;1178538.0;992;j
RS;adiinc992j;p53p100;1990;1138147.3;992;j
RS;adiinc992j;p53p100;1991;985679.38;992;j
RS;adiinc992j;p53p100;1992;673206.88;992;j
RS;adiinc992j;p53p100;1993;435518.59;992;j
RS;adiinc992j;p53p100;1994;447421.0;992;j
RS;adiinc992j;p53p100;1995;471074.31;992;j
RS;adiinc992j;p53p100;1996;473424.19;992;j
RS;adiinc992j;p53p100;1997;500056.09;992;j
RS;adiinc992j;p53p100;1998;527650.38;992;j
RS;adiinc992j;p53p100;1999;580418.38;992;j
RS;adiinc992j;p53p100;2000;638871.38;992;j
RS;adiinc992j;p53p100;2001;638593.63;992;j
RS;adiinc992j;p53p100;2002;694449.69;992;j
RS;adiinc992j;p53p100;2003;732456.5;992;j
RS;adiinc992j;p53p100;2004;835504.81;992;j
RS;adiinc992j;p53p100;2005;938947.81;992;j
RS;adiinc992j;p53p100;2006;1001538.4;992;j
RS;adiinc992j;p53p100;2007;1035154.9;992;j
RS;adiinc992j;p53p100;2008;1107310.8;992;j
RS;adiinc992j;p53p100;2009;1094868.4;992;j
RS;adiinc992j;p53p100;2010;1111208.0;992;j
RS;adiinc992j;p53p100;2011;1129038.9;992;j
RS;adiinc992j;p53p100;2012;1130862.4;992;j
RS;adiinc992j;p53p100;2013;1162382.3;992;j
RS;adiinc992j;p53p100;2014;1114169.1;992;j
RS;adiinc992j;p53p100;2015;1142924.9;992;j
RS;adiinc992j;p53p100;2016;1184314.3;992;j
RS;adiinc992j;p53p100;2017;1192105.6;992;j
RS;adiinc992j;p9p10;1990;196430.09;992;j
RS;adiinc992j;p9p10;1991;173048.0;992;j
RS;adiinc992j;p9p10;1992;120247.1;992;j
RS;adiinc992j;p9p10;1993;78857.398;992;j
RS;adiinc992j;p9p10;1994;82464.898;992;j
RS;adiinc992j;p9p10;1995;88677.398;992;j
RS;adiinc992j;p9p10;1996;90845.102;992;j
RS;adiinc992j;p9p10;1997;98311.398;992;j
RS;adiinc992j;p9p10;1998;109536.7;992;j
RS;adiinc992j;p9p10;1999;117625.3;992;j
RS;adiinc992j;p9p10;2000;128342.0;992;j
RS;adiinc992j;p9p10;2001;127630.5;992;j
RS;adiinc992j;p9p10;2002;121351.3;992;j
RS;adiinc992j;p9p10;2003;119861.0;992;j
RS;adiinc992j;p9p10;2004;116958.1;992;j
RS;adiinc992j;p9p10;2005;123649.5;992;j
RS;adiinc992j;p9p10;2006;117358.9;992;j
RS;adiinc992j;p9p10;2007;114389.1;992;j
RS;adiinc992j;p9p10;2008;117592.9;992;j
RS;adiinc992j;p9p10;2009;111520.4;992;j
RS;adiinc992j;p9p10;2010;102224.4;992;j
RS;adiinc992j;p9p10;2011;92495.297;992;j
RS;adiinc992j;p9p10;2012;87533.898;992;j
RS;adiinc992j;p9p10;2013;110519.1;992;j
RS;adiinc992j;p9p10;2014;153909.0;992;j
RS;adiinc992j;p9p10;2015;125624.1;992;j
RS;adiinc992j;p9p10;2016;122271.3;992;j
RS;adiinc992j;p9p10;2017;122125.7;992;j
RS;afdipx992i;p0p100;2007;22672.6;992;i
RS;afdipx992i;p0p100;2008;19220.5;992;i
RS;afdipx992i;p0p100;2009;8640.2002;992;i
RS;afdipx992i;p0p100;2010;11954.2;992;i
RS;afdipx992i;p0p100;2011;28601.5;992;i
RS;afdipx992i;p0p100;2012;25589.699;992;i
RS;afdipx992i;p0p100;2013;29764.6;992;i
RS;afdipx992i;p0p100;2014;28407.9;992;i
RS;afdipx992i;p0p100;2015;35483.801;992;i
RS;afdipx992i;p0p100;2016;40695.898;992;i
RS;afdipx992i;p0p100;2017;52397.801;992;i
RS;afdipx992i;p0p100;2018;45946.801;992;i
RS;aflcip999i;p0p100;2002;5870.7002;999;i
RS;aflcip999i;p0p100;2003;6790.5;999;i
RS;aflcip999i;p0p100;2004;8370.0996;999;i
RS;aflcip999i;p0p100;2005;11722.2;999;i
RS;aflcip999i;p0p100;2006;14474.9;999;i
RS;aflcip999i;p0p100;2007;29710.199;999;i
RS;aflcip999i;p0p100;2008;29071.699;999;i
RS;aflcip999i;p0p100;2009;19908.199;999;i
RS;aflcip999i;p0p100;2010;23151.5;999;i
RS;aflcip999i;p0p100;2011;36164.0;999;i
RS;aflcip999i;p0p100;2012;35577.5;999;i
RS;aflcip999i;p0p100;2013;39258.898;999;i
RS;aflcip999i;p0p100;2014;39015.301;999;i
RS;aflcip999i;p0p100;2015;46545.301;999;i
RS;aflcip999i;p0p100;2016;49719.898;999;i
RS;aflcip999i;p0p100;2017;56023.602;999;i
RS;aflcip999i;p0p100;2018;47692.199;999;i
RS;aospgo999i;p0p100;1997;0.0;999;i
RS;aospgo999i;p0p100;1998;0.0;999;i
RS;aospgo999i;p0p100;1999;0.0;999;i
RS;aospgo999i;p0p100;2000;0.0;999;i
RS;aospgo999i;p0p100;2001;0.0;999;i
RS;aospgo999i;p0p100;2002;0.0;999;i
RS;aospgo999i;p0p100;2003;0.0;999;i
RS;aospgo999i;p0p100;2004;0.0;999;i
RS;aospgo999i;p0p100;2005;1793.0;999;i
RS;aospgo999i;p0p100;2006;2468.6001;999;i
RS;aospgo999i;p0p100;2007;2500.1001;999;i
RS;aospgo999i;p0p100;2008;2882.2;999;i
RS;aospgo999i;p0p100;2009;4030.3;999;i
RS;aospgo999i;p0p100;2010;3722.8;999;i
RS;aospgo999i;p0p100;2011;3878.0;999;i
RS;aprpnp992i;p0p100;1997;-0.30000001;992;i
RS;aprpnp992i;p0p100;1998;49.5;992;i
RS;aprpnp992i;p0p100;1999;-4.1999998;992;i
RS;aprpnp992i;p0p100;2000;-3.4000001;992;i
RS;aprpnp992i;p0p100;2001;17.299999;992;i
RS;aprpnp992i;p0p100;2002;-1.5;992;i
RS;aprpnp992i;p0p100;2003;-0.2;992;i
RS;aprpnp992i;p0p100;2004;0.0;992;i
RS;aprpnp992i;p0p100;2005;53.0;992;i
RS;aprpnp992i;p0p100;2006;113.5;992;i
RS;aprpnp992i;p0p100;2007;135.7;992;i
RS;aprpnp992i;p0p100;2008;160.7;992;i
RS;aprpnp992i;p0p100;2009;158.8;992;i
RS;aprpnp992i;p0p100;2010;138.3;992;i
RS;aprpnp992i;p0p100;2011;133.5;992;i
RS;aptinc992j;p56p100;1990;1224000.6;992;j
RS;aptinc992j;p56p100;1991;1063782.0;992;j
RS;aptinc992j;p56p100;1992;729100.31;992;j
RS;aptinc992j;p56p100;1993;473208.5;992;j
RS;aptinc992j;p56p100;1994;487770.69;992;j
RS;aptinc992j;p56p100;1995;515260.19;992;j
RS;aptinc992j;p56p100;1996;519614.81;992;j
RS;aptinc992j;p56p100;1997;551115.0;992;j
RS;aptinc992j;p56p100;1998;578768.31;992;j
RS;aptinc992j;p56p100;1999;634091.38;992;j
RS;aptinc992j;p56p100;2000;700767.38;992;j
RS;aptinc992j;p56p100;2001;700300.31;992;j
RS;aptinc992j;p56p100;2002;762342.88;992;j
RS;aptinc992j;p56p100;2003;805065.88;992;j
RS;aptinc992j;p56p100;2004;915725.5;992;j
RS;aptinc992j;p56p100;2005;1031441.2;992;j
RS;aptinc992j;p56p100;2006;1098530.3;992;j
RS;aptinc992j;p56p100;2007;1136365.3;992;j
RS;aptinc992j;p56p100;2008;1220535.5;992;j
RS;aptinc992j;p56p100;2009;1206224.9;992;j
RS;aptinc992j;p56p100;2010;1221399.9;992;j
RS;aptinc992j;p56p100;2011;1240201.9;992;j
RS;aptinc992j;p56p100;2012;1242466.5;992;j
RS;aptinc992j;p56p100;2013;1271550.4;992;j
RS;aptinc992j;p56p100;2014;1257233.3;992;j
RS;aptinc992j;p56p100;2015;1255446.3;992;j
RS;aptinc992j;p56p100;2016;1294315.4;992;j
RS;aptinc992j;p56p100;2017;1302359.1;992;j
RS;aptinc992j;p83p100;1990;1794717.4;992;j
RS;aptinc992j;p83p100;1991;1565031.0;992;j
RS;aptinc992j;p83p100;1992;1076015.1;992;j
RS;aptinc992j;p83p100;1993;700637.88;992;j
RS;aptinc992j;p83p100;1994;724538.38;992;j
RS;aptinc992j;p83p100;1995;767937.69;992;j
RS;aptinc992j;p83p100;1996;775962.13;992;j
RS;aptinc992j;p83p100;1997;824607.5;992;j
RS;aptinc992j;p83p100;1998;870022.5;992;j
RS;aptinc992j;p83p100;1999;959570.5;992;j
RS;aptinc992j;p83p100;2000;1074157.6;992;j
RS;aptinc992j;p83p100;2001;1080649.8;992;j
RS;aptinc992j;p83p100;2002;1179399.3;992;j
RS;aptinc992j;p83p100;2003;1249964.3;992;j
RS;aptinc992j;p83p100;2004;1438116.0;992;j
RS;aptinc992j;p83p100;2005;1632887.0;992;j
RS;aptinc992j;p83p100;2006;1742342.6;992;j
RS;aptinc992j;p83p100;2007;1785021.4;992;j
RS;aptinc992j;p83p100;2008;1919613.5;992;j
RS;aptinc992j;p83p100;2009;1905450.5;992;j
RS;aptinc992j;p83p100;2010;1954022.8;992;j
RS;aptinc992j;p83p100;2011;2002823.0;992;j
RS;aptinc992j;p83p100;2012;1991037.4;992;j
RS;aptinc992j;p83p100;2013;2025138.3;992;j
RS;aptinc992j;p83p100;2014;2043460.8;992;j
RS;aptinc992j;p83p100;2015;2031228.6;992;j
RS;aptinc992j;p83p100;2016;2094578.8;992;j
RS;aptinc992j;p83p100;2017;2108300.3;992;j
RS;aptinc992j;p99.4p100;1990;8023198.0;992;j
RS;aptinc992j;p99.4p100;1991;7107777.0;992;j
RS;aptinc992j;p99.4p100;1992;4948392.0;992;j
RS;aptinc992j;p99.4p100;1993;3272839.0;992;j
RS;aptinc992j;p99.4p100;1994;3425805.8;992;j
RS;aptinc992j;p99.4p100;1995;3688687.0;992;j
RS;aptinc992j;p99.4p100;1996;3766811.8;992;j
RS;aptinc992j;p99.4p100;1997;4046292.0;992;j
RS;aptinc992j;p99.4p100;1998;4273723.0;992;j
RS;aptinc992j;p99.4p100;1999;4906556.0;992;j
RS;aptinc992j;p99.4p100;2000;5730206.0;992;j
RS;aptinc992j;p99.4p100;2001;5988191.5;992;j
RS;aptinc992j;p99.4p100;2002;6448757.0;992;j
RS;aptinc992j;p99.4p100;2003;6714819.5;992;j
RS;aptinc992j;p99.4p100;2004;7795582.5;992;j
RS;aptinc992j;p99.4p100;2005;8669130.0;992;j
RS;aptinc992j;p99.4p100;2006;9257605.0;992;j
RS;aptinc992j;p99.4p100;2007;9009012.0;992;j
RS;aptinc992j;p99.4p100;2008;9749243.0;992;j
RS;aptinc992j;p99.4p100;2009;9586787.0;992;j
RS;aptinc992j;p99.4p100;2010;9791761.0;992;j
RS;aptinc992j;p99.4p100;2011;10227348.0;992;j
RS;aptinc992j;p99.4p100;2012;9323914.0;992;j
RS;aptinc992j;p99.4p100;2013;9724584.0;992;j
RS;aptinc992j;p99.4p100;2014;11847082.0;992;j
RS;aptinc992j;p99.4p100;2015;11538494.0;992;j
RS;aptinc992j;p99.4p100;2016;11907159.0;992;j
RS;aptinc992j;p99.4p100;2017;11994377.0;992;j
RS;aptinc992j;p99.98p100;1990;45555616.0;992;j
RS;aptinc992j;p99.98p100;1991;41080456.0;992;j
RS;aptinc992j;p99.98p100;1992;28796306.0;992;j
RS;aptinc992j;p99.98p100;1993;19367756.0;992;j
RS;aptinc992j;p99.98p100;1994;20334584.0;992;j
RS;aptinc992j;p99.98p100;1995;22224324.0;992;j
RS;aptinc992j;p99.98p100;1996;23002276.0;992;j
RS;aptinc992j;p99.98p100;1997;25084468.0;992;j
RS;aptinc992j;p99.98p100;1998;25914734.0;992;j
RS;aptinc992j;p99.98p100;1999;31020828.0;992;j
RS;aptinc992j;p99.98p100;2000;36751680.0;992;j
RS;aptinc992j;p99.98p100;2001;40052856.0;992;j
RS;aptinc992j;p99.98p100;2002;41595936.0;992;j
RS;aptinc992j;p99.98p100;2003;42381684.0;992;j
RS;aptinc992j;p99.98p100;2004;49151708.0;992;j
RS;aptinc992j;p99.98p100;2005;52375488.0;992;j
RS;aptinc992j;p99.98p100;2006;55988156.0;992;j
RS;aptinc992j;p99.98p100;2007;52630336.0;992;j
RS;aptinc992j;p99.98p100;2008;57629932.0;992;j
RS;aptinc992j;p99.98p100;2009;55618532.0;992;j
RS;aptinc992j;p99.98p100;2010;53778704.0;992;j
RS;aptinc992j;p99.98p100;2011;57394980.0;992;j
RS;aptinc992j;p99.98p100;2012;43546572.0;992;j
RS;aptinc992j;p99.98p100;2013;49254404.0;992;j
RS;aptinc992j;p99.98p100;2014;80453792.0;992;j
RS;aptinc992j;p99.98p100;2015;78564568.0;992;j
RS;aptinc992j;p99.98p100;2016;81076456.0;992;j
RS;aptinc992j;p99.98p100;2017;81623768.0;992;j
RS;bcainc992j;p37p100;1990;2.1004159;992;j
RS;bcainc992j;p37p100;1991;2.0898113;992;j
RS;bcainc992j;p37p100;1992;2.0784216;992;j
RS;bcainc992j;p37p100;1993;2.0708735;992;j
RS;bcainc992j;p37p100;1994;2.0592446;992;j
RS;bcainc992j;p37p100;1995;2.0486767;992;j
RS;bcainc992j;p37p100;1996;2.0344832;992;j
RS;bcainc992j;p37p100;1997;2.0214975;992;j
RS;bcainc992j;p37p100;1998;2.0732629;992;j
RS;bcainc992j;p37p100;1999;2.0825915;992;j
RS;bcainc992j;p37p100;2000;2.1122999;992;j
RS;bcainc992j;p37p100;2001;2.1154499;992;j
RS;bcainc992j;p37p100;2002;2.1856542;992;j
RS;bcainc992j;p37p100;2003;2.2031906;992;j
RS;bcainc992j;p37p100;2004;2.2785935;992;j
RS;bcainc992j;p37p100;2005;2.3377483;992;j
RS;bcainc992j;p37p100;2006;2.3920977;992;j
RS;bcainc992j;p37p100;2007;2.4127991;992;j
RS;bcainc992j;p37p100;2008;2.458838;992;j
RS;bcainc992j;p37p100;2009;2.5074158;992;j
RS;bcainc992j;p37p100;2010;2.6050134;992;j
RS;bcainc992j;p37p100;2011;2.6930275;992;j
RS;bcainc992j;p37p100;2012;2.7600887;992;j
RS;bcainc992j;p37p100;2013;2.8641472;992;j
RS;bcainc992j;p37p100;2014;2.7504845;992;j
RS;bcainc992j;p37p100;2015;2.886127;992;j
RS;bcainc992j;p37p100;2016;2.8848863;992;j
RS;bcainc992j;p37p100;2017;2.8877554;992;j
RS;bptinc992j;p99.1p100;1990;1.9472364;992;j
RS;bptinc992j;p99.1p100;1991;1.9666208;992;j
RS;bptinc992j;p99.1p100;1992;1.9774904;992;j
RS;bptinc992j;p99.1p100;1993;1.9968287;992;j
RS;bptinc992j;p99.1p100;1994;2.0053315;992;j
RS;bptinc992j;p99.1p100;1995;2.0240469;992;j
RS;bptinc992j;p99.1p100;1996;2.0391374;992;j
RS;bptinc992j;p99.1p100;1997;2.0557566;992;j
RS;bptinc992j;p99.1p100;1998;2.0388076;992;j
RS;bptinc992j;p99.1p100;1999;2.0927103;992;j
RS;bptinc992j;p99.1p100;2000;2.1272001;992;j
RS;bptinc992j;p99.1p100;2001;2.1840782;992;j
RS;bptinc992j;p99.1p100;2002;2.1455307;992;j
RS;bptinc992j;p99.1p100;2003;2.1160939;992;j
RS;bptinc992j;p99.1p100;2004;2.1193199;992;j
RS;bptinc992j;p99.1p100;2005;2.0735462;992;j
RS;bptinc992j;p99.1p100;2006;2.074738;992;j
RS;bptinc992j;p99.1p100;2007;2.0223925;992;j
RS;bptinc992j;p99.1p100;2008;2.0348916;992;j
RS;bptinc992j;p99.1p100;2009;2.0156815;992;j
RS;bptinc992j;p99.1p100;2010;1.9741309;992;j
RS;bptinc992j;p99.1p100;2011;1.9979237;992;j
RS;bptinc992j;p99.1p100;2012;1.8410065;992;j
RS;bptinc992j;p99.1p100;2013;1.9023443;992;j
RS;bptinc992j;p99.1p100;2014;2.2224627;992;j
RS;bptinc992j;p99.1p100;2015;2.2116032;992;j
RS;bptinc992j;p99.1p100;2016;2.2120683;992;j
RS;bptinc992j;p99.1p100;2017;2.2120523;992;j
RS;mcfcco999i;p0p100;1997;332503252992.0;999;i
RS;mcfcco999i;p0p100;1998;278608314368.0;999;i
RS;mcfcco999i;p0p100;1999;276939866112.0;999;i
RS;mcfcco999i;p0p100;2000;252547448832.0;999;i
RS;mcfcco999i;p0p100;2001;374338519040.0;999;i
RS;mcfcco999i;p0p100;2002;376391237632.0;999;i
RS;mcfcco999i;p0p100;2003;382722441216.0;999;i
RS;mcfcco999i;p0p100;2004;325877268480.0;999;i
RS;mcfcco999i;p0p100;2005;321617461248.0;999;i
RS;mcfcco999i;p0p100;2006;332494831616.0;999;i
RS;mcfcco999i;p0p100;2007;413142646784.0;999;i
RS;mcfcco999i;p0p100;2008;426759651328.0;999;i
RS;mcfcco999i;p0p100;2009;408901943296.0;999;i
RS;mcfcco999i;p0p100;2010;396011896832.0;999;i
RS;mcfcco999i;p0p100;2011;404291387392.0;999;i
RS;mfinpx999i;p0p100;2002;42023616512.0;999;i
RS;mfinpx999i;p0p100;2003;48748572672.0;999;i
RS;mfinpx999i;p0p100;2004;60383854592.0;999;i
RS;mfinpx999i;p0p100;2005;84752474112.0;999;i
RS;mfinpx999i;p0p100;2006;104847917056.0;999;i
RS;mfinpx999i;p0p100;2007;219307917312.0;999;i
RS;mfinpx999i;p0p100;2008;213683208192.0;999;i
RS;mfinpx999i;p0p100;2009;145744084992.0;999;i
RS;mfinpx999i;p0p100;2010;168807415808.0;999;i
RS;mfinpx999i;p0p100;2011;261701763072.0;999;i
RS;mfinpx999i;p0p100;2012;256211206144.0;999;i
RS;mfinpx999i;p0p100;2013;281350668288.0;999;i
RS;mfinpx999i;p0p100;2014;278248456192.0;999;i
RS;mfinpx999i;p0p100;2015;330256678912.0;999;i
RS;mfinpx999i;p0p100;2016;350938759168.0;999;i
RS;mfinpx999i;p0p100;2017;394421370880.0;999;i
RS;mfinpx999i;p0p100;2018;334744289280.0;999;i
RS;mnnfin999i;p0p100;1997;-10125571072.0;999;i
RS;mnnfin999i;p0p100;1998;-11260747776.0;999;i
RS;mnnfin999i;p0p100;1999;-5848819712.0;999;i
RS;mnnfin999i;p0p100;2000;-6927968768.0;999;i
RS;mnnfin999i;p0p100;2001;-7072522752.0;999;i
RS;mnnfin999i;p0p100;2002;-26792437760.0;999;i
RS;mnnfin999i;p0p100;2003;-36799160320.0;999;i
RS;mnnfin999i;p0p100;2004;-48298815488.0;999;i
RS;mnnfin999i;p0p100;2005;-59203776512.0;999;i
RS;mnnfin999i;p0p100;2006;-63785668608.0;999;i
RS;mnnfin999i;p0p100;2007;-136613191680.0;999;i
RS;mnnfin999i;p0p100;2008;-127453839360.0;999;i
RS;mnnfin999i;p0p100;2009;-66595618816.0;999;i
RS;mnnfin999i;p0p100;2010;-94372528128.0;999;i
RS;mnnfin999i;p0p100;2011;-187512291328.0;999;i
RS;mnnfin999i;p0p100;2012;-154797260800.0;999;i
RS;mnnfin999i;p0p100;2013;-191082201088.0;999;i
RS;mnnfin999i;p0p100;2014;-182018818048.0;999;i
RS;mnnfin999i;p0p100;2015;-226086486016.0;999;i
RS;mnnfin999i;p0p100;2016;-260908400640.0;999;i
RS;mnnfin999i;p0p100;2017;-315943092224.0;999;i
RS;mnnfin999i;p0p100;2018;-261619253248.0;999;i
RS;mnnfin999i;p0p100;2019;-274533056512.0;999;i
RS;npopul151m;p0p100;1950;351831.0;151;m
RS;npopul151m;p0p100;1951;347138.0;151;m
RS;npopul151m;p0p100;1952;341860.0;151;m
RS;npopul151m;p0p100;1953;334741.0;151;m
RS;npopul151m;p0p100;1954;325253.0;151;m
RS;npopul151m;p0p100;1955;313633.0;151;m
RS;npopul151m;p0p100;1956;300797.0;151;m
RS;npopul151m;p0p100;1957;285495.0;151;m
RS;npopul151m;p0p100;1958;271287.0;151;m
RS;npopul151m;p0p100;1959;263554.0;151;m
RS;npopul151m;p0p100;1960;265427.0;151;m
RS;npopul151m;p0p100;1961;277383.0;151;m
RS;npopul151m;p0p100;1962;298312.0;151;m
RS;npopul151m;p0p100;1963;324518.0;151;m
RS;npopul151m;p0p100;1964;349991.0;151;m
RS;npopul151m;p0p100;1965;370694.0;151;m
RS;npopul151m;p0p100;1966;386804.0;151;m
RS;npopul151m;p0p100;1967;399277.0;151;m
RS;npopul151m;p0p100;1968;407348.0;151;m
RS;npopul151m;p0p100;1969;410367.0;151;m
RS;npopul151m;p0p100;1970;408211.0;151;m
RS;npopul151m;p0p100;1971;401872.0;151;m
RS;npopul151m;p0p100;1972;389769.0;151;m
RS;npopul151m;p0p100;1973;374454.0;151;m
RS;npopul151m;p0p100;1974;360054.0;151;m
RS;npopul151m;p0p100;1975;349229.0;151;m
RS;npopul151m;p0p100;1976;342607.0;151;m
RS;npopul151m;p0p100;1977;339828.0;151;m
RS;npopul151m;p0p100;1978;339949.0;151;m
RS;npopul151m;p0p100;1979;341051.0;151;m
RS;npopul151m;p0p100;1980;341889.0;151;m
RS;npopul151m;p0p100;1981;343636.0;151;m
RS;npopul151m;p0p100;1982;345696.0;151;m
RS;npopul151m;p0p100;1983;348051.0;151;m
RS;npopul151m;p0p100;1984;350845.0;151;m
RS;npopul151m;p0p100;1985;354123.0;151;m
RS;npopul151m;p0p100;1986;358906.0;151;m
RS;npopul151m;p0p100;1987;363701.0;151;m
RS;npopul151m;p0p100;1988;368672.0;151;m
RS;npopul151m;p0p100;1989;374088.0;151;m
RS;npopul151m;p0p100;1990;379968.0;151;m
RS;npopul151m;p0p100;1991;387385.0;151;m
RS;npopul151m;p0p100;1992;395392.0;151;m
RS;npopul151m;p0p100;1993;402616.0;151;m
RS;npopul151m;p0p100;1994;407196.0;151;m
RS;npopul151m;p0p100;1995;407989.0;151;m
RS;npopul151m;p0p100;1996;401306.0;151;m
RS;npopul151m;p0p100;1997;390358.0;151;m
RS;npopul151m;p0p100;1998;376732.0;151;m
RS;npopul151m;p0p100;1999;285813.0;151;m
RS;npopul151m;p0p100;2000;278777.0;151;m
RS;npopul151m;p0p100;2001;278588.0;151;m
RS;npopul151m;p0p100;2002;280400.0;151;m
RS;npopul151m;p0p100;2003;282515.0;151;m
RS;npopul151m;p0p100;2004;284022.0;151;m
RS;npopul151m;p0p100;2005;283416.0;151;m
RS;npopul151m;p0p100;2006;280462.0;151;m
RS;npopul151m;p0p100;2007;275529.0;151;m
RS;npopul151m;p0p100;2008;269103.0;151;m
RS;npopul151m;p0p100;2009;262354.0;151;m
RS;npopul151m;p0p100;2010;255924.0;151;m
RS;npopul151m;p0p100;2011;249888.0;151;m
RS;npopul151m;p0p100;2012;244614.0;151;m
RS;npopul151m;p0p100;2013;239492.0;151;m
RS;npopul151m;p0p100;2014;234667.0;151;m
RS;npopul151m;p0p100;2015;230190.0;151;m
RS;npopul151m;p0p100;2016;229378.0;151;m
RS;npopul151m;p0p100;2017;229394.0;151;m
RS;npopul151m;p0p100;2018;229184.0;151;m
RS;npopul151m;p0p100;2019;228380.0;151;m
RS;npopul301i;p0p100;1950;326405.0;301;i
RS;npopul301i;p0p100;1951;353569.0;301;i
RS;npopul301i;p0p100;1952;399834.0;301;i
RS;npopul301i;p0p100;1953;456752.0;301;i
RS;npopul301i;p0p100;1954;512141.0;301;i
RS;npopul301i;p0p100;1955;558429.0;301;i
RS;npopul301i;p0p100;1956;596606.0;301;i
RS;npopul301i;p0p100;1957;626132.0;301;i
RS;npopul301i;p0p100;1958;647826.0;301;i
RS;npopul301i;p0p100;1959;664051.0;301;i
RS;npopul301i;p0p100;1960;676311.0;301;i
RS;npopul301i;p0p100;1961;684917.0;301;i
RS;npopul301i;p0p100;1962;686939.0;301;i
RS;npopul301i;p0p100;1963;683854.0;301;i
RS;npopul301i;p0p100;1964;677451.0;301;i
RS;npopul301i;p0p100;1965;668712.0;301;i
RS;npopul301i;p0p100;1966;655907.0;301;i
RS;npopul301i;p0p100;1967;643104.0;301;i
RS;npopul301i;p0p100;1968;629005.0;301;i
RS;npopul301i;p0p100;1969;611333.0;301;i
RS;npopul301i;p0p100;1970;589496.0;301;i
RS;npopul301i;p0p100;1971;564725.0;301;i
RS;npopul301i;p0p100;1972;535388.0;301;i
RS;npopul301i;p0p100;1973;508285.0;301;i
RS;npopul301i;p0p100;1974;493923.0;301;i
RS;npopul301i;p0p100;1975;498343.0;301;i
RS;npopul301i;p0p100;1976;520252.0;301;i
RS;npopul301i;p0p100;1977;560381.0;301;i
RS;npopul301i;p0p100;1978;611369.0;301;i
RS;npopul301i;p0p100;1979;661315.0;301;i
RS;npopul301i;p0p100;1980;702331.0;301;i
RS;npopul301i;p0p100;1981;735885.0;301;i
RS;npopul301i;p0p100;1982;762178.0;301;i
RS;npopul301i;p0p100;1983;779729.0;301;i
RS;npopul301i;p0p100;1984;787371.0;301;i
RS;npopul301i;p0p100;1985;784790.0;301;i
RS;npopul301i;p0p100;1986;772036.0;301;i
RS;npopul301i;p0p100;1987;747287.0;301;i
RS;npopul301i;p0p100;1988;716566.0;301;i
RS;npopul301i;p0p100;1989;688880.0;301;i
RS;npopul301i;p0p100;1990;669762.0;301;i
RS;npopul301i;p0p100;1991;659114.0;301;i
RS;npopul301i;p0p100;1992;657305.0;301;i
RS;npopul301i;p0p100;1993;661034.0;301;i
RS;npopul301i;p0p100;1994;664778.0;301;i
RS;npopul301i;p0p100;1995;665147.0;301;i
RS;npopul301i;p0p100;1996;661544.0;301;i
RS;npopul301i;p0p100;1997;654369.0;301;i
RS;npopul301i;p0p100;1998;645121.0;301;i
RS;npopul301i;p0p100;1999;500681.0;301;i
RS;npopul301i;p0p100;2000;498296.0;301;i
RS;npopul301i;p0p100;2001;500786.0;301;i
RS;npopul301i;p0p100;2002;505518.0;301;i
RS;npopul301i;p0p100;2003;510301.0;301;i
RS;npopul301i;p0p100;2004;515504.0;301;i
RS;npopul301i;p0p100;2005;519918.0;301;i
RS;npopul301i;p0p100;2006;521734.0;301;i
RS;npopul301i;p0p100;2007;522704.0;301;i
RS;npopul301i;p0p100;2008;522288.0;301;i
RS;npopul301i;p0p100;2009;520115.0;301;i
RS;npopul301i;p0p100;2010;515809.0;301;i
RS;npopul301i;p0p100;2011;508388.0;301;i
RS;npopul301i;p0p100;2012;499935.0;301;i
RS;npopul301i;p0p100;2013;490581.0;301;i
RS;npopul301i;p0p100;2014;482694.0;301;i
RS;npopul301i;p0p100;2015;477502.0;301;i
RS;npopul301i;p0p100;2016;477828.0;301;i
RS;npopul301i;p0p100;2017;482541.0;301;i
RS;npopul301i;p0p100;2018;488351.0;301;i
RS;npopul301i;p0p100;2019;492360.0;301;i
RS;scainc992j;p51p100;1990;0.76459998;992;j
RS;scainc992j;p51p100;1991;0.76270002;992;j
RS;scainc992j;p51p100;1992;0.7608;992;j
RS;scainc992j;p51p100;1993;0.759;992;j
RS;scainc992j;p51p100;1994;0.75730002;992;j
RS;scainc992j;p51p100;1995;0.75559998;992;j
RS;scainc992j;p51p100;1996;0.75340003;992;j
RS;scainc992j;p51p100;1997;0.75129998;992;j
RS;scainc992j;p51p100;1998;0.75010002;992;j
RS;scainc992j;p51p100;1999;0.75040001;992;j
RS;scainc992j;p51p100;2000;0.75349998;992;j
RS;scainc992j;p51p100;2001;0.755;992;j
RS;scainc992j;p51p100;2002;0.76620001;992;j
RS;scainc992j;p51p100;2003;0.76929998;992;j
RS;scainc992j;p51p100;2004;0.77969998;992;j
RS;scainc992j;p51p100;2005;0.7852;992;j
RS;scainc992j;p51p100;2006;0.79369998;992;j
RS;scainc992j;p51p100;2007;0.7974;992;j
RS;scainc992j;p51p100;2008;0.80159998;992;j
RS;scainc992j;p51p100;2009;0.80610001;992;j
RS;scainc992j;p51p100;2010;0.81660002;992;j
RS;scainc992j;p51p100;2011;0.82560003;992;j
RS;scainc992j;p51p100;2012;0.82920003;992;j
RS;scainc992j;p51p100;2013;0.83230001;992;j
RS;scainc992j;p51p100;2014;0.81309998;992;j
RS;scainc992j;p51p100;2015;0.82910001;992;j
RS;scainc992j;p51p100;2016;0.829;992;j
RS;scainc992j;p51p100;2017;0.82910001;992;j
RS;scainc992j;p77p78;1990;0.0137;992;j
RS;scainc992j;p77p78;1991;0.0136;992;j
RS;scainc992j;p77p78;1992;0.0136;992;j
RS;scainc992j;p77p78;1993;0.0136;992;j
RS;scainc992j;p77p78;1994;0.0135;992;j
RS;scainc992j;p77p78;1995;0.0135;992;j
RS;scainc992j;p77p78;1996;0.0135;992;j
RS;scainc992j;p77p78;1997;0.0135;992;j
RS;scainc992j;p77p78;1998;0.0133;992;j
RS;scainc992j;p77p78;1999;0.0131;992;j
RS;scainc992j;p77p78;2000;0.013;992;j
RS;scainc992j;p77p78;2001;0.0129;992;j
RS;scainc992j;p77p78;2002;0.0131;992;j
RS;scainc992j;p77p78;2003;0.0131;992;j
RS;scainc992j;p77p78;2004;0.0132;992;j
RS;scainc992j;p77p78;2005;0.0132;992;j
RS;scainc992j;p77p78;2006;0.0132;992;j
RS;scainc992j;p77p78;2007;0.0134;992;j
RS;scainc992j;p77p78;2008;0.0135;992;j
RS;scainc992j;p77p78;2009;0.0134;992;j
RS;scainc992j;p77p78;2010;0.0135;992;j
RS;scainc992j;p77p78;2011;0.0135;992;j
RS;scainc992j;p77p78;2012;0.0134;992;j
RS;scainc992j;p77p78;2013;0.0138;992;j
RS;scainc992j;p77p78;2014;0.013;992;j
RS;scainc992j;p77p78;2015;0.0127;992;j
RS;scainc992j;p77p78;2016;0.0127;992;j
RS;scainc992j;p77p78;2017;0.0127;992;j
RS;scainc992j;p99.94p99.95;1990;0.0016;992;j
RS;scainc992j;p99.94p99.95;1991;0.0016;992;j
RS;scainc992j;p99.94p99.95;1992;0.0016;992;j
RS;scainc992j;p99.94p99.95;1993;0.0015;992;j
RS;scainc992j;p99.94p99.95;1994;0.0015;992;j
RS;scainc992j;p99.94p99.95;1995;0.0015;992;j
RS;scainc992j;p99.94p99.95;1996;0.0015;992;j
RS;scainc992j;p99.94p99.95;1997;0.0014;992;j
RS;scainc992j;p99.94p99.95;1998;0.0015;992;j
RS;scainc992j;p99.94p99.95;1999;0.0016;992;j
RS;scainc992j;p99.94p99.95;2000;0.0018;992;j
RS;scainc992j;p99.94p99.95;2001;0.0019;992;j
RS;scainc992j;p99.94p99.95;2002;0.0019;992;j
RS;scainc992j;p99.94p99.95;2003;0.0019;992;j
RS;scainc992j;p99.94p99.95;2004;0.0019;992;j
RS;scainc992j;p99.94p99.95;2005;0.0020000001;992;j
RS;scainc992j;p99.94p99.95;2006;0.0020000001;992;j
RS;scainc992j;p99.94p99.95;2007;0.0019;992;j
RS;scainc992j;p99.94p99.95;2008;0.0018;992;j
RS;scainc992j;p99.94p99.95;2009;0.0020000001;992;j
RS;scainc992j;p99.94p99.95;2010;0.0020000001;992;j
RS;scainc992j;p99.94p99.95;2011;0.0020000001;992;j
RS;scainc992j;p99.94p99.95;2012;0.0024000001;992;j
RS;scainc992j;p99.94p99.95;2013;0.0020999999;992;j
RS;scainc992j;p99.94p99.95;2014;0.0027000001;992;j
RS;scainc992j;p99.94p99.95;2015;0.0034;992;j
RS;scainc992j;p99.94p99.95;2016;0.0034;992;j
RS;scainc992j;p99.94p99.95;2017;0.0034;992;j
RS;sdiinc992j;p50p51;1990;0.0086000003;992;j
RS;sdiinc992j;p50p51;1991;0.0086000003;992;j
RS;sdiinc992j;p50p51;1992;0.0086000003;992;j
RS;sdiinc992j;p50p51;1993;0.0086000003;992;j
RS;sdiinc992j;p50p51;1994;0.0086000003;992;j
RS;sdiinc992j;p50p51;1995;0.0086000003;992;j
RS;sdiinc992j;p50p51;1996;0.0086000003;992;j
RS;sdiinc992j;p50p51;1997;0.0087000001;992;j
RS;sdiinc992j;p50p51;1998;0.0085000005;992;j
RS;sdiinc992j;p50p51;1999;0.0083999997;992;j
RS;sdiinc992j;p50p51;2000;0.0083999997;992;j
RS;sdiinc992j;p50p51;2001;0.0082999999;992;j
RS;sdiinc992j;p50p51;2002;0.0082999999;992;j
RS;sdiinc992j;p50p51;2003;0.0082999999;992;j
RS;sdiinc992j;p50p51;2004;0.0082;992;j
RS;sdiinc992j;p50p51;2005;0.0081000002;992;j
RS;sdiinc992j;p50p51;2006;0.0080000004;992;j
RS;sdiinc992j;p50p51;2007;0.0080000004;992;j
RS;sdiinc992j;p50p51;2008;0.0080000004;992;j
RS;sdiinc992j;p50p51;2009;0.0078999996;992;j
RS;sdiinc992j;p50p51;2010;0.0077999998;992;j
RS;sdiinc992j;p50p51;2011;0.0077;992;j
RS;sdiinc992j;p50p51;2012;0.0076000001;992;j
RS;sdiinc992j;p50p51;2013;0.0076000001;992;j
RS;sdiinc992j;p50p51;2014;0.0074999998;992;j
RS;sdiinc992j;p50p51;2015;0.0074;992;j
RS;sdiinc992j;p50p51;2016;0.0074;992;j
RS;sdiinc992j;p50p51;2017;0.0074;992;j
RS;sdiinc992j;p6p100;1990;0.98949999;992;j
RS;sdiinc992j;p6p100;1991;0.98970002;992;j
RS;sdiinc992j;p6p100;1992;0.98989999;992;j
RS;sdiinc992j;p6p100;1993;0.99000001;992;j
RS;sdiinc992j;p6p100;1994;0.99019998;992;j
RS;sdiinc992j;p6p100;1995;0.99040002;992;j
RS;sdiinc992j;p6p100;1996;0.99059999;992;j
RS;sdiinc992j;p6p100;1997;0.99080002;992;j
RS;sdiinc992j;p6p100;1998;0.99110001;992;j
RS;sdiinc992j;p6p100;1999;0.9914;992;j
RS;sdiinc992j;p6p100;2000;0.9914;992;j
RS;sdiinc992j;p6p100;2001;0.99150002;992;j
RS;sdiinc992j;p6p100;2002;0.99269998;992;j
RS;sdiinc992j;p6p100;2003;0.99229997;992;j
RS;sdiinc992j;p6p100;2004;0.99290001;992;j
RS;sdiinc992j;p6p100;2005;0.99309999;992;j
RS;sdiinc992j;p6p100;2006;0.99349999;992;j
RS;sdiinc992j;p6p100;2007;0.99360001;992;j
RS;sdiinc992j;p6p100;2008;0.99339998;992;j
RS;sdiinc992j;p6p100;2009;0.99290001;992;j
RS;sdiinc992j;p6p100;2010;0.99299997;992;j
RS;sdiinc992j;p6p100;2011;0.99360001;992;j
RS;sdiinc992j;p6p100;2012;0.99379998;992;j
RS;sdiinc992j;p6p100;2013;0.99169999;992;j
RS;sdiinc992j;p6p100;2014;0.98750001;992;j
RS;sdiinc992j;p6p100;2015;0.99000001;992;j
RS;sdiinc992j;p6p100;2016;0.99070001;992;j
RS;sdiinc992j;p6p100;2017;0.99080002;992;j
RS;sdiinc992j;p99.998p100;1990;0.0038000001;992;j
RS;sdiinc992j;p99.998p100;1991;0.0035000001;992;j
RS;sdiinc992j;p99.998p100;1992;0.0031000001;992;j
RS;sdiinc992j;p99.998p100;1993;0.0029;992;j
RS;sdiinc992j;p99.998p100;1994;0.0027000001;992;j
RS;sdiinc992j;p99.998p100;1995;0.0026;992;j
RS;sdiinc992j;p99.998p100;1996;0.0024999999;992;j
RS;sdiinc992j;p99.998p100;1997;0.0023000001;992;j
RS;sdiinc992j;p99.998p100;1998;0.0024999999;992;j
RS;sdiinc992j;p99.998p100;1999;0.0033;992;j
RS;sdiinc992j;p99.998p100;2000;0.0035000001;992;j
RS;sdiinc992j;p99.998p100;2001;0.0041999999;992;j
RS;sdiinc992j;p99.998p100;2002;0.0038000001;992;j
RS;sdiinc992j;p99.998p100;2003;0.0038000001;992;j
RS;sdiinc992j;p99.998p100;2004;0.0038999999;992;j
RS;sdiinc992j;p99.998p100;2005;0.0043000001;992;j
RS;sdiinc992j;p99.998p100;2006;0.0038000001;992;j
RS;sdiinc992j;p99.998p100;2007;0.0031000001;992;j
RS;sdiinc992j;p99.998p100;2008;0.0026;992;j
RS;sdiinc992j;p99.998p100;2009;0.0034;992;j
RS;sdiinc992j;p99.998p100;2010;0.0031000001;992;j
RS;sdiinc992j;p99.998p100;2011;0.003;992;j
RS;sdiinc992j;p99.998p100;2012;0.0054000001;992;j
RS;sdiinc992j;p99.998p100;2013;0.0037;992;j
RS;sdiinc992j;p99.998p100;2014;0.0092000002;992;j
RS;sdiinc992j;p99.998p100;2015;0.0174;992;j
RS;sdiinc992j;p99.998p100;2016;0.0176;992;j
RS;sdiinc992j;p99.998p100;2017;0.0177;992;j
RS;sptinc992j;p20p21;1990;0.0033;992;j
RS;sptinc992j;p20p21;1991;0.0033;992;j
RS;sptinc992j;p20p21;1992;0.0033;992;j
RS;sptinc992j;p20p21;1993;0.0033;992;j
RS;sptinc992j;p20p21;1994;0.0033;992;j
RS;sptinc992j;p20p21;1995;0.0031999999;992;j
RS;sptinc992j;p20p21;1996;0.0031999999;992;j
RS;sptinc992j;p20p21;1997;0.0031999999;992;j
RS;sptinc992j;p20p21;1998;0.0034;992;j
RS;sptinc992j;p20p21;1999;0.0034;992;j
RS;sptinc992j;p20p21;2000;0.0033;992;j
RS;sptinc992j;p20p21;2001;0.0033;992;j
RS;sptinc992j;p20p21;2002;0.003;992;j
RS;sptinc992j;p20p21;2003;0.003;992;j
RS;sptinc992j;p20p21;2004;0.0027999999;992;j
RS;sptinc992j;p20p21;2005;0.0026;992;j
RS;sptinc992j;p20p21;2006;0.0024999999;992;j
RS;sptinc992j;p20p21;2007;0.0023000001;992;j
RS;sptinc992j;p20p21;2008;0.0020999999;992;j
RS;sptinc992j;p20p21;2009;0.0019;992;j
RS;sptinc992j;p20p21;2010;0.0017;992;j
RS;sptinc992j;p20p21;2011;0.0015;992;j
RS;sptinc992j;p20p21;2012;0.0014;992;j
RS;sptinc992j;p20p21;2013;0.0014;992;j
RS;sptinc992j;p20p21;2014;0.0013;992;j
RS;sptinc992j;p20p21;2015;0.0014;992;j
RS;sptinc992j;p20p21;2016;0.0014;992;j
RS;sptinc992j;p20p21;2017;0.0014;992;j
RS;sptinc992j;p2p100;1990;0.99849999;992;j
RS;sptinc992j;p2p100;1991;0.99849999;992;j
RS;sptinc992j;p2p100;1992;0.99860001;992;j
RS;sptinc992j;p2p100;1993;0.99860001;992;j
RS;sptinc992j;p2p100;1994;0.99870002;992;j
RS;sptinc992j;p2p100;1995;0.99870002;992;j
RS;sptinc992j;p2p100;1996;0.99879998;992;j
RS;sptinc992j;p2p100;1997;0.99879998;992;j
RS;sptinc992j;p2p100;1998;0.99879998;992;j
RS;sptinc992j;p2p100;1999;0.99870002;992;j
RS;sptinc992j;p2p100;2000;0.99879998;992;j
RS;sptinc992j;p2p100;2001;0.99879998;992;j
RS;sptinc992j;p2p100;2002;0.99900001;992;j
RS;sptinc992j;p2p100;2003;0.99879998;992;j
RS;sptinc992j;p2p100;2004;0.9989;992;j
RS;sptinc992j;p2p100;2005;0.9989;992;j
RS;sptinc992j;p2p100;2006;0.99900001;992;j
RS;sptinc992j;p2p100;2007;0.99910003;992;j
RS;sptinc992j;p2p100;2008;0.99919999;992;j
RS;sptinc992j;p2p100;2009;0.9993;992;j
RS;sptinc992j;p2p100;2010;0.9993;992;j
RS;sptinc992j;p2p100;2011;0.99940002;992;j
RS;sptinc992j;p2p100;2012;0.99940002;992;j
RS;sptinc992j;p2p100;2013;0.99959999;992;j
RS;sptinc992j;p2p100;2014;0.99959999;992;j
RS;sptinc992j;p2p100;2015;0.99959999;992;j
RS;sptinc992j;p2p100;2016;0.99959999;992;j
RS;sptinc992j;p2p100;2017;0.99959999;992;j
RS;sptinc992j;p3p4;1990;0.0011;992;j
RS;sptinc992j;p3p4;1991;0.0011;992;j
RS;sptinc992j;p3p4;1992;0.0011;992;j
RS;sptinc992j;p3p4;1993;0.0011;992;j
RS;sptinc992j;p3p4;1994;0.0011;992;j
RS;sptinc992j;p3p4;1995;0.0011;992;j
RS;sptinc992j;p3p4;1996;0.0011;992;j
RS;sptinc992j;p3p4;1997;0.0011;992;j
RS;sptinc992j;p3p4;1998;0.0012000001;992;j
RS;sptinc992j;p3p4;1999;0.0013;992;j
RS;sptinc992j;p3p4;2000;0.0012000001;992;j
RS;sptinc992j;p3p4;2001;0.0013;992;j
RS;sptinc992j;p3p4;2002;0.001;992;j
RS;sptinc992j;p3p4;2003;0.0009;992;j
RS;sptinc992j;p3p4;2004;0.0009;992;j
RS;sptinc992j;p3p4;2005;0.0008;992;j
RS;sptinc992j;p3p4;2006;0.0007;992;j
RS;sptinc992j;p3p4;2007;0.0006;992;j
RS;sptinc992j;p3p4;2008;0.0005;992;j
RS;sptinc992j;p3p4;2009;0.0005;992;j
RS;sptinc992j;p3p4;2010;0.0005;992;j
RS;sptinc992j;p3p4;2011;0.0004;992;j
RS;sptinc992j;p3p4;2012;0.0004;992;j
RS;sptinc992j;p3p4;2013;0.0003;992;j
RS;sptinc992j;p3p4;2014;0.0003;992;j
RS;sptinc992j;p3p4;2015;0.0003;992;j
RS;sptinc992j;p3p4;2016;0.0003;992;j
RS;sptinc992j;p3p4;2017;0.0003;992;j
RS;sptinc992j;p43p100;1990;0.83740002;992;j
RS;sptinc992j;p43p100;1991;0.83780003;992;j
RS;sptinc992j;p43p100;1992;0.83810002;992;j
RS;sptinc992j;p43p100;1993;0.83850002;992;j
RS;sptinc992j;p43p100;1994;0.83890003;992;j
RS;sptinc992j;p43p100;1995;0.83929998;992;j
RS;sptinc992j;p43p100;1996;0.83950001;992;j
RS;sptinc992j;p43p100;1997;0.83969998;992;j
RS;sptinc992j;p43p100;1998;0.8369;992;j
RS;sptinc992j;p43p100;1999;0.83710003;992;j
RS;sptinc992j;p43p100;2000;0.83960003;992;j
RS;sptinc992j;p43p100;2001;0.8398;992;j
RS;sptinc992j;p43p100;2002;0.84810001;992;j
RS;sptinc992j;p43p100;2003;0.85170001;992;j
RS;sptinc992j;p43p100;2004;0.85820001;992;j
RS;sptinc992j;p43p100;2005;0.86430001;992;j
RS;sptinc992j;p43p100;2006;0.87089998;992;j
RS;sptinc992j;p43p100;2007;0.87360001;992;j
RS;sptinc992j;p43p100;2008;0.88;992;j
RS;sptinc992j;p43p100;2009;0.88450003;992;j
RS;sptinc992j;p43p100;2010;0.8901;992;j
RS;sptinc992j;p43p100;2011;0.89819998;992;j
RS;sptinc992j;p43p100;2012;0.90079999;992;j
RS;sptinc992j;p43p100;2013;0.90189999;992;j
RS;sptinc992j;p43p100;2014;0.90560001;992;j
RS;sptinc992j;p43p100;2015;0.90100002;992;j
RS;sptinc992j;p43p100;2016;0.90100002;992;j
RS;sptinc992j;p43p100;2017;0.9012;992;j
RS;sptinc992j;p56p100;1990;0.73259997;992;j
RS;sptinc992j;p56p100;1991;0.7335;992;j
RS;sptinc992j;p56p100;1992;0.73430002;992;j
RS;sptinc992j;p56p100;1993;0.73509997;992;j
RS;sptinc992j;p56p100;1994;0.736;992;j
RS;sptinc992j;p56p100;1995;0.73680001;992;j
RS;sptinc992j;p56p100;1996;0.73729998;992;j
RS;sptinc992j;p56p100;1997;0.73790002;992;j
RS;sptinc992j;p56p100;1998;0.73680001;992;j
RS;sptinc992j;p56p100;1999;0.73729998;992;j
RS;sptinc992j;p56p100;2000;0.741;992;j
RS;sptinc992j;p56p100;2001;0.74169999;992;j
RS;sptinc992j;p56p100;2002;0.75059998;992;j
RS;sptinc992j;p56p100;2003;0.75449997;992;j
RS;sptinc992j;p56p100;2004;0.76249999;992;j
RS;sptinc992j;p56p100;2005;0.7701;992;j
RS;sptinc992j;p56p100;2006;0.77689999;992;j
RS;sptinc992j;p56p100;2007;0.77890003;992;j
RS;sptinc992j;p56p100;2008;0.78579998;992;j
RS;sptinc992j;p56p100;2009;0.79049999;992;j
RS;sptinc992j;p56p100;2010;0.79820001;992;j
RS;sptinc992j;p56p100;2011;0.80779999;992;j
RS;sptinc992j;p56p100;2012;0.81040001;992;j
RS;sptinc992j;p56p100;2013;0.80989999;992;j
RS;sptinc992j;p56p100;2014;0.8168;992;j
RS;sptinc992j;p56p100;2015;0.80989999;992;j
RS;sptinc992j;p56p100;2016;0.80989999;992;j
RS;sptinc992j;p56p100;2017;0.81010002;992;j
RS;sptinc992j;p72p100;1990;0.56480002;992;j
RS;sptinc992j;p72p100;1991;0.56629997;992;j
RS;sptinc992j;p72p100;1992;0.56770003;992;j
RS;sptinc992j;p72p100;1993;0.56910002;992;j
RS;sptinc992j;p72p100;1994;0.57059997;992;j
RS;sptinc992j;p72p100;1995;0.57209998;992;j
RS;sptinc992j;p72p100;1996;0.57300001;992;j
RS;sptinc992j;p72p100;1997;0.57389998;992;j
RS;sptinc992j;p72p100;1998;0.57370001;992;j
RS;sptinc992j;p72p100;1999;0.57550001;992;j
RS;sptinc992j;p72p100;2000;0.58160001;992;j
RS;sptinc992j;p72p100;2001;0.58380002;992;j
RS;sptinc992j;p72p100;2002;0.59200001;992;j
RS;sptinc992j;p72p100;2003;0.5959;992;j
RS;sptinc992j;p72p100;2004;0.60600001;992;j
RS;sptinc992j;p72p100;2005;0.61449999;992;j
RS;sptinc992j;p72p100;2006;0.62050003;992;j
RS;sptinc992j;p72p100;2007;0.62029999;992;j
RS;sptinc992j;p72p100;2008;0.62629998;992;j
RS;sptinc992j;p72p100;2009;0.63129997;992;j
RS;sptinc992j;p72p100;2010;0.64120001;992;j
RS;sptinc992j;p72p100;2011;0.65200001;992;j
RS;sptinc992j;p72p100;2012;0.653;992;j
RS;sptinc992j;p72p100;2013;0.65030003;992;j
RS;sptinc992j;p72p100;2014;0.6609;992;j
RS;sptinc992j;p72p100;2015;0.65270001;992;j
RS;sptinc992j;p72p100;2016;0.65280002;992;j
RS;sptinc992j;p72p100;2017;0.653;992;j
RS;sptinc992j;p85p86;1990;0.016000001;992;j
RS;sptinc992j;p85p86;1991;0.015900001;992;j
RS;sptinc992j;p85p86;1992;0.015900001;992;j
RS;sptinc992j;p85p86;1993;0.015799999;992;j
RS;sptinc992j;p85p86;1994;0.015799999;992;j
RS;sptinc992j;p85p86;1995;0.015699999;992;j
RS;sptinc992j;p85p86;1996;0.015699999;992;j
RS;sptinc992j;p85p86;1997;0.0156;992;j
RS;sptinc992j;p85p86;1998;0.0154;992;j
RS;sptinc992j;p85p86;1999;0.0153;992;j
RS;sptinc992j;p85p86;2000;0.0151;992;j
RS;sptinc992j;p85p86;2001;0.015;992;j
RS;sptinc992j;p85p86;2002;0.0153;992;j
RS;sptinc992j;p85p86;2003;0.0153;992;j
RS;sptinc992j;p85p86;2004;0.0155;992;j
RS;sptinc992j;p85p86;2005;0.015699999;992;j
RS;sptinc992j;p85p86;2006;0.015799999;992;j
RS;sptinc992j;p85p86;2007;0.0162;992;j
RS;sptinc992j;p85p86;2008;0.0165;992;j
RS;sptinc992j;p85p86;2009;0.0166;992;j
RS;sptinc992j;p85p86;2010;0.0166;992;j
RS;sptinc992j;p85p86;2011;0.016799999;992;j
RS;sptinc992j;p85p86;2012;0.017000001;992;j
RS;sptinc992j;p85p86;2013;0.017200001;992;j
RS;sptinc992j;p85p86;2014;0.0167;992;j
RS;sptinc992j;p85p86;2015;0.0166;992;j
RS;sptinc992j;p85p86;2016;0.0166;992;j
RS;sptinc992j;p85p86;2017;0.0166;992;j
RS;sptinc992j;p99.992p99.993;1990;0.0005;992;j
RS;sptinc992j;p99.992p99.993;1991;0.0005;992;j
RS;sptinc992j;p99.992p99.993;1992;0.0005;992;j
RS;sptinc992j;p99.992p99.993;1993;0.0005;992;j
RS;sptinc992j;p99.992p99.993;1994;0.0005;992;j
RS;sptinc992j;p99.992p99.993;1995;0.0006;992;j
RS;sptinc992j;p99.992p99.993;1996;0.0006;992;j
RS;sptinc992j;p99.992p99.993;1997;0.0006;992;j
RS;sptinc992j;p99.992p99.993;1998;0.0006;992;j
RS;sptinc992j;p99.992p99.993;1999;0.0006;992;j
RS;sptinc992j;p99.992p99.993;2000;0.0007;992;j
RS;sptinc992j;p99.992p99.993;2001;0.0007;992;j
RS;sptinc992j;p99.992p99.993;2002;0.0007;992;j
RS;sptinc992j;p99.992p99.993;2003;0.0007;992;j
RS;sptinc992j;p99.992p99.993;2004;0.0007;992;j
RS;sptinc992j;p99.992p99.993;2005;0.0007;992;j
RS;sptinc992j;p99.992p99.993;2006;0.0007;992;j
RS;sptinc992j;p99.992p99.993;2007;0.0007;992;j
RS;sptinc992j;p99.992p99.993;2008;0.0007;992;j
RS;sptinc992j;p99.992p99.993;2009;0.0007;992;j
RS;sptinc992j;p99.992p99.993;2010;0.0006;992;j
RS;sptinc992j;p99.992p99.993;2011;0.0007;992;j
RS;sptinc992j;p99.992p99.993;2012;0.0006;992;j
RS;sptinc992j;p99.992p99.993;2013;0.0006;992;j
RS;sptinc992j;p99.992p99.993;2014;0.0009;992;j
RS;sptinc992j;p99.992p99.993;2015;0.0009;992;j
RS;sptinc992j;p99.992p99.993;2016;0.0009;992;j
RS;sptinc992j;p99.992p99.993;2017;0.0009;992;j
RS;tcainc992j;p47p100;1990;406298.69;992;j
RS;tcainc992j;p47p100;1991;355354.41;992;j
RS;tcainc992j;p47p100;1992;244926.0;992;j
RS;tcainc992j;p47p100;1993;159315.7;992;j
RS;tcainc992j;p47p100;1994;164593.0;992;j
RS;tcainc992j;p47p100;1995;174374.0;992;j
RS;tcainc992j;p47p100;1996;176726.2;992;j
RS;tcainc992j;p47p100;1997;187153.3;992;j
RS;tcainc992j;p47p100;1998;198563.3;992;j
RS;tcainc992j;p47p100;1999;226084.41;992;j
RS;tcainc992j;p47p100;2000;243316.59;992;j
RS;tcainc992j;p47p100;2001;235844.0;992;j
RS;tcainc992j;p47p100;2002;243219.8;992;j
RS;tcainc992j;p47p100;2003;255137.41;992;j
RS;tcainc992j;p47p100;2004;301118.41;992;j
RS;tcainc992j;p47p100;2005;338143.19;992;j
RS;tcainc992j;p47p100;2006;353240.0;992;j
RS;tcainc992j;p47p100;2007;353845.09;992;j
RS;tcainc992j;p47p100;2008;376837.19;992;j
RS;tcainc992j;p47p100;2009;367898.0;992;j
RS;tcainc992j;p47p100;2010;361055.31;992;j
RS;tcainc992j;p47p100;2011;360422.5;992;j
RS;tcainc992j;p47p100;2012;351318.31;992;j
RS;tcainc992j;p47p100;2013;361750.19;992;j
RS;tcainc992j;p47p100;2014;348114.69;992;j
RS;tcainc992j;p47p100;2015;346584.5;992;j
RS;tcainc992j;p47p100;2016;359338.41;992;j
RS;tcainc992j;p47p100;2017;359487.91;992;j
RS;tcainc992j;p99p99.1;1990;2107616.3;992;j
RS;tcainc992j;p99p99.1;1991;1826409.6;992;j
RS;tcainc992j;p99p99.1;1992;1253384.4;992;j
RS;tcainc992j;p99p99.1;1993;816532.38;992;j
RS;tcainc992j;p99p99.1;1994;842219.63;992;j
RS;tcainc992j;p99p99.1;1995;890334.13;992;j
RS;tcainc992j;p99p99.1;1996;893016.69;992;j
RS;tcainc992j;p99p99.1;1997;937622.13;992;j
RS;tcainc992j;p99p99.1;1998;1042744.5;992;j
RS;tcainc992j;p99p99.1;1999;1216340.5;992;j
RS;tcainc992j;p99p99.1;2000;1381211.4;992;j
RS;tcainc992j;p99p99.1;2001;1367695.3;992;j
RS;tcainc992j;p99p99.1;2002;1479890.0;992;j
RS;tcainc992j;p99p99.1;2003;1551844.1;992;j
RS;tcainc992j;p99p99.1;2004;1883701.6;992;j
RS;tcainc992j;p99p99.1;2005;2189651.8;992;j
RS;tcainc992j;p99p99.1;2006;2395590.0;992;j
RS;tcainc992j;p99p99.1;2007;2385155.5;992;j
RS;tcainc992j;p99p99.1;2008;2596629.8;992;j
RS;tcainc992j;p99p99.1;2009;2606732.0;992;j
RS;tcainc992j;p99p99.1;2010;2716433.3;992;j
RS;tcainc992j;p99p99.1;2011;2825446.3;992;j
RS;tcainc992j;p99p99.1;2012;2836471.3;992;j
RS;tcainc992j;p99p99.1;2013;2884941.8;992;j
RS;tcainc992j;p99p99.1;2014;2738513.3;992;j
RS;tcainc992j;p99p99.1;2015;2877153.5;992;j
RS;tcainc992j;p99p99.1;2016;2983817.0;992;j
RS;tcainc992j;p99p99.1;2017;2986689.3;992;j
RS;tdiinc992j;p0p100;1990;101963.0;992;j
RS;tdiinc992j;p0p100;1991;81602.5;992;j
RS;tdiinc992j;p0p100;1992;51248.398;992;j
RS;tdiinc992j;p0p100;1993;30259.301;992;j
RS;tdiinc992j;p0p100;1994;28125.6;992;j
RS;tdiinc992j;p0p100;1995;26834.199;992;j
RS;tdiinc992j;p0p100;1996;23933.6;992;j
RS;tdiinc992j;p0p100;1997;22526.9;992;j
RS;tdiinc992j;p0p100;1998;20437.5;992;j
RS;tdiinc992j;p0p100;1999;19383.4;992;j
RS;tdiinc992j;p0p100;2000;19660.199;992;j
RS;tdiinc992j;p0p100;2001;20134.801;992;j
RS;tdiinc992j;p0p100;2002;22968.801;992;j
RS;tdiinc992j;p0p100;2003;33898.301;992;j
RS;tdiinc992j;p0p100;2004;38763.898;992;j
RS;tdiinc992j;p0p100;2005;42251.0;992;j
RS;tdiinc992j;p0p100;2006;47391.301;992;j
RS;tdiinc992j;p0p100;2007;-16191392.0;992;j
RS;tdiinc992j;p0p100;2008;-25787228.0;992;j
RS;tdiinc992j;p0p100;2009;61857.199;992;j
RS;tdiinc992j;p0p100;2010;63306.301;992;j
RS;tdiinc992j;p0p100;2011;59805.898;992;j
RS;tdiinc992j;p0p100;2012;59081.301;992;j
RS;tdiinc992j;p0p100;2013;35009.602;992;j
RS;tdiinc992j;p0p100;2014;77358.602;992;j
RS;tdiinc992j;p0p100;2015;68211.5;992;j
RS;tdiinc992j;p0p100;2016;60703.898;992;j
RS;tdiinc992j;p0p100;2017;58708.301;992;j
RS;tdiinc992j;p44p100;1990;559572.31;992;j
RS;tdiinc992j;p44p100;1991;487918.5;992;j
RS;tdiinc992j;p44p100;1992;335302.31;992;j
RS;tdiinc992j;p44p100;1993;217576.59;992;j
RS;tdiinc992j;p44p100;1994;224537.5;992;j
RS;tdiinc992j;p44p100;1995;237540.0;992;j
RS;tdiinc992j;p44p100;1996;240160.41;992;j
RS;tdiinc992j;p44p100;1997;255747.0;992;j
RS;tdiinc992j;p44p100;1998;261153.8;992;j
RS;tdiinc992j;p44p100;1999;283935.41;992;j
RS;tdiinc992j;p44p100;2000;311108.41;992;j
RS;tdiinc992j;p44p100;2001;308892.81;992;j
RS;tdiinc992j;p44p100;2002;331661.41;992;j
RS;tdiinc992j;p44p100;2003;346489.91;992;j
RS;tdiinc992j;p44p100;2004;386659.31;992;j
RS;tdiinc992j;p44p100;2005;422539.59;992;j
RS;tdiinc992j;p44p100;2006;442324.31;992;j
RS;tdiinc992j;p44p100;2007;456152.59;992;j
RS;tdiinc992j;p44p100;2008;480805.69;992;j
RS;tdiinc992j;p44p100;2009;468455.09;992;j
RS;tdiinc992j;p44p100;2010;458469.0;992;j
RS;tdiinc992j;p44p100;2011;449965.0;992;j
RS;tdiinc992j;p44p100;2012;445125.5;992;j
RS;tdiinc992j;p44p100;2013;455319.81;992;j
RS;tdiinc992j;p44p100;2014;441997.31;992;j
RS;tdiinc992j;p44p100;2015;437515.0;992;j
RS;tdiinc992j;p44p100;2016;447808.31;992;j
RS;tdiinc992j;p44p100;2017;449873.19;992;j
RS;tptinc992j;p30p31;1990;379099.41;992;j
RS;tptinc992j;p30p31;1991;329844.41;992;j
RS;tptinc992j;p30p31;1992;225777.09;992;j
RS;tptinc992j;p30p31;1993;146772.8;992;j
RS;tptinc992j;p30p31;1994;151205.8;992;j
RS;tptinc992j;p30p31;1995;159442.59;992;j
RS;tptinc992j;p30p31;1996;160955.09;992;j
RS;tptinc992j;p30p31;1997;170634.5;992;j
RS;tptinc992j;p30p31;1998;178784.7;992;j
RS;tptinc992j;p30p31;1999;194361.8;992;j
RS;tptinc992j;p30p31;2000;211198.91;992;j
RS;tptinc992j;p30p31;2001;210244.0;992;j
RS;tptinc992j;p30p31;2002;221361.5;992;j
RS;tptinc992j;p30p31;2003;225139.0;992;j
RS;tptinc992j;p30p31;2004;244497.5;992;j
RS;tptinc992j;p30p31;2005;263638.31;992;j
RS;tptinc992j;p30p31;2006;267126.91;992;j
RS;tptinc992j;p30p31;2007;276108.91;992;j
RS;tptinc992j;p30p31;2008;284858.31;992;j
RS;tptinc992j;p30p31;2009;271995.19;992;j
RS;tptinc992j;p30p31;2010;260772.09;992;j
RS;tptinc992j;p30p31;2011;245259.59;992;j
RS;tptinc992j;p30p31;2012;241610.8;992;j
RS;tptinc992j;p30p31;2013;248883.41;992;j
RS;tptinc992j;p30p31;2014;232349.3;992;j
RS;tptinc992j;p30p31;2015;253589.59;992;j
RS;tptinc992j;p30p31;2016;261439.41;992;j
RS;tptinc992j;p30p31;2017;262776.91;992;j
RS;tptinc992j;p47p100;1990;563241.69;992;j
RS;tptinc992j;p47p100;1991;487165.31;992;j
RS;tptinc992j;p47p100;1992;332419.19;992;j
RS;tptinc992j;p47p100;1993;214273.59;992;j
RS;tptinc992j;p47p100;1994;219771.8;992;j
RS;tptinc992j;p47p100;1995;230531.09;992;j
RS;tptinc992j;p47p100;1996;231480.59;992;j
RS;tptinc992j;p47p100;1997;244633.91;992;j
RS;tptinc992j;p47p100;1998;251900.3;992;j
RS;tptinc992j;p47p100;1999;274614.5;992;j
RS;tptinc992j;p47p100;2000;298543.31;992;j
RS;tptinc992j;p47p100;2001;297042.09;992;j
RS;tptinc992j;p47p100;2002;317484.91;992;j
RS;tptinc992j;p47p100;2003;331724.09;992;j
RS;tptinc992j;p47p100;2004;367339.59;992;j
RS;tptinc992j;p47p100;2005;402582.91;992;j
RS;tptinc992j;p47p100;2006;424824.09;992;j
RS;tptinc992j;p47p100;2007;441820.69;992;j
RS;tptinc992j;p47p100;2008;466701.19;992;j
RS;tptinc992j;p47p100;2009;457464.91;992;j
RS;tptinc992j;p47p100;2010;447776.5;992;j
RS;tptinc992j;p47p100;2011;441739.0;992;j
RS;tptinc992j;p47p100;2012;435394.59;992;j
RS;tptinc992j;p47p100;2013;455551.59;992;j
RS;tptinc992j;p47p100;2014;433015.31;992;j
RS;tptinc992j;p47p100;2015;446591.09;992;j
RS;tptinc992j;p47p100;2016;460175.19;992;j
RS;tptinc992j;p47p100;2017;462538.31;992;j
RS;tptinc992j;p48p49;1990;575110.81;992;j
RS;tptinc992j;p48p49;1991;496916.19;992;j
RS;tptinc992j;p48p49;1992;338780.31;992;j
RS;tptinc992j;p48p49;1993;218880.41;992;j
RS;tptinc992j;p48p49;1994;224146.59;992;j
RS;tptinc992j;p48p49;1995;235700.5;992;j
RS;tptinc992j;p48p49;1996;237069.7;992;j
RS;tptinc992j;p48p49;1997;250631.8;992;j
RS;tptinc992j;p48p49;1998;257565.8;992;j
RS;tptinc992j;p48p49;1999;281101.09;992;j
RS;tptinc992j;p48p49;2000;305172.0;992;j
RS;tptinc992j;p48p49;2001;303429.0;992;j
RS;tptinc992j;p48p49;2002;323257.09;992;j
RS;tptinc992j;p48p49;2003;338103.59;992;j
RS;tptinc992j;p48p49;2004;374509.5;992;j
RS;tptinc992j;p48p49;2005;410029.81;992;j
RS;tptinc992j;p48p49;2006;431968.81;992;j
RS;tptinc992j;p48p49;2007;451335.5;992;j
RS;tptinc992j;p48p49;2008;477279.69;992;j
RS;tptinc992j;p48p49;2009;466741.81;992;j
RS;tptinc992j;p48p49;2010;456265.69;992;j
RS;tptinc992j;p48p49;2011;450144.81;992;j
RS;tptinc992j;p48p49;2012;447744.5;992;j
RS;tptinc992j;p48p49;2013;465586.59;992;j
RS;tptinc992j;p48p49;2014;441979.41;992;j
RS;tptinc992j;p48p49;2015;457134.81;992;j
RS;tptinc992j;p48p49;2016;471032.09;992;j
RS;tptinc992j;p48p49;2017;473633.41;992;j
RS;tptinc992j;p78p79;1990;1012800.5;992;j
RS;tptinc992j;p78p79;1991;876135.19;992;j
RS;tptinc992j;p78p79;1992;598311.81;992;j
RS;tptinc992j;p78p79;1993;386817.31;992;j
RS;tptinc992j;p78p79;1994;397481.59;992;j
RS;tptinc992j;p78p79;1995;418668.81;992;j
RS;tptinc992j;p78p79;1996;421674.81;992;j
RS;tptinc992j;p78p79;1997;446246.81;992;j
RS;tptinc992j;p78p79;1998;463624.5;992;j
RS;tptinc992j;p78p79;1999;502156.19;992;j
RS;tptinc992j;p78p79;2000;547115.81;992;j
RS;tptinc992j;p78p79;2001;541059.69;992;j
RS;tptinc992j;p78p79;2002;589722.63;992;j
RS;tptinc992j;p78p79;2003;618089.88;992;j
RS;tptinc992j;p78p79;2004;696597.63;992;j
RS;tptinc992j;p78p79;2005;777271.19;992;j
RS;tptinc992j;p78p79;2006;826728.31;992;j
RS;tptinc992j;p78p79;2007;872784.38;992;j
RS;tptinc992j;p78p79;2008;935149.63;992;j
RS;tptinc992j;p78p79;2009;917366.13;992;j
RS;tptinc992j;p78p79;2010;910458.31;992;j
RS;tptinc992j;p78p79;2011;918373.69;992;j
RS;tptinc992j;p78p79;2012;938046.5;992;j
RS;tptinc992j;p78p79;2013;965615.81;992;j
RS;tptinc992j;p78p79;2014;917250.13;992;j
RS;tptinc992j;p78p79;2015;918424.13;992;j
RS;tptinc992j;p78p79;2016;946471.88;992;j
RS;tptinc992j;p78p79;2017;952091.0;992;j
RS;tptinc992j;p83p84;1990;1111143.6;992;j
RS;tptinc992j;p83p84;1991;960887.13;992;j
RS;tptinc992j;p83p84;1992;655683.13;992;j
RS;tptinc992j;p83p84;1993;423996.09;992;j
RS;tptinc992j;p83p84;1994;434755.81;992;j
RS;tptinc992j;p83p84;1995;457161.19;992;j
RS;tptinc992j;p83p84;1996;459592.91;992;j
RS;tptinc992j;p83p84;1997;486346.91;992;j
RS;tptinc992j;p83p84;1998;503957.69;992;j
RS;tptinc992j;p83p84;1999;549523.13;992;j
RS;tptinc992j;p83p84;2000;596567.13;992;j
RS;tptinc992j;p83p84;2001;590383.19;992;j
RS;tptinc992j;p83p84;2002;646153.69;992;j
RS;tptinc992j;p83p84;2003;678625.63;992;j
RS;tptinc992j;p83p84;2004;768028.81;992;j
RS;tptinc992j;p83p84;2005;863989.81;992;j
RS;tptinc992j;p83p84;2006;914924.31;992;j
RS;tptinc992j;p83p84;2007;969947.38;992;j
RS;tptinc992j;p83p84;2008;1047149.1;992;j
RS;tptinc992j;p83p84;2009;1027631.9;992;j
RS;tptinc992j;p83p84;2010;1035841.3;992;j
RS;tptinc992j;p83p84;2011;1044097.8;992;j
RS;tptinc992j;p83p84;2012;1063717.0;992;j
RS;tptinc992j;p83p84;2013;1091721.4;992;j
RS;tptinc992j;p83p84;2014;1045164.5;992;j
RS;tptinc992j;p83p84;2015;1040103.8;992;j
RS;tptinc992j;p83p84;2016;1072268.5;992;j
RS;tptinc992j;p83p84;2017;1078362.8;992;j
RS;acainc992j;p87p88;1990;854990.13;992;j
RS;acainc992j;p87p88;1991;739568.63;992;j
RS;acainc992j;p87p88;1992;504584.91;992;j
RS;acainc992j;p87p88;1993;325711.91;992;j
RS;acainc992j;p87p88;1994;333688.0;992;j
RS;acainc992j;p87p88;1995;350215.91;992;j
RS;acainc992j;p87p88;1996;351365.19;992;j
RS;acainc992j;p87p88;1997;368993.09;992;j
RS;acainc992j;p87p88;1998;404985.81;992;j
RS;acainc992j;p87p88;1999;456226.09;992;j
RS;acainc992j;p87p88;2000;489020.41;992;j
RS;acainc992j;p87p88;2001;471762.81;992;j
RS;acainc992j;p87p88;2002;498659.09;992;j
RS;acainc992j;p87p88;2003;539018.38;992;j
RS;acainc992j;p87p88;2004;658982.0;992;j
RS;acainc992j;p87p88;2005;759213.38;992;j
RS;acainc992j;p87p88;2006;811625.63;992;j
RS;acainc992j;p87p88;2007;825053.63;992;j
RS;acainc992j;p87p88;2008;886693.31;992;j
RS;acainc992j;p87p88;2009;882326.13;992;j
RS;acainc992j;p87p88;2010;899265.5;992;j
RS;acainc992j;p87p88;2011;922251.19;992;j
RS;acainc992j;p87p88;2012;909337.81;992;j
RS;acainc992j;p87p88;2013;945734.88;992;j
RS;acainc992j;p87p88;2014;872562.5;992;j
RS;acainc992j;p87p88;2015;869092.31;992;j
RS;acainc992j;p87p88;2016;901089.63;992;j
RS;acainc992j;p87p88;2017;901821.69;992;j
RS;acainc992j;p94p95;1990;1098711.5;992;j
RS;acainc992j;p94p95;1991;954072.5;992;j
RS;acainc992j;p94p95;1992;654371.69;992;j
RS;acainc992j;p94p95;1993;424401.41;992;j
RS;acainc992j;p94p95;1994;436785.19;992;j
RS;acainc992j;p94p95;1995;460557.41;992;j
RS;acainc992j;p94p95;1996;463354.69;992;j
RS;acainc992j;p94p95;1997;487975.19;992;j
RS;acainc992j;p94p95;1998;537332.38;992;j
RS;acainc992j;p94p95;1999;611424.69;992;j
RS;acainc992j;p94p95;2000;669487.13;992;j
RS;acainc992j;p94p95;2001;651987.69;992;j
RS;acainc992j;p94p95;2002;697430.31;992;j
RS;acainc992j;p94p95;2003;742818.31;992;j
RS;acainc992j;p94p95;2004;908749.38;992;j
RS;acainc992j;p94p95;2005;1049821.8;992;j
RS;acainc992j;p94p95;2006;1134797.3;992;j
RS;acainc992j;p94p95;2007;1146896.4;992;j
RS;acainc992j;p94p95;2008;1248174.3;992;j
RS;acainc992j;p94p95;2009;1233035.3;992;j
RS;acainc992j;p94p95;2010;1280237.8;992;j
RS;acainc992j;p94p95;2011;1326829.0;992;j
RS;acainc992j;p94p95;2012;1278481.6;992;j
RS;acainc992j;p94p95;2013;1333633.4;992;j
RS;acainc992j;p94p95;2014;1216634.4;992;j
RS;acainc992j;p94p95;2015;1209393.1;992;j
RS;acainc992j;p94p95;2016;1254147.4;992;j
RS;acainc992j;p94p95;2017;1255487.4;992;j
RS;acainc992j;p99.992p99.993;1990;24239024.0;992;j
RS;acainc992j;p99.992p99.993;1991;20072152.0;992;j
RS;acainc992j;p99.992p99.993;1992;12942816.0;992;j
RS;acainc992j;p99.992p99.993;1993;8086930.0;992;j
RS;acainc992j;p99.992p99.993;1994;8110016.0;992;j
RS;acainc992j;p99.992p99.993;1995;8368723.0;992;j
RS;acainc992j;p99.992p99.993;1996;8145204.5;992;j
RS;acainc992j;p99.992p99.993;1997;8277189.5;992;j
RS;acainc992j;p99.992p99.993;1998;9570795.0;992;j
RS;acainc992j;p99.992p99.993;1999;12784861.0;992;j
RS;acainc992j;p99.992p99.993;2000;14826892.0;992;j
RS;acainc992j;p99.992p99.993;2001;16226269.0;992;j
RS;acainc992j;p99.992p99.993;2002;16434741.0;992;j
RS;acainc992j;p99.992p99.993;2003;17170612.0;992;j
RS;acainc992j;p99.992p99.993;2004;20831100.0;992;j
RS;acainc992j;p99.992p99.993;2005;25314194.0;992;j
RS;acainc992j;p99.992p99.993;2006;25461422.0;992;j
RS;acainc992j;p99.992p99.993;2007;22794790.0;992;j
RS;acainc992j;p99.992p99.993;2008;22313314.0;992;j
RS;acainc992j;p99.992p99.993;2009;25959468.0;992;j
RS;acainc992j;p99.992p99.993;2010;25419468.0;992;j
RS;acainc992j;p99.992p99.993;2011;25469732.0;992;j
RS;acainc992j;p99.992p99.993;2012;35521272.0;992;j
RS;acainc992j;p99.992p99.993;2013;29320020.0;992;j
RS;acainc992j;p99.992p99.993;2014;46127740.0;992;j
RS;acainc992j;p99.992p99.993;2015;66836160.0;992;j
RS;acainc992j;p99.992p99.993;2016;69346144.0;992;j
RS;acainc992j;p99.992p99.993;2017;69504512.0;992;j
RS;adiinc992j;p40p41;1990;531519.19;992;j
RS;adiinc992j;p40p41;1991;462577.09;992;j
RS;adiinc992j;p40p41;1992;317464.59;992;j
RS;adiinc992j;p40p41;1993;206076.5;992;j
RS;adiinc992j;p40p41;1994;212475.3;992;j
RS;adiinc992j;p40p41;1995;224440.7;992;j
RS;adiinc992j;p40p41;1996;226970.41;992;j
RS;adiinc992j;p40p41;1997;241556.59;992;j
RS;adiinc992j;p40p41;1998;247594.2;992;j
RS;adiinc992j;p40p41;1999;268725.91;992;j
RS;adiinc992j;p40p41;2000;294692.0;992;j
RS;adiinc992j;p40p41;2001;293077.81;992;j
RS;adiinc992j;p40p41;2002;314350.0;992;j
RS;adiinc992j;p40p41;2003;327585.69;992;j
RS;adiinc992j;p40p41;2004;363252.81;992;j
RS;adiinc992j;p40p41;2005;397831.69;992;j
RS;adiinc992j;p40p41;2006;412623.31;992;j
RS;adiinc992j;p40p41;2007;425117.41;992;j
RS;adiinc992j;p40p41;2008;449513.91;992;j
RS;adiinc992j;p40p41;2009;435684.5;992;j
RS;adiinc992j;p40p41;2010;426413.69;992;j
RS;adiinc992j;p40p41;2011;421116.91;992;j
RS;adiinc992j;p40p41;2012;410817.19;992;j
RS;adiinc992j;p40p41;2013;415591.19;992;j
RS;adiinc992j;p40p41;2014;410691.81;992;j
RS;adiinc992j;p40p41;2015;406659.19;992;j
RS;adiinc992j;p40p41;2016;415625.31;992;j
RS;adiinc992j;p40p41;2017;417593.5;992;j
RS;adiinc992j;p6p100;1990;773842.13;992;j
RS;adiinc992j;p6p100;1991;671867.19;992;j
RS;adiinc992j;p6p100;1992;460060.81;992;j
RS;adiinc992j;p6p100;1993;298312.0;992;j
RS;adiinc992j;p6p100;1994;307198.41;992;j
RS;adiinc992j;p6p100;1995;324185.41;992;j
RS;adiinc992j;p6p100;1996;326775.41;992;j
RS;adiinc992j;p6p100;1997;346357.09;992;j
RS;adiinc992j;p6p100;1998;364394.0;992;j
RS;adiinc992j;p6p100;1999;399112.5;992;j
RS;adiinc992j;p6p100;2000;438865.59;992;j
RS;adiinc992j;p6p100;2001;438160.81;992;j
RS;adiinc992j;p6p100;2002;471932.59;992;j
RS;adiinc992j;p6p100;2003;495571.5;992;j
RS;adiinc992j;p6p100;2004;558145.0;992;j
RS;adiinc992j;p6p100;2005;622647.63;992;j
RS;adiinc992j;p6p100;2006;657505.0;992;j
RS;adiinc992j;p6p100;2007;678522.69;992;j
RS;adiinc992j;p6p100;2008;722260.19;992;j
RS;adiinc992j;p6p100;2009;709220.0;992;j
RS;adiinc992j;p6p100;2010;711222.81;992;j
RS;adiinc992j;p6p100;2011;714013.38;992;j
RS;adiinc992j;p6p100;2012;713248.63;992;j
RS;adiinc992j;p6p100;2013;728818.5;992;j
RS;adiinc992j;p6p100;2014;711549.19;992;j
RS;adiinc992j;p6p100;2015;718368.0;992;j
RS;adiinc992j;p6p100;2016;741087.5;992;j
RS;adiinc992j;p6p100;2017;745522.69;992;j
RS;aptfpx992i;p0p100;2007;17075.1;992;i
RS;aptfpx992i;p0p100;2008;19495.5;992;i
RS;aptfpx992i;p0p100;2009;17739.199;992;i
RS;aptfpx992i;p0p100;2010;18582.699;992;i
RS;aptfpx992i;p0p100;2011;18683.301;992;i
RS;aptfpx992i;p0p100;2012;20538.0;992;i
RS;aptfpx992i;p0p100;2013;20917.801;992;i
RS;aptfpx992i;p0p100;2014;21667.1;992;i
RS;aptfpx992i;p0p100;2015;24316.9;992;i
RS;aptfpx992i;p0p100;2016;23217.9;992;i
RS;aptfpx992i;p0p100;2017;19632.1;992;i
RS;aptfpx992i;p0p100;2018;15134.5;992;i
RS;aptinc992j;p18p100;1990;866538.13;992;j
RS;aptinc992j;p18p100;1991;752116.88;992;j
RS;aptinc992j;p18p100;1992;514860.5;992;j
RS;aptinc992j;p18p100;1993;333747.59;992;j
RS;aptinc992j;p18p100;1994;343588.31;992;j
RS;aptinc992j;p18p100;1995;362484.09;992;j
RS;aptinc992j;p18p100;1996;365251.41;992;j
RS;aptinc992j;p18p100;1997;387059.0;992;j
RS;aptinc992j;p18p100;1998;405886.41;992;j
RS;aptinc992j;p18p100;1999;444268.41;992;j
RS;aptinc992j;p18p100;2000;488842.19;992;j
RS;aptinc992j;p18p100;2001;487864.69;992;j
RS;aptinc992j;p18p100;2002;527553.38;992;j
RS;aptinc992j;p18p100;2003;555077.19;992;j
RS;aptinc992j;p18p100;2004;626518.81;992;j
RS;aptinc992j;p18p100;2005;700456.13;992;j
RS;aptinc992j;p18p100;2006;741822.13;992;j
RS;aptinc992j;p18p100;2007;767429.63;992;j
RS;aptinc992j;p18p100;2008;819566.31;992;j
RS;aptinc992j;p18p100;2009;806590.31;992;j
RS;aptinc992j;p18p100;2010;809968.81;992;j
RS;aptinc992j;p18p100;2011;814508.0;992;j
RS;aptinc992j;p18p100;2012;814058.31;992;j
RS;aptinc992j;p18p100;2013;834851.19;992;j
RS;aptinc992j;p18p100;2014;818537.88;992;j
RS;aptinc992j;p18p100;2015;824094.81;992;j
RS;aptinc992j;p18p100;2016;849587.63;992;j
RS;aptinc992j;p18p100;2017;854675.38;992;j
RS;aptinc992j;p29p100;1990;955498.69;992;j
RS;aptinc992j;p29p100;1991;829466.88;992;j
RS;aptinc992j;p29p100;1992;567878.38;992;j
RS;aptinc992j;p29p100;1993;368161.5;992;j
RS;aptinc992j;p29p100;1994;379071.09;992;j
RS;aptinc992j;p29p100;1995;399974.81;992;j
RS;aptinc992j;p29p100;1996;403059.69;992;j
RS;aptinc992j;p29p100;1997;427168.69;992;j
RS;aptinc992j;p29p100;1998;447183.19;992;j
RS;aptinc992j;p29p100;1999;489610.5;992;j
RS;aptinc992j;p29p100;2000;539281.38;992;j
RS;aptinc992j;p29p100;2001;538302.81;992;j
RS;aptinc992j;p29p100;2002;583726.19;992;j
RS;aptinc992j;p29p100;2003;614866.69;992;j
RS;aptinc992j;p29p100;2004;695668.19;992;j
RS;aptinc992j;p29p100;2005;779257.13;992;j
RS;aptinc992j;p29p100;2006;827160.38;992;j
RS;aptinc992j;p29p100;2007;856623.13;992;j
RS;aptinc992j;p29p100;2008;916672.31;992;j
RS;aptinc992j;p29p100;2009;903641.88;992;j
RS;aptinc992j;p29p100;2010;909313.38;992;j
RS;aptinc992j;p29p100;2011;917298.63;992;j
RS;aptinc992j;p29p100;2012;918120.81;992;j
RS;aptinc992j;p29p100;2013;941928.81;992;j
RS;aptinc992j;p29p100;2014;924392.88;992;j
RS;aptinc992j;p29p100;2015;929280.81;992;j
RS;aptinc992j;p29p100;2016;958005.31;992;j
RS;aptinc992j;p29p100;2017;963810.13;992;j
RS;aptinc992j;p67p100;1990;1387761.9;992;j
RS;aptinc992j;p67p100;1991;1207164.8;992;j
RS;aptinc992j;p67p100;1992;828034.63;992;j
RS;aptinc992j;p67p100;1993;537858.38;992;j
RS;aptinc992j;p67p100;1994;554862.63;992;j
RS;aptinc992j;p67p100;1995;586629.5;992;j
RS;aptinc992j;p67p100;1996;591897.69;992;j
RS;aptinc992j;p67p100;1997;628106.31;992;j
RS;aptinc992j;p67p100;1998;660001.81;992;j
RS;aptinc992j;p67p100;1999;723973.38;992;j
RS;aptinc992j;p67p100;2000;802742.13;992;j
RS;aptinc992j;p67p100;2001;803745.38;992;j
RS;aptinc992j;p67p100;2002;876219.0;992;j
RS;aptinc992j;p67p100;2003;926064.63;992;j
RS;aptinc992j;p67p100;2004;1057647.6;992;j
RS;aptinc992j;p67p100;2005;1194422.1;992;j
RS;aptinc992j;p67p100;2006;1272911.1;992;j
RS;aptinc992j;p67p100;2007;1314901.9;992;j
RS;aptinc992j;p67p100;2008;1413343.9;992;j
RS;aptinc992j;p67p100;2009;1398292.5;992;j
RS;aptinc992j;p67p100;2010;1421040.5;992;j
RS;aptinc992j;p67p100;2011;1447450.1;992;j
RS;aptinc992j;p67p100;2012;1449374.0;992;j
RS;aptinc992j;p67p100;2013;1479755.3;992;j
RS;aptinc992j;p67p100;2014;1469789.0;992;j
RS;aptinc992j;p67p100;2015;1463040.6;992;j
RS;aptinc992j;p67p100;2016;1508419.3;992;j
RS;aptinc992j;p67p100;2017;1517944.1;992;j
RS;aptinc992j;p74p100;1990;1526784.8;992;j
RS;aptinc992j;p74p100;1991;1329186.1;992;j
RS;aptinc992j;p74p100;1992;912454.81;992;j
RS;aptinc992j;p74p100;1993;593177.31;992;j
RS;aptinc992j;p74p100;1994;612423.81;992;j
RS;aptinc992j;p74p100;1995;648040.13;992;j
RS;aptinc992j;p74p100;1996;654198.13;992;j
RS;aptinc992j;p74p100;1997;694571.38;992;j
RS;aptinc992j;p74p100;1998;730472.38;992;j
RS;aptinc992j;p74p100;1999;802755.0;992;j
RS;aptinc992j;p74p100;2000;892928.88;992;j
RS;aptinc992j;p74p100;2001;895319.31;992;j
RS;aptinc992j;p74p100;2002;976842.81;992;j
RS;aptinc992j;p74p100;2003;1033236.0;992;j
RS;aptinc992j;p74p100;2004;1183734.9;992;j
RS;aptinc992j;p74p100;2005;1339725.8;992;j
RS;aptinc992j;p74p100;2006;1428175.8;992;j
RS;aptinc992j;p74p100;2007;1472100.3;992;j
RS;aptinc992j;p74p100;2008;1582748.5;992;j
RS;aptinc992j;p74p100;2009;1567547.8;992;j
RS;aptinc992j;p74p100;2010;1598282.0;992;j
RS;aptinc992j;p74p100;2011;1631939.3;992;j
RS;aptinc992j;p74p100;2012;1630931.1;992;j
RS;aptinc992j;p74p100;2013;1662621.5;992;j
RS;aptinc992j;p74p100;2014;1659165.4;992;j
RS;aptinc992j;p74p100;2015;1649833.3;992;j
RS;aptinc992j;p74p100;2016;1701096.5;992;j
RS;aptinc992j;p74p100;2017;1711970.3;992;j
RS;aptinc992j;p7p100;1990;784612.81;992;j
RS;aptinc992j;p7p100;1991;681072.31;992;j
RS;aptinc992j;p7p100;1992;466261.19;992;j
RS;aptinc992j;p7p100;1993;302265.41;992;j
RS;aptinc992j;p7p100;1994;311200.91;992;j
RS;aptinc992j;p7p100;1995;328339.19;992;j
RS;aptinc992j;p7p100;1996;330882.5;992;j
RS;aptinc992j;p7p100;1997;350667.31;992;j
RS;aptinc992j;p7p100;1998;368531.69;992;j
RS;aptinc992j;p7p100;1999;403439.5;992;j
RS;aptinc992j;p7p100;2000;443688.09;992;j
RS;aptinc992j;p7p100;2001;442901.69;992;j
RS;aptinc992j;p7p100;2002;477245.0;992;j
RS;aptinc992j;p7p100;2003;501480.91;992;j
RS;aptinc992j;p7p100;2004;564779.5;992;j
RS;aptinc992j;p7p100;2005;630180.5;992;j
RS;aptinc992j;p7p100;2006;665684.0;992;j
RS;aptinc992j;p7p100;2007;687188.63;992;j
RS;aptinc992j;p7p100;2008;732164.63;992;j
RS;aptinc992j;p7p100;2009;719595.81;992;j
RS;aptinc992j;p7p100;2010;721649.13;992;j
RS;aptinc992j;p7p100;2011;724416.13;992;j
RS;aptinc992j;p7p100;2012;723509.5;992;j
RS;aptinc992j;p7p100;2013;741284.19;992;j
RS;aptinc992j;p7p100;2014;726715.13;992;j
RS;aptinc992j;p7p100;2015;731811.31;992;j
RS;aptinc992j;p7p100;2016;754466.0;992;j
RS;aptinc992j;p7p100;2017;758942.13;992;j
RS;asscgo992i;p0p100;1997;58466.398;992;i
RS;asscgo992i;p0p100;1998;61707.801;992;i
RS;asscgo992i;p0p100;1999;63926.199;992;i
RS;asscgo992i;p0p100;2000;65534.199;992;i
RS;asscgo992i;p0p100;2001;64866.898;992;i
RS;asscgo992i;p0p100;2002;75289.398;992;i
RS;asscgo992i;p0p100;2003;75879.203;992;i
RS;asscgo992i;p0p100;2004;85404.297;992;i
RS;asscgo992i;p0p100;2005;90970.0;992;i
RS;asscgo992i;p0p100;2006;102341.3;992;i
RS;asscgo992i;p0p100;2007;110449.0;992;i
RS;asscgo992i;p0p100;2008;114531.8;992;i
RS;asscgo992i;p0p100;2009;111696.4;992;i
RS;asscgo992i;p0p100;2010;114793.0;992;i
RS;asscgo992i;p0p100;2011;111774.7;992;i
RS;ataxnx999i;p0p100;1997;315.89999;999;i
RS;ataxnx999i;p0p100;1998;256.60001;999;i
RS;ataxnx999i;p0p100;1999;99.099998;999;i
RS;ataxnx999i;p0p100;2000;97.699997;999;i
RS;ataxnx999i;p0p100;2001;129.60001;999;i
RS;ataxnx999i;p0p100;2002;-125.9;999;i
RS;ataxnx999i;p0p100;2003;-154.89999;999;i
RS;ataxnx999i;p0p100;2004;-204.89999;999;i
RS;ataxnx999i;p0p100;2005;-145.10001;999;i
RS;ataxnx999i;p0p100;2006;-165.7;999;i
RS;ataxnx999i;p0p100;2007;0.0;999;i
RS;ataxnx999i;p0p100;2008;0.0;999;i
RS;ataxnx999i;p0p100;2009;0.0;999;i
RS;ataxnx999i;p0p100;2010;0.0;999;i
RS;ataxnx999i;p0p100;2011;0.0;999;i
RS;ataxnx999i;p0p100;2012;0.0;999;i
RS;ataxnx999i;p0p100;2013;0.0;999;i
RS;ataxnx999i;p0p100;2014;0.0;999;i
RS;ataxnx999i;p0p100;2015;0.0;999;i
RS;ataxnx999i;p0p100;2016;0.0;999;i
RS;ataxnx999i;p0p100;2017;0.0;999;i
RS;ataxnx999i;p0p100;2018;0.0;999;i
RS;bcainc992j;p40p100;1990;2.0382895;992;j
RS;bcainc992j;p40p100;1991;2.0282359;992;j
RS;bcainc992j;p40p100;1992;2.0181296;992;j
RS;bcainc992j;p40p100;1993;2.0100837;992;j
RS;bcainc992j;p40p100;1994;2.002105;992;j
RS;bcainc992j;p40p100;1995;1.9955182;992;j
RS;bcainc992j;p40p100;1996;1.982609;992;j
RS;bcainc992j;p40p100;1997;1.9704828;992;j
RS;bcainc992j;p40p100;1998;2.0109234;992;j
RS;bcainc992j;p40p100;1999;2.0145674;992;j
RS;bcainc992j;p40p100;2000;2.0423551;992;j
RS;bcainc992j;p40p100;2001;2.0557172;992;j
RS;bcainc992j;p40p100;2002;2.0983539;992;j
RS;bcainc992j;p40p100;2003;2.1272044;992;j
RS;bcainc992j;p40p100;2004;2.193017;992;j
RS;bcainc992j;p40p100;2005;2.2412906;992;j
RS;bcainc992j;p40p100;2006;2.3072729;992;j
RS;bcainc992j;p40p100;2007;2.3307755;992;j
RS;bcainc992j;p40p100;2008;2.3583341;992;j
RS;bcainc992j;p40p100;2009;2.3998945;992;j
RS;bcainc992j;p40p100;2010;2.4913771;992;j
RS;bcainc992j;p40p100;2011;2.5598183;992;j
RS;bcainc992j;p40p100;2012;2.6412797;992;j
RS;bcainc992j;p40p100;2013;2.6923959;992;j
RS;bcainc992j;p40p100;2014;2.6128199;992;j
RS;bcainc992j;p40p100;2015;2.7180102;992;j
RS;bcainc992j;p40p100;2016;2.7183855;992;j
RS;bcainc992j;p40p100;2017;2.7192621;992;j
RS;bdiinc992j;p53p100;1990;1.7471095;992;j
RS;bdiinc992j;p53p100;1991;1.7384986;992;j
RS;bdiinc992j;p53p100;1992;1.7320863;992;j
RS;bdiinc992j;p53p100;1993;1.7266425;992;j
RS;bdiinc992j;p53p100;1994;1.7200062;992;j
RS;bdiinc992j;p53p100;1995;1.7150657;992;j
RS;bdiinc992j;p53p100;1996;1.7072102;992;j
RS;bdiinc992j;p53p100;1997;1.6975665;992;j
RS;bdiinc992j;p53p100;1998;1.7287675;992;j
RS;bdiinc992j;p53p100;1999;1.7526782;992;j
RS;bdiinc992j;p53p100;2000;1.7643529;992;j
RS;bdiinc992j;p53p100;2001;1.7717395;992;j
RS;bdiinc992j;p53p100;2002;1.801196;992;j
RS;bdiinc992j;p53p100;2003;1.8188041;992;j
RS;bdiinc992j;p53p100;2004;1.850593;992;j
RS;bdiinc992j;p53p100;2005;1.8898803;992;j
RS;bdiinc992j;p53p100;2006;1.9247969;992;j
RS;bdiinc992j;p53p100;2007;1.9210942;992;j
RS;bdiinc992j;p53p100;2008;1.9340746;992;j
RS;bdiinc992j;p53p100;2009;1.967844;992;j
RS;bdiinc992j;p53p100;2010;2.0157776;992;j
RS;bdiinc992j;p53p100;2011;2.0651908;992;j
RS;bdiinc992j;p53p100;2012;2.087786;992;j
RS;bdiinc992j;p53p100;2013;2.1000996;992;j
RS;bdiinc992j;p53p100;2014;2.0837362;992;j
RS;bdiinc992j;p53p100;2015;2.1648483;992;j
RS;bdiinc992j;p53p100;2016;2.1840763;992;j
RS;bdiinc992j;p53p100;2017;2.1871531;992;j
RS;bdiinc992j;p71p100;1990;1.5876317;992;j
RS;bdiinc992j;p71p100;1991;1.5761983;992;j
RS;bdiinc992j;p71p100;1992;1.5737234;992;j
RS;bdiinc992j;p71p100;1993;1.5700196;992;j
RS;bdiinc992j;p71p100;1994;1.5673403;992;j
RS;bdiinc992j;p71p100;1995;1.5645909;992;j
RS;bdiinc992j;p71p100;1996;1.5576218;992;j
RS;bdiinc992j;p71p100;1997;1.5504264;992;j
RS;bdiinc992j;p71p100;1998;1.5682811;992;j
RS;bdiinc992j;p71p100;1999;1.6008577;992;j
RS;bdiinc992j;p71p100;2000;1.6303321;992;j
RS;bdiinc992j;p71p100;2001;1.6552064;992;j
RS;bdiinc992j;p71p100;2002;1.6687602;992;j
RS;bdiinc992j;p71p100;2003;1.6716704;992;j
RS;bdiinc992j;p71p100;2004;1.6893256;992;j
RS;bdiinc992j;p71p100;2005;1.7205881;992;j
RS;bdiinc992j;p71p100;2006;1.7443874;992;j
RS;bdiinc992j;p71p100;2007;1.7304299;992;j
RS;bdiinc992j;p71p100;2008;1.7324344;992;j
RS;bdiinc992j;p71p100;2009;1.7626612;992;j
RS;bdiinc992j;p71p100;2010;1.7951131;992;j
RS;bdiinc992j;p71p100;2011;1.8384172;992;j
RS;bdiinc992j;p71p100;2012;1.8522325;992;j
RS;bdiinc992j;p71p100;2013;1.8110625;992;j
RS;bdiinc992j;p71p100;2014;1.8460177;992;j
RS;bdiinc992j;p71p100;2015;1.9727302;992;j
RS;bdiinc992j;p71p100;2016;1.9843025;992;j
RS;bdiinc992j;p71p100;2017;1.9858736;992;j
RS;bdiinc992j;p83p100;1990;1.5337002;992;j
RS;bdiinc992j;p83p100;1991;1.5343374;992;j
RS;bdiinc992j;p83p100;1992;1.5356712;992;j
RS;bdiinc992j;p83p100;1993;1.5396336;992;j
RS;bdiinc992j;p83p100;1994;1.5424991;992;j
RS;bdiinc992j;p83p100;1995;1.5458006;992;j
RS;bdiinc992j;p83p100;1996;1.5441383;992;j
RS;bdiinc992j;p83p100;1997;1.5421603;992;j
RS;bdiinc992j;p83p100;1998;1.5799338;992;j
RS;bdiinc992j;p83p100;1999;1.6180981;992;j
RS;bdiinc992j;p83p100;2000;1.6581901;992;j
RS;bdiinc992j;p83p100;2001;1.688183;992;j
RS;bdiinc992j;p83p100;2002;1.683933;992;j
RS;bdiinc992j;p83p100;2003;1.6858379;992;j
RS;bdiinc992j;p83p100;2004;1.6925639;992;j
RS;bdiinc992j;p83p100;2005;1.7182966;992;j
RS;bdiinc992j;p83p100;2006;1.7391469;992;j
RS;bdiinc992j;p83p100;2007;1.7099218;992;j
RS;bdiinc992j;p83p100;2008;1.7011923;992;j
RS;bdiinc992j;p83p100;2009;1.7236509;992;j
RS;bdiinc992j;p83p100;2010;1.7461052;992;j
RS;bdiinc992j;p83p100;2011;1.76433;992;j
RS;bdiinc992j;p83p100;2012;1.791598;992;j
RS;bdiinc992j;p83p100;2013;1.7322346;992;j
RS;bdiinc992j;p83p100;2014;1.8430365;992;j
RS;bdiinc992j;p83p100;2015;1.9828156;992;j
RS;bdiinc992j;p83p100;2016;1.9920895;992;j
RS;bdiinc992j;p83p100;2017;1.9937996;992;j
RS;bptinc992j;p37p100;1990;2.2278378;992;j
RS;bptinc992j;p37p100;1991;2.2382779;992;j
RS;bptinc992j;p37p100;1992;2.2506299;992;j
RS;bptinc992j;p37p100;1993;2.2624462;992;j
RS;bptinc992j;p37p100;1994;2.2710974;992;j
RS;bptinc992j;p37p100;1995;2.2842219;992;j
RS;bptinc992j;p37p100;1996;2.2909279;992;j
RS;bptinc992j;p37p100;1997;2.2968512;992;j
RS;bptinc992j;p37p100;1998;2.3442149;992;j
RS;bptinc992j;p37p100;1999;2.3427758;992;j
RS;bptinc992j;p37p100;2000;2.3783259;992;j
RS;bptinc992j;p37p100;2001;2.3909304;992;j
RS;bptinc992j;p37p100;2002;2.4328663;992;j
RS;bptinc992j;p37p100;2003;2.4596202;992;j
RS;bptinc992j;p37p100;2004;2.5275998;992;j
RS;bptinc992j;p37p100;2005;2.6092765;992;j
RS;bptinc992j;p37p100;2006;2.6557496;992;j
RS;bptinc992j;p37p100;2007;2.6432869;992;j
RS;bptinc992j;p37p100;2008;2.7211053;992;j
RS;bptinc992j;p37p100;2009;2.7685862;992;j
RS;bptinc992j;p37p100;2010;2.8796053;992;j
RS;bptinc992j;p37p100;2011;3.0221579;992;j
RS;bptinc992j;p37p100;2012;3.0375814;992;j
RS;bptinc992j;p37p100;2013;3.0093415;992;j
RS;bptinc992j;p37p100;2014;3.1598046;992;j
RS;bptinc992j;p37p100;2015;3.0029006;992;j
RS;bptinc992j;p37p100;2016;3.0027421;992;j
RS;bptinc992j;p37p100;2017;3.0052848;992;j
RS;bptinc992j;p42p100;1990;2.0760326;992;j
RS;bptinc992j;p42p100;1991;2.0954494;992;j
RS;bptinc992j;p42p100;1992;2.111439;992;j
RS;bptinc992j;p42p100;1993;2.1266787;992;j
RS;bptinc992j;p42p100;1994;2.1454418;992;j
RS;bptinc992j;p42p100;1995;2.1638176;992;j
RS;bptinc992j;p42p100;1996;2.1775033;992;j
RS;bptinc992j;p42p100;1997;2.1905775;992;j
RS;bptinc992j;p42p100;1998;2.2260356;992;j
RS;bptinc992j;p42p100;1999;2.2294507;992;j
RS;bptinc992j;p42p100;2000;2.2613835;992;j
RS;bptinc992j;p42p100;2001;2.2681742;992;j
RS;bptinc992j;p42p100;2002;2.3084657;992;j
RS;bptinc992j;p42p100;2003;2.3361094;992;j
RS;bptinc992j;p42p100;2004;2.3820119;992;j
RS;bptinc992j;p42p100;2005;2.4553103;992;j
RS;bptinc992j;p42p100;2006;2.4987066;992;j
RS;bptinc992j;p42p100;2007;2.4888475;992;j
RS;bptinc992j;p42p100;2008;2.5260425;992;j
RS;bptinc992j;p42p100;2009;2.560394;992;j
RS;bptinc992j;p42p100;2010;2.6354451;992;j
RS;bptinc992j;p42p100;2011;2.7181361;992;j
RS;bptinc992j;p42p100;2012;2.7549503;992;j
RS;bptinc992j;p42p100;2013;2.7045918;992;j
RS;bptinc992j;p42p100;2014;2.8117833;992;j
RS;bptinc992j;p42p100;2015;2.7223108;992;j
RS;bptinc992j;p42p100;2016;2.7235813;992;j
RS;bptinc992j;p42p100;2017;2.7274384;992;j
RS;bptinc992j;p88p100;1990;1.6528697;992;j
RS;bptinc992j;p88p100;1991;1.6673805;992;j
RS;bptinc992j;p88p100;1992;1.6842368;992;j
RS;bptinc992j;p88p100;1993;1.7011355;992;j
RS;bptinc992j;p88p100;1994;1.7166036;992;j
RS;bptinc992j;p88p100;1995;1.7346826;992;j
RS;bptinc992j;p88p100;1996;1.7456266;992;j
RS;bptinc992j;p88p100;1997;1.7562234;992;j
RS;bptinc992j;p88p100;1998;1.7704268;992;j
RS;bptinc992j;p88p100;1999;1.8106134;992;j
RS;bptinc992j;p88p100;2000;1.8717639;992;j
RS;bptinc992j;p88p100;2001;1.9136547;992;j
RS;bptinc992j;p88p100;2002;1.9181595;992;j
RS;bptinc992j;p88p100;2003;1.9076059;992;j
RS;bptinc992j;p88p100;2004;1.9283546;992;j
RS;bptinc992j;p88p100;2005;1.9242642;992;j
RS;bptinc992j;p88p100;2006;1.9224383;992;j
RS;bptinc992j;p88p100;2007;1.8551191;992;j
RS;bptinc992j;p88p100;2008;1.8525189;992;j
RS;bptinc992j;p88p100;2009;1.850705;992;j
RS;bptinc992j;p88p100;2010;1.8907877;992;j
RS;bptinc992j;p88p100;2011;1.9143955;992;j
RS;bptinc992j;p88p100;2012;1.8540802;992;j
RS;bptinc992j;p88p100;2013;1.8538722;992;j
RS;bptinc992j;p88p100;2014;1.9708854;992;j
RS;bptinc992j;p88p100;2015;1.9339455;992;j
RS;bptinc992j;p88p100;2016;1.935889;992;j
RS;bptinc992j;p88p100;2017;1.9376043;992;j
RS;mcongo999i;p0p100;1997;665259474944.0;999;i
RS;mcongo999i;p0p100;1998;614835027968.0;999;i
RS;mcongo999i;p0p100;1999;476515827712.0;999;i
RS;mcongo999i;p0p100;2000;534141632512.0;999;i
RS;mcongo999i;p0p100;2001;604175597568.0;999;i
RS;mcongo999i;p0p100;2002;696366530560.0;999;i
RS;mcongo999i;p0p100;2003;727625629696.0;999;i
RS;mcongo999i;p0p100;2004;686721990656.0;999;i
RS;mcongo999i;p0p100;2005;717397753856.0;999;i
RS;mcongo999i;p0p100;2006;758028435456.0;999;i
RS;mcongo999i;p0p100;2007;861435854848.0;999;i
RS;mcongo999i;p0p100;2008;925441458176.0;999;i
RS;mcongo999i;p0p100;2009;888965038080.0;999;i
RS;mcongo999i;p0p100;2010;889227182080.0;999;i
RS;mcongo999i;p0p100;2011;850904612864.0;999;i
RS;mfkpin999i;p0p100;1997;-172459016192.0;999;i
RS;mfkpin999i;p0p100;1998;138153213952.0;999;i
RS;mfkpin999i;p0p100;1999;190432624640.0;999;i
RS;mfkpin999i;p0p100;2000;305021255680.0;999;i
RS;mfkpin999i;p0p100;2001;93596622848.0;999;i
RS;mfkpin999i;p0p100;2002;26394316800.0;999;i
RS;mfkpin999i;p0p100;2003;-3479840768.0;999;i
RS;mfkpin999i;p0p100;2004;236756697088.0;999;i
RS;mfkpin999i;p0p100;2005;370280595456.0;999;i
RS;mfkpin999i;p0p100;2006;375876714496.0;999;i
RS;mfkpin999i;p0p100;2007;285561094144.0;999;i
RS;mfkpin999i;p0p100;2008;331411226624.0;999;i
RS;mfkpin999i;p0p100;2009;370359402496.0;999;i
RS;mfkpin999i;p0p100;2010;415683018752.0;999;i
RS;mfkpin999i;p0p100;2011;477713203200.0;999;i
RS;msavin999i;p0p100;1997;-383485050880.0;999;i
RS;msavin999i;p0p100;1998;-450927984640.0;999;i
RS;msavin999i;p0p100;1999;-394812325888.0;999;i
RS;msavin999i;p0p100;2000;-388145774592.0;999;i
RS;msavin999i;p0p100;2001;-726390996992.0;999;i
RS;msavin999i;p0p100;2002;-849897193472.0;999;i
RS;msavin999i;p0p100;2003;-736656949248.0;999;i
RS;msavin999i;p0p100;2004;-491442765824.0;999;i
RS;msavin999i;p0p100;2005;-449805549568.0;999;i
RS;msavin999i;p0p100;2006;-459407458304.0;999;i
RS;msavin999i;p0p100;2007;-604657090560.0;999;i
RS;msavin999i;p0p100;2008;-673504559104.0;999;i
RS;msavin999i;p0p100;2009;-731490222080.0;999;i
RS;msavin999i;p0p100;2010;-764258156544.0;999;i
RS;msavin999i;p0p100;2011;-607980355584.0;999;i
RS;msscho999i;p0p100;1997;402509791232.0;999;i
RS;msscho999i;p0p100;1998;423298990080.0;999;i
RS;msscho999i;p0p100;1999;343603675136.0;999;i
RS;msscho999i;p0p100;2000;353360478208.0;999;i
RS;msscho999i;p0p100;2001;350660820992.0;999;i
RS;msscho999i;p0p100;2002;408638455808.0;999;i
RS;msscho999i;p0p100;2003;412697198592.0;999;i
RS;msscho999i;p0p100;2004;465706909696.0;999;i
RS;msscho999i;p0p100;2005;497171759104.0;999;i
RS;msscho999i;p0p100;2006;559468118016.0;999;i
RS;msscho999i;p0p100;2007;604210397184.0;999;i
RS;msscho999i;p0p100;2008;627032522752.0;999;i
RS;msscho999i;p0p100;2009;612088086528.0;999;i
RS;msscho999i;p0p100;2010;629504344064.0;999;i
RS;msscho999i;p0p100;2011;610669887488.0;999;i
RS;mtiwnp999i;p0p100;1997;0.0;999;i
RS;mtiwnp999i;p0p100;1998;0.0;999;i
RS;mtiwnp999i;p0p100;1999;0.0;999;i
RS;mtiwnp999i;p0p100;2000;0.0;999;i
RS;mtiwnp999i;p0p100;2001;0.0;999;i
RS;mtiwnp999i;p0p100;2002;0.0;999;i
RS;mtiwnp999i;p0p100;2003;0.0;999;i
RS;mtiwnp999i;p0p100;2004;0.0;999;i
RS;mtiwnp999i;p0p100;2005;0.0;999;i
RS;mtiwnp999i;p0p100;2006;0.0;999;i
RS;mtiwnp999i;p0p100;2007;0.0;999;i
RS;mtiwnp999i;p0p100;2008;0.0;999;i
RS;mtiwnp999i;p0p100;2009;0.0;999;i
RS;mtiwnp999i;p0p100;2010;0.0;999;i
RS;mtiwnp999i;p0p100;2011;0.0;999;i
RS;npopul651i;p0p100;1950;173815.0;651;i
RS;npopul651i;p0p100;1951;175346.0;651;i
RS;npopul651i;p0p100;1952;179947.0;651;i
RS;npopul651i;p0p100;1953;185215.0;651;i
RS;npopul651i;p0p100;1954;188462.0;651;i
RS;npopul651i;p0p100;1955;188617.0;651;i
RS;npopul651i;p0p100;1956;185101.0;651;i
RS;npopul651i;p0p100;1957;178711.0;651;i
RS;npopul651i;p0p100;1958;172583.0;651;i
RS;npopul651i;p0p100;1959;171104.0;651;i
RS;npopul651i;p0p100;1960;176452.0;651;i
RS;npopul651i;p0p100;1961;187034.0;651;i
RS;npopul651i;p0p100;1962;202803.0;651;i
RS;npopul651i;p0p100;1963;220965.0;651;i
RS;npopul651i;p0p100;1964;237781.0;651;i
RS;npopul651i;p0p100;1965;251328.0;651;i
RS;npopul651i;p0p100;1966;259901.0;651;i
RS;npopul651i;p0p100;1967;265937.0;651;i
RS;npopul651i;p0p100;1968;270827.0;651;i
RS;npopul651i;p0p100;1969;276536.0;651;i
RS;npopul651i;p0p100;1970;284028.0;651;i
RS;npopul651i;p0p100;1971;291163.0;651;i
RS;npopul651i;p0p100;1972;299814.0;651;i
RS;npopul651i;p0p100;1973;308043.0;651;i
RS;npopul651i;p0p100;1974;313276.0;651;i
RS;npopul651i;p0p100;1975;314206.0;651;i
RS;npopul651i;p0p100;1976;309520.0;651;i
RS;npopul651i;p0p100;1977;302713.0;651;i
RS;npopul651i;p0p100;1978;293924.0;651;i
RS;npopul651i;p0p100;1979;283114.0;651;i
RS;npopul651i;p0p100;1980;270649.0;651;i
RS;npopul651i;p0p100;1981;254597.0;651;i
RS;npopul651i;p0p100;1982;236094.0;651;i
RS;npopul651i;p0p100;1983;220415.0;651;i
RS;npopul651i;p0p100;1984;215406.0;651;i
RS;npopul651i;p0p100;1985;225213.0;651;i
RS;npopul651i;p0p100;1986;246314.0;651;i
RS;npopul651i;p0p100;1987;279763.0;651;i
RS;npopul651i;p0p100;1988;319710.0;651;i
RS;npopul651i;p0p100;1989;358409.0;651;i
RS;npopul651i;p0p100;1990;391704.0;651;i
RS;npopul651i;p0p100;1991;417969.0;651;i
RS;npopul651i;p0p100;1992;440969.0;651;i
RS;npopul651i;p0p100;1993;460612.0;651;i
RS;npopul651i;p0p100;1994;476553.0;651;i
RS;npopul651i;p0p100;1995;488190.0;651;i
RS;npopul651i;p0p100;1996;495216.0;651;i
RS;npopul651i;p0p100;1997;497315.0;651;i
RS;npopul651i;p0p100;1998;495597.0;651;i
RS;npopul651i;p0p100;1999;387061.0;651;i
RS;npopul651i;p0p100;2000;385975.0;651;i
RS;npopul651i;p0p100;2001;379947.0;651;i
RS;npopul651i;p0p100;2002;374781.0;651;i
RS;npopul651i;p0p100;2003;368425.0;651;i
RS;npopul651i;p0p100;2004;360383.0;651;i
RS;npopul651i;p0p100;2005;349765.0;651;i
RS;npopul651i;p0p100;2006;335465.0;651;i
RS;npopul651i;p0p100;2007;318013.0;651;i
RS;npopul651i;p0p100;2008;301991.0;651;i
RS;npopul651i;p0p100;2009;294611.0;651;i
RS;npopul651i;p0p100;2010;299630.0;651;i
RS;npopul651i;p0p100;2011;313729.0;651;i
RS;npopul651i;p0p100;2012;339258.0;651;i
RS;npopul651i;p0p100;2013;370459.0;651;i
RS;npopul651i;p0p100;2014;400631.0;651;i
RS;npopul651i;p0p100;2015;425814.0;651;i
RS;npopul651i;p0p100;2016;442856.0;651;i
RS;npopul651i;p0p100;2017;458284.0;651;i
RS;npopul651i;p0p100;2018;469575.0;651;i
RS;npopul651i;p0p100;2019;475139.0;651;i
RS;npopul995m;p0p100;1950;303977.0;995;m
RS;npopul995m;p0p100;1951;303427.0;995;m
RS;npopul995m;p0p100;1952;301943.0;995;m
RS;npopul995m;p0p100;1953;299830.0;995;m
RS;npopul995m;p0p100;1954;298750.0;995;m
RS;npopul995m;p0p100;1955;299866.0;995;m
RS;npopul995m;p0p100;1956;306609.0;995;m
RS;npopul995m;p0p100;1957;314930.0;995;m
RS;npopul995m;p0p100;1958;324348.0;995;m
RS;npopul995m;p0p100;1959;334108.0;995;m
RS;npopul995m;p0p100;1960;343801.0;995;m
RS;npopul995m;p0p100;1961;357291.0;995;m
RS;npopul995m;p0p100;1962;369751.0;995;m
RS;npopul995m;p0p100;1963;381861.0;995;m
RS;npopul995m;p0p100;1964;394543.0;995;m
RS;npopul995m;p0p100;1965;408155.0;995;m
RS;npopul995m;p0p100;1966;422428.0;995;m
RS;npopul995m;p0p100;1967;437382.0;995;m
RS;npopul995m;p0p100;1968;451929.0;995;m
RS;npopul995m;p0p100;1969;464421.0;995;m
RS;npopul995m;p0p100;1970;473994.0;995;m
RS;npopul995m;p0p100;1971;482408.0;995;m
RS;npopul995m;p0p100;1972;488611.0;995;m
RS;npopul995m;p0p100;1973;492404.0;995;m
RS;npopul995m;p0p100;1974;493568.0;995;m
RS;npopul995m;p0p100;1975;492114.0;995;m
RS;npopul995m;p0p100;1976;488633.0;995;m
RS;npopul995m;p0p100;1977;482555.0;995;m
RS;npopul995m;p0p100;1978;476019.0;995;m
RS;npopul995m;p0p100;1979;471992.0;995;m
RS;npopul995m;p0p100;1980;472282.0;995;m
RS;npopul995m;p0p100;1981;478095.0;995;m
RS;npopul995m;p0p100;1982;487493.0;995;m
RS;npopul995m;p0p100;1983;499822.0;995;m
RS;npopul995m;p0p100;1984;514064.0;995;m
RS;npopul995m;p0p100;1985;529607.0;995;m
RS;npopul995m;p0p100;1986;548121.0;995;m
RS;npopul995m;p0p100;1987;566985.0;995;m
RS;npopul995m;p0p100;1988;586148.0;995;m
RS;npopul995m;p0p100;1989;605665.0;995;m
RS;npopul995m;p0p100;1990;625552.0;995;m
RS;npopul995m;p0p100;1991;649244.0;995;m
RS;npopul995m;p0p100;1992;673450.0;995;m
RS;npopul995m;p0p100;1993;696628.0;995;m
RS;npopul995m;p0p100;1994;716441.0;995;m
RS;npopul995m;p0p100;1995;731260.0;995;m
RS;npopul995m;p0p100;1996;747966.0;995;m
RS;npopul995m;p0p100;1997;758935.0;995;m
RS;npopul995m;p0p100;1998;764880.0;995;m
RS;npopul995m;p0p100;1999;603621.0;995;m
RS;npopul995m;p0p100;2000;607223.0;995;m
RS;npopul995m;p0p100;2001;608102.0;995;m
RS;npopul995m;p0p100;2002;606943.0;995;m
RS;npopul995m;p0p100;2003;603718.0;995;m
RS;npopul995m;p0p100;2004;602742.0;995;m
RS;npopul995m;p0p100;2005;605131.0;995;m
RS;npopul995m;p0p100;2006;614805.0;995;m
RS;npopul995m;p0p100;2007;627561.0;995;m
RS;npopul995m;p0p100;2008;642455.0;995;m
RS;npopul995m;p0p100;2009;658610.0;995;m
RS;npopul995m;p0p100;2010;675158.0;995;m
RS;npopul995m;p0p100;2011;692387.0;995;m
RS;npopul995m;p0p100;2012;712225.0;995;m
RS;npopul995m;p0p100;2013;731683.0;995;m
RS;npopul995m;p0p100;2014;749178.0;995;m
RS;npopul995m;p0p100;2015;763598.0;995;m
RS;npopul995m;p0p100;2016;769914.0;995;m
RS;npopul995m;p0p100;2017;774597.0;995;m
RS;npopul995m;p0p100;2018;776249.0;995;m
RS;npopul995m;p0p100;2019;776434.0;995;m
RS;scainc992j;p1p2;1990;0.001;992;j
RS;scainc992j;p1p2;1991;0.0009;992;j
RS;scainc992j;p1p2;1992;0.0009;992;j
RS;scainc992j;p1p2;1993;0.0008;992;j
RS;scainc992j;p1p2;1994;0.0007;992;j
RS;scainc992j;p1p2;1995;0.0006;992;j
RS;scainc992j;p1p2;1996;0.0005;992;j
RS;scainc992j;p1p2;1997;0.0005;992;j
RS;scainc992j;p1p2;1998;0.0005;992;j
RS;scainc992j;p1p2;1999;0.0006;992;j
RS;scainc992j;p1p2;2000;0.0005;992;j
RS;scainc992j;p1p2;2001;0.0004;992;j
RS;scainc992j;p1p2;2002;0.0002;992;j
RS;scainc992j;p1p2;2003;0.0003;992;j
RS;scainc992j;p1p2;2004;0.0003;992;j
RS;scainc992j;p1p2;2005;0.0003;992;j
RS;scainc992j;p1p2;2006;0.0003;992;j
RS;scainc992j;p1p2;2007;0.0003;992;j
RS;scainc992j;p1p2;2008;0.0003;992;j
RS;scainc992j;p1p2;2009;0.0004;992;j
RS;scainc992j;p1p2;2010;0.0004;992;j
RS;scainc992j;p1p2;2011;0.0003;992;j
RS;scainc992j;p1p2;2012;0.0002;992;j
RS;scainc992j;p1p2;2013;0.0006;992;j
RS;scainc992j;p1p2;2014;0.0014;992;j
RS;scainc992j;p1p2;2015;0.0009;992;j
RS;scainc992j;p1p2;2016;0.0009;992;j
RS;scainc992j;p1p2;2017;0.0009;992;j
RS;scainc992j;p55p56;1990;0.0091000004;992;j
RS;scainc992j;p55p56;1991;0.0091000004;992;j
RS;scainc992j;p55p56;1992;0.0092000002;992;j
RS;scainc992j;p55p56;1993;0.0092000002;992;j
RS;scainc992j;p55p56;1994;0.0092000002;992;j
RS;scainc992j;p55p56;1995;0.0092000002;992;j
RS;scainc992j;p55p56;1996;0.0092000002;992;j
RS;scainc992j;p55p56;1997;0.0092000002;992;j
RS;scainc992j;p55p56;1998;0.0092000002;992;j
RS;scainc992j;p55p56;1999;0.0091000004;992;j
RS;scainc992j;p55p56;2000;0.0089999996;992;j
RS;scainc992j;p55p56;2001;0.0088999998;992;j
RS;scainc992j;p55p56;2002;0.0088999998;992;j
RS;scainc992j;p55p56;2003;0.0088;992;j
RS;scainc992j;p55p56;2004;0.0088;992;j
RS;scainc992j;p55p56;2005;0.0087000001;992;j
RS;scainc992j;p55p56;2006;0.0087000001;992;j
RS;scainc992j;p55p56;2007;0.0087000001;992;j
RS;scainc992j;p55p56;2008;0.0086000003;992;j
RS;scainc992j;p55p56;2009;0.0086000003;992;j
RS;scainc992j;p55p56;2010;0.0083999997;992;j
RS;scainc992j;p55p56;2011;0.0083999997;992;j
RS;scainc992j;p55p56;2012;0.0082999999;992;j
RS;scainc992j;p55p56;2013;0.0082999999;992;j
RS;scainc992j;p55p56;2014;0.0081000002;992;j
RS;scainc992j;p55p56;2015;0.0080000004;992;j
RS;scainc992j;p55p56;2016;0.0080000004;992;j
RS;scainc992j;p55p56;2017;0.0080000004;992;j
RS;scainc992j;p57p58;1990;0.0096000005;992;j
RS;scainc992j;p57p58;1991;0.0096000005;992;j
RS;scainc992j;p57p58;1992;0.0096000005;992;j
RS;scainc992j;p57p58;1993;0.0094999997;992;j
RS;scainc992j;p57p58;1994;0.0094999997;992;j
RS;scainc992j;p57p58;1995;0.0094999997;992;j
RS;scainc992j;p57p58;1996;0.0094999997;992;j
RS;scainc992j;p57p58;1997;0.0094999997;992;j
RS;scainc992j;p57p58;1998;0.0093999999;992;j
RS;scainc992j;p57p58;1999;0.0093;992;j
RS;scainc992j;p57p58;2000;0.0093;992;j
RS;scainc992j;p57p58;2001;0.0091000004;992;j
RS;scainc992j;p57p58;2002;0.0092000002;992;j
RS;scainc992j;p57p58;2003;0.0092000002;992;j
RS;scainc992j;p57p58;2004;0.0092000002;992;j
RS;scainc992j;p57p58;2005;0.0091000004;992;j
RS;scainc992j;p57p58;2006;0.0089999996;992;j
RS;scainc992j;p57p58;2007;0.0091000004;992;j
RS;scainc992j;p57p58;2008;0.0091000004;992;j
RS;scainc992j;p57p58;2009;0.0089999996;992;j
RS;scainc992j;p57p58;2010;0.0088999998;992;j
RS;scainc992j;p57p58;2011;0.0088;992;j
RS;scainc992j;p57p58;2012;0.0087000001;992;j
RS;scainc992j;p57p58;2013;0.0087000001;992;j
RS;scainc992j;p57p58;2014;0.0085000005;992;j
RS;scainc992j;p57p58;2015;0.0082999999;992;j
RS;scainc992j;p57p58;2016;0.0082999999;992;j
RS;scainc992j;p57p58;2017;0.0082999999;992;j
RS;scainc992j;p59p100;1990;0.69169998;992;j
RS;scainc992j;p59p100;1991;0.68970001;992;j
RS;scainc992j;p59p100;1992;0.68769997;992;j
RS;scainc992j;p59p100;1993;0.68599999;992;j
RS;scainc992j;p59p100;1994;0.68419999;992;j
RS;scainc992j;p59p100;1995;0.6825;992;j
RS;scainc992j;p59p100;1996;0.68019998;992;j
RS;scainc992j;p59p100;1997;0.67799997;992;j
RS;scainc992j;p59p100;1998;0.67760003;992;j
RS;scainc992j;p59p100;1999;0.67869997;992;j
RS;scainc992j;p59p100;2000;0.68229997;992;j
RS;scainc992j;p59p100;2001;0.68430001;992;j
RS;scainc992j;p59p100;2002;0.69559997;992;j
RS;scainc992j;p59p100;2003;0.699;992;j
RS;scainc992j;p59p100;2004;0.70969999;992;j
RS;scainc992j;p59p100;2005;0.71609998;992;j
RS;scainc992j;p59p100;2006;0.72500002;992;j
RS;scainc992j;p59p100;2007;0.72829998;992;j
RS;scainc992j;p59p100;2008;0.73280001;992;j
RS;scainc992j;p59p100;2009;0.73799998;992;j
RS;scainc992j;p59p100;2010;0.74940002;992;j
RS;scainc992j;p59p100;2011;0.75910002;992;j
RS;scainc992j;p59p100;2012;0.7633;992;j
RS;scainc992j;p59p100;2013;0.7665;992;j
RS;scainc992j;p59p100;2014;0.74860001;992;j
RS;scainc992j;p59p100;2015;0.76590002;992;j
RS;scainc992j;p59p100;2016;0.76590002;992;j
RS;scainc992j;p59p100;2017;0.76599997;992;j
RS;scainc992j;p79p100;1990;0.45789999;992;j
RS;scainc992j;p79p100;1991;0.4558;992;j
RS;scainc992j;p79p100;1992;0.45410001;992;j
RS;scainc992j;p79p100;1993;0.45289999;992;j
RS;scainc992j;p79p100;1994;0.4515;992;j
RS;scainc992j;p79p100;1995;0.45030001;992;j
RS;scainc992j;p79p100;1996;0.4481;992;j
RS;scainc992j;p79p100;1997;0.44589999;992;j
RS;scainc992j;p79p100;1998;0.4474;992;j
RS;scainc992j;p79p100;1999;0.4513;992;j
RS;scainc992j;p79p100;2000;0.45770001;992;j
RS;scainc992j;p79p100;2001;0.4614;992;j
RS;scainc992j;p79p100;2002;0.4707;992;j
RS;scainc992j;p79p100;2003;0.4738;992;j
RS;scainc992j;p79p100;2004;0.4833;992;j
RS;scainc992j;p79p100;2005;0.49129999;992;j
RS;scainc992j;p79p100;2006;0.5;992;j
RS;scainc992j;p79p100;2007;0.5011;992;j
RS;scainc992j;p79p100;2008;0.50480002;992;j
RS;scainc992j;p79p100;2009;0.51160002;992;j
RS;scainc992j;p79p100;2010;0.5237;992;j
RS;scainc992j;p79p100;2011;0.5341;992;j
RS;scainc992j;p79p100;2012;0.53920001;992;j
RS;scainc992j;p79p100;2013;0.53740001;992;j
RS;scainc992j;p79p100;2014;0.5291;992;j
RS;scainc992j;p79p100;2015;0.55360001;992;j
RS;scainc992j;p79p100;2016;0.55360001;992;j
RS;scainc992j;p79p100;2017;0.55379999;992;j
RS;sdiinc992j;p19p20;1990;0.0041;992;j
RS;sdiinc992j;p19p20;1991;0.0041;992;j
RS;sdiinc992j;p19p20;1992;0.0041999999;992;j
RS;sdiinc992j;p19p20;1993;0.0043000001;992;j
RS;sdiinc992j;p19p20;1994;0.0043000001;992;j
RS;sdiinc992j;p19p20;1995;0.0044;992;j
RS;sdiinc992j;p19p20;1996;0.0044999998;992;j
RS;sdiinc992j;p19p20;1997;0.0044999998;992;j
RS;sdiinc992j;p19p20;1998;0.0046999999;992;j
RS;sdiinc992j;p19p20;1999;0.0046000001;992;j
RS;sdiinc992j;p19p20;2000;0.0046000001;992;j
RS;sdiinc992j;p19p20;2001;0.0046000001;992;j
RS;sdiinc992j;p19p20;2002;0.0043000001;992;j
RS;sdiinc992j;p19p20;2003;0.0041999999;992;j
RS;sdiinc992j;p19p20;2004;0.0038999999;992;j
RS;sdiinc992j;p19p20;2005;0.0038999999;992;j
RS;sdiinc992j;p19p20;2006;0.0035999999;992;j
RS;sdiinc992j;p19p20;2007;0.0035999999;992;j
RS;sdiinc992j;p19p20;2008;0.0035000001;992;j
RS;sdiinc992j;p19p20;2009;0.0031999999;992;j
RS;sdiinc992j;p19p20;2010;0.0029;992;j
RS;sdiinc992j;p19p20;2011;0.0026;992;j
RS;sdiinc992j;p19p20;2012;0.0027000001;992;j
RS;sdiinc992j;p19p20;2013;0.0023000001;992;j
RS;sdiinc992j;p19p20;2014;0.0029;992;j
RS;sdiinc992j;p19p20;2015;0.0024999999;992;j
RS;sdiinc992j;p19p20;2016;0.0024000001;992;j
RS;sdiinc992j;p19p20;2017;0.0024000001;992;j
RS;sdiinc992j;p40p41;1990;0.0071999999;992;j
RS;sdiinc992j;p40p41;1991;0.0071999999;992;j
RS;sdiinc992j;p40p41;1992;0.0073000002;992;j
RS;sdiinc992j;p40p41;1993;0.0073000002;992;j
RS;sdiinc992j;p40p41;1994;0.0073000002;992;j
RS;sdiinc992j;p40p41;1995;0.0073000002;992;j
RS;sdiinc992j;p40p41;1996;0.0073000002;992;j
RS;sdiinc992j;p40p41;1997;0.0074;992;j
RS;sdiinc992j;p40p41;1998;0.0071999999;992;j
RS;sdiinc992j;p40p41;1999;0.0071;992;j
RS;sdiinc992j;p40p41;2000;0.0071;992;j
RS;sdiinc992j;p40p41;2001;0.0071;992;j
RS;sdiinc992j;p40p41;2002;0.0070000002;992;j
RS;sdiinc992j;p40p41;2003;0.0070000002;992;j
RS;sdiinc992j;p40p41;2004;0.0068999999;992;j
RS;sdiinc992j;p40p41;2005;0.0068000001;992;j
RS;sdiinc992j;p40p41;2006;0.0066;992;j
RS;sdiinc992j;p40p41;2007;0.0066;992;j
RS;sdiinc992j;p40p41;2008;0.0066;992;j
RS;sdiinc992j;p40p41;2009;0.0065000001;992;j
RS;sdiinc992j;p40p41;2010;0.0063;992;j
RS;sdiinc992j;p40p41;2011;0.0062000002;992;j
RS;sdiinc992j;p40p41;2012;0.0060999999;992;j
RS;sdiinc992j;p40p41;2013;0.0060000001;992;j
RS;sdiinc992j;p40p41;2014;0.0060999999;992;j
RS;sdiinc992j;p40p41;2015;0.0060000001;992;j
RS;sdiinc992j;p40p41;2016;0.0059000002;992;j
RS;sdiinc992j;p40p41;2017;0.0059000002;992;j
RS;sdiinc992j;p44p45;1990;0.0077;992;j
RS;sdiinc992j;p44p45;1991;0.0077;992;j
RS;sdiinc992j;p44p45;1992;0.0077999998;992;j
RS;sdiinc992j;p44p45;1993;0.0077999998;992;j
RS;sdiinc992j;p44p45;1994;0.0077999998;992;j
RS;sdiinc992j;p44p45;1995;0.0077999998;992;j
RS;sdiinc992j;p44p45;1996;0.0078999996;992;j
RS;sdiinc992j;p44p45;1997;0.0078999996;992;j
RS;sdiinc992j;p44p45;1998;0.0076000001;992;j
RS;sdiinc992j;p44p45;1999;0.0076000001;992;j
RS;sdiinc992j;p44p45;2000;0.0074999998;992;j
RS;sdiinc992j;p44p45;2001;0.0074999998;992;j
RS;sdiinc992j;p44p45;2002;0.0074999998;992;j
RS;sdiinc992j;p44p45;2003;0.0074999998;992;j
RS;sdiinc992j;p44p45;2004;0.0074;992;j
RS;sdiinc992j;p44p45;2005;0.0073000002;992;j
RS;sdiinc992j;p44p45;2006;0.0071999999;992;j
RS;sdiinc992j;p44p45;2007;0.0071999999;992;j
RS;sdiinc992j;p44p45;2008;0.0071;992;j
RS;sdiinc992j;p44p45;2009;0.0071;992;j
RS;sdiinc992j;p44p45;2010;0.0068999999;992;j
RS;sdiinc992j;p44p45;2011;0.0068000001;992;j
RS;sdiinc992j;p44p45;2012;0.0066999998;992;j
RS;sdiinc992j;p44p45;2013;0.0066999998;992;j
RS;sdiinc992j;p44p45;2014;0.0066;992;j
RS;sdiinc992j;p44p45;2015;0.0065000001;992;j
RS;sdiinc992j;p44p45;2016;0.0063999998;992;j
RS;sdiinc992j;p44p45;2017;0.0063999998;992;j
RS;sdiinc992j;p60p100;1990;0.662;992;j
RS;sdiinc992j;p60p100;1991;0.66009998;992;j
RS;sdiinc992j;p60p100;1992;0.6584;992;j
RS;sdiinc992j;p60p100;1993;0.65689999;992;j
RS;sdiinc992j;p60p100;1994;0.65530002;992;j
RS;sdiinc992j;p60p100;1995;0.65380001;992;j
RS;sdiinc992j;p60p100;1996;0.65179998;992;j
RS;sdiinc992j;p60p100;1997;0.64929998;992;j
RS;sdiinc992j;p60p100;1998;0.65219998;992;j
RS;sdiinc992j;p60p100;1999;0.65619999;992;j
RS;sdiinc992j;p60p100;2000;0.65750003;992;j
RS;sdiinc992j;p60p100;2001;0.65890002;992;j
RS;sdiinc992j;p60p100;2002;0.66659999;992;j
RS;sdiinc992j;p60p100;2003;0.66970003;992;j
RS;sdiinc992j;p60p100;2004;0.67989999;992;j
RS;sdiinc992j;p60p100;2005;0.68620002;992;j
RS;sdiinc992j;p60p100;2006;0.6943;992;j
RS;sdiinc992j;p60p100;2007;0.69510001;992;j
RS;sdiinc992j;p60p100;2008;0.69880003;992;j
RS;sdiinc992j;p60p100;2009;0.7044;992;j
RS;sdiinc992j;p60p100;2010;0.71439999;992;j
RS;sdiinc992j;p60p100;2011;0.72469997;992;j
RS;sdiinc992j;p60p100;2012;0.72750002;992;j
RS;sdiinc992j;p60p100;2013;0.73049998;992;j
RS;sdiinc992j;p60p100;2014;0.71399999;992;j
RS;sdiinc992j;p60p100;2015;0.72960001;992;j
RS;sdiinc992j;p60p100;2016;0.73379999;992;j
RS;sdiinc992j;p60p100;2017;0.73430002;992;j
RS;sdiinc992j;p63p64;1990;0.0104;992;j
RS;sdiinc992j;p63p64;1991;0.0105;992;j
RS;sdiinc992j;p63p64;1992;0.0105;992;j
RS;sdiinc992j;p63p64;1993;0.0104;992;j
RS;sdiinc992j;p63p64;1994;0.0104;992;j
RS;sdiinc992j;p63p64;1995;0.0104;992;j
RS;sdiinc992j;p63p64;1996;0.0104;992;j
RS;sdiinc992j;p63p64;1997;0.0104;992;j
RS;sdiinc992j;p63p64;1998;0.0104;992;j
RS;sdiinc992j;p63p64;1999;0.0103;992;j
RS;sdiinc992j;p63p64;2000;0.0102;992;j
RS;sdiinc992j;p63p64;2001;0.0101;992;j
RS;sdiinc992j;p63p64;2002;0.0102;992;j
RS;sdiinc992j;p63p64;2003;0.0102;992;j
RS;sdiinc992j;p63p64;2004;0.0101;992;j
RS;sdiinc992j;p63p64;2005;0.0099999998;992;j
RS;sdiinc992j;p63p64;2006;0.0101;992;j
RS;sdiinc992j;p63p64;2007;0.0101;992;j
RS;sdiinc992j;p63p64;2008;0.0101;992;j
RS;sdiinc992j;p63p64;2009;0.0099999998;992;j
RS;sdiinc992j;p63p64;2010;0.0099999998;992;j
RS;sdiinc992j;p63p64;2011;0.0098999999;992;j
RS;sdiinc992j;p63p64;2012;0.0098999999;992;j
RS;sdiinc992j;p63p64;2013;0.0099999998;992;j
RS;sdiinc992j;p63p64;2014;0.0098000001;992;j
RS;sdiinc992j;p63p64;2015;0.0094999997;992;j
RS;sdiinc992j;p63p64;2016;0.0094999997;992;j
RS;sdiinc992j;p63p64;2017;0.0094999997;992;j
RS;sdiinc992j;p87p100;1990;0.32260001;992;j
RS;sdiinc992j;p87p100;1991;0.3211;992;j
RS;sdiinc992j;p87p100;1992;0.31999999;992;j
RS;sdiinc992j;p87p100;1993;0.31940001;992;j
RS;sdiinc992j;p87p100;1994;0.31869999;992;j
RS;sdiinc992j;p87p100;1995;0.31810001;992;j
RS;sdiinc992j;p87p100;1996;0.31650001;992;j
RS;sdiinc992j;p87p100;1997;0.3145;992;j
RS;sdiinc992j;p87p100;1998;0.31990001;992;j
RS;sdiinc992j;p87p100;1999;0.32690001;992;j
RS;sdiinc992j;p87p100;2000;0.33230001;992;j
RS;sdiinc992j;p87p100;2001;0.3364;992;j
RS;sdiinc992j;p87p100;2002;0.34110001;992;j
RS;sdiinc992j;p87p100;2003;0.34299999;992;j
RS;sdiinc992j;p87p100;2004;0.35010001;992;j
RS;sdiinc992j;p87p100;2005;0.35749999;992;j
RS;sdiinc992j;p87p100;2006;0.36430001;992;j
RS;sdiinc992j;p87p100;2007;0.36179999;992;j
RS;sdiinc992j;p87p100;2008;0.3637;992;j
RS;sdiinc992j;p87p100;2009;0.37040001;992;j
RS;sdiinc992j;p87p100;2010;0.38;992;j
RS;sdiinc992j;p87p100;2011;0.38940001;992;j
RS;sdiinc992j;p87p100;2012;0.39359999;992;j
RS;sdiinc992j;p87p100;2013;0.38909999;992;j
RS;sdiinc992j;p87p100;2014;0.38940001;992;j
RS;sdiinc992j;p87p100;2015;0.4138;992;j
RS;sdiinc992j;p87p100;2016;0.41749999;992;j
RS;sdiinc992j;p87p100;2017;0.41800001;992;j
RS;sdiinc992j;p99.991p100;1990;0.0077;992;j
RS;sdiinc992j;p99.991p100;1991;0.0071999999;992;j
RS;sdiinc992j;p99.991p100;1992;0.0065000001;992;j
RS;sdiinc992j;p99.991p100;1993;0.0062000002;992;j
RS;sdiinc992j;p99.991p100;1994;0.0059000002;992;j
RS;sdiinc992j;p99.991p100;1995;0.0057000001;992;j
RS;sdiinc992j;p99.991p100;1996;0.0055;992;j
RS;sdiinc992j;p99.991p100;1997;0.0052;992;j
RS;sdiinc992j;p99.991p100;1998;0.0055999998;992;j
RS;sdiinc992j;p99.991p100;1999;0.0070000002;992;j
RS;sdiinc992j;p99.991p100;2000;0.0074;992;j
RS;sdiinc992j;p99.991p100;2001;0.0086000003;992;j
RS;sdiinc992j;p99.991p100;2002;0.0080000004;992;j
RS;sdiinc992j;p99.991p100;2003;0.0078999996;992;j
RS;sdiinc992j;p99.991p100;2004;0.0081000002;992;j
RS;sdiinc992j;p99.991p100;2005;0.0088;992;j
RS;sdiinc992j;p99.991p100;2006;0.0080000004;992;j
RS;sdiinc992j;p99.991p100;2007;0.0068000001;992;j
RS;sdiinc992j;p99.991p100;2008;0.0060000001;992;j
RS;sdiinc992j;p99.991p100;2009;0.0074999998;992;j
RS;sdiinc992j;p99.991p100;2010;0.0070000002;992;j
RS;sdiinc992j;p99.991p100;2011;0.0068999999;992;j
RS;sdiinc992j;p99.991p100;2012;0.011;992;j
RS;sdiinc992j;p99.991p100;2013;0.0081000002;992;j
RS;sdiinc992j;p99.991p100;2014;0.0166;992;j
RS;sdiinc992j;p99.991p100;2015;0.0285;992;j
RS;sdiinc992j;p99.991p100;2016;0.028899999;992;j
RS;sdiinc992j;p99.991p100;2017;0.028999999;992;j
RS;sptinc992j;p16p17;1990;0.0027999999;992;j
RS;sptinc992j;p16p17;1991;0.0027999999;992;j
RS;sptinc992j;p16p17;1992;0.0027999999;992;j
RS;sptinc992j;p16p17;1993;0.0027999999;992;j
RS;sptinc992j;p16p17;1994;0.0027999999;992;j
RS;sptinc992j;p16p17;1995;0.0027999999;992;j
RS;sptinc992j;p16p17;1996;0.0027999999;992;j
RS;sptinc992j;p16p17;1997;0.0027999999;992;j
RS;sptinc992j;p16p17;1998;0.0029;992;j
RS;sptinc992j;p16p17;1999;0.0029;992;j
RS;sptinc992j;p16p17;2000;0.0029;992;j
RS;sptinc992j;p16p17;2001;0.0029;992;j
RS;sptinc992j;p16p17;2002;0.0026;992;j
RS;sptinc992j;p16p17;2003;0.0026;992;j
RS;sptinc992j;p16p17;2004;0.0023000001;992;j
RS;sptinc992j;p16p17;2005;0.0022;992;j
RS;sptinc992j;p16p17;2006;0.0019;992;j
RS;sptinc992j;p16p17;2007;0.0017;992;j
RS;sptinc992j;p16p17;2008;0.0015;992;j
RS;sptinc992j;p16p17;2009;0.0014;992;j
RS;sptinc992j;p16p17;2010;0.0013;992;j
RS;sptinc992j;p16p17;2011;0.001;992;j
RS;sptinc992j;p16p17;2012;0.0009;992;j
RS;sptinc992j;p16p17;2013;0.0009;992;j
RS;sptinc992j;p16p17;2014;0.0008;992;j
RS;sptinc992j;p16p17;2015;0.0008;992;j
RS;sptinc992j;p16p17;2016;0.0008;992;j
RS;sptinc992j;p16p17;2017;0.0008;992;j
RS;sptinc992j;p84p85;1990;0.0156;992;j
RS;sptinc992j;p84p85;1991;0.0156;992;j
RS;sptinc992j;p84p85;1992;0.0155;992;j
RS;sptinc992j;p84p85;1993;0.0154;992;j
RS;sptinc992j;p84p85;1994;0.0154;992;j
RS;sptinc992j;p84p85;1995;0.0153;992;j
RS;sptinc992j;p84p85;1996;0.0153;992;j
RS;sptinc992j;p84p85;1997;0.0153;992;j
RS;sptinc992j;p84p85;1998;0.015;992;j
RS;sptinc992j;p84p85;1999;0.015;992;j
RS;sptinc992j;p84p85;2000;0.0148;992;j
RS;sptinc992j;p84p85;2001;0.0147;992;j
RS;sptinc992j;p84p85;2002;0.0149;992;j
RS;sptinc992j;p84p85;2003;0.0149;992;j
RS;sptinc992j;p84p85;2004;0.015;992;j
RS;sptinc992j;p84p85;2005;0.0152;992;j
RS;sptinc992j;p84p85;2006;0.0153;992;j
RS;sptinc992j;p84p85;2007;0.015699999;992;j
RS;sptinc992j;p84p85;2008;0.015900001;992;j
RS;sptinc992j;p84p85;2009;0.016000001;992;j
RS;sptinc992j;p84p85;2010;0.016100001;992;j
RS;sptinc992j;p84p85;2011;0.0162;992;j
RS;sptinc992j;p84p85;2012;0.0165;992;j
RS;sptinc992j;p84p85;2013;0.0166;992;j
RS;sptinc992j;p84p85;2014;0.0162;992;j
RS;sptinc992j;p84p85;2015;0.016000001;992;j
RS;sptinc992j;p84p85;2016;0.016000001;992;j
RS;sptinc992j;p84p85;2017;0.016000001;992;j
RS;sptinc992j;p92p93;1990;0.0196;992;j
RS;sptinc992j;p92p93;1991;0.0196;992;j
RS;sptinc992j;p92p93;1992;0.0196;992;j
RS;sptinc992j;p92p93;1993;0.0197;992;j
RS;sptinc992j;p92p93;1994;0.0197;992;j
RS;sptinc992j;p92p93;1995;0.0197;992;j
RS;sptinc992j;p92p93;1996;0.0197;992;j
RS;sptinc992j;p92p93;1997;0.0197;992;j
RS;sptinc992j;p92p93;1998;0.0198;992;j
RS;sptinc992j;p92p93;1999;0.0196;992;j
RS;sptinc992j;p92p93;2000;0.0197;992;j
RS;sptinc992j;p92p93;2001;0.0196;992;j
RS;sptinc992j;p92p93;2002;0.0199;992;j
RS;sptinc992j;p92p93;2003;0.020300001;992;j
RS;sptinc992j;p92p93;2004;0.0207;992;j
RS;sptinc992j;p92p93;2005;0.021199999;992;j
RS;sptinc992j;p92p93;2006;0.021400001;992;j
RS;sptinc992j;p92p93;2007;0.0217;992;j
RS;sptinc992j;p92p93;2008;0.0218;992;j
RS;sptinc992j;p92p93;2009;0.0221;992;j
RS;sptinc992j;p92p93;2010;0.022500001;992;j
RS;sptinc992j;p92p93;2011;0.0229;992;j
RS;sptinc992j;p92p93;2012;0.023;992;j
RS;sptinc992j;p92p93;2013;0.0228;992;j
RS;sptinc992j;p92p93;2014;0.022299999;992;j
RS;sptinc992j;p92p93;2015;0.022299999;992;j
RS;sptinc992j;p92p93;2016;0.022299999;992;j
RS;sptinc992j;p92p93;2017;0.022299999;992;j
RS;sptinc992j;p99.996p99.997;1990;0.0007;992;j
RS;sptinc992j;p99.996p99.997;1991;0.0008;992;j
RS;sptinc992j;p99.996p99.997;1992;0.0008;992;j
RS;sptinc992j;p99.996p99.997;1993;0.0008;992;j
RS;sptinc992j;p99.996p99.997;1994;0.0008;992;j
RS;sptinc992j;p99.996p99.997;1995;0.0009;992;j
RS;sptinc992j;p99.996p99.997;1996;0.0009;992;j
RS;sptinc992j;p99.996p99.997;1997;0.0009;992;j
RS;sptinc992j;p99.996p99.997;1998;0.0009;992;j
RS;sptinc992j;p99.996p99.997;1999;0.001;992;j
RS;sptinc992j;p99.996p99.997;2000;0.001;992;j
RS;sptinc992j;p99.996p99.997;2001;0.0011;992;j
RS;sptinc992j;p99.996p99.997;2002;0.0011;992;j
RS;sptinc992j;p99.996p99.997;2003;0.0011;992;j
RS;sptinc992j;p99.996p99.997;2004;0.0011;992;j
RS;sptinc992j;p99.996p99.997;2005;0.0011;992;j
RS;sptinc992j;p99.996p99.997;2006;0.0011;992;j
RS;sptinc992j;p99.996p99.997;2007;0.001;992;j
RS;sptinc992j;p99.996p99.997;2008;0.001;992;j
RS;sptinc992j;p99.996p99.997;2009;0.001;992;j
RS;sptinc992j;p99.996p99.997;2010;0.001;992;j
RS;sptinc992j;p99.996p99.997;2011;0.001;992;j
RS;sptinc992j;p99.996p99.997;2012;0.0008;992;j
RS;sptinc992j;p99.996p99.997;2013;0.0009;992;j
RS;sptinc992j;p99.996p99.997;2014;0.0014;992;j
RS;sptinc992j;p99.996p99.997;2015;0.0013;992;j
RS;sptinc992j;p99.996p99.997;2016;0.0013;992;j
RS;sptinc992j;p99.996p99.997;2017;0.0013;992;j
RS;tcainc992j;p27p28;1990;253274.3;992;j
RS;tcainc992j;p27p28;1991;223054.3;992;j
RS;tcainc992j;p27p28;1992;154773.8;992;j
RS;tcainc992j;p27p28;1993;101670.4;992;j
RS;tcainc992j;p27p28;1994;106226.1;992;j
RS;tcainc992j;p27p28;1995;113552.1;992;j
RS;tcainc992j;p27p28;1996;116241.8;992;j
RS;tcainc992j;p27p28;1997;124460.9;992;j
RS;tcainc992j;p27p28;1998;138405.59;992;j
RS;tcainc992j;p27p28;1999;156696.0;992;j
RS;tcainc992j;p27p28;2000;170042.8;992;j
RS;tcainc992j;p27p28;2001;165792.7;992;j
RS;tcainc992j;p27p28;2002;167918.7;992;j
RS;tcainc992j;p27p28;2003;173897.7;992;j
RS;tcainc992j;p27p28;2004;198743.7;992;j
RS;tcainc992j;p27p28;2005;221792.3;992;j
RS;tcainc992j;p27p28;2006;222973.91;992;j
RS;tcainc992j;p27p28;2007;219488.3;992;j
RS;tcainc992j;p27p28;2008;227311.2;992;j
RS;tcainc992j;p27p28;2009;215363.7;992;j
RS;tcainc992j;p27p28;2010;199850.0;992;j
RS;tcainc992j;p27p28;2011;185610.3;992;j
RS;tcainc992j;p27p28;2012;190273.7;992;j
RS;tcainc992j;p27p28;2013;169035.7;992;j
RS;tcainc992j;p27p28;2014;184838.0;992;j
RS;tcainc992j;p27p28;2015;169718.91;992;j
RS;tcainc992j;p27p28;2016;176122.8;992;j
RS;tcainc992j;p27p28;2017;176098.2;992;j
RS;tcainc992j;p99.5p100;1990;2871983.0;992;j
RS;tcainc992j;p99.5p100;1991;2479015.8;992;j
RS;tcainc992j;p99.5p100;1992;1693295.3;992;j
RS;tcainc992j;p99.5p100;1993;1100577.3;992;j
RS;tcainc992j;p99.5p100;1994;1133239.8;992;j
RS;tcainc992j;p99.5p100;1995;1196351.4;992;j
RS;tcainc992j;p99.5p100;1996;1196431.0;992;j
RS;tcainc992j;p99.5p100;1997;1252263.3;992;j
RS;tcainc992j;p99.5p100;1998;1399603.3;992;j
RS;tcainc992j;p99.5p100;1999;1658122.8;992;j
RS;tcainc992j;p99.5p100;2000;1899297.6;992;j
RS;tcainc992j;p99.5p100;2001;1901994.9;992;j
RS;tcainc992j;p99.5p100;2002;2051286.8;992;j
RS;tcainc992j;p99.5p100;2003;2144241.0;992;j
RS;tcainc992j;p99.5p100;2004;2598810.8;992;j
RS;tcainc992j;p99.5p100;2005;3035322.0;992;j
RS;tcainc992j;p99.5p100;2006;3305447.5;992;j
RS;tcainc992j;p99.5p100;2007;3253869.8;992;j
RS;tcainc992j;p99.5p100;2008;3512003.0;992;j
RS;tcainc992j;p99.5p100;2009;3578594.8;992;j
RS;tcainc992j;p99.5p100;2010;3712542.5;992;j
RS;tcainc992j;p99.5p100;2011;3852023.5;992;j
RS;tcainc992j;p99.5p100;2012;4002745.3;992;j
RS;tcainc992j;p99.5p100;2013;3983164.3;992;j
RS;tcainc992j;p99.5p100;2014;3972786.3;992;j
RS;tcainc992j;p99.5p100;2015;4335481.0;992;j
RS;tcainc992j;p99.5p100;2016;4496395.0;992;j
RS;tcainc992j;p99.5p100;2017;4501204.5;992;j
RS;tcainc992j;p9p10;1990;103901.4;992;j
RS;tcainc992j;p9p10;1991;91713.0;992;j
RS;tcainc992j;p9p10;1992;64075.301;992;j
RS;tcainc992j;p9p10;1993;42397.5;992;j
RS;tcainc992j;p9p10;1994;44417.102;992;j
RS;tcainc992j;p9p10;1995;48456.0;992;j
RS;tcainc992j;p9p10;1996;49871.102;992;j
RS;tcainc992j;p9p10;1997;53645.898;992;j
RS;tcainc992j;p9p10;1998;66381.602;992;j
RS;tcainc992j;p9p10;1999;76195.0;992;j
RS;tcainc992j;p9p10;2000;79465.0;992;j
RS;tcainc992j;p9p10;2001;77534.297;992;j
RS;tcainc992j;p9p10;2002;65909.898;992;j
RS;tcainc992j;p9p10;2003;63503.5;992;j
RS;tcainc992j;p9p10;2004;62423.602;992;j
RS;tcainc992j;p9p10;2005;66584.0;992;j
RS;tcainc992j;p9p10;2006;59043.801;992;j
RS;tcainc992j;p9p10;2007;49587.5;992;j
RS;tcainc992j;p9p10;2008;49703.0;992;j
RS;tcainc992j;p9p10;2009;47274.602;992;j
RS;tcainc992j;p9p10;2010;40805.398;992;j
RS;tcainc992j;p9p10;2011;34849.898;992;j
RS;tcainc992j;p9p10;2012;29118.6;992;j
RS;tcainc992j;p9p10;2013;47604.199;992;j
RS;tcainc992j;p9p10;2014;84183.5;992;j
RS;tcainc992j;p9p10;2015;59429.602;992;j
RS;tcainc992j;p9p10;2016;61749.801;992;j
RS;tcainc992j;p9p10;2017;61730.801;992;j
RS;tdiinc992j;p15p16;1990;242422.5;992;j
RS;tdiinc992j;p15p16;1991;213325.0;992;j
RS;tdiinc992j;p15p16;1992;148735.2;992;j
RS;tdiinc992j;p15p16;1993;98079.0;992;j
RS;tdiinc992j;p15p16;1994;102665.5;992;j
RS;tdiinc992j;p15p16;1995;110096.6;992;j
RS;tdiinc992j;p15p16;1996;112565.6;992;j
RS;tdiinc992j;p15p16;1997;121775.5;992;j
RS;tdiinc992j;p15p16;1998;133904.09;992;j
RS;tdiinc992j;p15p16;1999;144727.7;992;j
RS;tdiinc992j;p15p16;2000;157693.91;992;j
RS;tdiinc992j;p15p16;2001;154657.59;992;j
RS;tdiinc992j;p15p16;2002;153071.59;992;j
RS;tdiinc992j;p15p16;2003;158155.2;992;j
RS;tdiinc992j;p15p16;2004;158531.41;992;j
RS;tdiinc992j;p15p16;2005;171118.5;992;j
RS;tdiinc992j;p15p16;2006;165600.5;992;j
RS;tdiinc992j;p15p16;2007;166272.3;992;j
RS;tdiinc992j;p15p16;2008;169215.5;992;j
RS;tdiinc992j;p15p16;2009;159515.91;992;j
RS;tdiinc992j;p15p16;2010;147268.0;992;j
RS;tdiinc992j;p15p16;2011;130814.9;992;j
RS;tdiinc992j;p15p16;2012;128174.6;992;j
RS;tdiinc992j;p15p16;2013;127035.1;992;j
RS;tdiinc992j;p15p16;2014;169503.0;992;j
RS;tdiinc992j;p15p16;2015;141241.59;992;j
RS;tdiinc992j;p15p16;2016;138656.8;992;j
RS;tdiinc992j;p15p16;2017;138587.7;992;j
RS;tdiinc992j;p99.3p100;1990;3305809.3;992;j
RS;tdiinc992j;p99.3p100;1991;2860351.0;992;j
RS;tdiinc992j;p99.3p100;1992;1959196.1;992;j
RS;tdiinc992j;p99.3p100;1993;1275343.5;992;j
RS;tdiinc992j;p99.3p100;1994;1314759.1;992;j
RS;tdiinc992j;p99.3p100;1995;1389375.3;992;j
RS;tdiinc992j;p99.3p100;1996;1391905.4;992;j
RS;tdiinc992j;p99.3p100;1997;1464454.5;992;j
RS;tdiinc992j;p99.3p100;1998;1580676.0;992;j
RS;tdiinc992j;p99.3p100;1999;1797043.3;992;j
RS;tdiinc992j;p99.3p100;2000;2062639.3;992;j
RS;tdiinc992j;p99.3p100;2001;2099835.3;992;j
RS;tdiinc992j;p99.3p100;2002;2317082.3;992;j
RS;tdiinc992j;p99.3p100;2003;2417056.5;992;j
RS;tdiinc992j;p99.3p100;2004;2761496.5;992;j
RS;tdiinc992j;p99.3p100;2005;3152700.8;992;j
RS;tdiinc992j;p99.3p100;2006;3441926.3;992;j
RS;tdiinc992j;p99.3p100;2007;3501031.0;992;j
RS;tdiinc992j;p99.3p100;2008;3768119.0;992;j
RS;tdiinc992j;p99.3p100;2009;3789185.8;992;j
RS;tdiinc992j;p99.3p100;2010;3926408.0;992;j
RS;tdiinc992j;p99.3p100;2011;4063454.5;992;j
RS;tdiinc992j;p99.3p100;2012;4138405.0;992;j
RS;tdiinc992j;p99.3p100;2013;4165743.3;992;j
RS;tdiinc992j;p99.3p100;2014;4048673.3;992;j
RS;tdiinc992j;p99.3p100;2015;4324311.0;992;j
RS;tdiinc992j;p99.3p100;2016;4505805.5;992;j
RS;tdiinc992j;p99.3p100;2017;4538306.5;992;j
RS;tdiinc992j;p9p100;1990;188997.3;992;j
RS;tdiinc992j;p9p100;1991;165915.2;992;j
RS;tdiinc992j;p9p100;1992;115200.4;992;j
RS;tdiinc992j;p9p100;1993;75759.398;992;j
RS;tdiinc992j;p9p100;1994;78953.703;992;j
RS;tdiinc992j;p9p100;1995;85343.398;992;j
RS;tdiinc992j;p9p100;1996;87340.898;992;j
RS;tdiinc992j;p9p100;1997;94332.5;992;j
RS;tdiinc992j;p9p100;1998;105648.3;992;j
RS;tdiinc992j;p9p100;1999;113150.8;992;j
RS;tdiinc992j;p9p100;2000;123044.7;992;j
RS;tdiinc992j;p9p100;2001;123656.4;992;j
RS;tdiinc992j;p9p100;2002;116648.4;992;j
RS;tdiinc992j;p9p100;2003;114900.8;992;j
RS;tdiinc992j;p9p100;2004;112554.4;992;j
RS;tdiinc992j;p9p100;2005;119642.6;992;j
RS;tdiinc992j;p9p100;2006;113296.2;992;j
RS;tdiinc992j;p9p100;2007;109196.8;992;j
RS;tdiinc992j;p9p100;2008;112855.5;992;j
RS;tdiinc992j;p9p100;2009;107336.1;992;j
RS;tdiinc992j;p9p100;2010;100673.5;992;j
RS;tdiinc992j;p9p100;2011;91069.203;992;j
RS;tdiinc992j;p9p100;2012;86115.602;992;j
RS;tdiinc992j;p9p100;2013;109622.1;992;j
RS;tdiinc992j;p9p100;2014;152959.2;992;j
RS;tdiinc992j;p9p100;2015;124481.3;992;j
RS;tdiinc992j;p9p100;2016;121080.2;992;j
RS;tdiinc992j;p9p100;2017;120999.5;992;j
RS;tptinc992j;p82p100;1990;1085935.0;992;j
RS;tptinc992j;p82p100;1991;940593.0;992;j
RS;tptinc992j;p82p100;1992;642763.63;992;j
RS;tptinc992j;p82p100;1993;415753.31;992;j
RS;tptinc992j;p82p100;1994;426847.19;992;j
RS;tptinc992j;p82p100;1995;448748.09;992;j
RS;tptinc992j;p82p100;1996;451723.69;992;j
RS;tptinc992j;p82p100;1997;478034.41;992;j
RS;tptinc992j;p82p100;1998;495750.09;992;j
RS;tptinc992j;p82p100;1999;540142.38;992;j
RS;tptinc992j;p82p100;2000;586233.13;992;j
RS;tptinc992j;p82p100;2001;580311.88;992;j
RS;tptinc992j;p82p100;2002;633951.38;992;j
RS;tptinc992j;p82p100;2003;665907.0;992;j
RS;tptinc992j;p82p100;2004;751640.31;992;j
RS;tptinc992j;p82p100;2005;846572.81;992;j
RS;tptinc992j;p82p100;2006;896653.38;992;j
RS;tptinc992j;p82p100;2007;945622.38;992;j
RS;tptinc992j;p82p100;2008;1021091.2;992;j
RS;tptinc992j;p82p100;2009;1002103.3;992;j
RS;tptinc992j;p82p100;2010;1007426.9;992;j
RS;tptinc992j;p82p100;2011;1014850.0;992;j
RS;tptinc992j;p82p100;2012;1035973.8;992;j
RS;tptinc992j;p82p100;2013;1062341.5;992;j
RS;tptinc992j;p82p100;2014;1015536.3;992;j
RS;tptinc992j;p82p100;2015;1009581.3;992;j
RS;tptinc992j;p82p100;2016;1040314.6;992;j
RS;tptinc992j;p82p100;2017;1046215.8;992;j
RS;tptinc992j;p99.91p100;1990;10173788.0;992;j
RS;tptinc992j;p99.91p100;1991;9004503.0;992;j
RS;tptinc992j;p99.91p100;1992;6270134.0;992;j
RS;tptinc992j;p99.91p100;1993;4143049.3;992;j
RS;tptinc992j;p99.91p100;1994;4339663.0;992;j
RS;tptinc992j;p99.91p100;1995;4668991.5;992;j
RS;tptinc992j;p99.91p100;1996;4762477.0;992;j
RS;tptinc992j;p99.91p100;1997;5108395.5;992;j
RS;tptinc992j;p99.91p100;1998;5413607.0;992;j
RS;tptinc992j;p99.91p100;1999;6196841.0;992;j
RS;tptinc992j;p99.91p100;2000;7245823.0;992;j
RS;tptinc992j;p99.91p100;2001;7539675.5;992;j
RS;tptinc992j;p99.91p100;2002;8163495.5;992;j
RS;tptinc992j;p99.91p100;2003;8516168.0;992;j
RS;tptinc992j;p99.91p100;2004;9894787.0;992;j
RS;tptinc992j;p99.91p100;2005;11055281.0;992;j
RS;tptinc992j;p99.91p100;2006;11804727.0;992;j
RS;tptinc992j;p99.91p100;2007;11493593.0;992;j
RS;tptinc992j;p99.91p100;2008;12426069.0;992;j
RS;tptinc992j;p99.91p100;2009;12238499.0;992;j
RS;tptinc992j;p99.91p100;2010;12577247.0;992;j
RS;tptinc992j;p99.91p100;2011;13124058.0;992;j
RS;tptinc992j;p99.91p100;2012;12074945.0;992;j
RS;tptinc992j;p99.91p100;2013;12548758.0;992;j
RS;tptinc992j;p99.91p100;2014;14926899.0;992;j
RS;tptinc992j;p99.91p100;2015;14503284.0;992;j
RS;tptinc992j;p99.91p100;2016;14967576.0;992;j
RS;tptinc992j;p99.91p100;2017;15079963.0;992;j
RS;acainc992j;p33p100;1990;691830.69;992;j
RS;acainc992j;p33p100;1991;599631.38;992;j
RS;acainc992j;p33p100;1992;409833.0;992;j
RS;acainc992j;p33p100;1993;265267.5;992;j
RS;acainc992j;p33p100;1994;272673.5;992;j
RS;acainc992j;p33p100;1995;287240.41;992;j
RS;acainc992j;p33p100;1996;288951.59;992;j
RS;acainc992j;p33p100;1997;304244.91;992;j
RS;acainc992j;p33p100;1998;331954.09;992;j
RS;acainc992j;p33p100;1999;379062.59;992;j
RS;acainc992j;p33p100;2000;412168.81;992;j
RS;acainc992j;p33p100;2001;402133.09;992;j
RS;acainc992j;p33p100;2002;424601.31;992;j
RS;acainc992j;p33p100;2003;448638.41;992;j
RS;acainc992j;p33p100;2004;541231.5;992;j
RS;acainc992j;p33p100;2005;618424.81;992;j
RS;acainc992j;p33p100;2006;657094.19;992;j
RS;acainc992j;p33p100;2007;658403.69;992;j
RS;acainc992j;p33p100;2008;707627.31;992;j
RS;acainc992j;p33p100;2009;702442.69;992;j
RS;acainc992j;p33p100;2010;710991.5;992;j
RS;acainc992j;p33p100;2011;723567.13;992;j
RS;acainc992j;p33p100;2012;723404.63;992;j
RS;acainc992j;p33p100;2013;742142.31;992;j
RS;acainc992j;p33p100;2014;713480.19;992;j
RS;acainc992j;p33p100;2015;731082.81;992;j
RS;acainc992j;p33p100;2016;758160.38;992;j
RS;acainc992j;p33p100;2017;758891.38;992;j
RS;acainc992j;p3p4;1990;59142.102;992;j
RS;acainc992j;p3p4;1991;51511.699;992;j
RS;acainc992j;p3p4;1992;35509.398;992;j
RS;acainc992j;p3p4;1993;23150.801;992;j
RS;acainc992j;p3p4;1994;23634.9;992;j
RS;acainc992j;p3p4;1995;24518.6;992;j
RS;acainc992j;p3p4;1996;24120.5;992;j
RS;acainc992j;p3p4;1997;24734.4;992;j
RS;acainc992j;p3p4;1998;28263.199;992;j
RS;acainc992j;p3p4;1999;34088.602;992;j
RS;acainc992j;p3p4;2000;34529.199;992;j
RS;acainc992j;p3p4;2001;32908.301;992;j
RS;acainc992j;p3p4;2002;22021.0;992;j
RS;acainc992j;p3p4;2003;22542.699;992;j
RS;acainc992j;p3p4;2004;23761.0;992;j
RS;acainc992j;p3p4;2005;25194.9;992;j
RS;acainc992j;p3p4;2006;23306.199;992;j
RS;acainc992j;p3p4;2007;18640.699;992;j
RS;acainc992j;p3p4;2008;22919.9;992;j
RS;acainc992j;p3p4;2009;26124.4;992;j
RS;acainc992j;p3p4;2010;24780.6;992;j
RS;acainc992j;p3p4;2011;20970.1;992;j
RS;acainc992j;p3p4;2012;16470.1;992;j
RS;acainc992j;p3p4;2013;37898.5;992;j
RS;acainc992j;p3p4;2014;75635.102;992;j
RS;acainc992j;p3p4;2015;51510.699;992;j
RS;acainc992j;p3p4;2016;53477.898;992;j
RS;acainc992j;p3p4;2017;53430.0;992;j
RS;acainc992j;p58p59;1990;503308.59;992;j
RS;acainc992j;p58p59;1991;436807.69;992;j
RS;acainc992j;p58p59;1992;298683.5;992;j
RS;acainc992j;p58p59;1993;193222.3;992;j
RS;acainc992j;p58p59;1994;198593.91;992;j
RS;acainc992j;p58p59;1995;209254.2;992;j
RS;acainc992j;p58p59;1996;210906.09;992;j
RS;acainc992j;p58p59;1997;222464.3;992;j
RS;acainc992j;p58p59;1998;242160.41;992;j
RS;acainc992j;p58p59;1999;274169.81;992;j
RS;acainc992j;p58p59;2000;293728.19;992;j
RS;acainc992j;p58p59;2001;283754.59;992;j
RS;acainc992j;p58p59;2002;297172.59;992;j
RS;acainc992j;p58p59;2003;313549.09;992;j
RS;acainc992j;p58p59;2004;373184.81;992;j
RS;acainc992j;p58p59;2005;419945.31;992;j
RS;acainc992j;p58p59;2006;441668.91;992;j
RS;acainc992j;p58p59;2007;445493.69;992;j
RS;acainc992j;p58p59;2008;477372.31;992;j
RS;acainc992j;p58p59;2009;466444.31;992;j
RS;acainc992j;p58p59;2010;462994.19;992;j
RS;acainc992j;p58p59;2011;464028.81;992;j
RS;acainc992j;p58p59;2012;458053.19;992;j
RS;acainc992j;p58p59;2013;470811.41;992;j
RS;acainc992j;p58p59;2014;452306.0;992;j
RS;acainc992j;p58p59;2015;444286.19;992;j
RS;acainc992j;p58p59;2016;460733.09;992;j
RS;acainc992j;p58p59;2017;461062.59;992;j
RS;acainc992j;p62p100;1990;902490.38;992;j
RS;acainc992j;p62p100;1991;780948.88;992;j
RS;acainc992j;p62p100;1992;532988.13;992;j
RS;acainc992j;p62p100;1993;344636.31;992;j
RS;acainc992j;p62p100;1994;353883.31;992;j
RS;acainc992j;p62p100;1995;372419.31;992;j
RS;acainc992j;p62p100;1996;373989.09;992;j
RS;acainc992j;p62p100;1997;393103.41;992;j
RS;acainc992j;p62p100;1998;431115.31;992;j
RS;acainc992j;p62p100;1999;493398.41;992;j
RS;acainc992j;p62p100;2000;538617.38;992;j
RS;acainc992j;p62p100;2001;526783.13;992;j
RS;acainc992j;p62p100;2002;559495.5;992;j
RS;acainc992j;p62p100;2003;592637.19;992;j
RS;acainc992j;p62p100;2004;719569.5;992;j
RS;acainc992j;p62p100;2005;827442.81;992;j
RS;acainc992j;p62p100;2006;883950.5;992;j
RS;acainc992j;p62p100;2007;886414.88;992;j
RS;acainc992j;p62p100;2008;955592.13;992;j
RS;acainc992j;p62p100;2009;952824.38;992;j
RS;acainc992j;p62p100;2010;972764.63;992;j
RS;acainc992j;p62p100;2011;996167.0;992;j
RS;acainc992j;p62p100;2012;1000631.6;992;j
RS;acainc992j;p62p100;2013;1028373.7;992;j
RS;acainc992j;p62p100;2014;985888.69;992;j
RS;acainc992j;p62p100;2015;1020310.7;992;j
RS;acainc992j;p62p100;2016;1058088.5;992;j
RS;acainc992j;p62p100;2017;1059224.3;992;j
RS;acainc992j;p84p85;1990;804238.19;992;j
RS;acainc992j;p84p85;1991;694028.31;992;j
RS;acainc992j;p84p85;1992;472794.19;992;j
RS;acainc992j;p84p85;1993;304789.69;992;j
RS;acainc992j;p84p85;1994;312155.81;992;j
RS;acainc992j;p84p85;1995;327822.59;992;j
RS;acainc992j;p84p85;1996;329039.41;992;j
RS;acainc992j;p84p85;1997;345604.91;992;j
RS;acainc992j;p84p85;1998;373464.81;992;j
RS;acainc992j;p84p85;1999;422787.41;992;j
RS;acainc992j;p84p85;2000;453194.41;992;j
RS;acainc992j;p84p85;2001;437580.5;992;j
RS;acainc992j;p84p85;2002;463859.19;992;j
RS;acainc992j;p84p85;2003;493515.41;992;j
RS;acainc992j;p84p85;2004;600889.88;992;j
RS;acainc992j;p84p85;2005;686263.0;992;j
RS;acainc992j;p84p85;2006;734048.81;992;j
RS;acainc992j;p84p85;2007;745959.81;992;j
RS;acainc992j;p84p85;2008;805648.19;992;j
RS;acainc992j;p84p85;2009;802590.31;992;j
RS;acainc992j;p84p85;2010;812953.38;992;j
RS;acainc992j;p84p85;2011;832037.0;992;j
RS;acainc992j;p84p85;2012;831713.38;992;j
RS;acainc992j;p84p85;2013;870934.38;992;j
RS;acainc992j;p84p85;2014;798921.31;992;j
RS;acainc992j;p84p85;2015;787824.63;992;j
RS;acainc992j;p84p85;2016;816834.31;992;j
RS;acainc992j;p84p85;2017;817445.13;992;j
RS;acainc992j;p97p98;1990;1459033.8;992;j
RS;acainc992j;p97p98;1991;1267491.5;992;j
RS;acainc992j;p97p98;1992;871485.38;992;j
RS;acainc992j;p97p98;1993;567458.31;992;j
RS;acainc992j;p97p98;1994;585332.0;992;j
RS;acainc992j;p97p98;1995;618621.5;992;j
RS;acainc992j;p97p98;1996;621990.88;992;j
RS;acainc992j;p97p98;1997;654705.81;992;j
RS;acainc992j;p97p98;1998;723903.69;992;j
RS;acainc992j;p97p98;1999;831122.31;992;j
RS;acainc992j;p97p98;2000;928428.19;992;j
RS;acainc992j;p97p98;2001;909338.81;992;j
RS;acainc992j;p97p98;2002;981844.38;992;j
RS;acainc992j;p97p98;2003;1036503.1;992;j
RS;acainc992j;p97p98;2004;1262198.8;992;j
RS;acainc992j;p97p98;2005;1460729.9;992;j
RS;acainc992j;p97p98;2006;1595384.4;992;j
RS;acainc992j;p97p98;2007;1605437.4;992;j
RS;acainc992j;p97p98;2008;1755256.8;992;j
RS;acainc992j;p97p98;2009;1739700.9;992;j
RS;acainc992j;p97p98;2010;1814940.4;992;j
RS;acainc992j;p97p98;2011;1888015.3;992;j
RS;acainc992j;p97p98;2012;1838012.3;992;j
RS;acainc992j;p97p98;2013;1905666.8;992;j
RS;acainc992j;p97p98;2014;1742670.6;992;j
RS;acainc992j;p97p98;2015;1766159.5;992;j
RS;acainc992j;p97p98;2016;1831421.0;992;j
RS;acainc992j;p97p98;2017;1833289.1;992;j
RS;adiinc992j;p13p100;1990;820405.69;992;j
RS;adiinc992j;p13p100;1991;712166.19;992;j
RS;adiinc992j;p13p100;1992;487543.0;992;j
RS;adiinc992j;p13p100;1993;316045.5;992;j
RS;adiinc992j;p13p100;1994;325360.19;992;j
RS;adiinc992j;p13p100;1995;343248.69;992;j
RS;adiinc992j;p13p100;1996;345868.91;992;j
RS;adiinc992j;p13p100;1997;366441.69;992;j
RS;adiinc992j;p13p100;1998;385117.69;992;j
RS;adiinc992j;p13p100;1999;421992.0;992;j
RS;adiinc992j;p13p100;2000;464147.69;992;j
RS;adiinc992j;p13p100;2001;463436.5;992;j
RS;adiinc992j;p13p100;2002;500361.09;992;j
RS;adiinc992j;p13p100;2003;525854.69;992;j
RS;adiinc992j;p13p100;2004;593589.69;992;j
RS;adiinc992j;p13p100;2005;662887.5;992;j
RS;adiinc992j;p13p100;2006;700986.0;992;j
RS;adiinc992j;p13p100;2007;724049.0;992;j
RS;adiinc992j;p13p100;2008;770910.5;992;j
RS;adiinc992j;p13p100;2009;757180.69;992;j
RS;adiinc992j;p13p100;2010;760014.0;992;j
RS;adiinc992j;p13p100;2011;763936.81;992;j
RS;adiinc992j;p13p100;2012;763620.5;992;j
RS;adiinc992j;p13p100;2013;778540.0;992;j
RS;adiinc992j;p13p100;2014;756380.19;992;j
RS;adiinc992j;p13p100;2015;766017.38;992;j
RS;adiinc992j;p13p100;2016;790831.31;992;j
RS;adiinc992j;p13p100;2017;795636.0;992;j
RS;adiinc992j;p54p100;1990;1148623.8;992;j
RS;adiinc992j;p54p100;1991;994687.19;992;j
RS;adiinc992j;p54p100;1992;679324.5;992;j
RS;adiinc992j;p54p100;1993;439459.31;992;j
RS;adiinc992j;p54p100;1994;451454.59;992;j
RS;adiinc992j;p54p100;1995;475307.69;992;j
RS;adiinc992j;p54p100;1996;477650.31;992;j
RS;adiinc992j;p54p100;1997;504484.91;992;j
RS;adiinc992j;p54p100;1998;532434.13;992;j
RS;adiinc992j;p54p100;1999;585789.88;992;j
RS;adiinc992j;p54p100;2000;644838.0;992;j
RS;adiinc992j;p54p100;2001;644592.19;992;j
RS;adiinc992j;p54p100;2002;701097.13;992;j
RS;adiinc992j;p54p100;2003;739542.81;992;j
RS;adiinc992j;p54p100;2004;843790.69;992;j
RS;adiinc992j;p54p100;2005;948467.88;992;j
RS;adiinc992j;p54p100;2006;1011892.4;992;j
RS;adiinc992j;p54p100;2007;1045823.8;992;j
RS;adiinc992j;p54p100;2008;1118829.8;992;j
RS;adiinc992j;p54p100;2009;1106468.3;992;j
RS;adiinc992j;p54p100;2010;1123270.4;992;j
RS;adiinc992j;p54p100;2011;1141569.9;992;j
RS;adiinc992j;p54p100;2012;1143532.3;992;j
RS;adiinc992j;p54p100;2013;1175506.4;992;j
RS;adiinc992j;p54p100;2014;1126667.6;992;j
RS;adiinc992j;p54p100;2015;1156177.5;992;j
RS;adiinc992j;p54p100;2016;1198152.1;992;j
RS;adiinc992j;p54p100;2017;1206049.3;992;j
RS;adiinc992j;p73p74;1990;911502.0;992;j
RS;adiinc992j;p73p74;1991;790830.5;992;j
RS;adiinc992j;p73p74;1992;541066.19;992;j
RS;adiinc992j;p73p74;1993;350356.59;992;j
RS;adiinc992j;p73p74;1994;360430.41;992;j
RS;adiinc992j;p73p74;1995;379781.0;992;j
RS;adiinc992j;p73p74;1996;382764.0;992;j
RS;adiinc992j;p73p74;1997;405644.91;992;j
RS;adiinc992j;p73p74;1998;423780.41;992;j
RS;adiinc992j;p73p74;1999;457986.91;992;j
RS;adiinc992j;p73p74;2000;498157.31;992;j
RS;adiinc992j;p73p74;2001;493412.69;992;j
RS;adiinc992j;p73p74;2002;534981.5;992;j
RS;adiinc992j;p73p74;2003;562914.63;992;j
RS;adiinc992j;p73p74;2004;640005.13;992;j
RS;adiinc992j;p73p74;2005;708662.63;992;j
RS;adiinc992j;p73p74;2006;749285.31;992;j
RS;adiinc992j;p73p74;2007;781163.69;992;j
RS;adiinc992j;p73p74;2008;832601.13;992;j
RS;adiinc992j;p73p74;2009;814914.5;992;j
RS;adiinc992j;p73p74;2010;816843.88;992;j
RS;adiinc992j;p73p74;2011;817209.38;992;j
RS;adiinc992j;p73p74;2012;814637.69;992;j
RS;adiinc992j;p73p74;2013;858392.19;992;j
RS;adiinc992j;p73p74;2014;800286.5;992;j
RS;adiinc992j;p73p74;2015;780458.13;992;j
RS;adiinc992j;p73p74;2016;805780.38;992;j
RS;adiinc992j;p73p74;2017;810573.81;992;j
RS;adiinc992j;p99.994p100;1990;77869816.0;992;j
RS;adiinc992j;p99.994p100;1991;62791992.0;992;j
RS;adiinc992j;p99.994p100;1992;38988920.0;992;j
RS;adiinc992j;p99.994p100;1993;23715544.0;992;j
RS;adiinc992j;p99.994p100;1994;23374992.0;992;j
RS;adiinc992j;p99.994p100;1995;23761930.0;992;j
RS;adiinc992j;p99.994p100;1996;22769572.0;992;j
RS;adiinc992j;p99.994p100;1997;22817114.0;992;j
RS;adiinc992j;p99.994p100;1998;26072106.0;992;j
RS;adiinc992j;p99.994p100;1999;36115832.0;992;j
RS;adiinc992j;p99.994p100;2000;41872588.0;992;j
RS;adiinc992j;p99.994p100;2001;49327040.0;992;j
RS;adiinc992j;p99.994p100;2002;48702724.0;992;j
RS;adiinc992j;p99.994p100;2003;50941288.0;992;j
RS;adiinc992j;p99.994p100;2004;58451408.0;992;j
RS;adiinc992j;p99.994p100;2005;71308048.0;992;j
RS;adiinc992j;p99.994p100;2006;67883896.0;992;j
RS;adiinc992j;p99.994p100;2007;59043384.0;992;j
RS;adiinc992j;p99.994p100;2008;54093520.0;992;j
RS;adiinc992j;p99.994p100;2009;67510720.0;992;j
RS;adiinc992j;p99.994p100;2010;63524400.0;992;j
RS;adiinc992j;p99.994p100;2011;62084596.0;992;j
RS;adiinc992j;p99.994p100;2012;102527088.0;992;j
RS;adiinc992j;p99.994p100;2013;75718288.0;992;j
RS;adiinc992j;p99.994p100;2014;159810464.0;992;j
RS;adiinc992j;p99.994p100;2015;283529184.0;992;j
RS;adiinc992j;p99.994p100;2016;296327424.0;992;j
RS;adiinc992j;p99.994p100;2017;299153568.0;992;j
RS;adiinc992j;p99.9p100;1990;17442058.0;992;j
RS;adiinc992j;p99.9p100;1991;14522125.0;992;j
RS;adiinc992j;p99.9p100;1992;9441966.0;992;j
RS;adiinc992j;p99.9p100;1993;5937625.5;992;j
RS;adiinc992j;p99.9p100;1994;5982449.5;992;j
RS;adiinc992j;p99.9p100;1995;6199729.5;992;j
RS;adiinc992j;p99.9p100;1996;6064290.5;992;j
RS;adiinc992j;p99.9p100;1997;6216113.0;992;j
RS;adiinc992j;p99.9p100;1998;6933867.5;992;j
RS;adiinc992j;p99.9p100;1999;8806372.0;992;j
RS;adiinc992j;p99.9p100;2000;10248459.0;992;j
RS;adiinc992j;p99.9p100;2001;11326062.0;992;j
RS;adiinc992j;p99.9p100;2002;11797790.0;992;j
RS;adiinc992j;p99.9p100;2003;12280761.0;992;j
RS;adiinc992j;p99.9p100;2004;14038288.0;992;j
RS;adiinc992j;p99.9p100;2005;16633475.0;992;j
RS;adiinc992j;p99.9p100;2006;16925226.0;992;j
RS;adiinc992j;p99.9p100;2007;15795942.0;992;j
RS;adiinc992j;p99.9p100;2008;15644184.0;992;j
RS;adiinc992j;p99.9p100;2009;17661940.0;992;j
RS;adiinc992j;p99.9p100;2010;17417904.0;992;j
RS;adiinc992j;p99.9p100;2011;17518270.0;992;j
RS;adiinc992j;p99.9p100;2012;23251072.0;992;j
RS;adiinc992j;p99.9p100;2013;19723732.0;992;j
RS;adiinc992j;p99.9p100;2014;29603034.0;992;j
RS;adiinc992j;p99.9p100;2015;43167172.0;992;j
RS;adiinc992j;p99.9p100;2016;45088908.0;992;j
RS;adiinc992j;p99.9p100;2017;45480756.0;992;j
RS;afkpin999i;p0p100;1997;-17625.4;999;i
RS;afkpin999i;p0p100;1998;14264.0;999;i
RS;afkpin999i;p0p100;1999;25255.0;999;i
RS;afkpin999i;p0p100;2000;40581.102;999;i
RS;afkpin999i;p0p100;2001;12473.8;999;i
RS;afkpin999i;p0p100;2002;3519.2;999;i
RS;afkpin999i;p0p100;2003;-465.20001;999;i
RS;afkpin999i;p0p100;2004;31723.4;999;i
RS;afkpin999i;p0p100;2005;49763.801;999;i
RS;afkpin999i;p0p100;2006;50714.898;999;i
RS;afkpin999i;p0p100;2007;38685.602;999;i
RS;afkpin999i;p0p100;2008;45088.602;999;i
RS;afkpin999i;p0p100;2009;50590.0;999;i
RS;afkpin999i;p0p100;2010;57009.801;999;i
RS;afkpin999i;p0p100;2011;66014.203;999;i
RS;afsubx992i;p0p100;1997;-144.7;992;i
RS;afsubx992i;p0p100;1998;-181.89999;992;i
RS;afsubx992i;p0p100;1999;-306.39999;992;i
RS;afsubx992i;p0p100;2000;-333.70001;992;i
RS;afsubx992i;p0p100;2001;-335.10001;992;i
RS;afsubx992i;p0p100;2002;-543.70001;992;i
RS;afsubx992i;p0p100;2003;-589.70001;992;i
RS;afsubx992i;p0p100;2004;-662.5;992;i
RS;afsubx992i;p0p100;2005;-649.5;992;i
RS;afsubx992i;p0p100;2006;-669.90002;992;i
RS;afsubx992i;p0p100;2007;0.0;992;i
RS;afsubx992i;p0p100;2008;0.0;992;i
RS;afsubx992i;p0p100;2009;0.0;992;i
RS;afsubx992i;p0p100;2010;0.0;992;i
RS;afsubx992i;p0p100;2011;0.0;992;i
RS;afsubx992i;p0p100;2012;0.0;992;i
RS;afsubx992i;p0p100;2013;0.0;992;i
RS;afsubx992i;p0p100;2014;0.0;992;i
RS;afsubx992i;p0p100;2015;0.0;992;i
RS;afsubx992i;p0p100;2016;0.0;992;i
RS;afsubx992i;p0p100;2017;0.0;992;i
RS;afsubx992i;p0p100;2018;0.0;992;i
RS;ansrfc992i;p0p100;1997;6420.1001;992;i
RS;ansrfc992i;p0p100;1998;6661.7002;992;i
RS;ansrfc992i;p0p100;1999;551.70001;992;i
RS;ansrfc992i;p0p100;2000;-1556.1;992;i
RS;ansrfc992i;p0p100;2001;1208.7;992;i
RS;ansrfc992i;p0p100;2002;5238.5;992;i
RS;ansrfc992i;p0p100;2003;1369.4;992;i
RS;ansrfc992i;p0p100;2004;522.09998;992;i
RS;ansrfc992i;p0p100;2005;-1089.4;992;i
RS;ansrfc992i;p0p100;2006;-2035.1;992;i
RS;ansrfc992i;p0p100;2007;-321.5;992;i
RS;ansrfc992i;p0p100;2008;256.29999;992;i
RS;ansrfc992i;p0p100;2009;562.09998;992;i
RS;ansrfc992i;p0p100;2010;929.0;992;i
RS;ansrfc992i;p0p100;2011;2396.8999;992;i
RS;aptinc992j;p99.997p100;1990;122751440.0;992;j
RS;aptinc992j;p99.997p100;1991;111787080.0;992;j
RS;aptinc992j;p99.997p100;1992;78594336.0;992;j
RS;aptinc992j;p99.997p100;1993;53348944.0;992;j
RS;aptinc992j;p99.997p100;1994;56040216.0;992;j
RS;aptinc992j;p99.997p100;1995;61737852.0;992;j
RS;aptinc992j;p99.997p100;1996;64388696.0;992;j
RS;aptinc992j;p99.997p100;1997;70829816.0;992;j
RS;aptinc992j;p99.997p100;1998;72129656.0;992;j
RS;aptinc992j;p99.997p100;1999;88313240.0;992;j
RS;aptinc992j;p99.997p100;2000;105124168.0;992;j
RS;aptinc992j;p99.997p100;2001;117255200.0;992;j
RS;aptinc992j;p99.997p100;2002;119106720.0;992;j
RS;aptinc992j;p99.997p100;2003;119922616.0;992;j
RS;aptinc992j;p99.997p100;2004;138872048.0;992;j
RS;aptinc992j;p99.997p100;2005;144257056.0;992;j
RS;aptinc992j;p99.997p100;2006;154298064.0;992;j
RS;aptinc992j;p99.997p100;2007;142596544.0;992;j
RS;aptinc992j;p99.997p100;2008;157222384.0;992;j
RS;aptinc992j;p99.997p100;2009;150062720.0;992;j
RS;aptinc992j;p99.997p100;2010;140025264.0;992;j
RS;aptinc992j;p99.997p100;2011;151280096.0;992;j
RS;aptinc992j;p99.997p100;2012;102497808.0;992;j
RS;aptinc992j;p99.997p100;2013;122055720.0;992;j
RS;aptinc992j;p99.997p100;2014;236807632.0;992;j
RS;aptinc992j;p99.997p100;2015;232175056.0;992;j
RS;aptinc992j;p99.997p100;2016;239582608.0;992;j
RS;aptinc992j;p99.997p100;2017;241090128.0;992;j
RS;asecco992i;p0p100;1997;-50653.301;992;i
RS;asecco992i;p0p100;1998;-5341.5;992;i
RS;asecco992i;p0p100;1999;1558.3;992;i
RS;asecco992i;p0p100;2000;18592.1;992;i
RS;asecco992i;p0p100;2001;-19754.699;992;i
RS;asecco992i;p0p100;2002;-29084.801;992;i
RS;asecco992i;p0p100;2003;-40835.898;992;i
RS;asecco992i;p0p100;2004;3985.1001;992;i
RS;asecco992i;p0p100;2005;13751.5;992;i
RS;asecco992i;p0p100;2006;17461.4;992;i
RS;asecco992i;p0p100;2007;-4658.3999;992;i
RS;asecco992i;p0p100;2008;-7187.1001;992;i
RS;asecco992i;p0p100;2009;9880.2998;992;i
RS;asecco992i;p0p100;2010;12790.9;992;i
RS;asecco992i;p0p100;2011;20756.9;992;i
RS;bcainc992j;p23p100;1990;2.8832769;992;j
RS;bcainc992j;p23p100;1991;2.838223;992;j
RS;bcainc992j;p23p100;1992;2.7887609;992;j
RS;bcainc992j;p23p100;1993;2.7417331;992;j
RS;bcainc992j;p23p100;1994;2.6954455;992;j
RS;bcainc992j;p23p100;1995;2.645803;992;j
RS;bcainc992j;p23p100;1996;2.5957782;992;j
RS;bcainc992j;p23p100;1997;2.5431015;992;j
RS;bcainc992j;p23p100;1998;2.4486287;992;j
RS;bcainc992j;p23p100;1999;2.4649134;992;j
RS;bcainc992j;p23p100;2000;2.4572566;992;j
RS;bcainc992j;p23p100;2001;2.455734;992;j
RS;bcainc992j;p23p100;2002;2.6111336;992;j
RS;bcainc992j;p23p100;2003;2.6996024;992;j
RS;bcainc992j;p23p100;2004;2.9035809;992;j
RS;bcainc992j;p23p100;2005;2.9688356;992;j
RS;bcainc992j;p23p100;2006;3.1835339;992;j
RS;bcainc992j;p23p100;2007;3.2540286;992;j
RS;bcainc992j;p23p100;2008;3.3857958;992;j
RS;bcainc992j;p23p100;2009;3.6767468;992;j
RS;bcainc992j;p23p100;2010;4.0802684;992;j
RS;bcainc992j;p23p100;2011;4.5546741;992;j
RS;bcainc992j;p23p100;2012;4.3945947;992;j
RS;bcainc992j;p23p100;2013;5.3578711;992;j
RS;bcainc992j;p23p100;2014;4.3747334;992;j
RS;bcainc992j;p23p100;2015;5.217834;992;j
RS;bcainc992j;p23p100;2016;5.2066731;992;j
RS;bcainc992j;p23p100;2017;5.2212634;992;j
RS;bcainc992j;p25p100;1990;2.7234969;992;j
RS;bcainc992j;p25p100;1991;2.6819313;992;j
RS;bcainc992j;p25p100;1992;2.6391504;992;j
RS;bcainc992j;p25p100;1993;2.5967429;992;j
RS;bcainc992j;p25p100;1994;2.5553694;992;j
RS;bcainc992j;p25p100;1995;2.5181921;992;j
RS;bcainc992j;p25p100;1996;2.4747293;992;j
RS;bcainc992j;p25p100;1997;2.4313807;992;j
RS;bcainc992j;p25p100;1998;2.3733604;992;j
RS;bcainc992j;p25p100;1999;2.3788021;992;j
RS;bcainc992j;p25p100;2000;2.379848;992;j
RS;bcainc992j;p25p100;2001;2.3798823;992;j
RS;bcainc992j;p25p100;2002;2.4946871;992;j
RS;bcainc992j;p25p100;2003;2.5728495;992;j
RS;bcainc992j;p25p100;2004;2.7182133;992;j
RS;bcainc992j;p25p100;2005;2.7938426;992;j
RS;bcainc992j;p25p100;2006;2.9662189;992;j
RS;bcainc992j;p25p100;2007;3.0033739;992;j
RS;bcainc992j;p25p100;2008;3.1274848;992;j
RS;bcainc992j;p25p100;2009;3.3230784;992;j
RS;bcainc992j;p25p100;2010;3.6787043;992;j
RS;bcainc992j;p25p100;2011;4.0387006;992;j
RS;bcainc992j;p25p100;2012;3.9164777;992;j
RS;bcainc992j;p25p100;2013;4.7038016;992;j
RS;bcainc992j;p25p100;2014;3.9431295;992;j
RS;bcainc992j;p25p100;2015;4.5123253;992;j
RS;bcainc992j;p25p100;2016;4.5014811;992;j
RS;bcainc992j;p25p100;2017;4.5172319;992;j
RS;bcainc992j;p99.992p100;1990;2.1636643;992;j
RS;bcainc992j;p99.992p100;1991;2.1110499;992;j
RS;bcainc992j;p99.992p100;1992;2.0391533;992;j
RS;bcainc992j;p99.992p100;1993;1.9895865;992;j
RS;bcainc992j;p99.992p100;1994;1.9581624;992;j
RS;bcainc992j;p99.992p100;1995;1.931337;992;j
RS;bcainc992j;p99.992p100;1996;1.9040128;992;j
RS;bcainc992j;p99.992p100;1997;1.8748665;992;j
RS;bcainc992j;p99.992p100;1998;1.9044883;992;j
RS;bcainc992j;p99.992p100;1999;2.0232255;992;j
RS;bcainc992j;p99.992p100;2000;2.0148408;992;j
RS;bcainc992j;p99.992p100;2001;2.1124976;992;j
RS;bcainc992j;p99.992p100;2002;2.02879;992;j
RS;bcainc992j;p99.992p100;2003;2.0373313;992;j
RS;bcainc992j;p99.992p100;2004;2.0432022;992;j
RS;bcainc992j;p99.992p100;2005;2.0876558;992;j
RS;bcainc992j;p99.992p100;2006;1.9861577;992;j
RS;bcainc992j;p99.992p100;2007;1.891113;992;j
RS;bcainc992j;p99.992p100;2008;1.7940321;992;j
RS;bcainc992j;p99.992p100;2009;1.9193922;992;j
RS;bcainc992j;p99.992p100;2010;1.8577845;992;j
RS;bcainc992j;p99.992p100;2011;1.8216597;992;j
RS;bcainc992j;p99.992p100;2012;2.128448;992;j
RS;bcainc992j;p99.992p100;2013;1.9234388;992;j
RS;bcainc992j;p99.992p100;2014;2.5197325;992;j
RS;bcainc992j;p99.992p100;2015;3.0584841;992;j
RS;bcainc992j;p99.992p100;2016;3.0595243;992;j
RS;bcainc992j;p99.992p100;2017;3.0626016;992;j
RS;bdiinc992j;p12p100;1990;3.6473916;992;j
RS;bdiinc992j;p12p100;1991;3.6041193;992;j
RS;bdiinc992j;p12p100;1992;3.5473647;992;j
RS;bdiinc992j;p12p100;1993;3.4936929;992;j
RS;bdiinc992j;p12p100;1994;3.4399641;992;j
RS;bdiinc992j;p12p100;1995;3.4020808;992;j
RS;bdiinc992j;p12p100;1996;3.3333147;992;j
RS;bdiinc992j;p12p100;1997;3.2722816;992;j
RS;bdiinc992j;p12p100;1998;3.0997381;992;j
RS;bdiinc992j;p12p100;1999;3.1686375;992;j
RS;bdiinc992j;p12p100;2000;3.1972215;992;j
RS;bdiinc992j;p12p100;2001;3.2110741;992;j
RS;bdiinc992j;p12p100;2002;3.4985945;992;j
RS;bdiinc992j;p12p100;2003;3.7090292;992;j
RS;bdiinc992j;p12p100;2004;4.2376943;992;j
RS;bdiinc992j;p12p100;2005;4.6103663;992;j
RS;bdiinc992j;p12p100;2006;5.0497246;992;j
RS;bdiinc992j;p12p100;2007;5.360127;992;j
RS;bdiinc992j;p12p100;2008;5.5605397;992;j
RS;bdiinc992j;p12p100;2009;5.6617265;992;j
RS;bdiinc992j;p12p100;2010;6.3782129;992;j
RS;bdiinc992j;p12p100;2011;7.1935234;992;j
RS;bdiinc992j;p12p100;2012;7.7927995;992;j
RS;bdiinc992j;p12p100;2013;6.5804648;992;j
RS;bdiinc992j;p12p100;2014;4.6600642;992;j
RS;bdiinc992j;p12p100;2015;5.7131939;992;j
RS;bdiinc992j;p12p100;2016;6.0322294;992;j
RS;bdiinc992j;p12p100;2017;6.0742059;992;j
RS;bptinc992j;p30p100;1990;2.5423653;992;j
RS;bptinc992j;p30p100;1991;2.5366011;992;j
RS;bptinc992j;p30p100;1992;2.537101;992;j
RS;bptinc992j;p30p100;1993;2.530195;992;j
RS;bptinc992j;p30p100;1994;2.5287991;992;j
RS;bptinc992j;p30p100;1995;2.5304179;992;j
RS;bptinc992j;p30p100;1996;2.5259583;992;j
RS;bptinc992j;p30p100;1997;2.5251791;992;j
RS;bptinc992j;p30p100;1998;2.5228209;992;j
RS;bptinc992j;p30p100;1999;2.5409632;992;j
RS;bptinc992j;p30p100;2000;2.5758269;992;j
RS;bptinc992j;p30p100;2001;2.5828724;992;j
RS;bptinc992j;p30p100;2002;2.6606905;992;j
RS;bptinc992j;p30p100;2003;2.7559924;992;j
RS;bptinc992j;p30p100;2004;2.8718715;992;j
RS;bptinc992j;p30p100;2005;2.9839458;992;j
RS;bptinc992j;p30p100;2006;3.1267254;992;j
RS;bptinc992j;p30p100;2007;3.1328588;992;j
RS;bptinc992j;p30p100;2008;3.2499921;992;j
RS;bptinc992j;p30p100;2009;3.3557172;992;j
RS;bptinc992j;p30p100;2010;3.5228539;992;j
RS;bptinc992j;p30p100;2011;3.7796247;992;j
RS;bptinc992j;p30p100;2012;3.840395;992;j
RS;bptinc992j;p30p100;2013;3.8248644;992;j
RS;bptinc992j;p30p100;2014;4.0214305;992;j
RS;bptinc992j;p30p100;2015;3.7030113;992;j
RS;bptinc992j;p30p100;2016;3.7028518;992;j
RS;bptinc992j;p30p100;2017;3.7063396;992;j
RS;bptinc992j;p75p100;1990;1.6296402;992;j
RS;bptinc992j;p75p100;1991;1.6396322;992;j
RS;bptinc992j;p75p100;1992;1.6486139;992;j
RS;bptinc992j;p75p100;1993;1.6582708;992;j
RS;bptinc992j;p75p100;1994;1.6681454;992;j
RS;bptinc992j;p75p100;1995;1.6778535;992;j
RS;bptinc992j;p75p100;1996;1.6828179;992;j
RS;bptinc992j;p75p100;1997;1.6887614;992;j
RS;bptinc992j;p75p100;1998;1.7007385;992;j
RS;bptinc992j;p75p100;1999;1.7270302;992;j
RS;bptinc992j;p75p100;2000;1.7700638;992;j
RS;bptinc992j;p75p100;2001;1.7923048;992;j
RS;bptinc992j;p75p100;2002;1.8011;992;j
RS;bptinc992j;p75p100;2003;1.8114487;992;j
RS;bptinc992j;p75p100;2004;1.8484695;992;j
RS;bptinc992j;p75p100;2005;1.8811893;992;j
RS;bptinc992j;p75p100;2006;1.8845916;992;j
RS;bptinc992j;p75p100;2007;1.8400123;992;j
RS;bptinc992j;p75p100;2008;1.8512805;992;j
RS;bptinc992j;p75p100;2009;1.8631414;992;j
RS;bptinc992j;p75p100;2010;1.9175364;992;j
RS;bptinc992j;p75p100;2011;1.9587531;992;j
RS;bptinc992j;p75p100;2012;1.9196825;992;j
RS;bptinc992j;p75p100;2013;1.8987921;992;j
RS;bptinc992j;p75p100;2014;1.9798506;992;j
RS;bptinc992j;p75p100;2015;1.9781562;992;j
RS;bptinc992j;p75p100;2016;1.9795249;992;j
RS;bptinc992j;p75p100;2017;1.9810623;992;j
RS;mprpnp999i;p0p100;1997;-2118594.0;999;i
RS;mprpnp999i;p0p100;1998;339821056.0;999;i
RS;mprpnp999i;p0p100;1999;-22750100.0;999;i
RS;mprpnp999i;p0p100;2000;-18375034.0;999;i
RS;mprpnp999i;p0p100;2001;93518248.0;999;i
RS;mprpnp999i;p0p100;2002;-7946971.0;999;i
RS;mprpnp999i;p0p100;2003;-1190281.0;999;i
RS;mprpnp999i;p0p100;2004;0.0;999;i
RS;mprpnp999i;p0p100;2005;289863264.0;999;i
RS;mprpnp999i;p0p100;2006;620670016.0;999;i
RS;mprpnp999i;p0p100;2007;742256960.0;999;i
RS;mprpnp999i;p0p100;2008;879694912.0;999;i
RS;mprpnp999i;p0p100;2009;870308352.0;999;i
RS;mprpnp999i;p0p100;2010;758580992.0;999;i
RS;mprpnp999i;p0p100;2011;729427392.0;999;i
RS;npopul751i;p0p100;1950;111816.0;751;i
RS;npopul751i;p0p100;1951;110479.0;751;i
RS;npopul751i;p0p100;1952;108037.0;751;i
RS;npopul751i;p0p100;1953;104999.0;751;i
RS;npopul751i;p0p100;1954;101966.0;751;i
RS;npopul751i;p0p100;1955;99254.0;751;i
RS;npopul751i;p0p100;1956;97319.0;751;i
RS;npopul751i;p0p100;1957;94793.0;751;i
RS;npopul751i;p0p100;1958;92540.0;751;i
RS;npopul751i;p0p100;1959;91521.0;751;i
RS;npopul751i;p0p100;1960;92119.0;751;i
RS;npopul751i;p0p100;1961;94734.0;751;i
RS;npopul751i;p0p100;1962;98286.0;751;i
RS;npopul751i;p0p100;1963;101727.0;751;i
RS;npopul751i;p0p100;1964;103601.0;751;i
RS;npopul751i;p0p100;1965;103465.0;751;i
RS;npopul751i;p0p100;1966;101467.0;751;i
RS;npopul751i;p0p100;1967;97766.0;751;i
RS;npopul751i;p0p100;1968;94706.0;751;i
RS;npopul751i;p0p100;1969;95048.0;751;i
RS;npopul751i;p0p100;1970;99890.0;751;i
RS;npopul751i;p0p100;1971;107799.0;751;i
RS;npopul751i;p0p100;1972;118204.0;751;i
RS;npopul751i;p0p100;1973;129312.0;751;i
RS;npopul751i;p0p100;1974;139114.0;751;i
RS;npopul751i;p0p100;1975;146957.0;751;i
RS;npopul751i;p0p100;1976;152492.0;751;i
RS;npopul751i;p0p100;1977;156338.0;751;i
RS;npopul751i;p0p100;1978;159705.0;751;i
RS;npopul751i;p0p100;1979;163900.0;751;i
RS;npopul751i;p0p100;1980;169435.0;751;i
RS;npopul751i;p0p100;1981;174799.0;751;i
RS;npopul751i;p0p100;1982;180666.0;751;i
RS;npopul751i;p0p100;1983;185934.0;751;i
RS;npopul751i;p0p100;1984;188975.0;751;i
RS;npopul751i;p0p100;1985;189187.0;751;i
RS;npopul751i;p0p100;1986;186319.0;751;i
RS;npopul751i;p0p100;1987;182244.0;751;i
RS;npopul751i;p0p100;1988;177373.0;751;i
RS;npopul751i;p0p100;1989;171354.0;751;i
RS;npopul751i;p0p100;1990;164096.0;751;i
RS;npopul751i;p0p100;1991;154502.0;751;i
RS;npopul751i;p0p100;1992;142854.0;751;i
RS;npopul751i;p0p100;1993;133549.0;751;i
RS;npopul751i;p0p100;1994;132333.0;751;i
RS;npopul751i;p0p100;1995;141506.0;751;i
RS;npopul751i;p0p100;1996;157901.0;751;i
RS;npopul751i;p0p100;1997;180007.0;751;i
RS;npopul751i;p0p100;1998;203955.0;751;i
RS;npopul751i;p0p100;1999;177744.0;751;i
RS;npopul751i;p0p100;2000;193746.0;751;i
RS;npopul751i;p0p100;2001;205487.0;751;i
RS;npopul751i;p0p100;2002;215726.0;751;i
RS;npopul751i;p0p100;2003;224133.0;751;i
RS;npopul751i;p0p100;2004;231307.0;751;i
RS;npopul751i;p0p100;2005;237098.0;751;i
RS;npopul751i;p0p100;2006;241522.0;751;i
RS;npopul751i;p0p100;2007;245134.0;751;i
RS;npopul751i;p0p100;2008;248352.0;751;i
RS;npopul751i;p0p100;2009;251335.0;751;i
RS;npopul751i;p0p100;2010;253921.0;751;i
RS;npopul751i;p0p100;2011;253092.0;751;i
RS;npopul751i;p0p100;2012;253245.0;751;i
RS;npopul751i;p0p100;2013;253084.0;751;i
RS;npopul751i;p0p100;2014;251313.0;751;i
RS;npopul751i;p0p100;2015;247380.0;751;i
RS;npopul751i;p0p100;2016;235628.0;751;i
RS;npopul751i;p0p100;2017;222013.0;751;i
RS;npopul751i;p0p100;2018;210246.0;751;i
RS;npopul751i;p0p100;2019;206020.0;751;i
RS;scainc992j;p29p100;1990;0.91680002;992;j
RS;scainc992j;p29p100;1991;0.91570002;992;j
RS;scainc992j;p29p100;1992;0.9145;992;j
RS;scainc992j;p29p100;1993;0.91329998;992;j
RS;scainc992j;p29p100;1994;0.91210002;992;j
RS;scainc992j;p29p100;1995;0.9109;992;j
RS;scainc992j;p29p100;1996;0.90960002;992;j
RS;scainc992j;p29p100;1997;0.90829998;992;j
RS;scainc992j;p29p100;1998;0.90310001;992;j
RS;scainc992j;p29p100;1999;0.90289998;992;j
RS;scainc992j;p29p100;2000;0.9048;992;j
RS;scainc992j;p29p100;2001;0.90560001;992;j
RS;scainc992j;p29p100;2002;0.91509998;992;j
RS;scainc992j;p29p100;2003;0.917;992;j
RS;scainc992j;p29p100;2004;0.92500001;992;j
RS;scainc992j;p29p100;2005;0.92769998;992;j
RS;scainc992j;p29p100;2006;0.93379998;992;j
RS;scainc992j;p29p100;2007;0.93699998;992;j
RS;scainc992j;p29p100;2008;0.93959999;992;j
RS;scainc992j;p29p100;2009;0.94209999;992;j
RS;scainc992j;p29p100;2010;0.94840002;992;j
RS;scainc992j;p29p100;2011;0.95420003;992;j
RS;scainc992j;p29p100;2012;0.95520002;992;j
RS;scainc992j;p29p100;2013;0.95609999;992;j
RS;scainc992j;p29p100;2014;0.93739998;992;j
RS;scainc992j;p29p100;2015;0.95029998;992;j
RS;scainc992j;p29p100;2016;0.95029998;992;j
RS;scainc992j;p29p100;2017;0.95029998;992;j
RS;scainc992j;p53p54;1990;0.0088;992;j
RS;scainc992j;p53p54;1991;0.0088999998;992;j
RS;scainc992j;p53p54;1992;0.0088999998;992;j
RS;scainc992j;p53p54;1993;0.0088999998;992;j
RS;scainc992j;p53p54;1994;0.0088999998;992;j
RS;scainc992j;p53p54;1995;0.0088999998;992;j
RS;scainc992j;p53p54;1996;0.0088999998;992;j
RS;scainc992j;p53p54;1997;0.0088999998;992;j
RS;scainc992j;p53p54;1998;0.0088;992;j
RS;scainc992j;p53p54;1999;0.0087000001;992;j
RS;scainc992j;p53p54;2000;0.0087000001;992;j
RS;scainc992j;p53p54;2001;0.0087000001;992;j
RS;scainc992j;p53p54;2002;0.0086000003;992;j
RS;scainc992j;p53p54;2003;0.0086000003;992;j
RS;scainc992j;p53p54;2004;0.0085000005;992;j
RS;scainc992j;p53p54;2005;0.0083999997;992;j
RS;scainc992j;p53p54;2006;0.0082999999;992;j
RS;scainc992j;p53p54;2007;0.0083999997;992;j
RS;scainc992j;p53p54;2008;0.0082999999;992;j
RS;scainc992j;p53p54;2009;0.0082;992;j
RS;scainc992j;p53p54;2010;0.0081000002;992;j
RS;scainc992j;p53p54;2011;0.0080000004;992;j
RS;scainc992j;p53p54;2012;0.0080000004;992;j
RS;scainc992j;p53p54;2013;0.0078999996;992;j
RS;scainc992j;p53p54;2014;0.0077999998;992;j
RS;scainc992j;p53p54;2015;0.0076000001;992;j
RS;scainc992j;p53p54;2016;0.0076000001;992;j
RS;scainc992j;p53p54;2017;0.0076000001;992;j
RS;scainc992j;p5p6;1990;0.0014;992;j
RS;scainc992j;p5p6;1991;0.0014;992;j
RS;scainc992j;p5p6;1992;0.0014;992;j
RS;scainc992j;p5p6;1993;0.0014;992;j
RS;scainc992j;p5p6;1994;0.0015;992;j
RS;scainc992j;p5p6;1995;0.0015;992;j
RS;scainc992j;p5p6;1996;0.0015;992;j
RS;scainc992j;p5p6;1997;0.0016;992;j
RS;scainc992j;p5p6;1998;0.0017;992;j
RS;scainc992j;p5p6;1999;0.0017;992;j
RS;scainc992j;p5p6;2000;0.0016;992;j
RS;scainc992j;p5p6;2001;0.0016;992;j
RS;scainc992j;p5p6;2002;0.0012000001;992;j
RS;scainc992j;p5p6;2003;0.0012000001;992;j
RS;scainc992j;p5p6;2004;0.001;992;j
RS;scainc992j;p5p6;2005;0.0009;992;j
RS;scainc992j;p5p6;2006;0.0007;992;j
RS;scainc992j;p5p6;2007;0.0006;992;j
RS;scainc992j;p5p6;2008;0.0006;992;j
RS;scainc992j;p5p6;2009;0.0006;992;j
RS;scainc992j;p5p6;2010;0.0006;992;j
RS;scainc992j;p5p6;2011;0.0005;992;j
RS;scainc992j;p5p6;2012;0.0004;992;j
RS;scainc992j;p5p6;2013;0.0008;992;j
RS;scainc992j;p5p6;2014;0.0015;992;j
RS;scainc992j;p5p6;2015;0.001;992;j
RS;scainc992j;p5p6;2016;0.001;992;j
RS;scainc992j;p5p6;2017;0.001;992;j
RS;scainc992j;p99.8p99.9;1990;0.0099999998;992;j
RS;scainc992j;p99.8p99.9;1991;0.0098999999;992;j
RS;scainc992j;p99.8p99.9;1992;0.0097000003;992;j
RS;scainc992j;p99.8p99.9;1993;0.0097000003;992;j
RS;scainc992j;p99.8p99.9;1994;0.0096000005;992;j
RS;scainc992j;p99.8p99.9;1995;0.0096000005;992;j
RS;scainc992j;p99.8p99.9;1996;0.0093999999;992;j
RS;scainc992j;p99.8p99.9;1997;0.0093;992;j
RS;scainc992j;p99.8p99.9;1998;0.0096000005;992;j
RS;scainc992j;p99.8p99.9;1999;0.0102;992;j
RS;scainc992j;p99.8p99.9;2000;0.0109;992;j
RS;scainc992j;p99.8p99.9;2001;0.0115;992;j
RS;scainc992j;p99.8p99.9;2002;0.0117;992;j
RS;scainc992j;p99.8p99.9;2003;0.0116;992;j
RS;scainc992j;p99.8p99.9;2004;0.0117;992;j
RS;scainc992j;p99.8p99.9;2005;0.0122;992;j
RS;scainc992j;p99.8p99.9;2006;0.0123;992;j
RS;scainc992j;p99.8p99.9;2007;0.0119;992;j
RS;scainc992j;p99.8p99.9;2008;0.0117;992;j
RS;scainc992j;p99.8p99.9;2009;0.0125;992;j
RS;scainc992j;p99.8p99.9;2010;0.0127;992;j
RS;scainc992j;p99.8p99.9;2011;0.0129;992;j
RS;scainc992j;p99.8p99.9;2012;0.0145;992;j
RS;scainc992j;p99.8p99.9;2013;0.0135;992;j
RS;scainc992j;p99.8p99.9;2014;0.0154;992;j
RS;scainc992j;p99.8p99.9;2015;0.017999999;992;j
RS;scainc992j;p99.8p99.9;2016;0.017999999;992;j
RS;scainc992j;p99.8p99.9;2017;0.017999999;992;j
RS;sdiinc992j;p39p40;1990;0.0071;992;j
RS;sdiinc992j;p39p40;1991;0.0071;992;j
RS;sdiinc992j;p39p40;1992;0.0071999999;992;j
RS;sdiinc992j;p39p40;1993;0.0071999999;992;j
RS;sdiinc992j;p39p40;1994;0.0071999999;992;j
RS;sdiinc992j;p39p40;1995;0.0071999999;992;j
RS;sdiinc992j;p39p40;1996;0.0071999999;992;j
RS;sdiinc992j;p39p40;1997;0.0071999999;992;j
RS;sdiinc992j;p39p40;1998;0.0070000002;992;j
RS;sdiinc992j;p39p40;1999;0.0070000002;992;j
RS;sdiinc992j;p39p40;2000;0.0068999999;992;j
RS;sdiinc992j;p39p40;2001;0.0068999999;992;j
RS;sdiinc992j;p39p40;2002;0.0068999999;992;j
RS;sdiinc992j;p39p40;2003;0.0068000001;992;j
RS;sdiinc992j;p39p40;2004;0.0066999998;992;j
RS;sdiinc992j;p39p40;2005;0.0066;992;j
RS;sdiinc992j;p39p40;2006;0.0065000001;992;j
RS;sdiinc992j;p39p40;2007;0.0065000001;992;j
RS;sdiinc992j;p39p40;2008;0.0065000001;992;j
RS;sdiinc992j;p39p40;2009;0.0063999998;992;j
RS;sdiinc992j;p39p40;2010;0.0062000002;992;j
RS;sdiinc992j;p39p40;2011;0.0060999999;992;j
RS;sdiinc992j;p39p40;2012;0.0059000002;992;j
RS;sdiinc992j;p39p40;2013;0.0059000002;992;j
RS;sdiinc992j;p39p40;2014;0.0059000002;992;j
RS;sdiinc992j;p39p40;2015;0.0057999999;992;j
RS;sdiinc992j;p39p40;2016;0.0057999999;992;j
RS;sdiinc992j;p39p40;2017;0.0057999999;992;j
RS;sdiinc992j;p65p100;1990;0.61040002;992;j
RS;sdiinc992j;p65p100;1991;0.60860002;992;j
RS;sdiinc992j;p65p100;1992;0.60689998;992;j
RS;sdiinc992j;p65p100;1993;0.60540003;992;j
RS;sdiinc992j;p65p100;1994;0.60390002;992;j
RS;sdiinc992j;p65p100;1995;0.60250002;992;j
RS;sdiinc992j;p65p100;1996;0.60039997;992;j
RS;sdiinc992j;p65p100;1997;0.59789997;992;j
RS;sdiinc992j;p65p100;1998;0.60110003;992;j
RS;sdiinc992j;p65p100;1999;0.60549998;992;j
RS;sdiinc992j;p65p100;2000;0.60759997;992;j
RS;sdiinc992j;p65p100;2001;0.6092;992;j
RS;sdiinc992j;p65p100;2002;0.61680001;992;j
RS;sdiinc992j;p65p100;2003;0.61979997;992;j
RS;sdiinc992j;p65p100;2004;0.63010001;992;j
RS;sdiinc992j;p65p100;2005;0.63690001;992;j
RS;sdiinc992j;p65p100;2006;0.64499998;992;j
RS;sdiinc992j;p65p100;2007;0.64539999;992;j
RS;sdiinc992j;p65p100;2008;0.64920002;992;j
RS;sdiinc992j;p65p100;2009;0.65509999;992;j
RS;sdiinc992j;p65p100;2010;0.6656;992;j
RS;sdiinc992j;p65p100;2011;0.67619997;992;j
RS;sdiinc992j;p65p100;2012;0.67919999;992;j
RS;sdiinc992j;p65p100;2013;0.68159997;992;j
RS;sdiinc992j;p65p100;2014;0.66610003;992;j
RS;sdiinc992j;p65p100;2015;0.68330002;992;j
RS;sdiinc992j;p65p100;2016;0.6875;992;j
RS;sdiinc992j;p65p100;2017;0.68800002;992;j
RS;sdiinc992j;p86p87;1990;0.015699999;992;j
RS;sdiinc992j;p86p87;1991;0.0156;992;j
RS;sdiinc992j;p86p87;1992;0.0156;992;j
RS;sdiinc992j;p86p87;1993;0.0155;992;j
RS;sdiinc992j;p86p87;1994;0.0155;992;j
RS;sdiinc992j;p86p87;1995;0.0154;992;j
RS;sdiinc992j;p86p87;1996;0.0153;992;j
RS;sdiinc992j;p86p87;1997;0.0153;992;j
RS;sdiinc992j;p86p87;1998;0.0153;992;j
RS;sdiinc992j;p86p87;1999;0.0152;992;j
RS;sdiinc992j;p86p87;2000;0.0149;992;j
RS;sdiinc992j;p86p87;2001;0.0147;992;j
RS;sdiinc992j;p86p87;2002;0.0149;992;j
RS;sdiinc992j;p86p87;2003;0.0152;992;j
RS;sdiinc992j;p86p87;2004;0.0155;992;j
RS;sdiinc992j;p86p87;2005;0.0156;992;j
RS;sdiinc992j;p86p87;2006;0.015900001;992;j
RS;sdiinc992j;p86p87;2007;0.016100001;992;j
RS;sdiinc992j;p86p87;2008;0.0162;992;j
RS;sdiinc992j;p86p87;2009;0.0163;992;j
RS;sdiinc992j;p86p87;2010;0.0164;992;j
RS;sdiinc992j;p86p87;2011;0.0167;992;j
RS;sdiinc992j;p86p87;2012;0.0165;992;j
RS;sdiinc992j;p86p87;2013;0.016799999;992;j
RS;sdiinc992j;p86p87;2014;0.015699999;992;j
RS;sdiinc992j;p86p87;2015;0.0156;992;j
RS;sdiinc992j;p86p87;2016;0.0156;992;j
RS;sdiinc992j;p86p87;2017;0.0156;992;j
RS;sptinc992j;p13p14;1990;0.0026;992;j
RS;sptinc992j;p13p14;1991;0.0026;992;j
RS;sptinc992j;p13p14;1992;0.0026;992;j
RS;sptinc992j;p13p14;1993;0.0026;992;j
RS;sptinc992j;p13p14;1994;0.0026;992;j
RS;sptinc992j;p13p14;1995;0.0026;992;j
RS;sptinc992j;p13p14;1996;0.0026;992;j
RS;sptinc992j;p13p14;1997;0.0026;992;j
RS;sptinc992j;p13p14;1998;0.0027000001;992;j
RS;sptinc992j;p13p14;1999;0.0027000001;992;j
RS;sptinc992j;p13p14;2000;0.0027000001;992;j
RS;sptinc992j;p13p14;2001;0.0027000001;992;j
RS;sptinc992j;p13p14;2002;0.0024000001;992;j
RS;sptinc992j;p13p14;2003;0.0023000001;992;j
RS;sptinc992j;p13p14;2004;0.0020999999;992;j
RS;sptinc992j;p13p14;2005;0.0019;992;j
RS;sptinc992j;p13p14;2006;0.0017;992;j
RS;sptinc992j;p13p14;2007;0.0015;992;j
RS;sptinc992j;p13p14;2008;0.0013;992;j
RS;sptinc992j;p13p14;2009;0.0011;992;j
RS;sptinc992j;p13p14;2010;0.001;992;j
RS;sptinc992j;p13p14;2011;0.0008;992;j
RS;sptinc992j;p13p14;2012;0.0008;992;j
RS;sptinc992j;p13p14;2013;0.0007;992;j
RS;sptinc992j;p13p14;2014;0.0007;992;j
RS;sptinc992j;p13p14;2015;0.0007;992;j
RS;sptinc992j;p13p14;2016;0.0007;992;j
RS;sptinc992j;p13p14;2017;0.0007;992;j
RS;sptinc992j;p19p100;1990;0.96359998;992;j
RS;sptinc992j;p19p100;1991;0.96340001;992;j
RS;sptinc992j;p19p100;1992;0.96329999;992;j
RS;sptinc992j;p19p100;1993;0.96319997;992;j
RS;sptinc992j;p19p100;1994;0.96319997;992;j
RS;sptinc992j;p19p100;1995;0.96310002;992;j
RS;sptinc992j;p19p100;1996;0.963;992;j
RS;sptinc992j;p19p100;1997;0.96289998;992;j
RS;sptinc992j;p19p100;1998;0.95990002;992;j
RS;sptinc992j;p19p100;1999;0.95950001;992;j
RS;sptinc992j;p19p100;2000;0.96030003;992;j
RS;sptinc992j;p19p100;2001;0.95990002;992;j
RS;sptinc992j;p19p100;2002;0.96520001;992;j
RS;sptinc992j;p19p100;2003;0.96679997;992;j
RS;sptinc992j;p19p100;2004;0.96969998;992;j
RS;sptinc992j;p19p100;2005;0.97219998;992;j
RS;sptinc992j;p19p100;2006;0.9756;992;j
RS;sptinc992j;p19p100;2007;0.97829998;992;j
RS;sptinc992j;p19p100;2008;0.98150003;992;j
RS;sptinc992j;p19p100;2009;0.9835;992;j
RS;sptinc992j;p19p100;2010;0.98500001;992;j
RS;sptinc992j;p19p100;2011;0.98750001;992;j
RS;sptinc992j;p19p100;2012;0.98830003;992;j
RS;sptinc992j;p19p100;2013;0.98979998;992;j
RS;sptinc992j;p19p100;2014;0.98989999;992;j
RS;sptinc992j;p19p100;2015;0.9896;992;j
RS;sptinc992j;p19p100;2016;0.9896;992;j
RS;sptinc992j;p19p100;2017;0.98970002;992;j
RS;sptinc992j;p28p100;1990;0.9278;992;j
RS;sptinc992j;p28p100;1991;0.9278;992;j
RS;sptinc992j;p28p100;1992;0.9278;992;j
RS;sptinc992j;p28p100;1993;0.9278;992;j
RS;sptinc992j;p28p100;1994;0.92790002;992;j
RS;sptinc992j;p28p100;1995;0.92790002;992;j
RS;sptinc992j;p28p100;1996;0.9278;992;j
RS;sptinc992j;p28p100;1997;0.92790002;992;j
RS;sptinc992j;p28p100;1998;0.92369998;992;j
RS;sptinc992j;p28p100;1999;0.9235;992;j
RS;sptinc992j;p28p100;2000;0.92500001;992;j
RS;sptinc992j;p28p100;2001;0.9249;992;j
RS;sptinc992j;p28p100;2002;0.9321;992;j
RS;sptinc992j;p28p100;2003;0.93449998;992;j
RS;sptinc992j;p28p100;2004;0.93910003;992;j
RS;sptinc992j;p28p100;2005;0.94300002;992;j
RS;sptinc992j;p28p100;2006;0.94800001;992;j
RS;sptinc992j;p28p100;2007;0.9515;992;j
RS;sptinc992j;p28p100;2008;0.9562;992;j
RS;sptinc992j;p28p100;2009;0.9594;992;j
RS;sptinc992j;p28p100;2010;0.96259999;992;j
RS;sptinc992j;p28p100;2011;0.96749997;992;j
RS;sptinc992j;p28p100;2012;0.96960002;992;j
RS;sptinc992j;p28p100;2013;0.97130001;992;j
RS;sptinc992j;p28p100;2014;0.97219998;992;j
RS;sptinc992j;p28p100;2015;0.97070003;992;j
RS;sptinc992j;p28p100;2016;0.97070003;992;j
RS;sptinc992j;p28p100;2017;0.97079998;992;j
RS;sptinc992j;p8p100;1990;0.99110001;992;j
RS;sptinc992j;p8p100;1991;0.991;992;j
RS;sptinc992j;p8p100;1992;0.991;992;j
RS;sptinc992j;p8p100;1993;0.99089998;992;j
RS;sptinc992j;p8p100;1994;0.99080002;992;j
RS;sptinc992j;p8p100;1995;0.99070001;992;j
RS;sptinc992j;p8p100;1996;0.99070001;992;j
RS;sptinc992j;p8p100;1997;0.99070001;992;j
RS;sptinc992j;p8p100;1998;0.98970002;992;j
RS;sptinc992j;p8p100;1999;0.98949999;992;j
RS;sptinc992j;p8p100;2000;0.98970002;992;j
RS;sptinc992j;p8p100;2001;0.9896;992;j
RS;sptinc992j;p8p100;2002;0.99150002;992;j
RS;sptinc992j;p8p100;2003;0.99190003;992;j
RS;sptinc992j;p8p100;2004;0.99260002;992;j
RS;sptinc992j;p8p100;2005;0.9932;992;j
RS;sptinc992j;p8p100;2006;0.99409997;992;j
RS;sptinc992j;p8p100;2007;0.99470001;992;j
RS;sptinc992j;p8p100;2008;0.99550003;992;j
RS;sptinc992j;p8p100;2009;0.99610001;992;j
RS;sptinc992j;p8p100;2010;0.99620003;992;j
RS;sptinc992j;p8p100;2011;0.99680001;992;j
RS;sptinc992j;p8p100;2012;0.99690002;992;j
RS;sptinc992j;p8p100;2013;0.9975;992;j
RS;sptinc992j;p8p100;2014;0.99739999;992;j
RS;sptinc992j;p8p100;2015;0.99739999;992;j
RS;sptinc992j;p8p100;2016;0.99739999;992;j
RS;sptinc992j;p8p100;2017;0.99739999;992;j
RS;sptinc992j;p96p100;1990;0.1779;992;j
RS;sptinc992j;p96p100;1991;0.17990001;992;j
RS;sptinc992j;p96p100;1992;0.18189999;992;j
RS;sptinc992j;p96p100;1993;0.1839;992;j
RS;sptinc992j;p96p100;1994;0.186;992;j
RS;sptinc992j;p96p100;1995;0.1881;992;j
RS;sptinc992j;p96p100;1996;0.1894;992;j
RS;sptinc992j;p96p100;1997;0.19069999;992;j
RS;sptinc992j;p96p100;1998;0.19239999;992;j
RS;sptinc992j;p96p100;1999;0.197;992;j
RS;sptinc992j;p96p100;2000;0.2054;992;j
RS;sptinc992j;p96p100;2001;0.2102;992;j
RS;sptinc992j;p96p100;2002;0.2131;992;j
RS;sptinc992j;p96p100;2003;0.2138;992;j
RS;sptinc992j;p96p100;2004;0.22;992;j
RS;sptinc992j;p96p100;2005;0.22310001;992;j
RS;sptinc992j;p96p100;2006;0.2256;992;j
RS;sptinc992j;p96p100;2007;0.2184;992;j
RS;sptinc992j;p96p100;2008;0.2208;992;j
RS;sptinc992j;p96p100;2009;0.2228;992;j
RS;sptinc992j;p96p100;2010;0.23;992;j
RS;sptinc992j;p96p100;2011;0.2368;992;j
RS;sptinc992j;p96p100;2012;0.2315;992;j
RS;sptinc992j;p96p100;2013;0.2296;992;j
RS;sptinc992j;p96p100;2014;0.25029999;992;j
RS;sptinc992j;p96p100;2015;0.2439;992;j
RS;sptinc992j;p96p100;2016;0.2441;992;j
RS;sptinc992j;p96p100;2017;0.24439999;992;j
RS;tcainc992j;p62p63;1990;528573.81;992;j
RS;tcainc992j;p62p63;1991;459514.09;992;j
RS;tcainc992j;p62p63;1992;314771.59;992;j
RS;tcainc992j;p62p63;1993;203943.91;992;j
RS;tcainc992j;p62p63;1994;209593.09;992;j
RS;tcainc992j;p62p63;1995;220834.09;992;j
RS;tcainc992j;p62p63;1996;222695.41;992;j
RS;tcainc992j;p62p63;1997;234995.5;992;j
RS;tcainc992j;p62p63;1998;256440.5;992;j
RS;tcainc992j;p62p63;1999;290562.91;992;j
RS;tcainc992j;p62p63;2000;310211.81;992;j
RS;tcainc992j;p62p63;2001;300133.59;992;j
RS;tcainc992j;p62p63;2002;313729.59;992;j
RS;tcainc992j;p62p63;2003;331814.69;992;j
RS;tcainc992j;p62p63;2004;395023.81;992;j
RS;tcainc992j;p62p63;2005;446004.81;992;j
RS;tcainc992j;p62p63;2006;470094.81;992;j
RS;tcainc992j;p62p63;2007;471869.19;992;j
RS;tcainc992j;p62p63;2008;504776.41;992;j
RS;tcainc992j;p62p63;2009;497048.0;992;j
RS;tcainc992j;p62p63;2010;493433.09;992;j
RS;tcainc992j;p62p63;2011;495170.41;992;j
RS;tcainc992j;p62p63;2012;491481.31;992;j
RS;tcainc992j;p62p63;2013;510161.31;992;j
RS;tcainc992j;p62p63;2014;490476.31;992;j
RS;tcainc992j;p62p63;2015;475015.19;992;j
RS;tcainc992j;p62p63;2016;492633.91;992;j
RS;tcainc992j;p62p63;2017;492896.5;992;j
RS;tcainc992j;p64p100;1990;548996.19;992;j
RS;tcainc992j;p64p100;1991;477036.19;992;j
RS;tcainc992j;p64p100;1992;326391.91;992;j
RS;tcainc992j;p64p100;1993;211215.5;992;j
RS;tcainc992j;p64p100;1994;217104.8;992;j
RS;tcainc992j;p64p100;1995;228784.59;992;j
RS;tcainc992j;p64p100;1996;230526.91;992;j
RS;tcainc992j;p64p100;1997;243197.2;992;j
RS;tcainc992j;p64p100;1998;265356.69;992;j
RS;tcainc992j;p64p100;1999;299802.0;992;j
RS;tcainc992j;p64p100;2000;320025.81;992;j
RS;tcainc992j;p64p100;2001;311147.0;992;j
RS;tcainc992j;p64p100;2002;327537.5;992;j
RS;tcainc992j;p64p100;2003;345344.59;992;j
RS;tcainc992j;p64p100;2004;412568.59;992;j
RS;tcainc992j;p64p100;2005;464037.81;992;j
RS;tcainc992j;p64p100;2006;489673.41;992;j
RS;tcainc992j;p64p100;2007;492988.41;992;j
RS;tcainc992j;p64p100;2008;527157.81;992;j
RS;tcainc992j;p64p100;2009;517600.59;992;j
RS;tcainc992j;p64p100;2010;516142.0;992;j
RS;tcainc992j;p64p100;2011;518587.41;992;j
RS;tcainc992j;p64p100;2012;514545.91;992;j
RS;tcainc992j;p64p100;2013;534946.19;992;j
RS;tcainc992j;p64p100;2014;509886.59;992;j
RS;tcainc992j;p64p100;2015;496244.31;992;j
RS;tcainc992j;p64p100;2016;514762.0;992;j
RS;tcainc992j;p64p100;2017;515032.5;992;j
RS;tcainc992j;p93p94;1990;1015009.8;992;j
RS;tcainc992j;p93p94;1991;880916.31;992;j
RS;tcainc992j;p93p94;1992;603324.38;992;j
RS;tcainc992j;p93p94;1993;390578.81;992;j
RS;tcainc992j;p93p94;1994;401533.0;992;j
RS;tcainc992j;p93p94;1995;422920.59;992;j
RS;tcainc992j;p93p94;1996;425449.91;992;j
RS;tcainc992j;p93p94;1997;447975.91;992;j
RS;tcainc992j;p93p94;1998;492800.31;992;j
RS;tcainc992j;p93p94;1999;559817.63;992;j
RS;tcainc992j;p93p94;2000;608544.81;992;j
RS;tcainc992j;p93p94;2001;591994.0;992;j
RS;tcainc992j;p93p94;2002;630432.69;992;j
RS;tcainc992j;p93p94;2003;673710.63;992;j
RS;tcainc992j;p93p94;2004;825817.63;992;j
RS;tcainc992j;p93p94;2005;953941.88;992;j
RS;tcainc992j;p93p94;2006;1026024.3;992;j
RS;tcainc992j;p93p94;2007;1037140.1;992;j
RS;tcainc992j;p93p94;2008;1125033.1;992;j
RS;tcainc992j;p93p94;2009;1112241.5;992;j
RS;tcainc992j;p93p94;2010;1151624.8;992;j
RS;tcainc992j;p93p94;2011;1191108.8;992;j
RS;tcainc992j;p93p94;2012;1148233.9;992;j
RS;tcainc992j;p93p94;2013;1197287.0;992;j
RS;tcainc992j;p93p94;2014;1097829.8;992;j
RS;tcainc992j;p93p94;2015;1085926.1;992;j
RS;tcainc992j;p93p94;2016;1126270.5;992;j
RS;tcainc992j;p93p94;2017;1127383.0;992;j
RS;tdiinc992j;p1p2;1990;114291.5;992;j
RS;tdiinc992j;p1p2;1991;96040.797;992;j
RS;tdiinc992j;p1p2;1992;62590.699;992;j
RS;tdiinc992j;p1p2;1993;38446.102;992;j
RS;tdiinc992j;p1p2;1994;36926.602;992;j
RS;tdiinc992j;p1p2;1995;35975.602;992;j
RS;tdiinc992j;p1p2;1996;33268.898;992;j
RS;tdiinc992j;p1p2;1997;32595.699;992;j
RS;tdiinc992j;p1p2;1998;31593.699;992;j
RS;tdiinc992j;p1p2;1999;33063.801;992;j
RS;tdiinc992j;p1p2;2000;35089.602;992;j
RS;tdiinc992j;p1p2;2001;35024.199;992;j
RS;tdiinc992j;p1p2;2002;34828.602;992;j
RS;tdiinc992j;p1p2;2003;43505.5;992;j
RS;tdiinc992j;p1p2;2004;48641.398;992;j
RS;tdiinc992j;p1p2;2005;54446.699;992;j
RS;tdiinc992j;p1p2;2006;57921.199;992;j
RS;tdiinc992j;p1p2;2007;61933.898;992;j
RS;tdiinc992j;p1p2;2008;70022.5;992;j
RS;tdiinc992j;p1p2;2009;71023.797;992;j
RS;tdiinc992j;p1p2;2010;71831.297;992;j
RS;tdiinc992j;p1p2;2011;66620.5;992;j
RS;tdiinc992j;p1p2;2012;64645.801;992;j
RS;tdiinc992j;p1p2;2013;90687.602;992;j
RS;tdiinc992j;p1p2;2014;136121.41;992;j
RS;tdiinc992j;p1p2;2015;109211.7;992;j
RS;tdiinc992j;p1p2;2016;105042.9;992;j
RS;tdiinc992j;p1p2;2017;104838.2;992;j
RS;tdiinc992j;p99.992p99.993;1990;30905778.0;992;j
RS;tdiinc992j;p99.992p99.993;1991;25624884.0;992;j
RS;tdiinc992j;p99.992p99.993;1992;16549404.0;992;j
RS;tdiinc992j;p99.992p99.993;1993;10352741.0;992;j
RS;tdiinc992j;p99.992p99.993;1994;10391435.0;992;j
RS;tdiinc992j;p99.992p99.993;1995;10731636.0;992;j
RS;tdiinc992j;p99.992p99.993;1996;10452988.0;992;j
RS;tdiinc992j;p99.992p99.993;1997;10662792.0;992;j
RS;tdiinc992j;p99.992p99.993;1998;11961991.0;992;j
RS;tdiinc992j;p99.992p99.993;1999;15457264.0;992;j
RS;tdiinc992j;p99.992p99.993;2000;18009996.0;992;j
RS;tdiinc992j;p99.992p99.993;2001;20108726.0;992;j
RS;tdiinc992j;p99.992p99.993;2002;20793004.0;992;j
RS;tdiinc992j;p99.992p99.993;2003;21644540.0;992;j
RS;tdiinc992j;p99.992p99.993;2004;24747440.0;992;j
RS;tdiinc992j;p99.992p99.993;2005;29458306.0;992;j
RS;tdiinc992j;p99.992p99.993;2006;29681850.0;992;j
RS;tdiinc992j;p99.992p99.993;2007;27314696.0;992;j
RS;tdiinc992j;p99.992p99.993;2008;26594194.0;992;j
RS;tdiinc992j;p99.992p99.993;2009;30702188.0;992;j
RS;tdiinc992j;p99.992p99.993;2010;29994372.0;992;j
RS;tdiinc992j;p99.992p99.993;2011;29984366.0;992;j
RS;tdiinc992j;p99.992p99.993;2012;41448572.0;992;j
RS;tdiinc992j;p99.992p99.993;2013;34351560.0;992;j
RS;tdiinc992j;p99.992p99.993;2014;53492668.0;992;j
RS;tdiinc992j;p99.992p99.993;2015;76809672.0;992;j
RS;tdiinc992j;p99.992p99.993;2016;80229640.0;992;j
RS;tdiinc992j;p99.992p99.993;2017;80915056.0;992;j
RS;tptinc992j;p23p100;1990;281891.31;992;j
RS;tptinc992j;p23p100;1991;244297.91;992;j
RS;tptinc992j;p23p100;1992;167031.5;992;j
RS;tptinc992j;p23p100;1993;107923.3;992;j
RS;tptinc992j;p23p100;1994;110985.7;992;j
RS;tptinc992j;p23p100;1995;116830.0;992;j
RS;tptinc992j;p23p100;1996;117580.6;992;j
RS;tptinc992j;p23p100;1997;124496.1;992;j
RS;tptinc992j;p23p100;1998;135423.5;992;j
RS;tptinc992j;p23p100;1999;146440.2;992;j
RS;tptinc992j;p23p100;2000;157390.41;992;j
RS;tptinc992j;p23p100;2001;156084.7;992;j
RS;tptinc992j;p23p100;2002;159445.0;992;j
RS;tptinc992j;p23p100;2003;162123.7;992;j
RS;tptinc992j;p23p100;2004;172374.09;992;j
RS;tptinc992j;p23p100;2005;183983.2;992;j
RS;tptinc992j;p23p100;2006;183875.3;992;j
RS;tptinc992j;p23p100;2007;185407.7;992;j
RS;tptinc992j;p23p100;2008;185011.09;992;j
RS;tptinc992j;p23p100;2009;171801.0;992;j
RS;tptinc992j;p23p100;2010;164650.0;992;j
RS;tptinc992j;p23p100;2011;142742.91;992;j
RS;tptinc992j;p23p100;2012;126085.8;992;j
RS;tptinc992j;p23p100;2013;134794.59;992;j
RS;tptinc992j;p23p100;2014;119542.5;992;j
RS;tptinc992j;p23p100;2015;129685.4;992;j
RS;tptinc992j;p23p100;2016;133766.41;992;j
RS;tptinc992j;p23p100;2017;134126.3;992;j
RS;tptinc992j;p35p36;1990;439194.5;992;j
RS;tptinc992j;p35p36;1991;379667.31;992;j
RS;tptinc992j;p35p36;1992;259027.3;992;j
RS;tptinc992j;p35p36;1993;167290.0;992;j
RS;tptinc992j;p35p36;1994;171922.3;992;j
RS;tptinc992j;p35p36;1995;180683.41;992;j
RS;tptinc992j;p35p36;1996;181720.8;992;j
RS;tptinc992j;p35p36;1997;192121.09;992;j
RS;tptinc992j;p35p36;1998;197848.91;992;j
RS;tptinc992j;p35p36;1999;216259.3;992;j
RS;tptinc992j;p35p36;2000;234866.7;992;j
RS;tptinc992j;p35p36;2001;232782.59;992;j
RS;tptinc992j;p35p36;2002;248218.09;992;j
RS;tptinc992j;p35p36;2003;257979.09;992;j
RS;tptinc992j;p35p36;2004;283969.81;992;j
RS;tptinc992j;p35p36;2005;308241.91;992;j
RS;tptinc992j;p35p36;2006;319784.5;992;j
RS;tptinc992j;p35p36;2007;334529.81;992;j
RS;tptinc992j;p35p36;2008;345849.69;992;j
RS;tptinc992j;p35p36;2009;331940.19;992;j
RS;tptinc992j;p35p36;2010;320242.91;992;j
RS;tptinc992j;p35p36;2011;307193.81;992;j
RS;tptinc992j;p35p36;2012;304904.59;992;j
RS;tptinc992j;p35p36;2013;313617.31;992;j
RS;tptinc992j;p35p36;2014;292113.81;992;j
RS;tptinc992j;p35p36;2015;311977.81;992;j
RS;tptinc992j;p35p36;2016;321538.09;992;j
RS;tptinc992j;p35p36;2017;323167.09;992;j
RS;tptinc992j;p49p100;1990;586840.13;992;j
RS;tptinc992j;p49p100;1991;507166.09;992;j
RS;tptinc992j;p49p100;1992;346346.91;992;j
RS;tptinc992j;p49p100;1993;223757.2;992;j
RS;tptinc992j;p49p100;1994;229511.0;992;j
RS;tptinc992j;p49p100;1995;241051.5;992;j
RS;tptinc992j;p49p100;1996;242250.59;992;j
RS;tptinc992j;p49p100;1997;256225.0;992;j
RS;tptinc992j;p49p100;1998;263854.31;992;j
RS;tptinc992j;p49p100;1999;287747.81;992;j
RS;tptinc992j;p49p100;2000;312804.81;992;j
RS;tptinc992j;p49p100;2001;309913.59;992;j
RS;tptinc992j;p49p100;2002;332235.19;992;j
RS;tptinc992j;p49p100;2003;345535.5;992;j
RS;tptinc992j;p49p100;2004;383985.41;992;j
RS;tptinc992j;p49p100;2005;421028.69;992;j
RS;tptinc992j;p49p100;2006;443907.09;992;j
RS;tptinc992j;p49p100;2007;459374.69;992;j
RS;tptinc992j;p49p100;2008;486819.69;992;j
RS;tptinc992j;p49p100;2009;479840.09;992;j
RS;tptinc992j;p49p100;2010;467669.69;992;j
RS;tptinc992j;p49p100;2011;463899.0;992;j
RS;tptinc992j;p49p100;2012;464439.31;992;j
RS;tptinc992j;p49p100;2013;481480.09;992;j
RS;tptinc992j;p49p100;2014;455434.19;992;j
RS;tptinc992j;p49p100;2015;472198.69;992;j
RS;tptinc992j;p49p100;2016;486776.91;992;j
RS;tptinc992j;p49p100;2017;489395.69;992;j
RS;tptinc992j;p53p100;1990;630554.69;992;j
RS;tptinc992j;p53p100;1991;545389.13;992;j
RS;tptinc992j;p53p100;1992;372123.09;992;j
RS;tptinc992j;p53p100;1993;240323.7;992;j
RS;tptinc992j;p53p100;1994;246432.59;992;j
RS;tptinc992j;p53p100;1995;258975.7;992;j
RS;tptinc992j;p53p100;1996;260527.09;992;j
RS;tptinc992j;p53p100;1997;275622.09;992;j
RS;tptinc992j;p53p100;1998;286529.69;992;j
RS;tptinc992j;p53p100;1999;313011.91;992;j
RS;tptinc992j;p53p100;2000;339442.09;992;j
RS;tptinc992j;p53p100;2001;337236.0;992;j
RS;tptinc992j;p53p100;2002;360001.0;992;j
RS;tptinc992j;p53p100;2003;378053.69;992;j
RS;tptinc992j;p53p100;2004;418173.41;992;j
RS;tptinc992j;p53p100;2005;460993.41;992;j
RS;tptinc992j;p53p100;2006;485844.19;992;j
RS;tptinc992j;p53p100;2007;504004.31;992;j
RS;tptinc992j;p53p100;2008;535350.63;992;j
RS;tptinc992j;p53p100;2009;524694.88;992;j
RS;tptinc992j;p53p100;2010;515193.31;992;j
RS;tptinc992j;p53p100;2011;510125.09;992;j
RS;tptinc992j;p53p100;2012;514717.81;992;j
RS;tptinc992j;p53p100;2013;535599.81;992;j
RS;tptinc992j;p53p100;2014;505844.0;992;j
RS;tptinc992j;p53p100;2015;520552.41;992;j
RS;tptinc992j;p53p100;2016;536407.63;992;j
RS;tptinc992j;p53p100;2017;539401.63;992;j
RS;tptinc992j;p86p100;1990;1186665.5;992;j
RS;tptinc992j;p86p100;1991;1026608.3;992;j
RS;tptinc992j;p86p100;1992;700368.38;992;j
RS;tptinc992j;p86p100;1993;452641.0;992;j
RS;tptinc992j;p86p100;1994;464653.91;992;j
RS;tptinc992j;p86p100;1995;489329.5;992;j
RS;tptinc992j;p86p100;1996;491970.5;992;j
RS;tptinc992j;p86p100;1997;519931.31;992;j
RS;tptinc992j;p86p100;1998;539425.38;992;j
RS;tptinc992j;p86p100;1999;586500.13;992;j
RS;tptinc992j;p86p100;2000;637309.5;992;j
RS;tptinc992j;p86p100;2001;630743.63;992;j
RS;tptinc992j;p86p100;2002;690094.5;992;j
RS;tptinc992j;p86p100;2003;726544.38;992;j
RS;tptinc992j;p86p100;2004;826903.19;992;j
RS;tptinc992j;p86p100;2005;937279.5;992;j
RS;tptinc992j;p86p100;2006;1002306.5;992;j
RS;tptinc992j;p86p100;2007;1056690.8;992;j
RS;tptinc992j;p86p100;2008;1142304.5;992;j
RS;tptinc992j;p86p100;2009;1130592.4;992;j
RS;tptinc992j;p86p100;2010;1137526.9;992;j
RS;tptinc992j;p86p100;2011;1155902.9;992;j
RS;tptinc992j;p86p100;2012;1169102.6;992;j
RS;tptinc992j;p86p100;2013;1207131.3;992;j
RS;tptinc992j;p86p100;2014;1149589.4;992;j
RS;tptinc992j;p86p100;2015;1155232.1;992;j
RS;tptinc992j;p86p100;2016;1190588.8;992;j
RS;tptinc992j;p86p100;2017;1197190.0;992;j
RS;acainc992j;p2p100;1990;527879.63;992;j
RS;acainc992j;p2p100;1991;458261.31;992;j
RS;acainc992j;p2p100;1992;313747.69;992;j
RS;acainc992j;p2p100;1993;203420.09;992;j
RS;acainc992j;p2p100;1994;209466.59;992;j
RS;acainc992j;p2p100;1995;221038.59;992;j
RS;acainc992j;p2p100;1996;222786.09;992;j
RS;acainc992j;p2p100;1997;235022.7;992;j
RS;acainc992j;p2p100;1998;257848.7;992;j
RS;acainc992j;p2p100;1999;294442.81;992;j
RS;acainc992j;p2p100;2000;319478.09;992;j
RS;acainc992j;p2p100;2001;311417.19;992;j
RS;acainc992j;p2p100;2002;325306.19;992;j
RS;acainc992j;p2p100;2003;342713.5;992;j
RS;acainc992j;p2p100;2004;409529.09;992;j
RS;acainc992j;p2p100;2005;466355.0;992;j
RS;acainc992j;p2p100;2006;491784.31;992;j
RS;acainc992j;p2p100;2007;491086.91;992;j
RS;acainc992j;p2p100;2008;526028.31;992;j
RS;acainc992j;p2p100;2009;520309.81;992;j
RS;acainc992j;p2p100;2010;522506.31;992;j
RS;acainc992j;p2p100;2011;527876.63;992;j
RS;acainc992j;p2p100;2012;527207.19;992;j
RS;acainc992j;p2p100;2013;539225.88;992;j
RS;acainc992j;p2p100;2014;528620.5;992;j
RS;acainc992j;p2p100;2015;534057.19;992;j
RS;acainc992j;p2p100;2016;553881.13;992;j
RS;acainc992j;p2p100;2017;554360.5;992;j
RS;acainc992j;p53p100;1990;823999.31;992;j
RS;acainc992j;p53p100;1991;713367.38;992;j
RS;acainc992j;p53p100;1992;487049.59;992;j
RS;acainc992j;p53p100;1993;314997.81;992;j
RS;acainc992j;p53p100;1994;323523.41;992;j
RS;acainc992j;p53p100;1995;340542.41;992;j
RS;acainc992j;p53p100;1996;342157.31;992;j
RS;acainc992j;p53p100;1997;359833.59;992;j
RS;acainc992j;p53p100;1998;394303.5;992;j
RS;acainc992j;p53p100;1999;450614.31;992;j
RS;acainc992j;p53p100;2000;490957.81;992;j
RS;acainc992j;p53p100;2001;479555.81;992;j
RS;acainc992j;p53p100;2002;508405.19;992;j
RS;acainc992j;p53p100;2003;538126.63;992;j
RS;acainc992j;p53p100;2004;651879.0;992;j
RS;acainc992j;p53p100;2005;748011.69;992;j
RS;acainc992j;p53p100;2006;797692.81;992;j
RS;acainc992j;p53p100;2007;800153.38;992;j
RS;acainc992j;p53p100;2008;861764.19;992;j
RS;acainc992j;p53p100;2009;857773.0;992;j
RS;acainc992j;p53p100;2010;873066.63;992;j
RS;acainc992j;p53p100;2011;892195.31;992;j
RS;acainc992j;p53p100;2012;894986.81;992;j
RS;acainc992j;p53p100;2013;919650.13;992;j
RS;acainc992j;p53p100;2014;881945.69;992;j
RS;acainc992j;p53p100;2015;908318.38;992;j
RS;acainc992j;p53p100;2016;941950.0;992;j
RS;acainc992j;p53p100;2017;942924.69;992;j
RS;acainc992j;p75p100;1990;1061490.0;992;j
RS;acainc992j;p75p100;1991;917341.38;992;j
RS;acainc992j;p75p100;1992;625736.5;992;j
RS;acainc992j;p75p100;1993;404530.5;992;j
RS;acainc992j;p75p100;1994;415261.09;992;j
RS;acainc992j;p75p100;1995;436896.41;992;j
RS;acainc992j;p75p100;1996;438294.31;992;j
RS;acainc992j;p75p100;1997;460211.5;992;j
RS;acainc992j;p75p100;1998;505707.41;992;j
RS;acainc992j;p75p100;1999;581310.88;992;j
RS;acainc992j;p75p100;2000;638083.88;992;j
RS;acainc992j;p75p100;2001;625894.31;992;j
RS;acainc992j;p75p100;2002;666336.38;992;j
RS;acainc992j;p75p100;2003;706533.88;992;j
RS;acainc992j;p75p100;2004;860380.13;992;j
RS;acainc992j;p75p100;2005;994338.0;992;j
RS;acainc992j;p75p100;2006;1065495.1;992;j
RS;acainc992j;p75p100;2007;1067155.4;992;j
RS;acainc992j;p75p100;2008;1151306.3;992;j
RS;acainc992j;p75p100;2009;1152602.8;992;j
RS;acainc992j;p75p100;2010;1182494.8;992;j
RS;acainc992j;p75p100;2011;1216396.8;992;j
RS;acainc992j;p75p100;2012;1224701.3;992;j
RS;acainc992j;p75p100;2013;1252843.6;992;j
RS;acainc992j;p75p100;2014;1206205.5;992;j
RS;acainc992j;p75p100;2015;1266126.6;992;j
RS;acainc992j;p75p100;2016;1313032.8;992;j
RS;acainc992j;p75p100;2017;1314547.0;992;j
RS;acainc992j;p82p100;1990;1194119.9;992;j
RS;acainc992j;p82p100;1991;1031578.7;992;j
RS;acainc992j;p82p100;1992;703426.88;992;j
RS;acainc992j;p82p100;1993;454826.69;992;j
RS;acainc992j;p82p100;1994;466920.31;992;j
RS;acainc992j;p82p100;1995;491309.19;992;j
RS;acainc992j;p82p100;1996;492586.31;992;j
RS;acainc992j;p82p100;1997;516905.0;992;j
RS;acainc992j;p82p100;1998;570296.31;992;j
RS;acainc992j;p82p100;1999;658192.81;992;j
RS;acainc992j;p82p100;2000;725737.0;992;j
RS;acainc992j;p82p100;2001;714378.0;992;j
RS;acainc992j;p82p100;2002;761054.13;992;j
RS;acainc992j;p82p100;2003;807646.81;992;j
RS;acainc992j;p82p100;2004;984885.88;992;j
RS;acainc992j;p82p100;2005;1141781.5;992;j
RS;acainc992j;p82p100;2006;1226945.4;992;j
RS;acainc992j;p82p100;2007;1226428.5;992;j
RS;acainc992j;p82p100;2008;1322533.0;992;j
RS;acainc992j;p82p100;2009;1328610.0;992;j
RS;acainc992j;p82p100;2010;1367403.5;992;j
RS;acainc992j;p82p100;2011;1410728.3;992;j
RS;acainc992j;p82p100;2012;1423356.0;992;j
RS;acainc992j;p82p100;2013;1448115.9;992;j
RS;acainc992j;p82p100;2014;1406945.4;992;j
RS;acainc992j;p82p100;2015;1494202.9;992;j
RS;acainc992j;p82p100;2016;1549595.5;992;j
RS;acainc992j;p82p100;2017;1551485.6;992;j
RS;acainc992j;p88p89;1990;880868.13;992;j
RS;acainc992j;p88p89;1991;761821.31;992;j
RS;acainc992j;p88p89;1992;519307.31;992;j
RS;acainc992j;p88p89;1993;334792.81;992;j
RS;acainc992j;p88p89;1994;342855.19;992;j
RS;acainc992j;p88p89;1995;359547.81;992;j
RS;acainc992j;p88p89;1996;360506.09;992;j
RS;acainc992j;p88p89;1997;378355.41;992;j
RS;acainc992j;p88p89;1998;415644.81;992;j
RS;acainc992j;p88p89;1999;469190.09;992;j
RS;acainc992j;p88p89;2000;503517.81;992;j
RS;acainc992j;p88p89;2001;487355.19;992;j
RS;acainc992j;p88p89;2002;514849.41;992;j
RS;acainc992j;p88p89;2003;556573.88;992;j
RS;acainc992j;p88p89;2004;683013.38;992;j
RS;acainc992j;p88p89;2005;787678.88;992;j
RS;acainc992j;p88p89;2006;839789.13;992;j
RS;acainc992j;p88p89;2007;852305.81;992;j
RS;acainc992j;p88p89;2008;917587.69;992;j
RS;acainc992j;p88p89;2009;913077.81;992;j
RS;acainc992j;p88p89;2010;933257.13;992;j
RS;acainc992j;p88p89;2011;957001.31;992;j
RS;acainc992j;p88p89;2012;940176.81;992;j
RS;acainc992j;p88p89;2013;977624.5;992;j
RS;acainc992j;p88p89;2014;906898.5;992;j
RS;acainc992j;p88p89;2015;892241.31;992;j
RS;acainc992j;p88p89;2016;925156.19;992;j
RS;acainc992j;p88p89;2017;925855.63;992;j
RS;acainc992j;p99.9p99.91;1990;6444841.0;992;j
RS;acainc992j;p99.9p99.91;1991;5484589.0;992;j
RS;acainc992j;p99.9p99.91;1992;3675989.5;992;j
RS;acainc992j;p99.9p99.91;1993;2360501.0;992;j
RS;acainc992j;p99.9p99.91;1994;2410570.3;992;j
RS;acainc992j;p99.9p99.91;1995;2527073.0;992;j
RS;acainc992j;p99.9p99.91;1996;2503298.0;992;j
RS;acainc992j;p99.9p99.91;1997;2593339.8;992;j
RS;acainc992j;p99.9p99.91;1998;2936351.3;992;j
RS;acainc992j;p99.9p99.91;1999;3636292.3;992;j
RS;acainc992j;p99.9p99.91;2000;4210602.5;992;j
RS;acainc992j;p99.9p99.91;2001;4357155.5;992;j
RS;acainc992j;p99.9p99.91;2002;4610550.0;992;j
RS;acainc992j;p99.9p99.91;2003;4805794.5;992;j
RS;acainc992j;p99.9p99.91;2004;5817491.0;992;j
RS;acainc992j;p99.9p99.91;2005;6892705.0;992;j
RS;acainc992j;p99.9p99.91;2006;7324110.5;992;j
RS;acainc992j;p99.9p99.91;2007;6967969.0;992;j
RS;acainc992j;p99.9p99.91;2008;7280865.0;992;j
RS;acainc992j;p99.9p99.91;2009;7774119.0;992;j
RS;acainc992j;p99.9p99.91;2010;7915863.5;992;j
RS;acainc992j;p99.9p99.91;2011;8122856.0;992;j
RS;acainc992j;p99.9p99.91;2012;9380036.0;992;j
RS;acainc992j;p99.9p99.91;2013;8727985.0;992;j
RS;acainc992j;p99.9p99.91;2014;10232581.0;992;j
RS;acainc992j;p99.9p99.91;2015;12448362.0;992;j
RS;acainc992j;p99.9p99.91;2016;12911265.0;992;j
RS;acainc992j;p99.9p99.91;2017;12931529.0;992;j
RS;adiinc992j;p23p24;1990;348864.81;992;j
RS;adiinc992j;p23p24;1991;306660.5;992;j
RS;adiinc992j;p23p24;1992;212810.5;992;j
RS;adiinc992j;p23p24;1993;139830.0;992;j
RS;adiinc992j;p23p24;1994;145857.09;992;j
RS;adiinc992j;p23p24;1995;155973.09;992;j
RS;adiinc992j;p23p24;1996;159547.2;992;j
RS;adiinc992j;p23p24;1997;171886.8;992;j
RS;adiinc992j;p23p24;1998;183427.09;992;j
RS;adiinc992j;p23p24;1999;198033.0;992;j
RS;adiinc992j;p23p24;2000;220283.0;992;j
RS;adiinc992j;p23p24;2001;220712.8;992;j
RS;adiinc992j;p23p24;2002;229626.7;992;j
RS;adiinc992j;p23p24;2003;234948.3;992;j
RS;adiinc992j;p23p24;2004;250622.3;992;j
RS;adiinc992j;p23p24;2005;273859.0;992;j
RS;adiinc992j;p23p24;2006;274673.09;992;j
RS;adiinc992j;p23p24;2007;281534.19;992;j
RS;adiinc992j;p23p24;2008;291391.31;992;j
RS;adiinc992j;p23p24;2009;268145.91;992;j
RS;adiinc992j;p23p24;2010;249204.5;992;j
RS;adiinc992j;p23p24;2011;229080.0;992;j
RS;adiinc992j;p23p24;2012;236983.8;992;j
RS;adiinc992j;p23p24;2013;208705.59;992;j
RS;adiinc992j;p23p24;2014;236771.59;992;j
RS;adiinc992j;p23p24;2015;211936.0;992;j
RS;adiinc992j;p23p24;2016;212420.91;992;j
RS;adiinc992j;p23p24;2017;212917.91;992;j
RS;adiinc992j;p41p42;1990;539568.19;992;j
RS;adiinc992j;p41p42;1991;469712.69;992;j
RS;adiinc992j;p41p42;1992;322357.59;992;j
RS;adiinc992j;p41p42;1993;209253.7;992;j
RS;adiinc992j;p41p42;1994;215836.91;992;j
RS;adiinc992j;p41p42;1995;228024.09;992;j
RS;adiinc992j;p41p42;1996;230626.09;992;j
RS;adiinc992j;p41p42;1997;245370.09;992;j
RS;adiinc992j;p41p42;1998;251337.2;992;j
RS;adiinc992j;p41p42;1999;273013.81;992;j
RS;adiinc992j;p41p42;2000;299203.41;992;j
RS;adiinc992j;p41p42;2001;297609.0;992;j
RS;adiinc992j;p41p42;2002;319189.91;992;j
RS;adiinc992j;p41p42;2003;333683.0;992;j
RS;adiinc992j;p41p42;2004;370777.41;992;j
RS;adiinc992j;p41p42;2005;404621.91;992;j
RS;adiinc992j;p41p42;2006;420658.81;992;j
RS;adiinc992j;p41p42;2007;433596.41;992;j
RS;adiinc992j;p41p42;2008;458520.91;992;j
RS;adiinc992j;p41p42;2009;444944.91;992;j
RS;adiinc992j;p41p42;2010;435671.5;992;j
RS;adiinc992j;p41p42;2011;429443.5;992;j
RS;adiinc992j;p41p42;2012;420552.09;992;j
RS;adiinc992j;p41p42;2013;426326.09;992;j
RS;adiinc992j;p41p42;2014;420663.09;992;j
RS;adiinc992j;p41p42;2015;416176.31;992;j
RS;adiinc992j;p41p42;2016;425533.41;992;j
RS;adiinc992j;p41p42;2017;427572.81;992;j
RS;aptfor992i;p0p100;2007;9677.5;992;i
RS;aptfor992i;p0p100;2008;9304.2002;992;i
RS;aptfor992i;p0p100;2009;6078.6001;992;i
RS;aptfor992i;p0p100;2010;5484.2002;992;i
RS;aptfor992i;p0p100;2011;5127.0;992;i
RS;aptfor992i;p0p100;2012;6485.2998;992;i
RS;aptfor992i;p0p100;2013;4130.7998;992;i
RS;aptfor992i;p0p100;2014;3581.5;992;i
RS;aptfor992i;p0p100;2015;3913.8;992;i
RS;aptfor992i;p0p100;2016;4253.7998;992;i
RS;aptfor992i;p0p100;2017;4807.8999;992;i
RS;aptfor992i;p0p100;2018;4073.3;992;i
RS;aptinc992j;p42p100;1990;1070250.8;992;j
RS;aptinc992j;p42p100;1991;929451.63;992;j
RS;aptinc992j;p42p100;1992;636568.13;992;j
RS;aptinc992j;p42p100;1993;412847.69;992;j
RS;aptinc992j;p42p100;1994;425225.5;992;j
RS;aptinc992j;p42p100;1995;448847.19;992;j
RS;aptinc992j;p42p100;1996;452408.41;992;j
RS;aptinc992j;p42p100;1997;479581.31;992;j
RS;aptinc992j;p42p100;1998;502651.41;992;j
RS;aptinc992j;p42p100;1999;550449.69;992;j
RS;aptinc992j;p42p100;2000;607010.0;992;j
RS;aptinc992j;p42p100;2001;606175.5;992;j
RS;aptinc992j;p42p100;2002;658443.5;992;j
RS;aptinc992j;p42p100;2003;694533.19;992;j
RS;aptinc992j;p42p100;2004;787618.31;992;j
RS;aptinc992j;p42p100;2005;884474.13;992;j
RS;aptinc992j;p42p100;2006;940715.13;992;j
RS;aptinc992j;p42p100;2007;973696.31;992;j
RS;aptinc992j;p42p100;2008;1044153.2;992;j
RS;aptinc992j;p42p100;2009;1030896.7;992;j
RS;aptinc992j;p42p100;2010;1040109.3;992;j
RS;aptinc992j;p42p100;2011;1052904.3;992;j
RS;aptinc992j;p42p100;2012;1054485.3;992;j
RS;aptinc992j;p42p100;2013;1081263.0;992;j
RS;aptinc992j;p42p100;2014;1064194.3;992;j
RS;aptinc992j;p42p100;2015;1066393.3;992;j
RS;aptinc992j;p42p100;2016;1099371.8;992;j
RS;aptinc992j;p42p100;2017;1106105.0;992;j
RS;bcainc992j;p59p100;1990;1.7288518;992;j
RS;bcainc992j;p59p100;1991;1.7219148;992;j
RS;bcainc992j;p59p100;1992;1.7170216;992;j
RS;bcainc992j;p59p100;1993;1.7159771;992;j
RS;bcainc992j;p59p100;1994;1.7166393;992;j
RS;bcainc992j;p59p100;1995;1.7164904;992;j
RS;bcainc992j;p59p100;1996;1.7104014;992;j
RS;bcainc992j;p59p100;1997;1.7055358;992;j
RS;bcainc992j;p59p100;1998;1.715243;992;j
RS;bcainc992j;p59p100;1999;1.733536;992;j
RS;bcainc992j;p59p100;2000;1.7636529;992;j
RS;bcainc992j;p59p100;2001;1.7852554;992;j
RS;bcainc992j;p59p100;2002;1.8084027;992;j
RS;bcainc992j;p59p100;2003;1.8168191;992;j
RS;bcainc992j;p59p100;2004;1.8488994;992;j
RS;bcainc992j;p59p100;2005;1.8880694;992;j
RS;bcainc992j;p59p100;2006;1.9173168;992;j
RS;bcainc992j;p59p100;2007;1.9072577;992;j
RS;bcainc992j;p59p100;2008;1.9180412;992;j
RS;bcainc992j;p59p100;2009;1.9571528;992;j
RS;bcainc992j;p59p100;2010;2.0085068;992;j
RS;bcainc992j;p59p100;2011;2.0489256;992;j
RS;bcainc992j;p59p100;2012;2.0847075;992;j
RS;bcainc992j;p59p100;2013;2.0807259;992;j
RS;bcainc992j;p59p100;2014;2.0764465;992;j
RS;bcainc992j;p59p100;2015;2.194397;992;j
RS;bcainc992j;p59p100;2016;2.1945193;992;j
RS;bcainc992j;p59p100;2017;2.1955299;992;j
RS;bcainc992j;p99.92p100;1990;2.1128159;992;j
RS;bcainc992j;p99.92p100;1991;2.0641189;992;j
RS;bcainc992j;p99.92p100;1992;1.9985968;992;j
RS;bcainc992j;p99.92p100;1993;1.9544611;992;j
RS;bcainc992j;p99.92p100;1994;1.9263475;992;j
RS;bcainc992j;p99.92p100;1995;1.9025024;992;j
RS;bcainc992j;p99.92p100;1996;1.8770235;992;j
RS;bcainc992j;p99.92p100;1997;1.8499558;992;j
RS;bcainc992j;p99.92p100;1998;1.8788695;992;j
RS;bcainc992j;p99.92p100;1999;1.9925331;992;j
RS;bcainc992j;p99.92p100;2000;1.9923416;992;j
RS;bcainc992j;p99.92p100;2001;2.086071;992;j
RS;bcainc992j;p99.92p100;2002;2.0107102;992;j
RS;bcainc992j;p99.92p100;2003;2.0156505;992;j
RS;bcainc992j;p99.92p100;2004;2.0194697;992;j
RS;bcainc992j;p99.92p100;2005;2.0618229;992;j
RS;bcainc992j;p99.92p100;2006;1.9702075;992;j
RS;bcainc992j;p99.92p100;2007;1.8799177;992;j
RS;bcainc992j;p99.92p100;2008;1.7908909;992;j
RS;bcainc992j;p99.92p100;2009;1.908823;992;j
RS;bcainc992j;p99.92p100;2010;1.8526551;992;j
RS;bcainc992j;p99.92p100;2011;1.8199768;992;j
RS;bcainc992j;p99.92p100;2012;2.1116667;992;j
RS;bcainc992j;p99.92p100;2013;1.9164629;992;j
RS;bcainc992j;p99.92p100;2014;2.4827955;992;j
RS;bcainc992j;p99.92p100;2015;3.0090024;992;j
RS;bcainc992j;p99.92p100;2016;3.0099783;992;j
RS;bcainc992j;p99.92p100;2017;3.0129371;992;j
RS;bdiinc992j;p73p100;1990;1.5647125;992;j
RS;bdiinc992j;p73p100;1991;1.5585926;992;j
RS;bdiinc992j;p73p100;1992;1.5549477;992;j
RS;bdiinc992j;p73p100;1993;1.552505;992;j
RS;bdiinc992j;p73p100;1994;1.5499904;992;j
RS;bdiinc992j;p73p100;1995;1.5483013;992;j
RS;bdiinc992j;p73p100;1996;1.5403564;992;j
RS;bdiinc992j;p73p100;1997;1.5321003;992;j
RS;bdiinc992j;p73p100;1998;1.5530035;992;j
RS;bdiinc992j;p73p100;1999;1.5911568;992;j
RS;bdiinc992j;p73p100;2000;1.6195188;992;j
RS;bdiinc992j;p73p100;2001;1.6397564;992;j
RS;bdiinc992j;p73p100;2002;1.6521125;992;j
RS;bdiinc992j;p73p100;2003;1.6567128;992;j
RS;bdiinc992j;p73p100;2004;1.6699337;992;j
RS;bdiinc992j;p73p100;2005;1.706229;992;j
RS;bdiinc992j;p73p100;2006;1.7299343;992;j
RS;bdiinc992j;p73p100;2007;1.7092212;992;j
RS;bdiinc992j;p73p100;2008;1.7165765;992;j
RS;bdiinc992j;p73p100;2009;1.7447222;992;j
RS;bdiinc992j;p73p100;2010;1.780331;992;j
RS;bdiinc992j;p73p100;2011;1.8214203;992;j
RS;bdiinc992j;p73p100;2012;1.836017;992;j
RS;bdiinc992j;p73p100;2013;1.785779;992;j
RS;bdiinc992j;p73p100;2014;1.8346825;992;j
RS;bdiinc992j;p73p100;2015;1.960129;992;j
RS;bdiinc992j;p73p100;2016;1.9716564;992;j
RS;bdiinc992j;p73p100;2017;1.9735417;992;j
RS;bptinc992j;p34p100;1990;2.3332639;992;j
RS;bptinc992j;p34p100;1991;2.3392878;992;j
RS;bptinc992j;p34p100;1992;2.3442793;992;j
RS;bptinc992j;p34p100;1993;2.3505776;992;j
RS;bptinc992j;p34p100;1994;2.3544424;992;j
RS;bptinc992j;p34p100;1995;2.3629105;992;j
RS;bptinc992j;p34p100;1996;2.3674784;992;j
RS;bptinc992j;p34p100;1997;2.3711777;992;j
RS;bptinc992j;p34p100;1998;2.4007223;992;j
RS;bptinc992j;p34p100;1999;2.40609;992;j
RS;bptinc992j;p34p100;2000;2.4400029;992;j
RS;bptinc992j;p34p100;2001;2.4595218;992;j
RS;bptinc992j;p34p100;2002;2.5070634;992;j
RS;bptinc992j;p34p100;2003;2.5501184;992;j
RS;bptinc992j;p34p100;2004;2.6258504;992;j
RS;bptinc992j;p34p100;2005;2.7183776;992;j
RS;bptinc992j;p34p100;2006;2.798718;992;j
RS;bptinc992j;p34p100;2007;2.7608023;992;j
RS;bptinc992j;p34p100;2008;2.8614626;992;j
RS;bptinc992j;p34p100;2009;2.9469047;992;j
RS;bptinc992j;p34p100;2010;3.0798068;992;j
RS;bptinc992j;p34p100;2011;3.2775068;992;j
RS;bptinc992j;p34p100;2012;3.2986815;992;j
RS;bptinc992j;p34p100;2013;3.2930651;992;j
RS;bptinc992j;p34p100;2014;3.460459;992;j
RS;bptinc992j;p34p100;2015;3.2472196;992;j
RS;bptinc992j;p34p100;2016;3.2476199;992;j
RS;bptinc992j;p34p100;2017;3.2527668;992;j
RS;mprifc999i;p0p100;1997;130496536576.0;999;i
RS;mprifc999i;p0p100;1998;133447131136.0;999;i
RS;mprifc999i;p0p100;1999;41151950848.0;999;i
RS;mprifc999i;p0p100;2000;26768881664.0;999;i
RS;mprifc999i;p0p100;2001;28208125952.0;999;i
RS;mprifc999i;p0p100;2002;56175493120.0;999;i
RS;mprifc999i;p0p100;2003;36759724032.0;999;i
RS;mprifc999i;p0p100;2004;23350888448.0;999;i
RS;mprifc999i;p0p100;2005;25667131392.0;999;i
RS;mprifc999i;p0p100;2006;23538489344.0;999;i
RS;mprifc999i;p0p100;2007;-5463555072.0;999;i
RS;mprifc999i;p0p100;2008;46623858688.0;999;i
RS;mprifc999i;p0p100;2009;63975374848.0;999;i
RS;mprifc999i;p0p100;2010;73147793408.0;999;i
RS;mprifc999i;p0p100;2011;79759638528.0;999;i
RS;npopul996m;p0p100;1950;1757520.0;996;m
RS;npopul996m;p0p100;1951;1798591.0;996;m
RS;npopul996m;p0p100;1952;1841901.0;996;m
RS;npopul996m;p0p100;1953;1882496.0;996;m
RS;npopul996m;p0p100;1954;1920944.0;996;m
RS;npopul996m;p0p100;1955;1958699.0;996;m
RS;npopul996m;p0p100;1956;1992874.0;996;m
RS;npopul996m;p0p100;1957;2025928.0;996;m
RS;npopul996m;p0p100;1958;2056350.0;996;m
RS;npopul996m;p0p100;1959;2081639.0;996;m
RS;npopul996m;p0p100;1960;2100743.0;996;m
RS;npopul996m;p0p100;1961;2116063.0;996;m
RS;npopul996m;p0p100;1962;2121951.0;996;m
RS;npopul996m;p0p100;1963;2124394.0;996;m
RS;npopul996m;p0p100;1964;2130994.0;996;m
RS;npopul996m;p0p100;1965;2145651.0;996;m
RS;npopul996m;p0p100;1966;2157405.0;996;m
RS;npopul996m;p0p100;1967;2178953.0;996;m
RS;npopul996m;p0p100;1968;2207697.0;996;m
RS;npopul996m;p0p100;1969;2239162.0;996;m
RS;npopul996m;p0p100;1970;2270972.0;996;m
RS;npopul996m;p0p100;1971;2302599.0;996;m
RS;npopul996m;p0p100;1972;2336183.0;996;m
RS;npopul996m;p0p100;1973;2370707.0;996;m
RS;npopul996m;p0p100;1974;2405495.0;996;m
RS;npopul996m;p0p100;1975;2439759.0;996;m
RS;npopul996m;p0p100;1976;2469441.0;996;m
RS;npopul996m;p0p100;1977;2497577.0;996;m
RS;npopul996m;p0p100;1978;2525166.0;996;m
RS;npopul996m;p0p100;1979;2554144.0;996;m
RS;npopul996m;p0p100;1980;2585609.0;996;m
RS;npopul996m;p0p100;1981;2615160.0;996;m
RS;npopul996m;p0p100;1982;2647485.0;996;m
RS;npopul996m;p0p100;1983;2680073.0;996;m
RS;npopul996m;p0p100;1984;2709276.0;996;m
RS;npopul996m;p0p100;1985;2733130.0;996;m
RS;npopul996m;p0p100;1986;2748536.0;996;m
RS;npopul996m;p0p100;1987;2758546.0;996;m
RS;npopul996m;p0p100;1988;2766712.0;996;m
RS;npopul996m;p0p100;1989;2777813.0;996;m
RS;npopul996m;p0p100;1990;2794376.0;996;m
RS;npopul996m;p0p100;1991;2811181.0;996;m
RS;npopul996m;p0p100;1992;2834868.0;996;m
RS;npopul996m;p0p100;1993;2859964.0;996;m
RS;npopul996m;p0p100;1994;2878784.0;996;m
RS;npopul996m;p0p100;1995;2886383.0;996;m
RS;npopul996m;p0p100;1996;2882511.0;996;m
RS;npopul996m;p0p100;1997;2863954.0;996;m
RS;npopul996m;p0p100;1998;2835728.0;996;m
RS;npopul996m;p0p100;1999;2207907.0;996;m
RS;npopul996m;p0p100;2000;2200946.0;996;m
RS;npopul996m;p0p100;2001;2196569.0;996;m
RS;npopul996m;p0p100;2002;2196194.0;996;m
RS;npopul996m;p0p100;2003;2193383.0;996;m
RS;npopul996m;p0p100;2004;2194900.0;996;m
RS;npopul996m;p0p100;2005;2199301.0;996;m
RS;npopul996m;p0p100;2006;2201524.0;996;m
RS;npopul996m;p0p100;2007;2207787.0;996;m
RS;npopul996m;p0p100;2008;2214899.0;996;m
RS;npopul996m;p0p100;2009;2219926.0;996;m
RS;npopul996m;p0p100;2010;2220132.0;996;m
RS;npopul996m;p0p100;2011;2207574.0;996;m
RS;npopul996m;p0p100;2012;2197388.0;996;m
RS;npopul996m;p0p100;2013;2183978.0;996;m
RS;npopul996m;p0p100;2014;2168101.0;996;m
RS;npopul996m;p0p100;2015;2149709.0;996;m
RS;npopul996m;p0p100;2016;2131247.0;996;m
RS;npopul996m;p0p100;2017;2116874.0;996;m
RS;npopul996m;p0p100;2018;2101661.0;996;m
RS;npopul996m;p0p100;2019;2088295.0;996;m
RS;scainc992j;p99.95p100;1990;0.018300001;992;j
RS;scainc992j;p99.95p100;1991;0.0174;992;j
RS;scainc992j;p99.95p100;1992;0.0164;992;j
RS;scainc992j;p99.95p100;1993;0.015799999;992;j
RS;scainc992j;p99.95p100;1994;0.0153;992;j
RS;scainc992j;p99.95p100;1995;0.015;992;j
RS;scainc992j;p99.95p100;1996;0.0145;992;j
RS;scainc992j;p99.95p100;1997;0.0139;992;j
RS;scainc992j;p99.95p100;1998;0.0147;992;j
RS;scainc992j;p99.95p100;1999;0.017200001;992;j
RS;scainc992j;p99.95p100;2000;0.0184;992;j
RS;scainc992j;p99.95p100;2001;0.0207;992;j
RS;scainc992j;p99.95p100;2002;0.02;992;j
RS;scainc992j;p99.95p100;2003;0.0199;992;j
RS;scainc992j;p99.95p100;2004;0.020199999;992;j
RS;scainc992j;p99.95p100;2005;0.021600001;992;j
RS;scainc992j;p99.95p100;2006;0.020500001;992;j
RS;scainc992j;p99.95p100;2007;0.018300001;992;j
RS;scainc992j;p99.95p100;2008;0.016799999;992;j
RS;scainc992j;p99.95p100;2009;0.0197;992;j
RS;scainc992j;p99.95p100;2010;0.019200001;992;j
RS;scainc992j;p99.95p100;2011;0.018999999;992;j
RS;scainc992j;p99.95p100;2012;0.026799999;992;j
RS;scainc992j;p99.95p100;2013;0.021400001;992;j
RS;scainc992j;p99.95p100;2014;0.035700001;992;j
RS;scainc992j;p99.95p100;2015;0.054400001;992;j
RS;scainc992j;p99.95p100;2016;0.054400001;992;j
RS;scainc992j;p99.95p100;2017;0.054499999;992;j
RS;sdiinc992j;p23p24;1990;0.0046999999;992;j
RS;sdiinc992j;p23p24;1991;0.0048000002;992;j
RS;sdiinc992j;p23p24;1992;0.0049000001;992;j
RS;sdiinc992j;p23p24;1993;0.0049000001;992;j
RS;sdiinc992j;p23p24;1994;0.0049999999;992;j
RS;sdiinc992j;p23p24;1995;0.0051000002;992;j
RS;sdiinc992j;p23p24;1996;0.0051000002;992;j
RS;sdiinc992j;p23p24;1997;0.0052;992;j
RS;sdiinc992j;p23p24;1998;0.0052999998;992;j
RS;sdiinc992j;p23p24;1999;0.0052;992;j
RS;sdiinc992j;p23p24;2000;0.0052999998;992;j
RS;sdiinc992j;p23p24;2001;0.0052999998;992;j
RS;sdiinc992j;p23p24;2002;0.0051000002;992;j
RS;sdiinc992j;p23p24;2003;0.0049999999;992;j
RS;sdiinc992j;p23p24;2004;0.0046999999;992;j
RS;sdiinc992j;p23p24;2005;0.0046000001;992;j
RS;sdiinc992j;p23p24;2006;0.0044;992;j
RS;sdiinc992j;p23p24;2007;0.0044;992;j
RS;sdiinc992j;p23p24;2008;0.0043000001;992;j
RS;sdiinc992j;p23p24;2009;0.0040000002;992;j
RS;sdiinc992j;p23p24;2010;0.0037;992;j
RS;sdiinc992j;p23p24;2011;0.0034;992;j
RS;sdiinc992j;p23p24;2012;0.0035000001;992;j
RS;sdiinc992j;p23p24;2013;0.003;992;j
RS;sdiinc992j;p23p24;2014;0.0035000001;992;j
RS;sdiinc992j;p23p24;2015;0.0031000001;992;j
RS;sdiinc992j;p23p24;2016;0.003;992;j
RS;sdiinc992j;p23p24;2017;0.003;992;j
RS;sdiinc992j;p99.2p100;1990;0.066100001;992;j
RS;sdiinc992j;p99.2p100;1991;0.064800002;992;j
RS;sdiinc992j;p99.2p100;1992;0.0634;992;j
RS;sdiinc992j;p99.2p100;1993;0.062700003;992;j
RS;sdiinc992j;p99.2p100;1994;0.062199999;992;j
RS;sdiinc992j;p99.2p100;1995;0.061799999;992;j
RS;sdiinc992j;p99.2p100;1996;0.060800001;992;j
RS;sdiinc992j;p99.2p100;1997;0.059700001;992;j
RS;sdiinc992j;p99.2p100;1998;0.062199999;992;j
RS;sdiinc992j;p99.2p100;1999;0.0678;992;j
RS;sdiinc992j;p99.2p100;2000;0.071400002;992;j
RS;sdiinc992j;p99.2p100;2001;0.075599998;992;j
RS;sdiinc992j;p99.2p100;2002;0.0757;992;j
RS;sdiinc992j;p99.2p100;2003;0.075000003;992;j
RS;sdiinc992j;p99.2p100;2004;0.076099999;992;j
RS;sdiinc992j;p99.2p100;2005;0.0792;992;j
RS;sdiinc992j;p99.2p100;2006;0.079499997;992;j
RS;sdiinc992j;p99.2p100;2007;0.075499997;992;j
RS;sdiinc992j;p99.2p100;2008;0.073700003;992;j
RS;sdiinc992j;p99.2p100;2009;0.079300001;992;j
RS;sdiinc992j;p99.2p100;2010;0.080200002;992;j
RS;sdiinc992j;p99.2p100;2011;0.081799999;992;j
RS;sdiinc992j;p99.2p100;2012;0.093800001;992;j
RS;sdiinc992j;p99.2p100;2013;0.0854;992;j
RS;sdiinc992j;p99.2p100;2014;0.1037;992;j
RS;sdiinc992j;p99.2p100;2015;0.12989999;992;j
RS;sdiinc992j;p99.2p100;2016;0.13150001;992;j
RS;sdiinc992j;p99.2p100;2017;0.1318;992;j
RS;sptinc992j;p58p100;1990;0.71439999;992;j
RS;sptinc992j;p58p100;1991;0.71530002;992;j
RS;sptinc992j;p58p100;1992;0.71619999;992;j
RS;sptinc992j;p58p100;1993;0.71700001;992;j
RS;sptinc992j;p58p100;1994;0.71789998;992;j
RS;sptinc992j;p58p100;1995;0.71890002;992;j
RS;sptinc992j;p58p100;1996;0.71939999;992;j
RS;sptinc992j;p58p100;1997;0.72000003;992;j
RS;sptinc992j;p58p100;1998;0.7191;992;j
RS;sptinc992j;p58p100;1999;0.71960002;992;j
RS;sptinc992j;p58p100;2000;0.72359997;992;j
RS;sptinc992j;p58p100;2001;0.7245;992;j
RS;sptinc992j;p58p100;2002;0.73329997;992;j
RS;sptinc992j;p58p100;2003;0.73729998;992;j
RS;sptinc992j;p58p100;2004;0.74550003;992;j
RS;sptinc992j;p58p100;2005;0.75319999;992;j
RS;sptinc992j;p58p100;2006;0.76010001;992;j
RS;sptinc992j;p58p100;2007;0.76190001;992;j
RS;sptinc992j;p58p100;2008;0.76880002;992;j
RS;sptinc992j;p58p100;2009;0.77350003;992;j
RS;sptinc992j;p58p100;2010;0.7816;992;j
RS;sptinc992j;p58p100;2011;0.7913;992;j
RS;sptinc992j;p58p100;2012;0.7938;992;j
RS;sptinc992j;p58p100;2013;0.7931;992;j
RS;sptinc992j;p58p100;2014;0.80040002;992;j
RS;sptinc992j;p58p100;2015;0.79320002;992;j
RS;sptinc992j;p58p100;2016;0.79320002;992;j
RS;sptinc992j;p58p100;2017;0.79350001;992;j
RS;sptinc992j;p6p100;1990;0.99400002;992;j
RS;sptinc992j;p6p100;1991;0.99400002;992;j
RS;sptinc992j;p6p100;1992;0.99400002;992;j
RS;sptinc992j;p6p100;1993;0.9939;992;j
RS;sptinc992j;p6p100;1994;0.99400002;992;j
RS;sptinc992j;p6p100;1995;0.99400002;992;j
RS;sptinc992j;p6p100;1996;0.99400002;992;j
RS;sptinc992j;p6p100;1997;0.99400002;992;j
RS;sptinc992j;p6p100;1998;0.99349999;992;j
RS;sptinc992j;p6p100;1999;0.99330002;992;j
RS;sptinc992j;p6p100;2000;0.99339998;992;j
RS;sptinc992j;p6p100;2001;0.99330002;992;j
RS;sptinc992j;p6p100;2002;0.99470001;992;j
RS;sptinc992j;p6p100;2003;0.99479997;992;j
RS;sptinc992j;p6p100;2004;0.99519998;992;j
RS;sptinc992j;p6p100;2005;0.99559999;992;j
RS;sptinc992j;p6p100;2006;0.99610001;992;j
RS;sptinc992j;p6p100;2007;0.9964;992;j
RS;sptinc992j;p6p100;2008;0.99699998;992;j
RS;sptinc992j;p6p100;2009;0.99739999;992;j
RS;sptinc992j;p6p100;2010;0.99739999;992;j
RS;sptinc992j;p6p100;2011;0.99779999;992;j
RS;sptinc992j;p6p100;2012;0.99790001;992;j
RS;sptinc992j;p6p100;2013;0.99830002;992;j
RS;sptinc992j;p6p100;2014;0.99830002;992;j
RS;sptinc992j;p6p100;2015;0.99830002;992;j
RS;sptinc992j;p6p100;2016;0.99830002;992;j
RS;sptinc992j;p6p100;2017;0.99830002;992;j
RS;tcainc992j;p20p100;1990;192347.2;992;j
RS;tcainc992j;p20p100;1991;169970.3;992;j
RS;tcainc992j;p20p100;1992;119001.5;992;j
RS;tcainc992j;p20p100;1993;78627.297;992;j
RS;tcainc992j;p20p100;1994;82453.5;992;j
RS;tcainc992j;p20p100;1995;88439.797;992;j
RS;tcainc992j;p20p100;1996;90874.898;992;j
RS;tcainc992j;p20p100;1997;97446.602;992;j
RS;tcainc992j;p20p100;1998;113537.4;992;j
RS;tcainc992j;p20p100;1999;127956.8;992;j
RS;tcainc992j;p20p100;2000;138402.91;992;j
RS;tcainc992j;p20p100;2001;135227.41;992;j
RS;tcainc992j;p20p100;2002;130547.9;992;j
RS;tcainc992j;p20p100;2003;133802.41;992;j
RS;tcainc992j;p20p100;2004;147033.5;992;j
RS;tcainc992j;p20p100;2005;164613.7;992;j
RS;tcainc992j;p20p100;2006;159024.5;992;j
RS;tcainc992j;p20p100;2007;156672.5;992;j
RS;tcainc992j;p20p100;2008;159714.8;992;j
RS;tcainc992j;p20p100;2009;141812.5;992;j
RS;tcainc992j;p20p100;2010;126292.9;992;j
RS;tcainc992j;p20p100;2011;111914.8;992;j
RS;tcainc992j;p20p100;2012;114552.5;992;j
RS;tcainc992j;p20p100;2013;91217.797;992;j
RS;tcainc992j;p20p100;2014;125079.7;992;j
RS;tcainc992j;p20p100;2015;101980.2;992;j
RS;tcainc992j;p20p100;2016;105994.3;992;j
RS;tcainc992j;p20p100;2017;105775.5;992;j
RS;tcainc992j;p58p100;1990;498871.31;992;j
RS;tcainc992j;p58p100;1991;433427.41;992;j
RS;tcainc992j;p58p100;1992;296186.5;992;j
RS;tcainc992j;p58p100;1993;191618.3;992;j
RS;tcainc992j;p58p100;1994;197068.59;992;j
RS;tcainc992j;p58p100;1995;207594.0;992;j
RS;tcainc992j;p58p100;1996;209222.8;992;j
RS;tcainc992j;p58p100;1997;220980.91;992;j
RS;tcainc992j;p58p100;1998;240146.91;992;j
RS;tcainc992j;p58p100;1999;271670.0;992;j
RS;tcainc992j;p58p100;2000;291778.41;992;j
RS;tcainc992j;p58p100;2001;280595.59;992;j
RS;tcainc992j;p58p100;2002;294863.59;992;j
RS;tcainc992j;p58p100;2003;310756.31;992;j
RS;tcainc992j;p58p100;2004;370223.0;992;j
RS;tcainc992j;p58p100;2005;416004.69;992;j
RS;tcainc992j;p58p100;2006;437790.31;992;j
RS;tcainc992j;p58p100;2007;441699.69;992;j
RS;tcainc992j;p58p100;2008;473645.81;992;j
RS;tcainc992j;p58p100;2009;462570.0;992;j
RS;tcainc992j;p58p100;2010;458434.31;992;j
RS;tcainc992j;p58p100;2011;460180.81;992;j
RS;tcainc992j;p58p100;2012;453988.19;992;j
RS;tcainc992j;p58p100;2013;466228.19;992;j
RS;tcainc992j;p58p100;2014;446377.81;992;j
RS;tcainc992j;p58p100;2015;438293.19;992;j
RS;tcainc992j;p58p100;2016;454641.31;992;j
RS;tcainc992j;p58p100;2017;454813.69;992;j
RS;tdiinc992j;p92p100;1990;1337826.3;992;j
RS;tdiinc992j;p92p100;1991;1160755.1;992;j
RS;tdiinc992j;p92p100;1992;794281.69;992;j
RS;tdiinc992j;p92p100;1993;513705.31;992;j
RS;tdiinc992j;p92p100;1994;527838.81;992;j
RS;tdiinc992j;p92p100;1995;555679.38;992;j
RS;tdiinc992j;p92p100;1996;559003.63;992;j
RS;tdiinc992j;p92p100;1997;590897.19;992;j
RS;tdiinc992j;p92p100;1998;626336.63;992;j
RS;tdiinc992j;p92p100;1999;685421.38;992;j
RS;tdiinc992j;p92p100;2000;749175.88;992;j
RS;tdiinc992j;p92p100;2001;745809.19;992;j
RS;tdiinc992j;p92p100;2002;811640.19;992;j
RS;tdiinc992j;p92p100;2003;865604.88;992;j
RS;tdiinc992j;p92p100;2004;999612.63;992;j
RS;tdiinc992j;p92p100;2005;1130900.5;992;j
RS;tdiinc992j;p92p100;2006;1212316.9;992;j
RS;tdiinc992j;p92p100;2007;1261034.5;992;j
RS;tdiinc992j;p92p100;2008;1354846.0;992;j
RS;tdiinc992j;p92p100;2009;1332796.3;992;j
RS;tdiinc992j;p92p100;2010;1372423.5;992;j
RS;tdiinc992j;p92p100;2011;1409560.3;992;j
RS;tdiinc992j;p92p100;2012;1361139.4;992;j
RS;tdiinc992j;p92p100;2013;1416918.8;992;j
RS;tdiinc992j;p92p100;2014;1308842.4;992;j
RS;tdiinc992j;p92p100;2015;1293466.3;992;j
RS;tdiinc992j;p92p100;2016;1341528.5;992;j
RS;tdiinc992j;p92p100;2017;1350586.3;992;j
RS;tptinc992j;p57p100;1990;670395.0;992;j
RS;tptinc992j;p57p100;1991;579671.63;992;j
RS;tptinc992j;p57p100;1992;395412.19;992;j
RS;tptinc992j;p57p100;1993;255744.09;992;j
RS;tptinc992j;p57p100;1994;262640.31;992;j
RS;tptinc992j;p57p100;1995;276305.81;992;j
RS;tptinc992j;p57p100;1996;278068.91;992;j
RS;tptinc992j;p57p100;1997;294172.31;992;j
RS;tptinc992j;p57p100;1998;306927.41;992;j
RS;tptinc992j;p57p100;1999;334127.69;992;j
RS;tptinc992j;p57p100;2000;363349.81;992;j
RS;tptinc992j;p57p100;2001;358830.69;992;j
RS;tptinc992j;p57p100;2002;384785.0;992;j
RS;tptinc992j;p57p100;2003;404212.09;992;j
RS;tptinc992j;p57p100;2004;447704.81;992;j
RS;tptinc992j;p57p100;2005;495522.81;992;j
RS;tptinc992j;p57p100;2006;524582.69;992;j
RS;tptinc992j;p57p100;2007;543491.81;992;j
RS;tptinc992j;p57p100;2008;579465.31;992;j
RS;tptinc992j;p57p100;2009;569193.5;992;j
RS;tptinc992j;p57p100;2010;560009.63;992;j
RS;tptinc992j;p57p100;2011;555632.0;992;j
RS;tptinc992j;p57p100;2012;558746.31;992;j
RS;tptinc992j;p57p100;2013;579276.69;992;j
RS;tptinc992j;p57p100;2014;552465.88;992;j
RS;tptinc992j;p57p100;2015;568947.63;992;j
RS;tptinc992j;p57p100;2016;586656.63;992;j
RS;tptinc992j;p57p100;2017;589882.88;992;j
RS;tptinc992j;p76p100;1990;970494.63;992;j
RS;tptinc992j;p76p100;1991;840745.38;992;j
RS;tptinc992j;p76p100;1992;573407.19;992;j
RS;tptinc992j;p76p100;1993;370698.5;992;j
RS;tptinc992j;p76p100;1994;380728.91;992;j
RS;tptinc992j;p76p100;1995;400573.91;992;j
RS;tptinc992j;p76p100;1996;402978.81;992;j
RS;tptinc992j;p76p100;1997;426558.0;992;j
RS;tptinc992j;p76p100;1998;445830.09;992;j
RS;tptinc992j;p76p100;1999;482846.69;992;j
RS;tptinc992j;p76p100;2000;524397.81;992;j
RS;tptinc992j;p76p100;2001;519394.09;992;j
RS;tptinc992j;p76p100;2002;564174.81;992;j
RS;tptinc992j;p76p100;2003;591316.19;992;j
RS;tptinc992j;p76p100;2004;666440.38;992;j
RS;tptinc992j;p76p100;2005;742719.38;992;j
RS;tptinc992j;p76p100;2006;790988.19;992;j
RS;tptinc992j;p76p100;2007;831115.0;992;j
RS;tptinc992j;p76p100;2008;890888.63;992;j
RS;tptinc992j;p76p100;2009;875339.0;992;j
RS;tptinc992j;p76p100;2010;869036.0;992;j
RS;tptinc992j;p76p100;2011;872766.88;992;j
RS;tptinc992j;p76p100;2012;888095.81;992;j
RS;tptinc992j;p76p100;2013;916491.31;992;j
RS;tptinc992j;p76p100;2014;877887.88;992;j
RS;tptinc992j;p76p100;2015;872264.63;992;j
RS;tptinc992j;p76p100;2016;898699.38;992;j
RS;tptinc992j;p76p100;2017;903664.19;992;j
RS;tptinc992j;p99.999p100;1990;103761800.0;992;j
RS;tptinc992j;p99.999p100;1991;94001288.0;992;j
RS;tptinc992j;p99.999p100;1992;65990344.0;992;j
RS;tptinc992j;p99.999p100;1993;44569564.0;992;j
RS;tptinc992j;p99.999p100;1994;46812360.0;992;j
RS;tptinc992j;p99.999p100;1995;51345172.0;992;j
RS;tptinc992j;p99.999p100;1996;53316572.0;992;j
RS;tptinc992j;p99.999p100;1997;58353116.0;992;j
RS;tptinc992j;p99.999p100;1998;59934776.0;992;j
RS;tptinc992j;p99.999p100;1999;72431480.0;992;j
RS;tptinc992j;p99.999p100;2000;86012440.0;992;j
RS;tptinc992j;p99.999p100;2001;94570944.0;992;j
RS;tptinc992j;p99.999p100;2002;97417848.0;992;j
RS;tptinc992j;p99.999p100;2003;98780360.0;992;j
RS;tptinc992j;p99.999p100;2004;114502776.0;992;j
RS;tptinc992j;p99.999p100;2005;120707552.0;992;j
RS;tptinc992j;p99.999p100;2006;129067144.0;992;j
RS;tptinc992j;p99.999p100;2007;120350240.0;992;j
RS;tptinc992j;p99.999p100;2008;132199144.0;992;j
RS;tptinc992j;p99.999p100;2009;126938208.0;992;j
RS;tptinc992j;p99.999p100;2010;120675624.0;992;j
RS;tptinc992j;p99.999p100;2011;129589848.0;992;j
RS;tptinc992j;p99.999p100;2012;92382296.0;992;j
RS;tptinc992j;p99.999p100;2013;107655096.0;992;j
RS;tptinc992j;p99.999p100;2014;190411392.0;992;j
RS;tptinc992j;p99.999p100;2015;186139264.0;992;j
RS;tptinc992j;p99.999p100;2016;192088192.0;992;j
RS;tptinc992j;p99.999p100;2017;193357664.0;992;j
